0.000000e+00 0.000000e+00 0.000000e+00 0.000000e+00 0.000000e+00 0.000000e+00 0.000000e+00 0.000000e+00 0.000000e+00 0.000000e+00 0.000000e+00 0.000000e+00 0.000000e+00 0.000000e+00 0.000000e+00 0.000000e+00 0.000000e+00 0.000000e+00 0.000000e+00 0.000000e+00 0.000000e+00 0.000000e+00 0.000000e+00 0.000000e+00 0.000000e+00 0.000000e+00 0.000000e+00 0.000000e+00 0.000000e+00 0.000000e+00 0.000000e+00 0.000000e+00 0.000000e+00 0.000000e+00 0.000000e+00 0.000000e+00 0.000000e+00 0.000000e+00 0.000000e+00 0.000000e+00 0.000000e+00 0.000000e+00 0.000000e+00 0.000000e+00 0.000000e+00 0.000000e+00 0.000000e+00 0.000000e+00 0.000000e+00 0.000000e+00 0.000000e+00 0.000000e+00 0.000000e+00 0.000000e+00 0.000000e+00 0.000000e+00 0.000000e+00 0.000000e+00 0.000000e+00 0.000000e+00 0.000000e+00 0.000000e+00 0.000000e+00 0.000000e+00 0.000000e+00 0.000000e+00 0.000000e+00 0.000000e+00 0.000000e+00 0.000000e+00 0.000000e+00 0.000000e+00 0.000000e+00 0.000000e+00 0.000000e+00 0.000000e+00 0.000000e+00 0.000000e+00 0.000000e+00 0.000000e+00 0.000000e+00 0.000000e+00 0.000000e+00 0.000000e+00 0.000000e+00 0.000000e+00 0.000000e+00 0.000000e+00 0.000000e+00 0.000000e+00 0.000000e+00 0.000000e+00 0.000000e+00 0.000000e+00 0.000000e+00 0.000000e+00 0.000000e+00 0.000000e+00 0.000000e+00 0.000000e+00 0.000000e+00 0.000000e+00 0.000000e+00 0.000000e+00 0.000000e+00 0.000000e+00 0.000000e+00 0.000000e+00 0.000000e+00 0.000000e+00 0.000000e+00 0.000000e+00 0.000000e+00 0.000000e+00 0.000000e+00 0.000000e+00
-9.616974e-97 -1.709098e-91 -1.144514e-86 -2.468668e-82 -1.378070e-78 -1.446835e-75 -1.700610e-73 2.626292e-72 3.427514e-70 1.457129e-68 4.676271e-67 1.276966e-65 3.092784e-64 6.768631e-63 1.350889e-61 2.469082e-60 4.136584e-59 6.339654e-58 8.839362e-57 1.109049e-55 1.225199e-54 1.134619e-53 7.569682e-53 6.709809e-53 -8.766905e-51 -1.930870e-49 -2.899108e-48 -3.590380e-47 -3.879828e-46 -3.746061e-45 -3.269390e-44 -2.594543e-43 -1.877406e-42 -1.239559e-41 -7.461214e-41 -4.084747e-40 -2.025741e-39 -9.042981e-39 -3.597265e-38 -1.253481e-37 -3.700901e-37 -8.534691e-37 -1.096406e-36 2.309828e-36 2.306640e-35 1.030499e-34 3.461418e-34 9.646246e-34 2.311678e-33 4.842892e-33 8.941567e-33 1.459852e-32 2.106437e-32 2.671801e-32 2.938906e-32 2.715809e-32 1.932446e-32 7.012334e-33 -7.012334e-33 -1.932446e-32 -2.715809e-32 -2.938906e-32 -2.671801e-32 -2.106437e-32 -1.459852e-32 -8.941567e-33 -4.842892e-33 -2.311678e-33 -9.646246e-34 -3.461418e-34 -1.030499e-34 -2.306640e-35 -2.309828e-36 1.096406e-36 8.534691e-37 3.700901e-37 1.253481e-37 3.597265e-38 9.042981e-39 2.025741e-39 4.084747e-40 7.461214e-41 1.239559e-41 1.877406e-42 2.594543e-43 3.269390e-44 3.746061e-45 3.879828e-46 3.590380e-47 2.899108e-48 1.930870e-49 8.766905e-51 -6.709809e-53 -7.569682e-53 -1.134619e-53 -1.225199e-54 -1.109049e-55 -8.839362e-57 -6.339654e-58 -4.136584e-59 -2.469082e-60 -1.350889e-61 -6.768631e-63 -3.092784e-64 -1.276966e-65 -4.676271e-67 -1.457129e-68 -3.427514e-70 -2.626292e-72 1.700610e-73 1.446835e-75 1.378070e-78 2.468668e-82 1.144514e-86 1.709098e-91 9.616974e-97
-1.119129e-91 -1.836876e-86 -1.120846e-81 -2.143375e-77 -9.921293e-74 -6.723409e-71 5.691479e-69 1.374952e-66 5.953476e-65 1.929314e-63 5.341746e-62 1.314274e-60 2.925185e-59 5.941601e-58 1.105760e-56 1.886818e-55 2.945316e-54 4.181359e-53 5.336040e-52 5.979650e-51 5.574843e-50 3.628401e-49 -9.947285e-50 -5.408087e-47 -1.159172e-45 -1.756482e-44 -2.216119e-43 -2.449917e-42 -2.425844e-41 -2.174936e-40 -1.775453e-39 -1.322964e-38 -9.003000e-38 -5.589309e-37 -3.157304e-36 -1.615524e-35 -7.434367e-35 -3.041205e-34 -1.083312e-33 -3.220042e-33 -7.102873e-33 -5.616751e-33 4.736585e-32 3.417603e-31 1.489456e-30 5.118133e-30 1.485698e-29 3.746256e-29 8.319030e-29 1.638952e-28 2.875709e-28 4.498988e-28 6.265031e-28 7.718948e-28 8.297885e-28 7.538105e-28 5.303343e-28 1.913602e-28 -1.913602e-28 -5.303343e-28 -7.538105e-28 -8.297885e-28 -7.718948e-28 -6.265031e-28 -4.498988e-28 -2.875709e-28 -1.638952e-28 -8.319030e-29 -3.746256e-29 -1.485698e-29 -5.118133e-30 -1.489456e-30 -3.417603e-31 -4.736585e-32 5.616751e-33 7.102873e-33 3.220042e-33 1.083312e-33 3.041205e-34 7.434367e-35 1.615524e-35 3.157304e-36 5.589309e-37 9.003000e-38 1.322964e-38 1.775453e-39 2.174936e-40 2.425844e-41 2.449917e-42 2.216119e-43 1.756482e-44 1.159172e-45 5.408087e-47 9.947285e-50 -3.628401e-49 -5.574843e-50 -5.979650e-51 -5.336040e-52 -4.181359e-53 -2.945316e-54 -1.886818e-55 -1.105760e-56 -5.941601e-58 -2.925185e-59 -1.314274e-60 -5.341746e-62 -1.929314e-63 -5.953476e-65 -1.374952e-66 -5.691479e-69 6.723409e-71 9.921293e-74 2.143375e-77 1.120846e-81 1.836876e-86 1.119129e-91
-4.591846e-87 -6.867427e-82 -3.715369e-77 -5.893901e-73 -1.766160e-69 8.388933e-67 1.082520e-63 8.927039e-62 2.976412e-60 8.350947e-59 2.085969e-57 4.718616e-56 9.747756e-55 1.845844e-53 3.205496e-52 5.092289e-51 7.353924e-50 9.534536e-49 1.082140e-47 1.012806e-46 6.361808e-46 -1.157297e-45 -1.226450e-43 -2.571433e-42 -3.931937e-41 -5.049607e-40 -5.704601e-39 -5.785644e-38 -5.321651e-37 -4.462231e-36 -3.418679e-35 -2.393861e-34 -1.530043e-33 -8.899941e-33 -4.687833e-32 -2.217901e-31 -9.298464e-31 -3.369061e-30 -9.981221e-30 -2.027543e-29 1.485372e-30 2.745903e-28 1.723877e-27 7.472602e-27 2.634896e-26 7.953893e-26 2.102030e-25 4.920401e-25 1.027022e-24 1.919174e-24 3.217484e-24 4.840575e-24 6.520732e-24 7.816192e-24 8.220289e-24 7.346090e-24 5.112079e-24 1.834541e-24 -1.834541e-24 -5.112079e-24 -7.346090e-24 -8.220289e-24 -7.816192e-24 -6.520732e-24 -4.840575e-24 -3.217484e-24 -1.919174e-24 -1.027022e-24 -4.920401e-25 -2.102030e-25 -7.953893e-26 -2.634896e-26 -7.472602e-27 -1.723877e-27 -2.745903e-28 -1.485372e-30 2.027543e-29 9.981221e-30 3.369061e-30 9.298464e-31 2.217901e-31 4.687833e-32 8.899941e-33 1.530043e-33 2.393861e-34 3.418679e-35 4.462231e-36 5.321651e-37 5.785644e-38 5.704601e-39 5.049607e-40 3.931937e-41 2.571433e-42 1.226450e-43 1.157297e-45 -6.361808e-46 -1.012806e-46 -1.082140e-47 -9.534536e-49 -7.353924e-50 -5.092289e-51 -3.205496e-52 -1.845844e-53 -9.747756e-55 -4.718616e-56 -2.085969e-57 -8.350947e-59 -2.976412e-60 -8.927039e-62 -1.082520e-63 -8.388933e-67 1.766160e-69 5.893901e-73 3.715369e-77 6.867427e-82 4.591846e-87
-5.555468e-83 -7.365735e-78 -3.305550e-73 -3.397655e-69 6.984036e-66 5.242667e-62 2.261432e-59 1.430586e-57 4.139135e-56 1.049065e-54 2.410332e-53 5.060817e-52 9.744052e-51 1.720853e-49 2.779823e-48 4.079736e-47 5.367680e-46 6.160039e-45 5.769260e-44 3.447655e-43 -1.354454e-42 -8.687690e-41 -1.789067e-39 -2.760103e-38 -3.605102e-37 -4.157538e-36 -4.313838e-35 -4.065478e-34 -3.496704e-33 -2.750325e-32 -1.978440e-31 -1.299548e-30 -7.768652e-30 -4.202829e-29 -2.038823e-28 -8.729136e-28 -3.198957e-27 -9.324378e-27 -1.630167e-26 2.846737e-26 4.373561e-25 2.559324e-24 1.114681e-23 4.037033e-23 1.264568e-22 3.489397e-22 8.566911e-22 1.882782e-21 3.718778e-21 6.618454e-21 1.062870e-20 1.540076e-20 2.008769e-20 2.343771e-20 2.412139e-20 2.120774e-20 1.459840e-20 5.210338e-21 -5.210338e-21 -1.459840e-20 -2.120774e-20 -2.412139e-20 -2.343771e-20 -2.008769e-20 -1.540076e-20 -1.062870e-20 -6.618454e-21 -3.718778e-21 -1.882782e-21 -8.566911e-22 -3.489397e-22 -1.264568e-22 -4.037033e-23 -1.114681e-23 -2.559324e-24 -4.373561e-25 -2.846737e-26 1.630167e-26 9.324378e-27 3.198957e-27 8.729136e-28 2.038823e-28 4.202829e-29 7.768652e-30 1.299548e-30 1.978440e-31 2.750325e-32 3.496704e-33 4.065478e-34 4.313838e-35 4.157538e-36 3.605102e-37 2.760103e-38 1.789067e-39 8.687690e-41 1.354454e-42 -3.447655e-43 -5.769260e-44 -6.160039e-45 -5.367680e-46 -4.079736e-47 -2.779823e-48 -1.720853e-49 -9.744052e-51 -5.060817e-52 -2.410332e-53 -1.049065e-54 -4.139135e-56 -1.430586e-57 -2.261432e-59 -5.242667e-62 -6.984036e-66 3.397655e-69 3.305550e-73 7.365735e-78 5.555468e-83
-1.546039e-79 -1.699430e-74 -4.934501e-70 3.490199e-66 1.148896e-61 2.849071e-58 9.382843e-56 5.131210e-54 1.341812e-52 3.129568e-51 6.674316e-50 1.305752e-48 2.343426e-47 3.846168e-46 5.731199e-45 7.643037e-44 8.853773e-43 8.267733e-42 4.609247e-41 -3.183770e-40 -1.544566e-38 -3.134797e-37 -4.878813e-36 -6.476091e-35 -7.616443e-34 -8.075995e-33 -7.788763e-32 -6.862558e-31 -5.533659e-30 -4.082987e-29 -2.751523e-28 -1.687207e-27 -9.354391e-27 -4.640221e-26 -2.021247e-25 -7.443343e-25 -2.097222e-24 -2.720680e-24 1.583068e-23 1.610773e-22 9.081561e-22 3.996354e-21 1.486376e-20 4.820071e-20 1.383722e-19 3.546912e-19 8.162507e-19 1.692858e-18 3.173019e-18 5.386227e-18 8.290637e-18 1.157053e-17 1.460859e-17 1.658376e-17 1.669342e-17 1.443304e-17 9.823921e-18 3.486534e-18 -3.486534e-18 -9.823921e-18 -1.443304e-17 -1.669342e-17 -1.658376e-17 -1.460859e-17 -1.157053e-17 -8.290637e-18 -5.386227e-18 -3.173019e-18 -1.692858e-18 -8.162507e-19 -3.546912e-19 -1.383722e-19 -4.820071e-20 -1.486376e-20 -3.996354e-21 -9.081561e-22 -1.610773e-22 -1.583068e-23 2.720680e-24 2.097222e-24 7.443343e-25 2.021247e-25 4.640221e-26 9.354391e-27 1.687207e-27 2.751523e-28 4.082987e-29 5.533659e-30 6.862558e-31 7.788763e-32 8.075995e-33 7.616443e-34 6.476091e-35 4.878813e-36 3.134797e-37 1.544566e-38 3.183770e-40 -4.609247e-41 -8.267733e-42 -8.853773e-43 -7.643037e-44 -5.731199e-45 -3.846168e-46 -2.343426e-47 -1.305752e-48 -6.674316e-50 -3.129568e-51 -1.341812e-52 -5.131210e-54 -9.382843e-56 -2.849071e-58 -1.148896e-61 -3.490199e-66 4.934501e-70 1.699430e-74 1.546039e-79
-7.026654e-77 -4.983393e-72 1.019077e-67 1.132263e-62 1.233585e-58 2.333765e-55 6.625857e-53 3.263828e-51 7.853717e-50 1.700460e-48 3.378440e-47 6.157893e-46 1.026176e-44 1.551326e-43 2.094877e-42 2.445818e-41 2.269091e-40 1.150080e-39 -1.292403e-38 -5.241295e-37 -1.052084e-35 -1.652132e-34 -2.227587e-33 -2.669727e-32 -2.890259e-31 -2.849688e-30 -2.569249e-29 -2.121343e-28 -1.603355e-27 -1.106918e-26 -6.950777e-26 -3.941707e-25 -1.994421e-24 -8.806577e-24 -3.235915e-23 -8.603820e-23 -4.982621e-23 1.258387e-21 1.067132e-20 5.907953e-20 2.636179e-19 1.006515e-18 3.371937e-18 1.003926e-17 2.676132e-17 6.417955e-17 1.389657e-16 2.724487e-16 4.848292e-16 7.846777e-16 1.156565e-15 1.552695e-15 1.894869e-15 2.089775e-15 2.054641e-15 1.744872e-15 1.173389e-15 4.139121e-16 -4.139121e-16 -1.173389e-15 -1.744872e-15 -2.054641e-15 -2.089775e-15 -1.894869e-15 -1.552695e-15 -1.156565e-15 -7.846777e-16 -4.848292e-16 -2.724487e-16 -1.389657e-16 -6.417955e-17 -2.676132e-17 -1.003926e-17 -3.371937e-18 -1.006515e-18 -2.636179e-19 -5.907953e-20 -1.067132e-20 -1.258387e-21 4.982621e-23 8.603820e-23 3.235915e-23 8.806577e-24 1.994421e-24 3.941707e-25 6.950777e-26 1.106918e-26 1.603355e-27 2.121343e-28 2.569249e-29 2.849688e-30 2.890259e-31 2.669727e-32 2.227587e-33 1.652132e-34 1.052084e-35 5.241295e-37 1.292403e-38 -1.150080e-39 -2.269091e-40 -2.445818e-41 -2.094877e-42 -1.551326e-43 -1.026176e-44 -6.157893e-46 -3.378440e-47 -1.700460e-48 -7.853717e-50 -3.263828e-51 -6.625857e-53 -2.333765e-55 -1.233585e-58 -1.132263e-62 -1.019077e-67 4.983393e-72 7.026654e-77
-3.441802e-75 1.708096e-70 5.400539e-65 2.015702e-60 1.679018e-56 2.740569e-53 6.999321e-51 3.164724e-49 7.071729e-48 1.427240e-46 2.642744e-45 4.472934e-44 6.862905e-43 9.389297e-42 1.105704e-40 1.020020e-39 4.634902e-39 -7.826515e-38 -2.853253e-36 -5.706466e-35 -9.064357e-34 -1.242874e-32 -1.518885e-31 -1.679482e-30 -1.693208e-29 -1.562268e-28 -1.320864e-27 -1.022671e-26 -7.232906e-26 -4.651097e-25 -2.697848e-24 -1.392373e-23 -6.230692e-23 -2.279804e-22 -5.616588e-22 2.487677e-22 1.397822e-20 1.090381e-19 6.030059e-19 2.743891e-18 1.077665e-17 3.731033e-17 1.151269e-16 3.186638e-16 7.946044e-16 1.790706e-15 3.657127e-15 6.785802e-15 1.146716e-14 1.768657e-14 2.493790e-14 3.215990e-14 3.787206e-14 4.050507e-14 3.883005e-14 3.234132e-14 2.146370e-14 7.520926e-15 -7.520926e-15 -2.146370e-14 -3.234132e-14 -3.883005e-14 -4.050507e-14 -3.787206e-14 -3.215990e-14 -2.493790e-14 -1.768657e-14 -1.146716e-14 -6.785802e-15 -3.657127e-15 -1.790706e-15 -7.946044e-16 -3.186638e-16 -1.151269e-16 -3.731033e-17 -1.077665e-17 -2.743891e-18 -6.030059e-19 -1.090381e-19 -1.397822e-20 -2.487677e-22 5.616588e-22 2.279804e-22 6.230692e-23 1.392373e-23 2.697848e-24 4.651097e-25 7.232906e-26 1.022671e-26 1.320864e-27 1.562268e-28 1.693208e-29 1.679482e-30 1.518885e-31 1.242874e-32 9.064357e-34 5.706466e-35 2.853253e-36 7.826515e-38 -4.634902e-39 -1.020020e-39 -1.105704e-40 -9.389297e-42 -6.862905e-43 -4.472934e-44 -2.642744e-45 -1.427240e-46 -7.071729e-48 -3.164724e-49 -6.999321e-51 -2.740569e-53 -1.679018e-56 -2.015702e-60 -5.400539e-65 -1.708096e-70 3.441802e-75
2.968202e-74 2.617926e-68 2.804309e-63 8.051465e-59 5.811232e-55 8.560547e-52 2.009372e-49 8.435610e-48 1.761369e-46 3.322748e-45 5.730358e-44 8.958508e-43 1.248288e-41 1.494936e-40 1.394622e-39 6.107988e-39 -1.223638e-37 -4.383157e-36 -8.895852e-35 -1.441998e-33 -2.022369e-32 -2.531405e-31 -2.869838e-30 -2.968968e-29 -2.813124e-28 -2.444108e-27 -1.945721e-26 -1.415595e-25 -9.366363e-25 -5.589299e-24 -2.964780e-23 -1.359431e-22 -5.048618e-22 -1.205235e-21 1.429479e-21 4.036612e-20 3.133090e-19 1.775510e-18 8.352102e-18 3.405246e-17 1.226878e-16 3.946028e-16 1.139722e-15 2.967528e-15 6.985512e-15 1.490346e-14 2.888734e-14 5.099536e-14 8.219473e-14 1.212478e-13 1.639978e-13 2.035645e-13 2.316156e-13 2.403809e-13 2.247186e-13 1.835354e-13 1.201775e-13 4.182276e-14 -4.182276e-14 -1.201775e-13 -1.835354e-13 -2.247186e-13 -2.403809e-13 -2.316156e-13 -2.035645e-13 -1.639978e-13 -1.212478e-13 -8.219473e-14 -5.099536e-14 -2.888734e-14 -1.490346e-14 -6.985512e-15 -2.967528e-15 -1.139722e-15 -3.946028e-16 -1.226878e-16 -3.405246e-17 -8.352102e-18 -1.775510e-18 -3.133090e-19 -4.036612e-20 -1.429479e-21 1.205235e-21 5.048618e-22 1.359431e-22 2.964780e-23 5.589299e-24 9.366363e-25 1.415595e-25 1.945721e-26 2.444108e-27 2.813124e-28 2.968968e-29 2.869838e-30 2.531405e-31 2.022369e-32 1.441998e-33 8.895852e-35 4.383157e-36 1.223638e-37 -6.107988e-39 -1.394622e-39 -1.494936e-40 -1.248288e-41 -8.958508e-43 -5.730358e-44 -3.322748e-45 -1.761369e-46 -8.435610e-48 -2.009372e-49 -8.560547e-52 -5.811232e-55 -8.051465e-59 -2.804309e-63 -2.617926e-68 -2.968202e-74
4.176955e-72 1.123330e-66 9.222374e-62 2.295716e-57 1.497503e-53 2.030296e-50 4.424666e-48 1.733447e-46 3.387603e-45 5.963485e-44 9.519865e-43 1.355042e-41 1.658241e-40 1.580907e-39 7.056677e-39 -1.460538e-37 -5.345422e-36 -1.111120e-34 -1.846278e-33 -2.656165e-32 -3.412764e-31 -3.974103e-30 -4.225857e-29 -4.118317e-28 -3.682720e-27 -3.019531e-26 -2.264067e-25 -1.544766e-24 -9.509823e-24 -5.204209e-23 -2.459711e-22 -9.378370e-22 -2.245835e-21 3.653809e-21 8.967109e-20 7.119050e-19 4.175946e-18 2.041754e-17 8.671775e-17 3.259557e-16 1.094878e-15 3.304816e-15 8.995617e-15 2.213680e-14 4.935444e-14 9.990234e-14 1.840093e-13 3.091621e-13 4.750533e-13 6.692840e-13 8.664110e-13 1.031854e-12 1.129898e-12 1.132890e-12 1.028092e-12 8.199782e-13 5.280532e-13 1.821943e-13 -1.821943e-13 -5.280532e-13 -8.199782e-13 -1.028092e-12 -1.132890e-12 -1.129898e-12 -1.031854e-12 -8.664110e-13 -6.692840e-13 -4.750533e-13 -3.091621e-13 -1.840093e-13 -9.990234e-14 -4.935444e-14 -2.213680e-14 -8.995617e-15 -3.304816e-15 -1.094878e-15 -3.259557e-16 -8.671775e-17 -2.041754e-17 -4.175946e-18 -7.119050e-19 -8.967109e-20 -3.653809e-21 2.245835e-21 9.378370e-22 2.459711e-22 5.204209e-23 9.509823e-24 1.544766e-24 2.264067e-25 3.019531e-26 3.682720e-27 4.118317e-28 4.225857e-29 3.974103e-30 3.412764e-31 2.656165e-32 1.846278e-33 1.111120e-34 5.345422e-36 1.460538e-37 -7.056677e-39 -1.580907e-39 -1.658241e-40 -1.355042e-41 -9.519865e-43 -5.963485e-44 -3.387603e-45 -1.733447e-46 -4.424666e-48 -2.030296e-50 -1.497503e-53 -2.295716e-57 -9.222374e-62 -1.123330e-66 -4.176955e-72
1.799775e-70 3.662180e-65 2.597850e-60 5.837290e-56 3.502913e-52 4.408157e-49 8.949976e-47 3.271514e-45 5.963214e-44 9.717327e-43 1.412387e-41 1.765588e-40 1.719819e-39 7.831747e-39 -1.667884e-37 -6.239443e-36 -1.327871e-34 -2.260690e-33 -3.334434e-32 -4.395053e-31 -5.253606e-30 -5.738103e-29 -5.747611e-28 -5.286055e-27 -4.460431e-26 -3.444051e-25 -2.421180e-24 -1.536382e-23 -8.667173e-23 -4.219482e-22 -1.650952e-21 -3.965831e-21 8.310657e-21 1.865264e-19 1.516770e-18 9.204110e-18 4.672113e-17 2.064250e-16 8.082167e-16 2.830353e-15 8.911763e-15 2.530853e-14 6.496425e-14 1.509807e-13 3.182117e-13 6.093078e-13 1.062137e-12 1.689525e-12 2.458573e-12 3.281148e-12 4.024936e-12 4.545110e-12 4.725190e-12 4.509427e-12 3.912615e-12 3.004952e-12 1.882491e-12 6.400808e-13 -6.400808e-13 -1.882491e-12 -3.004952e-12 -3.912615e-12 -4.509427e-12 -4.725190e-12 -4.545110e-12 -4.024936e-12 -3.281148e-12 -2.458573e-12 -1.689525e-12 -1.062137e-12 -6.093078e-13 -3.182117e-13 -1.509807e-13 -6.496425e-14 -2.530853e-14 -8.911763e-15 -2.830353e-15 -8.082167e-16 -2.064250e-16 -4.672113e-17 -9.204110e-18 -1.516770e-18 -1.865264e-19 -8.310657e-21 3.965831e-21 1.650952e-21 4.219482e-22 8.667173e-23 1.536382e-23 2.421180e-24 3.444051e-25 4.460431e-26 5.286055e-27 5.747611e-28 5.738103e-29 5.253606e-30 4.395053e-31 3.334434e-32 2.260690e-33 1.327871e-34 6.239443e-36 1.667884e-37 -7.831747e-39 -1.719819e-39 -1.765588e-40 -1.412387e-41 -9.717327e-43 -5.963214e-44 -3.271514e-45 -8.949976e-47 -4.408157e-49 -3.502913e-52 -5.837290e-56 -2.597850e-60 -3.662180e-65 -1.799775e-70
5.811049e-69 1.018007e-63 6.509985e-59 1.345083e-54 7.491778e-51 8.783093e-48 1.661235e-45 5.644999e-44 9.519378e-43 1.412386e-41 1.802885e-40 1.793760e-39 8.336848e-39 -1.822068e-37 -6.967419e-36 -1.517521e-34 -2.645759e-33 -3.998662e-32 -5.403708e-31 -6.626380e-30 -7.429154e-29 -7.643224e-28 -7.224500e-27 -6.269132e-26 -4.980957e-25 -3.605096e-24 -2.356205e-23 -1.369185e-22 -6.861435e-22 -2.754057e-21 -6.639102e-21 1.716887e-20 3.636965e-19 3.032280e-18 1.902431e-17 1.001542e-16 4.597381e-16 1.872308e-15 6.825488e-15 2.238167e-14 6.620034e-14 1.769171e-13 4.276916e-13 9.362388e-13 1.857879e-12 3.346518e-12 5.480045e-12 8.171978e-12 1.111614e-11 1.381330e-11 1.569608e-11 1.631437e-11 1.550029e-11 1.342988e-11 1.054379e-11 7.359450e-12 4.263645e-12 1.386061e-12 -1.386061e-12 -4.263645e-12 -7.359450e-12 -1.054379e-11 -1.342988e-11 -1.550029e-11 -1.631437e-11 -1.569608e-11 -1.381330e-11 -1.111614e-11 -8.171978e-12 -5.480045e-12 -3.346518e-12 -1.857879e-12 -9.362388e-13 -4.276916e-13 -1.769171e-13 -6.620034e-14 -2.238167e-14 -6.825488e-15 -1.872308e-15 -4.597381e-16 -1.001542e-16 -1.902431e-17 -3.032280e-18 -3.636965e-19 -1.716887e-20 6.639102e-21 2.754057e-21 6.861435e-22 1.369185e-22 2.356205e-23 3.605096e-24 4.980957e-25 6.269132e-26 7.224500e-27 7.643224e-28 7.429154e-29 6.626380e-30 5.403708e-31 3.998662e-32 2.645759e-33 1.517521e-34 6.967419e-36 1.822068e-37 -8.336848e-39 -1.793760e-39 -1.802885e-40 -1.412386e-41 -9.519378e-43 -5.644999e-44 -1.661235e-45 -8.783093e-48 -7.491778e-51 -1.345083e-54 -6.509985e-59 -1.018007e-63 -5.811049e-69
1.593160e-67 2.512645e-62 1.476823e-57 2.832074e-53 1.469904e-49 1.605776e-46 2.819349e-44 8.830640e-43 1.354963e-41 1.765588e-40 1.793760e-39 8.512301e-39 -1.904381e-37 -7.444038e-36 -1.658652e-34 -2.960012e-33 -4.581562e-32 -6.344293e-31 -7.976326e-30 -9.173813e-29 -9.687800e-28 -9.404848e-27 -8.386938e-26 -6.851884e-25 -5.102032e-24 -3.431993e-23 -2.052873e-22 -1.058346e-21 -4.356605e-21 -1.054737e-20 3.261845e-20 6.659169e-19 5.696508e-18 3.692918e-17 2.014334e-16 9.595207e-16 4.059378e-15 1.538360e-14 5.245864e-14 1.613533e-13 4.481978e-13 1.124985e-12 2.552311e-12 5.234935e-12 9.708520e-12 1.628170e-11 2.468651e-11 3.380685e-11 4.170868e-11 4.610555e-11 4.517376e-11 3.839802e-11 2.703259e-11 1.388274e-11 2.404920e-12 -4.552337e-12 -5.852081e-12 -2.540064e-12 2.540064e-12 5.852081e-12 4.552337e-12 -2.404920e-12 -1.388274e-11 -2.703259e-11 -3.839802e-11 -4.517376e-11 -4.610555e-11 -4.170868e-11 -3.380685e-11 -2.468651e-11 -1.628170e-11 -9.708520e-12 -5.234935e-12 -2.552311e-12 -1.124985e-12 -4.481978e-13 -1.613533e-13 -5.245864e-14 -1.538360e-14 -4.059378e-15 -9.595207e-16 -2.014334e-16 -3.692918e-17 -5.696508e-18 -6.659169e-19 -3.261845e-20 1.054737e-20 4.356605e-21 1.058346e-21 2.052873e-22 3.431993e-23 5.102032e-24 6.851884e-25 8.386938e-26 9.404848e-27 9.687800e-28 9.173813e-29 7.976326e-30 6.344293e-31 4.581562e-32 2.960012e-33 1.658652e-34 7.444038e-36 1.904381e-37 -8.512301e-39 -1.793760e-39 -1.765588e-40 -1.354963e-41 -8.830640e-43 -2.819349e-44 -1.605776e-46 -1.469904e-49 -2.832074e-53 -1.476823e-57 -2.512645e-62 -1.593160e-67
3.870708e-66 5.608137e-61 3.059174e-56 5.468227e-52 2.646093e-48 2.685053e-45 4.339874e-43 1.231490e-41 1.658125e-40 1.719818e-39 8.336848e-39 -1.904381e-37 -7.609994e-36 -1.734027e-34 -3.166065e-33 -5.016251e-32 -7.113953e-31 -9.164804e-30 -1.080687e-28 -1.170707e-27 -1.166526e-26 -1.068348e-25 -8.968643e-25 -6.865787e-24 -4.750101e-23 -2.922818e-22 -1.549326e-21 -6.539343e-21 -1.591672e-20 5.742937e-20 1.146646e-18 1.006914e-17 6.740942e-17 3.806124e-16 1.879380e-15 8.249761e-15 3.245890e-14 1.149529e-13 3.671769e-13 1.058564e-12 2.754362e-12 6.464596e-12 1.367295e-11 2.602397e-11 4.447727e-11 6.800830e-11 9.240200e-11 1.100417e-10 1.114490e-10 8.856617e-11 3.873094e-11 -3.240103e-11 -1.106183e-10 -1.762641e-10 -2.099669e-10 -1.990748e-10 -1.424396e-10 -5.168352e-11 5.168352e-11 1.424396e-10 1.990748e-10 2.099669e-10 1.762641e-10 1.106183e-10 3.240103e-11 -3.873094e-11 -8.856617e-11 -1.114490e-10 -1.100417e-10 -9.240200e-11 -6.800830e-11 -4.447727e-11 -2.602397e-11 -1.367295e-11 -6.464596e-12 -2.754362e-12 -1.058564e-12 -3.671769e-13 -1.149529e-13 -3.245890e-14 -8.249761e-15 -1.879380e-15 -3.806124e-16 -6.740942e-17 -1.006914e-17 -1.146646e-18 -5.742937e-20 1.591672e-20 6.539343e-21 1.549326e-21 2.922818e-22 4.750101e-23 6.865787e-24 8.968643e-25 1.068348e-25 1.166526e-26 1.170707e-27 1.080687e-28 9.164804e-30 7.113953e-31 5.016251e-32 3.166065e-33 1.734027e-34 7.609994e-36 1.904381e-37 -8.336848e-39 -1.719818e-39 -1.658125e-40 -1.231490e-41 -4.339874e-43 -2.685053e-45 -2.646093e-48 -5.468227e-52 -3.059174e-56 -5.608137e-61 -3.870708e-66
8.494538e-65 1.142163e-59 5.808798e-55 9.685948e-51 4.357697e-47 4.075612e-44 5.962910e-42 1.476693e-40 1.580757e-39 7.831737e-39 -1.822068e-37 -7.444038e-36 -1.734027e-34 -3.237864e-33 -5.248704e-32 -7.619510e-31 -1.005313e-29 -1.214694e-28 -1.349076e-27 -1.378927e-26 -1.296153e-25 -1.117380e-24 -8.788476e-24 -6.249653e-23 -3.953426e-22 -2.153641e-21 -9.318999e-21 -2.283565e-20 9.418440e-20 1.859138e-18 1.676483e-17 1.158371e-16 6.764491e-16 3.458899e-15 1.573660e-14 6.420915e-14 2.358803e-13 7.814599e-13 2.335299e-12 6.290394e-12 1.524939e-11 3.319371e-11 6.465350e-11 1.120758e-10 1.712925e-10 2.266148e-10 2.487811e-10 1.992091e-10 4.174708e-11 -2.408518e-10 -6.320042e-10 -1.075069e-09 -1.480447e-09 -1.745745e-09 -1.783610e-09 -1.548575e-09 -1.054095e-09 -3.738368e-10 3.738368e-10 1.054095e-09 1.548575e-09 1.783610e-09 1.745745e-09 1.480447e-09 1.075069e-09 6.320042e-10 2.408518e-10 -4.174708e-11 -1.992091e-10 -2.487811e-10 -2.266148e-10 -1.712925e-10 -1.120758e-10 -6.465350e-11 -3.319371e-11 -1.524939e-11 -6.290394e-12 -2.335299e-12 -7.814599e-13 -2.358803e-13 -6.420915e-14 -1.573660e-14 -3.458899e-15 -6.764491e-16 -1.158371e-16 -1.676483e-17 -1.859138e-18 -9.418440e-20 2.283565e-20 9.318999e-21 2.153641e-21 3.953426e-22 6.249653e-23 8.788476e-24 1.117380e-24 1.296153e-25 1.378927e-26 1.349076e-27 1.214694e-28 1.005313e-29 7.619510e-31 5.248704e-32 3.237864e-33 1.734027e-34 7.444038e-36 1.822068e-37 -7.831737e-39 -1.580757e-39 -1.476693e-40 -5.962910e-42 -4.075612e-44 -4.357697e-47 -9.685948e-51 -5.808798e-55 -1.142163e-59 -8.494538e-65
1.699778e-63 2.131312e-58 1.011672e-53 1.569801e-49 6.519530e-46 5.532690e-43 7.068129e-41 1.381258e-39 7.055077e-39 -1.667885e-37 -6.967419e-36 -1.658652e-34 -3.166065e-33 -5.248704e-32 -7.795829e-31 -1.052882e-29 -1.302882e-28 -1.482716e-27 -1.553724e-26 -1.498065e-25 -1.325392e-24 -1.070387e-23 -7.818992e-23 -5.082066e-22 -2.843807e-21 -1.261416e-20 -3.117179e-20 1.443971e-19 2.841361e-18 2.631741e-17 1.875744e-16 1.131971e-15 5.988300e-15 2.820882e-14 1.192359e-13 4.538787e-13 1.557887e-12 4.820332e-12 1.342554e-11 3.357276e-11 7.508361e-11 1.492810e-10 2.612584e-10 3.951353e-10 4.958595e-10 4.578160e-10 1.336628e-10 -6.285840e-10 -1.925563e-09 -3.735357e-09 -5.877554e-09 -8.018069e-09 -9.725298e-09 -1.056596e-08 -1.021481e-08 -8.546930e-09 -5.686100e-09 -1.994555e-09 1.994555e-09 5.686100e-09 8.546930e-09 1.021481e-08 1.056596e-08 9.725298e-09 8.018069e-09 5.877554e-09 3.735357e-09 1.925563e-09 6.285840e-10 -1.336628e-10 -4.578160e-10 -4.958595e-10 -3.951353e-10 -2.612584e-10 -1.492810e-10 -7.508361e-11 -3.357276e-11 -1.342554e-11 -4.820332e-12 -1.557887e-12 -4.538787e-13 -1.192359e-13 -2.820882e-14 -5.988300e-15 -1.131971e-15 -1.875744e-16 -2.631741e-17 -2.841361e-18 -1.443971e-19 3.117179e-20 1.261416e-20 2.843807e-21 5.082066e-22 7.818992e-23 1.070387e-23 1.325392e-24 1.498065e-25 1.553724e-26 1.482716e-27 1.302882e-28 1.052882e-29 7.795829e-31 5.248704e-32 3.166065e-33 1.658652e-34 6.967419e-36 1.667885e-37 -7.055077e-39 -1.381258e-39 -7.068129e-41 -5.532690e-43 -6.519530e-46 -1.569801e-49 -1.011672e-53 -2.131312e-58 -1.699778e-63
3.114865e-62 3.646969e-57 1.612270e-52 2.312788e-48 8.739306e-45 6.510873e-42 6.608417e-40 6.134395e-39 -1.460653e-37 -6.239444e-36 -1.517521e-34 -2.960012e-33 -5.016251e-32 -7.619510e-31 -1.052882e-29 -1.333668e-28 -1.554381e-27 -1.668978e-26 -1.649709e-25 -1.497072e-24 -1.240720e-23 -9.304745e-23 -6.210630e-22 -3.568407e-21 -1.622462e-20 -4.051318e-20 2.074931e-19 4.096933e-18 3.898331e-17 2.864600e-16 1.785143e-15 9.761813e-15 4.756819e-14 2.080919e-13 8.199724e-13 2.913046e-12 9.323189e-12 2.682261e-11 6.911305e-11 1.585878e-10 3.211389e-10 5.648607e-10 8.355838e-10 9.555134e-10 5.739680e-10 -8.239399e-10 -3.814068e-09 -8.839174e-09 -1.597922e-08 -2.477326e-08 -3.417349e-08 -4.267038e-08 -4.856982e-08 -5.035437e-08 -4.703587e-08 -3.841104e-08 -2.515894e-08 -8.758165e-09 8.758165e-09 2.515894e-08 3.841104e-08 4.703587e-08 5.035437e-08 4.856982e-08 4.267038e-08 3.417349e-08 2.477326e-08 1.597922e-08 8.839174e-09 3.814068e-09 8.239399e-10 -5.739680e-10 -9.555134e-10 -8.355838e-10 -5.648607e-10 -3.211389e-10 -1.585878e-10 -6.911305e-11 -2.682261e-11 -9.323189e-12 -2.913046e-12 -8.199724e-13 -2.080919e-13 -4.756819e-14 -9.761813e-15 -1.785143e-15 -2.864600e-16 -3.898331e-17 -4.096933e-18 -2.074931e-19 4.051318e-20 1.622462e-20 3.568407e-21 6.210630e-22 9.304745e-23 1.240720e-23 1.497072e-24 1.649709e-25 1.668978e-26 1.554381e-27 1.333668e-28 1.052882e-29 7.619510e-31 5.016251e-32 2.960012e-33 1.517521e-34 6.239444e-36 1.460653e-37 -6.134395e-39 -6.608417e-40 -6.510873e-42 -8.739306e-45 -2.312788e-48 -1.612270e-52 -3.646969e-57 -3.114865e-62
5.232698e-61 5.710407e-56 2.336962e-51 3.057894e-47 1.020091e-43 6.135293e-41 3.201073e-39 -1.189212e-37 -5.345403e-36 -1.327871e-34 -2.645759e-33 -4.581562e-32 -7.113953e-31 -1.005313e-29 -1.302882e-28 -1.554381e-27 -1.709250e-26 -1.731147e-25 -1.610488e-24 -1.368950e-23 -1.053434e-22 -7.217147e-22 -4.256164e-21 -1.983625e-20 -5.016189e-20 2.799943e-19 5.577370e-18 5.452629e-17 4.128881e-16 2.655116e-15 1.499622e-14 7.552670e-14 3.416417e-13 1.392317e-12 5.115098e-12 1.691885e-11 5.023636e-11 1.332577e-10 3.133799e-10 6.451275e-10 1.135447e-09 1.619900e-09 1.574656e-09 -6.290319e-11 -4.925066e-09 -1.495910e-08 -3.186010e-08 -5.633330e-08 -8.745016e-08 -1.223645e-07 -1.565389e-07 -1.844574e-07 -2.006514e-07 -2.007836e-07 -1.825426e-07 -1.461676e-07 -9.451748e-08 -3.269478e-08 3.269478e-08 9.451748e-08 1.461676e-07 1.825426e-07 2.007836e-07 2.006514e-07 1.844574e-07 1.565389e-07 1.223645e-07 8.745016e-08 5.633330e-08 3.186010e-08 1.495910e-08 4.925066e-09 6.290319e-11 -1.574656e-09 -1.619900e-09 -1.135447e-09 -6.451275e-10 -3.133799e-10 -1.332577e-10 -5.023636e-11 -1.691885e-11 -5.115098e-12 -1.392317e-12 -3.416417e-13 -7.552670e-14 -1.499622e-14 -2.655116e-15 -4.128881e-16 -5.452629e-17 -5.577370e-18 -2.799943e-19 5.016189e-20 1.983625e-20 4.256164e-21 7.217147e-22 1.053434e-22 1.368950e-23 1.610488e-24 1.731147e-25 1.709250e-26 1.554381e-27 1.302882e-28 1.005313e-29 7.113953e-31 4.581562e-32 2.645759e-33 1.327871e-34 5.345403e-36 1.189212e-37 -3.201073e-39 -6.135293e-41 -1.020091e-43 -3.057894e-47 -2.336962e-51 -5.710407e-56 -5.232698e-61
8.043354e-60 8.135718e-55 3.044084e-50 3.534293e-46 9.663488e-43 3.312825e-40 -4.552524e-38 -4.298551e-36 -1.111093e-34 -2.260690e-33 -3.998662e-32 -6.344293e-31 -9.164804e-30 -1.214694e-28 -1.482716e-27 -1.668978e-26 -1.731147e-25 -1.650157e-24 -1.437910e-23 -1.134812e-22 -7.976431e-22 -4.826429e-21 -2.305822e-20 -5.919813e-20 3.553149e-19 7.172984e-18 7.205695e-17 5.620088e-16 3.726947e-15 2.172550e-14 1.129997e-13 5.281129e-13 2.224151e-12 8.443129e-12 2.883973e-11 8.831584e-11 2.410026e-10 5.803680e-10 1.212757e-09 2.126846e-09 2.875954e-09 2.053643e-09 -3.275728e-09 -1.780549e-08 -4.742640e-08 -9.770215e-08 -1.717199e-07 -2.680788e-07 -3.798270e-07 -4.948277e-07 -5.975167e-07 -6.715753e-07 -7.028259e-07 -6.817016e-07 -6.048493e-07 -4.756873e-07 -3.039677e-07 -1.045276e-07 1.045276e-07 3.039677e-07 4.756873e-07 6.048493e-07 6.817016e-07 7.028259e-07 6.715753e-07 5.975167e-07 4.948277e-07 3.798270e-07 2.680788e-07 1.717199e-07 9.770215e-08 4.742640e-08 1.780549e-08 3.275728e-09 -2.053643e-09 -2.875954e-09 -2.126846e-09 -1.212757e-09 -5.803680e-10 -2.410026e-10 -8.831584e-11 -2.883973e-11 -8.443129e-12 -2.224151e-12 -5.281129e-13 -1.129997e-13 -2.172550e-14 -3.726947e-15 -5.620088e-16 -7.205695e-17 -7.172984e-18 -3.553149e-19 5.919813e-20 2.305822e-20 4.826429e-21 7.976431e-22 1.134812e-22 1.437910e-23 1.650157e-24 1.731147e-25 1.668978e-26 1.482716e-27 1.214694e-28 9.164804e-30 6.344293e-31 3.998662e-32 2.260690e-33 1.111093e-34 4.298551e-36 4.552524e-38 -3.312825e-40 -9.663488e-43 -3.534293e-46 -3.044084e-50 -8.135718e-55 -8.043354e-60
1.125317e-58 1.042852e-53 3.477919e-49 3.353181e-45 5.667362e-42 -2.975935e-39 -1.753592e-36 -8.744154e-35 -1.846212e-33 -3.334433e-32 -5.403708e-31 -7.976326e-30 -1.080687e-28 -1.349076e-27 -1.553724e-26 -1.649709e-25 -1.610488e-24 -1.437910e-23 -1.163300e-22 -8.385273e-22 -5.204319e-21 -2.548926e-20 -6.661427e-20 4.244713e-19 8.719233e-18 9.001043e-17 7.227958e-16 4.939948e-15 2.970014e-14 1.594182e-13 7.692062e-13 3.345260e-12 1.311246e-11 4.622287e-11 1.458976e-10 4.093641e-10 1.008888e-09 2.137587e-09 3.720651e-09 4.664108e-09 1.519325e-09 -1.312396e-08 -5.154521e-08 -1.297873e-07 -2.638208e-07 -4.637355e-07 -7.280892e-07 -1.040776e-06 -1.371784e-06 -1.681679e-06 -1.928380e-06 -2.074299e-06 -2.092161e-06 -1.968548e-06 -1.704983e-06 -1.316946e-06 -8.315107e-07 -2.842306e-07 2.842306e-07 8.315107e-07 1.316946e-06 1.704983e-06 1.968548e-06 2.092161e-06 2.074299e-06 1.928380e-06 1.681679e-06 1.371784e-06 1.040776e-06 7.280892e-07 4.637355e-07 2.638208e-07 1.297873e-07 5.154521e-08 1.312396e-08 -1.519325e-09 -4.664108e-09 -3.720651e-09 -2.137587e-09 -1.008888e-09 -4.093641e-10 -1.458976e-10 -4.622287e-11 -1.311246e-11 -3.345260e-12 -7.692062e-13 -1.594182e-13 -2.970014e-14 -4.939948e-15 -7.227958e-16 -9.001043e-17 -8.719233e-18 -4.244713e-19 6.661427e-20 2.548926e-20 5.204319e-21 8.385273e-22 1.163300e-22 1.437910e-23 1.610488e-24 1.649709e-25 1.553724e-26 1.349076e-27 1.080687e-28 7.976326e-30 5.403708e-31 3.334433e-32 1.846212e-33 8.744154e-35 1.753592e-36 2.975935e-39 -5.667362e-42 -3.353181e-45 -3.477919e-49 -1.042852e-53 -1.125317e-58
1.417875e-57 1.175914e-52 3.293361e-48 2.087126e-44 -3.023772e-41 -1.324434e-37 -3.552622e-35 -1.419111e-33 -2.656048e-32 -4.395052e-31 -6.626380e-30 -9.173813e-29 -1.170707e-27 -1.378927e-26 -1.498065e-25 -1.497072e-24 -1.368950e-23 -1.134812e-22 -8.385273e-22 -5.336692e-21 -2.679842e-20 -7.149467e-20 4.777174e-19 1.002128e-17 1.063206e-16 8.786705e-16 6.185675e-15 3.833248e-14 2.121908e-13 1.056306e-12 4.740621e-12 1.917474e-11 6.971728e-11 2.267092e-10 6.538063e-10 1.648517e-09 3.539034e-09 6.092531e-09 6.876679e-09 -1.856310e-09 -3.725377e-08 -1.286783e-07 -3.157387e-07 -6.391307e-07 -1.125834e-06 -1.774428e-06 -2.547225e-06 -3.372911e-06 -4.158726e-06 -4.807780e-06 -5.235971e-06 -5.384276e-06 -5.224494e-06 -4.758843e-06 -4.015254e-06 -3.040705e-06 -1.894581e-06 -6.433151e-07 6.433151e-07 1.894581e-06 3.040705e-06 4.015254e-06 4.758843e-06 5.224494e-06 5.384276e-06 5.235971e-06 4.807780e-06 4.158726e-06 3.372911e-06 2.547225e-06 1.774428e-06 1.125834e-06 6.391307e-07 3.157387e-07 1.286783e-07 3.725377e-08 1.856310e-09 -6.876679e-09 -6.092531e-09 -3.539034e-09 -1.648517e-09 -6.538063e-10 -2.267092e-10 -6.971728e-11 -1.917474e-11 -4.740621e-12 -1.056306e-12 -2.121908e-13 -3.833248e-14 -6.185675e-15 -8.786705e-16 -1.063206e-16 -1.002128e-17 -4.777174e-19 7.149467e-20 2.679842e-20 5.336692e-21 8.385273e-22 1.134812e-22 1.368950e-23 1.497072e-24 1.498065e-25 1.378927e-26 1.170707e-27 9.173813e-29 6.626380e-30 4.395052e-31 2.656048e-32 1.419111e-33 3.552622e-35 1.324434e-37 3.023772e-41 -2.087126e-44 -3.293361e-48 -1.175914e-52 -1.417875e-57
1.575525e-56 1.108026e-51 2.139224e-47 -5.847995e-44 -1.683673e-39 -2.707177e-36 -5.680622e-34 -1.991928e-32 -3.412592e-31 -5.253606e-30 -7.429154e-29 -9.687800e-28 -1.166526e-26 -1.296153e-25 -1.325392e-24 -1.240720e-23 -1.053434e-22 -7.976431e-22 -5.204319e-21 -2.679842e-20 -7.319828e-20 5.067378e-19 1.089297e-17 1.187869e-16 1.009973e-15 7.319850e-15 4.672738e-14 2.665892e-13 1.368337e-12 6.333336e-12 2.641932e-11 9.902827e-11 3.316378e-10 9.828058e-10 2.535081e-09 5.513075e-09 9.360505e-09 9.139511e-09 -1.115184e-08 -8.801434e-08 -2.859057e-07 -6.940715e-07 -1.405640e-06 -2.481688e-06 -3.915258e-06 -5.613891e-06 -7.410251e-06 -9.096446e-06 -1.046834e-05 -1.136452e-05 -1.168963e-05 -1.141916e-05 -1.058904e-05 -9.276606e-06 -7.579868e-06 -5.600163e-06 -3.431232e-06 -1.155235e-06 1.155235e-06 3.431232e-06 5.600163e-06 7.579868e-06 9.276606e-06 1.058904e-05 1.141916e-05 1.168963e-05 1.136452e-05 1.046834e-05 9.096446e-06 7.410251e-06 5.613891e-06 3.915258e-06 2.481688e-06 1.405640e-06 6.940715e-07 2.859057e-07 8.801434e-08 1.115184e-08 -9.139511e-09 -9.360505e-09 -5.513075e-09 -2.535081e-09 -9.828058e-10 -3.316378e-10 -9.902827e-11 -2.641932e-11 -6.333336e-12 -1.368337e-12 -2.665892e-13 -4.672738e-14 -7.319850e-15 -1.009973e-15 -1.187869e-16 -1.089297e-17 -5.067378e-19 7.319828e-20 2.679842e-20 5.204319e-21 7.976431e-22 1.053434e-22 1.240720e-23 1.325392e-24 1.296153e-25 1.166526e-26 9.687800e-28 7.429154e-29 5.253606e-30 3.412592e-31 1.991928e-32 5.680622e-34 2.707177e-36 1.683673e-39 5.847995e-44 -2.139224e-47 -1.108026e-51 -1.575525e-56
1.473302e-55 7.417946e-51 -2.091852e-47 -4.705322e-42 -3.488298e-38 -4.289254e-35 -7.824768e-33 -2.494972e-31 -3.973880e-30 -5.738102e-29 -7.643224e-28 -9.404848e-27 -1.068348e-25 -1.117380e-24 -1.070387e-23 -9.304745e-23 -7.217147e-22 -4.826429e-21 -2.548926e-20 -7.149467e-20 5.067378e-19 1.119988e-17 1.255522e-16 1.097897e-15 8.188087e-15 5.381553e-14 3.162596e-13 1.672759e-12 7.980461e-12 3.431587e-11 1.325500e-10 4.570254e-10 1.391661e-09 3.672912e-09 8.093513e-09 1.352768e-08 1.078018e-08 -3.062638e-08 -1.824011e-07 -5.749916e-07 -1.393028e-06 -2.829718e-06 -5.003600e-06 -7.874476e-06 -1.120838e-05 -1.461634e-05 -1.764994e-05 -1.991194e-05 -2.114141e-05 -2.125035e-05 -2.031159e-05 -1.851282e-05 -1.609688e-05 -1.330611e-05 -1.034145e-05 -7.340410e-06 -4.372892e-06 -1.451074e-06 1.451074e-06 4.372892e-06 7.340410e-06 1.034145e-05 1.330611e-05 1.609688e-05 1.851282e-05 2.031159e-05 2.125035e-05 2.114141e-05 1.991194e-05 1.764994e-05 1.461634e-05 1.120838e-05 7.874476e-06 5.003600e-06 2.829718e-06 1.393028e-06 5.749916e-07 1.824011e-07 3.062638e-08 -1.078018e-08 -1.352768e-08 -8.093513e-09 -3.672912e-09 -1.391661e-09 -4.570254e-10 -1.325500e-10 -3.431587e-11 -7.980461e-12 -1.672759e-12 -3.162596e-13 -5.381553e-14 -8.188087e-15 -1.097897e-15 -1.255522e-16 -1.119988e-17 -5.067378e-19 7.149467e-20 2.548926e-20 4.826429e-21 7.217147e-22 9.304745e-23 1.070387e-23 1.117380e-24 1.068348e-25 9.404848e-27 7.643224e-28 5.738102e-29 3.973880e-30 2.494972e-31 7.824768e-33 4.289254e-35 3.488298e-38 4.705322e-42 2.091852e-47 -7.417946e-51 -1.473302e-55
1.006942e-54 2.785804e-51 -3.711358e-45 -9.914424e-41 -5.481293e-37 -5.818152e-34 -9.597832e-32 -2.830206e-30 -4.225596e-29 -5.747610e-28 -7.224500e-27 -8.386938e-26 -8.968643e-25 -8.788476e-24 -7.818992e-23 -6.210630e-22 -4.256164e-21 -2.305822e-20 -6.661427e-20 4.777174e-19 1.089297e-17 1.255522e-16 1.128858e-15 8.659717e-15 5.856947e-14 3.543618e-13 1.930410e-12 9.488210e-12 4.203759e-11 1.672707e-10 5.936815e-10 1.857619e-09 5.018327e-09 1.121363e-08 1.844005e-08 1.093309e-08 -6.498239e-08 -3.397072e-07 -1.057531e-06 -2.571074e-06 -5.246775e-06 -9.281514e-06 -1.451484e-05 -2.036462e-05 -2.595093e-05 -3.035135e-05 -3.286389e-05 -3.317469e-05 -3.138897e-05 -2.794476e-05 -2.346443e-05 -1.859999e-05 -1.391113e-05 -9.792755e-06 -6.449762e-06 -3.907549e-06 -2.043652e-06 -6.289813e-07 6.289813e-07 2.043652e-06 3.907549e-06 6.449762e-06 9.792755e-06 1.391113e-05 1.859999e-05 2.346443e-05 2.794476e-05 3.138897e-05 3.317469e-05 3.286389e-05 3.035135e-05 2.595093e-05 2.036462e-05 1.451484e-05 9.281514e-06 5.246775e-06 2.571074e-06 1.057531e-06 3.397072e-07 6.498239e-08 -1.093309e-08 -1.844005e-08 -1.121363e-08 -5.018327e-09 -1.857619e-09 -5.936815e-10 -1.672707e-10 -4.203759e-11 -9.488210e-12 -1.930410e-12 -3.543618e-13 -5.856947e-14 -8.659717e-15 -1.128858e-15 -1.255522e-16 -1.089297e-17 -4.777174e-19 6.661427e-20 2.305822e-20 4.256164e-21 6.210630e-22 7.818992e-23 8.788476e-24 8.968643e-25 8.386938e-26 7.224500e-27 5.747610e-28 4.225596e-29 2.830206e-30 9.597832e-32 5.818152e-34 5.481293e-37 9.914424e-41 3.711358e-45 -2.785804e-51 -1.006942e-54
1.411091e-54 -9.981291e-49 -7.982960e-44 -1.544991e-39 -7.321848e-36 -7.006507e-33 -1.064751e-30 -2.929587e-29 -4.118041e-28 -5.286053e-27 -6.269132e-26 -6.851884e-25 -6.865787e-24 -6.249653e-23 -5.082066e-22 -3.568407e-21 -1.983625e-20 -5.919813e-20 4.244713e-19 1.002128e-17 1.187869e-16 1.097897e-15 8.659717e-15 6.024479e-14 3.750846e-13 2.103489e-12 1.064687e-11 4.858418e-11 1.990911e-10 7.272931e-10 2.338798e-09 6.471199e-09 1.468226e-08 2.377960e-08 8.809783e-09 -1.178376e-07 -5.762093e-07 -1.791024e-06 -4.387064e-06 -9.004702e-06 -1.591840e-05 -2.463662e-05 -3.379231e-05 -4.149354e-05 -4.597036e-05 -4.616197e-05 -4.199175e-05 -3.428736e-05 -2.445169e-05 -1.405674e-05 -4.502521e-06 3.192016e-06 8.457711e-06 1.114068e-05 1.141170e-05 9.661308e-06 6.409194e-06 2.239087e-06 -2.239087e-06 -6.409194e-06 -9.661308e-06 -1.141170e-05 -1.114068e-05 -8.457711e-06 -3.192016e-06 4.502521e-06 1.405674e-05 2.445169e-05 3.428736e-05 4.199175e-05 4.616197e-05 4.597036e-05 4.149354e-05 3.379231e-05 2.463662e-05 1.591840e-05 9.004702e-06 4.387064e-06 1.791024e-06 5.762093e-07 1.178376e-07 -8.809783e-09 -2.377960e-08 -1.468226e-08 -6.471199e-09 -2.338798e-09 -7.272931e-10 -1.990911e-10 -4.858418e-11 -1.064687e-11 -2.103489e-12 -3.750846e-13 -6.024479e-14 -8.659717e-15 -1.097897e-15 -1.187869e-16 -1.002128e-17 -4.244713e-19 5.919813e-20 1.983625e-20 3.568407e-21 5.082066e-22 6.249653e-23 6.865787e-24 6.851884e-25 6.269132e-26 5.286053e-27 4.118041e-28 2.929587e-29 1.064751e-30 7.006507e-33 7.321848e-36 1.544991e-39 7.982960e-44 9.981291e-49 -1.411091e-54
