0.000000e+00 0.000000e+00 0.000000e+00 0.000000e+00 0.000000e+00 0.000000e+00 0.000000e+00 0.000000e+00 0.000000e+00 0.000000e+00 0.000000e+00 0.000000e+00 0.000000e+00 0.000000e+00 0.000000e+00 0.000000e+00 0.000000e+00 0.000000e+00 0.000000e+00 0.000000e+00 0.000000e+00 0.000000e+00 0.000000e+00 0.000000e+00 0.000000e+00 0.000000e+00 0.000000e+00 0.000000e+00 0.000000e+00 0.000000e+00 0.000000e+00 0.000000e+00 0.000000e+00 0.000000e+00 0.000000e+00 0.000000e+00 0.000000e+00 0.000000e+00 0.000000e+00 0.000000e+00 0.000000e+00 0.000000e+00 0.000000e+00 0.000000e+00 0.000000e+00 0.000000e+00 0.000000e+00 0.000000e+00 0.000000e+00 0.000000e+00 0.000000e+00 0.000000e+00 0.000000e+00 0.000000e+00 0.000000e+00 0.000000e+00 0.000000e+00 0.000000e+00 0.000000e+00 0.000000e+00 0.000000e+00 0.000000e+00 0.000000e+00 0.000000e+00 0.000000e+00 0.000000e+00 0.000000e+00 0.000000e+00 0.000000e+00 0.000000e+00 0.000000e+00 0.000000e+00 0.000000e+00 0.000000e+00 0.000000e+00 0.000000e+00 0.000000e+00 0.000000e+00 0.000000e+00 0.000000e+00 0.000000e+00 0.000000e+00 0.000000e+00 0.000000e+00 0.000000e+00 0.000000e+00 0.000000e+00 0.000000e+00 0.000000e+00 0.000000e+00 0.000000e+00 0.000000e+00 0.000000e+00 0.000000e+00 0.000000e+00 0.000000e+00 0.000000e+00 0.000000e+00 0.000000e+00 0.000000e+00 0.000000e+00 0.000000e+00 0.000000e+00 0.000000e+00 0.000000e+00 0.000000e+00 0.000000e+00 0.000000e+00 0.000000e+00 0.000000e+00 0.000000e+00 0.000000e+00 0.000000e+00 0.000000e+00 0.000000e+00 0.000000e+00
0.000000e+00 0.000000e+00 0.000000e+00 0.000000e+00 0.000000e+00 9.326648e-115 9.096614e-111 8.279641e-108 2.531022e-105 5.477626e-103 9.124331e-101 1.210950e-98 1.304535e-96 1.146147e-94 8.094411e-93 4.330729e-91 1.352946e-89 -3.573791e-88 -9.642069e-86 -9.196886e-84 -6.394259e-82 -3.646079e-80 -1.779754e-78 -7.589582e-77 -2.857976e-75 -9.556058e-74 -2.842642e-72 -7.513508e-71 -1.755651e-69 -3.587023e-68 -6.264474e-67 -8.872760e-66 -8.610694e-65 -8.599074e-66 2.411059e-62 7.058038e-61 1.402851e-59 2.240718e-58 3.023289e-57 3.512035e-56 3.534733e-55 3.078046e-54 2.299535e-53 1.446617e-52 7.362207e-52 2.723408e-51 4.130140e-51 -3.516995e-50 -3.912198e-49 -2.350359e-48 -1.034792e-47 -3.565333e-47 -9.778925e-47 -2.130249e-46 -3.627177e-46 -4.658744e-46 -4.126568e-46 -1.669371e-46 1.669371e-46 4.126568e-46 4.658744e-46 3.627177e-46 2.130249e-46 9.778925e-47 3.565333e-47 1.034792e-47 2.350359e-48 3.912198e-49 3.516995e-50 -4.130140e-51 -2.723408e-51 -7.362207e-52 -1.446617e-52 -2.299535e-53 -3.078046e-54 -3.534733e-55 -3.512035e-56 -3.023289e-57 -2.240718e-58 -1.402851e-59 -7.058038e-61 -2.411059e-62 8.599074e-66 8.610694e-65 8.872760e-66 6.264474e-67 3.587023e-68 1.755651e-69 7.513508e-71 2.842642e-72 9.556058e-74 2.857976e-75 7.589582e-77 1.779754e-78 3.646079e-80 6.394259e-82 9.196886e-84 9.642069e-86 3.573791e-88 -1.352946e-89 -4.330729e-91 -8.094411e-93 -1.146147e-94 -1.304535e-96 -1.210950e-98 -9.124331e-101 -5.477626e-103 -2.531022e-105 -8.279641e-108 -9.096614e-111 -9.326648e-115 0.000000e+00 0.000000e+00 0.000000e+00 0.000000e+00 0.000000e+00
0.000000e+00 0.000000e+00 0.000000e+00 0.000000e+00 6.322813e-113 3.547511e-108 1.708063e-104 1.021682e-101 2.304965e-99 3.911903e-97 5.291252e-95 5.810787e-93 5.204775e-91 3.746191e-89 2.039225e-87 6.410281e-86 -1.897104e-84 -4.982545e-82 -4.834848e-80 -3.435079e-78 -2.005189e-76 -1.003167e-74 -4.388538e-73 -1.696736e-71 -5.829502e-70 -1.783188e-68 -4.849954e-67 -1.166795e-65 -2.455082e-64 -4.413464e-63 -6.416080e-62 -6.294237e-61 5.077605e-61 2.091037e-58 6.223109e-57 1.279213e-55 2.125208e-54 2.992848e-53 3.638855e-52 3.842842e-51 3.519317e-50 2.770370e-49 1.837943e-48 9.839332e-48 3.762472e-47 4.670100e-47 -7.273526e-46 -8.030750e-45 -5.187482e-44 -2.513612e-43 -9.694751e-43 -3.028983e-42 -7.676138e-42 -1.564759e-41 -2.520170e-41 -3.096205e-41 -2.657562e-41 -1.057671e-41 1.057671e-41 2.657562e-41 3.096205e-41 2.520170e-41 1.564759e-41 7.676138e-42 3.028983e-42 9.694751e-43 2.513612e-43 5.187482e-44 8.030750e-45 7.273526e-46 -4.670100e-47 -3.762472e-47 -9.839332e-48 -1.837943e-48 -2.770370e-49 -3.519317e-50 -3.842842e-51 -3.638855e-52 -2.992848e-53 -2.125208e-54 -1.279213e-55 -6.223109e-57 -2.091037e-58 -5.077605e-61 6.294237e-61 6.416080e-62 4.413464e-63 2.455082e-64 1.166795e-65 4.849954e-67 1.783188e-68 5.829502e-70 1.696736e-71 4.388538e-73 1.003167e-74 2.005189e-76 3.435079e-78 4.834848e-80 4.982545e-82 1.897104e-84 -6.410281e-86 -2.039225e-87 -3.746191e-89 -5.204775e-91 -5.810787e-93 -5.291252e-95 -3.911903e-97 -2.304965e-99 -1.021682e-101 -1.708063e-104 -3.547511e-108 -6.322813e-113 0.000000e+00 0.000000e+00 0.000000e+00 0.000000e+00
0.000000e+00 0.000000e+00 0.000000e+00 3.735117e-112 9.202692e-107 2.548649e-102 8.058990e-99 3.553055e-96 6.283541e-94 8.657575e-92 9.686865e-90 8.840546e-88 6.480789e-86 3.586346e-84 1.132312e-82 -3.751952e-81 -9.606270e-79 -9.475692e-77 -6.874309e-75 -4.104710e-73 -2.102919e-71 -9.429310e-70 -3.739637e-68 -1.318930e-66 -4.144394e-65 -1.158619e-63 -2.866414e-62 -6.203162e-61 -1.146130e-59 -1.706845e-58 -1.685585e-57 3.219292e-57 6.643425e-55 2.008291e-53 4.261321e-52 7.347577e-51 1.077411e-49 1.367485e-48 1.510920e-47 1.450551e-46 1.198802e-45 8.352164e-45 4.678966e-44 1.833050e-43 1.551618e-43 -5.117724e-42 -5.682375e-41 -3.921674e-40 -2.069896e-39 -8.816720e-39 -3.083694e-38 -8.883712e-38 -2.098350e-37 -4.020958e-37 -6.139461e-37 -7.221807e-37 -6.008631e-37 -2.352749e-37 2.352749e-37 6.008631e-37 7.221807e-37 6.139461e-37 4.020958e-37 2.098350e-37 8.883712e-38 3.083694e-38 8.816720e-39 2.069896e-39 3.921674e-40 5.682375e-41 5.117724e-42 -1.551618e-43 -1.833050e-43 -4.678966e-44 -8.352164e-45 -1.198802e-45 -1.450551e-46 -1.510920e-47 -1.367485e-48 -1.077411e-49 -7.347577e-51 -4.261321e-52 -2.008291e-53 -6.643425e-55 -3.219292e-57 1.685585e-57 1.706845e-58 1.146130e-59 6.203162e-61 2.866414e-62 1.158619e-63 4.144394e-65 1.318930e-66 3.739637e-68 9.429310e-70 2.102919e-71 4.104710e-73 6.874309e-75 9.475692e-77 9.606270e-79 3.751952e-81 -1.132312e-82 -3.586346e-84 -6.480789e-86 -8.840546e-88 -9.686865e-90 -8.657575e-92 -6.283541e-94 -3.553055e-96 -8.058990e-99 -2.548649e-102 -9.202692e-107 -3.735117e-112 0.000000e+00 0.000000e+00 0.000000e+00
0.000000e+00 0.000000e+00 2.096685e-112 1.764014e-106 2.145314e-101 3.901485e-97 9.086713e-94 3.136122e-91 4.500481e-89 5.127751e-87 4.765458e-85 3.555812e-83 1.998773e-81 6.326173e-80 -2.346182e-78 -5.863619e-76 -5.875217e-74 -4.348898e-72 -2.654198e-70 -1.391393e-68 -6.389337e-67 -2.597047e-65 -9.393882e-64 -3.029212e-62 -8.695410e-61 -2.209702e-59 -4.912051e-58 -9.314451e-57 -1.418230e-55 -1.403461e-54 4.566088e-54 6.568177e-52 2.015179e-50 4.406055e-49 7.869025e-48 1.198829e-46 1.584576e-45 1.826882e-44 1.833193e-43 1.585315e-42 1.155442e-41 6.740275e-41 2.679586e-40 7.955590e-41 -1.055481e-38 -1.187061e-37 -8.704647e-37 -4.962174e-36 -2.309189e-35 -8.920282e-35 -2.871931e-34 -7.685992e-34 -1.697743e-33 -3.060769e-33 -4.427180e-33 -4.978274e-33 -4.008314e-33 -1.542502e-33 1.542502e-33 4.008314e-33 4.978274e-33 4.427180e-33 3.060769e-33 1.697743e-33 7.685992e-34 2.871931e-34 8.920282e-35 2.309189e-35 4.962174e-36 8.704647e-37 1.187061e-37 1.055481e-38 -7.955590e-41 -2.679586e-40 -6.740275e-41 -1.155442e-41 -1.585315e-42 -1.833193e-43 -1.826882e-44 -1.584576e-45 -1.198829e-46 -7.869025e-48 -4.406055e-49 -2.015179e-50 -6.568177e-52 -4.566088e-54 1.403461e-54 1.418230e-55 9.314451e-57 4.912051e-58 2.209702e-59 8.695410e-61 3.029212e-62 9.393882e-64 2.597047e-65 6.389337e-67 1.391393e-68 2.654198e-70 4.348898e-72 5.875217e-74 5.863619e-76 2.346182e-78 -6.326173e-80 -1.998773e-81 -3.555812e-83 -4.765458e-85 -5.127751e-87 -4.500481e-89 -3.136122e-91 -9.086713e-94 -3.901485e-97 -2.145314e-101 -1.764014e-106 -2.096685e-112 0.000000e+00 0.000000e+00
0.000000e+00 1.085754e-113 2.577411e-107 1.070365e-101 8.547947e-97 1.144880e-92 2.085847e-89 5.833007e-87 6.917931e-85 6.543335e-83 4.966528e-81 2.833600e-79 8.972408e-78 -3.723507e-76 -9.095758e-74 -9.251227e-72 -6.982043e-70 -4.352315e-68 -2.332836e-66 -1.096214e-64 -4.562818e-63 -1.691179e-61 -5.591321e-60 -1.646348e-58 -4.292799e-57 -9.790480e-56 -1.902675e-54 -2.956346e-53 -2.916951e-52 1.426650e-51 1.623637e-49 5.052278e-48 1.136437e-46 2.098402e-45 3.314722e-44 4.552587e-43 5.463613e-42 5.714969e-41 5.155776e-40 3.917064e-39 2.368242e-38 9.453876e-38 -4.321398e-38 -5.176373e-36 -5.921240e-35 -4.591264e-34 -2.806784e-33 -1.414436e-32 -5.970062e-32 -2.119851e-31 -6.322148e-31 -1.575111e-30 -3.251255e-30 -5.498657e-30 -7.500452e-30 -8.019335e-30 -6.217100e-30 -2.343967e-30 2.343967e-30 6.217100e-30 8.019335e-30 7.500452e-30 5.498657e-30 3.251255e-30 1.575111e-30 6.322148e-31 2.119851e-31 5.970062e-32 1.414436e-32 2.806784e-33 4.591264e-34 5.921240e-35 5.176373e-36 4.321398e-38 -9.453876e-38 -2.368242e-38 -3.917064e-39 -5.155776e-40 -5.714969e-41 -5.463613e-42 -4.552587e-43 -3.314722e-44 -2.098402e-45 -1.136437e-46 -5.052278e-48 -1.623637e-49 -1.426650e-51 2.916951e-52 2.956346e-53 1.902675e-54 9.790480e-56 4.292799e-57 1.646348e-58 5.591321e-60 1.691179e-61 4.562818e-63 1.096214e-64 2.332836e-66 4.352315e-68 6.982043e-70 9.251227e-72 9.095758e-74 3.723507e-76 -8.972408e-78 -2.833600e-79 -4.966528e-81 -6.543335e-83 -6.917931e-85 -5.833007e-87 -2.085847e-89 -1.144880e-92 -8.547947e-97 -1.070365e-101 -2.577411e-107 -1.085754e-113 0.000000e+00
4.541978e-116 2.636707e-109 3.089649e-103 8.425876e-98 4.955828e-93 5.191901e-89 7.658530e-86 1.767124e-83 1.738432e-81 1.341545e-79 7.763715e-78 2.455227e-76 -1.138334e-74 -2.723433e-72 -2.810361e-70 -2.161297e-68 -1.375184e-66 -7.531529e-65 -3.619055e-63 -1.541435e-61 -5.849701e-60 -1.981245e-58 -5.978710e-57 -1.598036e-55 -3.735317e-54 -7.430626e-53 -1.176233e-51 -1.151517e-50 7.899862e-50 7.628941e-48 2.407074e-46 5.562999e-45 1.060332e-43 1.733644e-42 2.469372e-41 3.078277e-40 3.348519e-39 3.143047e-38 2.481386e-37 1.548311e-36 6.137941e-36 -9.042502e-36 -4.621577e-34 -5.393268e-33 -4.404562e-32 -2.870746e-31 -1.555290e-30 -7.110513e-30 -2.755535e-29 -9.041565e-29 -2.500361e-28 -5.785920e-28 -1.110127e-27 -1.746617e-27 -2.221555e-27 -2.228485e-27 -1.642206e-27 -6.015856e-28 6.015856e-28 1.642206e-27 2.228485e-27 2.221555e-27 1.746617e-27 1.110127e-27 5.785920e-28 2.500361e-28 9.041565e-29 2.755535e-29 7.110513e-30 1.555290e-30 2.870746e-31 4.404562e-32 5.393268e-33 4.621577e-34 9.042502e-36 -6.137941e-36 -1.548311e-36 -2.481386e-37 -3.143047e-38 -3.348519e-39 -3.078277e-40 -2.469372e-41 -1.733644e-42 -1.060332e-43 -5.562999e-45 -2.407074e-46 -7.628941e-48 -7.899862e-50 1.151517e-50 1.176233e-51 7.430626e-53 3.735317e-54 1.598036e-55 5.978710e-57 1.981245e-58 5.849701e-60 1.541435e-61 3.619055e-63 7.531529e-65 1.375184e-66 2.161297e-68 2.810361e-70 2.723433e-72 1.138334e-74 -2.455227e-76 -7.763715e-78 -1.341545e-79 -1.738432e-81 -1.767124e-83 -7.658530e-86 -5.191901e-89 -4.955828e-93 -8.425876e-98 -3.089649e-103 -2.636707e-109 -4.541978e-116
1.820806e-112 5.219127e-106 4.017255e-100 8.071224e-95 3.714392e-90 3.151304e-86 3.833554e-83 7.325597e-81 5.874550e-79 3.449344e-77 1.090937e-75 -5.581078e-74 -1.316827e-71 -1.379501e-69 -1.081090e-67 -7.020322e-66 -3.927719e-64 -1.929448e-62 -8.406596e-61 -3.265379e-59 -1.132566e-57 -3.501374e-56 -9.590191e-55 -2.296768e-53 -4.676070e-52 -7.542249e-51 -7.330729e-50 6.557157e-49 5.708275e-47 1.830747e-45 4.347806e-44 8.550127e-43 1.445759e-41 2.133530e-40 2.759415e-39 3.117613e-38 3.040581e-37 2.491108e-36 1.602087e-35 6.282151e-35 -1.688310e-34 -6.329409e-33 -7.582465e-32 -6.513263e-31 -4.509723e-30 -2.613710e-29 -1.286321e-28 -5.399443e-28 -1.931369e-27 -5.861397e-27 -1.498724e-26 -3.199234e-26 -5.638747e-26 -8.102937e-26 -9.356209e-26 -8.499622e-26 -5.729203e-26 -1.984771e-26 1.984771e-26 5.729203e-26 8.499622e-26 9.356209e-26 8.102937e-26 5.638747e-26 3.199234e-26 1.498724e-26 5.861397e-27 1.931369e-27 5.399443e-28 1.286321e-28 2.613710e-29 4.509723e-30 6.513263e-31 7.582465e-32 6.329409e-33 1.688310e-34 -6.282151e-35 -1.602087e-35 -2.491108e-36 -3.040581e-37 -3.117613e-38 -2.759415e-39 -2.133530e-40 -1.445759e-41 -8.550127e-43 -4.347806e-44 -1.830747e-45 -5.708275e-47 -6.557157e-49 7.330729e-50 7.542249e-51 4.676070e-52 2.296768e-53 9.590191e-55 3.501374e-56 1.132566e-57 3.265379e-59 8.406596e-61 1.929448e-62 3.927719e-64 7.020322e-66 1.081090e-67 1.379501e-69 1.316827e-71 5.581078e-74 -1.090937e-75 -3.449344e-77 -5.874550e-79 -7.325597e-81 -3.833554e-83 -3.151304e-86 -3.714392e-90 -8.071224e-95 -4.017255e-100 -5.219127e-106 -1.820806e-112
1.028481e-109 1.938644e-103 1.100621e-97 1.732324e-92 6.464613e-88 4.529246e-84 4.566417e-81 7.110152e-79 4.341182e-77 1.389400e-75 -7.486884e-74 -1.779821e-71 -1.900324e-69 -1.520560e-67 -1.009093e-65 -5.773632e-64 -2.902335e-62 -1.294793e-60 -5.152710e-59 -1.832062e-57 -5.809433e-56 -1.632910e-54 -4.014709e-53 -8.391002e-52 -1.387471e-50 -1.367444e-49 1.379199e-48 1.181529e-46 3.891109e-45 9.535555e-44 1.939441e-42 3.397546e-41 5.202185e-40 6.990884e-39 8.217267e-38 8.346400e-37 7.123361e-36 4.760037e-35 1.897756e-34 -6.648968e-34 -2.326992e-32 -2.910809e-31 -2.642862e-30 -1.946387e-29 -1.206073e-28 -6.377689e-28 -2.891201e-27 -1.122827e-26 -3.719775e-26 -1.043695e-25 -2.455489e-25 -4.780835e-25 -7.573299e-25 -9.546567e-25 -9.297548e-25 -6.720658e-25 -3.393620e-25 -9.114357e-26 9.114357e-26 3.393620e-25 6.720658e-25 9.297548e-25 9.546567e-25 7.573299e-25 4.780835e-25 2.455489e-25 1.043695e-25 3.719775e-26 1.122827e-26 2.891201e-27 6.377689e-28 1.206073e-28 1.946387e-29 2.642862e-30 2.910809e-31 2.326992e-32 6.648968e-34 -1.897756e-34 -4.760037e-35 -7.123361e-36 -8.346400e-37 -8.217267e-38 -6.990884e-39 -5.202185e-40 -3.397546e-41 -1.939441e-42 -9.535555e-44 -3.891109e-45 -1.181529e-46 -1.379199e-48 1.367444e-49 1.387471e-50 8.391002e-52 4.014709e-53 1.632910e-54 5.809433e-56 1.832062e-57 5.152710e-59 1.294793e-60 2.902335e-62 5.773632e-64 1.009093e-65 1.520560e-67 1.900324e-69 1.779821e-71 7.486884e-74 -1.389400e-75 -4.341182e-77 -7.110152e-79 -4.566417e-81 -4.529246e-84 -6.464613e-88 -1.732324e-92 -1.100621e-97 -1.938644e-103 -1.028481e-109
3.074010e-107 4.277435e-101 1.904143e-95 2.432729e-90 7.505734e-86 4.364104e-82 3.588131e-79 4.251077e-77 1.416876e-75 -7.801391e-74 -1.893266e-71 -2.065222e-69 -1.689153e-67 -1.146416e-65 -6.711683e-64 -3.454111e-62 -1.578485e-60 -6.438481e-59 -2.347811e-57 -7.640321e-56 -2.205396e-54 -5.572182e-53 -1.197662e-51 -2.037797e-50 -2.066275e-49 2.165023e-48 1.906953e-46 6.485264e-45 1.643478e-43 3.460951e-42 6.285346e-41 9.989881e-40 1.395429e-38 1.707318e-37 1.807610e-36 1.610049e-35 1.123200e-34 4.644994e-34 -1.830322e-33 -6.512541e-32 -8.573545e-31 -8.240553e-30 -6.451332e-29 -4.266339e-28 -2.417625e-27 -1.179573e-26 -4.952715e-26 -1.782040e-25 -5.453766e-25 -1.403939e-24 -2.991412e-24 -5.148555e-24 -6.867189e-24 -6.501272e-24 -3.224508e-24 1.329816e-24 3.701257e-24 1.935230e-24 -1.935230e-24 -3.701257e-24 -1.329816e-24 3.224508e-24 6.501272e-24 6.867189e-24 5.148555e-24 2.991412e-24 1.403939e-24 5.453766e-25 1.782040e-25 4.952715e-26 1.179573e-26 2.417625e-27 4.266339e-28 6.451332e-29 8.240553e-30 8.573545e-31 6.512541e-32 1.830322e-33 -4.644994e-34 -1.123200e-34 -1.610049e-35 -1.807610e-36 -1.707318e-37 -1.395429e-38 -9.989881e-40 -6.285346e-41 -3.460951e-42 -1.643478e-43 -6.485264e-45 -1.906953e-46 -2.165023e-48 2.066275e-49 2.037797e-50 1.197662e-51 5.572182e-53 2.205396e-54 7.640321e-56 2.347811e-57 6.438481e-59 1.578485e-60 3.454111e-62 6.711683e-64 1.146416e-65 1.689153e-67 2.065222e-69 1.893266e-71 7.801391e-74 -1.416876e-75 -4.251077e-77 -3.588131e-79 -4.364104e-82 -7.505734e-86 -2.432729e-90 -1.904143e-95 -4.277435e-101 -3.074010e-107
6.659509e-105 7.267392e-99 2.626674e-93 2.775512e-88 7.110686e-84 3.374834e-80 2.112917e-77 1.363772e-75 -7.801478e-74 -1.932721e-71 -2.153130e-69 -1.799347e-67 -1.248348e-65 -7.474569e-64 -3.936187e-62 -1.841613e-60 -7.694917e-59 -2.876086e-57 -9.599215e-56 -2.843642e-54 -7.378488e-53 -1.629765e-51 -2.851525e-50 -2.973629e-49 3.225630e-48 2.922324e-46 1.025455e-44 2.684610e-43 5.847000e-42 1.099489e-40 1.811637e-39 2.626742e-38 3.340337e-37 3.680557e-36 3.415719e-35 2.483701e-34 1.064608e-33 -4.654903e-33 -1.691069e-31 -2.337870e-30 -2.371783e-29 -1.967055e-28 -1.382902e-27 -8.361006e-27 -4.368818e-26 -1.972165e-25 -7.658752e-25 -2.538528e-24 -7.092879e-24 -1.638261e-23 -3.023863e-23 -4.151349e-23 -3.348575e-23 1.106645e-23 8.734943e-23 1.535242e-22 1.525208e-22 6.429264e-23 -6.429264e-23 -1.525208e-22 -1.535242e-22 -8.734943e-23 -1.106645e-23 3.348575e-23 4.151349e-23 3.023863e-23 1.638261e-23 7.092879e-24 2.538528e-24 7.658752e-25 1.972165e-25 4.368818e-26 8.361006e-27 1.382902e-27 1.967055e-28 2.371783e-29 2.337870e-30 1.691069e-31 4.654903e-33 -1.064608e-33 -2.483701e-34 -3.415719e-35 -3.680557e-36 -3.340337e-37 -2.626742e-38 -1.811637e-39 -1.099489e-40 -5.847000e-42 -2.684610e-43 -1.025455e-44 -2.922324e-46 -3.225630e-48 2.973629e-49 2.851525e-50 1.629765e-51 7.378488e-53 2.843642e-54 9.599215e-56 2.876086e-57 7.694917e-59 1.841613e-60 3.936187e-62 7.474569e-64 1.248348e-65 1.799347e-67 2.153130e-69 1.932721e-71 7.801478e-74 -1.363772e-75 -2.112917e-77 -3.374834e-80 -7.110686e-84 -2.775512e-88 -2.626674e-93 -7.267392e-99 -6.659509e-105
1.110485e-102 9.841323e-97 2.942816e-91 2.583475e-86 5.408553e-82 1.959977e-78 6.749343e-76 -7.288378e-74 -1.893268e-71 -2.153130e-69 -1.837642e-67 -1.302639e-65 -7.972998e-64 -4.294100e-62 -2.055792e-60 -8.794317e-59 -3.367142e-57 -1.151890e-55 -3.499710e-54 -9.319272e-53 -2.113871e-51 -3.800466e-50 -4.073165e-49 4.567049e-48 4.253549e-46 1.538657e-44 4.157169e-43 9.354053e-42 1.819190e-40 3.103632e-39 4.664878e-38 6.156955e-37 7.049696e-36 6.805962e-35 5.150204e-34 2.285760e-33 -1.098277e-32 -4.082720e-31 -5.914729e-30 -6.316452e-29 -5.532457e-28 -4.120509e-27 -2.647666e-26 -1.475211e-25 -7.125165e-25 -2.970403e-24 -1.059973e-23 -3.193430e-23 -7.936135e-23 -1.555658e-22 -2.146003e-22 -1.121756e-22 3.787251e-22 1.389622e-21 2.668047e-21 3.489273e-21 3.062478e-21 1.227856e-21 -1.227856e-21 -3.062478e-21 -3.489273e-21 -2.668047e-21 -1.389622e-21 -3.787251e-22 1.121756e-22 2.146003e-22 1.555658e-22 7.936135e-23 3.193430e-23 1.059973e-23 2.970403e-24 7.125165e-25 1.475211e-25 2.647666e-26 4.120509e-27 5.532457e-28 6.316452e-29 5.914729e-30 4.082720e-31 1.098277e-32 -2.285760e-33 -5.150204e-34 -6.805962e-35 -7.049696e-36 -6.156955e-37 -4.664878e-38 -3.103632e-39 -1.819190e-40 -9.354053e-42 -4.157169e-43 -1.538657e-44 -4.253549e-46 -4.567049e-48 4.073165e-49 3.800466e-50 2.113871e-51 9.319272e-53 3.499710e-54 1.151890e-55 3.367142e-57 8.794317e-59 2.055792e-60 4.294100e-62 7.972998e-64 1.302639e-65 1.837642e-67 2.153130e-69 1.893268e-71 7.288378e-74 -6.749343e-76 -1.959977e-78 -5.408553e-82 -2.583475e-86 -2.942816e-91 -9.841323e-97 -1.110485e-102
1.475473e-100 1.082151e-94 2.689845e-89 1.931679e-84 3.096692e-80 6.272205e-77 -3.331081e-74 -1.739086e-71 -2.065220e-69 -1.799347e-67 -1.302639e-65 -8.146366e-64 -4.484990e-62 -2.195983e-60 -9.612484e-59 -3.768005e-57 -1.320447e-55 -4.112017e-54 -1.123004e-52 -2.614105e-51 -4.825980e-50 -5.312342e-49 6.147883e-48 5.883316e-46 2.192000e-44 6.106287e-43 1.418043e-41 2.849169e-40 5.027132e-39 7.823111e-38 1.070259e-36 1.271659e-35 1.275291e-34 1.002845e-33 4.604186e-33 -2.410773e-32 -9.184809e-31 -1.391677e-29 -1.560636e-28 -1.439609e-27 -1.132374e-26 -7.706438e-26 -4.561164e-25 -2.347190e-24 -1.045583e-23 -3.996575e-23 -1.291157e-22 -3.431736e-22 -7.090438e-22 -9.606845e-22 -4.447935e-23 4.243726e-21 1.449381e-20 3.103703e-20 4.881702e-20 5.757911e-20 4.776512e-20 1.866873e-20 -1.866873e-20 -4.776512e-20 -5.757911e-20 -4.881702e-20 -3.103703e-20 -1.449381e-20 -4.243726e-21 4.447935e-23 9.606845e-22 7.090438e-22 3.431736e-22 1.291157e-22 3.996575e-23 1.045583e-23 2.347190e-24 4.561164e-25 7.706438e-26 1.132374e-26 1.439609e-27 1.560636e-28 1.391677e-29 9.184809e-31 2.410773e-32 -4.604186e-33 -1.002845e-33 -1.275291e-34 -1.271659e-35 -1.070259e-36 -7.823111e-38 -5.027132e-39 -2.849169e-40 -1.418043e-41 -6.106287e-43 -2.192000e-44 -5.883316e-46 -6.147883e-48 5.312342e-49 4.825980e-50 2.614105e-51 1.123004e-52 4.112017e-54 1.320447e-55 3.768005e-57 9.612484e-59 2.195983e-60 4.484990e-62 8.146366e-64 1.302639e-65 1.799347e-67 2.065220e-69 1.739086e-71 3.331081e-74 -6.272205e-77 -3.096692e-80 -1.931679e-84 -2.689845e-89 -1.082151e-94 -1.475473e-100
1.591496e-98 9.707511e-93 1.975833e-87 1.089552e-82 9.919012e-79 -2.778700e-75 -7.990859e-72 -1.858305e-69 -1.689149e-67 -1.248348e-65 -7.972998e-64 -4.484990e-62 -2.244791e-60 -1.004946e-58 -4.030897e-57 -1.446194e-55 -4.613369e-54 -1.291378e-52 -3.082922e-51 -5.840403e-50 -6.599099e-49 7.871388e-48 7.736096e-46 2.966309e-44 8.512321e-43 2.038248e-41 4.226649e-40 7.704413e-39 1.239907e-37 1.756113e-36 2.162479e-35 2.249702e-34 1.835949e-33 8.712195e-33 -4.934780e-32 -1.929110e-30 -3.051661e-29 -3.585620e-28 -3.474720e-27 -2.878543e-26 -2.068510e-25 -1.296120e-24 -7.080119e-24 -3.356472e-23 -1.368227e-22 -4.717876e-22 -1.334509e-21 -2.889125e-21 -3.756554e-21 2.622659e-21 3.316565e-20 1.158593e-19 2.752916e-19 5.001375e-19 7.146583e-19 7.936999e-19 6.350210e-19 2.439772e-19 -2.439772e-19 -6.350210e-19 -7.936999e-19 -7.146583e-19 -5.001375e-19 -2.752916e-19 -1.158593e-19 -3.316565e-20 -2.622659e-21 3.756554e-21 2.889125e-21 1.334509e-21 4.717876e-22 1.368227e-22 3.356472e-23 7.080119e-24 1.296120e-24 2.068510e-25 2.878543e-26 3.474720e-27 3.585620e-28 3.051661e-29 1.929110e-30 4.934780e-32 -8.712195e-33 -1.835949e-33 -2.249702e-34 -2.162479e-35 -1.756113e-36 -1.239907e-37 -7.704413e-39 -4.226649e-40 -2.038248e-41 -8.512321e-43 -2.966309e-44 -7.736096e-46 -7.871388e-48 6.599099e-49 5.840403e-50 3.082922e-51 1.291378e-52 4.613369e-54 1.446194e-55 4.030897e-57 1.004946e-58 2.244791e-60 4.484990e-62 7.972998e-64 1.248348e-65 1.689149e-67 1.858305e-69 7.990859e-72 2.778700e-75 -9.919012e-79 -1.089552e-82 -1.975833e-87 -9.707511e-93 -1.591496e-98
1.400321e-96 7.000801e-91 1.097023e-85 3.486280e-81 -3.926216e-77 -6.795307e-73 -8.400177e-70 -1.487602e-67 -1.146412e-65 -7.474569e-64 -4.294100e-62 -2.195983e-60 -1.004946e-58 -4.122511e-57 -1.513454e-55 -4.942822e-54 -1.417311e-52 -3.467983e-51 -6.737575e-50 -7.809761e-49 9.588487e-48 9.673897e-46 3.814524e-44 1.126688e-42 2.779211e-41 5.942346e-40 1.117902e-38 1.858566e-37 2.722082e-36 3.469740e-35 3.739921e-34 3.163533e-33 1.550453e-32 -9.438676e-32 -3.789127e-30 -6.247699e-29 -7.676087e-28 -7.796964e-27 -6.785787e-26 -5.134679e-25 -3.395943e-24 -1.962693e-23 -9.866862e-23 -4.273057e-22 -1.566308e-21 -4.695727e-21 -1.060219e-20 -1.289996e-20 2.362411e-20 2.059819e-19 7.559439e-19 1.977247e-18 4.053424e-18 6.707081e-18 8.991140e-18 9.559921e-18 7.441619e-18 2.821289e-18 -2.821289e-18 -7.441619e-18 -9.559921e-18 -8.991140e-18 -6.707081e-18 -4.053424e-18 -1.977247e-18 -7.559439e-19 -2.059819e-19 -2.362411e-20 1.289996e-20 1.060219e-20 4.695727e-21 1.566308e-21 4.273057e-22 9.866862e-23 1.962693e-23 3.395943e-24 5.134679e-25 6.785787e-26 7.796964e-27 7.676087e-28 6.247699e-29 3.789127e-30 9.438676e-32 -1.550453e-32 -3.163533e-33 -3.739921e-34 -3.469740e-35 -2.722082e-36 -1.858566e-37 -1.117902e-38 -5.942346e-40 -2.779211e-41 -1.126688e-42 -3.814524e-44 -9.673897e-46 -9.588487e-48 7.809761e-49 6.737575e-50 3.467983e-51 1.417311e-52 4.942822e-54 1.513454e-55 4.122511e-57 1.004946e-58 2.195983e-60 4.294100e-62 7.474569e-64 1.146412e-65 1.487602e-67 8.400177e-70 6.795307e-73 3.926216e-77 -3.486280e-81 -1.097023e-85 -7.000801e-91 -1.400321e-96
9.908366e-95 3.823126e-89 3.499521e-84 -1.232316e-79 -9.822404e-75 -7.042916e-71 -6.595844e-68 -9.875566e-66 -6.711655e-64 -3.936187e-62 -2.055792e-60 -9.612484e-59 -4.030897e-57 -1.513454e-55 -5.057747e-54 -1.484774e-52 -3.721542e-51 -7.410347e-50 -8.807039e-49 1.111553e-47 1.150755e-45 4.662871e-44 1.416467e-42 3.596393e-41 7.921593e-40 1.536558e-38 2.636401e-37 3.988717e-36 5.257016e-35 5.863981e-34 5.135462e-33 2.597692e-32 -1.689742e-31 -6.970326e-30 -1.196142e-28 -1.533899e-27 -1.629743e-26 -1.486731e-25 -1.181677e-24 -8.226844e-24 -5.015907e-23 -2.665553e-22 -1.222275e-21 -4.746109e-21 -1.502791e-20 -3.525473e-20 -3.898547e-20 1.386566e-19 1.071134e-18 4.166060e-18 1.190509e-17 2.711421e-17 5.064662e-17 7.832796e-17 9.990077e-17 1.025153e-16 7.798961e-17 2.923605e-17 -2.923605e-17 -7.798961e-17 -1.025153e-16 -9.990077e-17 -7.832796e-17 -5.064662e-17 -2.711421e-17 -1.190509e-17 -4.166060e-18 -1.071134e-18 -1.386566e-19 3.898547e-20 3.525473e-20 1.502791e-20 4.746109e-21 1.222275e-21 2.665553e-22 5.015907e-23 8.226844e-24 1.181677e-24 1.486731e-25 1.629743e-26 1.533899e-27 1.196142e-28 6.970326e-30 1.689742e-31 -2.597692e-32 -5.135462e-33 -5.863981e-34 -5.257016e-35 -3.988717e-36 -2.636401e-37 -1.536558e-38 -7.921593e-40 -3.596393e-41 -1.416467e-42 -4.662871e-44 -1.150755e-45 -1.111553e-47 8.807039e-49 7.410347e-50 3.721542e-51 1.484774e-52 5.057747e-54 1.513454e-55 4.030897e-57 9.612484e-59 2.055792e-60 3.936187e-62 6.711655e-64 9.875566e-66 6.595844e-68 7.042916e-71 9.822404e-75 1.232316e-79 -3.499521e-84 -3.823126e-89 -9.908366e-95
5.317751e-93 1.213590e-87 -1.104394e-82 -3.158756e-77 -1.003549e-72 -5.429499e-69 -4.289518e-66 -5.652087e-64 -3.454093e-62 -1.841613e-60 -8.794317e-59 -3.768005e-57 -1.446194e-55 -4.942822e-54 -1.484774e-52 -3.810084e-51 -7.771312e-50 -9.465016e-49 1.226515e-47 1.302448e-45 5.419596e-44 1.691944e-42 4.418198e-41 1.001692e-39 2.001585e-38 3.540913e-37 5.528450e-36 7.526027e-35 8.678333e-34 7.860288e-33 4.101098e-32 -2.835437e-31 -1.202411e-29 -2.144516e-28 -2.865539e-27 -3.178698e-26 -3.033245e-25 -2.526697e-24 -1.847218e-23 -1.184993e-22 -6.638024e-22 -3.213254e-21 -1.317678e-20 -4.393485e-20 -1.067742e-19 -1.034956e-19 6.461758e-19 4.796718e-18 1.981880e-17 6.146692e-17 1.537757e-16 3.189120e-16 5.547057e-16 8.115519e-16 9.918542e-16 9.865712e-16 7.353482e-16 2.728804e-16 -2.728804e-16 -7.353482e-16 -9.865712e-16 -9.918542e-16 -8.115519e-16 -5.547057e-16 -3.189120e-16 -1.537757e-16 -6.146692e-17 -1.981880e-17 -4.796718e-18 -6.461758e-19 1.034956e-19 1.067742e-19 4.393485e-20 1.317678e-20 3.213254e-21 6.638024e-22 1.184993e-22 1.847218e-23 2.526697e-24 3.033245e-25 3.178698e-26 2.865539e-27 2.144516e-28 1.202411e-29 2.835437e-31 -4.101098e-32 -7.860288e-33 -8.678333e-34 -7.526027e-35 -5.528450e-36 -3.540913e-37 -2.001585e-38 -1.001692e-39 -4.418198e-41 -1.691944e-42 -5.419596e-44 -1.302448e-45 -1.226515e-47 9.465016e-49 7.771312e-50 3.810084e-51 1.484774e-52 4.942822e-54 1.446194e-55 3.768005e-57 8.794317e-59 1.841613e-60 3.454093e-62 5.652087e-64 4.289518e-66 5.429499e-69 1.003549e-72 3.158756e-77 1.104394e-82 -1.213590e-87 -5.317751e-93
1.676746e-91 -3.417678e-86 -2.904360e-80 -3.179395e-75 -7.592758e-71 -3.461052e-67 -2.403015e-64 -2.842032e-62 -1.578475e-60 -7.694917e-59 -3.367142e-57 -1.320447e-55 -4.613369e-54 -1.417311e-52 -3.721542e-51 -7.771312e-50 -9.695001e-49 1.288340e-47 1.402815e-45 5.990507e-44 1.920629e-42 5.154367e-41 1.201885e-39 2.471963e-38 4.504818e-37 7.251472e-36 1.018638e-34 1.213021e-33 1.135156e-32 6.105614e-32 -4.465177e-31 -1.947235e-29 -3.604830e-28 -5.011325e-27 -5.793873e-26 -5.772388e-25 -5.029149e-24 -3.852404e-23 -2.594061e-22 -1.527871e-21 -7.786795e-21 -3.363087e-20 -1.177761e-19 -2.958285e-19 -2.394015e-19 2.546686e-18 1.882947e-17 8.262708e-17 2.765335e-16 7.533304e-16 1.714155e-15 3.298264e-15 5.397809e-15 7.516833e-15 8.836703e-15 8.539539e-15 6.244367e-15 2.295224e-15 -2.295224e-15 -6.244367e-15 -8.539539e-15 -8.836703e-15 -7.516833e-15 -5.397809e-15 -3.298264e-15 -1.714155e-15 -7.533304e-16 -2.765335e-16 -8.262708e-17 -1.882947e-17 -2.546686e-18 2.394015e-19 2.958285e-19 1.177761e-19 3.363087e-20 7.786795e-21 1.527871e-21 2.594061e-22 3.852404e-23 5.029149e-24 5.772388e-25 5.793873e-26 5.011325e-27 3.604830e-28 1.947235e-29 4.465177e-31 -6.105614e-32 -1.135156e-32 -1.213021e-33 -1.018638e-34 -7.251472e-36 -4.504818e-37 -2.471963e-38 -1.201885e-39 -5.154367e-41 -1.920629e-42 -5.990507e-44 -1.402815e-45 -1.288340e-47 9.695001e-49 7.771312e-50 3.721542e-51 1.417311e-52 4.613369e-54 1.320447e-55 3.367142e-57 7.694917e-59 1.578475e-60 2.842032e-62 2.403015e-64 3.461052e-67 7.592758e-71 3.179395e-75 2.904360e-80 3.417678e-86 -1.676746e-91
-4.210423e-90 -9.234320e-84 -2.877914e-78 -2.359236e-73 -4.741904e-69 -1.898601e-65 -1.181911e-62 -1.268243e-60 -6.438432e-59 -2.876086e-57 -1.151890e-55 -4.112017e-54 -1.291378e-52 -3.467983e-51 -7.410347e-50 -9.465016e-49 1.288340e-47 1.437946e-45 6.297936e-44 2.072285e-42 5.711451e-41 1.368696e-39 2.895220e-38 5.430611e-37 9.004871e-36 1.304078e-34 1.602209e-33 1.547714e-32 8.577480e-32 -6.605759e-31 -2.963208e-29 -5.687263e-28 -8.213759e-27 -9.881993e-26 -1.026151e-24 -9.333281e-24 -7.476052e-23 -5.272736e-22 -3.257856e-21 -1.743928e-20 -7.913551e-20 -2.904268e-19 -7.525978e-19 -4.727851e-19 8.745747e-18 6.559672e-17 3.053035e-16 1.097117e-15 3.231807e-15 7.996325e-15 1.682190e-14 3.029750e-14 4.688988e-14 6.233694e-14 7.060941e-14 6.635452e-14 4.762229e-14 1.734128e-14 -1.734128e-14 -4.762229e-14 -6.635452e-14 -7.060941e-14 -6.233694e-14 -4.688988e-14 -3.029750e-14 -1.682190e-14 -7.996325e-15 -3.231807e-15 -1.097117e-15 -3.053035e-16 -6.559672e-17 -8.745747e-18 4.727851e-19 7.525978e-19 2.904268e-19 7.913551e-20 1.743928e-20 3.257856e-21 5.272736e-22 7.476052e-23 9.333281e-24 1.026151e-24 9.881993e-26 8.213759e-27 5.687263e-28 2.963208e-29 6.605759e-31 -8.577480e-32 -1.547714e-32 -1.602209e-33 -1.304078e-34 -9.004871e-36 -5.430611e-37 -2.895220e-38 -1.368696e-39 -5.711451e-41 -2.072285e-42 -6.297936e-44 -1.437946e-45 -1.288340e-47 9.465016e-49 7.410347e-50 3.467983e-51 1.291378e-52 4.112017e-54 1.151890e-55 2.876086e-57 6.438432e-59 1.268243e-60 1.181911e-62 1.898601e-65 4.741904e-69 2.359236e-73 2.877914e-78 9.234320e-84 4.210423e-90
-1.170604e-87 -9.001326e-82 -2.092940e-76 -1.442555e-71 -2.545835e-67 -9.137173e-64 -5.155892e-61 -5.048485e-59 -2.347791e-57 -9.599215e-56 -3.499710e-54 -1.123004e-52 -3.082922e-51 -6.737575e-50 -8.807039e-49 1.226515e-47 1.402815e-45 6.297936e-44 2.125430e-42 6.011977e-41 1.479595e-39 3.216537e-38 6.205061e-37 1.059000e-35 1.579721e-34 2.000680e-33 1.993240e-32 1.137707e-31 -9.188490e-31 -4.240672e-29 -8.428946e-28 -1.263019e-26 -1.578937e-25 -1.706177e-24 -1.617295e-23 -1.352169e-22 -9.969169e-22 -6.448251e-21 -3.617629e-20 -1.721030e-19 -6.606145e-19 -1.763730e-18 -7.566738e-19 2.662764e-17 2.046621e-16 1.008473e-15 3.874302e-15 1.226984e-14 3.277808e-14 7.472822e-14 1.464246e-13 2.478077e-13 3.633545e-13 4.614620e-13 5.036213e-13 4.600634e-13 3.239370e-13 1.168286e-13 -1.168286e-13 -3.239370e-13 -4.600634e-13 -5.036213e-13 -4.614620e-13 -3.633545e-13 -2.478077e-13 -1.464246e-13 -7.472822e-14 -3.277808e-14 -1.226984e-14 -3.874302e-15 -1.008473e-15 -2.046621e-16 -2.662764e-17 7.566738e-19 1.763730e-18 6.606145e-19 1.721030e-19 3.617629e-20 6.448251e-21 9.969169e-22 1.352169e-22 1.617295e-23 1.706177e-24 1.578937e-25 1.263019e-26 8.428946e-28 4.240672e-29 9.188490e-31 -1.137707e-31 -1.993240e-32 -2.000680e-33 -1.579721e-34 -1.059000e-35 -6.205061e-37 -3.216537e-38 -1.479595e-39 -6.011977e-41 -2.125430e-42 -6.297936e-44 -1.402815e-45 -1.226515e-47 8.807039e-49 6.737575e-50 3.082922e-51 1.123004e-52 3.499710e-54 9.599215e-56 2.347791e-57 5.048485e-59 5.155892e-61 9.137173e-64 2.545835e-67 1.442555e-71 2.092940e-76 9.001326e-82 1.170604e-87
-1.121621e-85 -6.410756e-80 -1.252002e-74 -7.574481e-70 -1.198163e-65 -3.897660e-62 -2.005236e-59 -1.795545e-57 -7.640241e-56 -2.843642e-54 -9.319272e-53 -2.614105e-51 -5.840403e-50 -7.809761e-49 1.111553e-47 1.302448e-45 5.990507e-44 2.072285e-42 6.011977e-41 1.518506e-39 3.390208e-38 6.721275e-37 1.179736e-35 1.811237e-34 2.362614e-33 2.425694e-32 1.425400e-31 -1.202563e-30 -5.711221e-29 -1.174417e-27 -1.823584e-26 -2.365635e-25 -2.656225e-24 -2.619933e-23 -2.282472e-22 -1.755979e-21 -1.186775e-20 -6.964399e-20 -3.466748e-19 -1.389401e-18 -3.818153e-18 -8.208258e-19 7.269313e-17 5.759161e-16 2.998508e-15 1.226836e-14 4.157010e-14 1.192115e-13 2.925053e-13 6.181878e-13 1.131058e-12 1.799462e-12 2.497648e-12 3.025236e-12 3.174593e-12 2.813301e-12 1.940184e-12 6.923845e-13 -6.923845e-13 -1.940184e-12 -2.813301e-12 -3.174593e-12 -3.025236e-12 -2.497648e-12 -1.799462e-12 -1.131058e-12 -6.181878e-13 -2.925053e-13 -1.192115e-13 -4.157010e-14 -1.226836e-14 -2.998508e-15 -5.759161e-16 -7.269313e-17 8.208258e-19 3.818153e-18 1.389401e-18 3.466748e-19 6.964399e-20 1.186775e-20 1.755979e-21 2.282472e-22 2.619933e-23 2.656225e-24 2.365635e-25 1.823584e-26 1.174417e-27 5.711221e-29 1.202563e-30 -1.425400e-31 -2.425694e-32 -2.362614e-33 -1.811237e-34 -1.179736e-35 -6.721275e-37 -3.390208e-38 -1.518506e-39 -6.011977e-41 -2.072285e-42 -5.990507e-44 -1.302448e-45 -1.111553e-47 7.809761e-49 5.840403e-50 2.614105e-51 9.319272e-53 2.843642e-54 7.640241e-56 1.795545e-57 2.005236e-59 3.897660e-62 1.198163e-65 7.574481e-70 1.252002e-74 6.410756e-80 1.121621e-85
-7.816838e-84 -3.748956e-78 -6.424465e-73 -3.483562e-68 -4.994858e-64 -1.481475e-60 -6.964334e-58 -5.695523e-56 -2.205368e-54 -7.378488e-53 -2.113871e-51 -4.825980e-50 -6.599099e-49 9.588487e-48 1.150755e-45 5.419596e-44 1.920629e-42 5.711451e-41 1.479595e-39 3.390208e-38 6.902632e-37 1.245124e-35 1.965970e-34 2.639218e-33 2.790316e-32 1.687459e-31 -1.481688e-30 -7.242431e-29 -1.539293e-27 -2.473996e-26 -3.326177e-25 -3.875556e-24 -3.971825e-23 -3.600038e-22 -2.885320e-21 -2.034033e-20 -1.246326e-19 -6.480054e-19 -2.707506e-18 -7.653637e-18 7.846928e-20 1.793687e-16 1.469845e-15 8.070042e-15 3.504675e-14 1.265303e-13 3.876479e-13 1.017995e-12 2.305062e-12 4.520729e-12 7.713287e-12 1.150181e-11 1.504888e-11 1.729651e-11 1.735760e-11 1.484570e-11 9.987272e-12 3.518740e-12 -3.518740e-12 -9.987272e-12 -1.484570e-11 -1.735760e-11 -1.729651e-11 -1.504888e-11 -1.150181e-11 -7.713287e-12 -4.520729e-12 -2.305062e-12 -1.017995e-12 -3.876479e-13 -1.265303e-13 -3.504675e-14 -8.070042e-15 -1.469845e-15 -1.793687e-16 -7.846928e-20 7.653637e-18 2.707506e-18 6.480054e-19 1.246326e-19 2.034033e-20 2.885320e-21 3.600038e-22 3.971825e-23 3.875556e-24 3.326177e-25 2.473996e-26 1.539293e-27 7.242431e-29 1.481688e-30 -1.687459e-31 -2.790316e-32 -2.639218e-33 -1.965970e-34 -1.245124e-35 -6.902632e-37 -3.390208e-38 -1.479595e-39 -5.711451e-41 -1.920629e-42 -5.419596e-44 -1.150755e-45 -9.588487e-48 6.599099e-49 4.825980e-50 2.113871e-51 7.378488e-53 2.205368e-54 5.695523e-56 6.964334e-58 1.481475e-60 4.994858e-64 3.483562e-68 6.424465e-73 3.748956e-78 7.816838e-84
-4.465149e-82 -1.878483e-76 -2.885003e-71 -1.418098e-66 -1.854251e-62 -5.026023e-59 -2.156254e-56 -1.601505e-54 -5.572099e-53 -1.629765e-51 -3.800466e-50 -5.312342e-49 7.871388e-48 9.673897e-46 4.662871e-44 1.691944e-42 5.154367e-41 1.368696e-39 3.216537e-38 6.721275e-37 1.245124e-35 2.020404e-34 2.789320e-33 3.034634e-32 1.888142e-31 -1.719397e-30 -8.651452e-29 -1.898839e-27 -3.155602e-26 -4.391864e-25 -5.303536e-24 -5.639893e-23 -5.310925e-22 -4.427654e-21 -3.250610e-20 -2.076296e-19 -1.125772e-18 -4.897140e-18 -1.423557e-17 3.454358e-18 4.024130e-16 3.417727e-15 1.975001e-14 9.076818e-14 3.479189e-13 1.134126e-12 3.172964e-12 7.656526e-12 1.599042e-11 2.900369e-11 4.588150e-11 6.361319e-11 7.766253e-11 8.368504e-11 7.925783e-11 6.458460e-11 4.193870e-11 1.450069e-11 -1.450069e-11 -4.193870e-11 -6.458460e-11 -7.925783e-11 -8.368504e-11 -7.766253e-11 -6.361319e-11 -4.588150e-11 -2.900369e-11 -1.599042e-11 -7.656526e-12 -3.172964e-12 -1.134126e-12 -3.479189e-13 -9.076818e-14 -1.975001e-14 -3.417727e-15 -4.024130e-16 -3.454358e-18 1.423557e-17 4.897140e-18 1.125772e-18 2.076296e-19 3.250610e-20 4.427654e-21 5.310925e-22 5.639893e-23 5.303536e-24 4.391864e-25 3.155602e-26 1.898839e-27 8.651452e-29 1.719397e-30 -1.888142e-31 -3.034634e-32 -2.789320e-33 -2.020404e-34 -1.245124e-35 -6.721275e-37 -3.216537e-38 -1.368696e-39 -5.154367e-41 -1.691944e-42 -4.662871e-44 -9.673897e-46 -7.871388e-48 5.312342e-49 3.800466e-50 1.629765e-51 5.572099e-53 1.601505e-54 2.156254e-56 5.026023e-59 1.854251e-62 1.418098e-66 2.885003e-71 1.878483e-76 4.465149e-82
-2.182910e-80 -8.229874e-75 -1.145885e-69 -5.137458e-65 -6.140804e-61 -1.519481e-57 -5.916135e-55 -3.939371e-53 -1.197640e-51 -2.851525e-50 -4.073165e-49 6.147883e-48 7.736096e-46 3.814524e-44 1.416467e-42 4.418198e-41 1.201885e-39 2.895220e-38 6.205061e-37 1.179736e-35 1.965970e-34 2.789320e-33 3.120693e-32 1.997177e-31 -1.879733e-30 -9.738277e-29 -2.205412e-27 -3.785941e-26 -5.448689e-25 -6.811332e-24 -7.506675e-23 -7.334262e-22 -6.351437e-21 -4.849064e-20 -3.223927e-19 -1.820244e-18 -8.233900e-18 -2.461202e-17 1.176173e-17 8.246222e-16 7.267173e-15 4.411986e-14 2.140126e-13 8.682075e-13 3.000767e-12 8.909604e-12 2.281211e-11 5.047060e-11 9.665802e-11 1.606216e-10 2.323970e-10 2.940104e-10 3.265913e-10 3.193507e-10 2.743698e-10 2.040092e-10 1.229824e-10 4.074789e-11 -4.074789e-11 -1.229824e-10 -2.040092e-10 -2.743698e-10 -3.193507e-10 -3.265913e-10 -2.940104e-10 -2.323970e-10 -1.606216e-10 -9.665802e-11 -5.047060e-11 -2.281211e-11 -8.909604e-12 -3.000767e-12 -8.682075e-13 -2.140126e-13 -4.411986e-14 -7.267173e-15 -8.246222e-16 -1.176173e-17 2.461202e-17 8.233900e-18 1.820244e-18 3.223927e-19 4.849064e-20 6.351437e-21 7.334262e-22 7.506675e-23 6.811332e-24 5.448689e-25 3.785941e-26 2.205412e-27 9.738277e-29 1.879733e-30 -1.997177e-31 -3.120693e-32 -2.789320e-33 -1.965970e-34 -1.179736e-35 -6.205061e-37 -2.895220e-38 -1.201885e-39 -4.418198e-41 -1.416467e-42 -3.814524e-44 -7.736096e-46 -6.147883e-48 4.073165e-49 2.851525e-50 1.197640e-51 3.939371e-53 5.916135e-55 1.519481e-57 6.140804e-61 5.137458e-65 1.145885e-69 8.229874e-75 2.182910e-80
-9.322220e-79 -3.186540e-73 -4.047583e-68 -1.659400e-63 -1.811504e-59 -4.070082e-56 -1.419924e-53 -8.239088e-52 -2.037746e-50 -2.973629e-49 4.567049e-48 5.883316e-46 2.966309e-44 1.126688e-42 3.596393e-41 1.001692e-39 2.471963e-38 5.430611e-37 1.059000e-35 1.811237e-34 2.639218e-33 3.034634e-32 1.997177e-31 -1.936396e-30 -1.033132e-28 -2.412370e-27 -4.273865e-26 -6.354097e-25 -8.213868e-24 -9.370721e-23 -9.487698e-22 -8.523728e-21 -6.758150e-20 -4.670504e-19 -2.742311e-18 -1.288599e-17 -3.961375e-17 2.817776e-17 1.549028e-15 1.417379e-14 9.025215e-14 4.609651e-13 1.973772e-12 7.211386e-12 2.264885e-11 6.131042e-11 1.431017e-10 2.878198e-10 4.984429e-10 7.426607e-10 9.507323e-10 1.041819e-09 9.678503e-10 7.459498e-10 4.554697e-10 1.983890e-10 4.556433e-11 2.415132e-13 -2.415132e-13 -4.556433e-11 -1.983890e-10 -4.554697e-10 -7.459498e-10 -9.678503e-10 -1.041819e-09 -9.507323e-10 -7.426607e-10 -4.984429e-10 -2.878198e-10 -1.431017e-10 -6.131042e-11 -2.264885e-11 -7.211386e-12 -1.973772e-12 -4.609651e-13 -9.025215e-14 -1.417379e-14 -1.549028e-15 -2.817776e-17 3.961375e-17 1.288599e-17 2.742311e-18 4.670504e-19 6.758150e-20 8.523728e-21 9.487698e-22 9.370721e-23 8.213868e-24 6.354097e-25 4.273865e-26 2.412370e-27 1.033132e-28 1.936396e-30 -1.997177e-31 -3.034634e-32 -2.639218e-33 -1.811237e-34 -1.059000e-35 -5.430611e-37 -2.471963e-38 -1.001692e-39 -3.596393e-41 -1.126688e-42 -2.966309e-44 -5.883316e-46 -4.567049e-48 2.973629e-49 2.037746e-50 8.239088e-52 1.419924e-53 4.070082e-56 1.811504e-59 1.659400e-63 4.047583e-68 3.186540e-73 9.322220e-79
