0.000000e+00 0.000000e+00 0.000000e+00 0.000000e+00 0.000000e+00 0.000000e+00 0.000000e+00 0.000000e+00 0.000000e+00 0.000000e+00 0.000000e+00 0.000000e+00 0.000000e+00 0.000000e+00 0.000000e+00 0.000000e+00 0.000000e+00 0.000000e+00 0.000000e+00 0.000000e+00 0.000000e+00 0.000000e+00 0.000000e+00 0.000000e+00 0.000000e+00 0.000000e+00 0.000000e+00 0.000000e+00 0.000000e+00 0.000000e+00 0.000000e+00 0.000000e+00 0.000000e+00 0.000000e+00 0.000000e+00 0.000000e+00 0.000000e+00 0.000000e+00 0.000000e+00 0.000000e+00 0.000000e+00 0.000000e+00 0.000000e+00 0.000000e+00 0.000000e+00 0.000000e+00 0.000000e+00 0.000000e+00 0.000000e+00 0.000000e+00 0.000000e+00 0.000000e+00 0.000000e+00 0.000000e+00 0.000000e+00 0.000000e+00 0.000000e+00 0.000000e+00 0.000000e+00 0.000000e+00 0.000000e+00 0.000000e+00 0.000000e+00 0.000000e+00 0.000000e+00 0.000000e+00 0.000000e+00 0.000000e+00 0.000000e+00 0.000000e+00 0.000000e+00 0.000000e+00 0.000000e+00 0.000000e+00 0.000000e+00 0.000000e+00 0.000000e+00 0.000000e+00 0.000000e+00 0.000000e+00 0.000000e+00 0.000000e+00 0.000000e+00 0.000000e+00 0.000000e+00 0.000000e+00 0.000000e+00 0.000000e+00 0.000000e+00 0.000000e+00 0.000000e+00 0.000000e+00 0.000000e+00 0.000000e+00 0.000000e+00 0.000000e+00 0.000000e+00 0.000000e+00 0.000000e+00 0.000000e+00 0.000000e+00 0.000000e+00 0.000000e+00 0.000000e+00 0.000000e+00 0.000000e+00 0.000000e+00 0.000000e+00 0.000000e+00 0.000000e+00 0.000000e+00 0.000000e+00 0.000000e+00 0.000000e+00 0.000000e+00 0.000000e+00
0.000000e+00 0.000000e+00 0.000000e+00 1.919674e-120 4.745869e-115 1.319465e-110 4.191114e-107 1.857708e-104 3.306809e-102 4.593877e-100 5.196828e-98 4.818365e-96 3.623941e-94 2.111556e-92 7.944507e-91 -4.668555e-90 -4.064575e-87 -4.420898e-85 -3.337515e-83 -2.041080e-81 -1.064409e-79 -4.845824e-78 -1.949822e-76 -6.980091e-75 -2.229666e-73 -6.354664e-72 -1.610505e-70 -3.600694e-69 -6.987323e-68 -1.136433e-66 -1.411258e-65 -8.507917e-65 1.746135e-63 7.947479e-62 1.906388e-60 3.513568e-59 5.402759e-58 7.139831e-57 8.203372e-56 8.215687e-55 7.143150e-54 5.329829e-53 3.330481e-52 1.648056e-51 5.402735e-51 -7.645625e-52 -1.734142e-49 -1.567127e-48 -9.345333e-48 -4.300824e-47 -1.594706e-46 -4.824440e-46 -1.190190e-45 -2.372923e-45 -3.755101e-45 -4.554096e-45 -3.876623e-45 -1.536774e-45 1.536774e-45 3.876623e-45 4.554096e-45 3.755101e-45 2.372923e-45 1.190190e-45 4.824440e-46 1.594706e-46 4.300824e-47 9.345333e-48 1.567127e-48 1.734142e-49 7.645625e-52 -5.402735e-51 -1.648056e-51 -3.330481e-52 -5.329829e-53 -7.143150e-54 -8.215687e-55 -8.203372e-56 -7.139831e-57 -5.402759e-58 -3.513568e-59 -1.906388e-60 -7.947479e-62 -1.746135e-63 8.507917e-65 1.411258e-65 1.136433e-66 6.987323e-68 3.600694e-69 1.610505e-70 6.354664e-72 2.229666e-73 6.980091e-75 1.949822e-76 4.845824e-78 1.064409e-79 2.041080e-81 3.337515e-83 4.420898e-85 4.064575e-87 4.668555e-90 -7.944507e-91 -2.111556e-92 -3.623941e-94 -4.818365e-96 -5.196828e-98 -4.593877e-100 -3.306809e-102 -1.857708e-104 -4.191114e-107 -1.319465e-110 -4.745869e-115 -1.919674e-120 0.000000e+00 0.000000e+00 0.000000e+00
0.000000e+00 0.000000e+00 8.680564e-120 7.329058e-114 8.949090e-109 1.635068e-104 3.829161e-101 1.330454e-98 1.925433e-96 2.218536e-94 2.095285e-92 1.604839e-90 9.510200e-89 3.613305e-87 -2.765760e-86 -2.006540e-83 -2.212885e-81 -1.704168e-79 -1.065296e-77 -5.685294e-76 -2.651173e-74 -1.093536e-72 -4.015898e-71 -1.316866e-69 -3.855204e-68 -1.004151e-66 -2.308035e-65 -4.603706e-64 -7.684201e-63 -9.724981e-62 -5.611946e-61 1.453903e-59 6.496187e-58 1.599130e-56 3.049767e-55 4.871691e-54 6.706354e-53 8.044946e-52 8.429449e-51 7.681388e-50 6.014054e-49 3.941548e-48 2.033479e-47 6.698106e-47 -6.295651e-47 -3.073801e-45 -2.870399e-44 -1.836920e-43 -9.219665e-43 -3.776181e-42 -1.278426e-41 -3.582523e-41 -8.266443e-41 -1.553881e-40 -2.337254e-40 -2.720052e-40 -2.248252e-40 -8.776742e-41 8.776742e-41 2.248252e-40 2.720052e-40 2.337254e-40 1.553881e-40 8.266443e-41 3.582523e-41 1.278426e-41 3.776181e-42 9.219665e-43 1.836920e-43 2.870399e-44 3.073801e-45 6.295651e-47 -6.698106e-47 -2.033479e-47 -3.941548e-48 -6.014054e-49 -7.681388e-50 -8.429449e-51 -8.044946e-52 -6.706354e-53 -4.871691e-54 -3.049767e-55 -1.599130e-56 -6.496187e-58 -1.453903e-59 5.611946e-61 9.724981e-62 7.684201e-63 4.603706e-64 2.308035e-65 1.004151e-66 3.855204e-68 1.316866e-69 4.015898e-71 1.093536e-72 2.651173e-74 5.685294e-76 1.065296e-77 1.704168e-79 2.212885e-81 2.006540e-83 2.765760e-86 -3.613305e-87 -9.510200e-89 -1.604839e-90 -2.095285e-92 -2.218536e-94 -1.925433e-96 -1.330454e-98 -3.829161e-101 -1.635068e-104 -8.949090e-109 -7.329058e-114 -8.680564e-120 0.000000e+00 0.000000e+00
0.000000e+00 5.322158e-120 1.268016e-113 5.287731e-108 4.242996e-103 5.715052e-99 1.048390e-95 2.957277e-93 3.547726e-91 3.411202e-89 2.659155e-87 1.601491e-85 6.136378e-84 -5.915094e-83 -3.700091e-80 -4.134584e-78 -3.245720e-76 -2.072382e-74 -1.130984e-72 -5.397887e-71 -2.280477e-69 -8.583781e-68 -2.886788e-66 -8.672493e-65 -2.319080e-63 -5.473621e-62 -1.120764e-60 -1.916799e-59 -2.466069e-58 -1.339011e-57 4.432031e-56 1.949708e-54 4.918214e-53 9.688255e-52 1.604468e-50 2.295716e-49 2.868418e-48 3.136118e-47 2.986394e-46 2.445285e-45 1.674271e-44 8.957615e-44 2.922314e-43 -5.982401e-43 -1.897960e-41 -1.832517e-40 -1.250770e-39 -6.788012e-39 -3.038274e-38 -1.135861e-37 -3.555355e-37 -9.287256e-37 -2.010003e-36 -3.564504e-36 -5.092311e-36 -5.678668e-36 -4.550640e-36 -1.747708e-36 1.747708e-36 4.550640e-36 5.678668e-36 5.092311e-36 3.564504e-36 2.010003e-36 9.287256e-37 3.555355e-37 1.135861e-37 3.038274e-38 6.788012e-39 1.250770e-39 1.832517e-40 1.897960e-41 5.982401e-43 -2.922314e-43 -8.957615e-44 -1.674271e-44 -2.445285e-45 -2.986394e-46 -3.136118e-47 -2.868418e-48 -2.295716e-49 -1.604468e-50 -9.688255e-52 -4.918214e-53 -1.949708e-54 -4.432031e-56 1.339011e-57 2.466069e-58 1.916799e-59 1.120764e-60 5.473621e-62 2.319080e-63 8.672493e-65 2.886788e-66 8.583781e-68 2.280477e-69 5.397887e-71 1.130984e-72 2.072382e-74 3.245720e-76 4.134584e-78 3.700091e-80 5.915094e-83 -6.136378e-84 -1.601491e-85 -2.659155e-87 -3.411202e-89 -3.547726e-91 -2.957277e-93 -1.048390e-95 -5.715052e-99 -4.242996e-103 -5.287731e-108 -1.268016e-113 -5.322158e-120 0.000000e+00
4.328760e-121 2.522334e-114 2.968138e-108 8.133963e-103 4.811636e-98 5.076054e-94 7.553780e-91 1.763447e-88 1.764041e-86 1.398747e-84 8.555227e-83 3.301341e-81 -3.913926e-80 -2.162565e-77 -2.446825e-75 -1.956608e-73 -1.275133e-71 -7.110975e-70 -3.470951e-68 -1.500761e-66 -5.785002e-65 -1.993570e-63 -6.140064e-62 -1.683925e-60 -4.076748e-59 -8.558166e-58 -1.497403e-56 -1.953315e-55 -9.752125e-55 4.202984e-53 1.824840e-51 4.710749e-50 9.568589e-49 1.639815e-47 2.433765e-46 3.160280e-45 3.596569e-44 3.569255e-43 3.047015e-42 2.171522e-41 1.198494e-40 3.804662e-40 -1.371945e-39 -3.492318e-38 -3.484975e-37 -2.523428e-36 -1.470167e-35 -7.127980e-35 -2.911400e-34 -1.004687e-33 -2.922803e-33 -7.128637e-33 -1.445831e-32 -2.412218e-32 -3.259428e-32 -3.465824e-32 -2.680569e-32 -1.009993e-32 1.009993e-32 2.680569e-32 3.465824e-32 3.259428e-32 2.412218e-32 1.445831e-32 7.128637e-33 2.922803e-33 1.004687e-33 2.911400e-34 7.127980e-35 1.470167e-35 2.523428e-36 3.484975e-37 3.492318e-38 1.371945e-39 -3.804662e-40 -1.198494e-40 -2.171522e-41 -3.047015e-42 -3.569255e-43 -3.596569e-44 -3.160280e-45 -2.433765e-46 -1.639815e-47 -9.568589e-49 -4.710749e-50 -1.824840e-51 -4.202984e-53 9.752125e-55 1.953315e-55 1.497403e-56 8.558166e-58 4.076748e-59 1.683925e-60 6.140064e-62 1.993570e-63 5.785002e-65 1.500761e-66 3.470951e-68 7.110975e-70 1.275133e-71 1.956608e-73 2.446825e-75 2.162565e-77 3.913926e-80 -3.301341e-81 -8.555227e-83 -1.398747e-84 -1.764041e-86 -1.763447e-88 -7.553780e-91 -5.076054e-94 -4.811636e-98 -8.133963e-103 -2.968138e-108 -2.522334e-114 -4.328760e-121
5.339202e-116 1.536596e-109 1.188270e-103 2.400614e-98 1.112234e-93 9.517289e-90 1.171135e-86 2.275396e-84 1.874697e-82 1.163678e-80 4.515969e-79 -6.469046e-78 -3.215483e-75 -3.681498e-73 -2.996815e-71 -1.992103e-69 -1.134412e-67 -5.658848e-66 -2.502209e-64 -9.869805e-63 -3.482267e-61 -1.098564e-59 -3.086976e-58 -7.657664e-57 -1.646141e-55 -2.942131e-54 -3.880873e-53 -1.725023e-52 9.964006e-51 4.278957e-49 1.129020e-47 2.361035e-46 4.179861e-45 6.422839e-44 8.649822e-43 1.022364e-41 1.054732e-40 9.360809e-40 6.919693e-39 3.918961e-38 1.183313e-37 -6.933667e-37 -1.547004e-35 -1.594202e-34 -1.218938e-33 -7.577174e-33 -3.950167e-32 -1.747323e-31 -6.578255e-31 -2.104262e-30 -5.692161e-30 -1.293016e-29 -2.444869e-29 -3.807296e-29 -4.815216e-29 -4.823568e-29 -3.559712e-29 -1.306344e-29 1.306344e-29 3.559712e-29 4.823568e-29 4.815216e-29 3.807296e-29 2.444869e-29 1.293016e-29 5.692161e-30 2.104262e-30 6.578255e-31 1.747323e-31 3.950167e-32 7.577174e-33 1.218938e-33 1.594202e-34 1.547004e-35 6.933667e-37 -1.183313e-37 -3.918961e-38 -6.919693e-39 -9.360809e-40 -1.054732e-40 -1.022364e-41 -8.649822e-43 -6.422839e-44 -4.179861e-45 -2.361035e-46 -1.129020e-47 -4.278957e-49 -9.964006e-51 1.725023e-52 3.880873e-53 2.942131e-54 1.646141e-55 7.657664e-57 3.086976e-58 1.098564e-59 3.482267e-61 9.869805e-63 2.502209e-64 5.658848e-66 1.134412e-67 1.992103e-69 2.996815e-71 3.681498e-73 3.215483e-75 6.469046e-78 -4.515969e-79 -1.163678e-80 -1.874697e-82 -2.275396e-84 -1.171135e-86 -9.517289e-90 -1.112234e-93 -2.400614e-98 -1.188270e-103 -1.536596e-109 -5.339202e-116
6.425002e-112 1.215192e-105 6.927956e-100 1.096257e-94 4.119871e-90 2.914860e-86 2.982262e-83 4.760195e-81 3.061919e-79 1.193622e-77 -2.032833e-76 -9.237181e-74 -1.069772e-71 -8.859861e-70 -6.003829e-68 -3.489059e-66 -1.777571e-64 -8.032738e-63 -3.239923e-61 -1.169469e-59 -3.775974e-58 -1.086236e-56 -2.758390e-55 -6.065606e-54 -1.105950e-52 -1.471568e-51 -5.567966e-51 4.487840e-49 1.911205e-47 5.149815e-46 1.107320e-44 2.022090e-43 3.211706e-42 4.477850e-41 5.485883e-40 5.870532e-39 5.403005e-38 4.130075e-37 2.388426e-36 6.662429e-36 -6.136362e-35 -1.260004e-33 -1.340092e-32 -1.077857e-31 -7.112493e-31 -3.962539e-30 -1.884564e-29 -7.674462e-29 -2.672009e-28 -7.918068e-28 -1.983464e-27 -4.163448e-27 -7.247768e-27 -1.034111e-26 -1.192837e-26 -1.089250e-26 -7.409895e-27 -2.586620e-27 2.586620e-27 7.409895e-27 1.089250e-26 1.192837e-26 1.034111e-26 7.247768e-27 4.163448e-27 1.983464e-27 7.918068e-28 2.672009e-28 7.674462e-29 1.884564e-29 3.962539e-30 7.112493e-31 1.077857e-31 1.340092e-32 1.260004e-33 6.136362e-35 -6.662429e-36 -2.388426e-36 -4.130075e-37 -5.403005e-38 -5.870532e-39 -5.485883e-40 -4.477850e-41 -3.211706e-42 -2.022090e-43 -1.107320e-44 -5.149815e-46 -1.911205e-47 -4.487840e-49 5.567966e-51 1.471568e-51 1.105950e-52 6.065606e-54 2.758390e-55 1.086236e-56 3.775974e-58 1.169469e-59 3.239923e-61 8.032738e-63 1.777571e-64 3.489059e-66 6.003829e-68 8.859861e-70 1.069772e-71 9.237181e-74 2.032833e-76 -1.193622e-77 -3.061919e-79 -4.760195e-81 -2.982262e-83 -2.914860e-86 -4.119871e-90 -1.096257e-94 -6.927956e-100 -1.215192e-105 -6.425002e-112
8.391455e-109 1.170422e-102 5.228044e-97 6.712609e-92 2.086591e-87 1.227804e-83 1.031237e-80 1.280530e-78 5.124712e-77 -1.007197e-75 -4.287408e-73 -5.027289e-71 -4.236796e-69 -2.926585e-67 -1.735374e-65 -9.027756e-64 -4.168206e-62 -1.718648e-60 -6.344762e-59 -2.096060e-57 -6.171094e-56 -1.603813e-54 -3.607061e-53 -6.709863e-52 -9.011692e-51 -2.806995e-50 3.208496e-48 1.364574e-46 3.758474e-45 8.308496e-44 1.564199e-42 2.566120e-41 3.700673e-40 4.694691e-39 5.205634e-38 4.963094e-37 3.919095e-36 2.311757e-35 5.841716e-35 -8.082383e-34 -1.590454e-32 -1.750059e-31 -1.478387e-30 -1.032380e-29 -6.121272e-29 -3.114246e-28 -1.363455e-27 -5.129357e-27 -1.650535e-26 -4.510131e-26 -1.036312e-25 -1.977009e-25 -3.080932e-25 -3.840775e-25 -3.726656e-25 -2.713351e-25 -1.401170e-25 -3.877143e-26 3.877143e-26 1.401170e-25 2.713351e-25 3.726656e-25 3.840775e-25 3.080932e-25 1.977009e-25 1.036312e-25 4.510131e-26 1.650535e-26 5.129357e-27 1.363455e-27 3.114246e-28 6.121272e-29 1.032380e-29 1.478387e-30 1.750059e-31 1.590454e-32 8.082383e-34 -5.841716e-35 -2.311757e-35 -3.919095e-36 -4.963094e-37 -5.205634e-38 -4.694691e-39 -3.700673e-40 -2.566120e-41 -1.564199e-42 -8.308496e-44 -3.758474e-45 -1.364574e-46 -3.208496e-48 2.806995e-50 9.011692e-51 6.709863e-52 3.607061e-53 1.603813e-54 6.171094e-56 2.096060e-57 6.344762e-59 1.718648e-60 4.168206e-62 9.027756e-64 1.735374e-65 2.926585e-67 4.236796e-69 5.027289e-71 4.287408e-73 1.007197e-75 -5.124712e-77 -1.280530e-78 -1.031237e-80 -1.227804e-83 -2.086591e-87 -6.712609e-92 -5.228044e-97 -1.170422e-102 -8.391455e-109
2.311262e-106 2.528803e-100 9.177426e-95 9.760611e-90 2.527655e-85 1.223498e-81 8.007088e-79 6.167284e-77 -1.321432e-75 -5.559084e-73 -6.632931e-71 -5.701038e-69 -4.020168e-67 -2.435232e-65 -1.294937e-63 -6.114795e-62 -2.580002e-60 -9.751726e-59 -3.300109e-57 -9.957595e-56 -2.653274e-54 -6.118988e-53 -1.166461e-51 -1.598814e-50 -4.577190e-50 6.275813e-48 2.719289e-46 7.702658e-45 1.756182e-43 3.416033e-42 5.798455e-41 8.663362e-40 1.140005e-38 1.312570e-37 1.300272e-36 1.066257e-35 6.494939e-35 1.581709e-34 -2.742685e-33 -5.469417e-32 -6.295069e-31 -5.607241e-30 -4.149300e-29 -2.618252e-28 -1.423535e-27 -6.688632e-27 -2.712068e-26 -9.445360e-26 -2.803677e-25 -7.013548e-25 -1.454817e-24 -2.441447e-24 -3.177705e-24 -2.928059e-24 -1.373996e-24 6.969186e-25 1.731681e-24 8.915917e-25 -8.915917e-25 -1.731681e-24 -6.969186e-25 1.373996e-24 2.928059e-24 3.177705e-24 2.441447e-24 1.454817e-24 7.013548e-25 2.803677e-25 9.445360e-26 2.712068e-26 6.688632e-27 1.423535e-27 2.618252e-28 4.149300e-29 5.607241e-30 6.295069e-31 5.469417e-32 2.742685e-33 -1.581709e-34 -6.494939e-35 -1.066257e-35 -1.300272e-36 -1.312570e-37 -1.140005e-38 -8.663362e-40 -5.798455e-41 -3.416033e-42 -1.756182e-43 -7.702658e-45 -2.719289e-46 -6.275813e-48 4.577190e-50 1.598814e-50 1.166461e-51 6.118988e-53 2.653274e-54 9.957595e-56 3.300109e-57 9.751726e-59 2.580002e-60 6.114795e-62 1.294937e-63 2.435232e-65 4.020168e-67 5.701038e-69 6.632931e-71 5.559084e-73 1.321432e-75 -6.167284e-77 -8.007088e-79 -1.223498e-81 -2.527655e-85 -9.760611e-90 -9.177426e-95 -2.528803e-100 -2.311262e-106
4.024532e-104 3.581071e-98 1.077728e-92 9.562385e-88 2.041098e-83 7.725023e-80 3.159447e-77 -1.279826e-75 -5.672164e-73 -6.908126e-71 -6.063603e-69 -4.368639e-67 -2.705048e-65 -1.471060e-63 -7.107798e-62 -3.070277e-60 -1.188740e-58 -4.123209e-57 -1.275933e-55 -3.488956e-54 -8.262512e-53 -1.618414e-51 -2.280168e-50 -6.655915e-50 9.519974e-48 4.249554e-46 1.242054e-44 2.925360e-43 5.884730e-42 1.034213e-40 1.601758e-39 2.187604e-38 2.617490e-37 2.697892e-36 2.303964e-35 1.460607e-34 3.619244e-34 -6.968478e-33 -1.445003e-31 -1.748259e-30 -1.643828e-29 -1.288482e-28 -8.641375e-28 -5.011053e-27 -2.520425e-26 -1.098092e-25 -4.124261e-25 -1.324379e-24 -3.590093e-24 -8.052364e-24 -1.442995e-23 -1.915250e-23 -1.449889e-23 6.910172e-24 4.207613e-23 7.163483e-23 7.020961e-23 2.942774e-23 -2.942774e-23 -7.020961e-23 -7.163483e-23 -4.207613e-23 -6.910172e-24 1.449889e-23 1.915250e-23 1.442995e-23 8.052364e-24 3.590093e-24 1.324379e-24 4.124261e-25 1.098092e-25 2.520425e-26 5.011053e-27 8.641375e-28 1.288482e-28 1.643828e-29 1.748259e-30 1.445003e-31 6.968478e-33 -3.619244e-34 -1.460607e-34 -2.303964e-35 -2.697892e-36 -2.617490e-37 -2.187604e-38 -1.601758e-39 -1.034213e-40 -5.884730e-42 -2.925360e-43 -1.242054e-44 -4.249554e-46 -9.519974e-48 6.655915e-50 2.280168e-50 1.618414e-51 8.262512e-53 3.488956e-54 1.275933e-55 4.123209e-57 1.188740e-58 3.070277e-60 7.107798e-62 1.471060e-63 2.705048e-65 4.368639e-67 6.063603e-69 6.908126e-71 5.672164e-73 1.279826e-75 -3.159447e-77 -7.725023e-80 -2.041098e-83 -9.562385e-88 -1.077728e-92 -3.581071e-98 -4.024532e-104
5.597238e-102 4.131413e-96 1.037801e-90 7.596991e-86 1.270920e-81 3.036740e-78 -5.869397e-76 -5.430356e-73 -6.908122e-71 -6.189963e-69 -4.554587e-67 -2.881506e-65 -1.601849e-63 -7.915640e-62 -3.498738e-60 -1.386871e-58 -4.927687e-57 -1.562959e-55 -4.383196e-54 -1.065257e-52 -2.142630e-51 -3.101326e-50 -9.255232e-50 1.373483e-47 6.312711e-46 1.902219e-44 4.623763e-43 9.609197e-42 1.746543e-40 2.800650e-39 3.964852e-38 4.923267e-37 5.272294e-36 4.682106e-35 3.085214e-34 7.786749e-34 -1.649043e-32 -3.553896e-31 -4.510026e-30 -4.464505e-29 -3.695466e-28 -2.625163e-27 -1.617459e-26 -8.671727e-26 -4.040321e-25 -1.627912e-24 -5.622501e-24 -1.641015e-23 -3.950827e-23 -7.484251e-23 -9.850740e-23 -4.174744e-23 1.976325e-22 6.714506e-22 1.255013e-21 1.617161e-21 1.407333e-21 5.620265e-22 -5.620265e-22 -1.407333e-21 -1.617161e-21 -1.255013e-21 -6.714506e-22 -1.976325e-22 4.174744e-23 9.850740e-23 7.484251e-23 3.950827e-23 1.641015e-23 5.622501e-24 1.627912e-24 4.040321e-25 8.671727e-26 1.617459e-26 2.625163e-27 3.695466e-28 4.464505e-29 4.510026e-30 3.553896e-31 1.649043e-32 -7.786749e-34 -3.085214e-34 -4.682106e-35 -5.272294e-36 -4.923267e-37 -3.964852e-38 -2.800650e-39 -1.746543e-40 -9.609197e-42 -4.623763e-43 -1.902219e-44 -6.312711e-46 -1.373483e-47 9.255232e-50 3.101326e-50 2.142630e-51 1.065257e-52 4.383196e-54 1.562959e-55 4.927687e-57 1.386871e-58 3.498738e-60 7.915640e-62 1.601849e-63 2.881506e-65 4.554587e-67 6.189963e-69 6.908122e-71 5.430356e-73 5.869397e-76 -3.036740e-78 -1.270920e-81 -7.596991e-86 -1.037801e-90 -4.131413e-96 -5.597238e-102
6.339696e-100 3.907586e-94 8.105411e-89 4.660709e-84 4.972817e-80 -4.791894e-77 -2.598554e-73 -6.485642e-71 -6.063591e-69 -4.554587e-67 -2.942830e-65 -1.671509e-63 -8.443438e-62 -3.816840e-60 -1.548141e-58 -5.631600e-57 -1.829753e-55 -5.259491e-54 -1.310914e-52 -2.705780e-51 -4.020922e-50 -1.226935e-49 1.885372e-47 8.915417e-46 2.767270e-44 6.935390e-43 1.487533e-41 2.793173e-40 4.632020e-39 6.788951e-38 8.737235e-37 9.708025e-36 8.952567e-35 6.123529e-34 1.574520e-33 -3.642193e-32 -8.150401e-31 -1.082656e-29 -1.125538e-28 -9.811313e-28 -7.359700e-27 -4.801626e-26 -2.733711e-25 -1.356454e-24 -5.836438e-24 -2.157343e-23 -6.743011e-23 -1.732284e-22 -3.441729e-22 -4.365892e-22 6.622712e-23 2.190919e-21 7.077882e-21 1.476743e-20 2.285282e-20 2.667024e-20 2.198146e-20 8.564861e-21 -8.564861e-21 -2.198146e-20 -2.667024e-20 -2.285282e-20 -1.476743e-20 -7.077882e-21 -2.190919e-21 -6.622712e-23 4.365892e-22 3.441729e-22 1.732284e-22 6.743011e-23 2.157343e-23 5.836438e-24 1.356454e-24 2.733711e-25 4.801626e-26 7.359700e-27 9.811313e-28 1.125538e-28 1.082656e-29 8.150401e-31 3.642193e-32 -1.574520e-33 -6.123529e-34 -8.952567e-35 -9.708025e-36 -8.737235e-37 -6.788951e-38 -4.632020e-39 -2.793173e-40 -1.487533e-41 -6.935390e-43 -2.767270e-44 -8.915417e-46 -1.885372e-47 1.226935e-49 4.020922e-50 2.705780e-51 1.310914e-52 5.259491e-54 1.829753e-55 5.631600e-57 1.548141e-58 3.816840e-60 8.443438e-62 1.671509e-63 2.942830e-65 4.554587e-67 6.063591e-69 6.485642e-71 2.598554e-73 4.791894e-77 -4.972817e-80 -4.660709e-84 -8.105411e-89 -3.907586e-94 -6.339696e-100
5.886377e-98 2.998482e-92 4.895923e-87 1.812672e-82 -6.535043e-79 -2.301199e-74 -3.059964e-71 -5.577176e-69 -4.368625e-67 -2.881506e-65 -1.671509e-63 -8.627021e-62 -3.986497e-60 -1.653701e-58 -6.155439e-57 -2.047539e-55 -6.028877e-54 -1.540168e-52 -3.260142e-51 -4.970823e-50 -1.551117e-49 2.463351e-47 1.197593e-45 3.825820e-44 9.877360e-43 2.184377e-41 4.233101e-40 7.251984e-39 1.099150e-37 1.464358e-36 1.686014e-35 1.612437e-34 1.143445e-33 2.996182e-33 -7.522326e-32 -1.746301e-30 -2.423515e-29 -2.640112e-28 -2.417559e-27 -1.909668e-26 -1.315279e-25 -7.925473e-25 -4.172854e-24 -1.909743e-23 -7.522368e-23 -2.506445e-22 -6.837715e-22 -1.415977e-21 -1.677042e-21 1.837248e-21 1.723316e-20 5.736396e-20 1.327864e-19 2.370419e-19 3.345761e-19 3.684814e-19 2.932821e-19 1.123993e-19 -1.123993e-19 -2.932821e-19 -3.684814e-19 -3.345761e-19 -2.370419e-19 -1.327864e-19 -5.736396e-20 -1.723316e-20 -1.837248e-21 1.677042e-21 1.415977e-21 6.837715e-22 2.506445e-22 7.522368e-23 1.909743e-23 4.172854e-24 7.925473e-25 1.315279e-25 1.909668e-26 2.417559e-27 2.640112e-28 2.423515e-29 1.746301e-30 7.522326e-32 -2.996182e-33 -1.143445e-33 -1.612437e-34 -1.686014e-35 -1.464358e-36 -1.099150e-37 -7.251984e-39 -4.233101e-40 -2.184377e-41 -9.877360e-43 -3.825820e-44 -1.197593e-45 -2.463351e-47 1.551117e-49 4.970823e-50 3.260142e-51 1.540168e-52 6.028877e-54 2.047539e-55 6.155439e-57 1.653701e-58 3.986497e-60 8.627021e-62 1.671509e-63 2.881506e-65 4.368625e-67 5.577176e-69 3.059964e-71 2.301199e-74 6.535043e-79 -1.812672e-82 -4.895923e-87 -2.998482e-92 -5.886377e-98
4.435198e-96 1.781966e-90 1.890042e-85 -1.951234e-81 -3.466682e-76 -2.679468e-72 -2.584320e-69 -3.934226e-67 -2.705036e-65 -1.601849e-63 -8.443438e-62 -3.986497e-60 -1.690451e-58 -6.435216e-57 -2.190364e-55 -6.602842e-54 -1.727870e-52 -3.748590e-51 -5.860817e-50 -1.870550e-49 3.064450e-47 1.530657e-45 5.028742e-44 1.336312e-42 3.044369e-41 6.082969e-40 1.075479e-38 1.683860e-37 2.319661e-36 2.764269e-35 2.738281e-34 2.010930e-33 5.371910e-33 -1.455166e-31 -3.501473e-30 -5.068028e-29 -5.773539e-28 -5.541193e-27 -4.597821e-26 -3.333964e-25 -2.119914e-24 -1.180522e-23 -5.726545e-23 -2.394713e-22 -8.472716e-22 -2.444638e-21 -5.250287e-21 -5.586536e-21 1.474555e-20 1.083697e-19 3.802530e-19 9.685337e-19 1.948703e-18 3.180596e-18 4.221855e-18 4.458609e-18 3.456060e-18 1.307633e-18 -1.307633e-18 -3.456060e-18 -4.458609e-18 -4.221855e-18 -3.180596e-18 -1.948703e-18 -9.685337e-19 -3.802530e-19 -1.083697e-19 -1.474555e-20 5.586536e-21 5.250287e-21 2.444638e-21 8.472716e-22 2.394713e-22 5.726545e-23 1.180522e-23 2.119914e-24 3.333964e-25 4.597821e-26 5.541193e-27 5.773539e-28 5.068028e-29 3.501473e-30 1.455166e-31 -5.371910e-33 -2.010930e-33 -2.738281e-34 -2.764269e-35 -2.319661e-36 -1.683860e-37 -1.075479e-38 -6.082969e-40 -3.044369e-41 -1.336312e-42 -5.028742e-44 -1.530657e-45 -3.064450e-47 1.870550e-49 5.860817e-50 3.748590e-51 1.727870e-52 6.602842e-54 2.190364e-55 6.435216e-57 1.690451e-58 3.986497e-60 8.443438e-62 1.601849e-63 2.705036e-65 3.934226e-67 2.584320e-69 2.679468e-72 3.466682e-76 1.951234e-81 -1.890042e-85 -1.781966e-90 -4.435198e-96
2.591409e-94 6.818903e-89 -1.632101e-84 -1.163037e-78 -3.991381e-74 -2.225084e-70 -1.787904e-67 -2.383898e-65 -1.471053e-63 -7.915640e-62 -3.816840e-60 -1.653701e-58 -6.435216e-57 -2.240135e-55 -6.909839e-54 -1.851209e-52 -4.113888e-51 -6.591658e-50 -2.152213e-49 3.630692e-47 1.861995e-45 6.286454e-44 1.718077e-42 4.028738e-41 8.292526e-40 1.511648e-38 2.442440e-37 3.475461e-36 4.281833e-35 4.388449e-34 3.333964e-33 9.084085e-33 -2.640366e-31 -6.579750e-30 -9.916715e-29 -1.179214e-27 -1.183771e-26 -1.029453e-25 -7.839656e-25 -5.246191e-24 -3.080996e-23 -1.579193e-22 -6.987862e-22 -2.616368e-21 -7.957138e-21 -1.765295e-20 -1.603126e-20 8.428428e-20 5.723993e-19 2.132368e-18 5.930861e-18 1.324356e-17 2.437195e-17 3.727663e-17 4.716492e-17 4.813664e-17 3.649789e-17 1.366024e-17 -1.366024e-17 -3.649789e-17 -4.813664e-17 -4.716492e-17 -3.727663e-17 -2.437195e-17 -1.324356e-17 -5.930861e-18 -2.132368e-18 -5.723993e-19 -8.428428e-20 1.603126e-20 1.765295e-20 7.957138e-21 2.616368e-21 6.987862e-22 1.579193e-22 3.080996e-23 5.246191e-24 7.839656e-25 1.029453e-25 1.183771e-26 1.179214e-27 9.916715e-29 6.579750e-30 2.640366e-31 -9.084085e-33 -3.333964e-33 -4.388449e-34 -4.281833e-35 -3.475461e-36 -2.442440e-37 -1.511648e-38 -8.292526e-40 -4.028738e-41 -1.718077e-42 -6.286454e-44 -1.861995e-45 -3.630692e-47 2.152213e-49 6.591658e-50 4.113888e-51 1.851209e-52 6.909839e-54 2.240135e-55 6.435216e-57 1.653701e-58 3.816840e-60 7.915640e-62 1.471053e-63 2.383898e-65 1.787904e-67 2.225084e-70 3.991381e-74 1.163037e-78 1.632101e-84 -6.818903e-89 -2.591409e-94
9.816553e-93 -4.588577e-88 -1.116787e-81 -1.323371e-76 -3.257977e-72 -1.510740e-68 -1.061583e-65 -1.267998e-63 -7.107753e-62 -3.498738e-60 -1.548141e-58 -6.155439e-57 -2.190364e-55 -6.909839e-54 -1.894234e-52 -4.309570e-51 -7.072845e-50 -2.362975e-49 4.097557e-47 2.156325e-45 7.476265e-44 2.099833e-42 5.064114e-41 1.072892e-39 2.014702e-38 3.356185e-37 4.928049e-36 6.270539e-35 6.642184e-34 5.215177e-33 1.450178e-32 -4.499305e-31 -1.160249e-29 -1.818203e-28 -2.252950e-27 -2.361161e-26 -2.147654e-25 -1.713837e-24 -1.204090e-23 -7.438209e-23 -4.017266e-22 -1.875498e-21 -7.408978e-21 -2.368257e-20 -5.410089e-20 -3.882650e-20 3.917435e-19 2.609060e-18 1.033560e-17 3.118303e-17 7.641721e-17 1.559749e-16 2.680242e-16 3.886311e-16 4.719790e-16 4.674932e-16 3.475664e-16 1.288256e-16 -1.288256e-16 -3.475664e-16 -4.674932e-16 -4.719790e-16 -3.886311e-16 -2.680242e-16 -1.559749e-16 -7.641721e-17 -3.118303e-17 -1.033560e-17 -2.609060e-18 -3.917435e-19 3.882650e-20 5.410089e-20 2.368257e-20 7.408978e-21 1.875498e-21 4.017266e-22 7.438209e-23 1.204090e-23 1.713837e-24 2.147654e-25 2.361161e-26 2.252950e-27 1.818203e-28 1.160249e-29 4.499305e-31 -1.450178e-32 -5.215177e-33 -6.642184e-34 -6.270539e-35 -4.928049e-36 -3.356185e-37 -2.014702e-38 -1.072892e-39 -5.064114e-41 -2.099833e-42 -7.476265e-44 -2.156325e-45 -4.097557e-47 2.362975e-49 7.072845e-50 4.309570e-51 1.894234e-52 6.909839e-54 2.190364e-55 6.155439e-57 1.548141e-58 3.498738e-60 7.107753e-62 1.267998e-63 1.061583e-65 1.510740e-68 3.257977e-72 1.323371e-76 1.116787e-81 4.588577e-88 -9.816553e-93
-4.931350e-92 -3.712385e-85 -1.255038e-79 -1.061127e-74 -2.169985e-70 -8.794067e-67 -5.529426e-64 -5.989241e-62 -3.070255e-60 -1.386871e-58 -5.631600e-57 -2.047539e-55 -6.602842e-54 -1.851209e-52 -4.309570e-51 -7.240862e-50 -2.475912e-49 4.405767e-47 2.377728e-45 8.460371e-44 2.440314e-42 6.048264e-41 1.317872e-39 2.547160e-38 4.370888e-37 6.616626e-36 8.686777e-35 9.500814e-34 7.702550e-33 2.187223e-32 -7.208116e-31 -1.922028e-29 -3.127487e-28 -4.031907e-27 -4.403889e-26 -4.181789e-25 -3.489811e-24 -2.568530e-23 -1.665087e-22 -9.452183e-22 -4.643647e-21 -1.930369e-20 -6.469160e-20 -1.517959e-19 -7.501558e-20 1.555625e-18 1.044123e-17 4.395467e-17 1.430292e-16 3.813597e-16 8.532593e-16 1.620506e-15 2.626302e-15 3.631920e-15 4.249576e-15 4.094431e-15 2.988846e-15 1.097755e-15 -1.097755e-15 -2.988846e-15 -4.094431e-15 -4.249576e-15 -3.631920e-15 -2.626302e-15 -1.620506e-15 -8.532593e-16 -3.813597e-16 -1.430292e-16 -4.395467e-17 -1.044123e-17 -1.555625e-18 7.501558e-20 1.517959e-19 6.469160e-20 1.930369e-20 4.643647e-21 9.452183e-22 1.665087e-22 2.568530e-23 3.489811e-24 4.181789e-25 4.403889e-26 4.031907e-27 3.127487e-28 1.922028e-29 7.208116e-31 -2.187223e-32 -7.702550e-33 -9.500814e-34 -8.686777e-35 -6.616626e-36 -4.370888e-37 -2.547160e-38 -1.317872e-39 -6.048264e-41 -2.440314e-42 -8.460371e-44 -2.377728e-45 -4.405767e-47 2.475912e-49 7.240862e-50 4.309570e-51 1.851209e-52 6.602842e-54 2.047539e-55 5.631600e-57 1.386871e-58 3.070255e-60 5.989241e-62 5.529426e-64 8.794067e-67 2.169985e-70 1.061127e-74 1.255038e-79 3.712385e-85 4.931350e-92
-4.926032e-89 -4.117569e-83 -9.878949e-78 -6.928951e-73 -1.237788e-68 -4.487244e-65 -2.556109e-62 -2.527735e-60 -1.188729e-58 -4.927687e-57 -1.829753e-55 -6.028877e-54 -1.727870e-52 -4.113888e-51 -7.072845e-50 -2.475912e-49 4.513529e-47 2.496741e-45 9.111417e-44 2.697165e-42 6.865163e-41 1.537299e-39 3.055810e-38 5.397064e-37 8.415570e-36 1.138948e-34 1.284994e-33 1.074794e-32 3.118839e-32 -1.086656e-30 -2.994014e-29 -5.052306e-28 -6.766823e-27 -7.690870e-26 -7.611024e-25 -6.629996e-24 -5.101814e-23 -3.463338e-22 -2.061783e-21 -1.063386e-20 -4.640773e-20 -1.627066e-19 -3.914096e-19 -9.387112e-20 5.412844e-18 3.713137e-17 1.658443e-16 5.791652e-16 1.668585e-15 4.056190e-15 8.415641e-15 1.499973e-14 2.304212e-14 3.048177e-14 3.442256e-14 3.229411e-14 2.315841e-14 8.430299e-15 -8.430299e-15 -2.315841e-14 -3.229411e-14 -3.442256e-14 -3.048177e-14 -2.304212e-14 -1.499973e-14 -8.415641e-15 -4.056190e-15 -1.668585e-15 -5.791652e-16 -1.658443e-16 -3.713137e-17 -5.412844e-18 9.387112e-20 3.914096e-19 1.627066e-19 4.640773e-20 1.063386e-20 2.061783e-21 3.463338e-22 5.101814e-23 6.629996e-24 7.611024e-25 7.690870e-26 6.766823e-27 5.052306e-28 2.994014e-29 1.086656e-30 -3.118839e-32 -1.074794e-32 -1.284994e-33 -1.138948e-34 -8.415570e-36 -5.397064e-37 -3.055810e-38 -1.537299e-39 -6.865163e-41 -2.697165e-42 -9.111417e-44 -2.496741e-45 -4.513529e-47 2.475912e-49 7.072845e-50 4.113888e-51 1.727870e-52 6.028877e-54 1.829753e-55 4.927687e-57 1.188729e-58 2.527735e-60 2.556109e-62 4.487244e-65 1.237788e-68 6.928951e-73 9.878949e-78 4.117569e-83 4.926032e-89
-5.388590e-87 -3.179494e-81 -6.319841e-76 -3.870461e-71 -6.184204e-67 -2.030841e-63 -1.055255e-60 -9.556971e-59 -4.123167e-57 -1.562959e-55 -5.259491e-54 -1.540168e-52 -3.748590e-51 -6.591658e-50 -2.362975e-49 4.405767e-47 2.496741e-45 9.339287e-44 2.835468e-42 7.406870e-41 1.703333e-39 3.479597e-38 6.320300e-37 1.014300e-35 1.413886e-34 1.644112e-33 1.417640e-32 4.207002e-32 -1.542750e-30 -4.389265e-29 -7.672254e-28 -1.066154e-26 -1.259046e-25 -1.296479e-24 -1.176870e-23 -9.451008e-23 -6.705391e-22 -4.177685e-21 -2.257267e-20 -1.032017e-19 -3.778346e-19 -9.305582e-19 3.965675e-20 1.675748e-17 1.183988e-16 5.599567e-16 2.089597e-15 6.468041e-15 1.696365e-14 3.811431e-14 7.386160e-14 1.240303e-13 1.809584e-13 2.291931e-13 2.498540e-13 2.282102e-13 1.607265e-13 5.798014e-14 -5.798014e-14 -1.607265e-13 -2.282102e-13 -2.498540e-13 -2.291931e-13 -1.809584e-13 -1.240303e-13 -7.386160e-14 -3.811431e-14 -1.696365e-14 -6.468041e-15 -2.089597e-15 -5.599567e-16 -1.183988e-16 -1.675748e-17 -3.965675e-20 9.305582e-19 3.778346e-19 1.032017e-19 2.257267e-20 4.177685e-21 6.705391e-22 9.451008e-23 1.176870e-23 1.296479e-24 1.259046e-25 1.066154e-26 7.672254e-28 4.389265e-29 1.542750e-30 -4.207002e-32 -1.417640e-32 -1.644112e-33 -1.413886e-34 -1.014300e-35 -6.320300e-37 -3.479597e-38 -1.703333e-39 -7.406870e-41 -2.835468e-42 -9.339287e-44 -2.496741e-45 -4.405767e-47 2.362975e-49 6.591658e-50 3.748590e-51 1.540168e-52 5.259491e-54 1.562959e-55 4.123167e-57 9.556971e-59 1.055255e-60 2.030841e-63 6.184204e-67 3.870461e-71 6.319841e-76 3.179494e-81 5.388590e-87
-4.078857e-85 -1.991315e-79 -3.454637e-74 -1.892136e-69 -2.738713e-65 -8.203875e-62 -3.900806e-59 -3.235227e-57 -1.275917e-55 -4.383196e-54 -1.310914e-52 -3.260142e-51 -5.860817e-50 -2.152213e-49 4.097557e-47 2.377728e-45 9.111417e-44 2.835468e-42 7.596694e-41 1.792898e-39 3.761319e-38 7.021101e-37 1.158780e-35 1.662373e-34 1.990733e-33 1.768241e-32 5.370827e-32 -2.064022e-30 -6.060056e-29 -1.096060e-27 -1.578326e-26 -1.934031e-25 -2.069243e-24 -1.954290e-23 -1.635129e-22 -1.210329e-21 -7.877133e-21 -4.450198e-20 -2.127484e-19 -8.120389e-19 -2.045662e-18 7.152761e-19 4.663679e-17 3.408681e-16 1.703480e-15 6.767167e-15 2.239767e-14 6.301537e-14 1.522783e-13 3.181162e-13 5.773399e-13 9.140560e-13 1.266021e-12 1.533407e-12 1.611207e-12 1.430487e-12 9.882053e-13 3.530080e-13 -3.530080e-13 -9.882053e-13 -1.430487e-12 -1.611207e-12 -1.533407e-12 -1.266021e-12 -9.140560e-13 -5.773399e-13 -3.181162e-13 -1.522783e-13 -6.301537e-14 -2.239767e-14 -6.767167e-15 -1.703480e-15 -3.408681e-16 -4.663679e-17 -7.152761e-19 2.045662e-18 8.120389e-19 2.127484e-19 4.450198e-20 7.877133e-21 1.210329e-21 1.635129e-22 1.954290e-23 2.069243e-24 1.934031e-25 1.578326e-26 1.096060e-27 6.060056e-29 2.064022e-30 -5.370827e-32 -1.768241e-32 -1.990733e-33 -1.662373e-34 -1.158780e-35 -7.021101e-37 -3.761319e-38 -1.792898e-39 -7.596694e-41 -2.835468e-42 -9.111417e-44 -2.377728e-45 -4.097557e-47 2.152213e-49 5.860817e-50 3.260142e-51 1.310914e-52 4.383196e-54 1.275917e-55 3.235227e-57 3.900806e-59 8.203875e-62 2.738713e-65 1.892136e-69 3.454637e-74 1.991315e-79 4.078857e-85
-2.499114e-83 -1.064436e-77 -1.651306e-72 -8.193551e-68 -1.081959e-63 -2.966061e-60 -1.290510e-57 -9.765323e-56 -3.488906e-54 -1.065257e-52 -2.705780e-51 -4.970823e-50 -1.870550e-49 3.630692e-47 2.156325e-45 8.460371e-44 2.697165e-42 7.406870e-41 1.792898e-39 3.860162e-38 7.399857e-37 1.255074e-35 1.851605e-34 2.281757e-33 2.086400e-32 6.491826e-32 -2.603633e-30 -7.884223e-29 -1.474034e-27 -2.197036e-26 -2.790010e-25 -3.097372e-24 -3.039200e-23 -2.645262e-22 -2.039479e-21 -1.384192e-20 -8.162275e-20 -4.073235e-19 -1.618562e-18 -4.168495e-18 2.822376e-18 1.175475e-16 8.909649e-16 4.695274e-15 1.978982e-14 6.975056e-14 2.095197e-13 5.415483e-13 1.211464e-12 2.356181e-12 4.001439e-12 5.959373e-12 7.809820e-12 9.009577e-12 9.085359e-12 7.809215e-12 5.274832e-12 1.862662e-12 -1.862662e-12 -5.274832e-12 -7.809215e-12 -9.085359e-12 -9.009577e-12 -7.809820e-12 -5.959373e-12 -4.001439e-12 -2.356181e-12 -1.211464e-12 -5.415483e-13 -2.095197e-13 -6.975056e-14 -1.978982e-14 -4.695274e-15 -8.909649e-16 -1.175475e-16 -2.822376e-18 4.168495e-18 1.618562e-18 4.073235e-19 8.162275e-20 1.384192e-20 2.039479e-21 2.645262e-22 3.039200e-23 3.097372e-24 2.790010e-25 2.197036e-26 1.474034e-27 7.884223e-29 2.603633e-30 -6.491826e-32 -2.086400e-32 -2.281757e-33 -1.851605e-34 -1.255074e-35 -7.399857e-37 -3.860162e-38 -1.792898e-39 -7.406870e-41 -2.697165e-42 -8.460371e-44 -2.156325e-45 -3.630692e-47 1.870550e-49 4.970823e-50 2.705780e-51 1.065257e-52 3.488906e-54 9.765323e-56 1.290510e-57 2.966061e-60 1.081959e-63 8.193551e-68 1.651306e-72 1.064436e-77 2.499114e-83
-1.305324e-81 -4.971071e-76 -6.986715e-71 -3.163237e-66 -3.823645e-62 -9.593765e-59 -3.805594e-56 -2.603162e-54 -8.262368e-53 -2.142630e-51 -4.020922e-50 -1.551117e-49 3.064450e-47 1.861995e-45 7.476265e-44 2.440314e-42 6.865163e-41 1.703333e-39 3.761319e-38 7.399857e-37 1.288902e-35 1.954075e-34 2.476215e-33 2.329388e-32 7.431550e-32 -3.097939e-30 -9.670305e-29 -1.867130e-27 -2.877452e-26 -3.782455e-25 -4.351695e-24 -4.430310e-23 -4.005665e-22 -3.211992e-21 -2.269786e-20 -1.394791e-19 -7.254486e-19 -2.997340e-18 -7.890724e-18 8.047975e-18 2.698384e-16 2.123838e-15 1.177918e-14 5.251948e-14 1.964262e-13 6.274277e-13 1.726694e-12 4.114360e-12 8.519254e-12 1.538485e-11 2.433422e-11 3.386973e-11 4.165583e-11 4.533755e-11 4.343298e-11 3.579253e-11 2.345551e-11 8.151884e-12 -8.151884e-12 -2.345551e-11 -3.579253e-11 -4.343298e-11 -4.533755e-11 -4.165583e-11 -3.386973e-11 -2.433422e-11 -1.538485e-11 -8.519254e-12 -4.114360e-12 -1.726694e-12 -6.274277e-13 -1.964262e-13 -5.251948e-14 -1.177918e-14 -2.123838e-15 -2.698384e-16 -8.047975e-18 7.890724e-18 2.997340e-18 7.254486e-19 1.394791e-19 2.269786e-20 3.211992e-21 4.005665e-22 4.430310e-23 4.351695e-24 3.782455e-25 2.877452e-26 1.867130e-27 9.670305e-29 3.097939e-30 -7.431550e-32 -2.329388e-32 -2.476215e-33 -1.954075e-34 -1.288902e-35 -7.399857e-37 -3.761319e-38 -1.703333e-39 -6.865163e-41 -2.440314e-42 -7.476265e-44 -1.861995e-45 -3.064450e-47 1.551117e-49 4.020922e-50 2.142630e-51 8.262368e-53 2.603162e-54 3.805594e-56 9.593765e-59 3.823645e-62 3.163237e-66 6.986715e-71 4.971071e-76 1.305324e-81
-5.951264e-80 -2.053407e-74 -2.633779e-69 -1.091843e-64 -1.208414e-60 -2.765388e-57 -9.909727e-55 -6.006847e-53 -1.618377e-51 -3.101326e-50 -1.226935e-49 2.463351e-47 1.530657e-45 6.286454e-44 2.099833e-42 6.048264e-41 1.537299e-39 3.479597e-38 7.021101e-37 1.255074e-35 1.954075e-34 2.544616e-33 2.461197e-32 8.058802e-32 -3.477986e-30 -1.118600e-28 -2.228525e-27 -3.547506e-26 -4.821881e-25 -5.742416e-24 -6.058195e-23 -5.682586e-22 -4.732554e-21 -3.477080e-20 -2.223375e-19 -1.203565e-18 -5.164931e-18 -1.390145e-17 1.908083e-17 5.666340e-16 4.634202e-15 2.699953e-14 1.270102e-13 5.025143e-13 1.700987e-12 4.965129e-12 1.254721e-11 2.751622e-11 5.248345e-11 8.731759e-11 1.272045e-10 1.630027e-10 1.845182e-10 1.849558e-10 1.636905e-10 1.256360e-10 7.790367e-11 2.625681e-11 -2.625681e-11 -7.790367e-11 -1.256360e-10 -1.636905e-10 -1.849558e-10 -1.845182e-10 -1.630027e-10 -1.272045e-10 -8.731759e-11 -5.248345e-11 -2.751622e-11 -1.254721e-11 -4.965129e-12 -1.700987e-12 -5.025143e-13 -1.270102e-13 -2.699953e-14 -4.634202e-15 -5.666340e-16 -1.908083e-17 1.390145e-17 5.164931e-18 1.203565e-18 2.223375e-19 3.477080e-20 4.732554e-21 5.682586e-22 6.058195e-23 5.742416e-24 4.821881e-25 3.547506e-26 2.228525e-27 1.118600e-28 3.477986e-30 -8.058802e-32 -2.461197e-32 -2.544616e-33 -1.954075e-34 -1.255074e-35 -7.021101e-37 -3.479597e-38 -1.537299e-39 -6.048264e-41 -2.099833e-42 -6.286454e-44 -1.530657e-45 -2.463351e-47 1.226935e-49 3.101326e-50 1.618377e-51 6.006847e-53 9.909727e-55 2.765388e-57 1.208414e-60 1.091843e-64 2.633779e-69 2.053407e-74 5.951264e-80
-2.398021e-78 -7.552034e-73 -8.871565e-68 -3.368686e-63 -3.402511e-59 -7.039410e-56 -2.234542e-53 -1.146120e-51 -2.280088e-50 -9.255229e-50 1.885372e-47 1.197593e-45 5.028742e-44 1.718077e-42 5.064114e-41 1.317872e-39 3.055810e-38 6.320300e-37 1.158780e-35 1.851605e-34 2.476215e-33 2.461197e-32 8.279322e-32 -3.684964e-30 -1.220597e-28 -2.507101e-27 -4.118574e-26 -5.782689e-25 -7.120863e-24 -7.775991e-23 -7.557766e-22 -6.528880e-21 -4.980708e-20 -3.309630e-19 -1.862260e-18 -8.292509e-18 -2.283029e-17 3.946749e-17 1.092260e-15 9.284413e-15 5.672471e-14 2.808695e-13 1.172365e-12 4.192806e-12 1.293901e-11 3.455327e-11 7.992056e-11 1.601416e-10 2.780759e-10 4.187543e-10 5.473836e-10 6.211800e-10 6.106299e-10 5.167177e-10 3.719365e-10 2.232253e-10 1.067795e-10 2.984018e-11 -2.984018e-11 -1.067795e-10 -2.232253e-10 -3.719365e-10 -5.167177e-10 -6.106299e-10 -6.211800e-10 -5.473836e-10 -4.187543e-10 -2.780759e-10 -1.601416e-10 -7.992056e-11 -3.455327e-11 -1.293901e-11 -4.192806e-12 -1.172365e-12 -2.808695e-13 -5.672471e-14 -9.284413e-15 -1.092260e-15 -3.946749e-17 2.283029e-17 8.292509e-18 1.862260e-18 3.309630e-19 4.980708e-20 6.528880e-21 7.557766e-22 7.775991e-23 7.120863e-24 5.782689e-25 4.118574e-26 2.507101e-27 1.220597e-28 3.684964e-30 -8.279322e-32 -2.461197e-32 -2.476215e-33 -1.851605e-34 -1.158780e-35 -6.320300e-37 -3.055810e-38 -1.317872e-39 -5.064114e-41 -1.718077e-42 -5.028742e-44 -1.197593e-45 -1.885372e-47 9.255229e-50 2.280088e-50 1.146120e-51 2.234542e-53 7.039410e-56 3.402511e-59 3.368686e-63 8.871565e-68 7.552034e-73 2.398021e-78
-8.596931e-77 -2.480228e-71 -2.669747e-66 -9.256927e-62 -8.460831e-58 -1.552897e-54 -4.173817e-52 -1.574246e-50 -6.654510e-50 1.373483e-47 8.915417e-46 3.825820e-44 1.336312e-42 4.028738e-41 1.072892e-39 2.547160e-38 5.397064e-37 1.014300e-35 1.662373e-34 2.281757e-33 2.329388e-32 8.058802e-32 -3.684964e-30 -1.256602e-28 -2.659051e-27 -4.503965e-26 -6.526178e-25 -8.301363e-24 -9.373098e-23 -9.429012e-22 -8.439057e-21 -6.676491e-20 -4.604588e-19 -2.689984e-18 -1.241889e-17 -3.500042e-17 7.285492e-17 1.938182e-15 1.712261e-14 1.095292e-13 5.696256e-13 2.502351e-12 9.430698e-12 3.068291e-11 8.632862e-11 2.098856e-10 4.399308e-10 7.922305e-10 1.219435e-09 1.590218e-09 1.724430e-09 1.483959e-09 8.683064e-10 4.975622e-11 -6.833585e-10 -1.052525e-09 -9.206206e-10 -3.623557e-10 3.623557e-10 9.206206e-10 1.052525e-09 6.833585e-10 -4.975622e-11 -8.683064e-10 -1.483959e-09 -1.724430e-09 -1.590218e-09 -1.219435e-09 -7.922305e-10 -4.399308e-10 -2.098856e-10 -8.632862e-11 -3.068291e-11 -9.430698e-12 -2.502351e-12 -5.696256e-13 -1.095292e-13 -1.712261e-14 -1.938182e-15 -7.285492e-17 3.500042e-17 1.241889e-17 2.689984e-18 4.604588e-19 6.676491e-20 8.439057e-21 9.429012e-22 9.373098e-23 8.301363e-24 6.526178e-25 4.503965e-26 2.659051e-27 1.256602e-28 3.684964e-30 -8.058802e-32 -2.329388e-32 -2.281757e-33 -1.662373e-34 -1.014300e-35 -5.397064e-37 -2.547160e-38 -1.072892e-39 -4.028738e-41 -1.336312e-42 -3.825820e-44 -8.915417e-46 -1.373483e-47 6.654510e-50 1.574246e-50 4.173817e-52 1.552897e-54 8.460831e-58 9.256927e-62 2.669747e-66 2.480228e-71 8.596931e-77
