0.000000e+00 0.000000e+00 0.000000e+00 0.000000e+00 0.000000e+00 0.000000e+00 0.000000e+00 0.000000e+00 0.000000e+00 0.000000e+00 0.000000e+00 0.000000e+00 0.000000e+00 0.000000e+00 0.000000e+00 0.000000e+00 0.000000e+00 0.000000e+00 0.000000e+00 0.000000e+00 0.000000e+00 0.000000e+00 0.000000e+00 0.000000e+00 0.000000e+00 0.000000e+00 0.000000e+00 0.000000e+00 0.000000e+00 0.000000e+00 0.000000e+00 0.000000e+00 0.000000e+00 0.000000e+00 0.000000e+00 0.000000e+00 0.000000e+00 0.000000e+00 0.000000e+00 0.000000e+00 0.000000e+00 0.000000e+00 0.000000e+00 0.000000e+00 0.000000e+00 0.000000e+00 0.000000e+00 0.000000e+00 0.000000e+00 0.000000e+00 0.000000e+00 0.000000e+00 0.000000e+00 0.000000e+00 0.000000e+00 0.000000e+00 0.000000e+00 0.000000e+00 0.000000e+00 0.000000e+00 0.000000e+00 0.000000e+00 0.000000e+00 0.000000e+00 0.000000e+00 0.000000e+00 0.000000e+00 0.000000e+00 0.000000e+00 0.000000e+00 0.000000e+00 0.000000e+00 0.000000e+00 0.000000e+00 0.000000e+00 0.000000e+00 0.000000e+00 0.000000e+00 0.000000e+00 0.000000e+00 0.000000e+00 0.000000e+00 0.000000e+00 0.000000e+00 0.000000e+00 0.000000e+00 0.000000e+00 0.000000e+00 0.000000e+00 0.000000e+00 0.000000e+00 0.000000e+00 0.000000e+00 0.000000e+00 0.000000e+00 0.000000e+00 0.000000e+00 0.000000e+00 0.000000e+00 0.000000e+00 0.000000e+00 0.000000e+00 0.000000e+00 0.000000e+00 0.000000e+00 0.000000e+00 0.000000e+00 0.000000e+00 0.000000e+00 0.000000e+00 0.000000e+00 0.000000e+00 0.000000e+00 0.000000e+00 0.000000e+00 0.000000e+00
0.000000e+00 0.000000e+00 0.000000e+00 0.000000e+00 0.000000e+00 0.000000e+00 0.000000e+00 0.000000e+00 0.000000e+00 0.000000e+00 0.000000e+00 0.000000e+00 3.103987e-108 2.554738e-105 1.016973e-102 2.602609e-100 4.797360e-98 6.754691e-96 7.502748e-94 6.669360e-92 4.723675e-90 2.563528e-88 9.083817e-87 -2.308291e-87 -3.158051e-83 -3.096126e-81 -2.034567e-79 -1.063784e-77 -4.673980e-76 -1.768051e-74 -5.828300e-73 -1.683939e-71 -4.270175e-70 -9.478285e-69 -1.827050e-67 -3.007667e-66 -4.076597e-65 -4.122758e-64 -1.884163e-63 3.654271e-62 1.238126e-60 2.248916e-59 3.087261e-58 3.456648e-57 3.238790e-56 2.558698e-55 1.700169e-54 9.397625e-54 4.224662e-53 1.475295e-52 3.558690e-52 3.156830e-52 -1.798576e-51 -1.047192e-50 -3.024172e-50 -5.525725e-50 -6.165112e-50 -2.803910e-50 2.803910e-50 6.165112e-50 5.525725e-50 3.024172e-50 1.047192e-50 1.798576e-51 -3.156830e-52 -3.558690e-52 -1.475295e-52 -4.224662e-53 -9.397625e-54 -1.700169e-54 -2.558698e-55 -3.238790e-56 -3.456648e-57 -3.087261e-58 -2.248916e-59 -1.238126e-60 -3.654271e-62 1.884163e-63 4.122758e-64 4.076597e-65 3.007667e-66 1.827050e-67 9.478285e-69 4.270175e-70 1.683939e-71 5.828300e-73 1.768051e-74 4.673980e-76 1.063784e-77 2.034567e-79 3.096126e-81 3.158051e-83 2.308291e-87 -9.083817e-87 -2.563528e-88 -4.723675e-90 -6.669360e-92 -7.502748e-94 -6.754691e-96 -4.797360e-98 -2.602609e-100 -1.016973e-102 -2.554738e-105 -3.103987e-108 0.000000e+00 0.000000e+00 0.000000e+00 0.000000e+00 0.000000e+00 0.000000e+00 0.000000e+00 0.000000e+00 0.000000e+00 0.000000e+00 0.000000e+00 0.000000e+00
0.000000e+00 0.000000e+00 0.000000e+00 0.000000e+00 0.000000e+00 0.000000e+00 0.000000e+00 0.000000e+00 0.000000e+00 0.000000e+00 0.000000e+00 1.401229e-104 1.176902e-101 4.783068e-99 1.250293e-96 2.355125e-94 3.390190e-92 3.851481e-90 3.502828e-88 2.538421e-86 1.408367e-84 5.074949e-83 -7.216534e-83 -1.928778e-79 -1.928115e-77 -1.300491e-75 -6.995738e-74 -3.167220e-72 -1.236112e-70 -4.209224e-69 -1.257757e-67 -3.302410e-66 -7.598247e-65 -1.519677e-63 -2.597077e-62 -3.651574e-61 -3.807443e-60 -1.676608e-59 4.139474e-58 1.408170e-56 2.670773e-55 3.863845e-54 4.584678e-53 4.574335e-52 3.866348e-51 2.761795e-50 1.648842e-49 8.036246e-49 3.041028e-48 7.768961e-48 4.674721e-48 -7.297354e-47 -4.461495e-46 -1.536161e-45 -3.610868e-45 -5.868499e-45 -6.095289e-45 -2.674095e-45 2.674095e-45 6.095289e-45 5.868499e-45 3.610868e-45 1.536161e-45 4.461495e-46 7.297354e-47 -4.674721e-48 -7.768961e-48 -3.041028e-48 -8.036246e-49 -1.648842e-49 -2.761795e-50 -3.866348e-51 -4.574335e-52 -4.584678e-53 -3.863845e-54 -2.670773e-55 -1.408170e-56 -4.139474e-58 1.676608e-59 3.807443e-60 3.651574e-61 2.597077e-62 1.519677e-63 7.598247e-65 3.302410e-66 1.257757e-67 4.209224e-69 1.236112e-70 3.167220e-72 6.995738e-74 1.300491e-75 1.928115e-77 1.928778e-79 7.216534e-83 -5.074949e-83 -1.408367e-84 -2.538421e-86 -3.502828e-88 -3.851481e-90 -3.390190e-92 -2.355125e-94 -1.250293e-96 -4.783068e-99 -1.176902e-101 -1.401229e-104 0.000000e+00 0.000000e+00 0.000000e+00 0.000000e+00 0.000000e+00 0.000000e+00 0.000000e+00 0.000000e+00 0.000000e+00 0.000000e+00 0.000000e+00
0.000000e+00 0.000000e+00 0.000000e+00 0.000000e+00 0.000000e+00 0.000000e+00 0.000000e+00 0.000000e+00 0.000000e+00 0.000000e+00 2.368613e-101 2.029066e-98 8.414375e-96 2.245319e-93 4.319386e-91 6.352708e-89 7.376587e-87 6.858959e-85 5.081695e-83 2.879781e-81 1.053806e-79 -2.887183e-79 -4.376565e-76 -4.456503e-74 -3.082001e-72 -1.703848e-70 -7.939442e-69 -3.193119e-67 -1.121747e-65 -3.461775e-64 -9.397253e-63 -2.237587e-61 -4.635183e-60 -8.207239e-59 -1.194308e-57 -1.279722e-56 -5.326442e-56 1.695159e-54 5.794057e-53 1.144102e-51 1.738217e-50 2.177055e-49 2.302606e-48 2.071550e-47 1.581380e-46 1.012756e-45 5.308369e-45 2.155120e-44 5.738022e-44 9.361243e-45 -9.075621e-43 -5.906319e-42 -2.348283e-41 -6.684203e-41 -1.397169e-40 -2.094910e-40 -2.062113e-40 -8.799421e-41 8.799421e-41 2.062113e-40 2.094910e-40 1.397169e-40 6.684203e-41 2.348283e-41 5.906319e-42 9.075621e-43 -9.361243e-45 -5.738022e-44 -2.155120e-44 -5.308369e-45 -1.012756e-45 -1.581380e-46 -2.071550e-47 -2.302606e-48 -2.177055e-49 -1.738217e-50 -1.144102e-51 -5.794057e-53 -1.695159e-54 5.326442e-56 1.279722e-56 1.194308e-57 8.207239e-59 4.635183e-60 2.237587e-61 9.397253e-63 3.461775e-64 1.121747e-65 3.193119e-67 7.939442e-69 1.703848e-70 3.082001e-72 4.456503e-74 4.376565e-76 2.887183e-79 -1.053806e-79 -2.879781e-81 -5.081695e-83 -6.858959e-85 -7.376587e-87 -6.352708e-89 -4.319386e-91 -2.245319e-93 -8.414375e-96 -2.029066e-98 -2.368613e-101 0.000000e+00 0.000000e+00 0.000000e+00 0.000000e+00 0.000000e+00 0.000000e+00 0.000000e+00 0.000000e+00 0.000000e+00 0.000000e+00
0.000000e+00 0.000000e+00 0.000000e+00 0.000000e+00 0.000000e+00 0.000000e+00 0.000000e+00 0.000000e+00 0.000000e+00 1.272063e-98 1.110850e-95 4.697913e-93 1.278987e-90 2.511280e-88 3.771279e-86 4.472939e-84 4.249163e-82 3.216090e-80 1.859911e-78 6.901964e-77 -2.914721e-76 -3.131510e-73 -3.244943e-71 -2.298664e-69 -1.304657e-67 -6.250284e-66 -2.587456e-64 -9.366128e-63 -2.981314e-61 -8.355452e-60 -2.055831e-58 -4.403553e-57 -8.063511e-56 -1.211749e-54 -1.329980e-53 -5.100173e-53 2.134690e-51 7.334859e-50 1.503919e-48 2.391937e-47 3.150984e-46 3.518758e-45 3.354301e-44 2.722398e-43 1.859154e-42 1.040666e-41 4.493209e-41 1.226861e-40 -5.873800e-41 -3.084378e-39 -2.140172e-38 -9.611048e-38 -3.194693e-37 -8.090343e-37 -1.551919e-36 -2.181650e-36 -2.053452e-36 -8.560559e-37 8.560559e-37 2.053452e-36 2.181650e-36 1.551919e-36 8.090343e-37 3.194693e-37 9.611048e-38 2.140172e-38 3.084378e-39 5.873800e-41 -1.226861e-40 -4.493209e-41 -1.040666e-41 -1.859154e-42 -2.722398e-43 -3.354301e-44 -3.518758e-45 -3.150984e-46 -2.391937e-47 -1.503919e-48 -7.334859e-50 -2.134690e-51 5.100173e-53 1.329980e-53 1.211749e-54 8.063511e-56 4.403553e-57 2.055831e-58 8.355452e-60 2.981314e-61 9.366128e-63 2.587456e-64 6.250284e-66 1.304657e-67 2.298664e-69 3.244943e-71 3.131510e-73 2.914721e-76 -6.901964e-77 -1.859911e-78 -3.216090e-80 -4.249163e-82 -4.472939e-84 -3.771279e-86 -2.511280e-88 -1.278987e-90 -4.697913e-93 -1.110850e-95 -1.272063e-98 0.000000e+00 0.000000e+00 0.000000e+00 0.000000e+00 0.000000e+00 0.000000e+00 0.000000e+00 0.000000e+00 0.000000e+00
0.000000e+00 0.000000e+00 0.000000e+00 0.000000e+00 0.000000e+00 0.000000e+00 0.000000e+00 0.000000e+00 1.742022e-96 1.549989e-93 6.681543e-91 1.854846e-88 3.715143e-86 5.693350e-84 6.892990e-82 6.685524e-80 5.165563e-78 3.045964e-76 1.144677e-74 -6.736874e-74 -5.672595e-71 -5.976451e-69 -4.332453e-67 -2.522058e-65 -1.240966e-63 -5.282190e-62 -1.967940e-60 -6.453177e-59 -1.864778e-57 -4.734435e-56 -1.046982e-54 -1.979228e-53 -3.065132e-52 -3.434852e-51 -1.170922e-50 6.649083e-49 2.297740e-47 4.880419e-46 8.102847e-45 1.119133e-43 1.314831e-42 1.322753e-41 1.136223e-40 8.231088e-40 4.890186e-39 2.227838e-38 6.132034e-38 -8.588365e-38 -2.366735e-36 -1.747137e-35 -8.718776e-35 -3.302102e-34 -9.772779e-34 -2.263393e-33 -4.041020e-33 -5.368373e-33 -4.854045e-33 -1.981608e-33 1.981608e-33 4.854045e-33 5.368373e-33 4.041020e-33 2.263393e-33 9.772779e-34 3.302102e-34 8.718776e-35 1.747137e-35 2.366735e-36 8.588365e-38 -6.132034e-38 -2.227838e-38 -4.890186e-39 -8.231088e-40 -1.136223e-40 -1.322753e-41 -1.314831e-42 -1.119133e-43 -8.102847e-45 -4.880419e-46 -2.297740e-47 -6.649083e-49 1.170922e-50 3.434852e-51 3.065132e-52 1.979228e-53 1.046982e-54 4.734435e-56 1.864778e-57 6.453177e-59 1.967940e-60 5.282190e-62 1.240966e-63 2.522058e-65 4.332453e-67 5.976451e-69 5.672595e-71 6.736874e-74 -1.144677e-74 -3.045964e-76 -5.165563e-78 -6.685524e-80 -6.892990e-82 -5.693350e-84 -3.715143e-86 -1.854846e-88 -6.681543e-91 -1.549989e-93 -1.742022e-96 0.000000e+00 0.000000e+00 0.000000e+00 0.000000e+00 0.000000e+00 0.000000e+00 0.000000e+00 0.000000e+00
0.000000e+00 0.000000e+00 0.000000e+00 0.000000e+00 0.000000e+00 0.000000e+00 0.000000e+00 4.510297e-95 4.185872e-92 1.838359e-89 5.201403e-87 1.062201e-84 1.660226e-82 2.050688e-80 2.029493e-78 1.599742e-76 9.611307e-75 3.653559e-73 -2.818124e-72 -1.976077e-69 -2.115423e-67 -1.568061e-65 -9.354343e-64 -4.723082e-62 -2.065106e-60 -7.910540e-59 -2.669360e-57 -7.944071e-56 -2.078543e-54 -4.739008e-53 -9.234507e-52 -1.471090e-50 -1.678281e-49 -4.835974e-49 3.896580e-47 1.355629e-45 2.977079e-44 5.147228e-43 7.433042e-42 9.159139e-41 9.690594e-40 8.775383e-39 6.713394e-38 4.211077e-37 2.010330e-36 5.476318e-36 -1.483275e-35 -3.175287e-34 -2.486560e-33 -1.361957e-32 -5.773678e-32 -1.948858e-31 -5.262635e-31 -1.128477e-30 -1.887489e-30 -2.377966e-30 -2.069539e-30 -8.281156e-31 8.281156e-31 2.069539e-30 2.377966e-30 1.887489e-30 1.128477e-30 5.262635e-31 1.948858e-31 5.773678e-32 1.361957e-32 2.486560e-33 3.175287e-34 1.483275e-35 -5.476318e-36 -2.010330e-36 -4.211077e-37 -6.713394e-38 -8.775383e-39 -9.690594e-40 -9.159139e-41 -7.433042e-42 -5.147228e-43 -2.977079e-44 -1.355629e-45 -3.896580e-47 4.835974e-49 1.678281e-49 1.471090e-50 9.234507e-52 4.739008e-53 2.078543e-54 7.944071e-56 2.669360e-57 7.910540e-59 2.065106e-60 4.723082e-62 9.354343e-64 1.568061e-65 2.115423e-67 1.976077e-69 2.818124e-72 -3.653559e-73 -9.611307e-75 -1.599742e-76 -2.029493e-78 -2.050688e-80 -1.660226e-82 -1.062201e-84 -5.201403e-87 -1.838359e-89 -4.185872e-92 -4.510297e-95 0.000000e+00 0.000000e+00 0.000000e+00 0.000000e+00 0.000000e+00 0.000000e+00 0.000000e+00
0.000000e+00 0.000000e+00 0.000000e+00 0.000000e+00 0.000000e+00 0.000000e+00 9.814835e-95 1.786407e-91 8.182978e-89 2.359235e-86 4.911146e-84 7.827366e-82 9.861576e-80 9.956505e-78 8.005415e-76 4.900542e-74 1.885507e-72 -1.788177e-71 -1.107053e-68 -1.205090e-66 -9.133114e-65 -5.581553e-63 -2.890566e-61 -1.297593e-59 -5.107632e-58 -1.772518e-56 -5.429041e-55 -1.462905e-53 -3.436395e-52 -6.897953e-51 -1.129837e-49 -1.312282e-48 -3.068148e-48 3.593290e-46 1.264953e-44 2.871818e-43 5.164515e-42 7.784779e-41 1.004056e-39 1.114633e-38 1.061313e-37 8.549630e-37 5.644466e-36 2.814022e-35 7.508995e-35 -3.303522e-34 -6.329448e-33 -5.259239e-32 -3.136396e-31 -1.470035e-30 -5.565239e-30 -1.712676e-29 -4.268475e-29 -8.523670e-29 -1.339097e-28 -1.601240e-28 -1.341294e-28 -5.259647e-29 5.259647e-29 1.341294e-28 1.601240e-28 1.339097e-28 8.523670e-29 4.268475e-29 1.712676e-29 5.565239e-30 1.470035e-30 3.136396e-31 5.259239e-32 6.329448e-33 3.303522e-34 -7.508995e-35 -2.814022e-35 -5.644466e-36 -8.549630e-37 -1.061313e-37 -1.114633e-38 -1.004056e-39 -7.784779e-41 -5.164515e-42 -2.871818e-43 -1.264953e-44 -3.593290e-46 3.068148e-48 1.312282e-48 1.129837e-49 6.897953e-51 3.436395e-52 1.462905e-53 5.429041e-55 1.772518e-56 5.107632e-58 1.297593e-59 2.890566e-61 5.581553e-63 9.133114e-65 1.205090e-66 1.107053e-68 1.788177e-71 -1.885507e-72 -4.900542e-74 -8.005415e-76 -9.956505e-78 -9.861576e-80 -7.827366e-82 -4.911146e-84 -2.359235e-86 -8.182978e-89 -1.786407e-91 -9.814835e-95 0.000000e+00 0.000000e+00 0.000000e+00 0.000000e+00 0.000000e+00 0.000000e+00
0.000000e+00 0.000000e+00 0.000000e+00 0.000000e+00 0.000000e+00 1.148728e-95 1.107781e-91 9.950664e-89 2.994591e-86 6.358674e-84 1.034156e-81 1.330051e-79 1.371289e-77 1.126175e-75 7.040335e-74 2.759550e-72 -2.867031e-71 -1.723676e-68 -1.917301e-66 -1.488628e-64 -9.331134e-63 -4.961008e-61 -2.288210e-59 -9.261956e-58 -3.307923e-56 -1.043582e-54 -2.898744e-53 -7.024416e-52 -1.455369e-50 -2.460011e-49 -2.937818e-48 -6.250438e-48 8.998610e-46 3.259616e-44 7.686399e-43 1.440734e-41 2.269278e-40 3.065397e-39 3.572107e-38 3.578092e-37 3.038181e-36 2.116278e-35 1.109655e-34 2.994665e-34 -1.728922e-33 -3.305147e-32 -2.941888e-31 -1.908129e-30 -9.832190e-30 -4.136097e-29 -1.431292e-28 -4.067655e-28 -9.424458e-28 -1.759128e-27 -2.599177e-27 -2.948696e-27 -2.374437e-27 -9.114742e-28 9.114742e-28 2.374437e-27 2.948696e-27 2.599177e-27 1.759128e-27 9.424458e-28 4.067655e-28 1.431292e-28 4.136097e-29 9.832190e-30 1.908129e-30 2.941888e-31 3.305147e-32 1.728922e-33 -2.994665e-34 -1.109655e-34 -2.116278e-35 -3.038181e-36 -3.578092e-37 -3.572107e-38 -3.065397e-39 -2.269278e-40 -1.440734e-41 -7.686399e-43 -3.259616e-44 -8.998610e-46 6.250438e-48 2.937818e-48 2.460011e-49 1.455369e-50 7.024416e-52 2.898744e-53 1.043582e-54 3.307923e-56 9.261956e-58 2.288210e-59 4.961008e-61 9.331134e-63 1.488628e-64 1.917301e-66 1.723676e-68 2.867031e-71 -2.759550e-72 -7.040335e-74 -1.126175e-75 -1.371289e-77 -1.330051e-79 -1.034156e-81 -6.358674e-84 -2.994591e-86 -9.950664e-89 -1.107781e-91 -1.148728e-95 0.000000e+00 0.000000e+00 0.000000e+00 0.000000e+00 0.000000e+00
0.000000e+00 0.000000e+00 0.000000e+00 0.000000e+00 1.875102e-97 1.041981e-92 4.959732e-89 2.925685e-86 6.487787e-84 1.077112e-81 1.414738e-79 1.490272e-77 1.251046e-75 7.998302e-74 3.207486e-72 -3.418547e-71 -2.102069e-68 -2.396408e-66 -1.908235e-64 -1.227572e-62 -6.702732e-61 -3.177341e-59 -1.322786e-57 -4.863087e-56 -1.580603e-54 -4.527248e-53 -1.132324e-51 -2.423762e-50 -4.236633e-49 -5.235244e-48 -1.136072e-47 1.733971e-45 6.523167e-44 1.601374e-42 3.130705e-41 5.152852e-40 7.287901e-39 8.910475e-38 9.385075e-37 8.397835e-36 6.176248e-35 3.419907e-34 9.581619e-34 -6.448189e-33 -1.284953e-31 -1.228819e-30 -8.643417e-30 -4.868288e-29 -2.257190e-28 -8.689152e-28 -2.776275e-27 -7.321635e-27 -1.579017e-26 -2.750360e-26 -3.805587e-26 -4.070385e-26 -3.129638e-26 -1.170646e-26 1.170646e-26 3.129638e-26 4.070385e-26 3.805587e-26 2.750360e-26 1.579017e-26 7.321635e-27 2.776275e-27 8.689152e-28 2.257190e-28 4.868288e-29 8.643417e-30 1.228819e-30 1.284953e-31 6.448189e-33 -9.581619e-34 -3.419907e-34 -6.176248e-35 -8.397835e-36 -9.385075e-37 -8.910475e-38 -7.287901e-39 -5.152852e-40 -3.130705e-41 -1.601374e-42 -6.523167e-44 -1.733971e-45 1.136072e-47 5.235244e-48 4.236633e-49 2.423762e-50 1.132324e-51 4.527248e-53 1.580603e-54 4.863087e-56 1.322786e-57 3.177341e-59 6.702732e-61 1.227572e-62 1.908235e-64 2.396408e-66 2.102069e-68 3.418547e-71 -3.207486e-72 -7.998302e-74 -1.251046e-75 -1.490272e-77 -1.414738e-79 -1.077112e-81 -6.487787e-84 -2.925685e-86 -4.959732e-89 -1.041981e-92 -1.875102e-97 0.000000e+00 0.000000e+00 0.000000e+00 0.000000e+00
0.000000e+00 0.000000e+00 0.000000e+00 6.831747e-100 1.670085e-94 4.580867e-90 1.431161e-86 6.213686e-84 1.077111e-81 1.444219e-79 1.553704e-77 1.332659e-75 8.709478e-74 3.572094e-72 -3.895674e-71 -2.452534e-68 -2.864166e-66 -2.337743e-64 -1.542447e-62 -8.643661e-61 -4.208157e-59 -1.800590e-57 -6.808737e-56 -2.278013e-54 -6.722250e-53 -1.733741e-51 -3.830343e-50 -6.916737e-49 -8.835804e-48 -1.961741e-47 3.152614e-45 1.230375e-43 3.139919e-42 6.392138e-41 1.097418e-39 1.621914e-38 2.076128e-37 2.293952e-36 2.157648e-35 1.670963e-34 9.745053e-34 2.831826e-33 -2.182642e-32 -4.539464e-31 -4.642853e-30 -3.520339e-29 -2.151661e-28 -1.090101e-27 -4.620215e-27 -1.639021e-26 -4.844311e-26 -1.183126e-25 -2.361389e-25 -3.799957e-25 -4.850871e-25 -4.796676e-25 -3.448307e-25 -1.238626e-25 1.238626e-25 3.448307e-25 4.796676e-25 4.850871e-25 3.799957e-25 2.361389e-25 1.183126e-25 4.844311e-26 1.639021e-26 4.620215e-27 1.090101e-27 2.151661e-28 3.520339e-29 4.642853e-30 4.539464e-31 2.182642e-32 -2.831826e-33 -9.745053e-34 -1.670963e-34 -2.157648e-35 -2.293952e-36 -2.076128e-37 -1.621914e-38 -1.097418e-39 -6.392138e-41 -3.139919e-42 -1.230375e-43 -3.152614e-45 1.961741e-47 8.835804e-48 6.916737e-49 3.830343e-50 1.733741e-51 6.722250e-53 2.278013e-54 6.808737e-56 1.800590e-57 4.208157e-59 8.643661e-61 1.542447e-62 2.337743e-64 2.864166e-66 2.452534e-68 3.895674e-71 -3.572094e-72 -8.709478e-74 -1.332659e-75 -1.553704e-77 -1.444219e-79 -1.077111e-81 -6.213686e-84 -1.431161e-86 -4.580867e-90 -1.670085e-94 -6.831747e-100 0.000000e+00 0.000000e+00 0.000000e+00
0.000000e+00 0.000000e+00 7.140794e-103 5.971883e-97 7.206689e-92 1.297463e-87 2.981852e-84 1.010803e-81 1.414737e-79 1.553704e-77 1.361021e-75 9.088263e-74 3.810311e-72 -4.249911e-71 -2.737807e-68 -3.273474e-66 -2.737009e-64 -1.851042e-62 -1.063901e-60 -5.315906e-59 -2.336044e-57 -9.078783e-56 -3.124231e-54 -9.490201e-53 -2.521641e-51 -5.744513e-50 -1.070559e-48 -1.412330e-47 -3.208571e-47 5.413219e-45 2.188917e-43 5.798769e-42 1.227336e-40 2.194185e-39 3.382451e-38 4.523954e-37 5.232405e-36 5.161165e-35 4.198370e-34 2.572440e-33 7.743632e-33 -6.745385e-32 -1.464105e-30 -1.594932e-29 -1.296810e-28 -8.548387e-28 -4.698308e-27 -2.173925e-26 -8.477292e-26 -2.774610e-25 -7.561989e-25 -1.696902e-24 -3.089928e-24 -4.485289e-24 -5.082461e-24 -4.381967e-24 -2.732940e-24 -8.869982e-25 8.869982e-25 2.732940e-24 4.381967e-24 5.082461e-24 4.485289e-24 3.089928e-24 1.696902e-24 7.561989e-25 2.774610e-25 8.477292e-26 2.173925e-26 4.698308e-27 8.548387e-28 1.296810e-28 1.594932e-29 1.464105e-30 6.745385e-32 -7.743632e-33 -2.572440e-33 -4.198370e-34 -5.161165e-35 -5.232405e-36 -4.523954e-37 -3.382451e-38 -2.194185e-39 -1.227336e-40 -5.798769e-42 -2.188917e-43 -5.413219e-45 3.208571e-47 1.412330e-47 1.070559e-48 5.744513e-50 2.521641e-51 9.490201e-53 3.124231e-54 9.078783e-56 2.336044e-57 5.315906e-59 1.063901e-60 1.851042e-62 2.737009e-64 3.273474e-66 2.737807e-68 4.249911e-71 -3.810311e-72 -9.088263e-74 -1.361021e-75 -1.553704e-77 -1.414737e-79 -1.010803e-81 -2.981852e-84 -1.297463e-87 -7.206689e-92 -5.971883e-97 -7.140794e-103 0.000000e+00 0.000000e+00
0.000000e+00 2.590009e-106 6.123127e-100 2.528154e-94 2.002763e-89 2.652517e-85 4.756947e-82 1.300334e-79 1.490270e-77 1.332659e-75 9.088263e-74 3.893170e-72 -4.438841e-71 -2.924536e-68 -3.578086e-66 -3.062954e-64 -2.122018e-62 -1.250144e-60 -6.406673e-59 -2.889460e-57 -1.153300e-55 -4.078965e-54 -1.274394e-52 -3.485604e-51 -8.180353e-50 -1.571850e-48 -2.139430e-47 -4.974129e-47 8.785558e-45 3.676586e-43 1.009720e-41 2.218714e-40 4.123977e-39 6.619768e-38 9.234130e-37 1.115768e-35 1.151719e-34 9.818528e-34 6.306425e-33 1.964449e-32 -1.912247e-31 -4.329695e-30 -5.005398e-29 -4.344518e-28 -3.072360e-27 -1.820707e-26 -9.132344e-26 -3.882612e-25 -1.393817e-24 -4.191354e-24 -1.042975e-23 -2.110651e-23 -3.387706e-23 -4.149265e-23 -3.622406e-23 -1.930266e-23 -3.217499e-24 1.263605e-24 -1.263605e-24 3.217499e-24 1.930266e-23 3.622406e-23 4.149265e-23 3.387706e-23 2.110651e-23 1.042975e-23 4.191354e-24 1.393817e-24 3.882612e-25 9.132344e-26 1.820707e-26 3.072360e-27 4.344518e-28 5.005398e-29 4.329695e-30 1.912247e-31 -1.964449e-32 -6.306425e-33 -9.818528e-34 -1.151719e-34 -1.115768e-35 -9.234130e-37 -6.619768e-38 -4.123977e-39 -2.218714e-40 -1.009720e-41 -3.676586e-43 -8.785558e-45 4.974129e-47 2.139430e-47 1.571850e-48 8.180353e-50 3.485604e-51 1.274394e-52 4.078965e-54 1.153300e-55 2.889460e-57 6.406673e-59 1.250144e-60 2.122018e-62 3.062954e-64 3.578086e-66 2.924536e-68 4.438841e-71 -3.893170e-72 -9.088263e-74 -1.332659e-75 -1.490270e-77 -1.300334e-79 -4.756947e-82 -2.652517e-85 -2.002763e-89 -2.528154e-94 -6.123127e-100 -2.590009e-106 0.000000e+00
3.759060e-110 2.177454e-103 2.541752e-97 6.890021e-92 4.015868e-87 4.150727e-83 5.999377e-80 1.341026e-77 1.251044e-75 8.709478e-74 3.810311e-72 -4.438841e-71 -2.989546e-68 -3.740779e-66 -3.276719e-64 -2.324181e-62 -1.402649e-60 -7.367951e-59 -3.408210e-57 -1.396146e-55 -5.071253e-54 -1.628388e-52 -4.580866e-51 -1.106613e-49 -2.190428e-48 -3.073153e-47 -7.313479e-47 1.348771e-44 5.835051e-43 1.659263e-41 3.780130e-40 7.294557e-39 1.217354e-37 1.768101e-36 2.227888e-35 2.401868e-34 2.141533e-33 1.438966e-32 4.634221e-32 -4.992116e-31 -1.178295e-29 -1.440939e-28 -1.329833e-27 -1.004293e-26 -6.383561e-26 -3.450198e-25 -1.588324e-24 -6.205039e-24 -2.040218e-23 -5.570727e-23 -1.236851e-22 -2.155142e-22 -2.741640e-22 -2.038480e-22 3.812885e-23 3.295681e-22 4.254782e-22 1.957759e-22 -1.957759e-22 -4.254782e-22 -3.295681e-22 -3.812885e-23 2.038480e-22 2.741640e-22 2.155142e-22 1.236851e-22 5.570727e-23 2.040218e-23 6.205039e-24 1.588324e-24 3.450198e-25 6.383561e-26 1.004293e-26 1.329833e-27 1.440939e-28 1.178295e-29 4.992116e-31 -4.634221e-32 -1.438966e-32 -2.141533e-33 -2.401868e-34 -2.227888e-35 -1.768101e-36 -1.217354e-37 -7.294557e-39 -3.780130e-40 -1.659263e-41 -5.835051e-43 -1.348771e-44 7.313479e-47 3.073153e-47 2.190428e-48 1.106613e-49 4.580866e-51 1.628388e-52 5.071253e-54 1.396146e-55 3.408210e-57 7.367951e-59 1.402649e-60 2.324181e-62 3.276719e-64 3.740779e-66 2.989546e-68 4.438841e-71 -3.810311e-72 -8.709478e-74 -1.251044e-75 -1.341026e-77 -5.999377e-80 -4.150727e-83 -4.015868e-87 -6.890021e-92 -2.541752e-97 -2.177454e-103 -3.759060e-110
3.096803e-107 8.858109e-101 6.789481e-95 1.354330e-89 6.161455e-85 5.133447e-81 6.064288e-78 1.101708e-75 7.998276e-74 3.572094e-72 -4.249911e-71 -2.924536e-68 -3.740779e-66 -3.351214e-64 -2.432317e-62 -1.502868e-60 -8.086977e-59 -3.834340e-57 -1.610978e-55 -6.005530e-54 -1.980468e-52 -5.725867e-51 -1.422640e-49 -2.898396e-48 -4.188043e-47 -1.020380e-46 1.959949e-44 8.756746e-43 2.575304e-41 6.075339e-40 1.215509e-38 2.105919e-37 3.179772e-36 4.171271e-35 4.688507e-34 4.363874e-33 3.061839e-32 1.018704e-31 -1.204070e-30 -2.960274e-29 -3.818407e-28 -3.733906e-27 -2.999293e-26 -2.035551e-25 -1.179420e-24 -5.845082e-24 -2.468671e-23 -8.809549e-23 -2.617348e-22 -6.314243e-22 -1.178999e-21 -1.507982e-21 -6.567020e-22 2.401609e-21 7.343528e-21 1.144704e-20 1.095550e-20 4.560752e-21 -4.560752e-21 -1.095550e-20 -1.144704e-20 -7.343528e-21 -2.401609e-21 6.567020e-22 1.507982e-21 1.178999e-21 6.314243e-22 2.617348e-22 8.809549e-23 2.468671e-23 5.845082e-24 1.179420e-24 2.035551e-25 2.999293e-26 3.733906e-27 3.818407e-28 2.960274e-29 1.204070e-30 -1.018704e-31 -3.061839e-32 -4.363874e-33 -4.688507e-34 -4.171271e-35 -3.179772e-36 -2.105919e-37 -1.215509e-38 -6.075339e-40 -2.575304e-41 -8.756746e-43 -1.959949e-44 1.020380e-46 4.188043e-47 2.898396e-48 1.422640e-49 5.725867e-51 1.980468e-52 6.005530e-54 1.610978e-55 3.834340e-57 8.086977e-59 1.502868e-60 2.432317e-62 3.351214e-64 3.740779e-66 2.924536e-68 4.249911e-71 -3.572094e-72 -7.998276e-74 -1.101708e-75 -6.064288e-78 -5.133447e-81 -6.161455e-85 -1.354330e-89 -6.789481e-95 -8.858109e-101 -3.096803e-107
1.233938e-104 2.317847e-98 1.307515e-92 2.036206e-87 7.469324e-83 5.087808e-79 4.883183e-76 6.891063e-74 3.207465e-72 -3.895674e-71 -2.737807e-68 -3.578086e-66 -3.276719e-64 -2.432317e-62 -1.537829e-60 -8.472177e-59 -4.114968e-57 -1.772105e-55 -6.775548e-54 -2.293169e-52 -6.808941e-51 -1.738638e-49 -3.642985e-48 -5.417032e-47 -1.351533e-46 2.697311e-44 1.243396e-42 3.777847e-41 9.217919e-40 1.909742e-38 3.430391e-37 5.376997e-36 7.332161e-35 8.578241e-34 8.320545e-33 6.085719e-32 2.090446e-31 -2.690629e-30 -6.884518e-29 -9.342388e-28 -9.649807e-27 -8.215419e-26 -5.929593e-25 -3.666714e-24 -1.946495e-23 -8.838214e-23 -3.401833e-22 -1.092234e-21 -2.841435e-21 -5.631209e-21 -7.027003e-21 8.380301e-22 3.097605e-20 9.158864e-20 1.682726e-19 2.173287e-19 1.900317e-19 7.611273e-20 -7.611273e-20 -1.900317e-19 -2.173287e-19 -1.682726e-19 -9.158864e-20 -3.097605e-20 -8.380301e-22 7.027003e-21 5.631209e-21 2.841435e-21 1.092234e-21 3.401833e-22 8.838214e-23 1.946495e-23 3.666714e-24 5.929593e-25 8.215419e-26 9.649807e-27 9.342388e-28 6.884518e-29 2.690629e-30 -2.090446e-31 -6.085719e-32 -8.320545e-33 -8.578241e-34 -7.332161e-35 -5.376997e-36 -3.430391e-37 -1.909742e-38 -9.217919e-40 -3.777847e-41 -1.243396e-42 -2.697311e-44 1.351533e-46 5.417032e-47 3.642985e-48 1.738638e-49 6.808941e-51 2.293169e-52 6.775548e-54 1.772105e-55 4.114968e-57 8.472177e-59 1.537829e-60 2.432317e-62 3.276719e-64 3.578086e-66 2.737807e-68 3.895674e-71 -3.207465e-72 -6.891063e-74 -4.883183e-76 -5.087808e-79 -7.469324e-83 -2.036206e-87 -1.307515e-92 -2.317847e-98 -1.233938e-104
3.160983e-102 4.370625e-96 1.925207e-90 2.418106e-85 7.255190e-81 4.017814e-77 2.996057e-74 2.704672e-72 -3.418673e-71 -2.452534e-68 -3.273474e-66 -3.062954e-64 -2.324181e-62 -1.502868e-60 -8.472177e-59 -4.212966e-57 -1.858564e-55 -7.283765e-54 -2.528363e-52 -7.704694e-51 -2.020455e-49 -4.350687e-48 -6.652500e-47 -1.700123e-46 3.517226e-44 1.671375e-42 5.241094e-41 1.321254e-39 2.831250e-38 5.266143e-37 8.557632e-36 1.211293e-34 1.472856e-33 1.486428e-32 1.131568e-31 4.010845e-31 -5.583704e-30 -1.485599e-28 -2.115947e-27 -2.302167e-26 -2.070798e-25 -1.583939e-24 -1.041253e-23 -5.895179e-23 -2.863879e-22 -1.182672e-21 -4.080150e-21 -1.137660e-20 -2.375684e-20 -2.804657e-20 2.902742e-20 2.645261e-19 8.247097e-19 1.739717e-18 2.736796e-18 3.237545e-18 2.692350e-18 1.053624e-18 -1.053624e-18 -2.692350e-18 -3.237545e-18 -2.736796e-18 -1.739717e-18 -8.247097e-19 -2.645261e-19 -2.902742e-20 2.804657e-20 2.375684e-20 1.137660e-20 4.080150e-21 1.182672e-21 2.863879e-22 5.895179e-23 1.041253e-23 1.583939e-24 2.070798e-25 2.302167e-26 2.115947e-27 1.485599e-28 5.583704e-30 -4.010845e-31 -1.131568e-31 -1.486428e-32 -1.472856e-33 -1.211293e-34 -8.557632e-36 -5.266143e-37 -2.831250e-38 -1.321254e-39 -5.241094e-41 -1.671375e-42 -3.517226e-44 1.700123e-46 6.652500e-47 4.350687e-48 2.020455e-49 7.704694e-51 2.528363e-52 7.283765e-54 1.858564e-55 4.212966e-57 8.472177e-59 1.502868e-60 2.324181e-62 3.062954e-64 3.273474e-66 2.452534e-68 3.418673e-71 -2.704672e-72 -2.996057e-74 -4.017814e-77 -7.255190e-81 -2.418106e-85 -1.925207e-90 -4.370625e-96 -3.160983e-102
5.832605e-100 6.298507e-94 2.238269e-88 2.300459e-83 5.616085e-79 2.420661e-75 1.159313e-72 -2.760766e-71 -2.102074e-68 -2.864166e-66 -2.737009e-64 -2.122018e-62 -1.402649e-60 -8.086977e-59 -4.114968e-57 -1.858564e-55 -7.461435e-54 -2.654780e-52 -8.297260e-51 -2.233043e-49 -4.938089e-48 -7.758897e-47 -2.031676e-46 4.347295e-44 2.127781e-42 6.879855e-41 1.790107e-39 3.963233e-38 7.624418e-37 1.282909e-35 1.882449e-34 2.375600e-33 2.490885e-32 1.970827e-31 7.205080e-31 -1.078303e-29 -2.980592e-28 -4.446351e-27 -5.082993e-26 -4.817133e-25 -3.892577e-24 -2.710927e-23 -1.630664e-22 -8.440096e-22 -3.722525e-21 -1.373251e-20 -4.083417e-20 -8.934604e-20 -9.641170e-20 2.420507e-19 1.748633e-18 5.857996e-18 1.392761e-17 2.551120e-17 3.673810e-17 4.102402e-17 3.292612e-17 1.266792e-17 -1.266792e-17 -3.292612e-17 -4.102402e-17 -3.673810e-17 -2.551120e-17 -1.392761e-17 -5.857996e-18 -1.748633e-18 -2.420507e-19 9.641170e-20 8.934604e-20 4.083417e-20 1.373251e-20 3.722525e-21 8.440096e-22 1.630664e-22 2.710927e-23 3.892577e-24 4.817133e-25 5.082993e-26 4.446351e-27 2.980592e-28 1.078303e-29 -7.205080e-31 -1.970827e-31 -2.490885e-32 -2.375600e-33 -1.882449e-34 -1.282909e-35 -7.624418e-37 -3.963233e-38 -1.790107e-39 -6.879855e-41 -2.127781e-42 -4.347295e-44 2.031676e-46 7.758897e-47 4.938089e-48 2.233043e-49 8.297260e-51 2.654780e-52 7.461435e-54 1.858564e-55 4.114968e-57 8.086977e-59 1.402649e-60 2.122018e-62 2.737009e-64 2.864166e-66 2.102074e-68 2.760766e-71 -1.159313e-72 -2.420661e-75 -5.616085e-79 -2.300459e-83 -2.238269e-88 -6.298507e-94 -5.832605e-100
8.221273e-98 7.164212e-92 2.084157e-86 1.744321e-81 3.320892e-77 9.265134e-74 -1.012814e-71 -1.683472e-68 -2.396407e-66 -2.337743e-64 -1.851042e-62 -1.250144e-60 -7.367951e-59 -3.834340e-57 -1.772105e-55 -7.283765e-54 -2.654780e-52 -8.504657e-51 -2.347510e-49 -5.327598e-48 -8.595970e-47 -2.307014e-46 5.094711e-44 2.566388e-42 8.548598e-41 2.293596e-39 5.241134e-38 1.041730e-36 1.812893e-35 2.754228e-34 3.602687e-33 3.919391e-32 3.218854e-31 1.213303e-30 -1.941177e-29 -5.569837e-28 -8.685682e-27 -1.040926e-25 -1.036711e-24 -8.825493e-24 -6.491498e-23 -4.134567e-22 -2.271631e-21 -1.065820e-20 -4.186800e-20 -1.322132e-19 -3.017918e-19 -2.853680e-19 1.404178e-18 9.505646e-18 3.433756e-17 9.076730e-17 1.886701e-16 3.157480e-16 4.264905e-16 4.554125e-16 3.552219e-16 1.347726e-16 -1.347726e-16 -3.552219e-16 -4.554125e-16 -4.264905e-16 -3.157480e-16 -1.886701e-16 -9.076730e-17 -3.433756e-17 -9.505646e-18 -1.404178e-18 2.853680e-19 3.017918e-19 1.322132e-19 4.186800e-20 1.065820e-20 2.271631e-21 4.134567e-22 6.491498e-23 8.825493e-24 1.036711e-24 1.040926e-25 8.685682e-27 5.569837e-28 1.941177e-29 -1.213303e-30 -3.218854e-31 -3.919391e-32 -3.602687e-33 -2.754228e-34 -1.812893e-35 -1.041730e-36 -5.241134e-38 -2.293596e-39 -8.548598e-41 -2.566388e-42 -5.094711e-44 2.307014e-46 8.595970e-47 5.327598e-48 2.347510e-49 8.504657e-51 2.654780e-52 7.283765e-54 1.772105e-55 3.834340e-57 7.367951e-59 1.250144e-60 1.851042e-62 2.337743e-64 2.396407e-66 1.683472e-68 1.012814e-71 -9.265134e-74 -3.320892e-77 -1.744321e-81 -2.084157e-86 -7.164212e-92 -8.221273e-98
9.142590e-96 6.524712e-90 1.546855e-84 1.011521e-79 1.256482e-75 -6.338369e-73 -6.705009e-69 -1.874447e-66 -1.908232e-64 -1.542447e-62 -1.063901e-60 -6.406673e-59 -3.408210e-57 -1.610978e-55 -6.775548e-54 -2.528363e-52 -8.297260e-51 -2.347510e-49 -5.464087e-48 -9.047483e-47 -2.489655e-46 5.662383e-44 2.933448e-42 1.005796e-40 2.780136e-39 6.550861e-38 1.343882e-36 2.416234e-35 3.796397e-34 5.141057e-33 5.795799e-32 4.934659e-31 1.917245e-30 -3.262440e-29 -9.709198e-28 -1.579935e-26 -1.980900e-25 -2.068591e-24 -1.850523e-23 -1.433599e-22 -9.639271e-22 -5.603503e-21 -2.787052e-20 -1.161588e-19 -3.881702e-19 -9.212216e-19 -7.209205e-19 6.530158e-18 4.388456e-17 1.707322e-16 4.965373e-16 1.151532e-15 2.181415e-15 3.404228e-15 4.361763e-15 4.482897e-15 3.410550e-15 1.278132e-15 -1.278132e-15 -3.410550e-15 -4.482897e-15 -4.361763e-15 -3.404228e-15 -2.181415e-15 -1.151532e-15 -4.965373e-16 -1.707322e-16 -4.388456e-17 -6.530158e-18 7.209205e-19 9.212216e-19 3.881702e-19 1.161588e-19 2.787052e-20 5.603503e-21 9.639271e-22 1.433599e-22 1.850523e-23 2.068591e-24 1.980900e-25 1.579935e-26 9.709198e-28 3.262440e-29 -1.917245e-30 -4.934659e-31 -5.795799e-32 -5.141057e-33 -3.796397e-34 -2.416234e-35 -1.343882e-36 -6.550861e-38 -2.780136e-39 -1.005796e-40 -2.933448e-42 -5.662383e-44 2.489655e-46 9.047483e-47 5.464087e-48 2.347510e-49 8.297260e-51 2.528363e-52 6.775548e-54 1.610978e-55 3.408210e-57 6.406673e-59 1.063901e-60 1.542447e-62 1.908232e-64 1.874447e-66 6.705009e-69 6.338369e-73 -1.256482e-75 -1.011521e-79 -1.546855e-84 -6.524712e-90 -9.142590e-96
8.138060e-94 4.736487e-88 8.789245e-83 3.778190e-78 -6.353558e-75 -4.918623e-70 -7.330455e-67 -1.456063e-64 -1.227569e-62 -8.643661e-61 -5.315906e-59 -2.889460e-57 -1.396146e-55 -6.005530e-54 -2.293169e-52 -7.704694e-51 -2.233043e-49 -5.327598e-48 -9.047483e-47 -2.553666e-46 5.969294e-44 3.178181e-42 1.120802e-40 3.188995e-39 7.741438e-38 1.637588e-36 3.038828e-35 4.932658e-34 6.907627e-33 8.060359e-32 7.106769e-31 2.845442e-30 -5.125333e-29 -1.580858e-27 -2.680045e-26 -3.508789e-25 -3.833899e-24 -3.595918e-23 -2.926787e-22 -2.071893e-21 -1.270653e-20 -6.678950e-20 -2.944013e-19 -1.037928e-18 -2.554376e-18 -1.514664e-18 2.565713e-17 1.755795e-16 7.336607e-16 2.327933e-15 5.950228e-15 1.254176e-14 2.203328e-14 3.237314e-14 3.956895e-14 3.927360e-14 2.919747e-14 1.081703e-14 -1.081703e-14 -2.919747e-14 -3.927360e-14 -3.956895e-14 -3.237314e-14 -2.203328e-14 -1.254176e-14 -5.950228e-15 -2.327933e-15 -7.336607e-16 -1.755795e-16 -2.565713e-17 1.514664e-18 2.554376e-18 1.037928e-18 2.944013e-19 6.678950e-20 1.270653e-20 2.071893e-21 2.926787e-22 3.595918e-23 3.833899e-24 3.508789e-25 2.680045e-26 1.580858e-27 5.125333e-29 -2.845442e-30 -7.106769e-31 -8.060359e-32 -6.907627e-33 -4.932658e-34 -3.038828e-35 -1.637588e-36 -7.741438e-38 -3.188995e-39 -1.120802e-40 -3.178181e-42 -5.969294e-44 2.553666e-46 9.047483e-47 5.327598e-48 2.233043e-49 7.704694e-51 2.293169e-52 6.005530e-54 1.396146e-55 2.889460e-57 5.315906e-59 8.643661e-61 1.227569e-62 1.456063e-64 7.330455e-67 4.918623e-70 6.353558e-75 -3.778190e-78 -8.789245e-83 -4.736487e-88 -8.138060e-94
5.773619e-92 2.634675e-86 3.236406e-81 -1.305689e-77 -6.110442e-72 -5.294463e-68 -5.567300e-65 -9.130223e-63 -6.702708e-61 -4.208157e-59 -2.336044e-57 -1.153300e-55 -5.071253e-54 -1.980468e-52 -6.808941e-51 -2.020455e-49 -4.938089e-48 -8.595970e-47 -2.489655e-46 5.969294e-44 3.264174e-42 1.183099e-40 3.462347e-39 8.651833e-38 1.885489e-36 3.607771e-35 6.043981e-34 8.743461e-33 1.054882e-31 9.621533e-31 3.969277e-30 -7.534704e-29 -2.406876e-27 -4.244751e-26 -5.793138e-25 -6.610658e-24 -6.487298e-23 -5.534989e-22 -4.115258e-21 -2.655631e-20 -1.471115e-19 -6.838784e-19 -2.537014e-18 -6.461872e-18 -2.456297e-18 8.748648e-17 6.173697e-16 2.761792e-15 9.495563e-15 2.650120e-14 6.139507e-14 1.193906e-13 1.960741e-13 2.724480e-13 3.184578e-13 3.056389e-13 2.221751e-13 8.138946e-14 -8.138946e-14 -2.221751e-13 -3.056389e-13 -3.184578e-13 -2.724480e-13 -1.960741e-13 -1.193906e-13 -6.139507e-14 -2.650120e-14 -9.495563e-15 -2.761792e-15 -6.173697e-16 -8.748648e-17 2.456297e-18 6.461872e-18 2.537014e-18 6.838784e-19 1.471115e-19 2.655631e-20 4.115258e-21 5.534989e-22 6.487298e-23 6.610658e-24 5.793138e-25 4.244751e-26 2.406876e-27 7.534704e-29 -3.969277e-30 -9.621533e-31 -1.054882e-31 -8.743461e-33 -6.043981e-34 -3.607771e-35 -1.885489e-36 -8.651833e-38 -3.462347e-39 -1.183099e-40 -3.264174e-42 -5.969294e-44 2.489655e-46 8.595970e-47 4.938089e-48 2.020455e-49 6.808941e-51 1.980468e-52 5.071253e-54 1.153300e-55 2.336044e-57 4.208157e-59 6.702708e-61 9.130223e-63 5.567300e-65 5.294463e-68 6.110442e-72 1.305689e-77 -3.236406e-81 -2.634675e-86 -5.773619e-92
3.141172e-90 9.550830e-85 -6.575290e-81 -1.682709e-74 -6.474521e-70 -3.934894e-66 -3.407569e-63 -4.855661e-61 -3.177327e-59 -1.800590e-57 -9.078783e-56 -4.078965e-54 -1.628388e-52 -5.725867e-51 -1.738638e-49 -4.350687e-48 -7.758897e-47 -2.307014e-46 5.662383e-44 3.178181e-42 1.183099e-40 3.558527e-39 9.146032e-38 2.051714e-36 4.044455e-35 6.986304e-34 1.043026e-32 1.299788e-31 1.225227e-30 5.207532e-30 -1.037430e-28 -3.429827e-27 -6.283866e-26 -8.925864e-25 -1.061878e-23 -1.088237e-22 -9.713157e-22 -7.568135e-21 -5.126832e-20 -2.985735e-19 -1.460142e-18 -5.686723e-18 -1.496883e-17 -2.212760e-18 2.631559e-16 1.927521e-15 9.201701e-15 3.408422e-14 1.030990e-13 2.601028e-13 5.532390e-13 9.988539e-13 1.537991e-12 2.023167e-12 2.261462e-12 2.097564e-12 1.489912e-12 5.394619e-13 -5.394619e-13 -1.489912e-12 -2.097564e-12 -2.261462e-12 -2.023167e-12 -1.537991e-12 -9.988539e-13 -5.532390e-13 -2.601028e-13 -1.030990e-13 -3.408422e-14 -9.201701e-15 -1.927521e-15 -2.631559e-16 2.212760e-18 1.496883e-17 5.686723e-18 1.460142e-18 2.985735e-19 5.126832e-20 7.568135e-21 9.713157e-22 1.088237e-22 1.061878e-23 8.925864e-25 6.283866e-26 3.429827e-27 1.037430e-28 -5.207532e-30 -1.225227e-30 -1.299788e-31 -1.043026e-32 -6.986304e-34 -4.044455e-35 -2.051714e-36 -9.146032e-38 -3.558527e-39 -1.183099e-40 -3.178181e-42 -5.662383e-44 2.307014e-46 7.758897e-47 4.350687e-48 1.738638e-49 5.725867e-51 1.628388e-52 4.078965e-54 9.078783e-56 1.800590e-57 3.177327e-59 4.855661e-61 3.407569e-63 3.934894e-66 6.474521e-70 1.682709e-74 6.575290e-81 -9.550830e-85 -3.141172e-90
1.119469e-88 -7.336372e-85 -1.319872e-77 -1.753714e-72 -4.706191e-68 -2.351859e-64 -1.767032e-61 -2.240256e-59 -1.322779e-57 -6.808737e-56 -3.124231e-54 -1.274394e-52 -4.580866e-51 -1.422640e-49 -3.642985e-48 -6.652500e-47 -2.031676e-46 5.094711e-44 2.933448e-42 1.120802e-40 3.462347e-39 9.146032e-38 2.110286e-36 4.282036e-35 7.620090e-34 1.172995e-32 1.508418e-31 1.468186e-30 6.428770e-30 -1.338785e-28 -4.578073e-27 -8.702555e-26 -1.284699e-24 -1.590841e-23 -1.699630e-22 -1.584038e-21 -1.290843e-20 -9.160056e-20 -5.595710e-19 -2.872342e-18 -1.172078e-17 -3.185216e-17 3.175296e-18 7.060051e-16 5.385990e-15 2.735420e-14 1.086273e-13 3.539624e-13 9.654001e-13 2.225986e-12 4.366937e-12 7.328048e-12 1.056847e-11 1.313172e-11 1.399538e-11 1.250694e-11 8.658793e-12 3.094292e-12 -3.094292e-12 -8.658793e-12 -1.250694e-11 -1.399538e-11 -1.313172e-11 -1.056847e-11 -7.328048e-12 -4.366937e-12 -2.225986e-12 -9.654001e-13 -3.539624e-13 -1.086273e-13 -2.735420e-14 -5.385990e-15 -7.060051e-16 -3.175296e-18 3.185216e-17 1.172078e-17 2.872342e-18 5.595710e-19 9.160056e-20 1.290843e-20 1.584038e-21 1.699630e-22 1.590841e-23 1.284699e-24 8.702555e-26 4.578073e-27 1.338785e-28 -6.428770e-30 -1.468186e-30 -1.508418e-31 -1.172995e-32 -7.620090e-34 -4.282036e-35 -2.110286e-36 -9.146032e-38 -3.462347e-39 -1.120802e-40 -2.933448e-42 -5.094711e-44 2.031676e-46 6.652500e-47 3.642985e-48 1.422640e-49 4.580866e-51 1.274394e-52 3.124231e-54 6.808737e-56 1.322779e-57 2.240256e-59 1.767032e-61 2.351859e-64 4.706191e-68 1.753714e-72 1.319872e-77 7.336372e-85 -1.119469e-88
3.912088e-89 -3.565639e-81 -1.351763e-75 -1.245642e-70 -2.744941e-66 -1.189421e-62 -7.942170e-60 -9.070398e-58 -4.863054e-56 -2.278013e-54 -9.490201e-53 -3.485604e-51 -1.106613e-49 -2.898396e-48 -5.417032e-47 -1.700123e-46 4.347295e-44 2.566388e-42 1.005796e-40 3.188995e-39 8.651833e-38 2.051714e-36 4.282036e-35 7.843754e-34 1.243870e-32 1.649172e-31 1.656072e-30 7.470766e-30 -1.620192e-28 -5.727339e-27 -1.128292e-25 -1.728724e-24 -2.224921e-23 -2.474181e-22 -2.403672e-21 -2.044886e-20 -1.517112e-19 -9.701821e-19 -5.216695e-18 -2.226406e-17 -6.242748e-17 2.233437e-17 1.702844e-15 1.355347e-14 7.302292e-14 3.095803e-13 1.081192e-12 3.169197e-12 7.866597e-12 1.662414e-11 3.004745e-11 4.668900e-11 6.270669e-11 7.306298e-11 7.364152e-11 6.289847e-11 4.216560e-11 1.481660e-11 -1.481660e-11 -4.216560e-11 -6.289847e-11 -7.364152e-11 -7.306298e-11 -6.270669e-11 -4.668900e-11 -3.004745e-11 -1.662414e-11 -7.866597e-12 -3.169197e-12 -1.081192e-12 -3.095803e-13 -7.302292e-14 -1.355347e-14 -1.702844e-15 -2.233437e-17 6.242748e-17 2.226406e-17 5.216695e-18 9.701821e-19 1.517112e-19 2.044886e-20 2.403672e-21 2.474181e-22 2.224921e-23 1.728724e-24 1.128292e-25 5.727339e-27 1.620192e-28 -7.470766e-30 -1.656072e-30 -1.649172e-31 -1.243870e-32 -7.843754e-34 -4.282036e-35 -2.051714e-36 -8.651833e-38 -3.188995e-39 -1.005796e-40 -2.566388e-42 -4.347295e-44 1.700123e-46 5.417032e-47 2.898396e-48 1.106613e-49 3.485604e-51 9.490201e-53 2.278013e-54 4.863054e-56 9.070398e-58 7.942170e-60 1.189421e-62 2.744941e-66 1.245642e-70 1.351763e-75 3.565639e-81 -3.912088e-89
