0.000000e+00 0.000000e+00 0.000000e+00 0.000000e+00 0.000000e+00 0.000000e+00 0.000000e+00 0.000000e+00 0.000000e+00 0.000000e+00 0.000000e+00 0.000000e+00 0.000000e+00 0.000000e+00 0.000000e+00 0.000000e+00 0.000000e+00 0.000000e+00 0.000000e+00 0.000000e+00 0.000000e+00 0.000000e+00 0.000000e+00 0.000000e+00 0.000000e+00 0.000000e+00 0.000000e+00 0.000000e+00 0.000000e+00 0.000000e+00 0.000000e+00 0.000000e+00 0.000000e+00 0.000000e+00 0.000000e+00 0.000000e+00 0.000000e+00 0.000000e+00 0.000000e+00 0.000000e+00 0.000000e+00 0.000000e+00 0.000000e+00 0.000000e+00 0.000000e+00 0.000000e+00 0.000000e+00 0.000000e+00 0.000000e+00 0.000000e+00 0.000000e+00 0.000000e+00 0.000000e+00 0.000000e+00 0.000000e+00 0.000000e+00 0.000000e+00 0.000000e+00 0.000000e+00 0.000000e+00 0.000000e+00 0.000000e+00 0.000000e+00 0.000000e+00 0.000000e+00 0.000000e+00 0.000000e+00 0.000000e+00 0.000000e+00 0.000000e+00 0.000000e+00 0.000000e+00 0.000000e+00 0.000000e+00 0.000000e+00 0.000000e+00 0.000000e+00 0.000000e+00 0.000000e+00 0.000000e+00 0.000000e+00 0.000000e+00 0.000000e+00 0.000000e+00 0.000000e+00 0.000000e+00 0.000000e+00 0.000000e+00 0.000000e+00 0.000000e+00 0.000000e+00 0.000000e+00 0.000000e+00 0.000000e+00 0.000000e+00 0.000000e+00 0.000000e+00 0.000000e+00 0.000000e+00 0.000000e+00 0.000000e+00 0.000000e+00 0.000000e+00 0.000000e+00 0.000000e+00 0.000000e+00 0.000000e+00 0.000000e+00 0.000000e+00 0.000000e+00 0.000000e+00 0.000000e+00 0.000000e+00 0.000000e+00 0.000000e+00 0.000000e+00
1.507563e-130 4.373184e-124 3.412669e-118 6.968093e-113 3.269907e-108 2.842952e-104 3.572031e-101 7.145188e-99 6.157357e-97 4.154533e-95 2.031305e-93 3.900717e-92 -5.300617e-90 -8.233697e-88 -7.405438e-86 -5.199827e-84 -3.077151e-82 -1.584238e-80 -7.211169e-79 -2.927968e-77 -1.065526e-75 -3.481643e-74 -1.020601e-72 -2.673323e-71 -6.203097e-70 -1.253082e-68 -2.122109e-67 -2.715967e-66 -1.491408e-65 4.765509e-64 2.116592e-62 5.378171e-61 1.070020e-59 1.796292e-58 2.616524e-57 3.345024e-56 3.765027e-55 3.720559e-54 3.197829e-53 2.343203e-52 1.400069e-51 6.001182e-51 7.377803e-51 -1.737604e-49 -2.227592e-48 -1.748642e-47 -1.060528e-46 -5.276421e-46 -2.199952e-45 -7.741316e-45 -2.299302e-44 -5.740791e-44 -1.196034e-43 -2.056828e-43 -2.871186e-43 -3.151961e-43 -2.503034e-43 -9.575400e-44 9.575400e-44 2.503034e-43 3.151961e-43 2.871186e-43 2.056828e-43 1.196034e-43 5.740791e-44 2.299302e-44 7.741316e-45 2.199952e-45 5.276421e-46 1.060528e-46 1.748642e-47 2.227592e-48 1.737604e-49 -7.377803e-51 -6.001182e-51 -1.400069e-51 -2.343203e-52 -3.197829e-53 -3.720559e-54 -3.765027e-55 -3.345024e-56 -2.616524e-57 -1.796292e-58 -1.070020e-59 -5.378171e-61 -2.116592e-62 -4.765509e-64 1.491408e-65 2.715967e-66 2.122109e-67 1.253082e-68 6.203097e-70 2.673323e-71 1.020601e-72 3.481643e-74 1.065526e-75 2.927968e-77 7.211169e-79 1.584238e-80 3.077151e-82 5.199827e-84 7.405438e-86 8.233697e-88 5.300617e-90 -3.900717e-92 -2.031305e-93 -4.154533e-95 -6.157357e-97 -7.145188e-99 -3.572031e-101 -2.842952e-104 -3.269907e-108 -6.968093e-113 -3.412669e-118 -4.373184e-124 -1.507563e-130
2.865162e-124 5.469614e-118 3.152297e-112 5.053402e-107 1.930094e-102 1.394716e-98 1.469828e-95 2.456510e-93 1.720876e-91 8.519793e-90 1.592614e-88 -2.417764e-86 -3.765168e-84 -3.441807e-82 -2.463353e-80 -1.487896e-78 -7.825640e-77 -3.641615e-75 -1.512586e-73 -5.634264e-72 -1.885427e-70 -5.662885e-69 -1.520339e-67 -3.616172e-66 -7.484565e-65 -1.295979e-63 -1.681400e-62 -8.542659e-62 3.515059e-60 1.540150e-58 4.001301e-57 8.199734e-56 1.422685e-54 2.146695e-53 2.848061e-52 3.331932e-51 3.426582e-50 3.067244e-49 2.339373e-48 1.448419e-47 6.290301e-47 4.691589e-47 -2.512828e-45 -3.215771e-44 -2.649587e-43 -1.711755e-42 -9.155476e-42 -4.136324e-41 -1.589745e-40 -5.201671e-40 -1.444601e-39 -3.386017e-39 -6.645924e-39 -1.080982e-38 -1.434900e-38 -1.509701e-38 -1.161942e-38 -4.371271e-39 4.371271e-39 1.161942e-38 1.509701e-38 1.434900e-38 1.080982e-38 6.645924e-39 3.386017e-39 1.444601e-39 5.201671e-40 1.589745e-40 4.136324e-41 9.155476e-42 1.711755e-42 2.649587e-43 3.215771e-44 2.512828e-45 -4.691589e-47 -6.290301e-47 -1.448419e-47 -2.339373e-48 -3.067244e-49 -3.426582e-50 -3.331932e-51 -2.848061e-52 -2.146695e-53 -1.422685e-54 -8.199734e-56 -4.001301e-57 -1.540150e-58 -3.515059e-60 8.542659e-62 1.681400e-62 1.295979e-63 7.484565e-65 3.616172e-66 1.520339e-67 5.662885e-69 1.885427e-70 5.634264e-72 1.512586e-73 3.641615e-75 7.825640e-77 1.487896e-78 2.463353e-80 3.441807e-82 3.765168e-84 2.417764e-86 -1.592614e-88 -8.519793e-90 -1.720876e-91 -2.456510e-93 -1.469828e-95 -1.394716e-98 -1.930094e-102 -5.053402e-107 -3.152297e-112 -5.469614e-118 -2.865162e-124
1.370739e-118 1.932575e-112 8.744718e-107 1.140986e-101 3.622019e-97 2.195041e-93 1.930629e-90 2.614586e-88 1.337376e-86 2.418623e-85 -4.127166e-83 -6.440760e-81 -5.980113e-79 -4.359891e-77 -2.686131e-75 -1.442316e-73 -6.856807e-72 -2.911375e-70 -1.109183e-68 -3.798197e-67 -1.167853e-65 -3.210681e-64 -7.820191e-63 -1.656458e-61 -2.928362e-60 -3.841439e-59 -1.754066e-58 9.540408e-57 4.132030e-55 1.096309e-53 2.310655e-52 4.136840e-51 6.454865e-50 8.870542e-49 1.076415e-47 1.149430e-46 1.068812e-45 8.459597e-45 5.405976e-44 2.357942e-43 2.130934e-44 -1.282442e-41 -1.648032e-40 -1.420633e-39 -9.727455e-39 -5.558755e-38 -2.701455e-37 -1.124290e-36 -4.011188e-36 -1.223806e-35 -3.177543e-35 -6.974659e-35 -1.283690e-34 -1.961512e-34 -2.454613e-34 -2.451360e-34 -1.812418e-34 -6.668628e-35 6.668628e-35 1.812418e-34 2.451360e-34 2.454613e-34 1.961512e-34 1.283690e-34 6.974659e-35 3.177543e-35 1.223806e-35 4.011188e-36 1.124290e-36 2.701455e-37 5.558755e-38 9.727455e-39 1.420633e-39 1.648032e-40 1.282442e-41 -2.130934e-44 -2.357942e-43 -5.405976e-44 -8.459597e-45 -1.068812e-45 -1.149430e-46 -1.076415e-47 -8.870542e-49 -6.454865e-50 -4.136840e-51 -2.310655e-52 -1.096309e-53 -4.132030e-55 -9.540408e-57 1.754066e-58 3.841439e-59 2.928362e-60 1.656458e-61 7.820191e-63 3.210681e-64 1.167853e-65 3.798197e-67 1.109183e-68 2.911375e-70 6.856807e-72 1.442316e-73 2.686131e-75 4.359891e-77 5.980113e-79 6.440760e-81 4.127166e-83 -2.418623e-85 -1.337376e-86 -2.614586e-88 -1.930629e-90 -2.195041e-93 -3.622019e-97 -1.140986e-101 -8.744718e-107 -1.932575e-112 -1.370739e-118
1.570933e-113 1.738906e-107 6.404172e-102 6.945056e-97 1.848980e-92 9.350591e-89 6.653746e-86 6.533767e-84 1.157725e-82 -2.236966e-80 -3.496911e-78 -3.295795e-76 -2.446164e-74 -1.536282e-72 -8.416092e-71 -4.084784e-69 -1.771706e-67 -6.898668e-66 -2.415483e-64 -7.596931e-63 -2.136810e-61 -5.324415e-60 -1.152899e-58 -2.077868e-57 -2.748442e-56 -1.080020e-55 8.092314e-54 3.470314e-52 9.392757e-51 2.033290e-49 3.750603e-48 6.041811e-47 8.585117e-46 1.078503e-44 1.193268e-43 1.149861e-42 9.417845e-42 6.187050e-41 2.682921e-40 -2.136694e-40 -1.972789e-38 -2.555407e-37 -2.297801e-36 -1.660197e-35 -1.008212e-34 -5.237729e-34 -2.343323e-33 -9.038787e-33 -2.999210e-32 -8.521785e-32 -2.060146e-31 -4.204186e-31 -7.176665e-31 -1.014266e-30 -1.171960e-30 -1.083511e-30 -7.506816e-31 -2.657693e-31 2.657693e-31 7.506816e-31 1.083511e-30 1.171960e-30 1.014266e-30 7.176665e-31 4.204186e-31 2.060146e-31 8.521785e-32 2.999210e-32 9.038787e-33 2.343323e-33 5.237729e-34 1.008212e-34 1.660197e-35 2.297801e-36 2.555407e-37 1.972789e-38 2.136694e-40 -2.682921e-40 -6.187050e-41 -9.417845e-42 -1.149861e-42 -1.193268e-43 -1.078503e-44 -8.585117e-46 -6.041811e-47 -3.750603e-48 -2.033290e-49 -9.392757e-51 -3.470314e-52 -8.092314e-54 1.080020e-55 2.748442e-56 2.077868e-57 1.152899e-58 5.324415e-60 2.136810e-61 7.596931e-63 2.415483e-64 6.898668e-66 1.771706e-67 4.084784e-69 8.416092e-71 1.536282e-72 2.446164e-74 3.295795e-76 3.496911e-78 2.236966e-80 -1.157725e-82 -6.533767e-84 -6.653746e-86 -9.350591e-89 -1.848980e-92 -6.945056e-97 -6.404172e-102 -1.738906e-107 -1.570933e-113
3.677709e-109 3.313373e-103 1.014224e-97 9.224313e-93 2.049302e-88 8.383009e-85 4.311675e-82 1.383217e-80 -3.089695e-78 -4.836565e-76 -4.624506e-74 -3.492174e-72 -2.234378e-70 -1.248060e-68 -6.180357e-67 -2.736482e-65 -1.088254e-63 -3.893239e-62 -1.251485e-60 -3.598340e-59 -9.164023e-58 -2.026234e-56 -3.717713e-55 -4.943970e-54 -1.557713e-53 1.723098e-51 7.327868e-50 2.021272e-48 4.488284e-47 8.518029e-46 1.414464e-44 2.074779e-43 2.693470e-42 3.081630e-41 3.070421e-40 2.595252e-39 1.745786e-38 7.435625e-38 -1.488783e-37 -7.379670e-36 -9.659924e-35 -9.036510e-34 -6.862508e-33 -4.408185e-32 -2.434854e-31 -1.163769e-30 -4.818398e-30 -1.724296e-29 -5.308389e-29 -1.396403e-28 -3.111210e-28 -5.807176e-28 -8.960542e-28 -1.124801e-27 -1.126761e-27 -8.789497e-28 -5.083252e-28 -1.578514e-28 1.578514e-28 5.083252e-28 8.789497e-28 1.126761e-27 1.124801e-27 8.960542e-28 5.807176e-28 3.111210e-28 1.396403e-28 5.308389e-29 1.724296e-29 4.818398e-30 1.163769e-30 2.434854e-31 4.408185e-32 6.862508e-33 9.036510e-34 9.659924e-35 7.379670e-36 1.488783e-37 -7.435625e-38 -1.745786e-38 -2.595252e-39 -3.070421e-40 -3.081630e-41 -2.693470e-42 -2.074779e-43 -1.414464e-44 -8.518029e-46 -4.488284e-47 -2.021272e-48 -7.327868e-50 -1.723098e-51 1.557713e-53 4.943970e-54 3.717713e-55 2.026234e-56 9.164023e-58 3.598340e-59 1.251485e-60 3.893239e-62 1.088254e-63 2.736482e-65 6.180357e-67 1.248060e-68 2.234378e-70 3.492174e-72 4.624506e-74 4.836565e-76 3.089695e-78 -1.383217e-80 -4.311675e-82 -8.383009e-85 -2.049302e-88 -9.224313e-93 -1.014224e-97 -3.313373e-103 -3.677709e-109
1.384036e-105 1.036403e-99 2.660684e-94 2.019426e-89 3.629215e-85 1.072786e-81 1.759983e-79 -8.056044e-77 -1.294282e-74 -1.254939e-72 -9.637134e-71 -6.278583e-69 -3.573941e-67 -1.804687e-65 -8.152340e-64 -3.309141e-62 -1.208802e-60 -3.968707e-59 -1.165604e-57 -3.031505e-56 -6.838142e-55 -1.275694e-53 -1.701040e-52 -3.781582e-52 6.998218e-50 2.957362e-48 8.307704e-47 1.890307e-45 3.686608e-44 6.302220e-43 9.529047e-42 1.276357e-40 1.507429e-39 1.549912e-38 1.348713e-37 9.255867e-37 3.819342e-36 -1.389690e-35 -5.120177e-34 -6.788685e-33 -6.592674e-32 -5.245160e-31 -3.549775e-30 -2.075121e-29 -1.054036e-28 -4.656123e-28 -1.784480e-27 -5.903867e-27 -1.673416e-26 -4.020765e-26 -8.068952e-26 -1.323358e-25 -1.711823e-25 -1.628273e-25 -9.316068e-26 2.591465e-27 5.654267e-26 3.205314e-26 -3.205314e-26 -5.654267e-26 -2.591465e-27 9.316068e-26 1.628273e-25 1.711823e-25 1.323358e-25 8.068952e-26 4.020765e-26 1.673416e-26 5.903867e-27 1.784480e-27 4.656123e-28 1.054036e-28 2.075121e-29 3.549775e-30 5.245160e-31 6.592674e-32 6.788685e-33 5.120177e-34 1.389690e-35 -3.819342e-36 -9.255867e-37 -1.348713e-37 -1.549912e-38 -1.507429e-39 -1.276357e-40 -9.529047e-42 -6.302220e-43 -3.686608e-44 -1.890307e-45 -8.307704e-47 -2.957362e-48 -6.998218e-50 3.781582e-52 1.701040e-52 1.275694e-53 6.838142e-55 3.031505e-56 1.165604e-57 3.968707e-59 1.208802e-60 3.309141e-62 8.152340e-64 1.804687e-65 3.573941e-67 6.278583e-69 9.637134e-71 1.254939e-72 1.294282e-74 8.056044e-77 -1.759983e-79 -1.072786e-81 -3.629215e-85 -2.019426e-89 -2.660684e-94 -1.036403e-99 -1.384036e-105
7.156541e-103 4.496232e-97 9.637118e-92 5.920787e-87 7.699116e-83 7.313770e-80 -1.755819e-76 -5.484065e-74 -5.517624e-72 -4.309338e-70 -2.858635e-68 -1.658076e-66 -8.536333e-65 -3.933495e-63 -1.629394e-61 -6.076327e-60 -2.037196e-58 -6.110659e-57 -1.622818e-55 -3.734461e-54 -7.085600e-53 -9.481627e-52 -1.214635e-51 4.531788e-49 1.914582e-47 5.483277e-46 1.278588e-44 2.561809e-43 4.506414e-42 7.019673e-41 9.694915e-40 1.181170e-38 1.252419e-37 1.121369e-36 7.847606e-36 3.121265e-35 -1.754020e-34 -5.541789e-33 -7.485432e-32 -7.547485e-31 -6.281755e-30 -4.468798e-29 -2.756715e-28 -1.482851e-27 -6.960018e-27 -2.843076e-26 -1.005174e-25 -3.049343e-25 -7.834903e-25 -1.670602e-24 -2.851871e-24 -3.600330e-24 -2.523235e-24 1.546674e-24 7.856842e-24 1.292270e-23 1.245398e-23 5.180934e-24 -5.180934e-24 -1.245398e-23 -1.292270e-23 -7.856842e-24 -1.546674e-24 2.523235e-24 3.600330e-24 2.851871e-24 1.670602e-24 7.834903e-25 3.049343e-25 1.005174e-25 2.843076e-26 6.960018e-27 1.482851e-27 2.756715e-28 4.468798e-29 6.281755e-30 7.547485e-31 7.485432e-32 5.541789e-33 1.754020e-34 -3.121265e-35 -7.847606e-36 -1.121369e-36 -1.252419e-37 -1.181170e-38 -9.694915e-40 -7.019673e-41 -4.506414e-42 -2.561809e-43 -1.278588e-44 -5.483277e-46 -1.914582e-47 -4.531788e-49 1.214635e-51 9.481627e-52 7.085600e-53 3.734461e-54 1.622818e-55 6.110659e-57 2.037196e-58 6.076327e-60 1.629394e-61 3.933495e-63 8.536333e-65 1.658076e-66 2.858635e-68 4.309338e-70 5.517624e-72 5.484065e-74 1.755819e-76 -7.313770e-80 -7.699116e-83 -5.920787e-87 -9.637118e-92 -4.496232e-97 -7.156541e-103
8.922975e-101 4.689382e-95 8.158454e-90 3.647541e-85 1.595789e-81 -2.045190e-77 -3.410830e-74 -6.685824e-72 -5.437891e-70 -3.677974e-68 -2.176327e-66 -1.143607e-64 -5.381156e-63 -2.277271e-61 -8.679918e-60 -2.975624e-58 -9.129941e-57 -2.480843e-55 -5.841145e-54 -1.132901e-52 -1.541494e-51 -1.351632e-51 8.082148e-49 3.474753e-47 1.020689e-45 2.447279e-44 5.049636e-43 9.158591e-42 1.472526e-40 2.101163e-39 2.647017e-38 2.903636e-37 2.688596e-36 1.938749e-35 7.719082e-35 -5.325950e-34 -1.638576e-32 -2.291408e-31 -2.413551e-30 -2.107831e-29 -1.578776e-28 -1.028585e-27 -5.861017e-27 -2.922829e-26 -1.272145e-25 -4.804214e-25 -1.559164e-24 -4.282632e-24 -9.699168e-24 -1.718036e-23 -2.049705e-23 -4.214805e-24 5.222826e-23 1.562562e-22 2.781501e-22 3.486833e-22 2.986441e-22 1.183828e-22 -1.183828e-22 -2.986441e-22 -3.486833e-22 -2.781501e-22 -1.562562e-22 -5.222826e-23 4.214805e-24 2.049705e-23 1.718036e-23 9.699168e-24 4.282632e-24 1.559164e-24 4.804214e-25 1.272145e-25 2.922829e-26 5.861017e-27 1.028585e-27 1.578776e-28 2.107831e-29 2.413551e-30 2.291408e-31 1.638576e-32 5.325950e-34 -7.719082e-35 -1.938749e-35 -2.688596e-36 -2.903636e-37 -2.647017e-38 -2.101163e-39 -1.472526e-40 -9.158591e-42 -5.049636e-43 -2.447279e-44 -1.020689e-45 -3.474753e-47 -8.082148e-49 1.351632e-51 1.541494e-51 1.132901e-52 5.841145e-54 2.480843e-55 9.129941e-57 2.975624e-58 8.679918e-60 2.277271e-61 5.381156e-63 1.143607e-64 2.176327e-66 3.677974e-68 5.437891e-70 6.685824e-72 3.410830e-74 2.045190e-77 -1.595789e-81 -3.647541e-85 -8.158454e-90 -4.689382e-95 -8.922975e-101
7.533372e-99 3.221840e-93 4.104463e-88 6.547662e-84 -3.311155e-79 -3.237141e-75 -3.363734e-72 -5.321230e-70 -3.751905e-68 -2.266272e-66 -1.216176e-64 -5.846863e-63 -2.529259e-61 -9.859109e-60 -3.458310e-58 -1.086291e-56 -3.023471e-55 -7.295776e-54 -1.450967e-52 -2.024944e-51 -1.763886e-51 1.123327e-48 4.963797e-47 1.500484e-45 3.705774e-44 7.883395e-43 1.475537e-41 2.450632e-40 3.615839e-39 4.715072e-38 5.359109e-37 5.145812e-36 3.847925e-35 1.577424e-34 -1.184025e-33 -3.739834e-32 -5.457059e-31 -6.020179e-30 -5.521487e-29 -4.354190e-28 -2.994363e-27 -1.805745e-26 -9.555857e-26 -4.425182e-25 -1.782283e-24 -6.178838e-24 -1.812298e-23 -4.357739e-23 -8.004071e-23 -8.760231e-23 5.617278e-23 5.723021e-22 1.679689e-21 3.341456e-21 5.016761e-21 5.739298e-21 4.672736e-21 1.810076e-21 -1.810076e-21 -4.672736e-21 -5.739298e-21 -5.016761e-21 -3.341456e-21 -1.679689e-21 -5.723021e-22 -5.617278e-23 8.760231e-23 8.004071e-23 4.357739e-23 1.812298e-23 6.178838e-24 1.782283e-24 4.425182e-25 9.555857e-26 1.805745e-26 2.994363e-27 4.354190e-28 5.521487e-29 6.020179e-30 5.457059e-31 3.739834e-32 1.184025e-33 -1.577424e-34 -3.847925e-35 -5.145812e-36 -5.359109e-37 -4.715072e-38 -3.615839e-39 -2.450632e-40 -1.475537e-41 -7.883395e-43 -3.705774e-44 -1.500484e-45 -4.963797e-47 -1.123327e-48 1.763886e-51 2.024944e-51 1.450967e-52 7.295776e-54 3.023471e-55 1.086291e-56 3.458310e-58 9.859109e-60 2.529259e-61 5.846863e-63 1.216176e-64 2.266272e-66 3.751905e-68 5.321230e-70 3.363734e-72 3.237141e-75 3.311155e-79 -6.547662e-84 -4.104463e-88 -3.221840e-93 -7.533372e-99
5.094629e-97 1.602378e-91 7.649207e-87 -1.195606e-81 -5.235854e-77 -3.149484e-73 -2.631722e-70 -3.600222e-68 -2.266261e-66 -1.241517e-64 -6.095692e-63 -2.694219e-61 -1.073544e-59 -3.851243e-58 -1.237823e-56 -3.527130e-55 -8.718164e-54 -1.776971e-52 -2.542597e-51 -2.229510e-51 1.488726e-48 6.758269e-47 2.100878e-45 5.340305e-44 1.170279e-42 2.258391e-41 3.870789e-40 5.899522e-39 7.954366e-38 9.356933e-37 9.306104e-36 7.208640e-35 3.042390e-34 -2.464112e-33 -8.000278e-32 -1.216309e-30 -1.402680e-29 -1.348094e-28 -1.116551e-27 -8.083230e-27 -5.143672e-26 -2.879156e-25 -1.413592e-24 -6.048832e-24 -2.230931e-23 -6.957152e-23 -1.767774e-22 -3.341992e-22 -3.148804e-22 7.051668e-22 4.570665e-21 1.397639e-20 3.083348e-20 5.326700e-20 7.346595e-20 7.963887e-20 6.276168e-20 2.393901e-20 -2.393901e-20 -6.276168e-20 -7.963887e-20 -7.346595e-20 -5.326700e-20 -3.083348e-20 -1.397639e-20 -4.570665e-21 -7.051668e-22 3.148804e-22 3.341992e-22 1.767774e-22 6.957152e-23 2.230931e-23 6.048832e-24 1.413592e-24 2.879156e-25 5.143672e-26 8.083230e-27 1.116551e-27 1.348094e-28 1.402680e-29 1.216309e-30 8.000278e-32 2.464112e-33 -3.042390e-34 -7.208640e-35 -9.306104e-36 -9.356933e-37 -7.954366e-38 -5.899522e-39 -3.870789e-40 -2.258391e-41 -1.170279e-42 -5.340305e-44 -2.100878e-45 -6.758269e-47 -1.488726e-48 2.229510e-51 2.542597e-51 1.776971e-52 8.718164e-54 3.527130e-55 1.237823e-56 3.851243e-58 1.073544e-59 2.694219e-61 6.095692e-63 1.241517e-64 2.266261e-66 3.600222e-68 2.631722e-70 3.149484e-73 5.235854e-77 1.195606e-81 -7.649207e-87 -1.602378e-91 -5.094629e-97
2.501920e-95 3.078082e-90 -1.237741e-84 -1.888467e-79 -5.023911e-75 -2.423908e-71 -1.748244e-68 -2.130937e-66 -1.216169e-64 -6.095692e-63 -2.751545e-61 -1.120219e-59 -4.107957e-58 -1.350320e-56 -3.937063e-55 -9.962615e-54 -2.079937e-52 -3.049631e-51 -2.699255e-51 1.881615e-48 8.769637e-47 2.801396e-45 7.323414e-44 1.651811e-42 3.283641e-41 5.802541e-40 9.126153e-39 1.270947e-37 1.545602e-36 1.590407e-35 1.274755e-34 5.536264e-34 -4.810227e-33 -1.605820e-31 -2.539940e-30 -3.056415e-29 -3.071875e-28 -2.666214e-27 -2.026959e-26 -1.357399e-25 -8.013350e-25 -4.158164e-24 -1.883999e-23 -7.365820e-23 -2.433150e-22 -6.507764e-22 -1.258466e-21 -9.217329e-22 5.125130e-21 2.947326e-20 9.548655e-20 2.315746e-19 4.499018e-19 7.156169e-19 9.322968e-19 9.719331e-19 7.473163e-19 2.816577e-19 -2.816577e-19 -7.473163e-19 -9.719331e-19 -9.322968e-19 -7.156169e-19 -4.499018e-19 -2.315746e-19 -9.548655e-20 -2.947326e-20 -5.125130e-21 9.217329e-22 1.258466e-21 6.507764e-22 2.433150e-22 7.365820e-23 1.883999e-23 4.158164e-24 8.013350e-25 1.357399e-25 2.026959e-26 2.666214e-27 3.071875e-28 3.056415e-29 2.539940e-30 1.605820e-31 4.810227e-33 -5.536264e-34 -1.274755e-34 -1.590407e-35 -1.545602e-36 -1.270947e-37 -9.126153e-39 -5.802541e-40 -3.283641e-41 -1.651811e-42 -7.323414e-44 -2.801396e-45 -8.769637e-47 -1.881615e-48 2.699255e-51 3.049631e-51 2.079937e-52 9.962615e-54 3.937063e-55 1.350320e-56 4.107957e-58 1.120219e-59 2.751545e-61 6.095692e-63 1.216169e-64 2.130937e-66 1.748244e-68 2.423908e-71 5.023911e-75 1.888467e-79 1.237741e-84 -3.078082e-90 -2.501920e-95
4.925344e-94 -4.443816e-88 -1.952115e-82 -1.786126e-77 -3.802272e-73 -1.581961e-69 -1.015315e-66 -1.120066e-64 -5.846821e-63 -2.694219e-61 -1.120219e-59 -4.197249e-58 -1.410318e-56 -4.205371e-55 -1.088864e-53 -2.327217e-52 -3.494650e-51 -3.131052e-51 2.268656e-48 1.084881e-46 3.558765e-45 9.560650e-44 2.217752e-42 4.537629e-41 8.259764e-40 1.339312e-38 1.924609e-37 2.417158e-36 2.570563e-35 2.129772e-34 9.514054e-34 -8.821195e-33 -3.028447e-31 -4.976653e-30 -6.238439e-29 -6.544671e-28 -5.940530e-27 -4.732083e-26 -3.326900e-25 -2.065975e-24 -1.129842e-23 -5.404082e-23 -2.232622e-22 -7.786848e-22 -2.185135e-21 -4.299945e-21 -1.984406e-21 2.876333e-20 1.605094e-19 5.535348e-19 1.464329e-18 3.151111e-18 5.638462e-18 8.444359e-18 1.052246e-17 1.062716e-17 8.005303e-18 2.986873e-18 -2.986873e-18 -8.005303e-18 -1.062716e-17 -1.052246e-17 -8.444359e-18 -5.638462e-18 -3.151111e-18 -1.464329e-18 -5.535348e-19 -1.605094e-19 -2.876333e-20 1.984406e-21 4.299945e-21 2.185135e-21 7.786848e-22 2.232622e-22 5.404082e-23 1.129842e-23 2.065975e-24 3.326900e-25 4.732083e-26 5.940530e-27 6.544671e-28 6.238439e-29 4.976653e-30 3.028447e-31 8.821195e-33 -9.514054e-34 -2.129772e-34 -2.570563e-35 -2.417158e-36 -1.924609e-37 -1.339312e-38 -8.259764e-40 -4.537629e-41 -2.217752e-42 -9.560650e-44 -3.558765e-45 -1.084881e-46 -2.268656e-48 3.131052e-51 3.494650e-51 2.327217e-52 1.088864e-53 4.205371e-55 1.410318e-56 4.197249e-58 1.120219e-59 2.694219e-61 5.846821e-63 1.120066e-64 1.015315e-66 1.581961e-69 3.802272e-73 1.786126e-77 1.952115e-82 4.443816e-88 -4.925344e-94
-6.380652e-92 -6.995326e-86 -1.818858e-80 -1.328620e-75 -2.437150e-71 -9.019260e-68 -5.233576e-65 -5.271832e-63 -2.529238e-61 -1.073544e-59 -4.107957e-58 -1.410318e-56 -4.298781e-55 -1.138321e-53 -2.489368e-52 -3.826552e-51 -3.480569e-51 2.609869e-48 1.279799e-46 4.308203e-45 1.188574e-43 2.833380e-42 5.962070e-41 1.116988e-39 1.865623e-38 2.763776e-37 3.581260e-36 3.932223e-35 3.364445e-34 1.545348e-33 -1.521618e-32 -5.372715e-31 -9.161131e-30 -1.194457e-28 -1.305753e-27 -1.237183e-26 -1.030525e-25 -7.589599e-25 -4.946030e-24 -2.843505e-23 -1.431907e-22 -6.233658e-22 -2.289080e-21 -6.721152e-21 -1.340059e-20 -1.688246e-21 1.348851e-19 7.571560e-19 2.780506e-18 7.970227e-18 1.878961e-17 3.721630e-17 6.249559e-17 8.907720e-17 1.068643e-16 1.049776e-16 7.765466e-17 2.871432e-17 -2.871432e-17 -7.765466e-17 -1.049776e-16 -1.068643e-16 -8.907720e-17 -6.249559e-17 -3.721630e-17 -1.878961e-17 -7.970227e-18 -2.780506e-18 -7.571560e-19 -1.348851e-19 1.688246e-21 1.340059e-20 6.721152e-21 2.289080e-21 6.233658e-22 1.431907e-22 2.843505e-23 4.946030e-24 7.589599e-25 1.030525e-25 1.237183e-26 1.305753e-27 1.194457e-28 9.161131e-30 5.372715e-31 1.521618e-32 -1.545348e-33 -3.364445e-34 -3.932223e-35 -3.581260e-36 -2.763776e-37 -1.865623e-38 -1.116988e-39 -5.962070e-41 -2.833380e-42 -1.188574e-43 -4.308203e-45 -1.279799e-46 -2.609869e-48 3.480569e-51 3.826552e-51 2.489368e-52 1.138321e-53 4.298781e-55 1.410318e-56 4.107957e-58 1.073544e-59 2.529238e-61 5.271832e-63 5.233576e-65 9.019260e-68 2.437150e-71 1.328620e-75 1.818858e-80 6.995326e-86 6.380652e-92
-1.002075e-89 -6.416876e-84 -1.328976e-78 -8.359031e-74 -1.363515e-69 -4.561273e-66 -2.414548e-63 -2.231634e-61 -9.859012e-60 -3.851243e-58 -1.350320e-56 -4.205371e-55 -1.138321e-53 -2.545872e-52 -4.004050e-51 -3.708488e-51 2.865156e-48 1.439930e-46 4.971197e-45 1.407477e-43 3.445602e-42 7.450897e-41 1.435588e-39 2.467777e-38 3.765508e-37 5.029578e-36 5.696487e-35 5.028806e-34 2.374206e-33 -2.471625e-32 -8.975804e-31 -1.586183e-29 -2.148036e-28 -2.443027e-27 -2.412088e-26 -2.097060e-25 -1.614645e-24 -1.101885e-23 -6.644217e-23 -3.514069e-22 -1.607996e-21 -6.201449e-21 -1.900809e-20 -3.826196e-20 1.060013e-20 5.475491e-19 3.144897e-18 1.228190e-17 3.793076e-17 9.713868e-17 2.105379e-16 3.900747e-16 6.204732e-16 8.465107e-16 9.812564e-16 9.397115e-16 6.835223e-16 2.506353e-16 -2.506353e-16 -6.835223e-16 -9.397115e-16 -9.812564e-16 -8.465107e-16 -6.204732e-16 -3.900747e-16 -2.105379e-16 -9.713868e-17 -3.793076e-17 -1.228190e-17 -3.144897e-18 -5.475491e-19 -1.060013e-20 3.826196e-20 1.900809e-20 6.201449e-21 1.607996e-21 3.514069e-22 6.644217e-23 1.101885e-23 1.614645e-24 2.097060e-25 2.412088e-26 2.443027e-27 2.148036e-28 1.586183e-29 8.975804e-31 2.471625e-32 -2.374206e-33 -5.028806e-34 -5.696487e-35 -5.029578e-36 -3.765508e-37 -2.467777e-38 -1.435588e-39 -7.450897e-41 -3.445602e-42 -1.407477e-43 -4.971197e-45 -1.439930e-46 -2.865156e-48 3.708488e-51 4.004050e-51 2.545872e-52 1.138321e-53 4.205371e-55 1.350320e-56 3.851243e-58 9.859012e-60 2.231634e-61 2.414548e-63 4.561273e-66 1.363515e-69 8.359031e-74 1.328976e-78 6.416876e-84 1.002075e-89
-9.043988e-88 -4.602605e-82 -8.202123e-77 -4.586536e-72 -6.762496e-68 -2.063603e-64 -1.001451e-61 -8.508498e-60 -3.458270e-58 -1.237823e-56 -3.937063e-55 -1.088864e-53 -2.489368e-52 -4.004050e-51 -3.787688e-51 3.001940e-48 1.545391e-46 5.468457e-45 1.587888e-43 3.989299e-42 8.858977e-41 1.754086e-39 3.100894e-38 4.869526e-37 6.698809e-36 7.819267e-35 7.116128e-34 3.452381e-33 -3.784180e-32 -1.413365e-30 -2.585725e-29 -3.632182e-28 -4.291609e-27 -4.408521e-26 -3.993611e-25 -3.208819e-24 -2.288636e-23 -1.444413e-22 -8.005959e-22 -3.841995e-21 -1.552730e-20 -4.958525e-20 -1.004817e-19 7.533342e-20 1.962719e-18 1.163603e-17 4.823021e-17 1.596959e-16 4.412796e-16 1.037516e-15 2.096751e-15 3.663127e-15 5.546092e-15 7.264266e-15 8.151441e-15 7.618710e-15 5.452533e-15 1.983201e-15 -1.983201e-15 -5.452533e-15 -7.618710e-15 -8.151441e-15 -7.264266e-15 -5.546092e-15 -3.663127e-15 -2.096751e-15 -1.037516e-15 -4.412796e-16 -1.596959e-16 -4.823021e-17 -1.163603e-17 -1.962719e-18 -7.533342e-20 1.004817e-19 4.958525e-20 1.552730e-20 3.841995e-21 8.005959e-22 1.444413e-22 2.288636e-23 3.208819e-24 3.993611e-25 4.408521e-26 4.291609e-27 3.632182e-28 2.585725e-29 1.413365e-30 3.784180e-32 -3.452381e-33 -7.116128e-34 -7.819267e-35 -6.698809e-36 -4.869526e-37 -3.100894e-38 -1.754086e-39 -8.858977e-41 -3.989299e-42 -1.587888e-43 -5.468457e-45 -1.545391e-46 -3.001940e-48 3.787688e-51 4.004050e-51 2.489368e-52 1.088864e-53 3.937063e-55 1.237823e-56 3.458270e-58 8.508498e-60 1.001451e-61 2.063603e-64 6.762496e-68 4.586536e-72 8.202123e-77 4.602605e-82 9.043988e-88
-6.363922e-86 -2.784806e-80 -4.410996e-75 -2.229474e-70 -2.998839e-66 -8.389551e-63 -3.739591e-60 -2.917804e-58 -1.086277e-56 -3.527130e-55 -9.962615e-54 -2.327217e-52 -3.826552e-51 -3.708488e-51 3.001940e-48 1.582220e-46 5.735284e-45 1.706957e-43 4.398206e-42 1.002339e-40 2.038082e-39 3.702507e-38 5.979173e-37 8.464572e-36 1.017440e-34 9.538231e-34 4.754058e-33 -5.465438e-32 -2.099317e-30 -3.972011e-29 -5.780483e-28 -7.085976e-27 -7.562214e-26 -7.126854e-25 -5.965716e-24 -4.439050e-23 -2.926769e-22 -1.696692e-21 -8.521822e-21 -3.602029e-20 -1.196439e-19 -2.435421e-19 3.149208e-19 6.292721e-18 3.868650e-17 1.698109e-16 6.002587e-16 1.779766e-15 4.508203e-15 9.852682e-15 1.869352e-14 3.091525e-14 4.465000e-14 5.621194e-14 6.109368e-14 5.573810e-14 3.924893e-14 1.415989e-14 -1.415989e-14 -3.924893e-14 -5.573810e-14 -6.109368e-14 -5.621194e-14 -4.465000e-14 -3.091525e-14 -1.869352e-14 -9.852682e-15 -4.508203e-15 -1.779766e-15 -6.002587e-16 -1.698109e-16 -3.868650e-17 -6.292721e-18 -3.149208e-19 2.435421e-19 1.196439e-19 3.602029e-20 8.521822e-21 1.696692e-21 2.926769e-22 4.439050e-23 5.965716e-24 7.126854e-25 7.562214e-26 7.085976e-27 5.780483e-28 3.972011e-29 2.099317e-30 5.465438e-32 -4.754058e-33 -9.538231e-34 -1.017440e-34 -8.464572e-36 -5.979173e-37 -3.702507e-38 -2.038082e-39 -1.002339e-40 -4.398206e-42 -1.706957e-43 -5.735284e-45 -1.582220e-46 -3.001940e-48 3.708488e-51 3.826552e-51 2.327217e-52 9.962615e-54 3.527130e-55 1.086277e-56 2.917804e-58 3.739591e-60 8.389551e-63 2.998839e-66 2.229474e-70 4.410996e-75 2.784806e-80 6.363922e-86
-3.772390e-84 -1.466921e-78 -2.100122e-73 -9.684587e-69 -1.194475e-64 -3.069725e-61 -1.255600e-58 -8.955841e-57 -3.023424e-55 -8.718164e-54 -2.079937e-52 -3.494650e-51 -3.480569e-51 2.865156e-48 1.545391e-46 5.735284e-45 1.748583e-43 4.617984e-42 1.079362e-40 2.252287e-39 4.201769e-38 6.972764e-37 1.015060e-35 1.255438e-34 1.211486e-33 6.202337e-33 -7.451397e-32 -2.943310e-30 -5.753865e-29 -8.665433e-28 -1.100698e-26 -1.218736e-25 -1.193184e-24 -1.038933e-23 -8.051896e-23 -5.536393e-22 -3.350794e-21 -1.758177e-20 -7.758643e-20 -2.676699e-19 -5.464505e-19 1.041884e-18 1.820856e-17 1.163635e-16 5.396866e-16 2.029053e-15 6.425272e-15 1.743670e-14 4.093417e-14 8.363434e-14 1.493983e-13 2.341631e-13 3.226623e-13 3.902567e-13 4.104770e-13 3.652281e-13 2.528560e-13 9.044506e-14 -9.044506e-14 -2.528560e-13 -3.652281e-13 -4.104770e-13 -3.902567e-13 -3.226623e-13 -2.341631e-13 -1.493983e-13 -8.363434e-14 -4.093417e-14 -1.743670e-14 -6.425272e-15 -2.029053e-15 -5.396866e-16 -1.163635e-16 -1.820856e-17 -1.041884e-18 5.464505e-19 2.676699e-19 7.758643e-20 1.758177e-20 3.350794e-21 5.536393e-22 8.051896e-23 1.038933e-23 1.193184e-24 1.218736e-25 1.100698e-26 8.665433e-28 5.753865e-29 2.943310e-30 7.451397e-32 -6.202337e-33 -1.211486e-33 -1.255438e-34 -1.015060e-35 -6.972764e-37 -4.201769e-38 -2.252287e-39 -1.079362e-40 -4.617984e-42 -1.748583e-43 -5.735284e-45 -1.545391e-46 -2.865156e-48 3.480569e-51 3.494650e-51 2.079937e-52 8.718164e-54 3.023424e-55 8.955841e-57 1.255600e-58 3.069725e-61 1.194475e-64 9.684587e-69 2.100122e-73 1.466921e-78 3.772390e-84
-1.945090e-82 -6.836190e-77 -8.930247e-72 -3.776845e-67 -4.280408e-63 -1.009679e-59 -3.772545e-57 -2.434627e-55 -7.295636e-54 -1.776971e-52 -3.049631e-51 -3.131052e-51 2.609869e-48 1.439930e-46 5.468457e-45 1.706957e-43 4.617984e-42 1.106318e-40 2.367615e-39 4.532793e-38 7.724420e-37 1.155485e-35 1.469438e-34 1.458618e-33 7.669290e-33 -9.595196e-32 -3.897377e-30 -7.865063e-29 -1.224481e-27 -1.609791e-26 -1.846976e-25 -1.875979e-24 -1.696699e-23 -1.367547e-22 -9.790609e-22 -6.176139e-21 -3.379782e-20 -1.554641e-19 -5.564037e-19 -1.138148e-18 2.945469e-18 4.787184e-17 3.183749e-16 1.556832e-15 6.205035e-15 2.090166e-14 6.048744e-14 1.517027e-13 3.315845e-13 6.344404e-13 1.066973e-12 1.583004e-12 2.076867e-12 2.407166e-12 2.443648e-12 2.115137e-12 1.436913e-12 5.090443e-13 -5.090443e-13 -1.436913e-12 -2.115137e-12 -2.443648e-12 -2.407166e-12 -2.076867e-12 -1.583004e-12 -1.066973e-12 -6.344404e-13 -3.315845e-13 -1.517027e-13 -6.048744e-14 -2.090166e-14 -6.205035e-15 -1.556832e-15 -3.183749e-16 -4.787184e-17 -2.945469e-18 1.138148e-18 5.564037e-19 1.554641e-19 3.379782e-20 6.176139e-21 9.790609e-22 1.367547e-22 1.696699e-23 1.875979e-24 1.846976e-25 1.609791e-26 1.224481e-27 7.865063e-29 3.897377e-30 9.595196e-32 -7.669290e-33 -1.458618e-33 -1.469438e-34 -1.155485e-35 -7.724420e-37 -4.532793e-38 -2.367615e-39 -1.106318e-40 -4.617984e-42 -1.706957e-43 -5.468457e-45 -1.439930e-46 -2.609869e-48 3.131052e-51 3.049631e-51 1.776971e-52 7.295636e-54 2.434627e-55 3.772545e-57 1.009679e-59 4.280408e-63 3.776845e-67 8.930247e-72 6.836190e-77 1.945090e-82
-8.866348e-81 -2.843605e-75 -3.407441e-70 -1.324589e-65 -1.378464e-61 -2.971587e-58 -1.003931e-55 -5.735798e-54 -1.450931e-52 -2.542597e-51 -2.699255e-51 2.268656e-48 1.279799e-46 4.971197e-45 1.587888e-43 4.398206e-42 1.079362e-40 2.367615e-39 4.648782e-38 8.129837e-37 1.248815e-35 1.631813e-34 1.665137e-33 8.990693e-33 -1.167531e-31 -4.876260e-30 -1.014995e-28 -1.631949e-27 -2.218171e-26 -2.634105e-25 -2.772238e-24 -2.600948e-23 -2.177158e-22 -1.620538e-21 -1.063881e-20 -6.062559e-20 -2.902638e-19 -1.076598e-18 -2.205865e-18 7.350365e-18 1.149489e-16 7.958957e-16 4.094933e-15 1.725177e-14 6.160363e-14 1.893615e-13 5.050968e-13 1.174859e-12 2.392143e-12 4.279745e-12 6.755387e-12 9.446252e-12 1.173726e-11 1.295791e-11 1.261653e-11 1.056193e-11 7.008938e-12 2.453057e-12 -2.453057e-12 -7.008938e-12 -1.056193e-11 -1.261653e-11 -1.295791e-11 -1.173726e-11 -9.446252e-12 -6.755387e-12 -4.279745e-12 -2.392143e-12 -1.174859e-12 -5.050968e-13 -1.893615e-13 -6.160363e-14 -1.725177e-14 -4.094933e-15 -7.958957e-16 -1.149489e-16 -7.350365e-18 2.205865e-18 1.076598e-18 2.902638e-19 6.062559e-20 1.063881e-20 1.620538e-21 2.177158e-22 2.600948e-23 2.772238e-24 2.634105e-25 2.218171e-26 1.631949e-27 1.014995e-28 4.876260e-30 1.167531e-31 -8.990693e-33 -1.665137e-33 -1.631813e-34 -1.248815e-35 -8.129837e-37 -4.648782e-38 -2.367615e-39 -1.079362e-40 -4.398206e-42 -1.587888e-43 -4.971197e-45 -1.279799e-46 -2.268656e-48 2.699255e-51 2.542597e-51 1.450931e-52 5.735798e-54 1.003931e-55 2.971587e-58 1.378464e-61 1.324589e-65 3.407441e-70 2.843605e-75 8.866348e-81
-3.605126e-79 -1.060795e-73 -1.168691e-68 -4.173444e-64 -3.971724e-60 -7.748080e-57 -2.316662e-54 -1.113567e-52 -2.024863e-51 -2.229507e-51 1.881615e-48 1.084881e-46 4.308203e-45 1.407477e-43 3.989299e-42 1.002339e-40 2.252287e-39 4.532793e-38 8.129837e-37 1.281556e-35 1.719548e-34 1.802700e-33 9.994603e-33 -1.342861e-31 -5.766827e-30 -1.237163e-28 -2.052407e-27 -2.881285e-26 -3.537539e-25 -3.853262e-24 -3.745614e-23 -3.251931e-22 -2.513189e-21 -1.714659e-20 -1.016068e-19 -5.056976e-19 -1.942122e-18 -3.987008e-18 1.647322e-17 2.531285e-16 1.824601e-15 9.858588e-15 4.378806e-14 1.652538e-13 5.377367e-13 1.519739e-12 3.745567e-12 8.073641e-12 1.526369e-11 2.539634e-11 3.734142e-11 4.873384e-11 5.666098e-11 5.875143e-11 5.403635e-11 4.311022e-11 2.761167e-11 9.482493e-12 -9.482493e-12 -2.761167e-11 -4.311022e-11 -5.403635e-11 -5.875143e-11 -5.666098e-11 -4.873384e-11 -3.734142e-11 -2.539634e-11 -1.526369e-11 -8.073641e-12 -3.745567e-12 -1.519739e-12 -5.377367e-13 -1.652538e-13 -4.378806e-14 -9.858588e-15 -1.824601e-15 -2.531285e-16 -1.647322e-17 3.987008e-18 1.942122e-18 5.056976e-19 1.016068e-19 1.714659e-20 2.513189e-21 3.251931e-22 3.745614e-23 3.853262e-24 3.537539e-25 2.881285e-26 2.052407e-27 1.237163e-28 5.766827e-30 1.342861e-31 -9.994603e-33 -1.802700e-33 -1.719548e-34 -1.281556e-35 -8.129837e-37 -4.532793e-38 -2.252287e-39 -1.002339e-40 -3.989299e-42 -1.407477e-43 -4.308203e-45 -1.084881e-46 -1.881615e-48 2.229507e-51 2.024863e-51 1.113567e-52 2.316662e-54 7.748080e-57 3.971724e-60 4.173444e-64 1.168691e-68 1.060795e-73 3.605126e-79
-1.313858e-77 -3.555370e-72 -3.599735e-67 -1.176274e-62 -1.014056e-58 -1.753681e-55 -4.415375e-53 -1.518925e-51 -1.762435e-51 1.488726e-48 8.769637e-47 3.558765e-45 1.188574e-43 3.445602e-42 8.858977e-41 2.038082e-39 4.201769e-38 7.724420e-37 1.248815e-35 1.719548e-34 1.851012e-33 1.053746e-32 -1.460316e-31 -6.448214e-30 -1.424723e-28 -2.436624e-27 -3.529696e-26 -4.476010e-25 -5.040600e-24 -5.070797e-23 -4.560732e-22 -3.655013e-21 -2.588215e-20 -1.592827e-19 -8.231071e-19 -3.270785e-18 -6.733873e-18 3.350594e-17 5.129080e-16 3.847786e-15 2.179426e-14 1.018181e-13 4.050291e-13 1.391117e-12 4.152279e-12 1.080485e-11 2.455263e-11 4.878960e-11 8.493324e-11 1.298475e-10 1.748861e-10 2.081893e-10 2.196172e-10 2.054688e-10 1.699468e-10 1.223783e-10 7.198343e-11 2.352386e-11 -2.352386e-11 -7.198343e-11 -1.223783e-10 -1.699468e-10 -2.054688e-10 -2.196172e-10 -2.081893e-10 -1.748861e-10 -1.298475e-10 -8.493324e-11 -4.878960e-11 -2.455263e-11 -1.080485e-11 -4.152279e-12 -1.391117e-12 -4.050291e-13 -1.018181e-13 -2.179426e-14 -3.847786e-15 -5.129080e-16 -3.350594e-17 6.733873e-18 3.270785e-18 8.231071e-19 1.592827e-19 2.588215e-20 3.655013e-21 4.560732e-22 5.070797e-23 5.040600e-24 4.476010e-25 3.529696e-26 2.436624e-27 1.424723e-28 6.448214e-30 1.460316e-31 -1.053746e-32 -1.851012e-33 -1.719548e-34 -1.248815e-35 -7.724420e-37 -4.201769e-38 -2.038082e-39 -8.858977e-41 -3.445602e-42 -1.188574e-43 -3.558765e-45 -8.769637e-47 -1.488726e-48 1.762435e-51 1.518925e-51 4.415375e-53 1.753681e-55 1.014056e-58 1.176274e-62 3.599735e-67 3.555370e-72 1.313858e-77
-4.299643e-76 -1.069679e-70 -9.916116e-66 -2.938217e-61 -2.249742e-57 -3.289551e-54 -5.974214e-52 -1.496684e-51 1.123343e-48 6.758269e-47 2.801396e-45 9.560650e-44 2.833380e-42 7.450897e-41 1.754086e-39 3.702507e-38 6.972764e-37 1.155485e-35 1.631813e-34 1.802700e-33 1.053746e-32 -1.501684e-31 -6.818227e-30 -1.550506e-28 -2.731519e-27 -4.079408e-26 -5.338022e-25 -6.208694e-24 -6.457050e-23 -6.009651e-22 -4.988504e-21 -3.662039e-20 -2.337762e-19 -1.252977e-18 -5.148581e-18 -1.064651e-17 6.228205e-17 9.589322e-16 7.483554e-15 4.436199e-14 2.175332e-13 9.099652e-13 3.290385e-12 1.034421e-11 2.833420e-11 6.764401e-11 1.406786e-10 2.546552e-10 4.008399e-10 5.477163e-10 6.471907e-10 6.552860e-10 5.568867e-10 3.787559e-10 1.808913e-10 2.910443e-11 -3.693230e-11 -2.305731e-11 2.305731e-11 3.693230e-11 -2.910443e-11 -1.808913e-10 -3.787559e-10 -5.568867e-10 -6.552860e-10 -6.471907e-10 -5.477163e-10 -4.008399e-10 -2.546552e-10 -1.406786e-10 -6.764401e-11 -2.833420e-11 -1.034421e-11 -3.290385e-12 -9.099652e-13 -2.175332e-13 -4.436199e-14 -7.483554e-15 -9.589322e-16 -6.228205e-17 1.064651e-17 5.148581e-18 1.252977e-18 2.337762e-19 3.662039e-20 4.988504e-21 6.009651e-22 6.457050e-23 6.208694e-24 5.338022e-25 4.079408e-26 2.731519e-27 1.550506e-28 6.818227e-30 1.501684e-31 -1.053746e-32 -1.802700e-33 -1.631813e-34 -1.155485e-35 -6.972764e-37 -3.702507e-38 -1.754086e-39 -7.450897e-41 -2.833380e-42 -9.560650e-44 -2.801396e-45 -6.758269e-47 -1.123343e-48 1.496684e-51 5.974214e-52 3.289551e-54 2.249742e-57 2.938217e-61 9.916116e-66 1.069679e-70 4.299643e-76
-1.262483e-74 -2.877365e-69 -2.421020e-64 -6.382956e-60 -4.150022e-56 -4.443897e-53 -1.045462e-51 7.892480e-49 4.963787e-47 2.100878e-45 7.323414e-44 2.217752e-42 5.962070e-41 1.435588e-39 3.100894e-38 5.979173e-37 1.015060e-35 1.469438e-34 1.665137e-33 9.994603e-33 -1.460316e-31 -6.818227e-30 -1.594831e-28 -2.891957e-27 -4.449090e-26 -6.002066e-25 -7.203491e-24 -7.737274e-23 -7.444063e-22 -6.393374e-21 -4.860099e-20 -3.214833e-19 -1.785394e-18 -7.582526e-18 -1.578212e-17 1.063226e-16 1.657923e-15 1.345250e-14 8.333397e-14 4.281014e-13 1.879179e-12 7.137618e-12 2.357739e-11 6.780967e-11 1.696013e-10 3.678666e-10 6.889387e-10 1.106551e-09 1.506247e-09 1.694392e-09 1.474038e-09 7.594368e-10 -3.377785e-10 -1.510123e-09 -2.356412e-09 -2.542566e-09 -1.947688e-09 -7.284610e-10 7.284610e-10 1.947688e-09 2.542566e-09 2.356412e-09 1.510123e-09 3.377785e-10 -7.594368e-10 -1.474038e-09 -1.694392e-09 -1.506247e-09 -1.106551e-09 -6.889387e-10 -3.678666e-10 -1.696013e-10 -6.780967e-11 -2.357739e-11 -7.137618e-12 -1.879179e-12 -4.281014e-13 -8.333397e-14 -1.345250e-14 -1.657923e-15 -1.063226e-16 1.578212e-17 7.582526e-18 1.785394e-18 3.214833e-19 4.860099e-20 6.393374e-21 7.444063e-22 7.737274e-23 7.203491e-24 6.002066e-25 4.449090e-26 2.891957e-27 1.594831e-28 6.818227e-30 1.460316e-31 -9.994603e-33 -1.665137e-33 -1.469438e-34 -1.015060e-35 -5.979173e-37 -3.100894e-38 -1.435588e-39 -5.962070e-41 -2.217752e-42 -7.323414e-44 -2.100878e-45 -4.963787e-47 -7.892480e-49 1.045462e-51 4.443897e-53 4.150022e-56 6.382956e-60 2.421020e-64 2.877365e-69 1.262483e-74
-3.313111e-73 -6.859749e-68 -5.144321e-63 -1.156310e-58 -5.587542e-55 -1.220940e-52 2.737458e-49 3.402611e-47 1.500471e-45 5.340305e-44 1.651811e-42 4.537629e-41 1.116988e-39 2.467777e-38 4.869526e-37 8.464572e-36 1.255438e-34 1.458618e-33 8.990693e-33 -1.342861e-31 -6.448214e-30 -1.550506e-28 -2.891957e-27 -4.579544e-26 -6.364133e-25 -7.874513e-24 -8.727288e-23 -8.671399e-22 -7.697919e-21 -6.053507e-20 -4.144958e-19 -2.383115e-18 -1.045659e-17 -2.196590e-17 1.672853e-16 2.655672e-15 2.239179e-14 1.447509e-13 7.777024e-13 3.575499e-12 1.423691e-11 4.931150e-11 1.485915e-10 3.884642e-10 8.763375e-10 1.690866e-09 2.748207e-09 3.648714e-09 3.650000e-09 1.900389e-09 -2.106237e-09 -8.091713e-09 -1.484418e-08 -2.048668e-08 -2.308125e-08 -2.132579e-08 -1.506757e-08 -5.438339e-09 5.438339e-09 1.506757e-08 2.132579e-08 2.308125e-08 2.048668e-08 1.484418e-08 8.091713e-09 2.106237e-09 -1.900389e-09 -3.650000e-09 -3.648714e-09 -2.748207e-09 -1.690866e-09 -8.763375e-10 -3.884642e-10 -1.485915e-10 -4.931150e-11 -1.423691e-11 -3.575499e-12 -7.777024e-13 -1.447509e-13 -2.239179e-14 -2.655672e-15 -1.672853e-16 2.196590e-17 1.045659e-17 2.383115e-18 4.144958e-19 6.053507e-20 7.697919e-21 8.671399e-22 8.727288e-23 7.874513e-24 6.364133e-25 4.579544e-26 2.891957e-27 1.550506e-28 6.448214e-30 1.342861e-31 -8.990693e-33 -1.458618e-33 -1.255438e-34 -8.464572e-36 -4.869526e-37 -2.467777e-38 -1.116988e-39 -4.537629e-41 -1.651811e-42 -5.340305e-44 -1.500471e-45 -3.402611e-47 -2.737458e-49 1.220940e-52 5.587542e-55 1.156310e-58 5.144321e-63 6.859749e-68 3.313111e-73
