0.000000e+00 0.000000e+00 0.000000e+00 0.000000e+00 0.000000e+00 0.000000e+00 0.000000e+00 0.000000e+00 0.000000e+00 0.000000e+00 0.000000e+00 0.000000e+00 0.000000e+00 0.000000e+00 0.000000e+00 0.000000e+00 0.000000e+00 0.000000e+00 0.000000e+00 0.000000e+00 0.000000e+00 0.000000e+00 0.000000e+00 0.000000e+00 0.000000e+00 0.000000e+00 0.000000e+00 0.000000e+00 0.000000e+00 0.000000e+00 0.000000e+00 0.000000e+00 0.000000e+00 0.000000e+00 0.000000e+00 0.000000e+00 0.000000e+00 0.000000e+00 0.000000e+00 0.000000e+00 0.000000e+00 0.000000e+00 0.000000e+00 0.000000e+00 0.000000e+00 0.000000e+00 0.000000e+00 0.000000e+00 0.000000e+00 0.000000e+00 0.000000e+00 0.000000e+00 0.000000e+00 0.000000e+00 0.000000e+00 0.000000e+00 0.000000e+00 0.000000e+00 0.000000e+00 0.000000e+00 0.000000e+00 0.000000e+00 0.000000e+00 0.000000e+00 0.000000e+00 0.000000e+00 0.000000e+00 0.000000e+00 0.000000e+00 0.000000e+00 0.000000e+00 0.000000e+00 0.000000e+00 0.000000e+00 0.000000e+00 0.000000e+00 0.000000e+00 0.000000e+00 0.000000e+00 0.000000e+00 0.000000e+00 0.000000e+00 0.000000e+00 0.000000e+00 0.000000e+00 0.000000e+00 0.000000e+00 0.000000e+00 0.000000e+00 0.000000e+00 0.000000e+00 0.000000e+00 0.000000e+00 0.000000e+00 0.000000e+00 0.000000e+00 0.000000e+00 0.000000e+00 0.000000e+00 0.000000e+00 0.000000e+00 0.000000e+00 0.000000e+00 0.000000e+00 0.000000e+00 0.000000e+00 0.000000e+00 0.000000e+00 0.000000e+00 0.000000e+00 0.000000e+00 0.000000e+00 0.000000e+00 0.000000e+00 0.000000e+00 0.000000e+00
0.000000e+00 0.000000e+00 0.000000e+00 0.000000e+00 0.000000e+00 0.000000e+00 0.000000e+00 0.000000e+00 3.509681e-111 3.144962e-108 1.366838e-105 3.831273e-103 7.764146e-101 1.207419e-98 1.490262e-96 1.484956e-94 1.196341e-92 7.618058e-91 3.510403e-89 7.062831e-88 -6.351888e-86 -9.409675e-84 -7.570749e-82 -4.662140e-80 -2.386400e-78 -1.049700e-76 -4.033367e-75 -1.365380e-73 -4.087856e-72 -1.082688e-70 -2.527961e-69 -5.158815e-68 -9.037973e-67 -1.306845e-65 -1.397271e-64 -5.826799e-64 1.867360e-62 6.453547e-61 1.294908e-59 2.009824e-58 2.586862e-57 2.830716e-56 2.655739e-55 2.134961e-54 1.458744e-53 8.318951e-53 3.811932e-52 1.274343e-51 1.987481e-51 -9.354179e-51 -9.662380e-50 -4.810001e-49 -1.675394e-48 -4.362374e-48 -8.536510e-48 -1.219255e-47 -1.161840e-47 -4.878758e-48 4.878758e-48 1.161840e-47 1.219255e-47 8.536510e-48 4.362374e-48 1.675394e-48 4.810001e-49 9.662380e-50 9.354179e-51 -1.987481e-51 -1.274343e-51 -3.811932e-52 -8.318951e-53 -1.458744e-53 -2.134961e-54 -2.655739e-55 -2.830716e-56 -2.586862e-57 -2.009824e-58 -1.294908e-59 -6.453547e-61 -1.867360e-62 5.826799e-64 1.397271e-64 1.306845e-65 9.037973e-67 5.158815e-68 2.527961e-69 1.082688e-70 4.087856e-72 1.365380e-73 4.033367e-75 1.049700e-76 2.386400e-78 4.662140e-80 7.570749e-82 9.409675e-84 6.351888e-86 -7.062831e-88 -3.510403e-89 -7.618058e-91 -1.196341e-92 -1.484956e-94 -1.490262e-96 -1.207419e-98 -7.764146e-101 -3.831273e-103 -1.366838e-105 -3.144962e-108 -3.509681e-111 0.000000e+00 0.000000e+00 0.000000e+00 0.000000e+00 0.000000e+00 0.000000e+00 0.000000e+00 0.000000e+00
0.000000e+00 0.000000e+00 0.000000e+00 0.000000e+00 0.000000e+00 0.000000e+00 0.000000e+00 1.423222e-107 1.330528e-104 5.892823e-102 1.683898e-99 3.480173e-97 5.521576e-95 6.955283e-93 7.075033e-91 5.819213e-89 3.781308e-87 1.773339e-85 3.534647e-84 -3.516602e-82 -5.240282e-80 -4.306588e-78 -2.717476e-76 -1.427584e-74 -6.452210e-73 -2.549981e-71 -8.887138e-70 -2.741833e-68 -7.489722e-67 -1.805061e-65 -3.804399e-64 -6.884184e-63 -1.026628e-61 -1.123056e-60 -4.322903e-60 1.806933e-58 6.271091e-57 1.303937e-55 2.113574e-54 2.853531e-53 3.286861e-52 3.256512e-51 2.773240e-50 2.012962e-49 1.221867e-48 5.952372e-48 2.084338e-47 2.866171e-47 -2.490555e-46 -2.516866e-45 -1.375835e-44 -5.442109e-44 -1.654885e-43 -3.913147e-43 -7.114643e-43 -9.608612e-43 -8.806944e-43 -3.624448e-43 3.624448e-43 8.806944e-43 9.608612e-43 7.114643e-43 3.913147e-43 1.654885e-43 5.442109e-44 1.375835e-44 2.516866e-45 2.490555e-46 -2.866171e-47 -2.084338e-47 -5.952372e-48 -1.221867e-48 -2.012962e-49 -2.773240e-50 -3.256512e-51 -3.286861e-52 -2.853531e-53 -2.113574e-54 -1.303937e-55 -6.271091e-57 -1.806933e-58 4.322903e-60 1.123056e-60 1.026628e-61 6.884184e-63 3.804399e-64 1.805061e-65 7.489722e-67 2.741833e-68 8.887138e-70 2.549981e-71 6.452210e-73 1.427584e-74 2.717476e-76 4.306588e-78 5.240282e-80 3.516602e-82 -3.534647e-84 -1.773339e-85 -3.781308e-87 -5.819213e-89 -7.075033e-91 -6.955283e-93 -5.521576e-95 -3.480173e-97 -1.683898e-99 -5.892823e-102 -1.330528e-104 -1.423222e-107 0.000000e+00 0.000000e+00 0.000000e+00 0.000000e+00 0.000000e+00 0.000000e+00 0.000000e+00
0.000000e+00 0.000000e+00 0.000000e+00 0.000000e+00 0.000000e+00 0.000000e+00 1.124209e-104 2.061056e-101 9.520351e-99 2.771998e-96 5.839620e-94 9.447268e-92 1.213820e-89 1.259693e-87 1.057081e-85 7.004094e-84 3.339743e-82 6.568014e-81 -7.253883e-79 -1.086639e-76 -9.113765e-75 -5.887478e-73 -3.171340e-71 -1.471347e-69 -5.974849e-68 -2.141519e-66 -6.800460e-65 -1.913568e-63 -4.753912e-62 -1.033302e-60 -1.928098e-59 -2.959679e-58 -3.302366e-57 -1.134005e-56 6.371347e-55 2.221443e-53 4.776132e-52 8.064166e-51 1.138744e-49 1.376302e-48 1.434898e-47 1.289282e-46 9.896514e-46 6.360462e-45 3.273203e-44 1.188834e-43 1.295866e-43 -2.171094e-42 -2.200047e-41 -1.307673e-40 -5.773760e-40 -2.001295e-39 -5.521498e-39 -1.208077e-38 -2.061662e-38 -2.648506e-38 -2.343236e-38 -9.467955e-39 9.467955e-39 2.343236e-38 2.648506e-38 2.061662e-38 1.208077e-38 5.521498e-39 2.001295e-39 5.773760e-40 1.307673e-40 2.200047e-41 2.171094e-42 -1.295866e-43 -1.188834e-43 -3.273203e-44 -6.360462e-45 -9.896514e-46 -1.289282e-46 -1.434898e-47 -1.376302e-48 -1.138744e-49 -8.064166e-51 -4.776132e-52 -2.221443e-53 -6.371347e-55 1.134005e-56 3.302366e-57 2.959679e-58 1.928098e-59 1.033302e-60 4.753912e-62 1.913568e-63 6.800460e-65 2.141519e-66 5.974849e-68 1.471347e-69 3.171340e-71 5.887478e-73 9.113765e-75 1.086639e-76 7.253883e-79 -6.568014e-81 -3.339743e-82 -7.004094e-84 -1.057081e-85 -1.259693e-87 -1.213820e-89 -9.447268e-92 -5.839620e-94 -2.771998e-96 -9.520351e-99 -2.061056e-101 -1.124209e-104 0.000000e+00 0.000000e+00 0.000000e+00 0.000000e+00 0.000000e+00 0.000000e+00
0.000000e+00 0.000000e+00 0.000000e+00 0.000000e+00 0.000000e+00 5.441528e-103 5.279717e-99 4.776872e-96 1.450099e-93 3.112255e-91 5.131273e-89 6.720891e-87 7.111751e-85 6.084851e-83 4.108131e-81 1.989722e-79 3.843210e-78 -4.731008e-76 -7.120244e-74 -6.089439e-72 -4.023813e-70 -2.220478e-68 -1.056537e-66 -4.404121e-65 -1.621732e-63 -5.294907e-62 -1.532984e-60 -3.920827e-59 -8.776783e-58 -1.686151e-56 -2.659135e-55 -3.016702e-54 -8.773584e-54 6.957760e-52 2.437802e-50 5.408804e-49 9.490352e-48 1.398019e-46 1.767798e-45 1.933210e-44 1.826148e-43 1.476344e-42 9.999135e-42 5.404132e-41 2.015665e-40 1.364865e-40 -5.406404e-39 -5.559943e-38 -3.563698e-37 -1.733240e-36 -6.727261e-36 -2.114386e-35 -5.381136e-35 -1.098967e-34 -1.768730e-34 -2.166938e-34 -1.853217e-34 -7.356557e-35 7.356557e-35 1.853217e-34 2.166938e-34 1.768730e-34 1.098967e-34 5.381136e-35 2.114386e-35 6.727261e-36 1.733240e-36 3.563698e-37 5.559943e-38 5.406404e-39 -1.364865e-40 -2.015665e-40 -5.404132e-41 -9.999135e-42 -1.476344e-42 -1.826148e-43 -1.933210e-44 -1.767798e-45 -1.398019e-46 -9.490352e-48 -5.408804e-49 -2.437802e-50 -6.957760e-52 8.773584e-54 3.016702e-54 2.659135e-55 1.686151e-56 8.776783e-58 3.920827e-59 1.532984e-60 5.294907e-62 1.621732e-63 4.404121e-65 1.056537e-66 2.220478e-68 4.023813e-70 6.089439e-72 7.120244e-74 4.731008e-76 -3.843210e-78 -1.989722e-79 -4.108131e-81 -6.084851e-83 -7.111751e-85 -6.720891e-87 -5.131273e-89 -3.112255e-91 -1.450099e-93 -4.776872e-96 -5.279717e-99 -5.441528e-103 0.000000e+00 0.000000e+00 0.000000e+00 0.000000e+00 0.000000e+00
0.000000e+00 0.000000e+00 0.000000e+00 0.000000e+00 1.192065e-102 6.652253e-98 3.183208e-94 1.890382e-91 4.228428e-89 7.101268e-87 9.476731e-85 1.021882e-82 8.909168e-81 6.124620e-79 3.010222e-77 5.681637e-76 -7.831237e-74 -1.183538e-71 -1.031320e-69 -6.965194e-68 -3.934370e-66 -1.918233e-64 -8.200509e-63 -3.099307e-61 -1.039345e-59 -3.092673e-58 -8.133748e-57 -1.872683e-55 -3.698647e-54 -5.981619e-53 -6.877092e-52 -1.550752e-51 1.891479e-49 6.661603e-48 1.522513e-46 2.770175e-45 4.246851e-44 5.603730e-43 6.409140e-42 6.344205e-41 5.382107e-40 3.825086e-39 2.159376e-38 8.185136e-38 8.087484e-39 -3.141254e-36 -3.298842e-35 -2.264230e-34 -1.200291e-33 -5.145788e-33 -1.810361e-32 -5.236022e-32 -1.238290e-31 -2.368451e-31 -3.598799e-31 -4.204033e-31 -3.473264e-31 -1.353871e-31 1.353871e-31 3.473264e-31 4.204033e-31 3.598799e-31 2.368451e-31 1.238290e-31 5.236022e-32 1.810361e-32 5.145788e-33 1.200291e-33 2.264230e-34 3.298842e-35 3.141254e-36 -8.087484e-39 -8.185136e-38 -2.159376e-38 -3.825086e-39 -5.382107e-40 -6.344205e-41 -6.409140e-42 -5.603730e-43 -4.246851e-44 -2.770175e-45 -1.522513e-46 -6.661603e-48 -1.891479e-49 1.550752e-51 6.877092e-52 5.981619e-53 3.698647e-54 1.872683e-55 8.133748e-57 3.092673e-58 1.039345e-59 3.099307e-61 8.200509e-63 1.918233e-64 3.934370e-66 6.965194e-68 1.031320e-69 1.183538e-71 7.831237e-74 -5.681637e-76 -3.010222e-77 -6.124620e-79 -8.909168e-81 -1.021882e-82 -9.476731e-85 -7.101268e-87 -4.228428e-89 -1.890382e-91 -3.183208e-94 -6.652253e-98 -1.192065e-102 0.000000e+00 0.000000e+00 0.000000e+00 0.000000e+00
0.000000e+00 0.000000e+00 0.000000e+00 1.175179e-103 2.879426e-98 7.924117e-94 2.487255e-90 1.087004e-87 1.901834e-85 2.584701e-83 2.838755e-81 2.520546e-79 1.763294e-77 8.787598e-76 1.612935e-74 -2.498206e-72 -3.791002e-70 -3.363731e-68 -2.320277e-66 -1.340593e-64 -6.692297e-63 -2.931737e-61 -1.136258e-59 -3.910110e-58 -1.194625e-56 -3.227351e-55 -7.633705e-54 -1.547994e-52 -2.563194e-51 -2.977642e-50 -4.370048e-50 9.732172e-48 3.448170e-46 8.106448e-45 1.526678e-43 2.430734e-42 3.339186e-41 3.984138e-40 4.120989e-39 3.656887e-38 2.717056e-37 1.594482e-36 6.077579e-36 -4.176763e-36 -3.273647e-34 -3.524233e-33 -2.575679e-32 -1.475686e-31 -6.913174e-31 -2.686115e-30 -8.679757e-30 -2.324316e-29 -5.118299e-29 -9.162288e-29 -1.311056e-28 -1.455210e-28 -1.157396e-28 -4.420286e-29 4.420286e-29 1.157396e-28 1.455210e-28 1.311056e-28 9.162288e-29 5.118299e-29 2.324316e-29 8.679757e-30 2.686115e-30 6.913174e-31 1.475686e-31 2.575679e-32 3.524233e-33 3.273647e-34 4.176763e-36 -6.077579e-36 -1.594482e-36 -2.717056e-37 -3.656887e-38 -4.120989e-39 -3.984138e-40 -3.339186e-41 -2.430734e-42 -1.526678e-43 -8.106448e-45 -3.448170e-46 -9.732172e-48 4.370048e-50 2.977642e-50 2.563194e-51 1.547994e-52 7.633705e-54 3.227351e-55 1.194625e-56 3.910110e-58 1.136258e-59 2.931737e-61 6.692297e-63 1.340593e-64 2.320277e-66 3.363731e-68 3.791002e-70 2.498206e-72 -1.612935e-74 -8.787598e-76 -1.763294e-77 -2.520546e-79 -2.838755e-81 -2.584701e-83 -1.901834e-85 -1.087004e-87 -2.487255e-90 -7.924117e-94 -2.879426e-98 -1.175179e-103 0.000000e+00 0.000000e+00 0.000000e+00
0.000000e+00 0.000000e+00 5.600980e-106 4.686853e-100 5.664734e-95 1.022772e-90 2.361568e-87 8.064208e-85 1.141605e-82 1.276883e-80 1.154538e-78 8.219256e-77 4.154922e-75 7.430517e-74 -1.282364e-71 -1.958608e-69 -1.770022e-67 -1.246882e-65 -7.366924e-64 -3.764193e-62 -1.689137e-60 -6.710600e-59 -2.368607e-57 -7.426758e-56 -2.059985e-54 -5.003472e-53 -1.041355e-51 -1.765164e-50 -2.072847e-49 -1.364145e-49 7.928395e-47 2.838765e-45 6.866514e-44 1.337623e-42 2.209474e-41 3.155795e-40 3.922017e-39 4.231824e-38 3.920789e-37 3.039643e-36 1.850646e-35 7.064467e-35 -1.151356e-34 -5.167605e-33 -5.741144e-32 -4.455530e-31 -2.743492e-30 -1.393806e-29 -5.923666e-29 -2.112723e-28 -6.307333e-28 -1.566307e-27 -3.206291e-27 -5.347873e-27 -7.156600e-27 -7.482631e-27 -5.680673e-27 -2.113984e-27 2.113984e-27 5.680673e-27 7.482631e-27 7.156600e-27 5.347873e-27 3.206291e-27 1.566307e-27 6.307333e-28 2.112723e-28 5.923666e-29 1.393806e-29 2.743492e-30 4.455530e-31 5.741144e-32 5.167605e-33 1.151356e-34 -7.064467e-35 -1.850646e-35 -3.039643e-36 -3.920789e-37 -4.231824e-38 -3.922017e-39 -3.155795e-40 -2.209474e-41 -1.337623e-42 -6.866514e-44 -2.838765e-45 -7.928395e-47 1.364145e-49 2.072847e-49 1.765164e-50 1.041355e-51 5.003472e-53 2.059985e-54 7.426758e-56 2.368607e-57 6.710600e-59 1.689137e-60 3.764193e-62 7.366924e-64 1.246882e-65 1.770022e-67 1.958608e-69 1.282364e-71 -7.430517e-74 -4.154922e-75 -8.219256e-77 -1.154538e-78 -1.276883e-80 -1.141605e-82 -8.064208e-85 -2.361568e-87 -1.022772e-90 -5.664734e-95 -4.686853e-100 -5.600980e-106 0.000000e+00 0.000000e+00
0.000000e+00 2.694244e-109 6.368746e-103 2.631733e-97 2.089201e-92 2.777761e-88 5.014008e-85 1.385126e-82 1.615185e-80 1.489093e-78 1.080874e-76 5.564965e-75 9.964541e-74 -1.822384e-71 -2.828915e-69 -2.611346e-67 -1.881627e-65 -1.138146e-63 -5.958078e-62 -2.741078e-60 -1.117208e-58 -4.048317e-57 -1.304001e-55 -3.718054e-54 -9.288215e-53 -1.988810e-51 -3.466313e-50 -4.164771e-49 -1.216463e-49 1.767907e-46 6.494364e-45 1.624183e-43 3.280935e-42 5.631310e-41 8.372763e-40 1.085055e-38 1.222804e-37 1.184938e-36 9.614668e-36 6.114578e-35 2.392313e-34 -5.453958e-34 -2.163409e-32 -2.524395e-31 -2.088310e-30 -1.381476e-29 -7.590994e-29 -3.512972e-28 -1.374162e-27 -4.534651e-27 -1.255362e-26 -2.891401e-26 -5.482844e-26 -8.454599e-26 -1.044588e-25 -1.010786e-25 -7.184947e-26 -2.570520e-26 2.570520e-26 7.184947e-26 1.010786e-25 1.044588e-25 8.454599e-26 5.482844e-26 2.891401e-26 1.255362e-26 4.534651e-27 1.374162e-27 3.512972e-28 7.590994e-29 1.381476e-29 2.088310e-30 2.524395e-31 2.163409e-32 5.453958e-34 -2.392313e-34 -6.114578e-35 -9.614668e-36 -1.184938e-36 -1.222804e-37 -1.085055e-38 -8.372763e-40 -5.631310e-41 -3.280935e-42 -1.624183e-43 -6.494364e-45 -1.767907e-46 1.216463e-49 4.164771e-49 3.466313e-50 1.988810e-51 9.288215e-53 3.718054e-54 1.304001e-55 4.048317e-57 1.117208e-58 2.741078e-60 5.958078e-62 1.138146e-63 1.881627e-65 2.611346e-67 2.828915e-69 1.822384e-71 -9.964541e-74 -5.564965e-75 -1.080874e-76 -1.489093e-78 -1.615185e-80 -1.385126e-82 -5.014008e-85 -2.777761e-88 -2.089201e-92 -2.631733e-97 -6.368746e-103 -2.694244e-109 0.000000e+00
4.250373e-113 2.461686e-106 2.875833e-100 7.811770e-95 4.570629e-90 4.754612e-86 6.944674e-83 1.579500e-80 1.519140e-78 1.125607e-76 5.918038e-75 1.082024e-73 -2.025076e-71 -3.214367e-69 -3.035965e-67 -2.239590e-65 -1.387665e-63 -7.445674e-62 -3.513185e-60 -1.469532e-58 -5.468669e-57 -1.810336e-55 -5.308810e-54 -1.365065e-52 -3.010929e-51 -5.409934e-50 -6.703418e-49 -1.757985e-49 3.052220e-46 1.160059e-44 3.007245e-43 6.306097e-42 1.125223e-40 1.741917e-39 2.354164e-38 2.771359e-37 2.810050e-36 2.389424e-35 1.593395e-34 6.496998e-34 -1.720123e-33 -6.829476e-32 -8.435397e-31 -7.442806e-30 -5.279679e-29 -3.127140e-28 -1.568532e-27 -6.689541e-27 -2.422159e-26 -7.406853e-26 -1.897137e-25 -4.025345e-25 -6.978568e-25 -9.723601e-25 -1.068138e-24 -9.031931e-25 -5.589775e-25 -1.813694e-25 1.813694e-25 5.589775e-25 9.031931e-25 1.068138e-24 9.723601e-25 6.978568e-25 4.025345e-25 1.897137e-25 7.406853e-26 2.422159e-26 6.689541e-27 1.568532e-27 3.127140e-28 5.279679e-29 7.442806e-30 8.435397e-31 6.829476e-32 1.720123e-33 -6.496998e-34 -1.593395e-34 -2.389424e-35 -2.810050e-36 -2.771359e-37 -2.354164e-38 -1.741917e-39 -1.125223e-40 -6.306097e-42 -3.007245e-43 -1.160059e-44 -3.052220e-46 1.757985e-49 6.703418e-49 5.409934e-50 3.010929e-51 1.365065e-52 5.308810e-54 1.810336e-55 5.468669e-57 1.469532e-58 3.513185e-60 7.445674e-62 1.387665e-63 2.239590e-65 3.035965e-67 3.214367e-69 2.025076e-71 -1.082024e-73 -5.918038e-75 -1.125607e-76 -1.519140e-78 -1.579500e-80 -6.944674e-83 -4.754612e-86 -4.570629e-90 -7.811770e-95 -2.875833e-100 -2.461686e-106 -4.250373e-113
3.812262e-110 1.091333e-103 8.382025e-98 1.678408e-92 7.684868e-88 6.469790e-84 7.776350e-81 1.456658e-78 1.125603e-76 6.041363e-75 1.128078e-73 -2.157190e-71 -3.500180e-69 -3.381072e-67 -2.552189e-65 -1.619012e-63 -8.898892e-62 -4.303843e-60 -1.846407e-58 -7.051895e-57 -2.397483e-55 -7.225641e-54 -1.910906e-52 -4.338379e-51 -8.029479e-50 -1.025365e-48 -2.486668e-49 4.991757e-46 1.961226e-44 5.263934e-43 1.144393e-41 2.119886e-40 3.411718e-39 4.800618e-38 5.893020e-37 6.240508e-36 5.549748e-35 3.872944e-34 1.643768e-33 -4.953575e-33 -1.986254e-31 -2.589855e-30 -2.428055e-29 -1.838681e-28 -1.167844e-27 -6.311326e-27 -2.914712e-26 -1.148886e-25 -3.845307e-25 -1.083487e-24 -2.538559e-24 -4.861028e-24 -7.421277e-24 -8.691239e-24 -7.283123e-24 -3.705568e-24 -5.129108e-25 2.920377e-25 -2.920377e-25 5.129108e-25 3.705568e-24 7.283123e-24 8.691239e-24 7.421277e-24 4.861028e-24 2.538559e-24 1.083487e-24 3.845307e-25 1.148886e-25 2.914712e-26 6.311326e-27 1.167844e-27 1.838681e-28 2.428055e-29 2.589855e-30 1.986254e-31 4.953575e-33 -1.643768e-33 -3.872944e-34 -5.549748e-35 -6.240508e-36 -5.893020e-37 -4.800618e-38 -3.411718e-39 -2.119886e-40 -1.144393e-41 -5.263934e-43 -1.961226e-44 -4.991757e-46 2.486668e-49 1.025365e-48 8.029479e-50 4.338379e-51 1.910906e-52 7.225641e-54 2.397483e-55 7.051895e-57 1.846407e-58 4.303843e-60 8.898892e-62 1.619012e-63 2.552189e-65 3.381072e-67 3.500180e-69 2.157190e-71 -1.128078e-73 -6.041363e-75 -1.125603e-76 -1.456658e-78 -7.776350e-81 -6.469790e-84 -7.684868e-88 -1.678408e-92 -8.382025e-98 -1.091333e-103 -3.812262e-110
1.658444e-107 3.121664e-101 1.767675e-95 2.770407e-90 1.026839e-85 7.115601e-82 7.040821e-79 1.057802e-76 5.918007e-75 1.128078e-73 -2.203102e-71 -3.652410e-69 -3.606548e-67 -2.784277e-65 -1.807325e-63 -1.017051e-61 -5.038819e-60 -2.215757e-58 -8.679446e-57 -3.028412e-55 -9.373546e-54 -2.547667e-52 -5.948724e-51 -1.133155e-49 -1.490062e-48 -3.348846e-49 7.737916e-46 3.139541e-44 8.714540e-43 1.961745e-41 3.767538e-40 6.294557e-39 9.207304e-38 1.176621e-36 1.298993e-35 1.205917e-34 8.790148e-34 3.877957e-33 -1.311363e-32 -5.337781e-31 -7.328112e-30 -7.275191e-29 -5.857953e-28 -3.971904e-27 -2.300884e-26 -1.143959e-25 -4.876273e-25 -1.772902e-24 -5.448093e-24 -1.395329e-23 -2.914178e-23 -4.781353e-23 -5.695386e-23 -3.778733e-23 1.497559e-23 7.376645e-23 9.010448e-23 4.070568e-23 -4.070568e-23 -9.010448e-23 -7.376645e-23 -1.497559e-23 3.778733e-23 5.695386e-23 4.781353e-23 2.914178e-23 1.395329e-23 5.448093e-24 1.772902e-24 4.876273e-25 1.143959e-25 2.300884e-26 3.971904e-27 5.857953e-28 7.275191e-29 7.328112e-30 5.337781e-31 1.311363e-32 -3.877957e-33 -8.790148e-34 -1.205917e-34 -1.298993e-35 -1.176621e-36 -9.207304e-38 -6.294557e-39 -3.767538e-40 -1.961745e-41 -8.714540e-43 -3.139541e-44 -7.737916e-46 3.348846e-49 1.490062e-48 1.133155e-49 5.948724e-51 2.547667e-52 9.373546e-54 3.028412e-55 8.679446e-57 2.215757e-58 5.038819e-60 1.017051e-61 1.807325e-63 2.784277e-65 3.606548e-67 3.652410e-69 2.203102e-71 -1.128078e-73 -5.918007e-75 -1.057802e-76 -7.040821e-79 -7.115601e-82 -1.026839e-85 -2.770407e-90 -1.767675e-95 -3.121664e-101 -1.658444e-107
4.653225e-105 6.458386e-99 2.862928e-93 3.633123e-88 1.108804e-83 6.328594e-80 5.021928e-77 5.450858e-75 1.082002e-73 -2.157190e-71 -3.652410e-69 -3.684975e-67 -2.908060e-65 -1.930587e-63 -1.111685e-61 -5.638816e-60 -2.540073e-58 -1.019852e-56 -3.649636e-55 -1.159334e-53 -3.236008e-52 -7.765239e-51 -1.521189e-49 -2.058165e-48 -4.303118e-49 1.137617e-45 4.762029e-44 1.365526e-42 3.179274e-41 6.322380e-40 1.095104e-38 1.662818e-37 2.208748e-36 2.538019e-35 2.455347e-34 1.866150e-33 8.547062e-33 -3.205194e-32 -1.329251e-30 -1.916916e-29 -2.009113e-28 -1.714105e-27 -1.235788e-26 -7.639471e-26 -4.068570e-25 -1.864950e-24 -7.319080e-24 -2.435561e-23 -6.764268e-23 -1.526354e-22 -2.653949e-22 -3.077416e-22 -7.596945e-23 6.148064e-22 1.650887e-21 2.455510e-21 2.294731e-21 9.452460e-22 -9.452460e-22 -2.294731e-21 -2.455510e-21 -1.650887e-21 -6.148064e-22 7.596945e-23 3.077416e-22 2.653949e-22 1.526354e-22 6.764268e-23 2.435561e-23 7.319080e-24 1.864950e-24 4.068570e-25 7.639471e-26 1.235788e-26 1.714105e-27 2.009113e-28 1.916916e-29 1.329251e-30 3.205194e-32 -8.547062e-33 -1.866150e-33 -2.455347e-34 -2.538019e-35 -2.208748e-36 -1.662818e-37 -1.095104e-38 -6.322380e-40 -3.179274e-41 -1.365526e-42 -4.762029e-44 -1.137617e-45 4.303118e-49 2.058165e-48 1.521189e-49 7.765239e-51 3.236008e-52 1.159334e-53 3.649636e-55 1.019852e-56 2.540073e-58 5.638816e-60 1.111685e-61 1.930587e-63 2.908060e-65 3.684975e-67 3.652410e-69 2.157190e-71 -1.082002e-73 -5.450858e-75 -5.021928e-77 -6.328594e-80 -1.108804e-83 -3.633123e-88 -2.862928e-93 -6.458386e-99 -4.653225e-105
9.439472e-103 1.025800e-96 3.682839e-91 3.849723e-86 9.683354e-82 4.437615e-78 2.547925e-75 9.815294e-74 -2.025087e-71 -3.500180e-69 -3.606548e-67 -2.908060e-65 -1.973501e-63 -1.162229e-61 -6.032310e-60 -2.782027e-58 -1.144238e-56 -4.197091e-55 -1.367395e-53 -3.917065e-52 -9.652923e-51 -1.943242e-49 -2.703234e-48 -5.289319e-49 1.587087e-45 6.847979e-44 2.026582e-42 4.874742e-41 1.002624e-39 1.798213e-38 2.830582e-37 3.902647e-36 4.660478e-35 4.691015e-34 3.711605e-33 1.762803e-32 -7.258150e-32 -3.075032e-30 -4.648129e-29 -5.129146e-28 -4.622278e-27 -3.530988e-26 -2.320281e-25 -1.317914e-24 -6.464736e-24 -2.723903e-23 -9.757388e-23 -2.919513e-22 -7.065668e-22 -1.288218e-21 -1.385526e-21 7.842926e-22 7.844959e-21 2.104810e-20 3.688881e-20 4.631076e-20 3.982278e-20 1.582582e-20 -1.582582e-20 -3.982278e-20 -4.631076e-20 -3.688881e-20 -2.104810e-20 -7.844959e-21 -7.842926e-22 1.385526e-21 1.288218e-21 7.065668e-22 2.919513e-22 9.757388e-23 2.723903e-23 6.464736e-24 1.317914e-24 2.320281e-25 3.530988e-26 4.622278e-27 5.129146e-28 4.648129e-29 3.075032e-30 7.258150e-32 -1.762803e-32 -3.711605e-33 -4.691015e-34 -4.660478e-35 -3.902647e-36 -2.830582e-37 -1.798213e-38 -1.002624e-39 -4.874742e-41 -2.026582e-42 -6.847979e-44 -1.587087e-45 5.289319e-49 2.703234e-48 1.943242e-49 9.652923e-51 3.917065e-52 1.367395e-53 4.197091e-55 1.144238e-56 2.782027e-58 6.032310e-60 1.162229e-61 1.973501e-63 2.908060e-65 3.606548e-67 3.500180e-69 2.025087e-71 -9.815294e-74 -2.547925e-75 -4.437615e-78 -9.683354e-82 -3.849723e-86 -3.682839e-91 -1.025800e-96 -9.439472e-103
1.469530e-100 1.293683e-94 3.827192e-89 3.299317e-84 6.672437e-80 2.221413e-76 4.663479e-74 -1.777973e-71 -3.214368e-69 -3.381072e-67 -2.784277e-65 -1.930587e-63 -1.162229e-61 -6.169438e-60 -2.911446e-58 -1.225978e-56 -4.606570e-55 -1.538301e-53 -4.519510e-52 -1.143004e-50 -2.362920e-49 -3.377240e-48 -6.237402e-49 2.102009e-45 9.341096e-44 2.850259e-42 7.076054e-41 1.503629e-39 2.789135e-38 4.545833e-37 6.496920e-36 8.051836e-35 8.420021e-34 6.925184e-33 3.407215e-32 -1.527139e-31 -6.622542e-30 -1.047213e-28 -1.213673e-27 -1.152070e-26 -9.296085e-26 -6.470944e-25 -3.904985e-24 -2.041192e-23 -9.190869e-23 -3.526138e-22 -1.130503e-21 -2.917299e-21 -5.531402e-21 -5.187199e-21 1.094523e-20 6.826636e-20 1.950733e-19 3.918966e-19 5.970162e-19 6.914065e-19 5.675617e-19 2.207468e-19 -2.207468e-19 -5.675617e-19 -6.914065e-19 -5.970162e-19 -3.918966e-19 -1.950733e-19 -6.826636e-20 -1.094523e-20 5.187199e-21 5.531402e-21 2.917299e-21 1.130503e-21 3.526138e-22 9.190869e-23 2.041192e-23 3.904985e-24 6.470944e-25 9.296085e-26 1.152070e-26 1.213673e-27 1.047213e-28 6.622542e-30 1.527139e-31 -3.407215e-32 -6.925184e-33 -8.420021e-34 -8.051836e-35 -6.496920e-36 -4.545833e-37 -2.789135e-38 -1.503629e-39 -7.076054e-41 -2.850259e-42 -9.341096e-44 -2.102009e-45 6.237402e-49 3.377240e-48 2.362920e-49 1.143004e-50 4.519510e-52 1.538301e-53 4.606570e-55 1.225978e-56 2.911446e-58 6.169438e-60 1.162229e-61 1.930587e-63 2.784277e-65 3.381072e-67 3.214368e-69 1.777973e-71 -4.663479e-74 -2.221413e-76 -6.672437e-80 -3.299317e-84 -3.827192e-89 -1.293683e-94 -1.469530e-100
1.815870e-98 1.317698e-92 3.216836e-87 2.232608e-82 3.294027e-78 4.187736e-75 -7.730085e-72 -2.764972e-69 -3.035962e-67 -2.552189e-65 -1.807325e-63 -1.111685e-61 -6.032310e-60 -2.911446e-58 -1.254492e-56 -4.825934e-55 -1.650847e-53 -4.971330e-52 -1.289458e-50 -2.735598e-49 -4.014525e-48 -7.078698e-49 2.644003e-45 1.209160e-43 3.800764e-42 9.729358e-41 2.133812e-39 4.089227e-38 6.892785e-37 1.019924e-35 1.310113e-34 1.421412e-33 1.213592e-32 6.179631e-32 -2.992567e-31 -1.330292e-29 -2.196652e-28 -2.667855e-27 -2.660814e-26 -2.261547e-25 -1.662492e-24 -1.062293e-23 -5.895146e-23 -2.825131e-22 -1.155809e-21 -3.952354e-21 -1.082340e-20 -2.120371e-20 -1.579571e-20 8.292690e-20 4.646343e-19 1.432506e-18 3.237513e-18 5.724577e-18 8.041627e-18 8.830351e-18 7.014602e-18 2.685618e-18 -2.685618e-18 -7.014602e-18 -8.830351e-18 -8.041627e-18 -5.724577e-18 -3.237513e-18 -1.432506e-18 -4.646343e-19 -8.292690e-20 1.579571e-20 2.120371e-20 1.082340e-20 3.952354e-21 1.155809e-21 2.825131e-22 5.895146e-23 1.062293e-23 1.662492e-24 2.261547e-25 2.660814e-26 2.667855e-27 2.196652e-28 1.330292e-29 2.992567e-31 -6.179631e-32 -1.213592e-32 -1.421412e-33 -1.310113e-34 -1.019924e-35 -6.892785e-37 -4.089227e-38 -2.133812e-39 -9.729358e-41 -3.800764e-42 -1.209160e-43 -2.644003e-45 7.078698e-49 4.014525e-48 2.735598e-49 1.289458e-50 4.971330e-52 1.650847e-53 4.825934e-55 1.254492e-56 2.911446e-58 6.032310e-60 1.111685e-61 1.807325e-63 2.552189e-65 3.035962e-67 2.764972e-69 7.730085e-72 -4.187736e-75 -3.294027e-78 -2.232608e-82 -3.216836e-87 -1.317698e-92 -1.815870e-98
1.811745e-96 1.085526e-90 2.136194e-85 1.085983e-80 6.375331e-77 -6.180061e-73 -1.190056e-69 -2.553907e-67 -2.239584e-65 -1.619012e-63 -1.017051e-61 -5.638816e-60 -2.782027e-58 -1.225978e-56 -4.825934e-55 -1.690149e-53 -5.213765e-52 -1.386113e-50 -3.015868e-49 -4.541425e-48 -7.755647e-49 3.159473e-45 1.485844e-43 4.807275e-42 1.267741e-40 2.866893e-39 5.670395e-38 9.874368e-37 1.511006e-35 2.009264e-34 2.258891e-33 1.999574e-32 1.052887e-31 -5.472499e-31 -2.496460e-29 -4.297636e-28 -5.458675e-27 -5.707255e-26 -5.096802e-25 -3.945843e-24 -2.661618e-23 -1.562972e-22 -7.943603e-22 -3.452365e-21 -1.254208e-20 -3.630498e-20 -7.310927e-20 -3.626974e-20 4.747887e-19 2.615449e-18 8.710858e-18 2.184877e-17 4.372257e-17 7.116561e-17 9.424567e-17 9.930979e-17 7.683820e-17 2.904210e-17 -2.904210e-17 -7.683820e-17 -9.930979e-17 -9.424567e-17 -7.116561e-17 -4.372257e-17 -2.184877e-17 -8.710858e-18 -2.615449e-18 -4.747887e-19 3.626974e-20 7.310927e-20 3.630498e-20 1.254208e-20 3.452365e-21 7.943603e-22 1.562972e-22 2.661618e-23 3.945843e-24 5.096802e-25 5.707255e-26 5.458675e-27 4.297636e-28 2.496460e-29 5.472499e-31 -1.052887e-31 -1.999574e-32 -2.258891e-33 -2.009264e-34 -1.511006e-35 -9.874368e-37 -5.670395e-38 -2.866893e-39 -1.267741e-40 -4.807275e-42 -1.485844e-43 -3.159473e-45 7.755647e-49 4.541425e-48 3.015868e-49 1.386113e-50 5.213765e-52 1.690149e-53 4.825934e-55 1.225978e-56 2.782027e-58 5.638816e-60 1.017051e-61 1.619012e-63 2.239584e-65 2.553907e-67 1.190056e-69 6.180061e-73 -6.375331e-77 -1.085983e-80 -2.136194e-85 -1.085526e-90 -1.811745e-96
1.461875e-94 7.069043e-89 1.022821e-83 2.146575e-79 -8.380530e-75 -9.474473e-71 -1.078376e-67 -1.840970e-65 -1.387661e-63 -8.898892e-62 -5.038819e-60 -2.540073e-58 -1.144238e-56 -4.606570e-55 -1.650847e-53 -5.213765e-52 -1.419902e-50 -3.166503e-49 -4.889912e-48 -8.227050e-49 3.587522e-45 1.733748e-43 5.769124e-42 1.566010e-40 3.648344e-39 7.440497e-38 1.337221e-36 2.113883e-35 2.906658e-34 3.382135e-33 3.100403e-32 1.686877e-31 -9.354723e-31 -4.383015e-29 -7.854392e-28 -1.041419e-26 -1.139085e-25 -1.066397e-24 -8.673007e-24 -6.159146e-23 -3.815972e-22 -2.050313e-21 -9.434461e-21 -3.628816e-20 -1.106675e-19 -2.281524e-19 -4.355055e-20 2.239542e-18 1.255286e-17 4.506217e-17 1.241459e-16 2.765327e-16 5.082068e-16 7.756942e-16 9.786209e-16 9.956468e-16 7.529294e-16 2.813831e-16 -2.813831e-16 -7.529294e-16 -9.956468e-16 -9.786209e-16 -7.756942e-16 -5.082068e-16 -2.765327e-16 -1.241459e-16 -4.506217e-17 -1.255286e-17 -2.239542e-18 4.355055e-20 2.281524e-19 1.106675e-19 3.628816e-20 9.434461e-21 2.050313e-21 3.815972e-22 6.159146e-23 8.673007e-24 1.066397e-24 1.139085e-25 1.041419e-26 7.854392e-28 4.383015e-29 9.354723e-31 -1.686877e-31 -3.100403e-32 -3.382135e-33 -2.906658e-34 -2.113883e-35 -1.337221e-36 -7.440497e-38 -3.648344e-39 -1.566010e-40 -5.769124e-42 -1.733748e-43 -3.587522e-45 8.227050e-49 4.889912e-48 3.166503e-49 1.419902e-50 5.213765e-52 1.650847e-53 4.606570e-55 1.144238e-56 2.540073e-58 5.038819e-60 8.898892e-62 1.387661e-63 1.840970e-65 1.078376e-67 9.474473e-71 8.380530e-75 -2.146575e-79 -1.022821e-83 -7.069043e-89 -1.461875e-94
9.328590e-93 3.328477e-87 2.054688e-82 -2.524958e-77 -1.280266e-72 -8.435214e-69 -7.609663e-66 -1.113910e-63 -7.445641e-62 -4.303843e-60 -2.215757e-58 -1.019852e-56 -4.197091e-55 -1.538301e-53 -4.971330e-52 -1.386113e-50 -3.166503e-49 -5.011868e-48 -8.468251e-49 3.871451e-45 1.921373e-43 6.570709e-42 1.834449e-40 4.399075e-39 9.242390e-38 1.712698e-36 2.794126e-35 3.968672e-34 4.774278e-33 4.527420e-32 2.543513e-31 -1.496893e-30 -7.208141e-29 -1.342744e-27 -1.855356e-26 -2.118993e-25 -2.075330e-24 -1.769169e-23 -1.319486e-22 -8.602474e-22 -4.872607e-21 -2.366830e-20 -9.609623e-20 -3.079011e-19 -6.478243e-19 1.102590e-19 9.043044e-18 5.237507e-17 2.019843e-16 6.062030e-16 1.485188e-15 3.030299e-15 5.196183e-15 7.504744e-15 9.068630e-15 8.937393e-15 6.618082e-15 2.447575e-15 -2.447575e-15 -6.618082e-15 -8.937393e-15 -9.068630e-15 -7.504744e-15 -5.196183e-15 -3.030299e-15 -1.485188e-15 -6.062030e-16 -2.019843e-16 -5.237507e-17 -9.043044e-18 -1.102590e-19 6.478243e-19 3.079011e-19 9.609623e-20 2.366830e-20 4.872607e-21 8.602474e-22 1.319486e-22 1.769169e-23 2.075330e-24 2.118993e-25 1.855356e-26 1.342744e-27 7.208141e-29 1.496893e-30 -2.543513e-31 -4.527420e-32 -4.774278e-33 -3.968672e-34 -2.794126e-35 -1.712698e-36 -9.242390e-38 -4.399075e-39 -1.834449e-40 -6.570709e-42 -1.921373e-43 -3.871451e-45 8.468251e-49 5.011868e-48 3.166503e-49 1.386113e-50 4.971330e-52 1.538301e-53 4.197091e-55 1.019852e-56 2.215757e-58 4.303843e-60 7.445641e-62 1.113910e-63 7.609663e-66 8.435214e-69 1.280266e-72 2.524958e-77 -2.054688e-82 -3.328477e-87 -9.328590e-93
4.315217e-91 6.765952e-86 -2.172299e-80 -3.842331e-75 -1.119504e-70 -5.831098e-67 -4.502279e-64 -5.832894e-62 -3.513166e-60 -1.846407e-58 -8.679446e-57 -3.649636e-55 -1.367395e-53 -4.519510e-52 -1.289458e-50 -3.015868e-49 -4.889912e-48 -8.468251e-49 3.970959e-45 2.022599e-43 7.103674e-42 2.038261e-40 5.027192e-39 1.087177e-37 2.075422e-36 3.491024e-35 5.116956e-34 6.357663e-33 6.230465e-32 3.611994e-31 -2.244794e-30 -1.111555e-28 -2.149677e-27 -3.090679e-26 -3.679408e-25 -3.762803e-24 -3.355339e-23 -2.622380e-22 -1.794796e-21 -1.068995e-20 -5.466884e-20 -2.336793e-19 -7.847755e-19 -1.681211e-18 9.844293e-19 3.193978e-17 1.925645e-16 7.950062e-16 2.581827e-15 6.894189e-15 1.543072e-14 2.923631e-14 4.713327e-14 6.470006e-14 7.508013e-14 7.178257e-14 5.208993e-14 1.907050e-14 -1.907050e-14 -5.208993e-14 -7.178257e-14 -7.508013e-14 -6.470006e-14 -4.713327e-14 -2.923631e-14 -1.543072e-14 -6.894189e-15 -2.581827e-15 -7.950062e-16 -1.925645e-16 -3.193978e-17 -9.844293e-19 1.681211e-18 7.847755e-19 2.336793e-19 5.466884e-20 1.068995e-20 1.794796e-21 2.622380e-22 3.355339e-23 3.762803e-24 3.679408e-25 3.090679e-26 2.149677e-27 1.111555e-28 2.244794e-30 -3.611994e-31 -6.230465e-32 -6.357663e-33 -5.116956e-34 -3.491024e-35 -2.075422e-36 -1.087177e-37 -5.027192e-39 -2.038261e-40 -7.103674e-42 -2.022599e-43 -3.970959e-45 8.468251e-49 4.889912e-48 3.015868e-49 1.289458e-50 4.519510e-52 1.367395e-53 3.649636e-55 8.679446e-57 1.846407e-58 3.513166e-60 5.832894e-62 4.502279e-64 5.831098e-67 1.119504e-70 3.842331e-75 2.172299e-80 -6.765952e-86 -4.315217e-91
8.841678e-90 -6.454101e-84 -3.291075e-78 -3.297553e-73 -7.577387e-69 -3.374915e-65 -2.303394e-62 -2.684235e-60 -1.469522e-58 -7.051895e-57 -3.028412e-55 -1.159334e-53 -3.917065e-52 -1.143004e-50 -2.735598e-49 -4.541425e-48 -8.227050e-49 3.871451e-45 2.022599e-43 7.290682e-42 2.148429e-40 5.445915e-39 1.211306e-37 2.380163e-36 4.124322e-35 6.232627e-34 7.990371e-33 8.084692e-32 4.833762e-31 -3.158006e-30 -1.608727e-28 -3.226129e-27 -4.819338e-26 -5.970958e-25 -6.365069e-24 -5.925966e-23 -4.843600e-22 -3.472583e-21 -2.169915e-20 -1.165556e-19 -5.232779e-19 -1.838214e-18 -4.003156e-18 4.212357e-18 1.000574e-16 6.301754e-16 2.775751e-15 9.699451e-15 2.802547e-14 6.818990e-14 1.410875e-13 2.497668e-13 3.797856e-13 4.962565e-13 5.533231e-13 5.132180e-13 3.648934e-13 1.322234e-13 -1.322234e-13 -3.648934e-13 -5.132180e-13 -5.533231e-13 -4.962565e-13 -3.797856e-13 -2.497668e-13 -1.410875e-13 -6.818990e-14 -2.802547e-14 -9.699451e-15 -2.775751e-15 -6.301754e-16 -1.000574e-16 -4.212357e-18 4.003156e-18 1.838214e-18 5.232779e-19 1.165556e-19 2.169915e-20 3.472583e-21 4.843600e-22 5.925966e-23 6.365069e-24 5.970958e-25 4.819338e-26 3.226129e-27 1.608727e-28 3.158006e-30 -4.833762e-31 -8.084692e-32 -7.990371e-33 -6.232627e-34 -4.124322e-35 -2.380163e-36 -1.211306e-37 -5.445915e-39 -2.148429e-40 -7.290682e-42 -2.022599e-43 -3.871451e-45 8.227050e-49 4.541425e-48 2.735598e-49 1.143004e-50 3.917065e-52 1.159334e-53 3.028412e-55 7.051895e-57 1.469522e-58 2.684235e-60 2.303394e-62 3.374915e-65 7.577387e-69 3.297553e-73 3.291075e-78 6.454101e-84 -8.841678e-90
-7.635051e-88 -9.729070e-82 -2.769861e-76 -2.183728e-71 -4.287742e-67 -1.687430e-63 -1.034890e-60 -1.094348e-58 -5.468627e-57 -2.397483e-55 -9.373546e-54 -3.236008e-52 -9.652923e-51 -2.362920e-49 -4.014525e-48 -7.755647e-49 3.587522e-45 1.921373e-43 7.103674e-42 2.148429e-40 5.593031e-39 1.278537e-37 2.583874e-36 4.608475e-35 7.173977e-34 9.481536e-33 9.896233e-32 6.099070e-31 -4.171057e-30 -2.186756e-28 -4.542341e-27 -7.041029e-26 -9.065468e-25 -1.005739e-23 -9.759534e-23 -8.327028e-22 -6.241478e-21 -4.083258e-20 -2.298756e-19 -1.081677e-18 -3.967718e-18 -8.775178e-18 1.374122e-17 2.807419e-16 1.849902e-15 8.665869e-15 3.242717e-14 1.007845e-13 2.646850e-13 5.927940e-13 1.139130e-12 1.887467e-12 2.706942e-12 3.363403e-12 3.597482e-12 3.231377e-12 2.247720e-12 8.054807e-13 -8.054807e-13 -2.247720e-12 -3.231377e-12 -3.597482e-12 -3.363403e-12 -2.706942e-12 -1.887467e-12 -1.139130e-12 -5.927940e-13 -2.646850e-13 -1.007845e-13 -3.242717e-14 -8.665869e-15 -1.849902e-15 -2.807419e-16 -1.374122e-17 8.775178e-18 3.967718e-18 1.081677e-18 2.298756e-19 4.083258e-20 6.241478e-21 8.327028e-22 9.759534e-23 1.005739e-23 9.065468e-25 7.041029e-26 4.542341e-27 2.186756e-28 4.171057e-30 -6.099070e-31 -9.896233e-32 -9.481536e-33 -7.173977e-34 -4.608475e-35 -2.583874e-36 -1.278537e-37 -5.593031e-39 -2.148429e-40 -7.103674e-42 -1.921373e-43 -3.587522e-45 7.755647e-49 4.014525e-48 2.362920e-49 9.652923e-51 3.236008e-52 9.373546e-54 2.397483e-55 5.468627e-57 1.094348e-58 1.034890e-60 1.687430e-63 4.287742e-67 2.183728e-71 2.769861e-76 9.729070e-82 7.635051e-88
-1.144411e-85 -8.023229e-80 -1.793181e-74 -1.207162e-69 -2.093865e-65 -7.403521e-62 -4.116513e-59 -3.966640e-57 -1.810320e-55 -7.225641e-54 -2.547667e-52 -7.765239e-51 -1.943242e-49 -3.377240e-48 -7.078698e-49 3.159473e-45 1.733748e-43 6.570709e-42 2.038261e-40 5.445915e-39 1.278537e-37 2.655545e-36 4.871258e-35 7.805037e-34 1.062560e-32 1.143104e-31 7.258574e-31 -5.175486e-30 -2.793490e-28 -6.004342e-27 -9.645862e-26 -1.288861e-24 -1.485941e-23 -1.500547e-22 -1.334231e-21 -1.043671e-20 -7.134989e-20 -4.201768e-19 -2.068345e-18 -7.910259e-18 -1.776032e-17 3.765960e-17 7.106483e-16 4.901310e-15 2.434726e-14 9.715959e-14 3.232214e-13 9.109535e-13 2.193277e-12 4.535753e-12 8.094977e-12 1.252798e-11 1.688692e-11 1.986232e-11 2.027850e-11 1.755538e-11 1.190127e-11 4.208702e-12 -4.208702e-12 -1.190127e-11 -1.755538e-11 -2.027850e-11 -1.986232e-11 -1.688692e-11 -1.252798e-11 -8.094977e-12 -4.535753e-12 -2.193277e-12 -9.109535e-13 -3.232214e-13 -9.715959e-14 -2.434726e-14 -4.901310e-15 -7.106483e-16 -3.765960e-17 1.776032e-17 7.910259e-18 2.068345e-18 4.201768e-19 7.134989e-20 1.043671e-20 1.334231e-21 1.500547e-22 1.485941e-23 1.288861e-24 9.645862e-26 6.004342e-27 2.793490e-28 5.175486e-30 -7.258574e-31 -1.143104e-31 -1.062560e-32 -7.805037e-34 -4.871258e-35 -2.655545e-36 -1.278537e-37 -5.445915e-39 -2.038261e-40 -6.570709e-42 -1.733748e-43 -3.159473e-45 7.078698e-49 3.377240e-48 1.943242e-49 7.765239e-51 2.547667e-52 7.225641e-54 1.810320e-55 3.966640e-57 4.116513e-59 7.403521e-62 2.093865e-65 1.207162e-69 1.793181e-74 8.023229e-80 1.144411e-85
-9.239207e-84 -5.073457e-78 -9.675733e-73 -5.752918e-68 -8.965181e-64 -2.873826e-60 -1.454877e-57 -1.278097e-55 -5.308752e-54 -1.910906e-52 -5.948724e-51 -1.521189e-49 -2.703234e-48 -6.237402e-49 2.644003e-45 1.485844e-43 5.769124e-42 1.834449e-40 5.027192e-39 1.211306e-37 2.583874e-36 4.871258e-35 8.027375e-34 1.124789e-32 1.246276e-31 8.150308e-31 -6.035830e-30 -3.355288e-28 -7.455522e-27 -1.239881e-25 -1.717167e-24 -2.054573e-23 -2.155976e-22 -1.994683e-21 -1.625654e-20 -1.159367e-19 -7.129291e-19 -3.665096e-18 -1.459525e-17 -3.327298e-17 9.010033e-17 1.631997e-15 1.177917e-14 6.188259e-14 2.624118e-13 9.304681e-13 2.800790e-12 7.209553e-12 1.593914e-11 3.037635e-11 5.011222e-11 7.192632e-11 9.028248e-11 9.940858e-11 9.569141e-11 7.888267e-11 5.160456e-11 1.790741e-11 -1.790741e-11 -5.160456e-11 -7.888267e-11 -9.569141e-11 -9.940858e-11 -9.028248e-11 -7.192632e-11 -5.011222e-11 -3.037635e-11 -1.593914e-11 -7.209553e-12 -2.800790e-12 -9.304681e-13 -2.624118e-13 -6.188259e-14 -1.177917e-14 -1.631997e-15 -9.010033e-17 3.327298e-17 1.459525e-17 3.665096e-18 7.129291e-19 1.159367e-19 1.625654e-20 1.994683e-21 2.155976e-22 2.054573e-23 1.717167e-24 1.239881e-25 7.455522e-27 3.355288e-28 6.035830e-30 -8.150308e-31 -1.246276e-31 -1.124789e-32 -8.027375e-34 -4.871258e-35 -2.583874e-36 -1.211306e-37 -5.027192e-39 -1.834449e-40 -5.769124e-42 -1.485844e-43 -2.644003e-45 6.237402e-49 2.703234e-48 1.521189e-49 5.948724e-51 1.910906e-52 5.308752e-54 1.278097e-55 1.454877e-57 2.873826e-60 8.965181e-64 5.752918e-68 9.675733e-73 5.073457e-78 9.239207e-84
-5.701510e-82 -2.669768e-76 -4.496020e-71 -2.401725e-66 -3.393596e-62 -9.905458e-59 -4.568216e-56 -3.645500e-54 -1.365047e-52 -4.338379e-51 -1.133155e-49 -2.058165e-48 -5.289319e-49 2.102009e-45 1.209160e-43 4.807275e-42 1.566010e-40 4.399075e-39 1.087177e-37 2.380163e-36 4.608475e-35 7.805037e-34 1.124789e-32 1.282676e-31 8.636041e-31 -6.618361e-30 -3.790539e-28 -8.699634e-27 -1.496138e-25 -2.145198e-24 -2.660395e-23 -2.897083e-22 -2.784965e-21 -2.361246e-20 -1.753928e-19 -1.124413e-18 -6.027622e-18 -2.496560e-17 -5.782818e-17 1.919097e-16 3.415228e-15 2.578271e-14 1.429042e-13 6.419046e-13 2.417245e-12 7.739851e-12 2.120470e-11 4.985473e-11 1.007850e-10 1.755877e-10 2.645333e-10 3.462073e-10 3.955294e-10 3.958368e-10 3.466298e-10 2.617054e-10 1.595295e-10 5.317625e-11 -5.317625e-11 -1.595295e-10 -2.617054e-10 -3.466298e-10 -3.958368e-10 -3.955294e-10 -3.462073e-10 -2.645333e-10 -1.755877e-10 -1.007850e-10 -4.985473e-11 -2.120470e-11 -7.739851e-12 -2.417245e-12 -6.419046e-13 -1.429042e-13 -2.578271e-14 -3.415228e-15 -1.919097e-16 5.782818e-17 2.496560e-17 6.027622e-18 1.124413e-18 1.753928e-19 2.361246e-20 2.784965e-21 2.897083e-22 2.660395e-23 2.145198e-24 1.496138e-25 8.699634e-27 3.790539e-28 6.618361e-30 -8.636041e-31 -1.282676e-31 -1.124789e-32 -7.805037e-34 -4.608475e-35 -2.380163e-36 -1.087177e-37 -4.399075e-39 -1.566010e-40 -4.807275e-42 -1.209160e-43 -2.102009e-45 5.289319e-49 2.058165e-48 1.133155e-49 4.338379e-51 1.365047e-52 3.645500e-54 4.568216e-56 9.905458e-59 3.393596e-62 2.401725e-66 4.496020e-71 2.669768e-76 5.701510e-82
