0.000000e+00 0.000000e+00 0.000000e+00 0.000000e+00 0.000000e+00 0.000000e+00 0.000000e+00 0.000000e+00 0.000000e+00 0.000000e+00 0.000000e+00 0.000000e+00 0.000000e+00 0.000000e+00 0.000000e+00 0.000000e+00 0.000000e+00 0.000000e+00 0.000000e+00 0.000000e+00 0.000000e+00 0.000000e+00 0.000000e+00 0.000000e+00 0.000000e+00 0.000000e+00 0.000000e+00 0.000000e+00 0.000000e+00 0.000000e+00 0.000000e+00 0.000000e+00 0.000000e+00 0.000000e+00 0.000000e+00 0.000000e+00 0.000000e+00 0.000000e+00 0.000000e+00 0.000000e+00 0.000000e+00 0.000000e+00 0.000000e+00 0.000000e+00 0.000000e+00 0.000000e+00 0.000000e+00 0.000000e+00 0.000000e+00 0.000000e+00 0.000000e+00 0.000000e+00 0.000000e+00 0.000000e+00 0.000000e+00 0.000000e+00 0.000000e+00 0.000000e+00 0.000000e+00 0.000000e+00 0.000000e+00 0.000000e+00 0.000000e+00 0.000000e+00 0.000000e+00 0.000000e+00 0.000000e+00 0.000000e+00 0.000000e+00 0.000000e+00 0.000000e+00 0.000000e+00 0.000000e+00 0.000000e+00 0.000000e+00 0.000000e+00 0.000000e+00 0.000000e+00 0.000000e+00 0.000000e+00 0.000000e+00 0.000000e+00 0.000000e+00 0.000000e+00 0.000000e+00 0.000000e+00 0.000000e+00 0.000000e+00 0.000000e+00 0.000000e+00 0.000000e+00 0.000000e+00 0.000000e+00 0.000000e+00 0.000000e+00 0.000000e+00 0.000000e+00 0.000000e+00 0.000000e+00 0.000000e+00 0.000000e+00 0.000000e+00 0.000000e+00 0.000000e+00 0.000000e+00 0.000000e+00 0.000000e+00 0.000000e+00 0.000000e+00 0.000000e+00 0.000000e+00 0.000000e+00 0.000000e+00 0.000000e+00 0.000000e+00 0.000000e+00
3.626881e-122 2.779301e-116 7.359216e-111 5.843754e-106 1.133142e-101 3.960471e-98 1.552256e-95 -3.804416e-94 -2.133416e-91 -2.504554e-89 -2.099140e-87 -1.445627e-85 -8.585512e-84 -4.497768e-82 -2.104116e-80 -8.851536e-79 -3.361025e-77 -1.153445e-75 -3.574011e-74 -9.960775e-73 -2.476944e-71 -5.409345e-70 -1.003186e-68 -1.446598e-67 -1.079454e-66 2.153809e-65 1.235677e-63 3.608558e-62 8.151055e-61 1.555202e-59 2.588540e-58 3.810719e-57 4.987532e-56 5.801138e-55 5.962403e-54 5.344819e-53 4.065240e-52 2.454191e-51 9.216350e-51 -2.094469e-50 -8.105128e-49 -9.481139e-48 -7.996022e-47 -5.488391e-46 -3.189893e-45 -1.595152e-44 -6.906055e-44 -2.591796e-43 -8.416906e-43 -2.356320e-42 -5.656315e-42 -1.156679e-41 -1.999699e-41 -2.896340e-41 -3.470201e-41 -3.354199e-41 -2.427042e-41 -8.835596e-42 8.835596e-42 2.427042e-41 3.354199e-41 3.470201e-41 2.896340e-41 1.999699e-41 1.156679e-41 5.656315e-42 2.356320e-42 8.416906e-43 2.591796e-43 6.906055e-44 1.595152e-44 3.189893e-45 5.488391e-46 7.996022e-47 9.481139e-48 8.105128e-49 2.094469e-50 -9.216350e-51 -2.454191e-51 -4.065240e-52 -5.344819e-53 -5.962403e-54 -5.801138e-55 -4.987532e-56 -3.810719e-57 -2.588540e-58 -1.555202e-59 -8.151055e-61 -3.608558e-62 -1.235677e-63 -2.153809e-65 1.079454e-66 1.446598e-67 1.003186e-68 5.409345e-70 2.476944e-71 9.960775e-73 3.574011e-74 1.153445e-75 3.361025e-77 8.851536e-79 2.104116e-80 4.497768e-82 8.585512e-84 1.445627e-85 2.099140e-87 2.504554e-89 2.133416e-91 3.804416e-94 -1.552256e-95 -3.960471e-98 -1.133142e-101 -5.843754e-106 -7.359216e-111 -2.779301e-116 -3.626881e-122
1.820721e-116 1.179795e-110 2.645482e-105 1.753399e-100 2.694463e-96 6.079113e-93 -8.091151e-91 -8.629689e-88 -1.047576e-85 -8.919365e-84 -6.251598e-82 -3.782495e-80 -2.020199e-78 -9.640562e-77 -4.139112e-75 -1.604778e-73 -5.625635e-72 -1.781179e-70 -5.073574e-69 -1.289418e-67 -2.876290e-66 -5.437620e-65 -7.934183e-64 -5.653575e-63 1.426706e-61 7.883572e-60 2.338131e-58 5.409738e-57 1.060913e-55 1.818770e-54 2.761974e-53 3.733501e-52 4.489245e-51 4.772573e-50 4.424166e-49 3.471904e-48 2.142818e-47 7.787189e-47 -3.035044e-46 -9.303259e-45 -1.108428e-43 -9.745876e-43 -7.038444e-42 -4.330024e-41 -2.303468e-40 -1.065986e-39 -4.296870e-39 -1.506192e-38 -4.574525e-38 -1.197477e-37 -2.684007e-37 -5.111474e-37 -8.199505e-37 -1.097271e-36 -1.210592e-36 -1.078606e-36 -7.277982e-37 -2.540756e-37 2.540756e-37 7.277982e-37 1.078606e-36 1.210592e-36 1.097271e-36 8.199505e-37 5.111474e-37 2.684007e-37 1.197477e-37 4.574525e-38 1.506192e-38 4.296870e-39 1.065986e-39 2.303468e-40 4.330024e-41 7.038444e-42 9.745876e-43 1.108428e-43 9.303259e-45 3.035044e-46 -7.787189e-47 -2.142818e-47 -3.471904e-48 -4.424166e-49 -4.772573e-50 -4.489245e-51 -3.733501e-52 -2.761974e-53 -1.818770e-54 -1.060913e-55 -5.409738e-57 -2.338131e-58 -7.883572e-60 -1.426706e-61 5.653575e-63 7.934183e-64 5.437620e-65 2.876290e-66 1.289418e-67 5.073574e-69 1.781179e-70 5.625635e-72 1.604778e-73 4.139112e-75 9.640562e-77 2.020199e-78 3.782495e-80 6.251598e-82 8.919365e-84 1.047576e-85 8.629689e-88 8.091151e-91 -6.079113e-93 -2.694463e-96 -1.753399e-100 -2.645482e-105 -1.179795e-110 -1.820721e-116
2.955301e-111 1.621683e-105 3.035222e-100 1.594502e-95 1.583017e-91 -1.196855e-88 -6.811469e-85 -1.605836e-82 -1.419322e-80 -1.011915e-78 -6.234013e-77 -3.392501e-75 -1.650466e-73 -7.227682e-72 -2.859434e-70 -1.023226e-68 -3.308029e-67 -9.622912e-66 -2.497305e-64 -5.684550e-63 -1.094137e-61 -1.611920e-60 -1.079760e-59 3.481050e-58 1.862191e-56 5.604659e-55 1.326761e-53 2.671075e-52 4.710126e-51 7.367845e-50 1.027027e-48 1.274483e-47 1.398849e-46 1.338085e-45 1.080531e-44 6.788169e-44 2.338812e-43 -1.451599e-42 -3.840323e-41 -4.661928e-40 -4.262298e-39 -3.227492e-38 -2.093059e-37 -1.178980e-36 -5.801039e-36 -2.496320e-35 -9.379448e-35 -3.065550e-34 -8.667233e-34 -2.104348e-33 -4.347328e-33 -7.554980e-33 -1.088867e-32 -1.278391e-32 -1.194926e-32 -8.628155e-33 -4.573119e-33 -1.320777e-33 1.320777e-33 4.573119e-33 8.628155e-33 1.194926e-32 1.278391e-32 1.088867e-32 7.554980e-33 4.347328e-33 2.104348e-33 8.667233e-34 3.065550e-34 9.379448e-35 2.496320e-35 5.801039e-36 1.178980e-36 2.093059e-37 3.227492e-38 4.262298e-39 4.661928e-40 3.840323e-41 1.451599e-42 -2.338812e-43 -6.788169e-44 -1.080531e-44 -1.338085e-45 -1.398849e-46 -1.274483e-47 -1.027027e-48 -7.367845e-50 -4.710126e-51 -2.671075e-52 -1.326761e-53 -5.604659e-55 -1.862191e-56 -3.481050e-58 1.079760e-59 1.611920e-60 1.094137e-61 5.684550e-63 2.497305e-64 9.622912e-66 3.308029e-67 1.023226e-68 2.859434e-70 7.227682e-72 1.650466e-73 3.392501e-75 6.234013e-77 1.011915e-78 1.419322e-80 1.605836e-82 6.811469e-85 1.196855e-88 -1.583017e-91 -1.594502e-95 -3.035222e-100 -1.621683e-105 -2.955301e-111
1.317013e-106 6.032035e-101 8.948263e-96 3.037755e-91 -1.000009e-87 -3.297352e-83 -4.099070e-80 -7.022822e-78 -5.201472e-76 -3.261021e-74 -1.807181e-72 -8.958121e-71 -3.998865e-69 -1.613312e-67 -5.889208e-66 -1.942724e-64 -5.766999e-63 -1.526995e-61 -3.543469e-60 -6.935198e-59 -1.029182e-57 -6.345899e-57 2.657781e-55 1.382356e-53 4.218953e-52 1.020750e-50 2.107115e-49 3.817088e-48 6.142068e-47 8.815803e-46 1.127231e-44 1.275061e-43 1.255964e-42 1.040858e-41 6.624680e-41 2.102726e-40 -2.027375e-39 -4.852045e-38 -6.001429e-37 -5.691862e-36 -4.504743e-35 -3.068281e-34 -1.822411e-33 -9.489347e-33 -4.336279e-32 -1.735865e-31 -6.063033e-31 -1.836416e-30 -4.782302e-30 -1.058144e-29 -1.955720e-29 -2.939941e-29 -3.423159e-29 -2.741881e-29 -8.333301e-30 1.301549e-29 2.142411e-29 1.027220e-29 -1.027220e-29 -2.142411e-29 -1.301549e-29 8.333301e-30 2.741881e-29 3.423159e-29 2.939941e-29 1.955720e-29 1.058144e-29 4.782302e-30 1.836416e-30 6.063033e-31 1.735865e-31 4.336279e-32 9.489347e-33 1.822411e-33 3.068281e-34 4.504743e-35 5.691862e-36 6.001429e-37 4.852045e-38 2.027375e-39 -2.102726e-40 -6.624680e-41 -1.040858e-41 -1.255964e-42 -1.275061e-43 -1.127231e-44 -8.815803e-46 -6.142068e-47 -3.817088e-48 -2.107115e-49 -1.020750e-50 -4.218953e-52 -1.382356e-53 -2.657781e-55 6.345899e-57 1.029182e-57 6.935198e-59 3.543469e-60 1.526995e-61 5.766999e-63 1.942724e-64 5.889208e-66 1.613312e-67 3.998865e-69 8.958121e-71 1.807181e-72 3.261021e-74 5.201472e-76 7.022822e-78 4.099070e-80 3.297352e-83 1.000009e-87 -3.037755e-91 -8.948263e-96 -6.032035e-101 -1.317013e-106
1.273848e-102 4.623498e-97 4.430487e-92 -4.994258e-88 -7.223984e-83 -5.164562e-79 -4.656203e-76 -6.671914e-74 -4.345620e-72 -2.451133e-70 -1.237290e-68 -5.626904e-67 -2.313612e-65 -8.609949e-64 -2.896129e-62 -8.766819e-61 -2.366479e-59 -5.593101e-58 -1.111720e-56 -1.657725e-55 -9.136400e-55 5.101351e-53 2.589390e-51 8.008642e-50 1.978392e-48 4.182888e-47 7.774984e-46 1.285288e-44 1.896935e-43 2.495425e-42 2.904076e-41 2.939839e-40 2.493745e-39 1.599828e-38 4.481149e-38 -6.773726e-37 -1.509983e-35 -1.902712e-34 -1.867878e-33 -1.540721e-32 -1.098574e-31 -6.854793e-31 -3.761528e-30 -1.816746e-29 -7.707412e-29 -2.859476e-28 -9.212945e-28 -2.551314e-27 -5.978503e-27 -1.155139e-26 -1.748987e-26 -1.807005e-26 -4.584902e-27 2.799891e-26 7.132455e-26 1.012844e-25 9.175498e-26 3.721826e-26 -3.721826e-26 -9.175498e-26 -1.012844e-25 -7.132455e-26 -2.799891e-26 4.584902e-27 1.807005e-26 1.748987e-26 1.155139e-26 5.978503e-27 2.551314e-27 9.212945e-28 2.859476e-28 7.707412e-29 1.816746e-29 3.761528e-30 6.854793e-31 1.098574e-31 1.540721e-32 1.867878e-33 1.902712e-34 1.509983e-35 6.773726e-37 -4.481149e-38 -1.599828e-38 -2.493745e-39 -2.939839e-40 -2.904076e-41 -2.495425e-42 -1.896935e-43 -1.285288e-44 -7.774984e-46 -4.182888e-47 -1.978392e-48 -8.008642e-50 -2.589390e-51 -5.101351e-53 9.136400e-55 1.657725e-55 1.111720e-56 5.593101e-58 2.366479e-59 8.766819e-61 2.896129e-62 8.609949e-64 2.313612e-65 5.626904e-67 1.237290e-68 2.451133e-70 4.345620e-72 6.671914e-74 4.656203e-76 5.164562e-79 7.223984e-83 4.994258e-88 -4.430487e-92 -4.623498e-97 -1.273848e-102
1.927140e-99 4.514803e-94 -1.452666e-89 -7.121163e-84 -2.235691e-79 -1.158792e-75 -8.726618e-73 -1.097697e-70 -6.431430e-69 -3.304431e-67 -1.530226e-65 -6.408968e-64 -2.430132e-62 -8.330201e-61 -2.569754e-59 -7.066833e-58 -1.699753e-56 -3.427498e-55 -5.123905e-54 -2.424501e-53 1.870134e-51 9.301666e-50 2.914459e-48 7.345397e-47 1.589181e-45 3.027844e-44 5.136553e-43 7.785855e-42 1.052366e-40 1.258155e-39 1.306660e-38 1.131822e-37 7.282302e-37 1.683266e-36 -4.157733e-35 -8.815140e-34 -1.131832e-32 -1.148096e-31 -9.846352e-31 -7.328907e-30 -4.788848e-29 -2.759444e-28 -1.402967e-27 -6.279088e-27 -2.461588e-26 -8.385226e-26 -2.451004e-25 -6.021452e-25 -1.195516e-24 -1.742287e-24 -1.199487e-24 2.432927e-24 1.126855e-23 2.528247e-23 4.000455e-23 4.703347e-23 3.885852e-23 1.515142e-23 -1.515142e-23 -3.885852e-23 -4.703347e-23 -4.000455e-23 -2.528247e-23 -1.126855e-23 -2.432927e-24 1.199487e-24 1.742287e-24 1.195516e-24 6.021452e-25 2.451004e-25 8.385226e-26 2.461588e-26 6.279088e-27 1.402967e-27 2.759444e-28 4.788848e-29 7.328907e-30 9.846352e-31 1.148096e-31 1.131832e-32 8.815140e-34 4.157733e-35 -1.683266e-36 -7.282302e-37 -1.131822e-37 -1.306660e-38 -1.258155e-39 -1.052366e-40 -7.785855e-42 -5.136553e-43 -3.027844e-44 -1.589181e-45 -7.345397e-47 -2.914459e-48 -9.301666e-50 -1.870134e-51 2.424501e-53 5.123905e-54 3.427498e-55 1.699753e-56 7.066833e-58 2.569754e-59 8.330201e-61 2.430132e-62 6.408968e-64 1.530226e-65 3.304431e-67 6.431430e-69 1.097697e-70 8.726618e-73 1.158792e-75 2.235691e-79 7.121163e-84 1.452666e-89 -4.514803e-94 -1.927140e-99
3.117222e-97 -2.443513e-92 -3.394607e-86 -3.643502e-81 -8.300716e-77 -3.595073e-73 -2.375152e-70 -2.683953e-68 -1.432580e-66 -6.754658e-65 -2.881415e-63 -1.113109e-61 -3.888085e-60 -1.222250e-58 -3.424268e-57 -8.382885e-56 -1.715530e-54 -2.573551e-53 -1.016892e-52 1.093290e-50 5.376187e-49 1.709241e-47 4.396951e-46 9.734532e-45 1.900818e-43 3.308250e-42 5.148399e-41 7.147404e-40 8.775599e-39 9.347875e-38 8.267762e-37 5.333787e-36 9.463982e-36 -3.936959e-34 -8.127127e-33 -1.066534e-31 -1.118107e-30 -9.962127e-30 -7.730074e-29 -5.280048e-28 -3.188109e-27 -1.702129e-26 -8.014189e-26 -3.309226e-25 -1.187391e-24 -3.646702e-24 -9.331484e-24 -1.878274e-23 -2.488651e-23 1.028086e-24 1.244943e-22 4.418589e-22 1.022727e-21 1.804549e-21 2.516336e-21 2.745046e-21 2.171206e-21 8.295696e-22 -8.295696e-22 -2.171206e-21 -2.745046e-21 -2.516336e-21 -1.804549e-21 -1.022727e-21 -4.418589e-22 -1.244943e-22 -1.028086e-24 2.488651e-23 1.878274e-23 9.331484e-24 3.646702e-24 1.187391e-24 3.309226e-25 8.014189e-26 1.702129e-26 3.188109e-27 5.280048e-28 7.730074e-29 9.962127e-30 1.118107e-30 1.066534e-31 8.127127e-33 3.936959e-34 -9.463982e-36 -5.333787e-36 -8.267762e-37 -9.347875e-38 -8.775599e-39 -7.147404e-40 -5.148399e-41 -3.308250e-42 -1.900818e-43 -9.734532e-45 -4.396951e-46 -1.709241e-47 -5.376187e-49 -1.093290e-50 1.016892e-52 2.573551e-53 1.715530e-54 8.382885e-56 3.424268e-57 1.222250e-58 3.888085e-60 1.113109e-61 2.881415e-63 6.754658e-65 1.432580e-66 2.683953e-68 2.375152e-70 3.595073e-73 8.300716e-77 3.643502e-81 3.394607e-86 2.443513e-92 -3.117222e-97
-4.454856e-96 -1.635798e-89 -4.988401e-84 -3.895906e-79 -7.431689e-75 -2.828291e-71 -1.679727e-68 -1.728980e-66 -8.479452e-65 -3.688594e-63 -1.453578e-61 -5.181191e-60 -1.662542e-58 -4.755292e-57 -1.188399e-55 -2.480546e-54 -3.778742e-53 -1.384372e-52 1.755041e-50 8.732359e-49 2.837161e-47 7.478464e-46 1.698936e-44 3.407689e-43 6.097637e-42 9.763864e-41 1.395652e-39 1.765178e-38 1.936860e-37 1.762001e-36 1.159817e-35 1.777423e-35 -9.954034e-34 -2.083445e-32 -2.825813e-31 -3.078330e-30 -2.858894e-29 -2.317983e-28 -1.658099e-27 -1.050683e-26 -5.898985e-26 -2.926145e-25 -1.274832e-24 -4.829159e-24 -1.563517e-23 -4.189055e-23 -8.612413e-23 -1.020641e-22 1.184044e-22 1.129735e-21 3.955655e-21 9.832120e-21 1.928523e-20 3.080990e-20 4.023944e-20 4.202244e-20 3.234931e-20 1.219983e-20 -1.219983e-20 -3.234931e-20 -4.202244e-20 -4.023944e-20 -3.080990e-20 -1.928523e-20 -9.832120e-21 -3.955655e-21 -1.129735e-21 -1.184044e-22 1.020641e-22 8.612413e-23 4.189055e-23 1.563517e-23 4.829159e-24 1.274832e-24 2.926145e-25 5.898985e-26 1.050683e-26 1.658099e-27 2.317983e-28 2.858894e-29 3.078330e-30 2.825813e-31 2.083445e-32 9.954034e-34 -1.777423e-35 -1.159817e-35 -1.762001e-36 -1.936860e-37 -1.765178e-38 -1.395652e-39 -9.763864e-41 -6.097637e-42 -3.407689e-43 -1.698936e-44 -7.478464e-46 -2.837161e-47 -8.732359e-49 -1.755041e-50 1.384372e-52 3.778742e-53 2.480546e-54 1.188399e-55 4.755292e-57 1.662542e-58 5.181191e-60 1.453578e-61 3.688594e-63 8.479452e-65 1.728980e-66 1.679727e-68 2.828291e-71 7.431689e-75 3.895906e-79 4.988401e-84 1.635798e-89 4.454856e-96
-2.587540e-93 -1.950647e-87 -4.323338e-82 -2.828785e-77 -4.745746e-73 -1.624937e-69 -8.791217e-67 -8.308960e-65 -3.762193e-63 -1.513435e-61 -5.509108e-60 -1.806105e-58 -5.280362e-57 -1.349476e-55 -2.881767e-54 -4.492542e-53 -1.677130e-52 2.195092e-50 1.119402e-48 3.731648e-47 1.010009e-45 2.357803e-44 4.863345e-43 8.956107e-42 1.477103e-40 2.176480e-39 2.839951e-38 3.217325e-37 3.023335e-36 2.053704e-35 3.115133e-35 -1.928190e-33 -4.172736e-32 -5.881356e-31 -6.673502e-30 -6.468063e-29 -5.483120e-28 -4.108474e-27 -2.732249e-26 -1.612994e-25 -8.428630e-25 -3.874495e-24 -1.550103e-23 -5.297407e-23 -1.490677e-22 -3.151363e-22 -3.304356e-22 9.175628e-22 6.817395e-21 2.481025e-20 6.671207e-20 1.443528e-19 2.588762e-19 3.882849e-19 4.845717e-19 4.901360e-19 3.696763e-19 1.380285e-19 -1.380285e-19 -3.696763e-19 -4.901360e-19 -4.845717e-19 -3.882849e-19 -2.588762e-19 -1.443528e-19 -6.671207e-20 -2.481025e-20 -6.817395e-21 -9.175628e-22 3.304356e-22 3.151363e-22 1.490677e-22 5.297407e-23 1.550103e-23 3.874495e-24 8.428630e-25 1.612994e-25 2.732249e-26 4.108474e-27 5.483120e-28 6.468063e-29 6.673502e-30 5.881356e-31 4.172736e-32 1.928190e-33 -3.115133e-35 -2.053704e-35 -3.023335e-36 -3.217325e-37 -2.839951e-38 -2.176480e-39 -1.477103e-40 -8.956107e-42 -4.863345e-43 -2.357803e-44 -1.010009e-45 -3.731648e-47 -1.119402e-48 -2.195092e-50 1.677130e-52 4.492542e-53 2.881767e-54 1.349476e-55 5.280362e-57 1.806105e-58 5.509108e-60 1.513435e-61 3.762193e-63 8.308960e-65 8.791217e-67 1.624937e-69 4.745746e-73 2.828785e-77 4.323338e-82 1.950647e-87 2.587540e-93
-3.054905e-91 -1.665364e-85 -3.088394e-80 -1.776462e-75 -2.681023e-71 -8.361396e-68 -4.150118e-65 -3.615418e-63 -1.513418e-61 -5.623857e-60 -1.882933e-58 -5.624544e-57 -1.469327e-55 -3.208787e-54 -5.117712e-53 -1.951292e-52 2.624805e-50 1.371550e-48 4.688789e-47 1.302316e-45 3.121962e-44 6.617457e-43 1.253227e-41 2.127189e-40 3.228300e-39 4.342044e-38 5.074127e-37 4.921013e-36 3.447435e-35 5.195871e-35 -3.522509e-33 -7.877528e-32 -1.152398e-30 -1.359994e-29 -1.373326e-28 -1.215005e-27 -9.517541e-27 -6.628467e-26 -4.105159e-25 -2.254161e-24 -1.090439e-23 -4.594923e-23 -1.652849e-22 -4.871251e-22 -1.054858e-21 -9.210638e-22 5.173849e-21 3.516777e-20 1.342732e-19 3.889884e-19 9.194158e-19 1.822314e-18 3.062829e-18 4.372688e-18 5.257404e-18 5.176478e-18 3.836387e-18 1.420071e-18 -1.420071e-18 -3.836387e-18 -5.176478e-18 -5.257404e-18 -4.372688e-18 -3.062829e-18 -1.822314e-18 -9.194158e-19 -3.889884e-19 -1.342732e-19 -3.516777e-20 -5.173849e-21 9.210638e-22 1.054858e-21 4.871251e-22 1.652849e-22 4.594923e-23 1.090439e-23 2.254161e-24 4.105159e-25 6.628467e-26 9.517541e-27 1.215005e-27 1.373326e-28 1.359994e-29 1.152398e-30 7.877528e-32 3.522509e-33 -5.195871e-35 -3.447435e-35 -4.921013e-36 -5.074127e-37 -4.342044e-38 -3.228300e-39 -2.127189e-40 -1.253227e-41 -6.617457e-43 -3.121962e-44 -1.302316e-45 -4.688789e-47 -1.371550e-48 -2.624805e-50 1.951292e-52 5.117712e-53 3.208787e-54 1.469327e-55 5.624544e-57 1.882933e-58 5.623857e-60 1.513418e-61 3.615418e-63 4.150118e-65 8.361396e-68 2.681023e-71 1.776462e-75 3.088394e-80 1.665364e-85 3.054905e-91
-2.567312e-89 -1.169514e-83 -1.905788e-78 -9.860009e-74 -1.355404e-69 -3.877909e-66 -1.772603e-63 -1.425165e-61 -5.509039e-60 -1.882933e-58 -5.744151e-57 -1.533158e-55 -3.422418e-54 -5.581736e-53 -2.173951e-52 3.000969e-50 1.605972e-48 5.626839e-47 1.602787e-45 3.942975e-44 8.582539e-43 1.670264e-41 2.915445e-40 4.553426e-39 6.307361e-38 7.596430e-37 7.596519e-36 5.484201e-35 8.228710e-35 -6.073519e-33 -1.402553e-31 -2.126909e-30 -2.606892e-29 -2.738392e-28 -2.524140e-27 -2.063276e-26 -1.501886e-25 -9.737310e-25 -5.605881e-24 -2.846966e-23 -1.260415e-22 -4.760321e-22 -1.465821e-21 -3.241039e-21 -2.133407e-21 2.401695e-20 1.585957e-19 6.374619e-19 1.981350e-18 5.076062e-18 1.099660e-17 2.038493e-17 3.249090e-17 4.447125e-17 5.174839e-17 4.974113e-17 3.628506e-17 1.332606e-17 -1.332606e-17 -3.628506e-17 -4.974113e-17 -5.174839e-17 -4.447125e-17 -3.249090e-17 -2.038493e-17 -1.099660e-17 -5.076062e-18 -1.981350e-18 -6.374619e-19 -1.585957e-19 -2.401695e-20 2.133407e-21 3.241039e-21 1.465821e-21 4.760321e-22 1.260415e-22 2.846966e-23 5.605881e-24 9.737310e-25 1.501886e-25 2.063276e-26 2.524140e-27 2.738392e-28 2.606892e-29 2.126909e-30 1.402553e-31 6.073519e-33 -8.228710e-35 -5.484201e-35 -7.596519e-36 -7.596430e-37 -6.307361e-38 -4.553426e-39 -2.915445e-40 -1.670264e-41 -8.582539e-43 -3.942975e-44 -1.602787e-45 -5.626839e-47 -1.605972e-48 -3.000969e-50 2.173951e-52 5.581736e-53 3.422418e-54 1.533158e-55 5.744151e-57 1.882933e-58 5.509039e-60 1.425165e-61 1.772603e-63 3.877909e-66 1.355404e-69 9.860009e-74 1.905788e-78 1.169514e-83 2.567312e-89
-1.771412e-87 -7.087589e-82 -1.038695e-76 -4.894923e-72 -6.173536e-68 -1.626721e-64 -6.856881e-62 -5.081561e-60 -1.806079e-58 -5.624544e-57 -1.533158e-55 -3.496720e-54 -5.829176e-53 -2.319470e-52 3.280993e-50 1.797361e-48 6.450529e-47 1.883217e-45 4.751260e-44 1.061297e-42 2.120947e-41 3.804267e-40 6.109866e-39 8.709175e-38 1.080110e-36 1.112806e-35 8.273033e-35 1.238467e-34 -9.892722e-33 -2.357360e-31 -3.701450e-30 -4.705566e-29 -5.134431e-28 -4.923160e-27 -4.192313e-26 -3.183758e-25 -2.156693e-24 -1.299127e-23 -6.911521e-23 -3.207678e-22 -1.269162e-21 -4.074712e-21 -9.175272e-21 -3.704078e-21 9.617179e-20 6.347134e-19 2.687866e-18 8.928234e-18 2.463715e-17 5.784662e-17 1.169488e-16 2.048491e-16 3.115724e-16 4.104917e-16 4.634915e-16 4.356454e-16 3.131078e-16 1.141435e-16 -1.141435e-16 -3.131078e-16 -4.356454e-16 -4.634915e-16 -4.104917e-16 -3.115724e-16 -2.048491e-16 -1.169488e-16 -5.784662e-17 -2.463715e-17 -8.928234e-18 -2.687866e-18 -6.347134e-19 -9.617179e-20 3.704078e-21 9.175272e-21 4.074712e-21 1.269162e-21 3.207678e-22 6.911521e-23 1.299127e-23 2.156693e-24 3.183758e-25 4.192313e-26 4.923160e-27 5.134431e-28 4.705566e-29 3.701450e-30 2.357360e-31 9.892722e-33 -1.238467e-34 -8.273033e-35 -1.112806e-35 -1.080110e-36 -8.709175e-38 -6.109866e-39 -3.804267e-40 -2.120947e-41 -1.061297e-42 -4.751260e-44 -1.883217e-45 -6.450529e-47 -1.797361e-48 -3.280993e-50 2.319470e-52 5.829176e-53 3.496720e-54 1.533158e-55 5.624544e-57 1.806079e-58 5.081561e-60 6.856881e-62 1.626721e-64 6.173536e-68 4.894923e-72 1.038695e-76 7.087589e-82 1.771412e-87
-1.053712e-85 -3.791077e-80 -5.060751e-75 -2.188376e-70 -2.542404e-66 -6.178465e-63 -2.398635e-60 -1.631174e-58 -5.280272e-57 -1.469327e-55 -3.422418e-54 -5.829176e-53 -2.370094e-52 3.430579e-50 1.922888e-48 7.065046e-47 2.112832e-45 5.463494e-44 1.251580e-42 2.566754e-41 4.727608e-40 7.802074e-39 1.143558e-37 1.459266e-36 1.547704e-35 1.184107e-34 1.772869e-34 -1.523444e-32 -3.743480e-31 -6.079544e-30 -8.006536e-29 -9.062570e-28 -9.026289e-27 -7.994864e-26 -6.323876e-25 -4.467966e-24 -2.810721e-23 -1.563403e-22 -7.590985e-22 -3.140265e-21 -1.049310e-20 -2.401302e-20 -2.642384e-21 3.402259e-19 2.278252e-18 1.016035e-17 3.593790e-17 1.062583e-16 2.685980e-16 5.872273e-16 1.117873e-15 1.860152e-15 2.708929e-15 3.442609e-15 3.776744e-15 3.473970e-15 2.461085e-15 8.907411e-16 -8.907411e-16 -2.461085e-15 -3.473970e-15 -3.776744e-15 -3.442609e-15 -2.708929e-15 -1.860152e-15 -1.117873e-15 -5.872273e-16 -2.685980e-16 -1.062583e-16 -3.593790e-17 -1.016035e-17 -2.278252e-18 -3.402259e-19 2.642384e-21 2.401302e-20 1.049310e-20 3.140265e-21 7.590985e-22 1.563403e-22 2.810721e-23 4.467966e-24 6.323876e-25 7.994864e-26 9.026289e-27 9.062570e-28 8.006536e-29 6.079544e-30 3.743480e-31 1.523444e-32 -1.772869e-34 -1.184107e-34 -1.547704e-35 -1.459266e-36 -1.143558e-37 -7.802074e-39 -4.727608e-40 -2.566754e-41 -1.251580e-42 -5.463494e-44 -2.112832e-45 -7.065046e-47 -1.922888e-48 -3.430579e-50 2.370094e-52 5.829176e-53 3.422418e-54 1.469327e-55 5.280272e-57 1.631174e-58 2.398635e-60 6.178465e-63 2.542404e-66 2.188376e-70 5.060751e-75 3.791077e-80 1.053712e-85
-5.528257e-84 -1.811750e-78 -2.219473e-73 -8.842619e-69 -9.477345e-65 -2.121786e-61 -7.552992e-59 -4.667648e-57 -1.349449e-55 -3.208787e-54 -5.581736e-53 -2.319470e-52 3.430579e-50 1.966634e-48 7.393747e-47 2.263719e-45 5.996187e-44 1.407862e-42 2.961030e-41 5.596638e-40 9.484215e-39 1.428358e-37 1.874022e-36 2.044594e-35 1.608787e-34 2.415625e-34 -2.219590e-32 -5.620641e-31 -9.431826e-30 -1.285310e-28 -1.507304e-27 -1.557341e-26 -1.432700e-25 -1.178554e-24 -8.670586e-24 -5.686641e-23 -3.301123e-22 -1.673803e-21 -7.226709e-21 -2.509360e-20 -5.826977e-20 1.290729e-20 1.078800e-18 7.392767e-18 3.468471e-17 1.302118e-16 4.106915e-16 1.111566e-15 2.610536e-15 5.355885e-15 9.643362e-15 1.528362e-14 2.134164e-14 2.618061e-14 2.791430e-14 2.512868e-14 1.754624e-14 6.304516e-15 -6.304516e-15 -1.754624e-14 -2.512868e-14 -2.791430e-14 -2.618061e-14 -2.134164e-14 -1.528362e-14 -9.643362e-15 -5.355885e-15 -2.610536e-15 -1.111566e-15 -4.106915e-16 -1.302118e-16 -3.468471e-17 -7.392767e-18 -1.078800e-18 -1.290729e-20 5.826977e-20 2.509360e-20 7.226709e-21 1.673803e-21 3.301123e-22 5.686641e-23 8.670586e-24 1.178554e-24 1.432700e-25 1.557341e-26 1.507304e-27 1.285310e-28 9.431826e-30 5.620641e-31 2.219590e-32 -2.415625e-34 -1.608787e-34 -2.044594e-35 -1.874022e-36 -1.428358e-37 -9.484215e-39 -5.596638e-40 -2.961030e-41 -1.407862e-42 -5.996187e-44 -2.263719e-45 -7.393747e-47 -1.966634e-48 -3.430579e-50 2.319470e-52 5.581736e-53 3.208787e-54 1.349449e-55 4.667648e-57 7.552992e-59 2.121786e-61 9.477345e-65 8.842619e-69 2.219473e-73 1.811750e-78 5.528257e-84
-2.589851e-82 -7.789898e-77 -8.794142e-72 -3.233236e-67 -3.193777e-63 -6.559106e-60 -2.120376e-57 -1.167188e-55 -2.881691e-54 -5.117712e-53 -2.173951e-52 3.280993e-50 1.922888e-48 7.393747e-47 2.316353e-45 6.281547e-44 1.510770e-42 3.256688e-41 6.312679e-40 1.097759e-38 1.697591e-37 2.288365e-36 2.566451e-35 2.075685e-34 3.134909e-34 -3.061339e-32 -7.984185e-31 -1.383084e-29 -1.948216e-28 -2.364363e-27 -2.530942e-26 -2.415167e-25 -2.063240e-24 -1.578233e-23 -1.077440e-22 -6.516873e-22 -3.444869e-21 -1.549812e-20 -5.584754e-20 -1.314429e-19 7.740331e-20 3.095839e-18 2.182118e-17 1.075619e-16 4.273245e-16 1.432242e-15 4.131729e-15 1.036741e-14 2.277432e-14 4.400407e-14 7.506676e-14 1.133806e-13 1.517851e-13 1.796325e-13 1.859922e-13 1.637228e-13 1.126014e-13 4.015052e-14 -4.015052e-14 -1.126014e-13 -1.637228e-13 -1.859922e-13 -1.796325e-13 -1.517851e-13 -1.133806e-13 -7.506676e-14 -4.400407e-14 -2.277432e-14 -1.036741e-14 -4.131729e-15 -1.432242e-15 -4.273245e-16 -1.075619e-16 -2.182118e-17 -3.095839e-18 -7.740331e-20 1.314429e-19 5.584754e-20 1.549812e-20 3.444869e-21 6.516873e-22 1.077440e-22 1.578233e-23 2.063240e-24 2.415167e-25 2.530942e-26 2.364363e-27 1.948216e-28 1.383084e-29 7.984185e-31 3.061339e-32 -3.134909e-34 -2.075685e-34 -2.566451e-35 -2.288365e-36 -1.697591e-37 -1.097759e-38 -6.312679e-40 -3.256688e-41 -1.510770e-42 -6.281547e-44 -2.316353e-45 -7.393747e-47 -1.922888e-48 -3.280993e-50 2.173951e-52 5.117712e-53 2.881691e-54 1.167188e-55 2.120376e-57 6.559106e-60 3.193777e-63 3.233236e-67 8.794142e-72 7.789898e-77 2.589851e-82
-1.091034e-80 -3.024733e-75 -3.151999e-70 -1.068502e-65 -9.688125e-62 -1.808319e-58 -5.205020e-56 -2.438568e-54 -4.492362e-53 -1.951292e-52 3.000969e-50 1.797361e-48 7.065046e-47 2.263719e-45 6.281547e-44 1.546705e-42 3.415319e-41 6.785181e-40 1.210048e-38 1.920158e-37 2.657632e-36 3.061899e-35 2.544034e-34 3.877073e-34 -3.999057e-32 -1.073598e-30 -1.918173e-29 -2.790112e-28 -3.500374e-27 -3.877625e-26 -3.833441e-25 -3.396498e-24 -2.697579e-23 -1.914167e-22 -1.204513e-21 -6.627861e-21 -3.102543e-20 -1.158887e-19 -2.762680e-19 2.732373e-19 8.096826e-18 5.888030e-17 3.044921e-16 1.276747e-15 4.532192e-15 1.388139e-14 3.704836e-14 8.668165e-14 1.785765e-13 3.251875e-13 5.253174e-13 7.551080e-13 9.672446e-13 1.101778e-12 1.105169e-12 9.492260e-13 6.419502e-13 2.269527e-13 -2.269527e-13 -6.419502e-13 -9.492260e-13 -1.105169e-12 -1.101778e-12 -9.672446e-13 -7.551080e-13 -5.253174e-13 -3.251875e-13 -1.785765e-13 -8.668165e-14 -3.704836e-14 -1.388139e-14 -4.532192e-15 -1.276747e-15 -3.044921e-16 -5.888030e-17 -8.096826e-18 -2.732373e-19 2.762680e-19 1.158887e-19 3.102543e-20 6.627861e-21 1.204513e-21 1.914167e-22 2.697579e-23 3.396498e-24 3.833441e-25 3.877625e-26 3.500374e-27 2.790112e-28 1.918173e-29 1.073598e-30 3.999057e-32 -3.877073e-34 -2.544034e-34 -3.061899e-35 -2.657632e-36 -1.920158e-37 -1.210048e-38 -6.785181e-40 -3.415319e-41 -1.546705e-42 -6.281547e-44 -2.263719e-45 -7.065046e-47 -1.797361e-48 -3.000969e-50 1.951292e-52 4.492362e-53 2.438568e-54 5.205020e-56 1.808319e-58 9.688125e-62 1.068502e-65 3.151999e-70 3.024733e-75 1.091034e-80
-4.148810e-79 -1.062009e-73 -1.020818e-68 -3.178367e-64 -2.621790e-60 -4.364088e-57 -1.069808e-54 -3.722909e-53 -1.676781e-52 2.624805e-50 1.605972e-48 6.450529e-47 2.112832e-45 5.996187e-44 1.510770e-42 3.415319e-41 6.950350e-40 1.270393e-38 2.067347e-37 2.936050e-36 3.472786e-35 2.962757e-34 4.571580e-34 -4.949800e-32 -1.367137e-30 -2.517276e-29 -3.777520e-28 -4.894157e-27 -5.604596e-26 -5.733599e-25 -5.262379e-24 -4.334008e-23 -3.192244e-22 -2.086942e-21 -1.193695e-20 -5.806336e-20 -2.245879e-19 -5.421433e-19 7.687056e-19 1.940211e-17 1.458301e-16 7.900343e-16 3.487850e-15 1.307472e-14 4.237521e-14 1.198402e-13 2.973436e-13 6.497708e-13 1.254906e-12 2.149670e-12 3.278506e-12 4.467099e-12 5.449081e-12 5.942990e-12 5.744555e-12 4.791006e-12 3.174275e-12 1.110417e-12 -1.110417e-12 -3.174275e-12 -4.791006e-12 -5.744555e-12 -5.942990e-12 -5.449081e-12 -4.467099e-12 -3.278506e-12 -2.149670e-12 -1.254906e-12 -6.497708e-13 -2.973436e-13 -1.198402e-13 -4.237521e-14 -1.307472e-14 -3.487850e-15 -7.900343e-16 -1.458301e-16 -1.940211e-17 -7.687056e-19 5.421433e-19 2.245879e-19 5.806336e-20 1.193695e-20 2.086942e-21 3.192244e-22 4.334008e-23 5.262379e-24 5.733599e-25 5.604596e-26 4.894157e-27 3.777520e-28 2.517276e-29 1.367137e-30 4.949800e-32 -4.571580e-34 -2.962757e-34 -3.472786e-35 -2.936050e-36 -2.067347e-37 -1.270393e-38 -6.950350e-40 -3.415319e-41 -1.510770e-42 -5.996187e-44 -2.112832e-45 -6.450529e-47 -1.605972e-48 -2.624805e-50 1.676781e-52 3.722909e-53 1.069808e-54 4.364088e-57 2.621790e-60 3.178367e-64 1.020818e-68 1.062009e-73 4.148810e-79
-1.425990e-77 -3.368289e-72 -2.975440e-67 -8.436444e-63 -6.217221e-59 -8.846508e-56 -1.620828e-53 -1.399827e-52 2.195137e-50 1.371550e-48 5.626839e-47 1.883217e-45 5.463494e-44 1.407862e-42 3.256688e-41 6.785181e-40 1.270393e-38 2.118856e-37 3.085918e-36 3.745097e-35 3.279178e-34 5.141253e-34 -5.806846e-32 -1.649291e-30 -3.127200e-29 -4.837222e-28 -6.466008e-27 -7.646814e-26 -8.086475e-25 -7.679541e-24 -6.550747e-23 -5.002163e-22 -3.393109e-21 -2.014853e-20 -1.017173e-19 -4.070636e-19 -9.951317e-19 1.861183e-18 4.277404e-17 3.326404e-16 1.885154e-15 8.743663e-15 3.452313e-14 1.180531e-13 3.526287e-13 9.244730e-13 2.133862e-12 4.348169e-12 7.845007e-12 1.257593e-11 1.798246e-11 2.302422e-11 2.646889e-11 2.731639e-11 2.513075e-11 2.011481e-11 1.293518e-11 4.454098e-12 -4.454098e-12 -1.293518e-11 -2.011481e-11 -2.513075e-11 -2.731639e-11 -2.646889e-11 -2.302422e-11 -1.798246e-11 -1.257593e-11 -7.845007e-12 -4.348169e-12 -2.133862e-12 -9.244730e-13 -3.526287e-13 -1.180531e-13 -3.452313e-14 -8.743663e-15 -1.885154e-15 -3.326404e-16 -4.277404e-17 -1.861183e-18 9.951317e-19 4.070636e-19 1.017173e-19 2.014853e-20 3.393109e-21 5.002163e-22 6.550747e-23 7.679541e-24 8.086475e-25 7.646814e-26 6.466008e-27 4.837222e-28 3.127200e-29 1.649291e-30 5.806846e-32 -5.141253e-34 -3.279178e-34 -3.745097e-35 -3.085918e-36 -2.118856e-37 -1.270393e-38 -6.785181e-40 -3.256688e-41 -1.407862e-42 -5.463494e-44 -1.883217e-45 -5.626839e-47 -1.371550e-48 -2.195137e-50 1.399827e-52 1.620828e-53 8.846508e-56 6.217221e-59 8.436444e-63 2.975440e-67 3.368289e-72 1.425990e-77
-4.425893e-76 -9.612969e-71 -7.740182e-66 -1.964042e-61 -1.242177e-57 -1.338069e-54 -7.089094e-53 1.712534e-50 1.119401e-48 4.688789e-47 1.602787e-45 4.751260e-44 1.251580e-42 2.961030e-41 6.312679e-40 1.210048e-38 2.067347e-37 3.085918e-36 3.840491e-35 3.449735e-34 5.516010e-34 -6.458306e-32 -1.885456e-30 -3.678773e-29 -5.860755e-28 -8.075688e-27 -9.853548e-26 -1.076052e-24 -1.056265e-23 -9.321709e-23 -7.370928e-22 -5.181705e-21 -3.190557e-20 -1.669877e-19 -6.908914e-19 -1.711328e-18 4.004229e-18 8.704651e-17 7.007825e-16 4.148902e-15 2.017684e-14 8.371551e-14 3.012637e-13 9.478117e-13 2.617480e-12 6.359277e-12 1.361462e-11 2.572955e-11 4.301998e-11 6.382275e-11 8.429187e-11 9.942676e-11 1.049988e-10 9.932090e-11 8.379423e-11 6.190920e-11 3.735251e-11 1.240743e-11 -1.240743e-11 -3.735251e-11 -6.190920e-11 -8.379423e-11 -9.932090e-11 -1.049988e-10 -9.942676e-11 -8.429187e-11 -6.382275e-11 -4.301998e-11 -2.572955e-11 -1.361462e-11 -6.359277e-12 -2.617480e-12 -9.478117e-13 -3.012637e-13 -8.371551e-14 -2.017684e-14 -4.148902e-15 -7.007825e-16 -8.704651e-17 -4.004229e-18 1.711328e-18 6.908914e-19 1.669877e-19 3.190557e-20 5.181705e-21 7.370928e-22 9.321709e-23 1.056265e-23 1.076052e-24 9.853548e-26 8.075688e-27 5.860755e-28 3.678773e-29 1.885456e-30 6.458306e-32 -5.516010e-34 -3.449735e-34 -3.840491e-35 -3.085918e-36 -2.067347e-37 -1.210048e-38 -6.312679e-40 -2.961030e-41 -1.251580e-42 -4.751260e-44 -1.602787e-45 -4.688789e-47 -1.119401e-48 -1.712534e-50 7.089094e-53 1.338069e-54 1.242177e-57 1.964042e-61 7.740182e-66 9.612969e-71 4.425893e-76
-1.235822e-74 -2.448726e-69 -1.767359e-64 -3.863004e-60 -1.873024e-56 -6.970208e-54 6.577151e-51 8.550380e-49 3.731616e-47 1.302316e-45 3.942975e-44 1.061297e-42 2.566754e-41 5.596638e-40 1.097759e-38 1.920158e-37 2.936050e-36 3.745097e-35 3.449735e-34 5.646805e-34 -6.810686e-32 -2.042934e-30 -4.098991e-29 -6.720562e-28 -9.538007e-27 -1.199655e-25 -1.351615e-24 -1.370026e-23 -1.249599e-22 -1.022094e-21 -7.438313e-21 -4.743971e-20 -2.571532e-19 -1.099250e-18 -2.761178e-18 7.783912e-18 1.639592e-16 1.366811e-15 8.442535e-15 4.297177e-14 1.869691e-13 7.064778e-13 2.335338e-12 6.775693e-12 1.727676e-11 3.872726e-11 7.631795e-11 1.322264e-10 2.014354e-10 2.697396e-10 3.169421e-10 3.251540e-10 2.881098e-10 2.158291e-10 1.311796e-10 5.952302e-11 1.671239e-11 1.778780e-12 -1.778780e-12 -1.671239e-11 -5.952302e-11 -1.311796e-10 -2.158291e-10 -2.881098e-10 -3.251540e-10 -3.169421e-10 -2.697396e-10 -2.014354e-10 -1.322264e-10 -7.631795e-11 -3.872726e-11 -1.727676e-11 -6.775693e-12 -2.335338e-12 -7.064778e-13 -1.869691e-13 -4.297177e-14 -8.442535e-15 -1.366811e-15 -1.639592e-16 -7.783912e-18 2.761178e-18 1.099250e-18 2.571532e-19 4.743971e-20 7.438313e-21 1.022094e-21 1.249599e-22 1.370026e-23 1.351615e-24 1.199655e-25 9.538007e-27 6.720562e-28 4.098991e-29 2.042934e-30 6.810686e-32 -5.646805e-34 -3.449735e-34 -3.745097e-35 -2.936050e-36 -1.920158e-37 -1.097759e-38 -5.596638e-40 -2.566754e-41 -1.061297e-42 -3.942975e-44 -1.302316e-45 -3.731616e-47 -8.550380e-49 -6.577151e-51 6.970208e-54 1.873024e-56 3.863004e-60 1.767359e-64 2.448726e-69 1.235822e-74
-3.079999e-73 -5.478720e-68 -3.417774e-63 -5.792411e-59 -1.113602e-55 4.603180e-52 3.289894e-49 2.781398e-47 1.009995e-45 3.121962e-44 8.582539e-43 2.120947e-41 4.727608e-40 9.484215e-39 1.697591e-37 2.657632e-36 3.472786e-35 3.279178e-34 5.516010e-34 -6.810686e-32 -2.098270e-30 -4.326601e-29 -7.295269e-28 -1.065570e-26 -1.380404e-25 -1.603170e-24 -1.676453e-23 -1.578827e-22 -1.334488e-21 -1.004356e-20 -6.628123e-20 -3.717710e-19 -1.641053e-18 -4.185131e-18 1.380840e-17 2.864817e-16 2.473015e-15 1.591756e-14 8.465718e-14 3.855428e-13 1.526551e-12 5.290649e-12 1.609063e-11 4.295373e-11 1.005262e-10 2.058090e-10 3.674249e-10 5.691683e-10 7.582425e-10 8.526022e-10 7.729301e-10 4.868795e-10 4.085101e-11 -4.421126e-10 -8.027344e-10 -9.082979e-10 -7.098421e-10 -2.675921e-10 2.675921e-10 7.098421e-10 9.082979e-10 8.027344e-10 4.421126e-10 -4.085101e-11 -4.868795e-10 -7.729301e-10 -8.526022e-10 -7.582425e-10 -5.691683e-10 -3.674249e-10 -2.058090e-10 -1.005262e-10 -4.295373e-11 -1.609063e-11 -5.290649e-12 -1.526551e-12 -3.855428e-13 -8.465718e-14 -1.591756e-14 -2.473015e-15 -2.864817e-16 -1.380840e-17 4.185131e-18 1.641053e-18 3.717710e-19 6.628123e-20 1.004356e-20 1.334488e-21 1.578827e-22 1.676453e-23 1.603170e-24 1.380404e-25 1.065570e-26 7.295269e-28 4.326601e-29 2.098270e-30 6.810686e-32 -5.516010e-34 -3.279178e-34 -3.472786e-35 -2.657632e-36 -1.697591e-37 -9.484215e-39 -4.727608e-40 -2.120947e-41 -8.582539e-43 -3.121962e-44 -1.009995e-45 -2.781398e-47 -3.289894e-49 -4.603180e-52 1.113602e-55 5.792411e-59 3.417774e-63 5.478720e-68 3.079999e-73
-6.745770e-72 -1.040408e-66 -5.083902e-62 -3.794811e-58 5.416049e-54 2.343972e-50 1.052042e-47 7.336836e-46 2.357762e-44 6.617456e-43 1.670264e-41 3.804267e-40 7.802074e-39 1.428358e-37 2.288365e-36 3.061899e-35 2.962757e-34 5.141253e-34 -6.458306e-32 -2.042934e-30 -4.326601e-29 -7.497457e-28 -1.126226e-26 -1.501545e-25 -1.796104e-24 -1.936001e-23 -1.880871e-22 -1.641326e-21 -1.276279e-20 -8.707183e-20 -5.049344e-19 -2.300517e-18 -5.965550e-18 2.249843e-17 4.651876e-16 4.157937e-15 2.785603e-14 1.545728e-13 7.355819e-13 3.046458e-12 1.104890e-11 3.515542e-11 9.804900e-11 2.390213e-10 5.068568e-10 9.278860e-10 1.447528e-09 1.874830e-09 1.887123e-09 1.135930e-09 -5.708323e-10 -3.100871e-09 -5.944221e-09 -8.323715e-09 -9.439045e-09 -8.751000e-09 -6.194522e-09 -2.237690e-09 2.237690e-09 6.194522e-09 8.751000e-09 9.439045e-09 8.323715e-09 5.944221e-09 3.100871e-09 5.708323e-10 -1.135930e-09 -1.887123e-09 -1.874830e-09 -1.447528e-09 -9.278860e-10 -5.068568e-10 -2.390213e-10 -9.804900e-11 -3.515542e-11 -1.104890e-11 -3.046458e-12 -7.355819e-13 -1.545728e-13 -2.785603e-14 -4.157937e-15 -4.651876e-16 -2.249843e-17 5.965550e-18 2.300517e-18 5.049344e-19 8.707183e-20 1.276279e-20 1.641326e-21 1.880871e-22 1.936001e-23 1.796104e-24 1.501545e-25 1.126226e-26 7.497457e-28 4.326601e-29 2.042934e-30 6.458306e-32 -5.141253e-34 -2.962757e-34 -3.061899e-35 -2.288365e-36 -1.428358e-37 -7.802074e-39 -3.804267e-40 -1.670264e-41 -6.617456e-43 -2.357762e-44 -7.336836e-46 -1.052042e-47 -2.343972e-50 -5.416049e-54 3.794811e-58 5.083902e-62 1.040408e-66 6.745770e-72
-1.256398e-70 -1.531774e-65 -3.579581e-61 1.402861e-56 2.823002e-52 7.400196e-49 2.715785e-46 1.667698e-44 4.863245e-43 1.253227e-41 2.915445e-40 6.109866e-39 1.143558e-37 1.874022e-36 2.566451e-35 2.544034e-34 4.571580e-34 -5.806846e-32 -1.885456e-30 -4.098991e-29 -7.295269e-28 -1.126226e-26 -1.544221e-25 -1.901025e-24 -2.110442e-23 -2.113352e-22 -1.902329e-21 -1.526971e-20 -1.076012e-19 -6.446370e-19 -3.030294e-18 -8.004268e-18 3.381721e-17 7.030417e-16 6.505528e-15 4.531667e-14 2.620019e-13 1.300853e-12 5.626180e-12 2.131753e-11 7.084040e-11 2.060630e-10 5.222644e-10 1.144336e-09 2.139272e-09 3.328277e-09 4.065301e-09 3.172971e-09 -7.640732e-10 -8.750413e-09 -2.065852e-08 -3.482998e-08 -4.825819e-08 -5.734089e-08 -5.894163e-08 -5.138611e-08 -3.506347e-08 -1.244921e-08 1.244921e-08 3.506347e-08 5.138611e-08 5.894163e-08 5.734089e-08 4.825819e-08 3.482998e-08 2.065852e-08 8.750413e-09 7.640732e-10 -3.172971e-09 -4.065301e-09 -3.328277e-09 -2.139272e-09 -1.144336e-09 -5.222644e-10 -2.060630e-10 -7.084040e-11 -2.131753e-11 -5.626180e-12 -1.300853e-12 -2.620019e-13 -4.531667e-14 -6.505528e-15 -7.030417e-16 -3.381721e-17 8.004268e-18 3.030294e-18 6.446370e-19 1.076012e-19 1.526971e-20 1.902329e-21 2.113352e-22 2.110442e-23 1.901025e-24 1.544221e-25 1.126226e-26 7.295269e-28 4.098991e-29 1.885456e-30 5.806846e-32 -4.571580e-34 -2.544034e-34 -2.566451e-35 -1.874022e-36 -1.143558e-37 -6.109866e-39 -2.915445e-40 -1.253227e-41 -4.863245e-43 -1.667698e-44 -2.715785e-46 -7.400196e-49 -2.823002e-52 -1.402861e-56 3.579581e-61 1.531774e-65 1.256398e-70
-1.826987e-69 -1.138261e-64 1.027362e-59 7.513159e-55 8.801554e-51 1.873446e-47 6.028689e-45 3.346685e-43 8.955891e-42 2.127189e-40 4.553426e-39 8.709175e-38 1.459266e-36 2.044594e-35 2.075685e-34 3.877073e-34 -4.949800e-32 -1.649291e-30 -3.678773e-29 -6.720562e-28 -1.065570e-26 -1.501545e-25 -1.901025e-24 -2.171981e-23 -2.240048e-22 -2.078245e-21 -1.720599e-20 -1.251331e-19 -7.739436e-19 -3.752537e-18 -1.011713e-17 4.703798e-17 9.901150e-16 9.483240e-15 6.861892e-14 4.128398e-13 2.135647e-12 9.631694e-12 3.806970e-11 1.319325e-10 3.996735e-10 1.051576e-09 2.376337e-09 4.520881e-09 6.944658e-09 7.653937e-09 2.760656e-09 -1.286511e-08 -4.357599e-08 -9.031584e-08 -1.487595e-07 -2.092857e-07 -2.589512e-07 -2.847782e-07 -2.772244e-07 -2.327912e-07 -1.551248e-07 -5.444659e-08 5.444659e-08 1.551248e-07 2.327912e-07 2.772244e-07 2.847782e-07 2.589512e-07 2.092857e-07 1.487595e-07 9.031584e-08 4.357599e-08 1.286511e-08 -2.760656e-09 -7.653937e-09 -6.944658e-09 -4.520881e-09 -2.376337e-09 -1.051576e-09 -3.996735e-10 -1.319325e-10 -3.806970e-11 -9.631694e-12 -2.135647e-12 -4.128398e-13 -6.861892e-14 -9.483240e-15 -9.901150e-16 -4.703798e-17 1.011713e-17 3.752537e-18 7.739436e-19 1.251331e-19 1.720599e-20 2.078245e-21 2.240048e-22 2.171981e-23 1.901025e-24 1.501545e-25 1.065570e-26 6.720562e-28 3.678773e-29 1.649291e-30 4.949800e-32 -3.877073e-34 -2.075685e-34 -2.044594e-35 -1.459266e-36 -8.709175e-38 -4.553426e-39 -2.127189e-40 -8.955891e-42 -3.346685e-43 -6.028689e-45 -1.873446e-47 -8.801554e-51 -7.513159e-55 -1.027362e-59 1.138261e-64 1.826987e-69
