0.000000e+00 0.000000e+00 0.000000e+00 0.000000e+00 0.000000e+00 0.000000e+00 0.000000e+00 0.000000e+00 0.000000e+00 0.000000e+00 0.000000e+00 0.000000e+00 0.000000e+00 0.000000e+00 0.000000e+00 0.000000e+00 0.000000e+00 0.000000e+00 0.000000e+00 0.000000e+00 0.000000e+00 0.000000e+00 0.000000e+00 0.000000e+00 0.000000e+00 0.000000e+00 0.000000e+00 0.000000e+00 0.000000e+00 0.000000e+00 0.000000e+00 0.000000e+00 0.000000e+00 0.000000e+00 0.000000e+00 0.000000e+00 0.000000e+00 0.000000e+00 0.000000e+00 0.000000e+00 0.000000e+00 0.000000e+00 0.000000e+00 0.000000e+00 0.000000e+00 0.000000e+00 0.000000e+00 0.000000e+00 0.000000e+00 0.000000e+00 0.000000e+00 0.000000e+00 0.000000e+00 0.000000e+00 0.000000e+00 0.000000e+00 0.000000e+00 0.000000e+00 0.000000e+00 0.000000e+00 0.000000e+00 0.000000e+00 0.000000e+00 0.000000e+00 0.000000e+00 0.000000e+00 0.000000e+00 0.000000e+00 0.000000e+00 0.000000e+00 0.000000e+00 0.000000e+00 0.000000e+00 0.000000e+00 0.000000e+00 0.000000e+00 0.000000e+00 0.000000e+00 0.000000e+00 0.000000e+00 0.000000e+00 0.000000e+00 0.000000e+00 0.000000e+00 0.000000e+00 0.000000e+00 0.000000e+00 0.000000e+00 0.000000e+00 0.000000e+00 0.000000e+00 0.000000e+00 0.000000e+00 0.000000e+00 0.000000e+00 0.000000e+00 0.000000e+00 0.000000e+00 0.000000e+00 0.000000e+00 0.000000e+00 0.000000e+00 0.000000e+00 0.000000e+00 0.000000e+00 0.000000e+00 0.000000e+00 0.000000e+00 0.000000e+00 0.000000e+00 0.000000e+00 0.000000e+00 0.000000e+00 0.000000e+00 0.000000e+00 0.000000e+00
0.000000e+00 0.000000e+00 0.000000e+00 0.000000e+00 0.000000e+00 0.000000e+00 0.000000e+00 0.000000e+00 0.000000e+00 0.000000e+00 0.000000e+00 5.791860e-109 4.872751e-106 1.984214e-103 5.198844e-101 9.820908e-99 1.418862e-96 1.619741e-94 1.483305e-92 1.086700e-90 6.155130e-89 2.351217e-87 1.355531e-86 -7.043510e-84 -7.521626e-82 -5.191922e-80 -2.829588e-78 -1.293168e-76 -5.087475e-75 -1.745662e-73 -5.258083e-72 -1.393125e-70 -3.240732e-69 -6.575598e-68 -1.147377e-66 -1.670425e-65 -1.880270e-64 -1.202399e-63 9.747100e-63 4.904355e-61 1.007819e-59 1.515812e-58 1.846340e-57 1.882470e-56 1.624455e-55 1.186720e-54 7.280610e-54 3.684344e-53 1.483180e-52 4.358990e-52 6.670197e-52 -1.440594e-51 -1.429555e-50 -5.510310e-50 -1.366920e-49 -2.294511e-49 -2.431875e-49 -1.078012e-49 1.078012e-49 2.431875e-49 2.294511e-49 1.366920e-49 5.510310e-50 1.429555e-50 1.440594e-51 -6.670197e-52 -4.358990e-52 -1.483180e-52 -3.684344e-53 -7.280610e-54 -1.186720e-54 -1.624455e-55 -1.882470e-56 -1.846340e-57 -1.515812e-58 -1.007819e-59 -4.904355e-61 -9.747100e-63 1.202399e-63 1.880270e-64 1.670425e-65 1.147377e-66 6.575598e-68 3.240732e-69 1.393125e-70 5.258083e-72 1.745662e-73 5.087475e-75 1.293168e-76 2.829588e-78 5.191922e-80 7.521626e-82 7.043510e-84 -1.355531e-86 -2.351217e-87 -6.155130e-89 -1.086700e-90 -1.483305e-92 -1.619741e-94 -1.418862e-96 -9.820908e-99 -5.198844e-101 -1.984214e-103 -4.872751e-106 -5.791860e-109 0.000000e+00 0.000000e+00 0.000000e+00 0.000000e+00 0.000000e+00 0.000000e+00 0.000000e+00 0.000000e+00 0.000000e+00 0.000000e+00 0.000000e+00
0.000000e+00 0.000000e+00 0.000000e+00 0.000000e+00 0.000000e+00 0.000000e+00 0.000000e+00 0.000000e+00 0.000000e+00 0.000000e+00 2.558982e-105 2.195949e-102 9.124840e-100 2.440761e-97 4.709178e-95 6.951800e-93 8.112206e-91 7.596129e-89 5.690689e-87 3.293650e-85 1.279994e-83 6.305812e-83 -4.187898e-80 -4.548848e-78 -3.218942e-76 -1.802956e-74 -8.481232e-73 -3.438665e-71 -1.217393e-69 -3.787606e-68 -1.037690e-66 -2.498699e-65 -5.252882e-64 -9.501864e-63 -1.433444e-61 -1.664950e-60 -1.062899e-59 1.098552e-58 5.310779e-57 1.132602e-55 1.787696e-54 2.298181e-53 2.484201e-52 2.282469e-51 1.782933e-50 1.174520e-49 6.404678e-49 2.780447e-48 8.708595e-48 1.246215e-47 -5.548677e-47 -5.115175e-46 -2.244530e-45 -6.721276e-45 -1.451675e-44 -2.227467e-44 -2.227456e-44 -9.584720e-45 9.584720e-45 2.227456e-44 2.227467e-44 1.451675e-44 6.721276e-45 2.244530e-45 5.115175e-46 5.548677e-47 -1.246215e-47 -8.708595e-48 -2.780447e-48 -6.404678e-49 -1.174520e-49 -1.782933e-50 -2.282469e-51 -2.484201e-52 -2.298181e-53 -1.787696e-54 -1.132602e-55 -5.310779e-57 -1.098552e-58 1.062899e-59 1.664950e-60 1.433444e-61 9.501864e-63 5.252882e-64 2.498699e-65 1.037690e-66 3.787606e-68 1.217393e-69 3.438665e-71 8.481232e-73 1.802956e-74 3.218942e-76 4.548848e-78 4.187898e-80 -6.305812e-83 -1.279994e-83 -3.293650e-85 -5.690689e-87 -7.596129e-89 -8.112206e-91 -6.951800e-93 -4.709178e-95 -2.440761e-97 -9.124840e-100 -2.195949e-102 -2.558982e-105 0.000000e+00 0.000000e+00 0.000000e+00 0.000000e+00 0.000000e+00 0.000000e+00 0.000000e+00 0.000000e+00 0.000000e+00 0.000000e+00
0.000000e+00 0.000000e+00 0.000000e+00 0.000000e+00 0.000000e+00 0.000000e+00 0.000000e+00 0.000000e+00 0.000000e+00 4.235541e-102 3.705422e-99 1.570343e-96 4.285795e-94 8.440540e-92 1.272381e-89 1.516743e-87 1.451215e-85 1.110888e-83 6.564368e-82 2.592121e-80 1.027513e-79 -9.258588e-77 -1.021925e-74 -7.406124e-73 -4.258846e-71 -2.059862e-69 -8.597202e-68 -3.136565e-66 -1.006681e-64 -2.847938e-63 -7.087890e-62 -1.541274e-60 -2.884967e-59 -4.500405e-58 -5.378817e-57 -3.398441e-56 4.455928e-55 2.086012e-53 4.605547e-52 7.604890e-51 1.028178e-49 1.173611e-48 1.142936e-47 9.497515e-47 6.678451e-46 3.897296e-45 1.809488e-44 5.969573e-44 7.438354e-44 -6.424486e-43 -5.857800e-42 -2.874401e-41 -1.002761e-40 -2.624324e-40 -5.160942e-40 -7.396510e-40 -7.059209e-40 -2.964962e-40 2.964962e-40 7.059209e-40 7.396510e-40 5.160942e-40 2.624324e-40 1.002761e-40 2.874401e-41 5.857800e-42 6.424486e-43 -7.438354e-44 -5.969573e-44 -1.809488e-44 -3.897296e-45 -6.678451e-46 -9.497515e-47 -1.142936e-47 -1.173611e-48 -1.028178e-49 -7.604890e-51 -4.605547e-52 -2.086012e-53 -4.455928e-55 3.398441e-56 5.378817e-57 4.500405e-58 2.884967e-59 1.541274e-60 7.087890e-62 2.847938e-63 1.006681e-64 3.136565e-66 8.597202e-68 2.059862e-69 4.258846e-71 7.406124e-73 1.021925e-74 9.258588e-77 -1.027513e-79 -2.592121e-80 -6.564368e-82 -1.110888e-83 -1.451215e-85 -1.516743e-87 -1.272381e-89 -8.440540e-92 -4.285795e-94 -1.570343e-96 -3.705422e-99 -4.235541e-102 0.000000e+00 0.000000e+00 0.000000e+00 0.000000e+00 0.000000e+00 0.000000e+00 0.000000e+00 0.000000e+00 0.000000e+00
0.000000e+00 0.000000e+00 0.000000e+00 0.000000e+00 0.000000e+00 0.000000e+00 0.000000e+00 0.000000e+00 2.228273e-99 1.986337e-96 8.580987e-94 2.388220e-91 4.798273e-89 7.381890e-87 8.983420e-85 8.776821e-83 6.860016e-81 4.135161e-79 1.657067e-77 4.748779e-77 -6.459454e-74 -7.238486e-72 -5.367418e-70 -3.165694e-68 -1.572688e-66 -6.749634e-65 -2.534754e-63 -8.381981e-62 -2.445411e-60 -6.281510e-59 -1.410704e-57 -2.727736e-56 -4.391207e-55 -5.385672e-54 -3.333741e-53 5.540325e-52 2.526894e-50 5.762673e-49 9.926673e-48 1.406953e-46 1.689818e-45 1.737313e-44 1.528818e-43 1.141594e-42 7.086526e-42 3.493140e-41 1.200369e-40 1.145714e-40 -2.027266e-39 -1.874366e-38 -1.014375e-37 -4.024373e-37 -1.230902e-36 -2.926390e-36 -5.340187e-36 -7.223201e-36 -6.619133e-36 -2.721886e-36 2.721886e-36 6.619133e-36 7.223201e-36 5.340187e-36 2.926390e-36 1.230902e-36 4.024373e-37 1.014375e-37 1.874366e-38 2.027266e-39 -1.145714e-40 -1.200369e-40 -3.493140e-41 -7.086526e-42 -1.141594e-42 -1.528818e-43 -1.737313e-44 -1.689818e-45 -1.406953e-46 -9.926673e-48 -5.762673e-49 -2.526894e-50 -5.540325e-52 3.333741e-53 5.385672e-54 4.391207e-55 2.727736e-56 1.410704e-57 6.281510e-59 2.445411e-60 8.381981e-62 2.534754e-63 6.749634e-65 1.572688e-66 3.165694e-68 5.367418e-70 7.238486e-72 6.459454e-74 -4.748779e-77 -1.657067e-77 -4.135161e-79 -6.860016e-81 -8.776821e-83 -8.983420e-85 -7.381890e-87 -4.798273e-89 -2.388220e-91 -8.580987e-94 -1.986337e-96 -2.228273e-99 0.000000e+00 0.000000e+00 0.000000e+00 0.000000e+00 0.000000e+00 0.000000e+00 0.000000e+00 0.000000e+00
0.000000e+00 0.000000e+00 0.000000e+00 0.000000e+00 0.000000e+00 0.000000e+00 0.000000e+00 2.919898e-97 2.715007e-94 1.194992e-91 3.389815e-89 6.944194e-87 1.089663e-84 1.352958e-82 1.348892e-80 1.075751e-78 6.609558e-77 2.684513e-75 4.353361e-75 -1.141739e-71 -1.297893e-69 -9.838145e-68 -5.945899e-66 -3.031091e-64 -1.336329e-62 -5.160114e-61 -1.756081e-59 -5.276946e-58 -1.397157e-56 -3.235928e-55 -6.453144e-54 -1.070044e-52 -1.343093e-51 -8.047522e-51 1.699879e-49 7.590741e-48 1.784538e-46 3.198654e-45 4.739119e-44 5.970002e-43 6.456560e-42 5.992688e-41 4.730192e-40 3.106863e-39 1.615240e-38 5.718084e-38 3.018240e-38 -1.447331e-36 -1.372042e-35 -8.099334e-35 -3.590438e-34 -1.252311e-33 -3.474430e-33 -7.629470e-33 -1.303472e-32 -1.672429e-32 -1.475852e-32 -5.950582e-33 5.950582e-33 1.475852e-32 1.672429e-32 1.303472e-32 7.629470e-33 3.474430e-33 1.252311e-33 3.590438e-34 8.099334e-35 1.372042e-35 1.447331e-36 -3.018240e-38 -5.718084e-38 -1.615240e-38 -3.106863e-39 -4.730192e-40 -5.992688e-41 -6.456560e-42 -5.970002e-43 -4.739119e-44 -3.198654e-45 -1.784538e-46 -7.590741e-48 -1.699879e-49 8.047522e-51 1.343093e-51 1.070044e-52 6.453144e-54 3.235928e-55 1.397157e-56 5.276946e-58 1.756081e-59 5.160114e-61 1.336329e-62 3.031091e-64 5.945899e-66 9.838145e-68 1.297893e-69 1.141739e-71 -4.353361e-75 -2.684513e-75 -6.609558e-77 -1.075751e-78 -1.348892e-80 -1.352958e-82 -1.089663e-84 -6.944194e-87 -3.389815e-89 -1.194992e-91 -2.715007e-94 -2.919898e-97 0.000000e+00 0.000000e+00 0.000000e+00 0.000000e+00 0.000000e+00 0.000000e+00 0.000000e+00
0.000000e+00 0.000000e+00 0.000000e+00 0.000000e+00 0.000000e+00 0.000000e+00 3.849042e-96 7.017436e-93 3.220798e-90 9.307767e-88 1.943189e-85 3.108505e-83 3.935767e-81 4.001964e-79 3.254536e-77 2.036772e-75 8.375901e-74 2.048793e-74 -3.883376e-70 -4.475730e-68 -3.465516e-66 -2.144477e-64 -1.120825e-62 -5.071475e-61 -2.011645e-59 -7.038250e-58 -2.175996e-56 -5.931405e-55 -1.414931e-53 -2.906010e-52 -4.955139e-51 -6.349960e-50 -3.634267e-49 9.792023e-48 4.302475e-46 1.041112e-44 1.937589e-43 2.993420e-42 3.944142e-41 4.473191e-40 4.363802e-39 3.626643e-38 2.508861e-37 1.367837e-36 4.935376e-36 -3.218627e-37 -1.812346e-34 -1.771676e-33 -1.130901e-32 -5.527537e-32 -2.159719e-31 -6.826872e-31 -1.743496e-30 -3.562642e-30 -5.719482e-30 -6.972498e-30 -5.929138e-30 -2.344498e-30 2.344498e-30 5.929138e-30 6.972498e-30 5.719482e-30 3.562642e-30 1.743496e-30 6.826872e-31 2.159719e-31 5.527537e-32 1.130901e-32 1.771676e-33 1.812346e-34 3.218627e-37 -4.935376e-36 -1.367837e-36 -2.508861e-37 -3.626643e-38 -4.363802e-39 -4.473191e-40 -3.944142e-41 -2.993420e-42 -1.937589e-43 -1.041112e-44 -4.302475e-46 -9.792023e-48 3.634267e-49 6.349960e-50 4.955139e-51 2.906010e-52 1.414931e-53 5.931405e-55 2.175996e-56 7.038250e-58 2.011645e-59 5.071475e-61 1.120825e-62 2.144477e-64 3.465516e-66 4.475730e-68 3.883376e-70 -2.048793e-74 -8.375901e-74 -2.036772e-75 -3.254536e-77 -4.001964e-79 -3.935767e-81 -3.108505e-83 -1.943189e-85 -9.307767e-88 -3.220798e-90 -7.017436e-93 -3.849042e-96 0.000000e+00 0.000000e+00 0.000000e+00 0.000000e+00 0.000000e+00 0.000000e+00
0.000000e+00 0.000000e+00 0.000000e+00 0.000000e+00 0.000000e+00 1.581820e-96 1.526465e-92 1.372439e-89 4.135627e-87 8.797298e-85 1.434382e-82 1.851578e-80 1.919807e-78 1.591829e-76 1.014717e-74 4.227325e-73 -4.551094e-73 -2.124939e-69 -2.485559e-67 -1.965850e-65 -1.245185e-63 -6.669839e-62 -3.095935e-60 -1.260824e-58 -4.532635e-57 -1.440917e-55 -4.041142e-54 -9.922775e-53 -2.097626e-51 -3.676387e-50 -4.809911e-49 -2.621722e-48 8.838996e-47 3.861470e-45 9.622285e-44 1.857763e-42 2.988573e-41 4.111500e-40 4.880061e-39 4.992406e-38 4.357511e-37 3.166337e-36 1.805106e-35 6.607508e-35 -5.190331e-35 -3.376651e-33 -3.429483e-32 -2.355192e-31 -1.257673e-30 -5.436223e-30 -1.925696e-29 -5.593486e-29 -1.324007e-28 -2.524880e-28 -3.810625e-28 -4.409527e-28 -3.608072e-28 -1.397713e-28 1.397713e-28 3.608072e-28 4.409527e-28 3.810625e-28 2.524880e-28 1.324007e-28 5.593486e-29 1.925696e-29 5.436223e-30 1.257673e-30 2.355192e-31 3.429483e-32 3.376651e-33 5.190331e-35 -6.607508e-35 -1.805106e-35 -3.166337e-36 -4.357511e-37 -4.992406e-38 -4.880061e-39 -4.111500e-40 -2.988573e-41 -1.857763e-42 -9.622285e-44 -3.861470e-45 -8.838996e-47 2.621722e-48 4.809911e-49 3.676387e-50 2.097626e-51 9.922775e-53 4.041142e-54 1.440917e-55 4.532635e-57 1.260824e-58 3.095935e-60 6.669839e-62 1.245185e-63 1.965850e-65 2.485559e-67 2.124939e-69 4.551094e-73 -4.227325e-73 -1.014717e-74 -1.591829e-76 -1.919807e-78 -1.851578e-80 -1.434382e-82 -8.797298e-85 -4.135627e-87 -1.372439e-89 -1.526465e-92 -1.581820e-96 0.000000e+00 0.000000e+00 0.000000e+00 0.000000e+00 0.000000e+00
0.000000e+00 0.000000e+00 0.000000e+00 0.000000e+00 3.218924e-98 1.788705e-93 8.516067e-90 5.026397e-87 1.115778e-84 1.855636e-82 2.444147e-80 2.586683e-78 2.189681e-76 1.424867e-74 6.047613e-73 -1.008447e-72 -3.230070e-69 -3.856426e-67 -3.122320e-65 -2.027014e-63 -1.113839e-61 -5.308023e-60 -2.221100e-58 -8.210613e-57 -2.686049e-55 -7.758234e-54 -1.963301e-52 -4.279715e-51 -7.734734e-50 -1.041108e-48 -5.654388e-48 2.144094e-46 9.566165e-45 2.469733e-43 4.959529e-42 8.319306e-41 1.196047e-39 1.486659e-38 1.595967e-37 1.464514e-36 1.120178e-35 6.713563e-35 2.540952e-34 -3.297441e-34 -1.641873e-32 -1.764554e-31 -1.306429e-30 -7.598699e-30 -3.610832e-29 -1.420049e-28 -4.630360e-28 -1.246442e-27 -2.746622e-27 -4.895156e-27 -6.938773e-27 -7.601128e-27 -5.964749e-27 -2.258276e-27 2.258276e-27 5.964749e-27 7.601128e-27 6.938773e-27 4.895156e-27 2.746622e-27 1.246442e-27 4.630360e-28 1.420049e-28 3.610832e-29 7.598699e-30 1.306429e-30 1.764554e-31 1.641873e-32 3.297441e-34 -2.540952e-34 -6.713563e-35 -1.120178e-35 -1.464514e-36 -1.595967e-37 -1.486659e-38 -1.196047e-39 -8.319306e-41 -4.959529e-42 -2.469733e-43 -9.566165e-45 -2.144094e-46 5.654388e-48 1.041108e-48 7.734734e-50 4.279715e-51 1.963301e-52 7.758234e-54 2.686049e-55 8.210613e-57 2.221100e-58 5.308023e-60 1.113839e-61 2.027014e-63 3.122320e-65 3.856426e-67 3.230070e-69 1.008447e-72 -6.047613e-73 -1.424867e-74 -2.189681e-76 -2.586683e-78 -2.444147e-80 -1.855636e-82 -1.115778e-84 -5.026397e-87 -8.516067e-90 -1.788705e-93 -3.218924e-98 0.000000e+00 0.000000e+00 0.000000e+00 0.000000e+00
0.000000e+00 0.000000e+00 0.000000e+00 1.196718e-100 2.925372e-95 8.025658e-91 2.508754e-87 1.090336e-84 1.893264e-82 2.545599e-80 2.751299e-78 2.379584e-76 1.582771e-74 6.869620e-73 -1.184327e-72 -3.845416e-69 -4.702515e-67 -3.902339e-65 -2.598274e-63 -1.465274e-61 -7.171301e-60 -3.084022e-58 -1.172576e-56 -3.948615e-55 -1.174969e-53 -3.065967e-52 -6.897808e-51 -1.287814e-49 -1.791941e-48 -1.003432e-47 3.981215e-46 1.840966e-44 4.939900e-43 1.032872e-41 1.807124e-40 2.714771e-39 3.532756e-38 3.978498e-37 3.837755e-36 3.091647e-35 1.953400e-34 7.748991e-34 -1.242444e-33 -5.946272e-32 -6.814064e-31 -5.434138e-30 -3.429132e-29 -1.780592e-28 -7.711747e-28 -2.793384e-27 -8.435599e-27 -2.108793e-26 -4.320465e-26 -7.163878e-26 -9.462496e-26 -9.708339e-26 -7.223356e-26 -2.652045e-26 2.652045e-26 7.223356e-26 9.708339e-26 9.462496e-26 7.163878e-26 4.320465e-26 2.108793e-26 8.435599e-27 2.793384e-27 7.711747e-28 1.780592e-28 3.429132e-29 5.434138e-30 6.814064e-31 5.946272e-32 1.242444e-33 -7.748991e-34 -1.953400e-34 -3.091647e-35 -3.837755e-36 -3.978498e-37 -3.532756e-38 -2.714771e-39 -1.807124e-40 -1.032872e-41 -4.939900e-43 -1.840966e-44 -3.981215e-46 1.003432e-47 1.791941e-48 1.287814e-49 6.897808e-51 3.065967e-52 1.174969e-53 3.948615e-55 1.172576e-56 3.084022e-58 7.171301e-60 1.465274e-61 2.598274e-63 3.902339e-65 4.702515e-67 3.845416e-69 1.184327e-72 -6.869620e-73 -1.582771e-74 -2.379584e-76 -2.751299e-78 -2.545599e-80 -1.893264e-82 -1.090336e-84 -2.508754e-87 -8.025658e-91 -2.925372e-95 -1.196718e-100 0.000000e+00 0.000000e+00 0.000000e+00
0.000000e+00 0.000000e+00 1.276913e-103 1.067847e-97 1.288914e-92 2.321771e-88 5.341350e-85 1.813730e-82 2.545597e-80 2.808631e-78 2.480869e-76 1.686025e-74 7.480444e-73 -1.318927e-72 -4.382166e-69 -5.486538e-67 -4.664036e-65 -3.183087e-63 -1.841110e-61 -9.247839e-60 -4.084512e-58 -1.596095e-56 -5.528254e-55 -1.693336e-53 -4.552218e-52 -1.056051e-50 -2.034831e-49 -2.924333e-48 -1.688499e-47 6.983168e-46 3.344001e-44 9.313855e-43 2.024632e-41 3.688651e-40 5.779838e-39 7.858915e-38 9.264808e-37 9.373080e-36 7.933153e-35 5.271061e-34 2.187706e-33 -4.178245e-33 -1.965984e-31 -2.393874e-30 -2.046031e-29 -1.392254e-28 -7.843057e-28 -3.709197e-27 -1.477571e-26 -4.945357e-26 -1.381716e-25 -3.191892e-25 -6.022327e-25 -9.146217e-25 -1.099401e-24 -1.022523e-24 -6.950712e-25 -2.408414e-25 2.408414e-25 6.950712e-25 1.022523e-24 1.099401e-24 9.146217e-25 6.022327e-25 3.191892e-25 1.381716e-25 4.945357e-26 1.477571e-26 3.709197e-27 7.843057e-28 1.392254e-28 2.046031e-29 2.393874e-30 1.965984e-31 4.178245e-33 -2.187706e-33 -5.271061e-34 -7.933153e-35 -9.373080e-36 -9.264808e-37 -7.858915e-38 -5.779838e-39 -3.688651e-40 -2.024632e-41 -9.313855e-43 -3.344001e-44 -6.983168e-46 1.688499e-47 2.924333e-48 2.034831e-49 1.056051e-50 4.552218e-52 1.693336e-53 5.528254e-55 1.596095e-56 4.084512e-58 9.247839e-60 1.841110e-61 3.183087e-63 4.664036e-65 5.486538e-67 4.382166e-69 1.318927e-72 -7.480444e-73 -1.686025e-74 -2.480869e-76 -2.808631e-78 -2.545597e-80 -1.813730e-82 -5.341350e-85 -2.321771e-88 -1.288914e-92 -1.067847e-97 -1.276913e-103 0.000000e+00 0.000000e+00
0.000000e+00 4.729981e-107 1.118188e-100 4.617804e-95 3.660134e-90 4.852488e-86 8.717149e-83 2.389530e-80 2.751295e-78 2.480869e-76 1.721908e-74 7.805780e-73 -1.406864e-72 -4.780674e-69 -6.124723e-67 -5.330553e-65 -3.726722e-63 -2.209450e-61 -1.138259e-59 -5.159661e-58 -2.070704e-56 -7.371222e-55 -2.322288e-53 -6.426321e-52 -1.535854e-50 -3.051274e-49 -4.524608e-48 -2.691832e-47 1.158171e-45 5.737088e-44 1.656430e-42 3.738107e-41 7.080674e-40 1.155290e-38 1.638361e-37 2.017861e-36 2.136467e-35 1.895477e-34 1.321302e-33 5.726973e-33 -1.271314e-32 -5.958652e-31 -7.684386e-30 -7.007708e-29 -5.115017e-28 -3.106997e-27 -1.593147e-26 -6.921826e-26 -2.542825e-25 -7.849218e-25 -2.015881e-24 -4.249331e-24 -7.220459e-24 -9.657986e-24 -9.852772e-24 -7.345705e-24 -3.758115e-24 -1.007680e-24 1.007680e-24 3.758115e-24 7.345705e-24 9.852772e-24 9.657986e-24 7.220459e-24 4.249331e-24 2.015881e-24 7.849218e-25 2.542825e-25 6.921826e-26 1.593147e-26 3.106997e-27 5.115017e-28 7.007708e-29 7.684386e-30 5.958652e-31 1.271314e-32 -5.726973e-33 -1.321302e-33 -1.895477e-34 -2.136467e-35 -2.017861e-36 -1.638361e-37 -1.155290e-38 -7.080674e-40 -3.738107e-41 -1.656430e-42 -5.737088e-44 -1.158171e-45 2.691832e-47 4.524608e-48 3.051274e-49 1.535854e-50 6.426321e-52 2.322288e-53 7.371222e-55 2.070704e-56 5.159661e-58 1.138259e-59 2.209450e-61 3.726722e-63 5.330553e-65 6.124723e-67 4.780674e-69 1.406864e-72 -7.805780e-73 -1.721908e-74 -2.480869e-76 -2.751295e-78 -2.389530e-80 -8.717149e-83 -4.852488e-86 -3.660134e-90 -4.617804e-95 -1.118188e-100 -4.729981e-107 0.000000e+00
7.014189e-111 4.062852e-104 4.743575e-98 1.286554e-92 7.506265e-88 7.771499e-84 1.126407e-80 2.529580e-78 2.379579e-76 1.686025e-74 7.805780e-73 -1.437451e-72 -4.993217e-69 -6.542454e-67 -5.826582e-65 -4.170524e-63 -2.532885e-61 -1.337512e-59 -6.218317e-58 -2.561230e-56 -9.363669e-55 -3.031874e-53 -8.629245e-52 -2.122831e-50 -4.344562e-49 -6.641209e-48 -4.068285e-47 1.817665e-45 9.304447e-44 2.781369e-42 6.507567e-41 1.279721e-39 2.170815e-38 3.205399e-37 4.117027e-36 4.553025e-35 4.225504e-34 3.083684e-33 1.393486e-32 -3.528005e-32 -1.661892e-30 -2.263237e-29 -2.193618e-28 -1.709674e-27 -1.113920e-26 -6.155667e-26 -2.896903e-25 -1.158822e-24 -3.915672e-24 -1.105983e-23 -2.570500e-23 -4.800428e-23 -6.924996e-23 -7.128838e-23 -4.106263e-23 7.654850e-24 3.634509e-23 2.003208e-23 -2.003208e-23 -3.634509e-23 -7.654850e-24 4.106263e-23 7.128838e-23 6.924996e-23 4.800428e-23 2.570500e-23 1.105983e-23 3.915672e-24 1.158822e-24 2.896903e-25 6.155667e-26 1.113920e-26 1.709674e-27 2.193618e-28 2.263237e-29 1.661892e-30 3.528005e-32 -1.393486e-32 -3.083684e-33 -4.225504e-34 -4.553025e-35 -4.117027e-36 -3.205399e-37 -2.170815e-38 -1.279721e-39 -6.507567e-41 -2.781369e-42 -9.304447e-44 -1.817665e-45 4.068285e-47 6.641209e-48 4.344562e-49 2.122831e-50 8.629245e-52 3.031874e-53 9.363669e-55 2.561230e-56 6.218317e-58 1.337512e-59 2.532885e-61 4.170524e-63 5.826582e-65 6.542454e-67 4.993217e-69 1.437451e-72 -7.805780e-73 -1.686025e-74 -2.379579e-76 -2.529580e-78 -1.126407e-80 -7.771499e-84 -7.506265e-88 -1.286554e-92 -4.743575e-98 -4.062852e-104 -7.014189e-111
5.906653e-108 1.689894e-101 1.295953e-95 2.587691e-90 1.179244e-85 9.852148e-82 1.169277e-78 2.142074e-76 1.582766e-74 7.480444e-73 -1.406864e-72 -4.993217e-69 -6.687889e-67 -6.091512e-65 -4.461583e-63 -2.774186e-61 -1.500668e-59 -7.151291e-58 -3.021024e-56 -1.133518e-54 -3.769354e-53 -1.102585e-51 -2.789719e-50 -5.876574e-49 -9.252321e-48 -5.832262e-47 2.701278e-45 1.427534e-43 4.413112e-42 1.069170e-40 2.179891e-39 3.838908e-38 5.892968e-37 7.880086e-36 9.086198e-35 8.804257e-34 6.713529e-33 3.158224e-32 -8.982377e-32 -4.279183e-30 -6.137729e-29 -6.300973e-28 -5.222831e-27 -3.633423e-26 -2.152774e-25 -1.090946e-24 -4.720397e-24 -1.732835e-23 -5.336434e-23 -1.353892e-22 -2.744036e-22 -4.177114e-22 -3.995970e-22 -7.019664e-24 7.710146e-22 1.516899e-21 1.576900e-21 6.773132e-22 -6.773132e-22 -1.576900e-21 -1.516899e-21 -7.710146e-22 7.019664e-24 3.995970e-22 4.177114e-22 2.744036e-22 1.353892e-22 5.336434e-23 1.732835e-23 4.720397e-24 1.090946e-24 2.152774e-25 3.633423e-26 5.222831e-27 6.300973e-28 6.137729e-29 4.279183e-30 8.982377e-32 -3.158224e-32 -6.713529e-33 -8.804257e-34 -9.086198e-35 -7.880086e-36 -5.892968e-37 -3.838908e-38 -2.179891e-39 -1.069170e-40 -4.413112e-42 -1.427534e-43 -2.701278e-45 5.832262e-47 9.252321e-48 5.876574e-49 2.789719e-50 1.102585e-51 3.769354e-53 1.133518e-54 3.021024e-56 7.151291e-58 1.500668e-59 2.774186e-61 4.461583e-63 6.091512e-65 6.687889e-67 4.993217e-69 1.406864e-72 -7.480444e-73 -1.582766e-74 -2.142074e-76 -1.169277e-78 -9.852148e-82 -1.179244e-85 -2.587691e-90 -1.295953e-95 -1.689894e-101 -5.906653e-108
2.407534e-105 4.524780e-99 2.555013e-93 3.985628e-88 1.466054e-83 1.003229e-79 9.709278e-77 1.394598e-74 6.869578e-73 -1.318927e-72 -4.780674e-69 -6.542454e-67 -6.091512e-65 -4.563014e-63 -2.903256e-61 -1.607888e-59 -7.849143e-58 -3.398721e-56 -1.307924e-54 -4.463706e-53 -1.340942e-51 -3.486858e-50 -7.554154e-49 -1.224007e-47 -7.934802e-47 3.803575e-45 2.073288e-43 6.621329e-42 1.659149e-40 3.502871e-39 6.395599e-38 1.019182e-36 1.416694e-35 1.700387e-34 1.717256e-33 1.365814e-32 6.679669e-32 -2.107757e-31 -1.020102e-29 -1.537350e-28 -1.666524e-27 -1.463943e-26 -1.083109e-25 -6.849631e-25 -3.719009e-24 -1.730750e-23 -6.858765e-23 -2.286746e-22 -6.283211e-22 -1.369193e-21 -2.163407e-21 -1.718382e-21 2.411206e-21 1.218491e-20 2.566683e-20 3.526628e-20 3.183038e-20 1.292756e-20 -1.292756e-20 -3.183038e-20 -3.526628e-20 -2.566683e-20 -1.218491e-20 -2.411206e-21 1.718382e-21 2.163407e-21 1.369193e-21 6.283211e-22 2.286746e-22 6.858765e-23 1.730750e-23 3.719009e-24 6.849631e-25 1.083109e-25 1.463943e-26 1.666524e-27 1.537350e-28 1.020102e-29 2.107757e-31 -6.679669e-32 -1.365814e-32 -1.717256e-33 -1.700387e-34 -1.416694e-35 -1.019182e-36 -6.395599e-38 -3.502871e-39 -1.659149e-40 -6.621329e-42 -2.073288e-43 -3.803575e-45 7.934802e-47 1.224007e-47 7.554154e-49 3.486858e-50 1.340942e-51 4.463706e-53 1.307924e-54 3.398721e-56 7.849143e-58 1.607888e-59 2.903256e-61 4.563014e-63 6.091512e-65 6.542454e-67 4.780674e-69 1.318927e-72 -6.869578e-73 -1.394598e-74 -9.709278e-77 -1.003229e-79 -1.466054e-83 -3.985628e-88 -2.555013e-93 -4.524780e-99 -2.407534e-105
6.314217e-103 8.739228e-97 3.855955e-91 4.856420e-86 1.463776e-81 8.173233e-78 6.202600e-75 5.926122e-73 -1.184588e-72 -4.382166e-69 -6.124723e-67 -5.826582e-65 -4.461583e-63 -2.903256e-61 -1.645291e-59 -8.222998e-58 -3.647452e-56 -1.438730e-54 -5.035974e-53 -1.552636e-51 -4.146268e-50 -9.231458e-49 -1.538176e-47 -1.024912e-46 5.076878e-45 2.851998e-43 9.400016e-42 2.433533e-40 5.314008e-39 1.004671e-37 1.659817e-36 2.394936e-35 2.987638e-34 3.139765e-33 2.600445e-32 1.320532e-31 -4.575001e-31 -2.256871e-29 -3.565966e-28 -4.070649e-27 -3.777711e-26 -2.962005e-25 -1.991524e-24 -1.153442e-23 -5.745343e-23 -2.444643e-22 -8.771915e-22 -2.593594e-21 -6.033059e-21 -9.765630e-21 -5.190750e-21 2.911028e-20 1.229208e-19 2.876457e-19 4.774999e-19 5.831404e-19 4.940577e-19 1.950374e-19 -1.950374e-19 -4.940577e-19 -5.831404e-19 -4.774999e-19 -2.876457e-19 -1.229208e-19 -2.911028e-20 5.190750e-21 9.765630e-21 6.033059e-21 2.593594e-21 8.771915e-22 2.444643e-22 5.745343e-23 1.153442e-23 1.991524e-24 2.962005e-25 3.777711e-26 4.070649e-27 3.565966e-28 2.256871e-29 4.575001e-31 -1.320532e-31 -2.600445e-32 -3.139765e-33 -2.987638e-34 -2.394936e-35 -1.659817e-36 -1.004671e-37 -5.314008e-39 -2.433533e-40 -9.400016e-42 -2.851998e-43 -5.076878e-45 1.024912e-46 1.538176e-47 9.231458e-49 4.146268e-50 1.552636e-51 5.035974e-53 1.438730e-54 3.647452e-56 8.222998e-58 1.645291e-59 2.903256e-61 4.461583e-63 5.826582e-65 6.124723e-67 4.382166e-69 1.184588e-72 -5.926122e-73 -6.202600e-75 -8.173233e-78 -1.463776e-81 -4.856420e-86 -3.855955e-91 -8.739228e-97 -6.314217e-103
1.194016e-100 1.291538e-94 4.602153e-89 4.751521e-84 1.169479e-79 5.128613e-76 2.596943e-73 -8.978162e-73 -3.845426e-69 -5.486538e-67 -5.330553e-65 -4.170524e-63 -2.774186e-61 -1.607888e-59 -8.222998e-58 -3.734311e-56 -1.508919e-54 -5.413670e-53 -1.711856e-51 -4.691616e-50 -1.072724e-48 -1.836737e-47 -1.257287e-46 6.426320e-45 3.717552e-43 1.263350e-41 3.375677e-40 7.615899e-39 1.489236e-37 2.547585e-36 3.810647e-35 4.933847e-34 5.387607e-33 4.639727e-32 2.443696e-31 -9.212533e-31 -4.643714e-29 -7.677495e-28 -9.206216e-27 -9.000781e-26 -7.455673e-25 -5.311067e-24 -3.268671e-23 -1.735241e-22 -7.890886e-22 -3.031974e-21 -9.595442e-21 -2.369152e-20 -3.886494e-20 -6.024048e-21 2.253285e-19 9.402808e-19 2.440878e-18 4.699814e-18 6.991428e-18 7.978458e-18 6.491206e-18 2.513916e-18 -2.513916e-18 -6.491206e-18 -7.978458e-18 -6.991428e-18 -4.699814e-18 -2.440878e-18 -9.402808e-19 -2.253285e-19 6.024048e-21 3.886494e-20 2.369152e-20 9.595442e-21 3.031974e-21 7.890886e-22 1.735241e-22 3.268671e-23 5.311067e-24 7.455673e-25 9.000781e-26 9.206216e-27 7.677495e-28 4.643714e-29 9.212533e-31 -2.443696e-31 -4.639727e-32 -5.387607e-33 -4.933847e-34 -3.810647e-35 -2.547585e-36 -1.489236e-37 -7.615899e-39 -3.375677e-40 -1.263350e-41 -3.717552e-43 -6.426320e-45 1.257287e-46 1.836737e-47 1.072724e-48 4.691616e-50 1.711856e-51 5.413670e-53 1.508919e-54 3.734311e-56 8.222998e-58 1.607888e-59 2.774186e-61 4.170524e-63 5.330553e-65 5.486538e-67 3.845426e-69 8.978162e-73 -2.596943e-73 -5.128613e-76 -1.169479e-79 -4.751521e-84 -4.602153e-89 -1.291538e-94 -1.194016e-100
1.726912e-98 1.508941e-92 4.409494e-87 3.720395e-82 7.204586e-78 2.121870e-74 -1.164656e-73 -3.154138e-69 -4.702514e-67 -4.664036e-65 -3.726722e-63 -2.532885e-61 -1.500668e-59 -7.849143e-58 -3.647452e-56 -1.508919e-54 -5.545710e-53 -1.797436e-51 -5.052371e-50 -1.185554e-48 -2.084519e-47 -1.465195e-46 7.716721e-45 4.593552e-43 1.608130e-41 4.430717e-40 1.031736e-38 2.084402e-37 3.687860e-36 5.711468e-35 7.665179e-34 8.685218e-33 7.766505e-32 4.238311e-31 -1.725174e-30 -8.902502e-29 -1.537329e-27 -1.932114e-26 -1.985041e-25 -1.732243e-24 -1.303333e-23 -8.494652e-23 -4.788312e-22 -2.317678e-21 -9.494899e-21 -3.201925e-20 -8.353337e-20 -1.376238e-19 4.826628e-20 1.351432e-18 5.831997e-18 1.668102e-17 3.637700e-17 6.294788e-17 8.712417e-17 9.466858e-17 7.468378e-17 2.849463e-17 -2.849463e-17 -7.468378e-17 -9.466858e-17 -8.712417e-17 -6.294788e-17 -3.637700e-17 -1.668102e-17 -5.831997e-18 -1.351432e-18 -4.826628e-20 1.376238e-19 8.353337e-20 3.201925e-20 9.494899e-21 2.317678e-21 4.788312e-22 8.494652e-23 1.303333e-23 1.732243e-24 1.985041e-25 1.932114e-26 1.537329e-27 8.902502e-29 1.725174e-30 -4.238311e-31 -7.766505e-32 -8.685218e-33 -7.665179e-34 -5.711468e-35 -3.687860e-36 -2.084402e-37 -1.031736e-38 -4.430717e-40 -1.608130e-41 -4.593552e-43 -7.716721e-45 1.465195e-46 2.084519e-47 1.185554e-48 5.052371e-50 1.797436e-51 5.545710e-53 1.508919e-54 3.647452e-56 7.849143e-58 1.500668e-59 2.532885e-61 3.726722e-63 4.664036e-65 4.702514e-67 3.154138e-69 1.164656e-73 -2.121870e-74 -7.204586e-78 -3.720395e-82 -4.409494e-87 -1.508941e-92 -1.726912e-98
1.973728e-96 1.414881e-90 3.381256e-85 2.248457e-80 2.943761e-76 2.081814e-74 -1.285934e-69 -3.770023e-67 -3.902332e-65 -3.183087e-63 -2.209450e-61 -1.337512e-59 -7.151291e-58 -3.398721e-56 -1.438730e-54 -5.413670e-53 -1.797436e-51 -5.178634e-50 -1.246306e-48 -2.248812e-47 -1.622390e-46 8.792635e-45 5.382133e-43 1.939428e-41 5.504968e-40 1.321812e-38 2.756216e-37 5.038091e-36 8.069483e-35 1.121198e-33 1.316555e-32 1.220899e-31 6.896962e-31 -3.010379e-30 -1.592693e-28 -2.867939e-27 -3.770148e-26 -4.061075e-25 -3.724068e-24 -2.951297e-23 -2.030891e-22 -1.211538e-21 -6.219620e-21 -2.706439e-20 -9.687950e-20 -2.660730e-19 -4.368863e-19 4.380966e-19 6.703681e-18 3.040061e-17 9.512801e-17 2.312219e-16 4.534175e-16 7.268636e-16 9.510130e-16 9.927570e-16 7.631498e-16 2.874842e-16 -2.874842e-16 -7.631498e-16 -9.927570e-16 -9.510130e-16 -7.268636e-16 -4.534175e-16 -2.312219e-16 -9.512801e-17 -3.040061e-17 -6.703681e-18 -4.380966e-19 4.368863e-19 2.660730e-19 9.687950e-20 2.706439e-20 6.219620e-21 1.211538e-21 2.030891e-22 2.951297e-23 3.724068e-24 4.061075e-25 3.770148e-26 2.867939e-27 1.592693e-28 3.010379e-30 -6.896962e-31 -1.220899e-31 -1.316555e-32 -1.121198e-33 -8.069483e-35 -5.038091e-36 -2.756216e-37 -1.321812e-38 -5.504968e-40 -1.939428e-41 -5.382133e-43 -8.792635e-45 1.622390e-46 2.248812e-47 1.246306e-48 5.178634e-50 1.797436e-51 5.413670e-53 1.438730e-54 3.398721e-56 7.151291e-58 1.337512e-59 2.209450e-61 3.183087e-63 3.902332e-65 3.770023e-67 1.285934e-69 -2.081814e-74 -2.943761e-76 -2.248457e-80 -3.381256e-85 -1.414881e-90 -1.973728e-96
1.809893e-94 1.061758e-88 2.003078e-83 9.062280e-79 6.843940e-76 -9.655771e-71 -1.511581e-67 -3.053932e-65 -2.598267e-63 -1.841110e-61 -1.138259e-59 -6.218317e-58 -3.021024e-56 -1.307924e-54 -5.035974e-53 -1.711856e-51 -5.052371e-50 -1.246306e-48 -2.306380e-47 -1.707147e-46 9.508228e-45 5.980968e-43 2.216660e-41 6.476552e-40 1.602103e-38 3.444703e-37 6.498697e-36 1.075346e-34 1.545103e-33 1.878023e-32 1.803956e-31 1.054019e-30 -4.903046e-30 -2.662662e-28 -4.992043e-27 -6.851477e-26 -7.721681e-25 -7.423944e-24 -6.181520e-23 -4.478910e-22 -2.819403e-21 -1.530269e-20 -7.049493e-20 -2.669691e-19 -7.695518e-19 -1.251170e-18 2.276758e-18 2.841776e-17 1.362244e-16 4.633121e-16 1.240583e-15 2.710041e-15 4.902417e-15 7.380201e-15 9.199971e-15 9.269349e-15 6.961473e-15 2.592319e-15 -2.592319e-15 -6.961473e-15 -9.269349e-15 -9.199971e-15 -7.380201e-15 -4.902417e-15 -2.710041e-15 -1.240583e-15 -4.633121e-16 -1.362244e-16 -2.841776e-17 -2.276758e-18 1.251170e-18 7.695518e-19 2.669691e-19 7.049493e-20 1.530269e-20 2.819403e-21 4.478910e-22 6.181520e-23 7.423944e-24 7.721681e-25 6.851477e-26 4.992043e-27 2.662662e-28 4.903046e-30 -1.054019e-30 -1.803956e-31 -1.878023e-32 -1.545103e-33 -1.075346e-34 -6.498697e-36 -3.444703e-37 -1.602103e-38 -6.476552e-40 -2.216660e-41 -5.980968e-43 -9.508228e-45 1.707147e-46 2.306380e-47 1.246306e-48 5.052371e-50 1.711856e-51 5.035974e-53 1.307924e-54 3.021024e-56 6.218317e-58 1.138259e-59 1.841110e-61 2.598267e-63 3.053932e-65 1.511581e-67 9.655771e-71 -6.843940e-76 -9.062280e-79 -2.003078e-83 -1.061758e-88 -1.809893e-94
1.328149e-92 6.160339e-87 7.953644e-82 3.189757e-78 -1.228486e-72 -1.119841e-68 -1.198183e-65 -1.983333e-63 -1.465269e-61 -9.247839e-60 -5.159661e-58 -2.561230e-56 -1.133518e-54 -4.463706e-53 -1.552636e-51 -4.691616e-50 -1.185554e-48 -2.248812e-47 -1.707147e-46 9.759357e-45 6.304694e-43 2.401493e-41 7.216817e-40 1.837631e-38 4.070515e-37 7.918351e-36 1.352274e-34 2.007191e-33 2.522569e-32 2.507130e-31 1.513946e-30 -7.463896e-30 -4.164554e-28 -8.118007e-27 -1.161277e-25 -1.366743e-24 -1.374851e-23 -1.200053e-22 -9.133084e-22 -6.050477e-21 -3.462259e-20 -1.683562e-19 -6.725765e-19 -2.029758e-18 -3.249932e-18 9.167185e-18 1.050100e-16 5.329953e-16 1.959018e-15 5.726556e-15 1.376586e-14 2.762804e-14 4.664297e-14 6.637645e-14 7.914172e-14 7.713607e-14 5.666689e-14 2.087053e-14 -2.087053e-14 -5.666689e-14 -7.713607e-14 -7.914172e-14 -6.637645e-14 -4.664297e-14 -2.762804e-14 -1.376586e-14 -5.726556e-15 -1.959018e-15 -5.329953e-16 -1.050100e-16 -9.167185e-18 3.249932e-18 2.029758e-18 6.725765e-19 1.683562e-19 3.462259e-20 6.050477e-21 9.133084e-22 1.200053e-22 1.374851e-23 1.366743e-24 1.161277e-25 8.118007e-27 4.164554e-28 7.463896e-30 -1.513946e-30 -2.507130e-31 -2.522569e-32 -2.007191e-33 -1.352274e-34 -7.918351e-36 -4.070515e-37 -1.837631e-38 -7.216817e-40 -2.401493e-41 -6.304694e-43 -9.759357e-45 1.707147e-46 2.248812e-47 1.185554e-48 4.691616e-50 1.552636e-51 4.463706e-53 1.133518e-54 2.561230e-56 5.159661e-58 9.247839e-60 1.465269e-61 1.983333e-63 1.198183e-65 1.119841e-68 1.228486e-72 -3.189757e-78 -7.953644e-82 -6.160339e-87 -1.328149e-92
7.540671e-91 2.406837e-85 3.635109e-81 -3.466977e-75 -1.405616e-70 -8.695032e-67 -7.601307e-64 -1.090171e-61 -7.171268e-60 -4.084512e-58 -2.070704e-56 -9.363669e-55 -3.769354e-53 -1.340942e-51 -4.146268e-50 -1.072724e-48 -2.084519e-47 -1.622390e-46 9.508228e-45 6.304694e-43 2.466436e-41 7.617797e-40 1.995093e-38 4.549030e-37 9.116522e-36 1.605314e-34 2.459070e-33 3.192211e-32 3.279386e-31 2.045190e-30 -1.063195e-29 -6.099820e-28 -1.234691e-26 -1.838013e-25 -2.255124e-24 -2.368991e-23 -2.163224e-22 -1.725422e-21 -1.200109e-20 -7.221907e-20 -3.697112e-19 -1.554091e-18 -4.900141e-18 -7.692752e-18 3.096069e-17 3.428102e-16 1.841983e-15 7.279654e-15 2.306305e-14 6.044339e-14 1.329766e-13 2.476054e-13 3.921452e-13 5.289640e-13 6.040309e-13 5.697915e-13 4.094959e-13 1.491624e-13 -1.491624e-13 -4.094959e-13 -5.697915e-13 -6.040309e-13 -5.289640e-13 -3.921452e-13 -2.476054e-13 -1.329766e-13 -6.044339e-14 -2.306305e-14 -7.279654e-15 -1.841983e-15 -3.428102e-16 -3.096069e-17 7.692752e-18 4.900141e-18 1.554091e-18 3.697112e-19 7.221907e-20 1.200109e-20 1.725422e-21 2.163224e-22 2.368991e-23 2.255124e-24 1.838013e-25 1.234691e-26 6.099820e-28 1.063195e-29 -2.045190e-30 -3.279386e-31 -3.192211e-32 -2.459070e-33 -1.605314e-34 -9.116522e-36 -4.549030e-37 -1.995093e-38 -7.617797e-40 -2.466436e-41 -6.304694e-43 -9.508228e-45 1.622390e-46 2.084519e-47 1.072724e-48 4.146268e-50 1.340942e-51 3.769354e-53 9.363669e-55 2.070704e-56 4.084512e-58 7.171268e-60 1.090171e-61 7.601307e-64 8.695032e-67 1.405616e-70 3.466977e-75 -3.635109e-81 -2.406837e-85 -7.540671e-91
2.895245e-89 1.321052e-84 -2.788898e-78 -3.910767e-73 -1.068515e-68 -5.391074e-65 -4.077078e-62 -5.196711e-60 -3.084005e-58 -1.596095e-56 -7.371222e-55 -3.031874e-53 -1.102585e-51 -3.486858e-50 -9.231458e-49 -1.836737e-47 -1.465195e-46 8.792635e-45 5.980968e-43 2.401493e-41 7.617797e-40 2.050496e-38 4.808780e-37 9.919896e-36 1.799518e-34 2.842188e-33 3.807364e-32 4.039069e-31 2.599888e-30 -1.418428e-29 -8.373702e-28 -1.757940e-26 -2.719413e-25 -3.472778e-24 -3.803138e-23 -3.626268e-22 -3.025205e-21 -2.204431e-20 -1.391871e-19 -7.483953e-19 -3.302670e-18 -1.086134e-17 -1.666298e-17 9.078239e-17 9.983365e-16 5.672541e-15 2.399920e-14 8.191354e-14 2.323368e-13 5.552484e-13 1.126985e-12 1.953866e-12 2.906175e-12 3.714704e-12 4.058104e-12 3.699786e-12 2.597939e-12 9.352462e-13 -9.352462e-13 -2.597939e-12 -3.699786e-12 -4.058104e-12 -3.714704e-12 -2.906175e-12 -1.953866e-12 -1.126985e-12 -5.552484e-13 -2.323368e-13 -8.191354e-14 -2.399920e-14 -5.672541e-15 -9.983365e-16 -9.078239e-17 1.666298e-17 1.086134e-17 3.302670e-18 7.483953e-19 1.391871e-19 2.204431e-20 3.025205e-21 3.626268e-22 3.803138e-23 3.472778e-24 2.719413e-25 1.757940e-26 8.373702e-28 1.418428e-29 -2.599888e-30 -4.039069e-31 -3.807364e-32 -2.842188e-33 -1.799518e-34 -9.919896e-36 -4.808780e-37 -2.050496e-38 -7.617797e-40 -2.401493e-41 -5.980968e-43 -8.792635e-45 1.465195e-46 1.836737e-47 9.231458e-49 3.486858e-50 1.102585e-51 3.031874e-53 7.371222e-55 1.596095e-56 3.084005e-58 5.196711e-60 4.077078e-62 5.391074e-65 1.068515e-68 3.910767e-73 2.788898e-78 -1.321052e-84 -2.895245e-89
1.820071e-88 -7.732694e-82 -3.098760e-76 -2.908136e-71 -6.470689e-67 -2.822364e-63 -1.894814e-60 -2.175131e-58 -1.172569e-56 -5.528254e-55 -2.322288e-53 -8.629245e-52 -2.789719e-50 -7.554154e-49 -1.538176e-47 -1.257287e-46 7.716721e-45 5.382133e-43 2.216660e-41 7.216817e-40 1.995093e-38 4.808780e-37 1.020297e-35 1.905172e-34 3.099845e-33 4.281281e-32 4.686010e-31 3.111429e-30 -1.773637e-29 -1.078102e-27 -2.344854e-26 -3.764375e-25 -4.996184e-24 -5.694881e-23 -5.660273e-22 -4.929857e-21 -3.756130e-20 -2.483232e-19 -1.399433e-18 -6.470435e-18 -2.216270e-17 -3.315389e-17 2.354990e-16 2.612766e-15 1.567575e-14 7.072225e-14 2.587518e-13 7.895468e-13 2.035200e-12 4.463511e-12 8.373250e-12 1.350398e-11 1.881308e-11 2.269921e-11 2.361744e-11 2.071878e-11 1.416383e-11 5.029090e-12 -5.029090e-12 -1.416383e-11 -2.071878e-11 -2.361744e-11 -2.269921e-11 -1.881308e-11 -1.350398e-11 -8.373250e-12 -4.463511e-12 -2.035200e-12 -7.895468e-13 -2.587518e-13 -7.072225e-14 -1.567575e-14 -2.612766e-15 -2.354990e-16 3.315389e-17 2.216270e-17 6.470435e-18 1.399433e-18 2.483232e-19 3.756130e-20 4.929857e-21 5.660273e-22 5.694881e-23 4.996184e-24 3.764375e-25 2.344854e-26 1.078102e-27 1.773637e-29 -3.111429e-30 -4.686010e-31 -4.281281e-32 -3.099845e-33 -1.905172e-34 -1.020297e-35 -4.808780e-37 -1.995093e-38 -7.216817e-40 -2.216660e-41 -5.382133e-43 -7.716721e-45 1.257287e-46 1.538176e-47 7.554154e-49 2.789719e-50 8.629245e-52 2.322288e-53 5.528254e-55 1.172569e-56 2.175131e-58 1.894814e-60 2.822364e-63 6.470689e-67 2.908136e-71 3.098760e-76 7.732694e-82 -1.820071e-88
-8.519253e-86 -8.455431e-80 -2.252086e-74 -1.718604e-69 -3.304181e-65 -1.279035e-61 -7.726158e-59 -8.042990e-57 -3.948584e-55 -1.693336e-53 -6.426321e-52 -2.122831e-50 -5.876574e-49 -1.224007e-47 -1.024912e-46 6.426320e-45 4.593552e-43 1.939428e-41 6.476552e-40 1.837631e-38 4.549030e-37 9.919896e-36 1.905172e-34 3.190770e-33 4.539694e-32 5.122376e-31 3.506610e-30 -2.079814e-29 -1.302481e-27 -2.931959e-26 -4.878752e-25 -6.720639e-24 -7.961623e-23 -8.235782e-22 -7.476048e-21 -5.945189e-20 -4.107724e-19 -2.421634e-18 -1.171000e-17 -4.172629e-17 -6.080686e-17 5.468783e-16 6.180581e-15 3.909102e-14 1.874239e-13 7.319066e-13 2.390674e-12 6.608824e-12 1.555550e-11 3.130390e-11 5.408840e-11 8.065453e-11 1.043728e-10 1.176656e-10 1.152745e-10 9.621132e-11 6.343899e-11 2.209841e-11 -2.209841e-11 -6.343899e-11 -9.621132e-11 -1.152745e-10 -1.176656e-10 -1.043728e-10 -8.065453e-11 -5.408840e-11 -3.130390e-11 -1.555550e-11 -6.608824e-12 -2.390674e-12 -7.319066e-13 -1.874239e-13 -3.909102e-14 -6.180581e-15 -5.468783e-16 6.080686e-17 4.172629e-17 1.171000e-17 2.421634e-18 4.107724e-19 5.945189e-20 7.476048e-21 8.235782e-22 7.961623e-23 6.720639e-24 4.878752e-25 2.931959e-26 1.302481e-27 2.079814e-29 -3.506610e-30 -5.122376e-31 -4.539694e-32 -3.190770e-33 -1.905172e-34 -9.919896e-36 -4.549030e-37 -1.837631e-38 -6.476552e-40 -1.939428e-41 -4.593552e-43 -6.426320e-45 1.024912e-46 1.224007e-47 5.876574e-49 2.122831e-50 6.426321e-52 1.693336e-53 3.948584e-55 8.042990e-57 7.726158e-59 1.279035e-61 3.304181e-65 1.718604e-69 2.252086e-74 8.455431e-80 8.519253e-86
