0.000000e+00 0.000000e+00 0.000000e+00 0.000000e+00 0.000000e+00 0.000000e+00 0.000000e+00 0.000000e+00 0.000000e+00 0.000000e+00 0.000000e+00 0.000000e+00 0.000000e+00 0.000000e+00 0.000000e+00 0.000000e+00 0.000000e+00 0.000000e+00 0.000000e+00 0.000000e+00 0.000000e+00 0.000000e+00 0.000000e+00 0.000000e+00 0.000000e+00 0.000000e+00 0.000000e+00 0.000000e+00 0.000000e+00 0.000000e+00 0.000000e+00 0.000000e+00 0.000000e+00 0.000000e+00 0.000000e+00 0.000000e+00 0.000000e+00 0.000000e+00 0.000000e+00 0.000000e+00 0.000000e+00 0.000000e+00 0.000000e+00 0.000000e+00 0.000000e+00 0.000000e+00 0.000000e+00 0.000000e+00 0.000000e+00 0.000000e+00 0.000000e+00 0.000000e+00 0.000000e+00 0.000000e+00 0.000000e+00 0.000000e+00 0.000000e+00 0.000000e+00 0.000000e+00 0.000000e+00 0.000000e+00 0.000000e+00 0.000000e+00 0.000000e+00 0.000000e+00 0.000000e+00 0.000000e+00 0.000000e+00 0.000000e+00 0.000000e+00 0.000000e+00 0.000000e+00 0.000000e+00 0.000000e+00 0.000000e+00 0.000000e+00 0.000000e+00 0.000000e+00 0.000000e+00 0.000000e+00 0.000000e+00 0.000000e+00 0.000000e+00 0.000000e+00 0.000000e+00 0.000000e+00 0.000000e+00 0.000000e+00 0.000000e+00 0.000000e+00 0.000000e+00 0.000000e+00 0.000000e+00 0.000000e+00 0.000000e+00 0.000000e+00 0.000000e+00 0.000000e+00 0.000000e+00 0.000000e+00 0.000000e+00 0.000000e+00 0.000000e+00 0.000000e+00 0.000000e+00 0.000000e+00 0.000000e+00 0.000000e+00 0.000000e+00 0.000000e+00 0.000000e+00 0.000000e+00 0.000000e+00 0.000000e+00 0.000000e+00 0.000000e+00
-1.621455e-98 -3.268316e-93 -2.503165e-88 -6.278298e-84 -4.216925e-80 -5.782956e-77 -1.187439e-74 -3.607328e-73 -2.245784e-72 1.385956e-70 8.026453e-69 2.869279e-67 8.317403e-66 2.097388e-64 4.732227e-63 9.681453e-62 1.807602e-60 3.087368e-59 4.820361e-58 6.852472e-57 8.793825e-56 1.001773e-54 9.774361e-54 7.425034e-53 2.733605e-52 -3.910318e-51 -1.146964e-49 -1.850094e-48 -2.359288e-47 -2.582401e-46 -2.503834e-45 -2.182399e-44 -1.722817e-43 -1.236162e-42 -8.071710e-42 -4.793786e-41 -2.584175e-40 -1.259769e-39 -5.521437e-39 -2.155919e-38 -7.386548e-38 -2.158836e-37 -5.046879e-37 -7.552174e-37 4.628134e-37 8.721286e-36 4.008358e-35 1.313996e-34 3.506226e-34 7.954952e-34 1.563559e-33 2.684522e-33 4.034338e-33 5.286138e-33 5.962995e-33 5.613127e-33 4.042812e-33 1.475879e-33 -1.475879e-33 -4.042812e-33 -5.613127e-33 -5.962995e-33 -5.286138e-33 -4.034338e-33 -2.684522e-33 -1.563559e-33 -7.954952e-34 -3.506226e-34 -1.313996e-34 -4.008358e-35 -8.721286e-36 -4.628134e-37 7.552174e-37 5.046879e-37 2.158836e-37 7.386548e-38 2.155919e-38 5.521437e-39 1.259769e-39 2.584175e-40 4.793786e-41 8.071710e-42 1.236162e-42 1.722817e-43 2.182399e-44 2.503834e-45 2.582401e-46 2.359288e-47 1.850094e-48 1.146964e-49 3.910318e-51 -2.733605e-52 -7.425034e-53 -9.774361e-54 -1.001773e-54 -8.793825e-56 -6.852472e-57 -4.820361e-58 -3.087368e-59 -1.807602e-60 -9.681453e-62 -4.732227e-63 -2.097388e-64 -8.317403e-66 -2.869279e-67 -8.026453e-69 -1.385956e-70 2.245784e-72 3.607328e-73 1.187439e-74 5.782956e-77 4.216925e-80 6.278298e-84 2.503165e-88 3.268316e-93 1.621455e-98
-2.140263e-93 -4.016696e-88 -2.848955e-83 -6.550913e-79 -3.955178e-75 -4.667603e-72 -7.264069e-70 -7.074100e-69 6.010961e-67 3.382094e-65 1.215981e-63 3.570286e-62 9.144605e-61 2.098765e-59 4.371714e-58 8.315679e-57 1.447580e-55 2.303946e-54 3.338274e-53 4.363544e-52 5.053733e-51 4.988232e-50 3.768055e-49 1.180898e-48 -2.647905e-47 -7.199324e-46 -1.165435e-44 -1.512574e-43 -1.694153e-42 -1.685827e-41 -1.511072e-40 -1.228558e-39 -9.090365e-39 -6.127411e-38 -3.759791e-37 -2.095235e-36 -1.056083e-35 -4.783068e-35 -1.926071e-34 -6.771497e-34 -2.004995e-33 -4.564047e-33 -5.249776e-33 1.698724e-32 1.463344e-31 6.406032e-31 2.141569e-30 5.965176e-30 1.430656e-29 3.000159e-29 5.543564e-29 9.054513e-29 1.306572e-28 1.656919e-28 1.821916e-28 1.682953e-28 1.197125e-28 4.343260e-29 -4.343260e-29 -1.197125e-28 -1.682953e-28 -1.821916e-28 -1.656919e-28 -1.306572e-28 -9.054513e-29 -5.543564e-29 -3.000159e-29 -1.430656e-29 -5.965176e-30 -2.141569e-30 -6.406032e-31 -1.463344e-31 -1.698724e-32 5.249776e-33 4.564047e-33 2.004995e-33 6.771497e-34 1.926071e-34 4.783068e-35 1.056083e-35 2.095235e-36 3.759791e-37 6.127411e-38 9.090365e-39 1.228558e-39 1.511072e-40 1.685827e-41 1.694153e-42 1.512574e-43 1.165435e-44 7.199324e-46 2.647905e-47 -1.180898e-48 -3.768055e-49 -4.988232e-50 -5.053733e-51 -4.363544e-52 -3.338274e-53 -2.303946e-54 -1.447580e-55 -8.315679e-57 -4.371714e-58 -2.098765e-59 -9.144605e-61 -3.570286e-62 -1.215981e-63 -3.382094e-65 -6.010961e-67 7.074100e-69 7.264069e-70 4.667603e-72 3.955178e-75 6.550913e-79 2.848955e-83 4.016696e-88 2.140263e-93
-1.004440e-88 -1.745720e-83 -1.135188e-78 -2.346635e-74 -1.219636e-70 -1.091131e-67 -5.091921e-66 9.482552e-64 5.328483e-62 1.926275e-60 5.725551e-59 1.488615e-57 3.473038e-56 7.360586e-55 1.425367e-53 2.526940e-52 4.096364e-51 6.044014e-50 8.038191e-49 9.451709e-48 9.417017e-47 7.033475e-46 1.704670e-45 -6.505372e-44 -1.666913e-42 -2.709563e-41 -3.576285e-40 -4.094266e-39 -4.175976e-38 -3.843826e-37 -3.213810e-36 -2.448183e-35 -1.700495e-34 -1.075962e-33 -6.185412e-33 -3.215837e-32 -1.500888e-31 -6.211731e-31 -2.230147e-30 -6.630716e-30 -1.428865e-29 -7.991668e-30 1.204645e-28 8.152629e-28 3.510767e-27 1.203515e-26 3.494899e-26 8.821940e-26 1.960891e-25 3.865221e-25 6.781991e-25 1.060538e-24 1.475637e-24 1.816235e-24 1.950395e-24 1.770143e-24 1.244488e-24 4.488800e-25 -4.488800e-25 -1.244488e-24 -1.770143e-24 -1.950395e-24 -1.816235e-24 -1.475637e-24 -1.060538e-24 -6.781991e-25 -3.865221e-25 -1.960891e-25 -8.821940e-26 -3.494899e-26 -1.203515e-26 -3.510767e-27 -8.152629e-28 -1.204645e-28 7.991668e-30 1.428865e-29 6.630716e-30 2.230147e-30 6.211731e-31 1.500888e-31 3.215837e-32 6.185412e-33 1.075962e-33 1.700495e-34 2.448183e-35 3.213810e-36 3.843826e-37 4.175976e-38 4.094266e-39 3.576285e-40 2.709563e-41 1.666913e-42 6.505372e-44 -1.704670e-45 -7.033475e-46 -9.417017e-47 -9.451709e-48 -8.038191e-49 -6.044014e-50 -4.096364e-51 -2.526940e-52 -1.425367e-53 -7.360586e-55 -3.473038e-56 -1.488615e-57 -5.725551e-59 -1.926275e-60 -5.328483e-62 -9.482552e-64 5.091921e-66 1.091131e-67 1.219636e-70 2.346635e-74 1.135188e-78 1.745720e-83 1.004440e-88
-1.413264e-84 -2.251804e-79 -1.316369e-74 -2.342739e-70 -9.237129e-67 -2.489061e-64 2.443713e-61 2.610144e-59 9.676689e-58 2.910194e-56 7.675894e-55 1.819312e-53 3.920421e-52 7.723358e-51 1.393370e-49 2.298710e-48 3.450521e-47 4.663976e-46 5.559831e-45 5.578232e-44 4.090860e-43 6.126730e-43 -4.944388e-41 -1.208599e-39 -1.973494e-38 -2.646946e-37 -3.094075e-36 -3.230729e-35 -3.049692e-34 -2.618348e-33 -2.050254e-32 -1.464995e-31 -9.540837e-31 -5.646347e-30 -3.020934e-29 -1.448925e-28 -6.141544e-28 -2.239772e-27 -6.613529e-27 -1.288659e-26 6.522472e-27 2.174163e-25 1.317998e-24 5.671886e-24 1.998042e-23 6.036411e-23 1.596995e-22 3.740820e-22 7.808624e-22 1.458276e-21 2.441768e-21 3.667254e-21 4.930289e-21 5.897526e-21 6.190357e-21 5.522982e-21 3.838867e-21 1.376782e-21 -1.376782e-21 -3.838867e-21 -5.522982e-21 -6.190357e-21 -5.897526e-21 -4.930289e-21 -3.667254e-21 -2.441768e-21 -1.458276e-21 -7.808624e-22 -3.740820e-22 -1.596995e-22 -6.036411e-23 -1.998042e-23 -5.671886e-24 -1.317998e-24 -2.174163e-25 -6.522472e-27 1.288659e-26 6.613529e-27 2.239772e-27 6.141544e-28 1.448925e-28 3.020934e-29 5.646347e-30 9.540837e-31 1.464995e-31 2.050254e-32 2.618348e-33 3.049692e-34 3.230729e-35 3.094075e-36 2.646946e-37 1.973494e-38 1.208599e-39 4.944388e-41 -6.126730e-43 -4.090860e-43 -5.578232e-44 -5.559831e-45 -4.663976e-46 -3.450521e-47 -2.298710e-48 -1.393370e-49 -7.723358e-51 -3.920421e-52 -1.819312e-53 -7.675894e-55 -2.910194e-56 -9.676689e-58 -2.610144e-59 -2.443713e-61 2.489061e-64 9.237129e-67 2.342739e-70 1.316369e-74 2.251804e-79 1.413264e-84
-4.733205e-81 -6.778866e-76 -3.411144e-71 -4.605078e-67 -5.493573e-64 3.079746e-60 1.724069e-57 1.214537e-55 3.762993e-54 1.006336e-52 2.421629e-51 5.302436e-50 1.061965e-48 1.948243e-47 3.268321e-46 4.986588e-45 6.842892e-44 8.257660e-43 8.321433e-42 5.940821e-41 1.668160e-41 -9.362697e-39 -2.203737e-37 -3.616067e-36 -4.925150e-35 -5.872341e-34 -6.269986e-33 -6.062063e-32 -5.337153e-31 -4.289436e-30 -3.147920e-29 -2.106357e-28 -1.280748e-27 -7.035582e-27 -3.458306e-26 -1.495794e-25 -5.508270e-25 -1.592172e-24 -2.573178e-24 6.939250e-24 8.805437e-23 5.045592e-22 2.188119e-21 7.924313e-21 2.484756e-20 6.862530e-20 1.685303e-19 3.701760e-19 7.300959e-19 1.296454e-18 2.075971e-18 2.998047e-18 3.896781e-18 4.531152e-18 4.649000e-18 4.077158e-18 2.801520e-18 9.989712e-19 -9.989712e-19 -2.801520e-18 -4.077158e-18 -4.649000e-18 -4.531152e-18 -3.896781e-18 -2.998047e-18 -2.075971e-18 -1.296454e-18 -7.300959e-19 -3.701760e-19 -1.685303e-19 -6.862530e-20 -2.484756e-20 -7.924313e-21 -2.188119e-21 -5.045592e-22 -8.805437e-23 -6.939250e-24 2.573178e-24 1.592172e-24 5.508270e-25 1.495794e-25 3.458306e-26 7.035582e-27 1.280748e-27 2.106357e-28 3.147920e-29 4.289436e-30 5.337153e-31 6.062063e-32 6.269986e-33 5.872341e-34 4.925150e-35 3.616067e-36 2.203737e-37 9.362697e-39 -1.668160e-41 -5.940821e-41 -8.321433e-42 -8.257660e-43 -6.842892e-44 -4.986588e-45 -3.268321e-46 -1.948243e-47 -1.061965e-48 -5.302436e-50 -2.421629e-51 -1.006336e-52 -3.762993e-54 -1.214537e-55 -1.724069e-57 -3.079746e-60 5.493573e-64 4.605078e-67 3.411144e-71 6.778866e-76 4.733205e-81
-2.810354e-78 -3.463816e-73 -1.321420e-68 -5.375534e-65 1.332895e-60 4.289941e-57 1.575674e-54 9.244491e-53 2.550246e-51 6.227824e-50 1.384909e-48 2.818217e-47 5.254315e-46 8.957187e-45 1.388030e-43 1.931966e-42 2.357068e-41 2.379935e-40 1.638066e-39 -2.145489e-39 -3.362690e-37 -7.684894e-36 -1.268072e-34 -1.753179e-33 -2.130578e-32 -2.323996e-31 -2.298962e-30 -2.073178e-29 -1.708003e-28 -1.285601e-27 -8.824879e-27 -5.503566e-26 -3.097954e-25 -1.556753e-24 -6.846830e-24 -2.529985e-23 -7.026916e-23 -7.692983e-23 6.708640e-22 6.314112e-21 3.517122e-20 1.544970e-19 5.751504e-19 1.867641e-18 5.366236e-18 1.375503e-17 3.161926e-17 6.542961e-17 1.222338e-16 2.066228e-16 3.164966e-16 4.393998e-16 5.518438e-16 6.233152e-16 6.246486e-16 5.381235e-16 3.653485e-16 1.294934e-16 -1.294934e-16 -3.653485e-16 -5.381235e-16 -6.246486e-16 -6.233152e-16 -5.518438e-16 -4.393998e-16 -3.164966e-16 -2.066228e-16 -1.222338e-16 -6.542961e-17 -3.161926e-17 -1.375503e-17 -5.366236e-18 -1.867641e-18 -5.751504e-19 -1.544970e-19 -3.517122e-20 -6.314112e-21 -6.708640e-22 7.692983e-23 7.026916e-23 2.529985e-23 6.846830e-24 1.556753e-24 3.097954e-25 5.503566e-26 8.824879e-27 1.285601e-27 1.708003e-28 2.073178e-29 2.298962e-30 2.323996e-31 2.130578e-32 1.753179e-33 1.268072e-34 7.684894e-36 3.362690e-37 2.145489e-39 -1.638066e-39 -2.379935e-40 -2.357068e-41 -1.931966e-42 -1.388030e-43 -8.957187e-45 -5.254315e-46 -2.818217e-47 -1.384909e-48 -6.227824e-50 -2.550246e-51 -9.244491e-53 -1.575674e-54 -4.289941e-57 -1.332895e-60 5.375534e-65 1.321420e-68 3.463816e-73 2.810354e-78
-2.391847e-76 -2.240259e-71 -2.627192e-67 2.164958e-62 3.077643e-58 6.507799e-55 1.987197e-52 1.035538e-50 2.611270e-49 5.899078e-48 1.219996e-46 2.312119e-45 4.006376e-44 6.307634e-43 8.908843e-42 1.099575e-40 1.113398e-39 7.377208e-39 -2.293556e-38 -1.921611e-36 -4.319209e-35 -7.191426e-34 -1.010685e-32 -1.252772e-31 -1.396525e-30 -1.413711e-29 -1.305879e-28 -1.102823e-27 -8.513077e-27 -5.994346e-26 -3.833852e-25 -2.211130e-24 -1.135746e-23 -5.077585e-23 -1.879494e-22 -4.954160e-22 -1.882852e-22 8.320794e-21 6.903999e-20 3.822229e-19 1.712180e-18 6.566764e-18 2.208740e-17 6.595655e-17 1.761149e-16 4.224750e-16 9.136794e-16 1.786656e-15 3.167098e-15 5.100583e-15 7.475088e-15 9.973688e-15 1.209583e-14 1.326080e-14 1.296892e-14 1.096626e-14 7.352155e-15 2.589385e-15 -2.589385e-15 -7.352155e-15 -1.096626e-14 -1.296892e-14 -1.326080e-14 -1.209583e-14 -9.973688e-15 -7.475088e-15 -5.100583e-15 -3.167098e-15 -1.786656e-15 -9.136794e-16 -4.224750e-16 -1.761149e-16 -6.595655e-17 -2.208740e-17 -6.566764e-18 -1.712180e-18 -3.822229e-19 -6.903999e-20 -8.320794e-21 1.882852e-22 4.954160e-22 1.879494e-22 5.077585e-23 1.135746e-23 2.211130e-24 3.833852e-25 5.994346e-26 8.513077e-27 1.102823e-27 1.305879e-28 1.413711e-29 1.396525e-30 1.252772e-31 1.010685e-32 7.191426e-34 4.319209e-35 1.921611e-36 2.293556e-38 -7.377208e-39 -1.113398e-39 -1.099575e-40 -8.908843e-42 -6.307634e-43 -4.006376e-44 -2.312119e-45 -1.219996e-46 -5.899078e-48 -2.611270e-49 -1.035538e-50 -1.987197e-52 -6.507799e-55 -3.077643e-58 -2.164958e-62 2.627192e-67 2.240259e-71 2.391847e-76
-4.676078e-75 -1.532509e-70 2.904994e-65 1.455360e-60 1.367268e-56 2.413375e-53 6.554253e-51 3.121973e-49 7.302824e-48 1.538933e-46 2.972739e-45 5.251558e-44 8.430101e-43 1.213747e-41 1.525694e-40 1.568184e-39 1.036375e-38 -4.134291e-38 -3.052047e-36 -6.933428e-35 -1.177482e-33 -1.693077e-32 -2.150661e-31 -2.459760e-30 -2.557167e-29 -2.427812e-28 -2.108892e-27 -1.675550e-26 -1.214981e-25 -8.005155e-25 -4.756041e-24 -2.514618e-23 -1.154224e-22 -4.351655e-22 -1.128752e-21 1.366638e-22 2.574086e-20 2.097720e-19 1.188707e-18 5.509989e-18 2.197532e-17 7.708348e-17 2.405139e-16 6.719368e-16 1.688090e-15 3.825981e-15 7.844605e-15 1.458865e-14 2.467043e-14 3.802547e-14 5.351883e-14 6.883436e-14 8.080138e-14 8.612527e-14 8.229464e-14 6.835134e-14 4.526959e-14 1.584546e-14 -1.584546e-14 -4.526959e-14 -6.835134e-14 -8.229464e-14 -8.612527e-14 -8.080138e-14 -6.883436e-14 -5.351883e-14 -3.802547e-14 -2.467043e-14 -1.458865e-14 -7.844605e-15 -3.825981e-15 -1.688090e-15 -6.719368e-16 -2.405139e-16 -7.708348e-17 -2.197532e-17 -5.509989e-18 -1.188707e-18 -2.097720e-19 -2.574086e-20 -1.366638e-22 1.128752e-21 4.351655e-22 1.154224e-22 2.514618e-23 4.756041e-24 8.005155e-25 1.214981e-25 1.675550e-26 2.108892e-27 2.427812e-28 2.557167e-29 2.459760e-30 2.150661e-31 1.693077e-32 1.177482e-33 6.933428e-35 3.052047e-36 4.134291e-38 -1.036375e-38 -1.568184e-39 -1.525694e-40 -1.213747e-41 -8.430101e-43 -5.251558e-44 -2.972739e-45 -1.538933e-46 -7.302824e-48 -3.121973e-49 -6.554253e-51 -2.413375e-53 -1.367268e-56 -1.455360e-60 -2.904994e-65 1.532509e-70 4.676078e-75
-3.117418e-74 1.097999e-68 1.632342e-63 5.328645e-59 4.175679e-55 6.559803e-52 1.627639e-49 7.181564e-48 1.569076e-46 3.093935e-45 5.581297e-44 9.152743e-43 1.346775e-41 1.730787e-40 1.819179e-39 1.228369e-38 -5.095918e-38 -3.817865e-36 -8.884640e-35 -1.547503e-33 -2.283950e-32 -2.980084e-31 -3.503520e-30 -3.746595e-29 -3.661615e-28 -3.276490e-27 -2.683637e-26 -2.007484e-25 -1.365349e-24 -8.377638e-24 -4.575219e-23 -2.167608e-22 -8.406303e-22 -2.203464e-21 9.131241e-22 6.036849e-20 5.008443e-19 2.938448e-18 1.417524e-17 5.899517e-17 2.163232e-16 7.064449e-16 2.067438e-15 5.443621e-15 1.293322e-14 2.779521e-14 5.416654e-14 9.595892e-14 1.549406e-13 2.285955e-13 3.088200e-13 3.824401e-13 4.337948e-13 4.486355e-13 4.179331e-13 3.402809e-13 2.222960e-13 7.726466e-14 -7.726466e-14 -2.222960e-13 -3.402809e-13 -4.179331e-13 -4.486355e-13 -4.337948e-13 -3.824401e-13 -3.088200e-13 -2.285955e-13 -1.549406e-13 -9.595892e-14 -5.416654e-14 -2.779521e-14 -1.293322e-14 -5.443621e-15 -2.067438e-15 -7.064449e-16 -2.163232e-16 -5.899517e-17 -1.417524e-17 -2.938448e-18 -5.008443e-19 -6.036849e-20 -9.131241e-22 2.203464e-21 8.406303e-22 2.167608e-22 4.575219e-23 8.377638e-24 1.365349e-24 2.007484e-25 2.683637e-26 3.276490e-27 3.661615e-28 3.746595e-29 3.503520e-30 2.980084e-31 2.283950e-32 1.547503e-33 8.884640e-35 3.817865e-36 5.095918e-38 -1.228369e-38 -1.819179e-39 -1.730787e-40 -1.346775e-41 -9.152743e-43 -5.581297e-44 -3.093935e-45 -1.569076e-46 -7.181564e-48 -1.627639e-49 -6.559803e-52 -4.175679e-55 -5.328645e-59 -1.632342e-63 -1.097999e-68 3.117418e-74
1.652857e-72 6.345855e-67 5.949518e-62 1.610150e-57 1.120672e-53 1.606743e-50 3.685132e-48 1.514010e-46 3.093818e-45 5.697200e-44 9.540686e-43 1.434171e-41 1.883627e-40 2.023935e-39 1.396493e-38 -5.990399e-38 -4.567445e-36 -1.088542e-34 -1.943623e-33 -2.942737e-32 -3.941557e-31 -4.760002e-30 -5.232330e-29 -5.259984e-28 -4.844782e-27 -4.087352e-26 -3.151468e-25 -2.210605e-24 -1.399588e-23 -7.888043e-23 -3.854226e-22 -1.536626e-21 -4.069744e-21 2.950360e-21 1.320684e-19 1.118343e-18 6.790199e-18 3.404992e-17 1.476533e-16 5.649848e-16 1.927435e-15 5.896548e-15 1.623504e-14 4.033130e-14 9.058876e-14 1.843497e-13 3.406559e-13 5.730232e-13 8.797769e-13 1.236172e-12 1.593356e-12 1.886826e-12 2.052318e-12 2.042988e-12 1.840905e-12 1.459087e-12 9.352160e-13 3.218615e-13 -3.218615e-13 -9.352160e-13 -1.459087e-12 -1.840905e-12 -2.042988e-12 -2.052318e-12 -1.886826e-12 -1.593356e-12 -1.236172e-12 -8.797769e-13 -5.730232e-13 -3.406559e-13 -1.843497e-13 -9.058876e-14 -4.033130e-14 -1.623504e-14 -5.896548e-15 -1.927435e-15 -5.649848e-16 -1.476533e-16 -3.404992e-17 -6.790199e-18 -1.118343e-18 -1.320684e-19 -2.950360e-21 4.069744e-21 1.536626e-21 3.854226e-22 7.888043e-23 1.399588e-23 2.210605e-24 3.151468e-25 4.087352e-26 4.844782e-27 5.259984e-28 5.232330e-29 4.760002e-30 3.941557e-31 2.942737e-32 1.943623e-33 1.088542e-34 4.567445e-36 5.990399e-38 -1.396493e-38 -2.023935e-39 -1.883627e-40 -1.434171e-41 -9.540686e-43 -5.697200e-44 -3.093818e-45 -1.514010e-46 -3.685132e-48 -1.606743e-50 -1.120672e-53 -1.610150e-57 -5.949518e-62 -6.345855e-67 -1.652857e-72
9.857115e-71 2.300812e-65 1.776847e-60 4.262054e-56 2.705076e-52 3.583138e-49 7.638351e-47 2.925955e-45 5.581061e-44 9.540685e-43 1.464539e-41 1.965004e-40 2.157616e-39 1.521085e-38 -6.722617e-38 -5.223863e-36 -1.274547e-34 -2.331705e-33 -3.619485e-32 -4.973573e-31 -6.165752e-30 -6.961938e-29 -7.193800e-28 -6.815118e-27 -5.917688e-26 -4.699066e-25 -3.396668e-24 -2.217106e-23 -1.288478e-22 -6.488186e-22 -2.657979e-21 -7.114218e-21 7.460608e-21 2.699681e-19 2.337716e-18 1.468176e-17 7.644588e-17 3.449224e-16 1.375134e-15 4.892363e-15 1.561736e-14 4.487521e-14 1.163114e-13 2.723658e-13 5.771089e-13 1.108330e-12 1.933048e-12 3.068780e-12 4.445438e-12 5.890804e-12 7.156924e-12 7.985161e-12 8.184829e-12 7.689545e-12 6.564969e-12 4.966938e-12 3.075122e-12 1.038772e-12 -1.038772e-12 -3.075122e-12 -4.966938e-12 -6.564969e-12 -7.689545e-12 -8.184829e-12 -7.985161e-12 -7.156924e-12 -5.890804e-12 -4.445438e-12 -3.068780e-12 -1.933048e-12 -1.108330e-12 -5.771089e-13 -2.723658e-13 -1.163114e-13 -4.487521e-14 -1.561736e-14 -4.892363e-15 -1.375134e-15 -3.449224e-16 -7.644588e-17 -1.468176e-17 -2.337716e-18 -2.699681e-19 -7.460608e-21 7.114218e-21 2.657979e-21 6.488186e-22 1.288478e-22 2.217106e-23 3.396668e-24 4.699066e-25 5.917688e-26 6.815118e-27 7.193800e-28 6.961938e-29 6.165752e-30 4.973573e-31 3.619485e-32 2.331705e-33 1.274547e-34 5.223863e-36 6.722617e-38 -1.521085e-38 -2.157616e-39 -1.965004e-40 -1.464539e-41 -9.540685e-43 -5.581061e-44 -2.925955e-45 -7.638351e-47 -3.583138e-49 -2.705076e-52 -4.262054e-56 -1.776847e-60 -2.300812e-65 -9.857115e-71
3.554210e-69 6.787895e-64 4.636070e-59 1.013258e-54 5.940137e-51 7.312115e-48 1.451004e-45 5.171530e-44 9.152308e-43 1.434171e-41 1.965004e-40 2.204096e-39 1.587460e-38 -7.203734e-38 -5.712647e-36 -1.426401e-34 -2.672380e-33 -4.250768e-32 -5.988791e-31 -7.616668e-30 -8.828388e-29 -9.370254e-28 -9.123918e-27 -8.147954e-26 -6.658299e-25 -4.955721e-24 -3.332277e-23 -1.995348e-22 -1.034780e-21 -4.354061e-21 -1.178218e-20 1.628063e-20 5.167995e-19 4.582413e-18 2.975283e-17 1.606920e-16 7.534366e-16 3.125224e-15 1.157760e-14 3.850065e-14 1.152529e-13 3.110803e-13 7.578432e-13 1.667770e-12 3.318380e-12 5.975973e-12 9.752671e-12 1.444253e-11 1.943016e-11 2.376494e-11 2.642394e-11 2.667779e-11 2.439324e-11 2.011164e-11 1.484178e-11 9.647082e-12 5.216285e-12 1.621303e-12 -1.621303e-12 -5.216285e-12 -9.647082e-12 -1.484178e-11 -2.011164e-11 -2.439324e-11 -2.667779e-11 -2.642394e-11 -2.376494e-11 -1.943016e-11 -1.444253e-11 -9.752671e-12 -5.975973e-12 -3.318380e-12 -1.667770e-12 -7.578432e-13 -3.110803e-13 -1.152529e-13 -3.850065e-14 -1.157760e-14 -3.125224e-15 -7.534366e-16 -1.606920e-16 -2.975283e-17 -4.582413e-18 -5.167995e-19 -1.628063e-20 1.178218e-20 4.354061e-21 1.034780e-21 1.995348e-22 3.332277e-23 4.955721e-24 6.658299e-25 8.147954e-26 9.123918e-27 9.370254e-28 8.828388e-29 7.616668e-30 5.988791e-31 4.250768e-32 2.672380e-33 1.426401e-34 5.712647e-36 7.203734e-38 -1.587460e-38 -2.204096e-39 -1.965004e-40 -1.434171e-41 -9.152308e-43 -5.171530e-44 -1.451004e-45 -7.312115e-48 -5.940137e-51 -1.013258e-54 -4.636070e-59 -6.787895e-64 -3.554210e-69
1.035244e-67 1.744697e-62 1.084878e-57 2.189653e-53 1.193079e-49 1.367303e-46 2.520739e-44 8.306499e-43 1.346702e-41 1.883627e-40 2.157616e-39 1.587460e-38 -7.371555e-38 -5.973794e-36 -1.525996e-34 -2.926493e-33 -4.767458e-32 -6.882826e-31 -8.975220e-30 -1.067247e-28 -1.162775e-27 -1.162914e-26 -1.067331e-25 -8.969234e-25 -6.868786e-24 -4.754369e-23 -2.931207e-22 -1.564539e-21 -6.759290e-21 -1.850410e-20 3.182282e-20 9.281684e-19 8.435716e-18 5.659339e-17 3.167354e-16 1.541421e-15 6.643542e-15 2.559148e-14 8.852514e-14 2.756528e-13 7.735146e-13 1.956849e-12 4.463103e-12 9.175602e-12 1.699888e-11 2.836303e-11 4.257121e-11 5.733065e-11 6.889804e-11 7.307092e-11 6.681061e-11 4.983797e-11 2.539201e-11 -3.825404e-13 -2.035899e-11 -2.898239e-11 -2.442967e-11 -9.458731e-12 9.458731e-12 2.442967e-11 2.898239e-11 2.035899e-11 3.825404e-13 -2.539201e-11 -4.983797e-11 -6.681061e-11 -7.307092e-11 -6.889804e-11 -5.733065e-11 -4.257121e-11 -2.836303e-11 -1.699888e-11 -9.175602e-12 -4.463103e-12 -1.956849e-12 -7.735146e-13 -2.756528e-13 -8.852514e-14 -2.559148e-14 -6.643542e-15 -1.541421e-15 -3.167354e-16 -5.659339e-17 -8.435716e-18 -9.281684e-19 -3.182282e-20 1.850410e-20 6.759290e-21 1.564539e-21 2.931207e-22 4.754369e-23 6.868786e-24 8.969234e-25 1.067331e-25 1.162914e-26 1.162775e-27 1.067247e-28 8.975220e-30 6.882826e-31 4.767458e-32 2.926493e-33 1.525996e-34 5.973794e-36 7.371555e-38 -1.587460e-38 -2.157616e-39 -1.883627e-40 -1.346702e-41 -8.306499e-43 -2.520739e-44 -1.367303e-46 -1.193079e-49 -2.189653e-53 -1.084878e-57 -1.744697e-62 -1.035244e-67
2.619656e-66 4.016089e-61 2.305631e-56 4.325759e-52 2.195274e-48 2.338416e-45 3.980555e-43 1.196831e-41 1.730676e-40 2.023935e-39 1.521085e-38 -7.203734e-38 -5.973794e-36 -1.560704e-34 -3.062399e-33 -5.106905e-32 -7.551203e-31 -1.009030e-29 -1.230192e-28 -1.374986e-27 -1.411547e-26 -1.330589e-25 -1.149068e-24 -9.047940e-24 -6.442272e-23 -4.086749e-22 -2.243769e-21 -9.950326e-21 -2.758142e-20 5.674975e-20 1.566362e-18 1.460249e-17 1.011679e-16 5.861917e-16 2.957752e-15 1.323014e-14 5.292571e-14 1.901883e-13 6.151657e-13 1.792063e-12 4.700447e-12 1.109046e-11 2.350434e-11 4.464818e-11 7.576642e-11 1.142109e-10 1.513012e-10 1.722219e-10 1.593257e-10 9.864865e-11 -1.255282e-11 -1.606445e-10 -3.158286e-10 -4.387447e-10 -4.918168e-10 -4.515831e-10 -3.175725e-10 -1.143454e-10 1.143454e-10 3.175725e-10 4.515831e-10 4.918168e-10 4.387447e-10 3.158286e-10 1.606445e-10 1.255282e-11 -9.864865e-11 -1.593257e-10 -1.722219e-10 -1.513012e-10 -1.142109e-10 -7.576642e-11 -4.464818e-11 -2.350434e-11 -1.109046e-11 -4.700447e-12 -1.792063e-12 -6.151657e-13 -1.901883e-13 -5.292571e-14 -1.323014e-14 -2.957752e-15 -5.861917e-16 -1.011679e-16 -1.460249e-17 -1.566362e-18 -5.674975e-20 2.758142e-20 9.950326e-21 2.243769e-21 4.086749e-22 6.442272e-23 9.047940e-24 1.149068e-24 1.330589e-25 1.411547e-26 1.374986e-27 1.230192e-28 1.009030e-29 7.551203e-31 5.106905e-32 3.062399e-33 1.560704e-34 5.973794e-36 7.203734e-38 -1.521085e-38 -2.023935e-39 -1.730676e-40 -1.196831e-41 -3.980555e-43 -2.338416e-45 -2.195274e-48 -4.325759e-52 -2.305631e-56 -4.016089e-61 -2.619656e-66
5.927829e-65 8.388291e-60 4.477019e-55 7.826699e-51 3.694641e-47 3.637244e-44 5.643381e-42 1.506013e-40 1.819031e-39 1.396492e-38 -6.722617e-38 -5.712647e-36 -1.525996e-34 -3.062399e-33 -5.225301e-32 -7.909156e-31 -1.082425e-29 -1.352303e-28 -1.549678e-27 -1.632006e-26 -1.579052e-25 -1.400440e-24 -1.133088e-23 -8.293651e-23 -5.410017e-22 -3.053719e-21 -1.389738e-20 -3.904746e-20 9.330580e-20 2.486995e-18 2.379494e-17 1.701528e-16 1.019834e-15 5.329786e-15 2.471487e-14 1.025567e-13 3.823898e-13 1.283193e-12 3.875744e-12 1.052565e-11 2.565187e-11 5.593204e-11 1.086200e-10 1.865113e-10 2.794917e-10 3.557391e-10 3.588110e-10 2.169463e-10 -1.337751e-10 -7.184258e-10 -1.496591e-09 -2.353167e-09 -3.114263e-09 -3.586556e-09 -3.609333e-09 -3.103195e-09 -2.099793e-09 -7.425988e-10 7.425988e-10 2.099793e-09 3.103195e-09 3.609333e-09 3.586556e-09 3.114263e-09 2.353167e-09 1.496591e-09 7.184258e-10 1.337751e-10 -2.169463e-10 -3.588110e-10 -3.557391e-10 -2.794917e-10 -1.865113e-10 -1.086200e-10 -5.593204e-11 -2.565187e-11 -1.052565e-11 -3.875744e-12 -1.283193e-12 -3.823898e-13 -1.025567e-13 -2.471487e-14 -5.329786e-15 -1.019834e-15 -1.701528e-16 -2.379494e-17 -2.486995e-18 -9.330580e-20 3.904746e-20 1.389738e-20 3.053719e-21 5.410017e-22 8.293651e-23 1.133088e-23 1.400440e-24 1.579052e-25 1.632006e-26 1.549678e-27 1.352303e-28 1.082425e-29 7.909156e-31 5.225301e-32 3.062399e-33 1.525996e-34 5.712647e-36 6.722617e-38 -1.396492e-38 -1.819031e-39 -1.506013e-40 -5.643381e-42 -3.637244e-44 -3.694641e-47 -7.826699e-51 -4.477019e-55 -8.388291e-60 -5.927829e-65
1.215986e-63 1.599837e-58 7.959362e-54 1.295264e-49 5.658018e-46 5.086329e-43 7.003088e-41 1.550903e-39 1.228201e-38 -5.990411e-38 -5.223863e-36 -1.426401e-34 -2.926493e-33 -5.106905e-32 -7.909156e-31 -1.108048e-29 -1.417794e-28 -1.664885e-27 -1.797626e-26 -1.784199e-25 -1.624106e-24 -1.349401e-23 -1.014728e-22 -6.802415e-22 -3.945595e-21 -1.842400e-20 -5.253851e-20 1.423732e-19 3.719119e-18 3.653451e-17 2.695082e-16 1.669579e-15 9.028982e-15 4.336041e-14 1.864414e-13 7.205061e-13 2.505662e-12 7.837937e-12 2.201401e-11 5.534357e-11 1.239458e-10 2.454414e-10 4.243111e-10 6.246466e-10 7.375453e-10 5.628534e-10 -1.700758e-10 -1.729674e-09 -4.270518e-09 -7.721354e-09 -1.172105e-08 -1.563825e-08 -1.868166e-08 -2.007602e-08 -1.925570e-08 -1.602213e-08 -1.062125e-08 -3.719197e-09 3.719197e-09 1.062125e-08 1.602213e-08 1.925570e-08 2.007602e-08 1.868166e-08 1.563825e-08 1.172105e-08 7.721354e-09 4.270518e-09 1.729674e-09 1.700758e-10 -5.628534e-10 -7.375453e-10 -6.246466e-10 -4.243111e-10 -2.454414e-10 -1.239458e-10 -5.534357e-11 -2.201401e-11 -7.837937e-12 -2.505662e-12 -7.205061e-13 -1.864414e-13 -4.336041e-14 -9.028982e-15 -1.669579e-15 -2.695082e-16 -3.653451e-17 -3.719119e-18 -1.423732e-19 5.253851e-20 1.842400e-20 3.945595e-21 6.802415e-22 1.014728e-22 1.349401e-23 1.624106e-24 1.784199e-25 1.797626e-26 1.664885e-27 1.417794e-28 1.108048e-29 7.909156e-31 5.106905e-32 2.926493e-33 1.426401e-34 5.223863e-36 5.990411e-38 -1.228201e-38 -1.550903e-39 -7.003088e-41 -5.086329e-43 -5.658018e-46 -1.295264e-49 -7.959362e-54 -1.599837e-58 -1.215986e-63
2.276246e-62 2.792595e-57 1.294196e-52 1.951265e-48 7.800098e-45 6.246553e-42 7.160049e-40 1.031123e-38 -5.097371e-38 -4.567446e-36 -1.274547e-34 -2.672380e-33 -4.767458e-32 -7.551203e-31 -1.082425e-29 -1.417794e-28 -1.705145e-27 -1.886584e-26 -1.919759e-25 -1.792553e-24 -1.528530e-23 -1.180209e-22 -8.126368e-22 -4.841400e-21 -2.319278e-20 -6.722213e-20 2.024974e-19 5.242927e-18 5.289692e-17 4.023453e-16 2.574267e-15 1.439330e-14 7.151802e-14 3.183364e-13 1.273816e-12 4.586299e-12 1.484338e-11 4.307297e-11 1.115855e-10 2.563348e-10 5.164347e-10 8.944199e-10 1.275207e-09 1.317141e-09 3.705521e-10 -2.492190e-09 -8.273892e-09 -1.769509e-08 -3.079261e-08 -4.663272e-08 -6.327237e-08 -7.801833e-08 -8.793256e-08 -9.045482e-08 -8.398420e-08 -6.827968e-08 -4.459156e-08 -1.550027e-08 1.550027e-08 4.459156e-08 6.827968e-08 8.398420e-08 9.045482e-08 8.793256e-08 7.801833e-08 6.327237e-08 4.663272e-08 3.079261e-08 1.769509e-08 8.273892e-09 2.492190e-09 -3.705521e-10 -1.317141e-09 -1.275207e-09 -8.944199e-10 -5.164347e-10 -2.563348e-10 -1.115855e-10 -4.307297e-11 -1.484338e-11 -4.586299e-12 -1.273816e-12 -3.183364e-13 -7.151802e-14 -1.439330e-14 -2.574267e-15 -4.023453e-16 -5.289692e-17 -5.242927e-18 -2.024974e-19 6.722213e-20 2.319278e-20 4.841400e-21 8.126368e-22 1.180209e-22 1.528530e-23 1.792553e-24 1.919759e-25 1.886584e-26 1.705145e-27 1.417794e-28 1.082425e-29 7.551203e-31 4.767458e-32 2.672380e-33 1.274547e-34 4.567446e-36 5.097371e-38 -1.031123e-38 -7.160049e-40 -6.246553e-42 -7.800098e-45 -1.951265e-48 -1.294196e-52 -2.792595e-57 -2.276246e-62
3.898153e-61 4.457728e-56 1.916133e-51 2.649115e-47 9.473093e-44 6.379889e-41 4.884582e-39 -3.925100e-38 -3.817910e-36 -1.088542e-34 -2.331705e-33 -4.250768e-32 -6.882826e-31 -1.009030e-29 -1.352303e-28 -1.664885e-27 -1.886584e-26 -1.967179e-25 -1.883164e-24 -1.647130e-23 -1.305131e-22 -9.225607e-22 -5.643093e-21 -2.773140e-20 -8.182720e-20 2.692703e-19 6.972582e-18 7.226993e-17 5.665316e-16 3.741078e-15 2.160875e-14 1.109971e-13 5.109969e-13 2.115315e-12 7.878039e-12 2.635771e-11 7.895751e-11 2.106009e-10 4.957165e-10 1.014186e-09 1.751151e-09 2.375322e-09 1.909929e-09 -1.564809e-09 -1.092269e-08 -2.948400e-08 -5.997839e-08 -1.032733e-07 -1.573515e-07 -2.169754e-07 -2.742317e-07 -3.198463e-07 -3.449219e-07 -3.426677e-07 -3.097374e-07 -2.469357e-07 -1.592114e-07 -5.499244e-08 5.499244e-08 1.592114e-07 2.469357e-07 3.097374e-07 3.426677e-07 3.449219e-07 3.198463e-07 2.742317e-07 2.169754e-07 1.573515e-07 1.032733e-07 5.997839e-08 2.948400e-08 1.092269e-08 1.564809e-09 -1.909929e-09 -2.375322e-09 -1.751151e-09 -1.014186e-09 -4.957165e-10 -2.106009e-10 -7.895751e-11 -2.635771e-11 -7.878039e-12 -2.115315e-12 -5.109969e-13 -1.109971e-13 -2.160875e-14 -3.741078e-15 -5.665316e-16 -7.226993e-17 -6.972582e-18 -2.692703e-19 8.182720e-20 2.773140e-20 5.643093e-21 9.225607e-22 1.305131e-22 1.647130e-23 1.883164e-24 1.967179e-25 1.886584e-26 1.664885e-27 1.352303e-28 1.009030e-29 6.882826e-31 4.250768e-32 2.331705e-33 1.088542e-34 3.817910e-36 3.925100e-38 -4.884582e-39 -6.379889e-41 -9.473093e-44 -2.649115e-47 -1.916133e-51 -4.457728e-56 -3.898153e-61
6.103588e-60 6.480462e-55 2.559078e-50 3.177029e-46 9.649722e-43 4.533220e-40 -1.110694e-38 -2.988028e-36 -8.884478e-35 -1.943623e-33 -3.619485e-32 -5.988791e-31 -8.975220e-30 -1.230192e-28 -1.549678e-27 -1.797626e-26 -1.919759e-25 -1.883164e-24 -1.688657e-23 -1.372424e-22 -9.954670e-22 -6.249353e-21 -3.150229e-20 -9.479714e-20 3.354649e-19 8.752961e-18 9.322358e-17 7.528393e-16 5.127583e-15 3.057380e-14 1.622235e-13 7.717957e-13 3.302495e-12 1.271247e-11 4.393545e-11 1.357734e-10 3.726132e-10 8.979807e-10 1.862881e-09 3.191797e-09 4.025282e-09 1.818451e-09 -8.595286e-09 -3.527570e-08 -8.802179e-08 -1.755920e-07 -3.020437e-07 -4.636014e-07 -6.473797e-07 -8.325637e-07 -9.937364e-07 -1.105371e-06 -1.146304e-06 -1.103225e-06 -9.726374e-07 -7.612255e-07 -4.848332e-07 -1.664472e-07 1.664472e-07 4.848332e-07 7.612255e-07 9.726374e-07 1.103225e-06 1.146304e-06 1.105371e-06 9.937364e-07 8.325637e-07 6.473797e-07 4.636014e-07 3.020437e-07 1.755920e-07 8.802179e-08 3.527570e-08 8.595286e-09 -1.818451e-09 -4.025282e-09 -3.191797e-09 -1.862881e-09 -8.979807e-10 -3.726132e-10 -1.357734e-10 -4.393545e-11 -1.271247e-11 -3.302495e-12 -7.717957e-13 -1.622235e-13 -3.057380e-14 -5.127583e-15 -7.528393e-16 -9.322358e-17 -8.752961e-18 -3.354649e-19 9.479714e-20 3.150229e-20 6.249353e-21 9.954670e-22 1.372424e-22 1.688657e-23 1.883164e-24 1.919759e-25 1.797626e-26 1.549678e-27 1.230192e-28 8.975220e-30 5.988791e-31 3.619485e-32 1.943623e-33 8.884478e-35 2.988028e-36 1.110694e-38 -4.533220e-40 -9.649722e-43 -3.177029e-46 -2.559078e-50 -6.480462e-55 -6.103588e-60
8.704469e-59 8.504844e-54 3.026194e-49 3.219212e-45 7.082410e-42 -2.153477e-40 -1.169691e-36 -6.810293e-35 -1.547454e-33 -2.942737e-32 -4.973573e-31 -7.616668e-30 -1.067247e-28 -1.374986e-27 -1.632006e-26 -1.784199e-25 -1.792553e-24 -1.647130e-23 -1.372424e-22 -1.021017e-21 -6.576278e-21 -3.400444e-20 -1.045505e-19 3.921256e-19 1.037664e-17 1.135868e-16 9.445855e-16 6.631790e-15 4.079184e-14 2.234101e-13 1.097613e-12 4.851224e-12 1.928757e-11 6.881414e-11 2.192535e-10 6.188116e-10 1.526112e-09 3.206893e-09 5.428464e-09 6.170649e-09 -6.240539e-10 -2.765427e-08 -9.546897e-08 -2.300508e-07 -4.558188e-07 -7.858317e-07 -1.213172e-06 -1.707368e-06 -2.217495e-06 -2.680862e-06 -3.034347e-06 -3.225079e-06 -3.218078e-06 -2.999848e-06 -2.578240e-06 -1.979659e-06 -1.244903e-06 -4.246691e-07 4.246691e-07 1.244903e-06 1.979659e-06 2.578240e-06 2.999848e-06 3.218078e-06 3.225079e-06 3.034347e-06 2.680862e-06 2.217495e-06 1.707368e-06 1.213172e-06 7.858317e-07 4.558188e-07 2.300508e-07 9.546897e-08 2.765427e-08 6.240539e-10 -6.170649e-09 -5.428464e-09 -3.206893e-09 -1.526112e-09 -6.188116e-10 -2.192535e-10 -6.881414e-11 -1.928757e-11 -4.851224e-12 -1.097613e-12 -2.234101e-13 -4.079184e-14 -6.631790e-15 -9.445855e-16 -1.135868e-16 -1.037664e-17 -3.921256e-19 1.045505e-19 3.400444e-20 6.576278e-21 1.021017e-21 1.372424e-22 1.647130e-23 1.792553e-24 1.784199e-25 1.632006e-26 1.374986e-27 1.067247e-28 7.616668e-30 4.973573e-31 2.942737e-32 1.547454e-33 6.810293e-35 1.169691e-36 2.153477e-40 -7.082410e-42 -3.219212e-45 -3.026194e-49 -8.504844e-54 -8.704469e-59
1.121345e-57 9.902862e-53 3.042577e-48 2.417502e-44 6.711967e-42 -8.377771e-38 -2.678525e-35 -1.158246e-33 -2.283857e-32 -3.941557e-31 -6.165752e-30 -8.828388e-29 -1.162775e-27 -1.411547e-26 -1.579052e-25 -1.624106e-24 -1.528530e-23 -1.305131e-22 -9.954670e-22 -6.576278e-21 -3.488152e-20 -1.097921e-19 4.304630e-19 1.162103e-17 1.307708e-16 1.119450e-15 8.097204e-15 5.134625e-14 2.900759e-13 1.470682e-12 6.709540e-12 2.753495e-11 1.013581e-10 3.328145e-10 9.657091e-10 2.436664e-09 5.183546e-09 8.635420e-09 8.466971e-09 -8.537012e-09 -7.098178e-08 -2.267264e-07 -5.381594e-07 -1.065468e-06 -1.841871e-06 -2.851678e-06 -4.022151e-06 -5.233277e-06 -6.341394e-06 -7.207766e-06 -7.722952e-06 -7.821259e-06 -7.483976e-06 -6.733612e-06 -5.623138e-06 -4.224238e-06 -2.617540e-06 -8.863112e-07 8.863112e-07 2.617540e-06 4.224238e-06 5.623138e-06 6.733612e-06 7.483976e-06 7.821259e-06 7.722952e-06 7.207766e-06 6.341394e-06 5.233277e-06 4.022151e-06 2.851678e-06 1.841871e-06 1.065468e-06 5.381594e-07 2.267264e-07 7.098178e-08 8.537012e-09 -8.466971e-09 -8.635420e-09 -5.183546e-09 -2.436664e-09 -9.657091e-10 -3.328145e-10 -1.013581e-10 -2.753495e-11 -6.709540e-12 -1.470682e-12 -2.900759e-13 -5.134625e-14 -8.097204e-15 -1.119450e-15 -1.307708e-16 -1.162103e-17 -4.304630e-19 1.097921e-19 3.488152e-20 6.576278e-21 9.954670e-22 1.305131e-22 1.528530e-23 1.624106e-24 1.579052e-25 1.411547e-26 1.162775e-27 8.828388e-29 6.165752e-30 3.941557e-31 2.283857e-32 1.158246e-33 2.678525e-35 8.377771e-38 -6.711967e-42 -2.417502e-44 -3.042577e-48 -9.902862e-53 -1.121345e-57
1.283880e-56 9.856679e-52 2.319632e-47 4.901404e-44 -1.003307e-39 -1.967049e-36 -4.495449e-34 -1.666962e-32 -2.979943e-31 -4.760001e-30 -6.961938e-29 -9.370254e-28 -1.162914e-26 -1.330589e-25 -1.400440e-24 -1.349401e-23 -1.180209e-22 -9.225607e-22 -6.249353e-21 -3.400444e-20 -1.097921e-19 4.440318e-19 1.229745e-17 1.422917e-16 1.253469e-15 9.336131e-15 6.099852e-14 3.552448e-13 1.857482e-12 8.741924e-12 3.701022e-11 1.404960e-10 4.752634e-10 1.417560e-09 3.659562e-09 7.880829e-09 1.288144e-08 1.018698e-08 -2.671302e-08 -1.570860e-07 -4.832375e-07 -1.141805e-06 -2.265612e-06 -3.924025e-06 -6.070232e-06 -8.525853e-06 -1.101299e-05 -1.321911e-05 -1.486808e-05 -1.577310e-05 -1.585895e-05 -1.515441e-05 -1.376431e-05 -1.183349e-05 -9.513445e-06 -6.938316e-06 -4.212861e-06 -1.411812e-06 1.411812e-06 4.212861e-06 6.938316e-06 9.513445e-06 1.183349e-05 1.376431e-05 1.515441e-05 1.585895e-05 1.577310e-05 1.486808e-05 1.321911e-05 1.101299e-05 8.525853e-06 6.070232e-06 3.924025e-06 2.265612e-06 1.141805e-06 4.832375e-07 1.570860e-07 2.671302e-08 -1.018698e-08 -1.288144e-08 -7.880829e-09 -3.659562e-09 -1.417560e-09 -4.752634e-10 -1.404960e-10 -3.701022e-11 -8.741924e-12 -1.857482e-12 -3.552448e-13 -6.099852e-14 -9.336131e-15 -1.253469e-15 -1.422917e-16 -1.229745e-17 -4.440318e-19 1.097921e-19 3.400444e-20 6.249353e-21 9.225607e-22 1.180209e-22 1.349401e-23 1.400440e-24 1.330589e-25 1.162914e-26 9.370254e-28 6.961938e-29 4.760001e-30 2.979943e-31 1.666962e-32 4.495449e-34 1.967049e-36 1.003307e-39 -4.901404e-44 -2.319632e-47 -9.856679e-52 -1.283880e-56
1.262438e-55 7.580935e-51 6.615608e-47 -2.623891e-42 -2.438198e-38 -3.281223e-35 -6.350052e-33 -2.119003e-31 -3.503334e-30 -5.232329e-29 -7.193800e-28 -9.123918e-27 -1.067331e-25 -1.149068e-24 -1.133088e-23 -1.014728e-22 -8.126368e-22 -5.643093e-21 -3.150229e-20 -1.045505e-19 4.304630e-19 1.229745e-17 1.463510e-16 1.326320e-15 1.016779e-14 6.841106e-14 4.104826e-13 2.212250e-12 1.073465e-11 4.686096e-11 1.833787e-10 6.389085e-10 1.958850e-09 5.175525e-09 1.128824e-08 1.806921e-08 1.026654e-08 -6.116603e-08 -3.095437e-07 -9.364570e-07 -2.216623e-06 -4.415160e-06 -7.650822e-06 -1.177501e-05 -1.634844e-05 -2.074077e-05 -2.430431e-05 -2.654340e-05 -2.721901e-05 -2.636616e-05 -2.423867e-05 -2.121537e-05 -1.770153e-05 -1.405003e-05 -1.051275e-05 -7.222610e-06 -4.199995e-06 -1.375799e-06 1.375799e-06 4.199995e-06 7.222610e-06 1.051275e-05 1.405003e-05 1.770153e-05 2.121537e-05 2.423867e-05 2.636616e-05 2.721901e-05 2.654340e-05 2.430431e-05 2.074077e-05 1.634844e-05 1.177501e-05 7.650822e-06 4.415160e-06 2.216623e-06 9.364570e-07 3.095437e-07 6.116603e-08 -1.026654e-08 -1.806921e-08 -1.128824e-08 -5.175525e-09 -1.958850e-09 -6.389085e-10 -1.833787e-10 -4.686096e-11 -1.073465e-11 -2.212250e-12 -4.104826e-13 -6.841106e-14 -1.016779e-14 -1.326320e-15 -1.463510e-16 -1.229745e-17 -4.304630e-19 1.045505e-19 3.150229e-20 5.643093e-21 8.126368e-22 1.014728e-22 1.133088e-23 1.149068e-24 1.067331e-25 9.123918e-27 7.193800e-28 5.232329e-29 3.503334e-30 2.119003e-31 6.350052e-33 3.281223e-35 2.438198e-38 2.623891e-42 -6.615608e-47 -7.580935e-51 -1.262438e-55
9.744246e-55 2.643014e-50 -1.920536e-45 -6.656881e-41 -4.048453e-37 -4.567022e-34 -7.901935e-32 -2.425041e-30 -3.746375e-29 -5.259983e-28 -6.815118e-27 -8.147954e-26 -8.969234e-25 -9.047940e-24 -8.293651e-23 -6.802415e-22 -4.841400e-21 -2.773140e-20 -9.479714e-20 3.921256e-19 1.162103e-17 1.422917e-16 1.326320e-15 1.046099e-14 7.244525e-14 4.476252e-13 2.485262e-12 1.242749e-11 5.591493e-11 2.254851e-10 8.090166e-10 2.549900e-09 6.898791e-09 1.525595e-08 2.390907e-08 7.565214e-09 -1.176736e-07 -5.523065e-07 -1.663895e-06 -3.962435e-06 -7.930923e-06 -1.372811e-05 -2.092276e-05 -2.846962e-05 -3.499444e-05 -3.923882e-05 -4.043862e-05 -3.849486e-05 -3.391734e-05 -2.761189e-05 -2.061917e-05 -1.388923e-05 -8.135927e-06 -3.777872e-06 -9.454050e-07 4.719740e-07 7.636538e-07 3.366862e-07 -3.366862e-07 -7.636538e-07 -4.719740e-07 9.454050e-07 3.777872e-06 8.135927e-06 1.388923e-05 2.061917e-05 2.761189e-05 3.391734e-05 3.849486e-05 4.043862e-05 3.923882e-05 3.499444e-05 2.846962e-05 2.092276e-05 1.372811e-05 7.930923e-06 3.962435e-06 1.663895e-06 5.523065e-07 1.176736e-07 -7.565214e-09 -2.390907e-08 -1.525595e-08 -6.898791e-09 -2.549900e-09 -8.090166e-10 -2.254851e-10 -5.591493e-11 -1.242749e-11 -2.485262e-12 -4.476252e-13 -7.244525e-14 -1.046099e-14 -1.326320e-15 -1.422917e-16 -1.162103e-17 -3.921256e-19 9.479714e-20 2.773140e-20 4.841400e-21 6.802415e-22 8.293651e-23 9.047940e-24 8.969234e-25 8.147954e-26 6.815118e-27 5.259983e-28 3.746375e-29 2.425041e-30 7.901935e-32 4.567022e-34 4.048453e-37 6.656881e-41 1.920536e-45 -2.643014e-50 -9.744246e-55
