0.000000e+00 0.000000e+00 0.000000e+00 0.000000e+00 0.000000e+00 0.000000e+00 0.000000e+00 0.000000e+00 0.000000e+00 0.000000e+00 0.000000e+00 0.000000e+00 0.000000e+00 0.000000e+00 0.000000e+00 0.000000e+00 0.000000e+00 0.000000e+00 0.000000e+00 0.000000e+00 0.000000e+00 0.000000e+00 0.000000e+00 0.000000e+00 0.000000e+00 0.000000e+00 0.000000e+00 0.000000e+00 0.000000e+00 0.000000e+00 0.000000e+00 0.000000e+00 0.000000e+00 0.000000e+00 0.000000e+00 0.000000e+00 0.000000e+00 0.000000e+00 0.000000e+00 0.000000e+00 0.000000e+00 0.000000e+00 0.000000e+00 0.000000e+00 0.000000e+00 0.000000e+00 0.000000e+00 0.000000e+00 0.000000e+00 0.000000e+00 0.000000e+00 0.000000e+00 0.000000e+00 0.000000e+00 0.000000e+00 0.000000e+00 0.000000e+00 0.000000e+00 0.000000e+00 0.000000e+00 0.000000e+00 0.000000e+00 0.000000e+00 0.000000e+00 0.000000e+00 0.000000e+00 0.000000e+00 0.000000e+00 0.000000e+00 0.000000e+00 0.000000e+00 0.000000e+00 0.000000e+00 0.000000e+00 0.000000e+00 0.000000e+00 0.000000e+00 0.000000e+00 0.000000e+00 0.000000e+00 0.000000e+00 0.000000e+00 0.000000e+00 0.000000e+00 0.000000e+00 0.000000e+00 0.000000e+00 0.000000e+00 0.000000e+00 0.000000e+00 0.000000e+00 0.000000e+00 0.000000e+00 0.000000e+00 0.000000e+00 0.000000e+00 0.000000e+00 0.000000e+00 0.000000e+00 0.000000e+00 0.000000e+00 0.000000e+00 0.000000e+00 0.000000e+00 0.000000e+00 0.000000e+00 0.000000e+00 0.000000e+00 0.000000e+00 0.000000e+00 0.000000e+00 0.000000e+00 0.000000e+00 0.000000e+00 0.000000e+00 0.000000e+00
0.000000e+00 2.835253e-128 6.778018e-122 2.837392e-116 2.286925e-111 3.096528e-107 5.716580e-104 1.625409e-101 1.970361e-99 1.922538e-97 1.533628e-95 9.649063e-94 4.193522e-92 3.504440e-91 -1.554168e-88 -1.976615e-86 -1.624898e-84 -1.064879e-82 -5.920531e-81 -2.869684e-79 -1.229846e-77 -4.696409e-76 -1.604184e-74 -4.905850e-73 -1.340556e-71 -3.254497e-70 -6.937084e-69 -1.267107e-67 -1.872816e-66 -1.846160e-65 3.262801e-65 7.184412e-63 2.188806e-61 4.690286e-60 8.196872e-59 1.223514e-57 1.588736e-56 1.806627e-55 1.798520e-54 1.557116e-53 1.154661e-52 7.098790e-52 3.333683e-51 8.485376e-51 -3.578395e-50 -6.709394e-49 -5.520957e-48 -3.310145e-47 -1.586743e-46 -6.264948e-46 -2.056663e-45 -5.613855e-45 -1.266847e-44 -2.338139e-44 -3.467037e-44 -3.993948e-44 -3.280414e-44 -1.276879e-44 1.276879e-44 3.280414e-44 3.993948e-44 3.467037e-44 2.338139e-44 1.266847e-44 5.613855e-45 2.056663e-45 6.264948e-46 1.586743e-46 3.310145e-47 5.520957e-48 6.709394e-49 3.578395e-50 -8.485376e-51 -3.333683e-51 -7.098790e-52 -1.154661e-52 -1.557116e-53 -1.798520e-54 -1.806627e-55 -1.588736e-56 -1.223514e-57 -8.196872e-59 -4.690286e-60 -2.188806e-61 -7.184412e-63 -3.262801e-65 1.846160e-65 1.872816e-66 1.267107e-67 6.937084e-69 3.254497e-70 1.340556e-71 4.905850e-73 1.604184e-74 4.696409e-76 1.229846e-77 2.869684e-79 5.920531e-81 1.064879e-82 1.624898e-84 1.976615e-86 1.554168e-88 -3.504440e-91 -4.193522e-92 -9.649063e-94 -1.533628e-95 -1.922538e-97 -1.970361e-99 -1.625409e-101 -5.716580e-104 -3.096528e-107 -2.286925e-111 -2.837392e-116 -6.778018e-122 -2.835253e-128 0.000000e+00
1.857629e-128 1.086240e-121 1.283317e-115 3.532952e-110 2.101172e-105 2.231079e-101 3.347250e-98 7.898205e-96 8.020093e-94 6.510552e-92 4.164187e-90 1.830857e-88 1.347221e-87 -7.357009e-85 -9.445086e-83 -7.906356e-81 -5.288697e-79 -3.005021e-77 -1.489861e-75 -6.536001e-74 -2.556646e-72 -8.951082e-71 -2.807395e-69 -7.871514e-68 -1.961505e-66 -4.291539e-65 -8.038975e-64 -1.214063e-62 -1.199537e-61 3.649276e-61 5.511988e-59 1.702945e-57 3.755755e-56 6.789235e-55 1.051289e-53 1.419281e-52 1.681174e-51 1.746232e-50 1.579419e-49 1.224010e-48 7.847817e-48 3.798979e-47 9.072319e-47 -6.177012e-46 -1.063287e-44 -9.150907e-44 -5.867187e-43 -3.043626e-42 -1.313450e-41 -4.760246e-41 -1.450547e-40 -3.702527e-40 -7.858704e-40 -1.371915e-39 -1.936892e-39 -2.142712e-39 -1.709197e-39 -6.551341e-40 6.551341e-40 1.709197e-39 2.142712e-39 1.936892e-39 1.371915e-39 7.858704e-40 3.702527e-40 1.450547e-40 4.760246e-41 1.313450e-41 3.043626e-42 5.867187e-43 9.150907e-44 1.063287e-44 6.177012e-46 -9.072319e-47 -3.798979e-47 -7.847817e-48 -1.224010e-48 -1.579419e-49 -1.746232e-50 -1.681174e-51 -1.419281e-52 -1.051289e-53 -6.789235e-55 -3.755755e-56 -1.702945e-57 -5.511988e-59 -3.649276e-61 1.199537e-61 1.214063e-62 8.038975e-64 4.291539e-65 1.961505e-66 7.871514e-68 2.807395e-69 8.951082e-71 2.556646e-72 6.536001e-74 1.489861e-75 3.005021e-77 5.288697e-79 7.906356e-81 9.445086e-83 7.357009e-85 -1.347221e-87 -1.830857e-88 -4.164187e-90 -6.510552e-92 -8.020093e-94 -7.898205e-96 -3.347250e-98 -2.231079e-101 -2.101172e-105 -3.532952e-110 -1.283317e-115 -1.086240e-121 -1.857629e-128
2.722667e-122 7.867902e-116 6.113019e-110 1.241805e-104 5.791711e-100 4.997173e-96 6.216588e-93 1.226506e-90 1.035067e-88 6.725822e-87 2.988417e-85 1.859852e-84 -1.302228e-81 -1.686572e-79 -1.436638e-77 -9.802159e-76 -5.687944e-74 -2.882464e-72 -1.293455e-70 -5.178546e-69 -1.856800e-67 -5.967251e-66 -1.715140e-64 -4.382430e-63 -9.830442e-62 -1.885961e-60 -2.904954e-59 -2.863116e-58 1.314643e-57 1.556355e-55 4.872728e-54 1.104374e-52 2.061436e-51 3.305216e-50 4.629855e-49 5.700008e-48 6.162351e-47 5.806953e-46 4.688502e-45 3.122954e-44 1.548761e-43 3.328661e-43 -3.635014e-42 -5.937370e-41 -5.331266e-40 -3.634849e-39 -2.025855e-38 -9.471908e-38 -3.750053e-37 -1.259354e-36 -3.577775e-36 -8.550624e-36 -1.705413e-35 -2.808609e-35 -3.760813e-35 -3.977626e-35 -3.068971e-35 -1.155499e-35 1.155499e-35 3.068971e-35 3.977626e-35 3.760813e-35 2.808609e-35 1.705413e-35 8.550624e-36 3.577775e-36 1.259354e-36 3.750053e-37 9.471908e-38 2.025855e-38 3.634849e-39 5.331266e-40 5.937370e-41 3.635014e-42 -3.328661e-43 -1.548761e-43 -3.122954e-44 -4.688502e-45 -5.806953e-46 -6.162351e-47 -5.700008e-48 -4.629855e-49 -3.305216e-50 -2.061436e-51 -1.104374e-52 -4.872728e-54 -1.556355e-55 -1.314643e-57 2.863116e-58 2.904954e-59 1.885961e-60 9.830442e-62 4.382430e-63 1.715140e-64 5.967251e-66 1.856800e-67 5.178546e-69 1.293455e-70 2.882464e-72 5.687944e-74 9.802159e-76 1.436638e-77 1.686572e-79 1.302228e-81 -1.859852e-84 -2.988417e-85 -6.725822e-87 -1.035067e-88 -1.226506e-90 -6.216588e-93 -4.997173e-96 -5.791711e-100 -1.241805e-104 -6.113019e-110 -7.867902e-116 -2.722667e-122
6.397500e-117 1.215800e-110 6.970323e-105 1.110405e-99 4.208205e-95 3.010341e-91 3.128274e-88 5.117327e-86 3.449355e-84 1.547162e-82 7.640291e-82 -7.312970e-79 -9.549262e-77 -8.271809e-75 -5.752955e-73 -3.406958e-71 -1.763529e-69 -8.088626e-68 -3.312059e-66 -1.215228e-64 -3.998315e-63 -1.176997e-61 -3.080665e-60 -7.077133e-59 -1.388743e-57 -2.177666e-56 -2.129428e-55 1.380939e-54 1.373351e-52 4.354423e-51 1.012764e-49 1.948926e-48 3.229957e-47 4.685587e-46 5.983291e-45 6.717495e-44 6.578314e-43 5.517313e-42 3.803834e-41 1.920064e-40 3.472557e-40 -6.305594e-39 -9.969016e-38 -9.316725e-37 -6.721719e-36 -4.000190e-35 -2.011498e-34 -8.624205e-34 -3.158812e-33 -9.863122e-33 -2.612753e-32 -5.831936e-32 -1.087622e-31 -1.677419e-31 -2.110164e-31 -2.110818e-31 -1.559515e-31 -5.731573e-32 5.731573e-32 1.559515e-31 2.110818e-31 2.110164e-31 1.677419e-31 1.087622e-31 5.831936e-32 2.612753e-32 9.863122e-33 3.158812e-33 8.624205e-34 2.011498e-34 4.000190e-35 6.721719e-36 9.316725e-37 9.969016e-38 6.305594e-39 -3.472557e-40 -1.920064e-40 -3.803834e-41 -5.517313e-42 -6.578314e-43 -6.717495e-44 -5.983291e-45 -4.685587e-46 -3.229957e-47 -1.948926e-48 -1.012764e-49 -4.354423e-51 -1.373351e-52 -1.380939e-54 2.129428e-55 2.177666e-56 1.388743e-57 7.077133e-59 3.080665e-60 1.176997e-61 3.998315e-63 1.215228e-64 3.312059e-66 8.088626e-68 1.763529e-69 3.406958e-71 5.752955e-73 8.271809e-75 9.549262e-77 7.312970e-79 -7.640291e-82 -1.547162e-82 -3.449355e-84 -5.117327e-86 -3.128274e-88 -3.010341e-91 -4.208205e-95 -1.110405e-99 -6.970323e-105 -1.215800e-110 -6.397500e-117
2.572498e-112 3.607445e-106 1.621891e-100 2.099490e-95 6.596720e-91 3.941378e-87 3.391826e-84 4.415049e-82 2.039106e-80 7.118526e-80 -1.045740e-76 -1.376041e-74 -1.211385e-72 -8.582563e-71 -5.183895e-69 -2.738991e-67 -1.283177e-65 -5.369829e-64 -2.014605e-62 -6.780559e-61 -2.042486e-59 -5.471049e-58 -1.285817e-56 -2.577501e-55 -4.107001e-54 -3.959962e-53 3.489262e-52 3.042017e-50 9.762300e-49 2.327015e-47 4.609728e-46 7.883989e-45 1.182364e-43 1.563022e-42 1.818508e-41 1.846310e-40 1.604177e-39 1.140661e-38 5.819557e-38 7.796678e-38 -2.618648e-36 -4.059178e-35 -3.939492e-34 -2.994732e-33 -1.892882e-32 -1.017297e-31 -4.688833e-31 -1.857083e-30 -6.308382e-30 -1.829529e-29 -4.500058e-29 -9.309923e-29 -1.604379e-28 -2.277918e-28 -2.630100e-28 -2.417704e-28 -1.661040e-28 -5.843086e-29 5.843086e-29 1.661040e-28 2.417704e-28 2.630100e-28 2.277918e-28 1.604379e-28 9.309923e-29 4.500058e-29 1.829529e-29 6.308382e-30 1.857083e-30 4.688833e-31 1.017297e-31 1.892882e-32 2.994732e-33 3.939492e-34 4.059178e-35 2.618648e-36 -7.796678e-38 -5.819557e-38 -1.140661e-38 -1.604177e-39 -1.846310e-40 -1.818508e-41 -1.563022e-42 -1.182364e-43 -7.883989e-45 -4.609728e-46 -2.327015e-47 -9.762300e-49 -3.042017e-50 -3.489262e-52 3.959962e-53 4.107001e-54 2.577501e-55 1.285817e-56 5.471049e-58 2.042486e-59 6.780559e-61 2.014605e-62 5.369829e-64 1.283177e-65 2.738991e-67 5.183895e-69 8.582563e-71 1.211385e-72 1.376041e-74 1.045740e-76 -7.118526e-80 -2.039106e-80 -4.415049e-82 -3.391826e-84 -3.941378e-87 -6.596720e-91 -2.099490e-95 -1.621891e-100 -3.607445e-106 -2.572498e-112
1.507661e-108 1.658032e-102 6.057504e-97 6.501344e-92 1.706221e-87 8.441125e-84 5.770156e-81 5.097978e-79 9.860875e-79 -2.891464e-75 -3.833133e-73 -3.427787e-71 -2.472655e-69 -1.522386e-67 -8.205870e-66 -3.924267e-64 -1.677275e-62 -6.429964e-61 -2.212223e-59 -6.813722e-58 -1.866288e-56 -4.483149e-55 -9.170295e-54 -1.482385e-52 -1.400582e-51 1.631123e-50 1.285570e-48 4.175119e-47 1.018925e-45 2.075213e-44 3.657589e-43 5.662035e-42 7.735656e-41 9.309561e-40 9.779210e-39 8.780881e-38 6.418897e-37 3.286937e-36 2.359843e-36 -1.992836e-34 -3.058257e-33 -3.076842e-32 -2.455714e-31 -1.641209e-30 -9.377421e-30 -4.618043e-29 -1.963790e-28 -7.197110e-28 -2.262641e-27 -6.059155e-27 -1.369271e-26 -2.580474e-26 -3.995898e-26 -4.991434e-26 -4.914887e-26 -3.703670e-26 -2.030858e-26 -5.995186e-27 5.995186e-27 2.030858e-26 3.703670e-26 4.914887e-26 4.991434e-26 3.995898e-26 2.580474e-26 1.369271e-26 6.059155e-27 2.262641e-27 7.197110e-28 1.963790e-28 4.618043e-29 9.377421e-30 1.641209e-30 2.455714e-31 3.076842e-32 3.058257e-33 1.992836e-34 -2.359843e-36 -3.286937e-36 -6.418897e-37 -8.780881e-38 -9.779210e-39 -9.309561e-40 -7.735656e-41 -5.662035e-42 -3.657589e-43 -2.075213e-44 -1.018925e-45 -4.175119e-47 -1.285570e-48 -1.631123e-50 1.400582e-51 1.482385e-52 9.170295e-54 4.483149e-55 1.866288e-56 6.813722e-58 2.212223e-59 6.429964e-61 1.677275e-62 3.924267e-64 8.205870e-66 1.522386e-67 2.472655e-69 3.427787e-71 3.833133e-73 2.891464e-75 -9.860875e-79 -5.097978e-79 -5.770156e-81 -8.441125e-84 -1.706221e-87 -6.501344e-92 -6.057504e-97 -1.658032e-102 -1.507661e-108
1.144923e-105 1.023493e-99 3.101398e-94 2.781404e-89 6.047309e-85 2.377697e-81 1.100413e-78 1.204407e-78 -1.292040e-74 -1.728149e-72 -1.570269e-70 -1.153303e-68 -7.237408e-67 -3.979051e-65 -1.942078e-63 -8.475950e-62 -3.319446e-60 -1.167148e-58 -3.674869e-57 -1.029034e-55 -2.526223e-54 -5.273072e-53 -8.651126e-52 -8.013194e-51 1.177433e-49 8.685872e-48 2.861618e-46 7.152665e-45 1.497387e-43 2.718396e-42 4.340893e-41 6.124693e-40 7.617961e-39 8.272322e-38 7.669981e-37 5.760120e-36 2.956130e-35 2.790500e-37 -2.336200e-33 -3.595869e-32 -3.753518e-31 -3.140439e-30 -2.213292e-29 -1.339825e-28 -7.020265e-28 -3.189298e-27 -1.253659e-26 -4.242685e-26 -1.226554e-25 -2.995536e-25 -6.082787e-25 -1.002669e-24 -1.287986e-24 -1.181986e-24 -5.737520e-25 2.265396e-25 6.306716e-25 3.281693e-25 -3.281693e-25 -6.306716e-25 -2.265396e-25 5.737520e-25 1.181986e-24 1.287986e-24 1.002669e-24 6.082787e-25 2.995536e-25 1.226554e-25 4.242685e-26 1.253659e-26 3.189298e-27 7.020265e-28 1.339825e-28 2.213292e-29 3.140439e-30 3.753518e-31 3.595869e-32 2.336200e-33 -2.790500e-37 -2.956130e-35 -5.760120e-36 -7.669981e-37 -8.272322e-38 -7.617961e-39 -6.124693e-40 -4.340893e-41 -2.718396e-42 -1.497387e-43 -7.152665e-45 -2.861618e-46 -8.685872e-48 -1.177433e-49 8.013194e-51 8.651126e-52 5.273072e-53 2.526223e-54 1.029034e-55 3.674869e-57 1.167148e-58 3.319446e-60 8.475950e-62 1.942078e-63 3.979051e-65 7.237408e-67 1.153303e-68 1.570269e-70 1.728149e-72 1.292040e-74 -1.204407e-78 -1.100413e-78 -2.377697e-81 -6.047309e-85 -2.781404e-89 -3.101398e-94 -1.023493e-99 -1.144923e-105
2.025731e-103 1.504072e-97 3.814546e-92 2.839979e-87 4.922927e-83 1.319940e-79 1.504537e-78 -1.572723e-74 -2.187952e-72 -2.025339e-70 -1.517047e-68 -9.715595e-67 -5.454361e-65 -2.719800e-63 -1.213345e-61 -4.859621e-60 -1.748286e-58 -5.634757e-57 -1.615763e-55 -4.062855e-54 -8.684321e-53 -1.456266e-51 -1.358416e-50 2.223513e-49 1.631815e-47 5.506467e-46 1.415706e-44 3.054554e-43 5.723444e-42 9.444735e-41 1.378640e-39 1.775833e-38 1.998625e-37 1.920999e-36 1.492951e-35 7.835284e-35 -3.064635e-35 -7.342222e-33 -1.164072e-31 -1.270683e-30 -1.118221e-29 -8.322992e-29 -5.340282e-28 -2.976311e-27 -1.443320e-26 -6.077207e-26 -2.210172e-25 -6.883502e-25 -1.812145e-24 -3.950606e-24 -6.878484e-24 -8.828470e-24 -6.244348e-24 4.022661e-24 2.024798e-23 3.347227e-23 3.238847e-23 1.350188e-23 -1.350188e-23 -3.238847e-23 -3.347227e-23 -2.024798e-23 -4.022661e-24 6.244348e-24 8.828470e-24 6.878484e-24 3.950606e-24 1.812145e-24 6.883502e-25 2.210172e-25 6.077207e-26 1.443320e-26 2.976311e-27 5.340282e-28 8.322992e-29 1.118221e-29 1.270683e-30 1.164072e-31 7.342222e-33 3.064635e-35 -7.835284e-35 -1.492951e-35 -1.920999e-36 -1.998625e-37 -1.775833e-38 -1.378640e-39 -9.444735e-41 -5.723444e-42 -3.054554e-43 -1.415706e-44 -5.506467e-46 -1.631815e-47 -2.223513e-49 1.358416e-50 1.456266e-51 8.684321e-53 4.062855e-54 1.615763e-55 5.634757e-57 1.748286e-58 4.859621e-60 1.213345e-61 2.719800e-63 5.454361e-65 9.715595e-67 1.517047e-68 2.025339e-70 2.187952e-72 1.572723e-74 -1.504537e-78 -1.319940e-79 -4.922927e-83 -2.839979e-87 -3.814546e-92 -1.504072e-97 -2.025731e-103
2.403578e-101 1.495579e-95 3.154441e-90 1.878228e-85 2.240018e-81 3.644919e-79 -7.817466e-75 -2.139121e-72 -2.066205e-70 -1.579844e-68 -1.033274e-66 -5.926765e-65 -3.020952e-63 -1.378281e-61 -5.648385e-60 -2.080341e-58 -6.868129e-57 -2.018515e-55 -5.205150e-54 -1.141670e-52 -1.965467e-51 -1.881486e-50 3.185232e-49 2.400590e-47 8.341924e-46 2.211055e-44 4.923202e-43 9.529601e-42 1.626239e-40 2.457539e-39 3.280943e-38 3.831480e-37 3.825142e-36 3.089453e-35 1.680873e-34 -8.995665e-35 -1.762276e-32 -2.915222e-31 -3.339232e-30 -3.093706e-29 -2.431328e-28 -1.652010e-27 -9.779660e-27 -5.053104e-26 -2.274099e-25 -8.865836e-25 -2.966790e-24 -8.396395e-24 -1.959879e-23 -3.589437e-23 -4.501592e-23 -1.433977e-23 1.020137e-22 3.239788e-22 5.904960e-22 7.502344e-22 6.475961e-22 2.576429e-22 -2.576429e-22 -6.475961e-22 -7.502344e-22 -5.904960e-22 -3.239788e-22 -1.020137e-22 1.433977e-23 4.501592e-23 3.589437e-23 1.959879e-23 8.396395e-24 2.966790e-24 8.865836e-25 2.274099e-25 5.053104e-26 9.779660e-27 1.652010e-27 2.431328e-28 3.093706e-29 3.339232e-30 2.915222e-31 1.762276e-32 8.995665e-35 -1.680873e-34 -3.089453e-35 -3.825142e-36 -3.831480e-37 -3.280943e-38 -2.457539e-39 -1.626239e-40 -9.529601e-42 -4.923202e-43 -2.211055e-44 -8.341924e-46 -2.400590e-47 -3.185232e-49 1.881486e-50 1.965467e-51 1.141670e-52 5.205150e-54 2.018515e-55 6.868129e-57 2.080341e-58 5.648385e-60 1.378281e-61 3.020952e-63 5.926765e-65 1.033274e-66 1.579844e-68 2.066205e-70 2.139121e-72 7.817466e-75 -3.644919e-79 -2.240018e-81 -1.878228e-85 -3.154441e-90 -1.495579e-95 -2.403578e-101
2.348487e-99 1.216218e-93 2.055189e-88 8.475804e-84 9.673745e-81 -7.187354e-76 -1.051339e-72 -1.981220e-70 -1.579840e-68 -1.054805e-66 -6.179019e-65 -3.218003e-63 -1.500808e-61 -6.290276e-60 -2.370608e-58 -8.012623e-57 -2.412237e-55 -6.375612e-54 -1.434109e-52 -2.533346e-51 -2.488395e-50 4.344076e-49 3.362661e-47 1.202499e-45 3.283195e-44 7.537497e-43 1.505739e-41 2.654514e-40 4.148338e-39 5.733332e-38 6.938617e-37 7.185839e-36 6.023864e-35 3.394657e-34 -2.285589e-34 -3.953909e-32 -6.815654e-31 -8.175369e-30 -7.954857e-29 -6.583071e-28 -4.722471e-27 -2.959543e-26 -1.623324e-25 -7.776800e-25 -3.235679e-24 -1.157743e-23 -3.504010e-23 -8.706406e-23 -1.663337e-22 -1.965924e-22 7.425854e-23 1.123147e-21 3.450580e-21 7.025054e-21 1.070429e-20 1.236600e-20 1.012860e-20 3.934789e-21 -3.934789e-21 -1.012860e-20 -1.236600e-20 -1.070429e-20 -7.025054e-21 -3.450580e-21 -1.123147e-21 -7.425854e-23 1.965924e-22 1.663337e-22 8.706406e-23 3.504010e-23 1.157743e-23 3.235679e-24 7.776800e-25 1.623324e-25 2.959543e-26 4.722471e-27 6.583071e-28 7.954857e-29 8.175369e-30 6.815654e-31 3.953909e-32 2.285589e-34 -3.394657e-34 -6.023864e-35 -7.185839e-36 -6.938617e-37 -5.733332e-38 -4.148338e-39 -2.654514e-40 -1.505739e-41 -7.537497e-43 -3.283195e-44 -1.202499e-45 -3.362661e-47 -4.344076e-49 2.488395e-50 2.533346e-51 1.434109e-52 6.375612e-54 2.412237e-55 8.012623e-57 2.370608e-58 6.290276e-60 1.500808e-61 3.218003e-63 6.179019e-65 1.054805e-66 1.579840e-68 1.981220e-70 1.051339e-72 7.187354e-76 -9.673745e-81 -8.475804e-84 -2.055189e-88 -1.216218e-93 -2.348487e-99
1.876629e-97 7.799094e-92 9.184898e-87 4.839212e-83 -1.124793e-77 -9.594694e-74 -9.575700e-71 -1.484559e-68 -1.033269e-66 -6.179019e-65 -3.286482e-63 -1.566068e-61 -6.709646e-60 -2.586108e-58 -8.944171e-57 -2.756729e-55 -7.463502e-54 -1.720649e-52 -3.116899e-51 -3.139803e-50 5.644887e-49 4.485612e-47 1.649469e-45 4.635235e-44 1.096217e-42 2.257887e-41 4.107945e-40 6.631644e-39 9.477532e-38 1.187237e-36 1.273857e-35 1.106963e-34 6.454740e-34 -5.222827e-34 -8.304586e-32 -1.489607e-30 -1.867446e-29 -1.904118e-28 -1.655167e-27 -1.250156e-26 -8.269064e-26 -4.799003e-25 -2.438523e-24 -1.078568e-23 -4.109121e-23 -1.324078e-22 -3.485391e-22 -6.899391e-22 -7.351005e-22 1.170453e-21 8.899171e-21 2.834207e-20 6.400578e-20 1.123600e-19 1.567325e-19 1.712284e-19 1.356000e-19 5.184279e-20 -5.184279e-20 -1.356000e-19 -1.712284e-19 -1.567325e-19 -1.123600e-19 -6.400578e-20 -2.834207e-20 -8.899171e-21 -1.170453e-21 7.351005e-22 6.899391e-22 3.485391e-22 1.324078e-22 4.109121e-23 1.078568e-23 2.438523e-24 4.799003e-25 8.269064e-26 1.250156e-26 1.655167e-27 1.904118e-28 1.867446e-29 1.489607e-30 8.304586e-32 5.222827e-34 -6.454740e-34 -1.106963e-34 -1.273857e-35 -1.187237e-36 -9.477532e-38 -6.631644e-39 -4.107945e-40 -2.257887e-41 -1.096217e-42 -4.635235e-44 -1.649469e-45 -4.485612e-47 -5.644887e-49 3.139803e-50 3.116899e-51 1.720649e-52 7.463502e-54 2.756729e-55 8.944171e-57 2.586108e-58 6.709646e-60 1.566068e-61 3.286482e-63 6.179019e-65 1.033269e-66 1.484559e-68 9.575700e-71 9.594694e-74 1.124793e-77 -4.839212e-83 -9.184898e-87 -7.799094e-92 -1.876629e-97
1.183669e-95 3.448189e-90 6.374482e-86 -3.923464e-80 -1.490870e-75 -8.605812e-72 -7.044542e-69 -9.510506e-67 -5.926735e-65 -3.218003e-63 -1.566068e-61 -6.855514e-60 -2.701041e-58 -9.553903e-57 -3.013086e-55 -8.351515e-54 -1.972211e-52 -3.661389e-51 -3.780587e-50 6.991175e-49 5.700097e-47 2.153830e-45 6.224612e-44 1.515187e-42 3.214894e-41 6.030657e-40 1.004691e-38 1.483154e-37 1.920961e-36 2.132913e-35 1.919066e-34 1.156785e-33 -1.089787e-33 -1.635426e-31 -3.048521e-30 -3.987177e-29 -4.251554e-28 -3.873193e-27 -3.072556e-26 -2.139223e-25 -1.309742e-24 -7.036451e-24 -3.297110e-23 -1.332591e-22 -4.554197e-22 -1.265021e-21 -2.580474e-21 -2.331429e-21 8.823642e-21 5.666865e-20 1.907766e-19 4.738525e-19 9.364923e-19 1.508537e-18 1.983434e-18 2.080955e-18 1.606435e-18 6.066156e-19 -6.066156e-19 -1.606435e-18 -2.080955e-18 -1.983434e-18 -1.508537e-18 -9.364923e-19 -4.738525e-19 -1.907766e-19 -5.666865e-20 -8.823642e-21 2.331429e-21 2.580474e-21 1.265021e-21 4.554197e-22 1.332591e-22 3.297110e-23 7.036451e-24 1.309742e-24 2.139223e-25 3.072556e-26 3.873193e-27 4.251554e-28 3.987177e-29 3.048521e-30 1.635426e-31 1.089787e-33 -1.156785e-33 -1.919066e-34 -2.132913e-35 -1.920961e-36 -1.483154e-37 -1.004691e-38 -6.030657e-40 -3.214894e-41 -1.515187e-42 -6.224612e-44 -2.153830e-45 -5.700097e-47 -6.991175e-49 3.780587e-50 3.661389e-51 1.972211e-52 8.351515e-54 3.013086e-55 9.553903e-57 2.701041e-58 6.855514e-60 1.566068e-61 3.218003e-63 5.926735e-65 9.510506e-67 7.044542e-69 8.605812e-72 1.490870e-75 3.923464e-80 -6.374482e-86 -3.448189e-90 -1.183669e-95
5.171865e-94 2.767106e-89 -3.920774e-83 -5.161265e-78 -1.316511e-73 -6.220604e-70 -4.426766e-67 -5.340748e-65 -3.020934e-63 -1.500808e-61 -6.709646e-60 -2.701041e-58 -9.766178e-57 -3.150001e-55 -8.933860e-54 -2.159866e-52 -4.107130e-51 -4.344868e-50 8.254497e-49 6.902186e-47 2.678093e-45 7.953830e-44 1.991198e-42 4.348552e-41 8.402940e-40 1.443316e-38 2.198682e-37 2.941237e-36 3.375845e-35 3.141446e-34 1.955840e-33 -2.095508e-33 -3.023872e-31 -5.850563e-30 -7.970055e-29 -8.870985e-28 -8.452331e-27 -7.026566e-26 -5.136944e-25 -3.309188e-24 -1.874307e-23 -9.275788e-23 -3.964360e-22 -1.432179e-21 -4.184009e-21 -8.756027e-21 -6.085840e-21 4.977921e-20 3.039670e-19 1.088011e-18 2.949403e-18 6.462738e-18 1.172434e-17 1.774126e-17 2.227416e-17 2.261266e-17 1.708891e-17 6.385925e-18 -6.385925e-18 -1.708891e-17 -2.261266e-17 -2.227416e-17 -1.774126e-17 -1.172434e-17 -6.462738e-18 -2.949403e-18 -1.088011e-18 -3.039670e-19 -4.977921e-20 6.085840e-21 8.756027e-21 4.184009e-21 1.432179e-21 3.964360e-22 9.275788e-23 1.874307e-23 3.309188e-24 5.136944e-25 7.026566e-26 8.452331e-27 8.870985e-28 7.970055e-29 5.850563e-30 3.023872e-31 2.095508e-33 -1.955840e-33 -3.141446e-34 -3.375845e-35 -2.941237e-36 -2.198682e-37 -1.443316e-38 -8.402940e-40 -4.348552e-41 -1.991198e-42 -7.953830e-44 -2.678093e-45 -6.902186e-47 -8.254497e-49 4.344868e-50 4.107130e-51 2.159866e-52 8.933860e-54 3.150001e-55 9.766178e-57 2.701041e-58 6.709646e-60 1.500808e-61 3.020934e-63 5.340748e-65 4.426766e-67 6.220604e-70 1.316511e-73 5.161265e-78 3.920774e-83 -2.767106e-89 -5.171865e-94
4.642532e-93 -1.357717e-86 -5.116073e-81 -4.484546e-76 -9.346894e-72 -3.836492e-68 -2.436847e-65 -2.663883e-63 -1.378271e-61 -6.290276e-60 -2.586108e-58 -9.553903e-57 -3.150001e-55 -9.136793e-54 -2.260233e-52 -4.400004e-51 -4.766714e-50 9.293093e-49 7.965837e-47 3.171753e-45 9.673728e-44 2.488806e-42 5.589925e-41 1.111775e-39 1.967092e-38 3.089351e-37 4.264263e-36 5.054198e-35 4.859453e-34 3.122376e-33 -3.735753e-33 -5.255793e-31 -1.054281e-29 -1.493658e-28 -1.732405e-27 -1.723154e-26 -1.498102e-25 -1.147490e-24 -7.759176e-24 -4.621379e-23 -2.408927e-22 -1.085575e-21 -4.133622e-21 -1.266542e-20 -2.709497e-20 -1.191174e-20 2.320105e-19 1.409750e-18 5.370058e-18 1.578235e-17 3.791868e-17 7.621953e-17 1.294486e-16 1.860732e-16 2.245849e-16 2.215271e-16 1.642822e-16 6.081886e-17 -6.081886e-17 -1.642822e-16 -2.215271e-16 -2.245849e-16 -1.860732e-16 -1.294486e-16 -7.621953e-17 -3.791868e-17 -1.578235e-17 -5.370058e-18 -1.409750e-18 -2.320105e-19 1.191174e-20 2.709497e-20 1.266542e-20 4.133622e-21 1.085575e-21 2.408927e-22 4.621379e-23 7.759176e-24 1.147490e-24 1.498102e-25 1.723154e-26 1.732405e-27 1.493658e-28 1.054281e-29 5.255793e-31 3.735753e-33 -3.122376e-33 -4.859453e-34 -5.054198e-35 -4.264263e-36 -3.089351e-37 -1.967092e-38 -1.111775e-39 -5.589925e-41 -2.488806e-42 -9.673728e-44 -3.171753e-45 -7.965837e-47 -9.293093e-49 4.766714e-50 4.400004e-51 2.260233e-52 9.136793e-54 3.150001e-55 9.553903e-57 2.586108e-58 6.290276e-60 1.378271e-61 2.663883e-63 2.436847e-65 3.836492e-68 9.346894e-72 4.484546e-76 5.116073e-81 1.357717e-86 -4.642532e-93
-1.878713e-90 -1.756283e-84 -4.371218e-79 -3.125424e-74 -5.655339e-70 -2.071158e-66 -1.190817e-63 -1.188729e-61 -5.648337e-60 -2.370608e-58 -8.944171e-57 -3.013086e-55 -8.933860e-54 -2.260233e-52 -4.502162e-51 -4.992633e-50 9.977425e-49 8.763716e-47 3.578649e-45 1.120129e-43 2.959485e-42 6.831094e-41 1.397275e-39 2.544513e-38 4.116306e-37 5.857253e-36 7.162158e-35 7.108113e-34 4.710055e-33 -6.200794e-33 -8.596283e-31 -1.785891e-29 -2.627695e-28 -3.170875e-27 -3.286836e-26 -2.982891e-25 -2.389005e-24 -1.691972e-23 -1.057252e-22 -5.790346e-22 -2.744368e-21 -1.098615e-20 -3.522016e-20 -7.680292e-20 -1.055041e-20 9.307549e-19 5.748905e-18 2.328146e-17 7.375849e-17 1.926570e-16 4.241257e-16 7.954182e-16 1.276946e-15 1.753859e-15 2.042525e-15 1.962016e-15 1.429701e-15 5.246832e-16 -5.246832e-16 -1.429701e-15 -1.962016e-15 -2.042525e-15 -1.753859e-15 -1.276946e-15 -7.954182e-16 -4.241257e-16 -1.926570e-16 -7.375849e-17 -2.328146e-17 -5.748905e-18 -9.307549e-19 1.055041e-20 7.680292e-20 3.522016e-20 1.098615e-20 2.744368e-21 5.790346e-22 1.057252e-22 1.691972e-23 2.389005e-24 2.982891e-25 3.286836e-26 3.170875e-27 2.627695e-28 1.785891e-29 8.596283e-31 6.200794e-33 -4.710055e-33 -7.108113e-34 -7.162158e-35 -5.857253e-36 -4.116306e-37 -2.544513e-38 -1.397275e-39 -6.831094e-41 -2.959485e-42 -1.120129e-43 -3.578649e-45 -8.763716e-47 -9.977425e-49 4.992633e-50 4.502162e-51 2.260233e-52 8.933860e-54 3.013086e-55 8.944171e-57 2.370608e-58 5.648337e-60 1.188729e-61 1.190817e-63 2.071158e-66 5.655339e-70 3.125424e-74 4.371218e-79 1.756283e-84 1.878713e-90
-2.407650e-88 -1.474613e-82 -2.988581e-77 -1.854077e-72 -2.992825e-68 -9.919876e-65 -5.203563e-62 -4.762394e-60 -2.080320e-58 -8.012623e-57 -2.756729e-55 -8.351515e-54 -2.159866e-52 -4.400004e-51 -4.992633e-50 1.021646e-48 9.191892e-47 3.847215e-45 1.235023e-43 3.348749e-42 7.937943e-41 1.668613e-39 3.125012e-38 5.203026e-37 7.625642e-36 9.611243e-35 9.837375e-34 6.717837e-33 -9.612461e-33 -1.324263e-30 -2.846545e-29 -4.344129e-28 -5.446083e-27 -5.873833e-26 -5.554962e-25 -4.643379e-24 -3.437658e-23 -2.248866e-22 -1.291213e-21 -6.421525e-21 -2.696395e-20 -9.026053e-20 -2.001926e-19 4.220127e-20 3.285813e-18 2.085890e-17 8.964297e-17 3.046380e-16 8.591738e-16 2.053378e-15 4.203695e-15 7.416867e-15 1.131046e-14 1.488819e-14 1.676035e-14 1.569540e-14 1.124468e-14 4.091777e-15 -4.091777e-15 -1.124468e-14 -1.569540e-14 -1.676035e-14 -1.488819e-14 -1.131046e-14 -7.416867e-15 -4.203695e-15 -2.053378e-15 -8.591738e-16 -3.046380e-16 -8.964297e-17 -2.085890e-17 -3.285813e-18 -4.220127e-20 2.001926e-19 9.026053e-20 2.696395e-20 6.421525e-21 1.291213e-21 2.248866e-22 3.437658e-23 4.643379e-24 5.554962e-25 5.873833e-26 5.446083e-27 4.344129e-28 2.846545e-29 1.324263e-30 9.612461e-33 -6.717837e-33 -9.837375e-34 -9.611243e-35 -7.625642e-36 -5.203026e-37 -3.125012e-38 -1.668613e-39 -7.937943e-41 -3.348749e-42 -1.235023e-43 -3.847215e-45 -9.191892e-47 -1.021646e-48 4.992633e-50 4.400004e-51 2.159866e-52 8.351515e-54 2.756729e-55 8.012623e-57 2.080320e-58 4.762394e-60 5.203563e-62 9.919876e-65 2.992825e-68 1.854077e-72 2.988581e-77 1.474613e-82 2.407650e-88
-1.985175e-86 -9.883856e-81 -1.737120e-75 -9.612189e-71 -1.404249e-66 -4.246358e-63 -2.040489e-60 -1.713833e-58 -6.868049e-57 -2.412237e-55 -7.463502e-54 -1.972211e-52 -4.107130e-51 -4.766714e-50 9.977425e-49 9.191892e-47 3.941107e-45 1.296780e-43 3.606254e-42 8.772859e-41 1.893816e-39 3.644890e-38 6.240961e-37 9.413527e-36 1.221923e-34 1.288759e-33 9.064167e-33 -1.394881e-32 -1.922944e-30 -4.272801e-29 -6.755261e-28 -8.786571e-27 -9.846056e-26 -9.688117e-25 -8.437873e-24 -6.518241e-23 -4.455676e-22 -2.676579e-21 -1.393864e-20 -6.126646e-20 -2.137675e-19 -4.814576e-19 2.903183e-19 1.035042e-17 6.793523e-17 3.091746e-16 1.122210e-15 3.398229e-15 8.755963e-15 1.939815e-14 3.719024e-14 6.197237e-14 8.996160e-14 1.136079e-13 1.236761e-13 1.129125e-13 7.952426e-14 2.869035e-14 -2.869035e-14 -7.952426e-14 -1.129125e-13 -1.236761e-13 -1.136079e-13 -8.996160e-14 -6.197237e-14 -3.719024e-14 -1.939815e-14 -8.755963e-15 -3.398229e-15 -1.122210e-15 -3.091746e-16 -6.793523e-17 -1.035042e-17 -2.903183e-19 4.814576e-19 2.137675e-19 6.126646e-20 1.393864e-20 2.676579e-21 4.455676e-22 6.518241e-23 8.437873e-24 9.688117e-25 9.846056e-26 8.786571e-27 6.755261e-28 4.272801e-29 1.922944e-30 1.394881e-32 -9.064167e-33 -1.288759e-33 -1.221923e-34 -9.413527e-36 -6.240961e-37 -3.644890e-38 -1.893816e-39 -8.772859e-41 -3.606254e-42 -1.296780e-43 -3.941107e-45 -9.191892e-47 -9.977425e-49 4.766714e-50 4.107130e-51 1.972211e-52 7.463502e-54 2.412237e-55 6.868049e-57 1.713833e-58 2.040489e-60 4.246358e-63 1.404249e-66 9.612189e-71 1.737120e-75 9.883856e-81 1.985175e-86
-1.303573e-84 -5.625276e-79 -8.816668e-74 -4.415412e-69 -5.885591e-65 -1.630470e-61 -7.184418e-59 -5.525588e-57 -2.018487e-55 -6.375612e-54 -1.720649e-52 -3.661389e-51 -4.344868e-50 9.293093e-49 8.763716e-47 3.847215e-45 1.296780e-43 3.696379e-42 9.222405e-41 2.043143e-39 4.038229e-38 7.105606e-37 1.102172e-35 1.472266e-34 1.598833e-33 1.157483e-32 -1.898052e-32 -2.633736e-30 -6.044372e-29 -9.888774e-28 -1.332834e-26 -1.549670e-25 -1.584178e-24 -1.435370e-23 -1.155078e-22 -8.235971e-22 -5.166717e-21 -2.812138e-20 -1.291521e-19 -4.689914e-19 -1.071485e-18 1.110277e-18 2.937214e-17 1.999752e-16 9.616712e-16 3.714220e-15 1.201913e-14 3.319975e-14 7.905567e-14 1.633005e-13 2.940122e-13 4.631707e-13 6.399533e-13 7.747202e-13 8.146331e-13 7.242084e-13 5.009298e-13 1.790787e-13 -1.790787e-13 -5.009298e-13 -7.242084e-13 -8.146331e-13 -7.747202e-13 -6.399533e-13 -4.631707e-13 -2.940122e-13 -1.633005e-13 -7.905567e-14 -3.319975e-14 -1.201913e-14 -3.714220e-15 -9.616712e-16 -1.999752e-16 -2.937214e-17 -1.110277e-18 1.071485e-18 4.689914e-19 1.291521e-19 2.812138e-20 5.166717e-21 8.235971e-22 1.155078e-22 1.435370e-23 1.584178e-24 1.549670e-25 1.332834e-26 9.888774e-28 6.044372e-29 2.633736e-30 1.898052e-32 -1.157483e-32 -1.598833e-33 -1.472266e-34 -1.102172e-35 -7.105606e-37 -4.038229e-38 -2.043143e-39 -9.222405e-41 -3.696379e-42 -1.296780e-43 -3.847215e-45 -8.763716e-47 -9.293093e-49 4.344868e-50 3.661389e-51 1.720649e-52 6.375612e-54 2.018487e-55 5.525588e-57 7.184418e-59 1.630470e-61 5.885591e-65 4.415412e-69 8.816668e-74 5.625276e-79 1.303573e-84
-7.259411e-83 -2.793159e-77 -3.962193e-72 -1.810736e-67 -2.211658e-63 -5.619211e-60 -2.265547e-57 -1.585086e-55 -5.205064e-54 -1.434109e-52 -3.116899e-51 -3.780587e-50 8.254497e-49 7.965837e-47 3.578649e-45 1.235023e-43 3.606254e-42 9.222405e-41 2.095469e-39 4.250399e-38 7.680345e-37 1.224226e-35 1.681594e-34 1.878926e-33 1.399410e-32 -2.425018e-32 -3.404297e-30 -8.062978e-29 -1.363638e-27 -1.902340e-26 -2.292072e-25 -2.431074e-24 -2.288242e-23 -1.915303e-22 -1.422205e-21 -9.301759e-21 -5.282310e-20 -2.530665e-19 -9.551511e-19 -2.212365e-18 3.332136e-18 7.561798e-17 5.349537e-16 2.712617e-15 1.111119e-14 3.826820e-14 1.127895e-13 2.870950e-13 6.347310e-13 1.224367e-12 2.069308e-12 3.076565e-12 4.035387e-12 4.668086e-12 4.725144e-12 4.077371e-12 2.762942e-12 9.774121e-13 -9.774121e-13 -2.762942e-12 -4.077371e-12 -4.725144e-12 -4.668086e-12 -4.035387e-12 -3.076565e-12 -2.069308e-12 -1.224367e-12 -6.347310e-13 -2.870950e-13 -1.127895e-13 -3.826820e-14 -1.111119e-14 -2.712617e-15 -5.349537e-16 -7.561798e-17 -3.332136e-18 2.212365e-18 9.551511e-19 2.530665e-19 5.282310e-20 9.301759e-21 1.422205e-21 1.915303e-22 2.288242e-23 2.431074e-24 2.292072e-25 1.902340e-26 1.363638e-27 8.062978e-29 3.404297e-30 2.425018e-32 -1.399410e-32 -1.878926e-33 -1.681594e-34 -1.224226e-35 -7.680345e-37 -4.250399e-38 -2.095469e-39 -9.222405e-41 -3.606254e-42 -1.235023e-43 -3.578649e-45 -7.965837e-47 -8.254497e-49 3.780587e-50 3.116899e-51 1.434109e-52 5.205064e-54 1.585086e-55 2.265547e-57 5.619211e-60 2.211658e-63 1.810736e-67 3.962193e-72 2.793159e-77 7.259411e-83
-3.523831e-81 -1.227136e-75 -1.588691e-70 -6.654279e-66 -7.456621e-62 -1.734033e-58 -6.355373e-56 -3.987709e-54 -1.141647e-52 -2.533346e-51 -3.139803e-50 6.991175e-49 6.902186e-47 3.171753e-45 1.120129e-43 3.348749e-42 8.772859e-41 2.043143e-39 4.250399e-38 7.881984e-37 1.290186e-35 1.821084e-34 2.092145e-33 1.602283e-32 -2.911910e-32 -4.154529e-30 -1.014752e-28 -1.772380e-27 -2.556435e-26 -3.188213e-25 -3.504144e-24 -3.421792e-23 -2.974861e-22 -2.297042e-21 -1.563886e-20 -9.251679e-20 -4.616671e-19 -1.809035e-18 -4.247765e-18 8.525956e-18 1.775667e-16 1.306340e-15 6.970680e-15 3.019266e-14 1.102888e-13 3.454639e-13 9.357337e-13 2.202542e-12 4.522181e-12 8.129183e-12 1.284813e-11 1.793250e-11 2.218248e-11 2.433556e-11 2.352484e-11 1.955758e-11 1.290704e-11 4.503501e-12 -4.503501e-12 -1.290704e-11 -1.955758e-11 -2.352484e-11 -2.433556e-11 -2.218248e-11 -1.793250e-11 -1.284813e-11 -8.129183e-12 -4.522181e-12 -2.202542e-12 -9.357337e-13 -3.454639e-13 -1.102888e-13 -3.019266e-14 -6.970680e-15 -1.306340e-15 -1.775667e-16 -8.525956e-18 4.247765e-18 1.809035e-18 4.616671e-19 9.251679e-20 1.563886e-20 2.297042e-21 2.974861e-22 3.421792e-23 3.504144e-24 3.188213e-25 2.556435e-26 1.772380e-27 1.014752e-28 4.154529e-30 2.911910e-32 -1.602283e-32 -2.092145e-33 -1.821084e-34 -1.290186e-35 -7.881984e-37 -4.250399e-38 -2.043143e-39 -8.772859e-41 -3.348749e-42 -1.120129e-43 -3.171753e-45 -6.902186e-47 -6.991175e-49 3.139803e-50 2.533346e-51 1.141647e-52 3.987709e-54 6.355373e-56 1.734033e-58 7.456621e-62 6.654279e-66 1.588691e-70 1.227136e-75 3.523831e-81
-1.512339e-79 -4.807113e-74 -5.705155e-69 -2.193078e-64 -2.250438e-60 -4.760125e-57 -1.563764e-54 -8.529854e-53 -1.965410e-51 -2.488394e-50 5.644887e-49 5.700097e-47 2.678093e-45 9.673728e-44 2.959485e-42 7.937943e-41 1.893816e-39 4.038229e-38 7.680345e-37 1.290186e-35 1.870082e-34 2.207579e-33 1.737729e-32 -3.288479e-32 -4.788515e-30 -1.205348e-28 -2.172264e-27 -3.236265e-26 -4.173106e-25 -4.747406e-24 -4.803549e-23 -4.331992e-22 -3.473553e-21 -2.458255e-20 -1.512782e-19 -7.852259e-19 -3.191294e-18 -7.599222e-18 1.924256e-17 3.819316e-16 2.922799e-15 1.638114e-14 7.483170e-14 2.890287e-13 9.588919e-13 2.753354e-12 6.870093e-12 1.493589e-11 2.836543e-11 4.720988e-11 6.913943e-11 8.950455e-11 1.028387e-10 1.050612e-10 9.503772e-11 7.458849e-11 4.713388e-11 1.606281e-11 -1.606281e-11 -4.713388e-11 -7.458849e-11 -9.503772e-11 -1.050612e-10 -1.028387e-10 -8.950455e-11 -6.913943e-11 -4.720988e-11 -2.836543e-11 -1.493589e-11 -6.870093e-12 -2.753354e-12 -9.588919e-13 -2.890287e-13 -7.483170e-14 -1.638114e-14 -2.922799e-15 -3.819316e-16 -1.924256e-17 7.599222e-18 3.191294e-18 7.852259e-19 1.512782e-19 2.458255e-20 3.473553e-21 4.331992e-22 4.803549e-23 4.747406e-24 4.173106e-25 3.236265e-26 2.172264e-27 1.205348e-28 4.788515e-30 3.288479e-32 -1.737729e-32 -2.207579e-33 -1.870082e-34 -1.290186e-35 -7.680345e-37 -4.038229e-38 -1.893816e-39 -7.937943e-41 -2.959485e-42 -9.673728e-44 -2.678093e-45 -5.700097e-47 -5.644887e-49 2.488394e-50 1.965410e-51 8.529854e-53 1.563764e-54 4.760125e-57 2.250438e-60 2.193078e-64 5.705155e-69 4.807113e-74 1.512339e-79
-5.783394e-78 -1.685563e-72 -1.836510e-67 -6.467944e-63 -6.041550e-59 -1.146682e-55 -3.274860e-53 -1.432307e-51 -1.881373e-50 4.344076e-49 4.485612e-47 2.153830e-45 7.953830e-44 2.488806e-42 6.831094e-41 1.668613e-39 3.644890e-38 7.105606e-37 1.224226e-35 1.821084e-34 2.207579e-33 1.785353e-32 -3.494275e-32 -5.213957e-30 -1.351696e-28 -2.511407e-27 -3.860968e-26 -5.142520e-25 -6.048779e-24 -6.334486e-23 -5.918688e-22 -4.922056e-21 -3.616166e-20 -2.311853e-19 -1.246678e-18 -5.250653e-18 -1.268961e-17 3.899059e-17 7.550514e-16 6.010074e-15 3.531737e-14 1.697561e-13 6.914106e-13 2.422346e-12 7.349700e-12 1.937059e-11 4.440542e-11 8.861900e-11 1.541404e-10 2.340900e-10 3.111217e-10 3.626749e-10 3.712346e-10 3.333863e-10 2.615467e-10 1.768872e-10 9.774052e-11 3.064038e-11 -3.064038e-11 -9.774052e-11 -1.768872e-10 -2.615467e-10 -3.333863e-10 -3.712346e-10 -3.626749e-10 -3.111217e-10 -2.340900e-10 -1.541404e-10 -8.861900e-11 -4.440542e-11 -1.937059e-11 -7.349700e-12 -2.422346e-12 -6.914106e-13 -1.697561e-13 -3.531737e-14 -6.010074e-15 -7.550514e-16 -3.899059e-17 1.268961e-17 5.250653e-18 1.246678e-18 2.311853e-19 3.616166e-20 4.922056e-21 5.918688e-22 6.334486e-23 6.048779e-24 5.142520e-25 3.860968e-26 2.511407e-27 1.351696e-28 5.213957e-30 3.494275e-32 -1.785353e-32 -2.207579e-33 -1.821084e-34 -1.224226e-35 -7.105606e-37 -3.644890e-38 -1.668613e-39 -6.831094e-41 -2.488806e-42 -7.953830e-44 -2.153830e-45 -4.485612e-47 -4.344076e-49 1.881373e-50 1.432307e-51 3.274860e-53 1.146682e-55 6.041550e-59 6.467944e-63 1.836510e-67 1.685563e-72 5.783394e-78
-1.978386e-76 -5.295078e-71 -5.288245e-66 -1.696607e-61 -1.423885e-57 -2.355018e-54 -5.405980e-52 -1.343038e-50 3.185403e-49 3.362661e-47 1.649469e-45 6.224612e-44 1.991198e-42 5.589925e-41 1.397275e-39 3.125012e-38 6.240961e-37 1.102172e-35 1.681594e-34 2.092145e-33 1.737729e-32 -3.494275e-32 -5.363928e-30 -1.431336e-28 -2.739539e-27 -4.342346e-26 -5.968417e-25 -7.251194e-24 -7.851074e-23 -7.591808e-22 -6.540224e-21 -4.982171e-20 -3.304967e-19 -1.849485e-18 -8.066435e-18 -1.980916e-17 7.168210e-17 1.375741e-15 1.138717e-14 7.004594e-14 3.535077e-13 1.514702e-12 5.589512e-12 1.787085e-11 4.960086e-11 1.194888e-10 2.495089e-10 4.507181e-10 7.024205e-10 9.401385e-10 1.070649e-09 1.015501e-09 7.598395e-10 3.743379e-10 -7.789805e-12 -2.501163e-10 -2.783690e-10 -1.177116e-10 1.177116e-10 2.783690e-10 2.501163e-10 7.789805e-12 -3.743379e-10 -7.598395e-10 -1.015501e-09 -1.070649e-09 -9.401385e-10 -7.024205e-10 -4.507181e-10 -2.495089e-10 -1.194888e-10 -4.960086e-11 -1.787085e-11 -5.589512e-12 -1.514702e-12 -3.535077e-13 -7.004594e-14 -1.138717e-14 -1.375741e-15 -7.168210e-17 1.980916e-17 8.066435e-18 1.849485e-18 3.304967e-19 4.982171e-20 6.540224e-21 7.591808e-22 7.851074e-23 7.251194e-24 5.968417e-25 4.342346e-26 2.739539e-27 1.431336e-28 5.363928e-30 3.494275e-32 -1.737729e-32 -2.092145e-33 -1.681594e-34 -1.102172e-35 -6.240961e-37 -3.125012e-38 -1.397275e-39 -5.589925e-41 -1.991198e-42 -6.224612e-44 -1.649469e-45 -3.362661e-47 -3.185403e-49 1.343038e-50 5.405980e-52 2.355018e-54 1.423885e-57 1.696607e-61 5.288245e-66 5.295078e-71 1.978386e-76
-6.059727e-75 -1.487303e-69 -1.354087e-64 -3.908201e-60 -2.865676e-56 -3.835214e-53 -5.122849e-51 2.156966e-49 2.400601e-47 1.202499e-45 4.635235e-44 1.515187e-42 4.348552e-41 1.111775e-39 2.544513e-38 5.203026e-37 9.413527e-36 1.472266e-34 1.878926e-33 1.602283e-32 -3.288479e-32 -5.213957e-30 -1.431336e-28 -2.820053e-27 -4.604861e-26 -6.525647e-25 -8.181353e-24 -9.149345e-23 -9.146513e-22 -8.153745e-21 -6.433127e-20 -4.423068e-19 -2.565984e-18 -1.158213e-17 -2.894665e-17 1.203900e-16 2.315518e-15 1.992242e-14 1.280910e-13 6.774655e-13 3.047255e-12 1.181712e-11 3.971732e-11 1.157971e-10 2.923298e-10 6.365153e-10 1.187993e-09 1.881627e-09 2.482091e-09 2.610940e-09 1.906293e-09 2.497935e-10 -2.077095e-09 -4.418219e-09 -5.961702e-09 -6.060667e-09 -4.511570e-09 -1.667076e-09 1.667076e-09 4.511570e-09 6.060667e-09 5.961702e-09 4.418219e-09 2.077095e-09 -2.497935e-10 -1.906293e-09 -2.610940e-09 -2.482091e-09 -1.881627e-09 -1.187993e-09 -6.365153e-10 -2.923298e-10 -1.157971e-10 -3.971732e-11 -1.181712e-11 -3.047255e-12 -6.774655e-13 -1.280910e-13 -1.992242e-14 -2.315518e-15 -1.203900e-16 2.894665e-17 1.158213e-17 2.565984e-18 4.423068e-19 6.433127e-20 8.153745e-21 9.146513e-22 9.149345e-23 8.181353e-24 6.525647e-25 4.604861e-26 2.820053e-27 1.431336e-28 5.213957e-30 3.288479e-32 -1.602283e-32 -1.878926e-33 -1.472266e-34 -9.413527e-36 -5.203026e-37 -2.544513e-38 -1.111775e-39 -4.348552e-41 -1.515187e-42 -4.635235e-44 -1.202499e-45 -2.400601e-47 -2.156966e-49 5.122849e-51 3.835214e-53 2.865676e-56 3.908201e-60 1.354087e-64 1.487303e-69 6.059727e-75
