0.000000e+00 0.000000e+00 0.000000e+00 0.000000e+00 0.000000e+00 0.000000e+00 0.000000e+00 0.000000e+00 0.000000e+00 0.000000e+00 0.000000e+00 0.000000e+00 0.000000e+00 0.000000e+00 0.000000e+00 0.000000e+00 0.000000e+00 0.000000e+00 0.000000e+00 0.000000e+00 0.000000e+00 0.000000e+00 0.000000e+00 0.000000e+00 0.000000e+00 0.000000e+00 0.000000e+00 0.000000e+00 0.000000e+00 0.000000e+00 0.000000e+00 0.000000e+00 0.000000e+00 0.000000e+00 0.000000e+00 0.000000e+00 0.000000e+00 0.000000e+00 0.000000e+00 0.000000e+00 0.000000e+00 0.000000e+00 0.000000e+00 0.000000e+00 0.000000e+00 0.000000e+00 0.000000e+00 0.000000e+00 0.000000e+00 0.000000e+00 0.000000e+00 0.000000e+00 0.000000e+00 0.000000e+00 0.000000e+00 0.000000e+00 0.000000e+00 0.000000e+00 0.000000e+00 0.000000e+00 0.000000e+00 0.000000e+00 0.000000e+00 0.000000e+00 0.000000e+00 0.000000e+00 0.000000e+00 0.000000e+00 0.000000e+00 0.000000e+00 0.000000e+00 0.000000e+00 0.000000e+00 0.000000e+00 0.000000e+00 0.000000e+00 0.000000e+00 0.000000e+00 0.000000e+00 0.000000e+00 0.000000e+00 0.000000e+00 0.000000e+00 0.000000e+00 0.000000e+00 0.000000e+00 0.000000e+00 0.000000e+00 0.000000e+00 0.000000e+00 0.000000e+00 0.000000e+00 0.000000e+00 0.000000e+00 0.000000e+00 0.000000e+00 0.000000e+00 0.000000e+00 0.000000e+00 0.000000e+00 0.000000e+00 0.000000e+00 0.000000e+00 0.000000e+00 0.000000e+00 0.000000e+00 0.000000e+00 0.000000e+00 0.000000e+00 0.000000e+00 0.000000e+00 0.000000e+00 0.000000e+00 0.000000e+00 0.000000e+00 0.000000e+00
-1.892331e-113 -5.845746e-107 -1.671198e-101 -1.234956e-96 -2.241626e-92 -8.156785e-89 -4.653327e-86 -4.624138e-84 -2.201619e-82 -9.348600e-81 -3.618682e-79 -1.276885e-77 -4.098871e-76 -1.191255e-74 -3.105531e-73 -7.131980e-72 -1.387521e-70 -2.050833e-69 -1.224328e-68 5.621262e-67 2.929137e-65 9.117495e-64 2.268278e-62 4.849362e-61 9.164794e-60 1.550792e-58 2.362102e-57 3.240641e-56 3.990209e-55 4.370171e-54 4.179649e-53 3.352645e-52 2.014132e-51 4.573495e-51 -9.576057e-50 -1.937423e-48 -2.354440e-47 -2.264925e-46 -1.849105e-45 -1.316296e-44 -8.270272e-44 -4.611184e-43 -2.285446e-42 -1.006217e-41 -3.925326e-41 -1.351156e-40 -4.079377e-40 -1.071474e-39 -2.420369e-39 -4.622331e-39 -7.253259e-39 -8.829767e-39 -7.066757e-39 -4.950820e-40 9.261325e-39 1.692991e-38 1.664272e-38 6.948502e-39 -6.948502e-39 -1.664272e-38 -1.692991e-38 -9.261325e-39 4.950820e-40 7.066757e-39 8.829767e-39 7.253259e-39 4.622331e-39 2.420369e-39 1.071474e-39 4.079377e-40 1.351156e-40 3.925326e-41 1.006217e-41 2.285446e-42 4.611184e-43 8.270272e-44 1.316296e-44 1.849105e-45 2.264925e-46 2.354440e-47 1.937423e-48 9.576057e-50 -4.573495e-51 -2.014132e-51 -3.352645e-52 -4.179649e-53 -4.370171e-54 -3.990209e-55 -3.240641e-56 -2.362102e-57 -1.550792e-58 -9.164794e-60 -4.849362e-61 -2.268278e-62 -9.117495e-64 -2.929137e-65 -5.621262e-67 1.224328e-68 2.050833e-69 1.387521e-70 7.131980e-72 3.105531e-73 1.191255e-74 4.098871e-76 1.276885e-77 3.618682e-79 9.348600e-81 2.201619e-82 4.624138e-84 4.653327e-86 8.156785e-89 2.241626e-92 1.234956e-96 1.671198e-101 5.845746e-107 1.892331e-113
-3.829939e-107 -2.679116e-101 -5.591151e-96 -3.469148e-91 -5.548588e-87 -1.819886e-83 -9.476546e-81 -8.666659e-79 -3.820105e-77 -1.505374e-75 -5.408909e-74 -1.768279e-72 -5.233805e-71 -1.389124e-69 -3.244726e-68 -6.402095e-67 -9.495666e-66 -5.037859e-65 3.071911e-63 1.564564e-61 4.928633e-60 1.249677e-58 2.730855e-57 5.284127e-56 9.165123e-55 1.432144e-53 2.016894e-52 2.549965e-51 2.866822e-50 2.810231e-49 2.298838e-48 1.380778e-47 2.385250e-47 -8.672055e-46 -1.692414e-44 -2.097195e-43 -2.082775e-42 -1.765415e-41 -1.309604e-40 -8.599716e-40 -5.024417e-39 -2.615792e-38 -1.212446e-37 -4.989544e-37 -1.814638e-36 -5.792770e-36 -1.607057e-35 -3.816170e-35 -7.559699e-35 -1.185750e-34 -1.268904e-34 -2.355108e-35 2.722345e-34 7.627129e-34 1.290663e-33 1.559726e-33 1.304639e-33 5.112052e-34 -5.112052e-34 -1.304639e-33 -1.559726e-33 -1.290663e-33 -7.627129e-34 -2.722345e-34 2.355108e-35 1.268904e-34 1.185750e-34 7.559699e-35 3.816170e-35 1.607057e-35 5.792770e-36 1.814638e-36 4.989544e-37 1.212446e-37 2.615792e-38 5.024417e-39 8.599716e-40 1.309604e-40 1.765415e-41 2.082775e-42 2.097195e-43 1.692414e-44 8.672055e-46 -2.385250e-47 -1.380778e-47 -2.298838e-48 -2.810231e-49 -2.866822e-50 -2.549965e-51 -2.016894e-52 -1.432144e-53 -9.165123e-55 -5.284127e-56 -2.730855e-57 -1.249677e-58 -4.928633e-60 -1.564564e-61 -3.071911e-63 5.037859e-65 9.495666e-66 6.402095e-67 3.244726e-68 1.389124e-69 5.233805e-71 1.768279e-72 5.408909e-74 1.505374e-75 3.820105e-77 8.666659e-79 9.476546e-81 1.819886e-83 5.548588e-87 3.469148e-91 5.591151e-96 2.679116e-101 3.829939e-107
-6.711323e-102 -3.427334e-96 -6.005505e-91 -3.283258e-86 -4.733178e-82 -1.416762e-78 -6.782485e-76 -5.731843e-74 -2.343401e-72 -8.569167e-71 -2.851349e-69 -8.589425e-68 -2.319359e-66 -5.505493e-65 -1.100366e-63 -1.633481e-62 -7.349813e-62 6.228708e-60 3.108786e-58 9.905410e-57 2.557599e-55 5.707529e-54 1.129631e-52 2.006258e-51 3.212612e-50 4.638740e-49 6.014049e-48 6.930246e-47 6.950209e-46 5.782565e-45 3.449085e-44 3.490869e-44 -2.838907e-42 -5.392644e-41 -6.809877e-40 -6.969793e-39 -6.120394e-38 -4.719625e-37 -3.230342e-36 -1.971769e-35 -1.074715e-34 -5.225101e-34 -2.259036e-33 -8.640299e-33 -2.900553e-32 -8.443074e-32 -2.088559e-31 -4.224818e-31 -6.351536e-31 -4.555945e-31 9.986735e-31 4.990464e-30 1.239558e-29 2.237404e-29 3.145678e-29 3.442241e-29 2.725903e-29 1.041945e-29 -1.041945e-29 -2.725903e-29 -3.442241e-29 -3.145678e-29 -2.237404e-29 -1.239558e-29 -4.990464e-30 -9.986735e-31 4.555945e-31 6.351536e-31 4.224818e-31 2.088559e-31 8.443074e-32 2.900553e-32 8.640299e-33 2.259036e-33 5.225101e-34 1.074715e-34 1.971769e-35 3.230342e-36 4.719625e-37 6.120394e-38 6.969793e-39 6.809877e-40 5.392644e-41 2.838907e-42 -3.490869e-44 -3.449085e-44 -5.782565e-45 -6.950209e-46 -6.930246e-47 -6.014049e-48 -4.638740e-49 -3.212612e-50 -2.006258e-51 -1.129631e-52 -5.707529e-54 -2.557599e-55 -9.905410e-57 -3.108786e-58 -6.228708e-60 7.349813e-62 1.633481e-62 1.100366e-63 5.505493e-65 2.319359e-66 8.589425e-68 2.851349e-69 8.569167e-71 2.343401e-72 5.731843e-74 6.782485e-76 1.416762e-78 4.733178e-82 3.283258e-86 6.005505e-91 3.427334e-96 6.711323e-102
-2.783119e-97 -1.193420e-91 -1.842566e-86 -9.079551e-82 -1.194495e-77 -3.286541e-74 -1.452355e-71 -1.136172e-69 -4.307570e-68 -1.458033e-66 -4.467381e-65 -1.226388e-63 -2.955792e-62 -5.976884e-61 -8.854262e-60 -3.120295e-59 3.977799e-57 1.949947e-55 6.280812e-54 1.650124e-52 3.757211e-51 7.599083e-50 1.380587e-48 2.263057e-47 3.346425e-46 4.443343e-45 5.240469e-44 5.367000e-43 4.528765e-42 2.660589e-41 1.775209e-42 -2.860998e-39 -5.325392e-38 -6.848795e-37 -7.212056e-36 -6.547835e-35 -5.236892e-34 -3.726669e-33 -2.369924e-32 -1.348247e-31 -6.852491e-31 -3.100767e-30 -1.241907e-29 -4.362225e-29 -1.323878e-28 -3.380000e-28 -6.853000e-28 -9.205032e-28 7.440345e-29 5.147729e-27 1.931486e-26 4.830747e-26 9.413273e-26 1.491032e-25 1.933025e-25 2.007811e-25 1.540390e-25 5.799852e-26 -5.799852e-26 -1.540390e-25 -2.007811e-25 -1.933025e-25 -1.491032e-25 -9.413273e-26 -4.830747e-26 -1.931486e-26 -5.147729e-27 -7.440345e-29 9.205032e-28 6.853000e-28 3.380000e-28 1.323878e-28 4.362225e-29 1.241907e-29 3.100767e-30 6.852491e-31 1.348247e-31 2.369924e-32 3.726669e-33 5.236892e-34 6.547835e-35 7.212056e-36 6.848795e-37 5.325392e-38 2.860998e-39 -1.775209e-42 -2.660589e-41 -4.528765e-42 -5.367000e-43 -5.240469e-44 -4.443343e-45 -3.346425e-46 -2.263057e-47 -1.380587e-48 -7.599083e-50 -3.757211e-51 -1.650124e-52 -6.280812e-54 -1.949947e-55 -3.977799e-57 3.120295e-59 8.854262e-60 5.976884e-61 2.955792e-62 1.226388e-63 4.467381e-65 1.458033e-66 4.307570e-68 1.136172e-69 1.452355e-71 3.286541e-74 1.194495e-77 9.079551e-82 1.842566e-86 1.193420e-91 2.783119e-97
-2.519836e-93 -9.521239e-88 -1.325003e-82 -5.958450e-78 -7.205405e-74 -1.829706e-70 -7.476424e-68 -5.411978e-66 -1.897689e-64 -5.910475e-63 -1.648416e-61 -4.030523e-60 -8.235218e-59 -1.213520e-57 -2.847975e-57 6.424012e-55 3.099368e-53 1.008713e-51 2.694548e-50 6.254712e-49 1.291589e-47 2.398108e-46 4.019938e-45 6.080928e-44 8.259004e-43 9.955153e-42 1.039270e-40 8.867519e-40 5.080031e-39 -6.058162e-39 -7.144240e-37 -1.309925e-35 -1.714620e-34 -1.854905e-33 -1.737932e-32 -1.438623e-31 -1.061931e-30 -7.017991e-30 -4.155574e-29 -2.201109e-28 -1.038833e-27 -4.339618e-27 -1.587349e-26 -4.991490e-26 -1.302283e-25 -2.583049e-25 -2.664830e-25 5.886688e-25 4.388713e-24 1.539096e-23 3.990920e-23 8.370229e-23 1.463665e-22 2.153149e-22 2.649321e-22 2.653912e-22 1.989752e-22 7.408274e-23 -7.408274e-23 -1.989752e-22 -2.653912e-22 -2.649321e-22 -2.153149e-22 -1.463665e-22 -8.370229e-23 -3.990920e-23 -1.539096e-23 -4.388713e-24 -5.886688e-25 2.664830e-25 2.583049e-25 1.302283e-25 4.991490e-26 1.587349e-26 4.339618e-27 1.038833e-27 2.201109e-28 4.155574e-29 7.017991e-30 1.061931e-30 1.438623e-31 1.737932e-32 1.854905e-33 1.714620e-34 1.309925e-35 7.144240e-37 6.058162e-39 -5.080031e-39 -8.867519e-40 -1.039270e-40 -9.955153e-42 -8.259004e-43 -6.080928e-44 -4.019938e-45 -2.398108e-46 -1.291589e-47 -6.254712e-49 -2.694548e-50 -1.008713e-51 -3.099368e-53 -6.424012e-55 2.847975e-57 1.213520e-57 8.235218e-59 4.030523e-60 1.648416e-61 5.910475e-63 1.897689e-64 5.411978e-66 7.476424e-68 1.829706e-70 7.205405e-74 5.958450e-78 1.325003e-82 9.521239e-88 2.519836e-93
-3.969167e-90 -1.351928e-84 -1.717046e-79 -7.097913e-75 -7.922147e-71 -1.859913e-67 -7.024134e-65 -4.691255e-63 -1.512028e-61 -4.281816e-60 -1.061359e-58 -2.188879e-57 -3.198564e-56 -3.049894e-56 1.992716e-53 9.486184e-52 3.118933e-50 8.466505e-49 2.002206e-47 4.218192e-46 7.997681e-45 1.369801e-43 2.117690e-42 2.938948e-41 3.616080e-40 3.841861e-39 3.305428e-38 1.825644e-37 -5.229866e-37 -3.365015e-35 -6.107383e-34 -8.134425e-33 -9.029825e-32 -8.717517e-31 -7.455402e-30 -5.697158e-29 -3.904105e-28 -2.400304e-27 -1.321400e-26 -6.484851e-26 -2.815558e-25 -1.067881e-24 -3.458859e-24 -9.124384e-24 -1.711836e-23 -7.897981e-24 1.060669e-22 5.895374e-22 2.050395e-21 5.559558e-21 1.248196e-20 2.375810e-20 3.869628e-20 5.395171e-20 6.376222e-20 6.204512e-20 4.564815e-20 1.683833e-20 -1.683833e-20 -4.564815e-20 -6.204512e-20 -6.376222e-20 -5.395171e-20 -3.869628e-20 -2.375810e-20 -1.248196e-20 -5.559558e-21 -2.050395e-21 -5.895374e-22 -1.060669e-22 7.897981e-24 1.711836e-23 9.124384e-24 3.458859e-24 1.067881e-24 2.815558e-25 6.484851e-26 1.321400e-26 2.400304e-27 3.904105e-28 5.697158e-29 7.455402e-30 8.717517e-31 9.029825e-32 8.134425e-33 6.107383e-34 3.365015e-35 5.229866e-37 -1.825644e-37 -3.305428e-38 -3.841861e-39 -3.616080e-40 -2.938948e-41 -2.117690e-42 -1.369801e-43 -7.997681e-45 -4.218192e-46 -2.002206e-47 -8.466505e-49 -3.118933e-50 -9.486184e-52 -1.992716e-53 3.049894e-56 3.198564e-56 2.188879e-57 1.061359e-58 4.281816e-60 1.512028e-61 4.691255e-63 7.024134e-65 1.859913e-67 7.922147e-71 7.097913e-75 1.717046e-79 1.351928e-84 3.969167e-90
-9.334809e-88 -2.903136e-82 -3.390999e-77 -1.294398e-72 -1.336334e-68 -2.900685e-65 -1.009945e-62 -6.185950e-61 -1.811199e-59 -4.552931e-58 -9.483701e-57 -1.375909e-55 6.371909e-56 9.926344e-53 4.693259e-51 1.561364e-49 4.309723e-48 1.038603e-46 2.232586e-45 4.322585e-44 7.564262e-43 1.195117e-41 1.694772e-40 2.128732e-39 2.302290e-38 1.998305e-37 1.061071e-36 -5.105870e-36 -2.509663e-34 -4.549304e-33 -6.178659e-32 -7.041670e-31 -7.003886e-30 -6.185507e-29 -4.889808e-28 -3.471485e-27 -2.213773e-26 -1.265154e-25 -6.447524e-25 -2.905107e-24 -1.140440e-23 -3.794762e-23 -1.005823e-22 -1.722346e-22 8.560444e-23 2.225994e-21 1.128852e-20 4.002229e-20 1.140180e-19 2.730838e-19 5.607607e-19 9.963377e-19 1.536517e-18 2.051324e-18 2.344126e-18 2.225275e-18 1.610746e-18 5.893742e-19 -5.893742e-19 -1.610746e-18 -2.225275e-18 -2.344126e-18 -2.051324e-18 -1.536517e-18 -9.963377e-19 -5.607607e-19 -2.730838e-19 -1.140180e-19 -4.002229e-20 -1.128852e-20 -2.225994e-21 -8.560444e-23 1.722346e-22 1.005823e-22 3.794762e-23 1.140440e-23 2.905107e-24 6.447524e-25 1.265154e-25 2.213773e-26 3.471485e-27 4.889808e-28 6.185507e-29 7.003886e-30 7.041670e-31 6.178659e-32 4.549304e-33 2.509663e-34 5.105870e-36 -1.061071e-36 -1.998305e-37 -2.302290e-38 -2.128732e-39 -1.694772e-40 -1.195117e-41 -7.564262e-43 -4.322585e-44 -2.232586e-45 -1.038603e-46 -4.309723e-48 -1.561364e-49 -4.693259e-51 -9.926344e-53 -6.371909e-56 1.375909e-55 9.483701e-57 4.552931e-58 1.811199e-59 6.185950e-61 1.009945e-62 2.900685e-65 1.336334e-68 1.294398e-72 3.390999e-77 2.903136e-82 9.334809e-88
-5.814463e-86 -1.665840e-80 -1.799864e-75 -6.366721e-71 -6.089266e-67 -1.221069e-63 -3.903156e-61 -2.170777e-59 -5.651217e-58 -1.196383e-56 -1.751944e-55 1.903430e-55 1.373622e-52 6.569338e-51 2.226328e-49 6.273480e-48 1.545203e-46 3.397653e-45 6.733499e-44 1.206814e-42 1.953750e-41 2.839854e-40 3.656263e-39 4.050102e-38 3.587762e-37 1.901449e-36 -1.119815e-35 -5.182682e-34 -9.583461e-33 -1.338845e-31 -1.574678e-30 -1.619680e-29 -1.481659e-28 -1.215000e-27 -8.959696e-27 -5.942131e-26 -3.535524e-25 -1.877362e-24 -8.815463e-24 -3.602351e-23 -1.242065e-22 -3.357320e-22 -5.375765e-22 8.217075e-22 1.127806e-20 5.726476e-20 2.122149e-19 6.413578e-19 1.643535e-18 3.635389e-18 7.005127e-18 1.181317e-17 1.745003e-17 2.249480e-17 2.500625e-17 2.325714e-17 1.660762e-17 6.035812e-18 -6.035812e-18 -1.660762e-17 -2.325714e-17 -2.500625e-17 -2.249480e-17 -1.745003e-17 -1.181317e-17 -7.005127e-18 -3.635389e-18 -1.643535e-18 -6.413578e-19 -2.122149e-19 -5.726476e-20 -1.127806e-20 -8.217075e-22 5.375765e-22 3.357320e-22 1.242065e-22 3.602351e-23 8.815463e-24 1.877362e-24 3.535524e-25 5.942131e-26 8.959696e-27 1.215000e-27 1.481659e-28 1.619680e-29 1.574678e-30 1.338845e-31 9.583461e-33 5.182682e-34 1.119815e-35 -1.901449e-36 -3.587762e-37 -4.050102e-38 -3.656263e-39 -2.839854e-40 -1.953750e-41 -1.206814e-42 -6.733499e-44 -3.397653e-45 -1.545203e-46 -6.273480e-48 -2.226328e-49 -6.569338e-51 -1.373622e-52 -1.903430e-55 1.751944e-55 1.196383e-56 5.651217e-58 2.170777e-59 3.903156e-61 1.221069e-63 6.089266e-67 6.366721e-71 1.799864e-75 1.665840e-80 5.814463e-86
-2.716055e-84 -7.206451e-79 -7.224756e-74 -2.370991e-69 -2.098432e-65 -3.870373e-62 -1.124327e-59 -5.553807e-58 -1.219796e-56 -1.822876e-55 2.055911e-55 1.493048e-52 7.296773e-51 2.528664e-49 7.290246e-48 1.838174e-46 4.139882e-45 8.408246e-44 1.545312e-42 2.566951e-41 3.830733e-40 5.066597e-39 5.768371e-38 5.252430e-37 2.853040e-36 -1.776677e-35 -8.376292e-34 -1.596828e-32 -2.304673e-31 -2.804232e-30 -2.987673e-29 -2.834414e-28 -2.413436e-27 -1.850273e-26 -1.277331e-25 -7.920420e-25 -4.387602e-24 -2.150844e-23 -9.174185e-23 -3.293682e-22 -9.172545e-22 -1.410954e-21 3.572004e-21 4.202686e-20 2.201224e-19 8.599228e-19 2.763414e-18 7.571031e-18 1.798455e-17 3.738168e-17 6.835122e-17 1.102427e-16 1.568456e-16 1.960189e-16 2.125960e-16 1.941137e-16 1.369237e-16 4.945895e-17 -4.945895e-17 -1.369237e-16 -1.941137e-16 -2.125960e-16 -1.960189e-16 -1.568456e-16 -1.102427e-16 -6.835122e-17 -3.738168e-17 -1.798455e-17 -7.571031e-18 -2.763414e-18 -8.599228e-19 -2.201224e-19 -4.202686e-20 -3.572004e-21 1.410954e-21 9.172545e-22 3.293682e-22 9.174185e-23 2.150844e-23 4.387602e-24 7.920420e-25 1.277331e-25 1.850273e-26 2.413436e-27 2.834414e-28 2.987673e-29 2.804232e-30 2.304673e-31 1.596828e-32 8.376292e-34 1.776677e-35 -2.853040e-36 -5.252430e-37 -5.768371e-38 -5.066597e-39 -3.830733e-40 -2.566951e-41 -1.545312e-42 -8.408246e-44 -4.139882e-45 -1.838174e-46 -7.290246e-48 -2.528664e-49 -7.296773e-51 -1.493048e-52 -2.055911e-55 1.822876e-55 1.219796e-56 5.553807e-58 1.124327e-59 3.870373e-62 2.098432e-65 2.370991e-69 7.224756e-74 7.206451e-79 2.716055e-84
-1.154945e-82 -2.844143e-77 -2.646306e-72 -8.040554e-68 -6.550307e-64 -1.099043e-60 -2.834971e-58 -1.177049e-56 -1.822782e-55 2.102139e-55 1.556733e-52 7.773024e-51 2.753457e-49 8.118371e-48 2.094457e-46 4.829007e-45 1.004606e-43 1.892216e-42 3.223197e-41 4.935378e-40 6.701525e-39 7.836956e-38 7.331110e-37 4.081721e-36 -2.671947e-35 -1.285467e-33 -2.524858e-32 -3.761354e-31 -4.729855e-30 -5.213902e-29 -5.123661e-28 -4.524142e-27 -3.600980e-26 -2.583879e-25 -1.667167e-24 -9.619249e-24 -4.914573e-23 -2.184454e-22 -8.153460e-22 -2.336213e-21 -3.420280e-21 1.302878e-20 1.417409e-19 7.685298e-19 3.160047e-18 1.076317e-17 3.139228e-17 7.966301e-17 1.774640e-16 3.489841e-16 6.080290e-16 9.404144e-16 1.290784e-15 1.565546e-15 1.657603e-15 1.486361e-15 1.035843e-15 3.719021e-16 -3.719021e-16 -1.035843e-15 -1.486361e-15 -1.657603e-15 -1.565546e-15 -1.290784e-15 -9.404144e-16 -6.080290e-16 -3.489841e-16 -1.774640e-16 -7.966301e-17 -3.139228e-17 -1.076317e-17 -3.160047e-18 -7.685298e-19 -1.417409e-19 -1.302878e-20 3.420280e-21 2.336213e-21 8.153460e-22 2.184454e-22 4.914573e-23 9.619249e-24 1.667167e-24 2.583879e-25 3.600980e-26 4.524142e-27 5.123661e-28 5.213902e-29 4.729855e-30 3.761354e-31 2.524858e-32 1.285467e-33 2.671947e-35 -4.081721e-36 -7.331110e-37 -7.836956e-38 -6.701525e-39 -4.935378e-40 -3.223197e-41 -1.892216e-42 -1.004606e-43 -4.829007e-45 -2.094457e-46 -8.118371e-48 -2.753457e-49 -7.773024e-51 -1.556733e-52 -2.102139e-55 1.822782e-55 1.177049e-56 2.834971e-58 1.099043e-60 6.550307e-64 8.040554e-68 2.646306e-72 2.844143e-77 1.154945e-82
-4.477278e-81 -1.023596e-75 -8.821795e-71 -2.469011e-66 -1.831914e-62 -2.734610e-59 -5.935907e-57 -1.728776e-55 2.057745e-55 1.556733e-52 7.938534e-51 2.873185e-49 8.659398e-48 2.284714e-46 5.389843e-45 1.147882e-43 2.214563e-42 3.865988e-41 6.070082e-40 8.456473e-39 1.015125e-37 9.749754e-37 5.562769e-36 -3.813115e-35 -1.873335e-33 -3.788361e-32 -5.820019e-31 -7.556053e-30 -8.608745e-29 -8.752782e-28 -8.004880e-27 -6.606343e-26 -4.920409e-25 -3.298718e-24 -1.979425e-23 -1.052398e-22 -4.867175e-22 -1.886074e-21 -5.553963e-21 -7.663777e-21 4.165181e-20 4.355312e-19 2.449164e-18 1.058203e-17 3.809053e-17 1.178357e-16 3.180495e-16 7.553954e-16 1.587509e-15 2.963852e-15 4.930365e-15 7.320487e-15 9.698480e-15 1.141709e-14 1.180006e-14 1.038928e-14 7.151853e-15 2.551949e-15 -2.551949e-15 -7.151853e-15 -1.038928e-14 -1.180006e-14 -1.141709e-14 -9.698480e-15 -7.320487e-15 -4.930365e-15 -2.963852e-15 -1.587509e-15 -7.553954e-16 -3.180495e-16 -1.178357e-16 -3.809053e-17 -1.058203e-17 -2.449164e-18 -4.355312e-19 -4.165181e-20 7.663777e-21 5.553963e-21 1.886074e-21 4.867175e-22 1.052398e-22 1.979425e-23 3.298718e-24 4.920409e-25 6.606343e-26 8.004880e-27 8.752782e-28 8.608745e-29 7.556053e-30 5.820019e-31 3.788361e-32 1.873335e-33 3.813115e-35 -5.562769e-36 -9.749754e-37 -1.015125e-37 -8.456473e-39 -6.070082e-40 -3.865988e-41 -2.214563e-42 -1.147882e-43 -5.389843e-45 -2.284714e-46 -8.659398e-48 -2.873185e-49 -7.938534e-51 -1.556733e-52 -2.057745e-55 1.728776e-55 5.935907e-57 2.734610e-59 1.831914e-62 2.469011e-66 8.821795e-71 1.023596e-75 4.477278e-81
-1.582374e-79 -3.352381e-74 -2.663146e-69 -6.796133e-65 -4.496041e-61 -5.675225e-58 -8.729275e-56 1.608647e-55 1.493070e-52 7.773024e-51 2.873185e-49 8.847578e-48 2.386179e-46 5.756901e-45 1.254488e-43 2.477635e-42 4.430165e-41 7.128513e-40 1.018291e-38 1.253987e-37 1.235863e-36 7.224383e-36 -5.166813e-35 -2.593795e-33 -5.396834e-32 -8.543028e-31 -1.144048e-29 -1.345807e-28 -1.414205e-27 -1.338072e-26 -1.143627e-25 -8.830008e-25 -6.142755e-24 -3.828139e-23 -2.115007e-22 -1.016358e-21 -4.083878e-21 -1.234815e-20 -1.589508e-20 1.193152e-19 1.226307e-18 7.158204e-18 3.244504e-17 1.231017e-16 4.026332e-16 1.151568e-15 2.903432e-15 6.487381e-15 1.289726e-14 2.289027e-14 3.636984e-14 5.182783e-14 6.623297e-14 7.561027e-14 7.620868e-14 6.582252e-14 4.472737e-14 1.585564e-14 -1.585564e-14 -4.472737e-14 -6.582252e-14 -7.620868e-14 -7.561027e-14 -6.623297e-14 -5.182783e-14 -3.636984e-14 -2.289027e-14 -1.289726e-14 -6.487381e-15 -2.903432e-15 -1.151568e-15 -4.026332e-16 -1.231017e-16 -3.244504e-17 -7.158204e-18 -1.226307e-18 -1.193152e-19 1.589508e-20 1.234815e-20 4.083878e-21 1.016358e-21 2.115007e-22 3.828139e-23 6.142755e-24 8.830008e-25 1.143627e-25 1.338072e-26 1.414205e-27 1.345807e-28 1.144048e-29 8.543028e-31 5.396834e-32 2.593795e-33 5.166813e-35 -7.224383e-36 -1.235863e-36 -1.253987e-37 -1.018291e-38 -7.128513e-40 -4.430165e-41 -2.477635e-42 -1.254488e-43 -5.756901e-45 -2.386179e-46 -8.847578e-48 -2.873185e-49 -7.773024e-51 -1.493070e-52 -1.608647e-55 8.729275e-56 5.675225e-58 4.496041e-61 6.796133e-65 2.663146e-69 3.352381e-74 1.582374e-79
-5.088433e-78 -9.943005e-73 -7.209820e-68 -1.643912e-63 -9.242809e-60 -8.425010e-57 -1.920986e-56 1.342024e-52 7.296747e-51 2.753457e-49 8.659398e-48 2.386179e-46 5.884685e-45 1.311419e-43 2.650131e-42 4.850939e-41 7.994791e-40 1.170331e-38 1.477640e-37 1.493535e-36 8.943359e-36 -6.650685e-35 -3.413562e-33 -7.303048e-32 -1.190235e-30 -1.642658e-29 -1.993290e-28 -2.162660e-27 -2.114718e-26 -1.869683e-25 -1.494749e-24 -1.077684e-23 -6.966111e-23 -3.994226e-22 -1.991842e-21 -8.289789e-21 -2.571932e-20 -3.054868e-20 3.102473e-19 3.178388e-18 1.926336e-17 9.144577e-17 3.648575e-16 1.258143e-15 3.800778e-15 1.013551e-14 2.397601e-14 5.049997e-14 9.502402e-14 1.602454e-13 2.428907e-13 3.316101e-13 4.079079e-13 4.505255e-13 4.418214e-13 3.736036e-13 2.502189e-13 8.805124e-14 -8.805124e-14 -2.502189e-13 -3.736036e-13 -4.418214e-13 -4.505255e-13 -4.079079e-13 -3.316101e-13 -2.428907e-13 -1.602454e-13 -9.502402e-14 -5.049997e-14 -2.397601e-14 -1.013551e-14 -3.800778e-15 -1.258143e-15 -3.648575e-16 -9.144577e-17 -1.926336e-17 -3.178388e-18 -3.102473e-19 3.054868e-20 2.571932e-20 8.289789e-21 1.991842e-21 3.994226e-22 6.966111e-23 1.077684e-23 1.494749e-24 1.869683e-25 2.114718e-26 2.162660e-27 1.993290e-28 1.642658e-29 1.190235e-30 7.303048e-32 3.413562e-33 6.650685e-35 -8.943359e-36 -1.493535e-36 -1.477640e-37 -1.170331e-38 -7.994791e-40 -4.850939e-41 -2.650131e-42 -1.311419e-43 -5.884685e-45 -2.386179e-46 -8.659398e-48 -2.753457e-49 -7.296747e-51 -1.342024e-52 1.920986e-56 8.425010e-57 9.242809e-60 1.643912e-63 7.209820e-68 9.943005e-73 5.088433e-78
-1.481820e-76 -2.645634e-71 -1.717359e-66 -3.343529e-62 -1.382301e-58 -1.441306e-56 6.006809e-53 6.435759e-51 2.528636e-49 8.118371e-48 2.284714e-46 5.756901e-45 1.311419e-43 2.710238e-42 5.075966e-41 8.563892e-40 1.283997e-38 1.661211e-37 1.721155e-36 1.055588e-35 -8.135455e-35 -4.271563e-33 -9.391144e-32 -1.574634e-30 -2.237788e-29 -2.798620e-28 -3.132146e-27 -3.162070e-26 -2.888968e-25 -2.388847e-24 -1.782927e-23 -1.193964e-22 -7.096260e-22 -3.668036e-21 -1.579622e-20 -5.026190e-20 -5.444618e-20 7.384806e-19 7.610941e-18 4.788945e-17 2.377301e-16 9.953140e-16 3.609455e-15 1.148489e-14 3.229145e-14 8.058341e-14 1.790753e-13 3.554320e-13 6.320401e-13 1.010202e-12 1.455878e-12 1.896658e-12 2.235441e-12 2.377174e-12 2.257420e-12 1.860902e-12 1.224464e-12 4.269846e-13 -4.269846e-13 -1.224464e-12 -1.860902e-12 -2.257420e-12 -2.377174e-12 -2.235441e-12 -1.896658e-12 -1.455878e-12 -1.010202e-12 -6.320401e-13 -3.554320e-13 -1.790753e-13 -8.058341e-14 -3.229145e-14 -1.148489e-14 -3.609455e-15 -9.953140e-16 -2.377301e-16 -4.788945e-17 -7.610941e-18 -7.384806e-19 5.444618e-20 5.026190e-20 1.579622e-20 3.668036e-21 7.096260e-22 1.193964e-22 1.782927e-23 2.388847e-24 2.888968e-25 3.162070e-26 3.132146e-27 2.798620e-28 2.237788e-29 1.574634e-30 9.391144e-32 4.271563e-33 8.135455e-35 -1.055588e-35 -1.721155e-36 -1.661211e-37 -1.283997e-38 -8.563892e-40 -5.075966e-41 -2.710238e-42 -1.311419e-43 -5.756901e-45 -2.284714e-46 -8.118371e-48 -2.528636e-49 -6.435759e-51 -6.006809e-53 1.441306e-56 1.382301e-58 3.343529e-62 1.717359e-66 2.645634e-71 1.481820e-76
-3.872392e-75 -6.200347e-70 -3.451395e-65 -5.020763e-61 -4.176702e-58 4.944476e-54 2.878687e-51 2.183477e-49 7.290130e-48 2.094457e-46 5.389843e-45 1.254488e-43 2.650131e-42 5.075966e-41 8.762387e-40 1.344872e-38 1.782036e-37 1.891700e-36 1.188124e-35 -9.460266e-35 -5.083912e-33 -1.147951e-31 -1.978849e-30 -2.893618e-29 -3.726557e-28 -4.298367e-27 -4.476041e-26 -4.221776e-25 -3.606949e-24 -2.783828e-23 -1.929210e-22 -1.187218e-21 -6.354067e-21 -2.828881e-20 -9.228413e-20 -9.003276e-20 1.618693e-18 1.688923e-17 1.102927e-16 5.716975e-16 2.506779e-15 9.539003e-15 3.189018e-14 9.428100e-14 2.474539e-13 5.781637e-13 1.205411e-12 2.248327e-12 3.762731e-12 5.668937e-12 7.714781e-12 9.511069e-12 1.063813e-11 1.077721e-11 9.803353e-12 7.799950e-12 5.003145e-12 1.721442e-12 -1.721442e-12 -5.003145e-12 -7.799950e-12 -9.803353e-12 -1.077721e-11 -1.063813e-11 -9.511069e-12 -7.714781e-12 -5.668937e-12 -3.762731e-12 -2.248327e-12 -1.205411e-12 -5.781637e-13 -2.474539e-13 -9.428100e-14 -3.189018e-14 -9.539003e-15 -2.506779e-15 -5.716975e-16 -1.102927e-16 -1.688923e-17 -1.618693e-18 9.003276e-20 9.228413e-20 2.828881e-20 6.354067e-21 1.187218e-21 1.929210e-22 2.783828e-23 3.606949e-24 4.221776e-25 4.476041e-26 4.298367e-27 3.726557e-28 2.893618e-29 1.978849e-30 1.147951e-31 5.083912e-33 9.460266e-35 -1.188124e-35 -1.891700e-36 -1.782036e-37 -1.344872e-38 -8.762387e-40 -5.075966e-41 -2.650131e-42 -1.254488e-43 -5.389843e-45 -2.094457e-46 -7.290130e-48 -2.183477e-49 -2.878687e-51 -4.944476e-54 4.176702e-58 5.020763e-61 3.451395e-65 6.200347e-70 3.872392e-75
-8.921666e-74 -1.229787e-68 -5.187654e-64 -2.064855e-60 6.882526e-56 2.397512e-52 9.628463e-50 6.157053e-48 1.838138e-46 4.829007e-45 1.147882e-43 2.477635e-42 4.850939e-41 8.563892e-40 1.344872e-38 1.824218e-37 1.983157e-36 1.275439e-35 -1.045996e-34 -5.756227e-33 -1.334229e-31 -2.362988e-30 -3.552739e-29 -4.707955e-28 -5.591988e-27 -6.001206e-26 -5.838091e-25 -5.148701e-24 -4.105095e-23 -2.940994e-22 -1.872016e-21 -1.036383e-20 -4.766271e-20 -1.593825e-19 -1.381666e-19 3.281616e-18 3.481935e-17 2.358818e-16 1.274942e-15 5.844496e-15 2.328996e-14 8.162807e-14 2.531524e-13 6.970049e-13 1.707208e-12 3.725866e-12 7.257443e-12 1.264283e-11 1.974702e-11 2.773347e-11 3.512591e-11 4.022402e-11 4.171218e-11 3.914738e-11 3.305627e-11 2.459387e-11 1.497363e-11 5.005273e-12 -5.005273e-12 -1.497363e-11 -2.459387e-11 -3.305627e-11 -3.914738e-11 -4.171218e-11 -4.022402e-11 -3.512591e-11 -2.773347e-11 -1.974702e-11 -1.264283e-11 -7.257443e-12 -3.725866e-12 -1.707208e-12 -6.970049e-13 -2.531524e-13 -8.162807e-14 -2.328996e-14 -5.844496e-15 -1.274942e-15 -2.358818e-16 -3.481935e-17 -3.281616e-18 1.381666e-19 1.593825e-19 4.766271e-20 1.036383e-20 1.872016e-21 2.940994e-22 4.105095e-23 5.148701e-24 5.838091e-25 6.001206e-26 5.591988e-27 4.707955e-28 3.552739e-29 2.362988e-30 1.334229e-31 5.756227e-33 1.045996e-34 -1.275439e-35 -1.983157e-36 -1.824218e-37 -1.344872e-38 -8.563892e-40 -4.850939e-41 -2.477635e-42 -1.147882e-43 -4.829007e-45 -1.838138e-46 -6.157053e-48 -9.628463e-50 -2.397512e-52 -6.882526e-56 2.064855e-60 5.187654e-64 1.229787e-68 8.921666e-74
-1.744341e-72 -1.845047e-67 -2.601448e-63 2.120915e-58 3.389211e-54 7.938161e-51 2.666698e-48 1.517360e-46 4.139785e-45 1.004606e-43 2.214563e-42 4.430165e-41 7.994791e-40 1.283997e-38 1.782036e-37 1.983157e-36 1.305936e-35 -1.099833e-34 -6.201184e-33 -1.474765e-31 -2.681797e-30 -4.142885e-29 -5.644886e-28 -6.899048e-27 -7.624068e-26 -7.643220e-25 -6.951754e-24 -5.720551e-23 -4.232791e-22 -2.784134e-21 -1.592926e-20 -7.562023e-20 -2.591987e-19 -1.967994e-19 6.173999e-18 6.683374e-17 4.694355e-16 2.642338e-15 1.264305e-14 5.266517e-14 1.931357e-13 6.270084e-13 1.806903e-12 4.628077e-12 1.054237e-11 2.136664e-11 3.854987e-11 6.195655e-11 8.875428e-11 1.133282e-10 1.288063e-10 1.298082e-10 1.150876e-10 8.853424e-11 5.777023e-11 3.086215e-11 1.273516e-11 3.092395e-12 -3.092395e-12 -1.273516e-11 -3.086215e-11 -5.777023e-11 -8.853424e-11 -1.150876e-10 -1.298082e-10 -1.288063e-10 -1.133282e-10 -8.875428e-11 -6.195655e-11 -3.854987e-11 -2.136664e-11 -1.054237e-11 -4.628077e-12 -1.806903e-12 -6.270084e-13 -1.931357e-13 -5.266517e-14 -1.264305e-14 -2.642338e-15 -4.694355e-16 -6.683374e-17 -6.173999e-18 1.967994e-19 2.591987e-19 7.562023e-20 1.592926e-20 2.784134e-21 4.232791e-22 5.720551e-23 6.951754e-24 7.643220e-25 7.624068e-26 6.899048e-27 5.644886e-28 4.142885e-29 2.681797e-30 1.474765e-31 6.201184e-33 1.099833e-34 -1.305936e-35 -1.983157e-36 -1.782036e-37 -1.283997e-38 -7.994791e-40 -4.430165e-41 -2.214563e-42 -1.004606e-43 -4.139785e-45 -1.517360e-46 -2.666698e-48 -7.938161e-51 -3.389211e-54 -2.120915e-58 2.601448e-63 1.845047e-67 1.744341e-72
-2.605685e-71 -1.062605e-66 1.859168e-61 1.063011e-56 1.111242e-52 2.164242e-49 6.443569e-47 3.338051e-45 8.408021e-44 1.892216e-42 3.865988e-41 7.128513e-40 1.170331e-38 1.661211e-37 1.891700e-36 1.275439e-35 -1.099833e-34 -6.356954e-33 -1.550441e-31 -2.893186e-30 -4.589312e-29 -6.425136e-28 -8.074169e-27 -9.180905e-26 -9.477224e-25 -8.882271e-24 -7.537132e-23 -5.754732e-22 -3.907951e-21 -2.308794e-20 -1.130660e-19 -3.972806e-19 -2.602097e-19 1.080798e-17 1.196513e-16 8.708788e-16 5.098769e-15 2.542704e-14 1.105368e-13 4.234029e-13 1.436252e-12 4.323659e-12 1.155615e-11 2.740900e-11 5.762393e-11 1.072071e-10 1.760669e-10 2.541662e-10 3.198473e-10 3.447160e-10 3.050256e-10 1.948883e-10 3.422297e-11 -1.339707e-10 -2.574179e-10 -2.942909e-10 -2.305012e-10 -8.692250e-11 8.692250e-11 2.305012e-10 2.942909e-10 2.574179e-10 1.339707e-10 -3.422297e-11 -1.948883e-10 -3.050256e-10 -3.447160e-10 -3.198473e-10 -2.541662e-10 -1.760669e-10 -1.072071e-10 -5.762393e-11 -2.740900e-11 -1.155615e-11 -4.323659e-12 -1.436252e-12 -4.234029e-13 -1.105368e-13 -2.542704e-14 -5.098769e-15 -8.708788e-16 -1.196513e-16 -1.080798e-17 2.602097e-19 3.972806e-19 1.130660e-19 2.308794e-20 3.907951e-21 5.754732e-22 7.537132e-23 8.882271e-24 9.477224e-25 9.180905e-26 8.074169e-27 6.425136e-28 4.589312e-29 2.893186e-30 1.550441e-31 6.356954e-33 1.099833e-34 -1.275439e-35 -1.891700e-36 -1.661211e-37 -1.170331e-38 -7.128513e-40 -3.865988e-41 -1.892216e-42 -8.408021e-44 -3.338051e-45 -6.443569e-47 -2.164242e-49 -1.111242e-52 -1.063011e-56 -1.859168e-61 1.062605e-66 2.605685e-71
-1.660263e-70 5.605093e-65 9.504923e-60 3.450115e-55 2.981821e-51 5.135416e-48 1.388377e-45 6.618452e-44 1.545265e-42 3.223197e-41 6.070082e-40 1.018291e-38 1.477640e-37 1.721155e-36 1.188124e-35 -1.045996e-34 -6.201184e-33 -1.550441e-31 -2.967257e-30 -4.830093e-29 -6.943665e-28 -8.965726e-27 -1.048208e-25 -1.113317e-24 -1.074343e-23 -9.393089e-23 -7.394262e-22 -5.179874e-21 -3.157546e-20 -1.594231e-19 -5.743465e-19 -3.195405e-19 1.764143e-17 2.001001e-16 1.508334e-15 9.175207e-15 4.762411e-14 2.157410e-13 8.617946e-13 3.049536e-12 9.573559e-12 2.665306e-11 6.568852e-11 1.428908e-10 2.731008e-10 4.553049e-10 6.535528e-10 7.858166e-10 7.363492e-10 3.972497e-10 -2.738325e-10 -1.207354e-09 -2.213944e-09 -3.026262e-09 -3.379592e-09 -3.102437e-09 -2.183059e-09 -7.863888e-10 7.863888e-10 2.183059e-09 3.102437e-09 3.379592e-09 3.026262e-09 2.213944e-09 1.207354e-09 2.738325e-10 -3.972497e-10 -7.363492e-10 -7.858166e-10 -6.535528e-10 -4.553049e-10 -2.731008e-10 -1.428908e-10 -6.568852e-11 -2.665306e-11 -9.573559e-12 -3.049536e-12 -8.617946e-13 -2.157410e-13 -4.762411e-14 -9.175207e-15 -1.508334e-15 -2.001001e-16 -1.764143e-17 3.195405e-19 5.743465e-19 1.594231e-19 3.157546e-20 5.179874e-21 7.394262e-22 9.393089e-23 1.074343e-23 1.113317e-24 1.048208e-25 8.965726e-27 6.943665e-28 4.830093e-29 2.967257e-30 1.550441e-31 6.201184e-33 1.045996e-34 -1.188124e-35 -1.721155e-36 -1.477640e-37 -1.018291e-38 -6.070082e-40 -3.223197e-41 -1.545265e-42 -6.618452e-44 -1.388377e-45 -5.135416e-48 -2.981821e-51 -3.450115e-55 -9.504923e-60 -5.605093e-65 1.660263e-70
6.698385e-69 2.930255e-63 3.052174e-58 9.105454e-54 6.945499e-50 1.085140e-46 2.694178e-44 1.186755e-42 2.566863e-41 4.935377e-40 8.456473e-39 1.253987e-37 1.493535e-36 1.055588e-35 -9.460266e-35 -5.756227e-33 -1.474765e-31 -2.893186e-30 -4.830093e-29 -7.125565e-28 -9.447435e-27 -1.134888e-25 -1.239337e-24 -1.230472e-23 -1.107611e-22 -8.982599e-22 -6.486209e-21 -4.076666e-20 -2.120990e-19 -7.837012e-19 -3.650147e-19 2.689465e-17 3.129992e-16 2.442064e-15 1.541832e-14 8.319386e-14 3.921976e-13 1.631486e-12 6.013555e-12 1.965810e-11 5.691909e-11 1.455237e-10 3.268488e-10 6.396792e-10 1.075739e-09 1.511715e-09 1.654758e-09 1.061394e-09 -7.307422e-10 -3.984436e-09 -8.549736e-09 -1.376591e-08 -1.854645e-08 -2.163843e-08 -2.197579e-08 -1.901016e-08 -1.291146e-08 -4.574241e-09 4.574241e-09 1.291146e-08 1.901016e-08 2.197579e-08 2.163843e-08 1.854645e-08 1.376591e-08 8.549736e-09 3.984436e-09 7.307422e-10 -1.061394e-09 -1.654758e-09 -1.511715e-09 -1.075739e-09 -6.396792e-10 -3.268488e-10 -1.455237e-10 -5.691909e-11 -1.965810e-11 -6.013555e-12 -1.631486e-12 -3.921976e-13 -8.319386e-14 -1.541832e-14 -2.442064e-15 -3.129992e-16 -2.689465e-17 3.650147e-19 7.837012e-19 2.120990e-19 4.076666e-20 6.486209e-21 8.982599e-22 1.107611e-22 1.230472e-23 1.239337e-24 1.134888e-25 9.447435e-27 7.125565e-28 4.830093e-29 2.893186e-30 1.474765e-31 5.756227e-33 9.460266e-35 -1.055588e-35 -1.493535e-36 -1.253987e-37 -8.456473e-39 -4.935377e-40 -2.566863e-41 -1.186755e-42 -2.694178e-44 -1.085140e-46 -6.945499e-50 -9.105454e-54 -3.052174e-58 -2.930255e-63 -6.698385e-69
3.591121e-67 9.304521e-62 7.916634e-57 2.080385e-52 1.438583e-48 2.063300e-45 4.725591e-43 1.922252e-41 3.830582e-40 6.701524e-39 1.015125e-37 1.235863e-36 8.943359e-36 -8.135455e-35 -5.083912e-33 -1.334229e-31 -2.681797e-30 -4.589312e-29 -6.943665e-28 -9.447435e-27 -1.165332e-25 -1.307550e-24 -1.334734e-23 -1.236084e-22 -1.031987e-21 -7.675644e-21 -4.970797e-20 -2.663754e-19 -1.009873e-18 -3.893703e-19 3.834671e-17 4.584290e-16 3.700091e-15 2.422359e-14 1.357198e-13 6.650130e-13 2.877119e-12 1.103205e-11 3.750323e-11 1.127869e-10 2.987249e-10 6.916037e-10 1.382276e-09 2.330422e-09 3.145706e-09 2.868705e-09 -4.972662e-11 -7.388140e-09 -2.042880e-08 -3.913956e-08 -6.165236e-08 -8.432632e-08 -1.024418e-07 -1.113238e-07 -1.075496e-07 -8.989078e-08 -5.974187e-08 -2.094361e-08 2.094361e-08 5.974187e-08 8.989078e-08 1.075496e-07 1.113238e-07 1.024418e-07 8.432632e-08 6.165236e-08 3.913956e-08 2.042880e-08 7.388140e-09 4.972662e-11 -2.868705e-09 -3.145706e-09 -2.330422e-09 -1.382276e-09 -6.916037e-10 -2.987249e-10 -1.127869e-10 -3.750323e-11 -1.103205e-11 -2.877119e-12 -6.650130e-13 -1.357198e-13 -2.422359e-14 -3.700091e-15 -4.584290e-16 -3.834671e-17 3.893703e-19 1.009873e-18 2.663754e-19 4.970797e-20 7.675644e-21 1.031987e-21 1.236084e-22 1.334734e-23 1.307550e-24 1.165332e-25 9.447435e-27 6.943665e-28 4.589312e-29 2.681797e-30 1.334229e-31 5.083912e-33 8.135455e-35 -8.943359e-36 -1.235863e-36 -1.015125e-37 -6.701524e-39 -3.830582e-40 -1.922252e-41 -4.725591e-43 -2.063300e-45 -1.438583e-48 -2.080385e-52 -7.916634e-57 -9.304521e-62 -3.591121e-67
1.126931e-65 2.369952e-60 1.772704e-55 4.220249e-51 2.678752e-47 3.544218e-44 7.484992e-42 2.795701e-40 5.066366e-39 7.836955e-38 9.749754e-37 7.224383e-36 -6.650685e-35 -4.271563e-33 -1.147951e-31 -2.362988e-30 -4.142885e-29 -6.425136e-28 -8.965726e-27 -1.134888e-25 -1.307550e-24 -1.371398e-23 -1.305753e-22 -1.121506e-21 -8.586231e-21 -5.725933e-20 -3.159184e-19 -1.229462e-18 -3.911436e-19 5.119033e-17 6.292442e-16 5.251251e-15 3.561655e-14 2.069927e-13 1.052997e-12 4.732591e-12 1.885557e-11 6.658188e-11 2.077484e-10 5.693877e-10 1.357096e-09 2.763920e-09 4.644014e-09 5.876154e-09 3.609962e-09 -7.029649e-09 -3.209761e-08 -7.667653e-08 -1.421434e-07 -2.241200e-07 -3.121413e-07 -3.913197e-07 -4.454914e-07 -4.608534e-07 -4.290863e-07 -3.492497e-07 -2.281584e-07 -7.931147e-08 7.931147e-08 2.281584e-07 3.492497e-07 4.290863e-07 4.608534e-07 4.454914e-07 3.913197e-07 3.121413e-07 2.241200e-07 1.421434e-07 7.667653e-08 3.209761e-08 7.029649e-09 -3.609962e-09 -5.876154e-09 -4.644014e-09 -2.763920e-09 -1.357096e-09 -5.693877e-10 -2.077484e-10 -6.658188e-11 -1.885557e-11 -4.732591e-12 -1.052997e-12 -2.069927e-13 -3.561655e-14 -5.251251e-15 -6.292442e-16 -5.119033e-17 3.911436e-19 1.229462e-18 3.159184e-19 5.725933e-20 8.586231e-21 1.121506e-21 1.305753e-22 1.371398e-23 1.307550e-24 1.134888e-25 8.965726e-27 6.425136e-28 4.142885e-29 2.362988e-30 1.147951e-31 4.271563e-33 6.650685e-35 -7.224383e-36 -9.749754e-37 -7.836955e-38 -5.066366e-39 -2.795701e-40 -7.484992e-42 -3.544218e-44 -2.678752e-47 -4.220249e-51 -1.772704e-55 -2.369952e-60 -1.126931e-65
2.816395e-64 5.196440e-59 3.518865e-54 7.689051e-50 4.503565e-46 5.496558e-43 1.064517e-40 3.602049e-39 5.768057e-38 7.331108e-37 5.562769e-36 -5.166813e-35 -3.413562e-33 -9.391144e-32 -1.978849e-30 -3.552739e-29 -5.644886e-28 -8.074169e-27 -1.048208e-25 -1.239337e-24 -1.334734e-23 -1.305753e-22 -1.153023e-21 -9.080882e-21 -6.232478e-20 -3.539141e-19 -1.414637e-18 -3.760388e-19 6.403377e-17 8.100210e-16 6.986119e-15 4.904963e-14 2.954087e-13 1.558602e-12 7.269310e-12 3.006224e-11 1.101551e-10 3.562647e-10 1.009549e-09 2.474848e-09 5.127864e-09 8.539206e-09 9.799955e-09 1.253088e-09 -3.089965e-08 -1.049307e-07 -2.377872e-07 -4.368797e-07 -6.933370e-07 -9.801467e-07 -1.256173e-06 -1.474538e-06 -1.592449e-06 -1.579635e-06 -1.423621e-06 -1.131336e-06 -7.275292e-07 -2.509303e-07 2.509303e-07 7.275292e-07 1.131336e-06 1.423621e-06 1.579635e-06 1.592449e-06 1.474538e-06 1.256173e-06 9.801467e-07 6.933370e-07 4.368797e-07 2.377872e-07 1.049307e-07 3.089965e-08 -1.253088e-09 -9.799955e-09 -8.539206e-09 -5.127864e-09 -2.474848e-09 -1.009549e-09 -3.562647e-10 -1.101551e-10 -3.006224e-11 -7.269310e-12 -1.558602e-12 -2.954087e-13 -4.904963e-14 -6.986119e-15 -8.100210e-16 -6.403377e-17 3.760388e-19 1.414637e-18 3.539141e-19 6.232478e-20 9.080882e-21 1.153023e-21 1.305753e-22 1.334734e-23 1.239337e-24 1.048208e-25 8.074169e-27 5.644886e-28 3.552739e-29 1.978849e-30 9.391144e-32 3.413562e-33 5.166813e-35 -5.562769e-36 -7.331108e-37 -5.768057e-38 -3.602049e-39 -1.064517e-40 -5.496558e-43 -4.503565e-46 -7.689051e-50 -3.518865e-54 -5.196440e-59 -2.816395e-64
6.041327e-63 1.008410e-57 6.266984e-53 1.264008e-48 6.834003e-45 7.655791e-42 1.341988e-39 3.994249e-38 5.252054e-37 4.081719e-36 -3.813115e-35 -2.593795e-33 -7.303048e-32 -1.574634e-30 -2.893618e-29 -4.707955e-28 -6.899048e-27 -9.180905e-26 -1.113317e-24 -1.230472e-23 -1.236084e-22 -1.121506e-21 -9.080882e-21 -6.411003e-20 -3.745761e-19 -1.538725e-18 -3.552254e-19 7.510422e-17 9.784673e-16 8.717549e-15 6.331147e-14 3.947978e-13 2.158342e-12 1.043637e-11 4.475667e-11 1.700303e-10 5.695652e-10 1.667643e-09 4.202387e-09 8.849251e-09 1.453199e-08 1.442877e-08 -1.008369e-08 -9.422872e-08 -2.872127e-07 -6.378164e-07 -1.171674e-06 -1.871502e-06 -2.671169e-06 -3.466575e-06 -4.138234e-06 -4.576692e-06 -4.702710e-06 -4.478076e-06 -3.906961e-06 -3.030429e-06 -1.917561e-06 -6.560625e-07 6.560625e-07 1.917561e-06 3.030429e-06 3.906961e-06 4.478076e-06 4.702710e-06 4.576692e-06 4.138234e-06 3.466575e-06 2.671169e-06 1.871502e-06 1.171674e-06 6.378164e-07 2.872127e-07 9.422872e-08 1.008369e-08 -1.442877e-08 -1.453199e-08 -8.849251e-09 -4.202387e-09 -1.667643e-09 -5.695652e-10 -1.700303e-10 -4.475667e-11 -1.043637e-11 -2.158342e-12 -3.947978e-13 -6.331147e-14 -8.717549e-15 -9.784673e-16 -7.510422e-17 3.552254e-19 1.538725e-18 3.745761e-19 6.411003e-20 9.080882e-21 1.121506e-21 1.236084e-22 1.230472e-23 1.113317e-24 9.180905e-26 6.899048e-27 4.707955e-28 2.893618e-29 1.574634e-30 7.303048e-32 2.593795e-33 3.813115e-35 -4.081719e-36 -5.252054e-37 -3.994249e-38 -1.341988e-39 -7.655791e-42 -6.834003e-45 -1.264008e-48 -6.266984e-53 -1.008410e-57 -6.041327e-63
