0.000000e+00 0.000000e+00 0.000000e+00 0.000000e+00 0.000000e+00 0.000000e+00 0.000000e+00 0.000000e+00 0.000000e+00 0.000000e+00 0.000000e+00 0.000000e+00 0.000000e+00 0.000000e+00 0.000000e+00 0.000000e+00 0.000000e+00 0.000000e+00 0.000000e+00 0.000000e+00 0.000000e+00 0.000000e+00 0.000000e+00 0.000000e+00 0.000000e+00 0.000000e+00 0.000000e+00 0.000000e+00 0.000000e+00 0.000000e+00 0.000000e+00 0.000000e+00 0.000000e+00 0.000000e+00 0.000000e+00 0.000000e+00 0.000000e+00 0.000000e+00 0.000000e+00 0.000000e+00 0.000000e+00 0.000000e+00 0.000000e+00 0.000000e+00 0.000000e+00 0.000000e+00 0.000000e+00 0.000000e+00 0.000000e+00 0.000000e+00 0.000000e+00 0.000000e+00 0.000000e+00 0.000000e+00 0.000000e+00 0.000000e+00 0.000000e+00 0.000000e+00 0.000000e+00 0.000000e+00 0.000000e+00 0.000000e+00 0.000000e+00 0.000000e+00 0.000000e+00 0.000000e+00 0.000000e+00 0.000000e+00 0.000000e+00 0.000000e+00 0.000000e+00 0.000000e+00 0.000000e+00 0.000000e+00 0.000000e+00 0.000000e+00 0.000000e+00 0.000000e+00 0.000000e+00 0.000000e+00 0.000000e+00 0.000000e+00 0.000000e+00 0.000000e+00 0.000000e+00 0.000000e+00 0.000000e+00 0.000000e+00 0.000000e+00 0.000000e+00 0.000000e+00 0.000000e+00 0.000000e+00 0.000000e+00 0.000000e+00 0.000000e+00 0.000000e+00 0.000000e+00 0.000000e+00 0.000000e+00 0.000000e+00 0.000000e+00 0.000000e+00 0.000000e+00 0.000000e+00 0.000000e+00 0.000000e+00 0.000000e+00 0.000000e+00 0.000000e+00 0.000000e+00 0.000000e+00 0.000000e+00 0.000000e+00 0.000000e+00 0.000000e+00
0.000000e+00 0.000000e+00 0.000000e+00 0.000000e+00 0.000000e+00 0.000000e+00 0.000000e+00 0.000000e+00 0.000000e+00 0.000000e+00 0.000000e+00 0.000000e+00 0.000000e+00 1.643287e-107 1.322500e-104 5.143751e-102 1.285046e-99 2.309936e-97 3.167616e-95 3.420866e-93 2.949144e-91 2.016927e-89 1.046472e-87 3.409749e-86 -2.469949e-85 -1.373434e-82 -1.244839e-80 -7.791159e-79 -3.905891e-77 -1.648330e-75 -5.988352e-74 -1.893908e-72 -5.240734e-71 -1.269689e-69 -2.683487e-68 -4.901234e-67 -7.583895e-66 -9.507756e-65 -8.473581e-64 -2.000951e-63 1.111894e-61 2.919109e-60 4.730868e-59 5.925276e-58 6.079071e-57 5.210189e-56 3.745993e-55 2.247369e-54 1.108916e-53 4.375197e-53 1.301798e-52 2.476447e-52 5.135962e-53 -1.546368e-51 -5.987430e-51 -1.239133e-50 -1.479680e-50 -6.954612e-51 6.954612e-51 1.479680e-50 1.239133e-50 5.987430e-51 1.546368e-51 -5.135962e-53 -2.476447e-52 -1.301798e-52 -4.375197e-53 -1.108916e-53 -2.247369e-54 -3.745993e-55 -5.210189e-56 -6.079071e-57 -5.925276e-58 -4.730868e-59 -2.919109e-60 -1.111894e-61 2.000951e-63 8.473581e-64 9.507756e-65 7.583895e-66 4.901234e-67 2.683487e-68 1.269689e-69 5.240734e-71 1.893908e-72 5.988352e-74 1.648330e-75 3.905891e-77 7.791159e-79 1.244839e-80 1.373434e-82 2.469949e-85 -3.409749e-86 -1.046472e-87 -2.016927e-89 -2.949144e-91 -3.420866e-93 -3.167616e-95 -2.309936e-97 -1.285046e-99 -5.143751e-102 -1.322500e-104 -1.643287e-107 0.000000e+00 0.000000e+00 0.000000e+00 0.000000e+00 0.000000e+00 0.000000e+00 0.000000e+00 0.000000e+00 0.000000e+00 0.000000e+00 0.000000e+00 0.000000e+00 0.000000e+00
0.000000e+00 0.000000e+00 0.000000e+00 0.000000e+00 0.000000e+00 0.000000e+00 0.000000e+00 0.000000e+00 0.000000e+00 0.000000e+00 0.000000e+00 0.000000e+00 7.583122e-104 6.230891e-101 2.475496e-98 6.320350e-96 1.161652e-93 1.629563e-91 1.801062e-89 1.589601e-87 1.113010e-85 5.906694e-84 1.955769e-82 -1.728082e-81 -8.627332e-79 -7.990523e-77 -5.139492e-75 -2.653836e-73 -1.155335e-71 -4.335745e-70 -1.418282e-68 -4.064336e-67 -1.021007e-65 -2.240175e-64 -4.251867e-63 -6.840284e-62 -8.905226e-61 -8.166007e-60 -1.602442e-59 1.301841e-57 3.502062e-56 5.959359e-55 7.901126e-54 8.629890e-53 7.915409e-52 6.122559e-51 3.973357e-50 2.132171e-49 9.184897e-49 2.975083e-48 5.884647e-48 -2.363646e-48 -7.256285e-47 -3.187672e-46 -8.423725e-46 -1.471440e-45 -1.599681e-45 -7.182343e-46 7.182343e-46 1.599681e-45 1.471440e-45 8.423725e-46 3.187672e-46 7.256285e-47 2.363646e-48 -5.884647e-48 -2.975083e-48 -9.184897e-49 -2.132171e-49 -3.973357e-50 -6.122559e-51 -7.915409e-52 -8.629890e-53 -7.901126e-54 -5.959359e-55 -3.502062e-56 -1.301841e-57 1.602442e-59 8.166007e-60 8.905226e-61 6.840284e-62 4.251867e-63 2.240175e-64 1.021007e-65 4.064336e-67 1.418282e-68 4.335745e-70 1.155335e-71 2.653836e-73 5.139492e-75 7.990523e-77 8.627332e-79 1.728082e-81 -1.955769e-82 -5.906694e-84 -1.113010e-85 -1.589601e-87 -1.801062e-89 -1.629563e-91 -1.161652e-93 -6.320350e-96 -2.475496e-98 -6.230891e-101 -7.583122e-104 0.000000e+00 0.000000e+00 0.000000e+00 0.000000e+00 0.000000e+00 0.000000e+00 0.000000e+00 0.000000e+00 0.000000e+00 0.000000e+00 0.000000e+00 0.000000e+00
0.000000e+00 0.000000e+00 0.000000e+00 0.000000e+00 0.000000e+00 0.000000e+00 0.000000e+00 0.000000e+00 0.000000e+00 0.000000e+00 0.000000e+00 1.309704e-100 1.098125e-97 4.453875e-95 1.161427e-92 2.181233e-90 3.128002e-88 3.535650e-86 3.192255e-84 2.286469e-82 1.239938e-80 4.165621e-79 -4.421654e-78 -2.011663e-75 -1.901869e-73 -1.255743e-71 -6.670986e-70 -2.992307e-68 -1.158495e-66 -3.914183e-65 -1.159895e-63 -3.016456e-62 -6.858746e-61 -1.350215e-59 -2.253571e-58 -3.038891e-57 -2.855859e-56 -4.152754e-56 5.506071e-54 1.515378e-52 2.698425e-51 3.772241e-50 4.366591e-49 4.264072e-48 3.527424e-47 2.459310e-46 1.423676e-45 6.631626e-45 2.309848e-44 4.630022e-44 -6.208392e-44 -1.023636e-42 -5.037086e-42 -1.603137e-41 -3.608242e-41 -5.701695e-41 -5.814161e-41 -2.526360e-41 2.526360e-41 5.814161e-41 5.701695e-41 3.608242e-41 1.603137e-41 5.037086e-42 1.023636e-42 6.208392e-44 -4.630022e-44 -2.309848e-44 -6.631626e-45 -1.423676e-45 -2.459310e-46 -3.527424e-47 -4.264072e-48 -4.366591e-49 -3.772241e-50 -2.698425e-51 -1.515378e-52 -5.506071e-54 4.152754e-56 2.855859e-56 3.038891e-57 2.253571e-58 1.350215e-59 6.858746e-61 3.016456e-62 1.159895e-63 3.914183e-65 1.158495e-66 2.992307e-68 6.670986e-70 1.255743e-71 1.901869e-73 2.011663e-75 4.421654e-78 -4.165621e-79 -1.239938e-80 -2.286469e-82 -3.192255e-84 -3.535650e-86 -3.128002e-88 -2.181233e-90 -1.161427e-92 -4.453875e-95 -1.098125e-97 -1.309704e-100 0.000000e+00 0.000000e+00 0.000000e+00 0.000000e+00 0.000000e+00 0.000000e+00 0.000000e+00 0.000000e+00 0.000000e+00 0.000000e+00 0.000000e+00
0.000000e+00 0.000000e+00 0.000000e+00 0.000000e+00 0.000000e+00 0.000000e+00 0.000000e+00 0.000000e+00 0.000000e+00 0.000000e+00 7.183413e-98 6.142589e-95 2.541951e-92 6.766123e-90 1.297651e-87 1.901127e-85 2.196141e-83 2.026934e-81 1.483942e-79 8.215495e-78 2.796004e-76 -3.523263e-75 -1.477906e-72 -1.424810e-70 -9.647079e-69 -5.266802e-67 -2.431350e-65 -9.699285e-64 -3.380429e-62 -1.034418e-60 -2.780756e-59 -6.541817e-58 -1.333336e-56 -2.304125e-55 -3.210442e-54 -3.079624e-53 -2.517236e-53 7.155491e-51 2.011976e-49 3.737708e-48 5.489819e-47 6.707975e-46 6.942590e-45 6.110646e-44 4.549839e-43 2.821788e-42 1.409633e-41 5.223133e-41 1.030833e-40 -2.864791e-40 -3.886303e-39 -2.115107e-38 -7.827629e-38 -2.136278e-37 -4.336637e-37 -6.363372e-37 -6.169405e-37 -2.611275e-37 2.611275e-37 6.169405e-37 6.363372e-37 4.336637e-37 2.136278e-37 7.827629e-38 2.115107e-38 3.886303e-39 2.864791e-40 -1.030833e-40 -5.223133e-41 -1.409633e-41 -2.821788e-42 -4.549839e-43 -6.110646e-44 -6.942590e-45 -6.707975e-46 -5.489819e-47 -3.737708e-48 -2.011976e-49 -7.155491e-51 2.517236e-53 3.079624e-53 3.210442e-54 2.304125e-55 1.333336e-56 6.541817e-58 2.780756e-59 1.034418e-60 3.380429e-62 9.699285e-64 2.431350e-65 5.266802e-67 9.647079e-69 1.424810e-70 1.477906e-72 3.523263e-75 -2.796004e-76 -8.215495e-78 -1.483942e-79 -2.026934e-81 -2.196141e-83 -1.901127e-85 -1.297651e-87 -6.766123e-90 -2.541951e-92 -6.142589e-95 -7.183413e-98 0.000000e+00 0.000000e+00 0.000000e+00 0.000000e+00 0.000000e+00 0.000000e+00 0.000000e+00 0.000000e+00 0.000000e+00 0.000000e+00
0.000000e+00 0.000000e+00 0.000000e+00 0.000000e+00 0.000000e+00 0.000000e+00 0.000000e+00 0.000000e+00 0.000000e+00 1.004225e-95 8.753237e-93 3.693852e-90 1.003060e-87 1.963344e-85 2.936764e-83 3.464826e-81 3.266695e-79 2.442662e-77 1.379339e-75 4.748085e-74 -7.033845e-73 -2.746706e-70 -2.697727e-68 -1.871231e-66 -1.048806e-64 -4.977509e-63 -2.043682e-61 -7.338432e-60 -2.315848e-58 -6.426247e-57 -1.561786e-55 -3.290193e-54 -5.875795e-53 -8.439872e-52 -8.230089e-51 -2.476473e-52 2.298312e-48 6.594299e-47 1.274575e-45 1.960694e-44 2.519934e-43 2.753148e-42 2.566612e-41 2.030365e-40 1.340996e-39 7.132903e-39 2.784340e-38 5.219819e-38 -2.627465e-37 -3.291444e-36 -1.959667e-35 -8.234473e-35 -2.627265e-34 -6.457035e-34 -1.209521e-33 -1.668288e-33 -1.548515e-33 -6.406916e-34 6.406916e-34 1.548515e-33 1.668288e-33 1.209521e-33 6.457035e-34 2.627265e-34 8.234473e-35 1.959667e-35 3.291444e-36 2.627465e-37 -5.219819e-38 -2.784340e-38 -7.132903e-39 -1.340996e-39 -2.030365e-40 -2.566612e-41 -2.753148e-42 -2.519934e-43 -1.960694e-44 -1.274575e-45 -6.594299e-47 -2.298312e-48 2.476473e-52 8.230089e-51 8.439872e-52 5.875795e-53 3.290193e-54 1.561786e-55 6.426247e-57 2.315848e-58 7.338432e-60 2.043682e-61 4.977509e-63 1.048806e-64 1.871231e-66 2.697727e-68 2.746706e-70 7.033845e-73 -4.748085e-74 -1.379339e-75 -2.442662e-77 -3.266695e-79 -3.464826e-81 -2.936764e-83 -1.963344e-85 -1.003060e-87 -3.693852e-90 -8.753237e-93 -1.004225e-95 0.000000e+00 0.000000e+00 0.000000e+00 0.000000e+00 0.000000e+00 0.000000e+00 0.000000e+00 0.000000e+00 0.000000e+00
0.000000e+00 0.000000e+00 0.000000e+00 0.000000e+00 0.000000e+00 0.000000e+00 0.000000e+00 0.000000e+00 2.717241e-94 2.413133e-91 1.037951e-88 2.873951e-86 5.738140e-84 8.758354e-82 1.054737e-79 1.015197e-77 7.748038e-76 4.459176e-74 1.550511e-72 -2.673099e-71 -9.810019e-69 -9.808939e-67 -6.964253e-65 -4.003742e-63 -1.951560e-61 -8.238504e-60 -3.044550e-58 -9.897065e-57 -2.831333e-55 -7.098979e-54 -1.543516e-52 -2.843895e-51 -4.202549e-50 -4.150415e-49 3.812587e-49 1.388208e-46 4.061791e-45 8.149869e-44 1.309506e-42 1.764800e-41 2.028341e-40 1.994979e-39 1.669272e-38 1.168101e-37 6.575305e-37 2.680668e-36 4.552479e-36 -3.973087e-35 -4.827895e-34 -3.116769e-33 -1.461649e-32 -5.319342e-32 -1.527285e-31 -3.448962e-31 -6.024785e-31 -7.857740e-31 -7.006956e-31 -2.838886e-31 2.838886e-31 7.006956e-31 7.857740e-31 6.024785e-31 3.448962e-31 1.527285e-31 5.319342e-32 1.461649e-32 3.116769e-33 4.827895e-34 3.973087e-35 -4.552479e-36 -2.680668e-36 -6.575305e-37 -1.168101e-37 -1.669272e-38 -1.994979e-39 -2.028341e-40 -1.764800e-41 -1.309506e-42 -8.149869e-44 -4.061791e-45 -1.388208e-46 -3.812587e-49 4.150415e-49 4.202549e-50 2.843895e-51 1.543516e-52 7.098979e-54 2.831333e-55 9.897065e-57 3.044550e-58 8.238504e-60 1.951560e-61 4.003742e-63 6.964253e-65 9.808939e-67 9.810019e-69 2.673099e-71 -1.550511e-72 -4.459176e-74 -7.748038e-76 -1.015197e-77 -1.054737e-79 -8.758354e-82 -5.738140e-84 -2.873951e-86 -1.037951e-88 -2.413133e-91 -2.717241e-94 0.000000e+00 0.000000e+00 0.000000e+00 0.000000e+00 0.000000e+00 0.000000e+00 0.000000e+00 0.000000e+00
0.000000e+00 0.000000e+00 0.000000e+00 0.000000e+00 0.000000e+00 0.000000e+00 0.000000e+00 1.161375e-93 1.076033e-90 4.716428e-88 1.331292e-85 2.710726e-83 4.220962e-81 5.187273e-79 5.095979e-77 3.969018e-75 2.328109e-73 8.183151e-72 -1.604611e-70 -5.632200e-68 -5.736245e-66 -4.168004e-64 -2.456832e-62 -1.229349e-60 -5.332846e-59 -2.026959e-57 -6.782803e-56 -1.999019e-54 -5.166971e-53 -1.158615e-51 -2.200876e-50 -3.344384e-49 -3.345395e-48 6.393340e-48 1.320789e-45 3.950942e-44 8.224079e-43 1.378175e-41 1.943777e-40 2.344683e-39 2.426541e-38 2.141140e-37 1.582165e-36 9.390967e-36 3.981645e-35 5.857440e-35 -8.581764e-34 -1.045389e-32 -7.282865e-32 -3.767844e-31 -1.538085e-30 -5.040503e-30 -1.326830e-29 -2.779906e-29 -4.551783e-29 -5.628415e-29 -4.828198e-29 -1.916639e-29 1.916639e-29 4.828198e-29 5.628415e-29 4.551783e-29 2.779906e-29 1.326830e-29 5.040503e-30 1.538085e-30 3.767844e-31 7.282865e-32 1.045389e-32 8.581764e-34 -5.857440e-35 -3.981645e-35 -9.390967e-36 -1.582165e-36 -2.141140e-37 -2.426541e-38 -2.344683e-39 -1.943777e-40 -1.378175e-41 -8.224079e-43 -3.950942e-44 -1.320789e-45 -6.393340e-48 3.345395e-48 3.344384e-49 2.200876e-50 1.158615e-51 5.166971e-53 1.999019e-54 6.782803e-56 2.026959e-57 5.332846e-59 1.229349e-60 2.456832e-62 4.168004e-64 5.736245e-66 5.632200e-68 1.604611e-70 -8.183151e-72 -2.328109e-73 -3.969018e-75 -5.095979e-77 -5.187273e-79 -4.220962e-81 -2.710726e-83 -1.331292e-85 -4.716428e-88 -1.076033e-90 -1.161375e-93 0.000000e+00 0.000000e+00 0.000000e+00 0.000000e+00 0.000000e+00 0.000000e+00 0.000000e+00
0.000000e+00 0.000000e+00 0.000000e+00 0.000000e+00 0.000000e+00 0.000000e+00 7.197473e-94 1.309137e-90 5.991083e-88 1.725024e-85 3.584370e-83 5.697977e-81 7.151591e-79 7.177948e-77 5.713016e-75 3.423733e-73 1.225697e-71 -2.564892e-70 -8.988968e-68 -9.364895e-66 -6.976527e-64 -4.221143e-62 -2.170092e-60 -9.680285e-59 -3.786807e-57 -1.305304e-55 -3.966170e-54 -1.057821e-52 -2.449473e-51 -4.807359e-50 -7.544101e-49 -7.746458e-48 1.883172e-47 3.430455e-45 1.061157e-43 2.299859e-42 4.025952e-41 5.946855e-40 7.531193e-39 8.202706e-38 7.635264e-37 5.963487e-36 3.743221e-35 1.666992e-34 2.252402e-34 -4.651362e-33 -5.920098e-32 -4.467159e-31 -2.538677e-30 -1.152051e-29 -4.251077e-29 -1.279021e-28 -3.120620e-28 -6.104199e-28 -9.400409e-28 -1.103702e-27 -9.111514e-28 -3.543683e-28 3.543683e-28 9.111514e-28 1.103702e-27 9.400409e-28 6.104199e-28 3.120620e-28 1.279021e-28 4.251077e-29 1.152051e-29 2.538677e-30 4.467159e-31 5.920098e-32 4.651362e-33 -2.252402e-34 -1.666992e-34 -3.743221e-35 -5.963487e-36 -7.635264e-37 -8.202706e-38 -7.531193e-39 -5.946855e-40 -4.025952e-41 -2.299859e-42 -1.061157e-43 -3.430455e-45 -1.883172e-47 7.746458e-48 7.544101e-49 4.807359e-50 2.449473e-51 1.057821e-52 3.966170e-54 1.305304e-55 3.786807e-57 9.680285e-59 2.170092e-60 4.221143e-62 6.976527e-64 9.364895e-66 8.988968e-68 2.564892e-70 -1.225697e-71 -3.423733e-73 -5.713016e-75 -7.177948e-77 -7.151591e-79 -5.697977e-81 -3.584370e-83 -1.725024e-85 -5.991083e-88 -1.309137e-90 -7.197473e-94 0.000000e+00 0.000000e+00 0.000000e+00 0.000000e+00 0.000000e+00 0.000000e+00
0.000000e+00 0.000000e+00 0.000000e+00 0.000000e+00 0.000000e+00 6.757222e-95 6.516473e-91 5.852024e-88 1.760096e-85 3.733354e-83 6.060951e-81 7.772356e-79 7.974150e-77 6.490752e-75 3.980061e-73 1.458546e-71 -3.130384e-70 -1.123625e-67 -1.200523e-65 -9.178451e-64 -5.703331e-62 -3.013446e-60 -1.382593e-58 -5.567401e-57 -1.977132e-55 -6.194859e-54 -1.705381e-52 -4.080028e-51 -8.281761e-50 -1.345461e-48 -1.430771e-47 3.692899e-47 6.871905e-45 2.211876e-43 4.999512e-42 9.145294e-41 1.414481e-39 1.879676e-38 2.153137e-37 2.112828e-36 1.743751e-35 1.158664e-34 5.453962e-34 7.250014e-34 -1.837965e-32 -2.487599e-31 -2.032290e-30 -1.262296e-29 -6.317249e-29 -2.596177e-28 -8.798399e-28 -2.450578e-27 -5.563242e-27 -1.016771e-26 -1.470323e-26 -1.633798e-26 -1.293095e-26 -4.914169e-27 4.914169e-27 1.293095e-26 1.633798e-26 1.470323e-26 1.016771e-26 5.563242e-27 2.450578e-27 8.798399e-28 2.596177e-28 6.317249e-29 1.262296e-29 2.032290e-30 2.487599e-31 1.837965e-32 -7.250014e-34 -5.453962e-34 -1.158664e-34 -1.743751e-35 -2.112828e-36 -2.153137e-37 -1.879676e-38 -1.414481e-39 -9.145294e-41 -4.999512e-42 -2.211876e-43 -6.871905e-45 -3.692899e-47 1.430771e-47 1.345461e-48 8.281761e-50 4.080028e-51 1.705381e-52 6.194859e-54 1.977132e-55 5.567401e-57 1.382593e-58 3.013446e-60 5.703331e-62 9.178451e-64 1.200523e-65 1.123625e-67 3.130384e-70 -1.458546e-71 -3.980061e-73 -6.490752e-75 -7.974150e-77 -7.772356e-79 -6.060951e-81 -3.733354e-83 -1.760096e-85 -5.852024e-88 -6.516473e-91 -6.757222e-95 0.000000e+00 0.000000e+00 0.000000e+00 0.000000e+00 0.000000e+00
0.000000e+00 0.000000e+00 0.000000e+00 0.000000e+00 1.080941e-96 6.006963e-92 2.858645e-88 1.685331e-85 3.733353e-83 6.187245e-81 8.103169e-79 8.494337e-77 7.067873e-75 4.432483e-73 1.662136e-71 -3.652256e-70 -1.342945e-67 -1.470740e-65 -1.153277e-63 -7.354903e-62 -3.991126e-60 -1.882027e-58 -7.794997e-57 -2.849587e-55 -9.198792e-54 -2.611343e-52 -6.448487e-51 -1.352362e-49 -2.272107e-48 -2.499990e-47 6.799424e-47 1.297112e-44 4.338573e-43 1.021087e-41 1.948307e-40 3.149063e-39 4.381656e-38 5.266173e-37 5.433652e-36 4.725423e-35 3.314071e-34 1.644406e-33 2.150566e-33 -6.579268e-32 -9.445322e-31 -8.306960e-30 -5.598552e-29 -3.063000e-28 -1.387237e-27 -5.227847e-27 -1.635775e-26 -4.220942e-26 -8.891118e-26 -1.508996e-25 -2.029632e-25 -2.108355e-25 -1.579548e-25 -5.815178e-26 5.815178e-26 1.579548e-25 2.108355e-25 2.029632e-25 1.508996e-25 8.891118e-26 4.220942e-26 1.635775e-26 5.227847e-27 1.387237e-27 3.063000e-28 5.598552e-29 8.306960e-30 9.445322e-31 6.579268e-32 -2.150566e-33 -1.644406e-33 -3.314071e-34 -4.725423e-35 -5.433652e-36 -5.266173e-37 -4.381656e-38 -3.149063e-39 -1.948307e-40 -1.021087e-41 -4.338573e-43 -1.297112e-44 -6.799424e-47 2.499990e-47 2.272107e-48 1.352362e-49 6.448487e-51 2.611343e-52 9.198792e-54 2.849587e-55 7.794997e-57 1.882027e-58 3.991126e-60 7.354903e-62 1.153277e-63 1.470740e-65 1.342945e-67 3.652256e-70 -1.662136e-71 -4.432483e-73 -7.067873e-75 -8.494337e-77 -8.103169e-79 -6.187245e-81 -3.733353e-83 -1.685331e-85 -2.858645e-88 -6.006963e-92 -1.080941e-96 0.000000e+00 0.000000e+00 0.000000e+00 0.000000e+00
0.000000e+00 0.000000e+00 0.000000e+00 3.857928e-99 9.431455e-94 2.586392e-89 8.075902e-86 3.502643e-83 6.060947e-81 8.103169e-79 8.675113e-77 7.375258e-75 4.728073e-73 1.813291e-71 -4.077049e-70 -1.534859e-67 -1.721931e-65 -1.384016e-63 -9.052795e-62 -5.041783e-60 -2.441726e-58 -1.039404e-56 -3.908229e-55 -1.298697e-53 -3.798289e-52 -9.671960e-51 -2.093537e-49 -3.633603e-48 -4.132289e-47 1.180367e-46 2.309155e-44 8.015047e-43 1.961084e-41 3.896535e-40 6.569398e-39 9.551722e-38 1.201870e-36 1.300846e-35 1.189016e-34 8.777626e-34 4.579322e-33 5.886093e-33 -2.145493e-31 -3.258263e-30 -3.069411e-29 -2.230847e-28 -1.324561e-27 -6.554209e-27 -2.718504e-26 -9.438078e-26 -2.726179e-25 -6.489005e-25 -1.256854e-24 -1.951051e-24 -2.384687e-24 -2.241891e-24 -1.531593e-24 -5.313649e-25 5.313649e-25 1.531593e-24 2.241891e-24 2.384687e-24 1.951051e-24 1.256854e-24 6.489005e-25 2.726179e-25 9.438078e-26 2.718504e-26 6.554209e-27 1.324561e-27 2.230847e-28 3.069411e-29 3.258263e-30 2.145493e-31 -5.886093e-33 -4.579322e-33 -8.777626e-34 -1.189016e-34 -1.300846e-35 -1.201870e-36 -9.551722e-38 -6.569398e-39 -3.896535e-40 -1.961084e-41 -8.015047e-43 -2.309155e-44 -1.180367e-46 4.132289e-47 3.633603e-48 2.093537e-49 9.671960e-51 3.798289e-52 1.298697e-53 3.908229e-55 1.039404e-56 2.441726e-58 5.041783e-60 9.052795e-62 1.384016e-63 1.721931e-65 1.534859e-67 4.077049e-70 -1.813291e-71 -4.728073e-73 -7.375258e-75 -8.675113e-77 -8.103169e-79 -6.060947e-81 -3.502643e-83 -8.075902e-86 -2.586392e-89 -9.431455e-94 -3.857928e-99 0.000000e+00 0.000000e+00 0.000000e+00
0.000000e+00 0.000000e+00 3.948439e-102 3.302231e-96 3.984177e-91 7.168935e-87 1.645850e-83 5.569318e-81 7.772349e-79 8.494337e-77 7.375258e-75 4.830889e-73 1.893908e-71 -4.355101e-70 -1.677684e-67 -1.926994e-65 -1.586626e-63 -1.063758e-61 -6.076340e-60 -3.020207e-58 -1.320399e-56 -5.102653e-55 -1.744015e-53 -5.250542e-52 -1.377427e-50 -3.074319e-49 -5.506677e-48 -6.466213e-47 1.933972e-46 3.880768e-44 1.396035e-42 3.545983e-41 7.325340e-40 1.286061e-38 1.950375e-37 2.564172e-36 2.905025e-35 2.784292e-34 2.158287e-33 1.181160e-32 1.491384e-32 -6.403944e-31 -1.026196e-29 -1.030980e-28 -8.038106e-28 -5.147590e-27 -2.762945e-26 -1.250740e-25 -4.770613e-25 -1.524426e-24 -4.041558e-24 -8.768883e-24 -1.528677e-23 -2.089772e-23 -2.168719e-23 -1.635355e-23 -8.404894e-24 -2.251335e-24 2.251335e-24 8.404894e-24 1.635355e-23 2.168719e-23 2.089772e-23 1.528677e-23 8.768883e-24 4.041558e-24 1.524426e-24 4.770613e-25 1.250740e-25 2.762945e-26 5.147590e-27 8.038106e-28 1.030980e-28 1.026196e-29 6.403944e-31 -1.491384e-32 -1.181160e-32 -2.158287e-33 -2.784292e-34 -2.905025e-35 -2.564172e-36 -1.950375e-37 -1.286061e-38 -7.325340e-40 -3.545983e-41 -1.396035e-42 -3.880768e-44 -1.933972e-46 6.466213e-47 5.506677e-48 3.074319e-49 1.377427e-50 5.250542e-52 1.744015e-53 5.102653e-55 1.320399e-56 3.020207e-58 6.076340e-60 1.063758e-61 1.586626e-63 1.926994e-65 1.677684e-67 4.355101e-70 -1.893908e-71 -4.830889e-73 -7.375258e-75 -8.494337e-77 -7.772349e-79 -5.569318e-81 -1.645850e-83 -7.168935e-87 -3.984177e-91 -3.302231e-96 -3.948439e-102 0.000000e+00 0.000000e+00
0.000000e+00 1.401652e-105 3.313820e-99 1.367936e-93 1.083052e-88 1.432928e-84 2.565236e-81 6.991834e-79 7.974139e-77 7.067873e-75 4.728073e-73 1.893908e-71 -4.451906e-70 -1.753967e-67 -2.061480e-65 -1.737785e-63 -1.193529e-61 -6.988086e-60 -3.562457e-58 -1.598450e-56 -6.344084e-55 -2.228515e-53 -6.900673e-52 -1.863469e-50 -4.284745e-49 -7.912964e-48 -9.585141e-47 2.993347e-46 6.162182e-44 2.294667e-42 6.042713e-41 1.295997e-39 2.365623e-38 3.735678e-37 5.122228e-36 6.062339e-35 6.079818e-34 4.937729e-33 2.828785e-32 3.508429e-32 -1.756611e-30 -2.963239e-29 -3.162847e-28 -2.633201e-27 -1.809190e-26 -1.046953e-25 -5.136413e-25 -2.134998e-24 -7.476460e-24 -2.183452e-23 -5.235931e-23 -1.006923e-22 -1.493755e-22 -1.582941e-22 -9.543739e-23 1.200090e-23 7.793750e-23 4.382253e-23 -4.382253e-23 -7.793750e-23 -1.200090e-23 9.543739e-23 1.582941e-22 1.493755e-22 1.006923e-22 5.235931e-23 2.183452e-23 7.476460e-24 2.134998e-24 5.136413e-25 1.046953e-25 1.809190e-26 2.633201e-27 3.162847e-28 2.963239e-29 1.756611e-30 -3.508429e-32 -2.828785e-32 -4.937729e-33 -6.079818e-34 -6.062339e-35 -5.122228e-36 -3.735678e-37 -2.365623e-38 -1.295997e-39 -6.042713e-41 -2.294667e-42 -6.162182e-44 -2.993347e-46 9.585141e-47 7.912964e-48 4.284745e-49 1.863469e-50 6.900673e-52 2.228515e-53 6.344084e-55 1.598450e-56 3.562457e-58 6.988086e-60 1.193529e-61 1.737785e-63 2.061480e-65 1.753967e-67 4.451906e-70 -1.893908e-71 -4.728073e-73 -7.067873e-75 -7.974139e-77 -6.991834e-79 -2.565236e-81 -1.432928e-84 -1.083052e-88 -1.367936e-93 -3.313820e-99 -1.401652e-105 0.000000e+00
1.990091e-109 1.152813e-102 1.345394e-96 3.644978e-91 2.122278e-86 2.189695e-82 3.155772e-79 7.019592e-77 6.490738e-75 4.432483e-73 1.813291e-71 -4.355101e-70 -1.753967e-67 -2.108348e-65 -1.818639e-63 -1.278809e-61 -7.670065e-60 -4.007893e-58 -1.844426e-56 -7.512953e-55 -2.710407e-53 -8.625802e-52 -2.395773e-50 -5.670246e-49 -1.078709e-47 -1.346727e-46 4.379943e-46 9.251659e-44 3.562279e-42 9.713466e-41 2.159956e-39 4.093235e-38 6.720191e-37 9.594074e-36 1.184076e-34 1.240159e-33 1.053127e-32 6.303891e-32 7.683077e-32 -4.443116e-30 -7.873195e-29 -8.897856e-28 -7.878727e-27 -5.781154e-26 -3.588094e-25 -1.896490e-24 -8.532442e-24 -3.249216e-23 -1.036075e-22 -2.718020e-22 -5.693783e-22 -8.979946e-22 -9.052251e-22 -1.024550e-22 1.583791e-21 3.258903e-21 3.445671e-21 1.490229e-21 -1.490229e-21 -3.445671e-21 -3.258903e-21 -1.583791e-21 1.024550e-22 9.052251e-22 8.979946e-22 5.693783e-22 2.718020e-22 1.036075e-22 3.249216e-23 8.532442e-24 1.896490e-24 3.588094e-25 5.781154e-26 7.878727e-27 8.897856e-28 7.873195e-29 4.443116e-30 -7.683077e-32 -6.303891e-32 -1.053127e-32 -1.240159e-33 -1.184076e-34 -9.594074e-36 -6.720191e-37 -4.093235e-38 -2.159956e-39 -9.713466e-41 -3.562279e-42 -9.251659e-44 -4.379943e-46 1.346727e-46 1.078709e-47 5.670246e-49 2.395773e-50 8.625802e-52 2.710407e-53 7.512953e-55 1.844426e-56 4.007893e-58 7.670065e-60 1.278809e-61 1.818639e-63 2.108348e-65 1.753967e-67 4.355101e-70 -1.813291e-71 -4.432483e-73 -6.490738e-75 -7.019592e-77 -3.155772e-79 -2.189695e-82 -2.122278e-86 -3.644978e-91 -1.345394e-96 -1.152813e-102 -1.990091e-109
1.603109e-106 4.584552e-100 3.511972e-94 6.998244e-89 3.178254e-84 2.640353e-80 3.103947e-77 5.588991e-75 3.980047e-73 1.662136e-71 -4.077049e-70 -1.677684e-67 -2.061480e-65 -1.818639e-63 -1.308558e-61 -8.035418e-60 -4.301237e-58 -2.028914e-56 -8.476331e-55 -3.138409e-53 -1.025767e-51 -2.928056e-50 -7.127556e-49 -1.395623e-47 -1.794321e-46 6.062692e-46 1.314150e-43 5.226668e-42 1.474023e-40 3.394160e-39 6.668873e-38 1.136666e-36 1.686999e-35 2.167534e-34 2.366705e-33 2.097557e-32 1.309646e-31 1.569934e-31 -1.039316e-29 -1.930724e-28 -2.303402e-27 -2.161586e-26 -1.687122e-25 -1.117978e-24 -6.333656e-24 -3.066632e-23 -1.261716e-22 -4.361056e-22 -1.241505e-21 -2.806465e-21 -4.635538e-21 -4.078624e-21 4.230086e-21 2.500978e-20 5.460296e-20 7.641376e-20 6.967863e-20 2.843217e-20 -2.843217e-20 -6.967863e-20 -7.641376e-20 -5.460296e-20 -2.500978e-20 -4.230086e-21 4.078624e-21 4.635538e-21 2.806465e-21 1.241505e-21 4.361056e-22 1.261716e-22 3.066632e-23 6.333656e-24 1.117978e-24 1.687122e-25 2.161586e-26 2.303402e-27 1.930724e-28 1.039316e-29 -1.569934e-31 -1.309646e-31 -2.097557e-32 -2.366705e-33 -2.167534e-34 -1.686999e-35 -1.136666e-36 -6.668873e-38 -3.394160e-39 -1.474023e-40 -5.226668e-42 -1.314150e-43 -6.062692e-46 1.794321e-46 1.395623e-47 7.127556e-49 2.928056e-50 1.025767e-51 3.138409e-53 8.476331e-55 2.028914e-56 4.301237e-58 8.035418e-60 1.308558e-61 1.818639e-63 2.061480e-65 1.677684e-67 4.077049e-70 -1.662136e-71 -3.980047e-73 -5.588991e-75 -3.103947e-77 -2.640353e-80 -3.178254e-84 -6.998244e-89 -3.511972e-94 -4.584552e-100 -1.603109e-106
6.241144e-104 1.171696e-97 6.602805e-92 1.026474e-86 3.754597e-82 2.545133e-78 2.421213e-75 3.351299e-73 1.458535e-71 -3.652256e-70 -1.534859e-67 -1.926994e-65 -1.737785e-63 -1.278809e-61 -8.035418e-60 -4.403675e-58 -2.127909e-56 -9.112170e-55 -3.460328e-53 -1.160734e-51 -3.402779e-50 -8.512776e-49 -1.714279e-47 -2.267944e-46 7.942972e-46 1.767020e-43 7.252217e-42 2.113076e-40 5.032645e-39 1.023938e-37 1.809422e-36 2.787795e-35 3.723253e-34 4.231314e-33 3.907314e-32 2.540694e-31 2.999698e-31 -2.253934e-29 -4.381556e-28 -5.503280e-27 -5.456245e-26 -4.513834e-25 -3.180872e-24 -1.922974e-23 -9.970408e-23 -4.407745e-22 -1.641461e-21 -5.037575e-21 -1.219961e-20 -2.086231e-20 -1.398017e-20 5.383044e-20 2.493966e-19 6.037056e-19 1.022376e-18 1.264528e-18 1.079562e-18 4.277086e-19 -4.277086e-19 -1.079562e-18 -1.264528e-18 -1.022376e-18 -6.037056e-19 -2.493966e-19 -5.383044e-20 1.398017e-20 2.086231e-20 1.219961e-20 5.037575e-21 1.641461e-21 4.407745e-22 9.970408e-23 1.922974e-23 3.180872e-24 4.513834e-25 5.456245e-26 5.503280e-27 4.381556e-28 2.253934e-29 -2.999698e-31 -2.540694e-31 -3.907314e-32 -4.231314e-33 -3.723253e-34 -2.787795e-35 -1.809422e-36 -1.023938e-37 -5.032645e-39 -2.113076e-40 -7.252217e-42 -1.767020e-43 -7.942972e-46 2.267944e-46 1.714279e-47 8.512776e-49 3.402779e-50 1.160734e-51 3.460328e-53 9.112170e-55 2.127909e-56 4.403675e-58 8.035418e-60 1.278809e-61 1.737785e-63 1.926994e-65 1.534859e-67 3.652256e-70 -1.458535e-71 -3.351299e-73 -2.421213e-75 -2.545133e-78 -3.754597e-82 -1.026474e-86 -6.602805e-92 -1.171696e-97 -6.241144e-104
1.560747e-101 2.155795e-95 9.479586e-90 1.187274e-84 3.545185e-80 1.946119e-76 1.423624e-73 1.201635e-71 -3.130444e-70 -1.342945e-67 -1.721931e-65 -1.586626e-63 -1.193529e-61 -7.670065e-60 -4.301237e-58 -2.127909e-56 -9.334457e-55 -3.633361e-53 -1.250019e-51 -3.760895e-50 -9.662593e-49 -1.999694e-47 -2.720290e-46 9.854001e-46 2.250096e-43 9.521035e-42 2.863226e-40 7.045611e-39 1.482685e-37 2.713075e-36 4.333569e-35 6.007638e-34 7.095451e-33 6.816199e-32 4.609239e-31 5.369865e-31 -4.541552e-29 -9.223031e-28 -1.216620e-26 -1.270803e-25 -1.110811e-24 -8.295302e-24 -5.330585e-23 -2.946965e-22 -1.393228e-21 -5.561366e-21 -1.829901e-20 -4.720323e-20 -8.282169e-20 -3.089007e-20 4.178220e-19 1.878252e-18 5.041801e-18 9.918190e-18 1.497236e-17 1.725445e-17 1.412242e-17 5.484859e-18 -5.484859e-18 -1.412242e-17 -1.725445e-17 -1.497236e-17 -9.918190e-18 -5.041801e-18 -1.878252e-18 -4.178220e-19 3.089007e-20 8.282169e-20 4.720323e-20 1.829901e-20 5.561366e-21 1.393228e-21 2.946965e-22 5.330585e-23 8.295302e-24 1.110811e-24 1.270803e-25 1.216620e-26 9.223031e-28 4.541552e-29 -5.369865e-31 -4.609239e-31 -6.816199e-32 -7.095451e-33 -6.007638e-34 -4.333569e-35 -2.713075e-36 -1.482685e-37 -7.045611e-39 -2.863226e-40 -9.521035e-42 -2.250096e-43 -9.854001e-46 2.720290e-46 1.999694e-47 9.662593e-49 3.760895e-50 1.250019e-51 3.633361e-53 9.334457e-55 2.127909e-56 4.301237e-58 7.670065e-60 1.193529e-61 1.586626e-63 1.721931e-65 1.342945e-67 3.130444e-70 -1.201635e-71 -1.423624e-73 -1.946119e-76 -3.545185e-80 -1.187274e-84 -9.479586e-90 -2.155795e-95 -1.560747e-101
2.808418e-99 3.027530e-93 1.072837e-87 1.097406e-82 2.655932e-78 1.123339e-74 5.036923e-72 -2.487676e-70 -1.123626e-67 -1.470740e-65 -1.384016e-63 -1.063758e-61 -6.988086e-60 -4.007893e-58 -2.028914e-56 -9.112170e-55 -3.633361e-53 -1.281269e-51 -3.953724e-50 -1.042507e-48 -2.215658e-47 -3.097105e-46 1.157991e-45 2.714429e-43 1.183162e-41 3.668867e-40 9.318286e-39 2.026041e-37 3.834467e-36 6.341856e-35 9.113830e-34 1.117117e-32 1.114804e-31 7.829406e-31 9.021972e-31 -8.518091e-29 -1.804344e-27 -2.494213e-26 -2.737859e-25 -2.521509e-24 -1.989251e-23 -1.354108e-22 -7.951895e-22 -4.003755e-21 -1.705467e-20 -5.988711e-20 -1.637884e-19 -2.927512e-19 5.144734e-21 2.481416e-18 1.144181e-17 3.384642e-17 7.550831e-17 1.328094e-16 1.859465e-16 2.036164e-16 1.613901e-16 6.171287e-17 -6.171287e-17 -1.613901e-16 -2.036164e-16 -1.859465e-16 -1.328094e-16 -7.550831e-17 -3.384642e-17 -1.144181e-17 -2.481416e-18 -5.144734e-21 2.927512e-19 1.637884e-19 5.988711e-20 1.705467e-20 4.003755e-21 7.951895e-22 1.354108e-22 1.989251e-23 2.521509e-24 2.737859e-25 2.494213e-26 1.804344e-27 8.518091e-29 -9.021972e-31 -7.829406e-31 -1.114804e-31 -1.117117e-32 -9.113830e-34 -6.341856e-35 -3.834467e-36 -2.026041e-37 -9.318286e-39 -3.668867e-40 -1.183162e-41 -2.714429e-43 -1.157991e-45 3.097105e-46 2.215658e-47 1.042507e-48 3.953724e-50 1.281269e-51 3.633361e-53 9.112170e-55 2.028914e-56 4.007893e-58 6.988086e-60 1.063758e-61 1.384016e-63 1.470740e-65 1.123626e-67 2.487676e-70 -5.036923e-72 -1.123339e-74 -2.655932e-78 -1.097406e-82 -1.072837e-87 -3.027530e-93 -2.808418e-99
3.855403e-97 3.350249e-91 9.700315e-86 8.049181e-81 1.504198e-76 3.937059e-73 -9.416353e-71 -8.780678e-68 -1.200523e-65 -1.153277e-63 -9.052795e-62 -6.076340e-60 -3.562457e-58 -1.844426e-56 -8.476331e-55 -3.460328e-53 -1.250019e-51 -3.953724e-50 -1.069226e-48 -2.332156e-47 -3.347574e-46 1.289353e-45 3.103077e-43 1.392169e-41 4.447445e-40 1.164775e-38 2.613938e-37 5.111246e-36 8.743116e-35 1.300911e-33 1.652756e-32 1.711083e-31 1.246582e-30 1.424893e-30 -1.489526e-28 -3.286327e-27 -4.751046e-26 -5.468018e-25 -5.292568e-24 -4.398657e-23 -3.162090e-22 -1.965871e-21 -1.050330e-20 -4.755960e-20 -1.775203e-19 -5.128063e-19 -9.284169e-19 4.708066e-19 1.212088e-17 5.847409e-17 1.893023e-16 4.712486e-16 9.405871e-16 1.527454e-15 2.016685e-15 2.117826e-15 1.633832e-15 6.164957e-16 -6.164957e-16 -1.633832e-15 -2.117826e-15 -2.016685e-15 -1.527454e-15 -9.405871e-16 -4.712486e-16 -1.893023e-16 -5.847409e-17 -1.212088e-17 -4.708066e-19 9.284169e-19 5.128063e-19 1.775203e-19 4.755960e-20 1.050330e-20 1.965871e-21 3.162090e-22 4.398657e-23 5.292568e-24 5.468018e-25 4.751046e-26 3.286327e-27 1.489526e-28 -1.424893e-30 -1.246582e-30 -1.711083e-31 -1.652756e-32 -1.300911e-33 -8.743116e-35 -5.111246e-36 -2.613938e-37 -1.164775e-38 -4.447445e-40 -1.392169e-41 -3.103077e-43 -1.289353e-45 3.347574e-46 2.332156e-47 1.069226e-48 3.953724e-50 1.250019e-51 3.460328e-53 8.476331e-55 1.844426e-56 3.562457e-58 6.076340e-60 9.052795e-62 1.153277e-63 1.200523e-65 8.780678e-68 9.416353e-71 -3.937059e-73 -1.504198e-76 -8.049181e-81 -9.700315e-86 -3.350249e-91 -3.855403e-97
4.168621e-95 2.961053e-89 6.960522e-84 4.469068e-79 5.218379e-75 -6.370015e-72 -3.413560e-68 -9.156035e-66 -9.178435e-64 -7.354903e-62 -5.041783e-60 -3.020207e-58 -1.598450e-56 -7.512953e-55 -3.138409e-53 -1.160734e-51 -3.760895e-50 -1.042507e-48 -2.332156e-47 -3.435447e-46 1.360464e-45 3.362231e-43 1.551432e-41 5.101752e-40 1.376543e-38 3.185448e-37 6.428909e-36 1.136158e-34 1.748328e-33 2.299474e-32 2.466724e-31 1.862120e-30 2.118494e-30 -2.431722e-28 -5.580703e-27 -8.422470e-26 -1.014245e-24 -1.029370e-23 -8.989978e-23 -6.806307e-22 -4.466427e-21 -2.524111e-20 -1.210827e-19 -4.787594e-19 -1.456162e-18 -2.658565e-18 2.925056e-18 5.043282e-17 2.565060e-16 9.029561e-16 2.478725e-15 5.517939e-15 1.012390e-14 1.539593e-14 1.932416e-14 1.955427e-14 1.472197e-14 5.488233e-15 -5.488233e-15 -1.472197e-14 -1.955427e-14 -1.932416e-14 -1.539593e-14 -1.012390e-14 -5.517939e-15 -2.478725e-15 -9.029561e-16 -2.565060e-16 -5.043282e-17 -2.925056e-18 2.658565e-18 1.456162e-18 4.787594e-19 1.210827e-19 2.524111e-20 4.466427e-21 6.806307e-22 8.989978e-23 1.029370e-23 1.014245e-24 8.422470e-26 5.580703e-27 2.431722e-28 -2.118494e-30 -1.862120e-30 -2.466724e-31 -2.299474e-32 -1.748328e-33 -1.136158e-34 -6.428909e-36 -3.185448e-37 -1.376543e-38 -5.101752e-40 -1.551432e-41 -3.362231e-43 -1.360464e-45 3.435447e-46 2.332156e-47 1.042507e-48 3.760895e-50 1.160734e-51 3.138409e-53 7.512953e-55 1.598450e-56 3.020207e-58 5.041783e-60 7.354903e-62 9.178435e-64 9.156035e-66 3.413560e-68 6.370015e-72 -5.218379e-75 -4.469068e-79 -6.960522e-84 -2.961053e-89 -4.168621e-95
3.598719e-93 2.076952e-87 3.785203e-82 1.532366e-77 -7.207858e-74 -2.443954e-69 -3.490071e-66 -6.824088e-64 -5.703315e-62 -3.991126e-60 -2.441726e-58 -1.320399e-56 -6.344084e-55 -2.710407e-53 -1.025767e-51 -3.402779e-50 -9.662593e-49 -2.215658e-47 -3.347574e-46 1.360464e-45 3.453295e-43 1.637706e-41 5.539221e-40 1.538483e-38 3.667856e-37 7.633122e-36 1.392288e-34 2.213378e-33 3.010385e-32 3.342329e-31 2.611733e-30 2.968865e-30 -3.710592e-28 -8.847111e-27 -1.391550e-25 -1.750026e-24 -1.858492e-23 -1.701744e-22 -1.353545e-21 -9.350357e-21 -5.573266e-20 -2.823821e-19 -1.179210e-18 -3.766393e-18 -6.911366e-18 1.244006e-17 1.825037e-16 9.812058e-16 3.734372e-15 1.120130e-14 2.746837e-14 5.597218e-14 9.554265e-14 1.369837e-13 1.640888e-13 1.603505e-13 1.179535e-13 4.346495e-14 -4.346495e-14 -1.179535e-13 -1.603505e-13 -1.640888e-13 -1.369837e-13 -9.554265e-14 -5.597218e-14 -2.746837e-14 -1.120130e-14 -3.734372e-15 -9.812058e-16 -1.825037e-16 -1.244006e-17 6.911366e-18 3.766393e-18 1.179210e-18 2.823821e-19 5.573266e-20 9.350357e-21 1.353545e-21 1.701744e-22 1.858492e-23 1.750026e-24 1.391550e-25 8.847111e-27 3.710592e-28 -2.968865e-30 -2.611733e-30 -3.342329e-31 -3.010385e-32 -2.213378e-33 -1.392288e-34 -7.633122e-36 -3.667856e-37 -1.538483e-38 -5.539221e-40 -1.637706e-41 -3.453295e-43 -1.360464e-45 3.347574e-46 2.215658e-47 9.662593e-49 3.402779e-50 1.025767e-51 2.710407e-53 6.344084e-55 1.320399e-56 2.441726e-58 3.991126e-60 5.703315e-62 6.824088e-64 3.490071e-66 2.443954e-69 7.207858e-74 -1.532366e-77 -3.785203e-82 -2.076952e-87 -3.598719e-93
2.465423e-91 1.105221e-85 1.280756e-80 -1.789668e-76 -2.961458e-71 -2.455653e-67 -2.540995e-64 -4.130331e-62 -3.013435e-60 -1.882027e-58 -1.039404e-56 -5.102653e-55 -2.228515e-53 -8.625802e-52 -2.928056e-50 -8.512776e-49 -1.999694e-47 -3.097105e-46 1.289353e-45 3.362231e-43 1.637706e-41 5.693148e-40 1.626392e-38 3.991337e-37 8.557453e-36 1.609488e-34 2.640737e-33 3.710234e-32 4.258956e-31 3.441634e-30 3.926054e-30 -5.297333e-28 -1.310724e-26 -2.145310e-25 -2.812719e-24 -3.119652e-23 -2.988748e-22 -2.491850e-21 -1.807747e-20 -1.133540e-19 -6.049974e-19 -2.661181e-18 -8.906087e-18 -1.638768e-17 4.271934e-17 5.824251e-16 3.311264e-15 1.355663e-14 4.410606e-14 1.180294e-13 2.638863e-13 4.971983e-13 7.936969e-13 1.075611e-12 1.230995e-12 1.162026e-12 8.350883e-13 3.041340e-13 -3.041340e-13 -8.350883e-13 -1.162026e-12 -1.230995e-12 -1.075611e-12 -7.936969e-13 -4.971983e-13 -2.638863e-13 -1.180294e-13 -4.410606e-14 -1.355663e-14 -3.311264e-15 -5.824251e-16 -4.271934e-17 1.638768e-17 8.906087e-18 2.661181e-18 6.049974e-19 1.133540e-19 1.807747e-20 2.491850e-21 2.988748e-22 3.119652e-23 2.812719e-24 2.145310e-25 1.310724e-26 5.297333e-28 -3.926054e-30 -3.441634e-30 -4.258956e-31 -3.710234e-32 -2.640737e-33 -1.609488e-34 -8.557453e-36 -3.991337e-37 -1.626392e-38 -5.693148e-40 -1.637706e-41 -3.362231e-43 -1.289353e-45 3.097105e-46 1.999694e-47 8.512776e-49 2.928056e-50 8.625802e-52 2.228515e-53 5.102653e-55 1.039404e-56 1.882027e-58 3.013435e-60 4.130331e-62 2.540995e-64 2.455653e-67 2.961458e-71 1.789668e-76 -1.280756e-80 -1.105221e-85 -2.465423e-91
1.282540e-89 3.684546e-84 -1.251068e-79 -7.949020e-74 -2.923387e-69 -1.747863e-65 -1.500026e-62 -2.124041e-60 -1.382587e-58 -7.794997e-57 -3.908229e-55 -1.744015e-53 -6.900673e-52 -2.395773e-50 -7.127556e-49 -1.714279e-47 -2.720290e-46 1.157991e-45 3.103077e-43 1.551432e-41 5.539221e-40 1.626392e-38 4.105323e-37 9.060360e-36 1.755580e-34 2.970057e-33 4.306545e-32 5.105950e-31 4.263253e-30 4.903853e-30 -7.081141e-28 -1.816368e-26 -3.089239e-25 -4.215885e-24 -4.875035e-23 -4.877445e-22 -4.253987e-21 -3.233891e-20 -2.128316e-19 -1.193709e-18 -5.517786e-18 -1.931257e-17 -3.558533e-17 1.251933e-16 1.655580e-15 9.946261e-15 4.361102e-14 1.529700e-13 4.433977e-13 1.077787e-12 2.215123e-12 3.872243e-12 5.785157e-12 7.404645e-12 8.083175e-12 7.356419e-12 5.156147e-12 1.854108e-12 -1.854108e-12 -5.156147e-12 -7.356419e-12 -8.083175e-12 -7.404645e-12 -5.785157e-12 -3.872243e-12 -2.215123e-12 -1.077787e-12 -4.433977e-13 -1.529700e-13 -4.361102e-14 -9.946261e-15 -1.655580e-15 -1.251933e-16 3.558533e-17 1.931257e-17 5.517786e-18 1.193709e-18 2.128316e-19 3.233891e-20 4.253987e-21 4.877445e-22 4.875035e-23 4.215885e-24 3.089239e-25 1.816368e-26 7.081141e-28 -4.903853e-30 -4.263253e-30 -5.105950e-31 -4.306545e-32 -2.970057e-33 -1.755580e-34 -9.060360e-36 -4.105323e-37 -1.626392e-38 -5.539221e-40 -1.551432e-41 -3.103077e-43 -1.157991e-45 2.720290e-46 1.714279e-47 7.127556e-49 2.395773e-50 6.900673e-52 1.744015e-53 3.908229e-55 7.794997e-57 1.382587e-58 2.124041e-60 1.500026e-62 1.747863e-65 2.923387e-69 7.949020e-74 1.251068e-79 -3.684546e-84 -1.282540e-89
4.206277e-88 -2.969073e-83 -6.072564e-77 -7.702527e-72 -2.032954e-67 -1.006715e-63 -7.515612e-61 -9.477543e-59 -5.567369e-57 -2.849587e-55 -1.298697e-53 -5.250542e-52 -1.863469e-50 -5.670246e-49 -1.395623e-47 -2.267944e-46 9.854001e-46 2.714429e-43 1.392169e-41 5.101752e-40 1.538483e-38 3.991337e-37 9.060360e-36 1.807138e-34 3.149654e-33 4.708905e-32 5.761203e-31 4.966277e-30 5.789900e-30 -8.868667e-28 -2.356094e-26 -4.158573e-25 -5.898585e-24 -7.099915e-23 -7.405431e-22 -6.744041e-21 -5.361691e-20 -3.695846e-19 -2.173610e-18 -1.053618e-17 -3.850611e-17 -7.101863e-17 3.215043e-16 4.223438e-15 2.677934e-14 1.252630e-13 4.712841e-13 1.470733e-12 3.858997e-12 8.575574e-12 1.622537e-11 2.627383e-11 3.660473e-11 4.402986e-11 4.558244e-11 3.976672e-11 2.705768e-11 9.581351e-12 -9.581351e-12 -2.705768e-11 -3.976672e-11 -4.558244e-11 -4.402986e-11 -3.660473e-11 -2.627383e-11 -1.622537e-11 -8.575574e-12 -3.858997e-12 -1.470733e-12 -4.712841e-13 -1.252630e-13 -2.677934e-14 -4.223438e-15 -3.215043e-16 7.101863e-17 3.850611e-17 1.053618e-17 2.173610e-18 3.695846e-19 5.361691e-20 6.744041e-21 7.405431e-22 7.099915e-23 5.898585e-24 4.158573e-25 2.356094e-26 8.868667e-28 -5.789900e-30 -4.966277e-30 -5.761203e-31 -4.708905e-32 -3.149654e-33 -1.807138e-34 -9.060360e-36 -3.991337e-37 -1.538483e-38 -5.101752e-40 -1.392169e-41 -2.714429e-43 -9.854001e-46 2.267944e-46 1.395623e-47 5.670246e-49 1.863469e-50 5.250542e-52 1.298697e-53 2.849587e-55 5.567369e-57 9.477543e-59 7.515612e-61 1.006715e-63 2.032954e-67 7.702527e-72 6.072564e-77 2.969073e-83 -4.206277e-88
