0.000000e+00 0.000000e+00 0.000000e+00 0.000000e+00 0.000000e+00 0.000000e+00 0.000000e+00 0.000000e+00 0.000000e+00 0.000000e+00 0.000000e+00 0.000000e+00 0.000000e+00 0.000000e+00 0.000000e+00 0.000000e+00 0.000000e+00 0.000000e+00 0.000000e+00 0.000000e+00 0.000000e+00 0.000000e+00 0.000000e+00 0.000000e+00 0.000000e+00 0.000000e+00 0.000000e+00 0.000000e+00 0.000000e+00 0.000000e+00 0.000000e+00 0.000000e+00 0.000000e+00 0.000000e+00 0.000000e+00 0.000000e+00 0.000000e+00 0.000000e+00 0.000000e+00 0.000000e+00 0.000000e+00 0.000000e+00 0.000000e+00 0.000000e+00 0.000000e+00 0.000000e+00 0.000000e+00 0.000000e+00 0.000000e+00 0.000000e+00 0.000000e+00 0.000000e+00 0.000000e+00 0.000000e+00 0.000000e+00 0.000000e+00 0.000000e+00 0.000000e+00 0.000000e+00 0.000000e+00 0.000000e+00 0.000000e+00 0.000000e+00 0.000000e+00 0.000000e+00 0.000000e+00 0.000000e+00 0.000000e+00 0.000000e+00 0.000000e+00 0.000000e+00 0.000000e+00 0.000000e+00 0.000000e+00 0.000000e+00 0.000000e+00 0.000000e+00 0.000000e+00 0.000000e+00 0.000000e+00 0.000000e+00 0.000000e+00 0.000000e+00 0.000000e+00 0.000000e+00 0.000000e+00 0.000000e+00 0.000000e+00 0.000000e+00 0.000000e+00 0.000000e+00 0.000000e+00 0.000000e+00 0.000000e+00 0.000000e+00 0.000000e+00 0.000000e+00 0.000000e+00 0.000000e+00 0.000000e+00 0.000000e+00 0.000000e+00 0.000000e+00 0.000000e+00 0.000000e+00 0.000000e+00 0.000000e+00 0.000000e+00 0.000000e+00 0.000000e+00 0.000000e+00 0.000000e+00 0.000000e+00 0.000000e+00 0.000000e+00 0.000000e+00
0.000000e+00 0.000000e+00 0.000000e+00 0.000000e+00 0.000000e+00 0.000000e+00 0.000000e+00 0.000000e+00 0.000000e+00 1.946880e-110 1.709021e-107 7.271470e-105 1.993856e-102 3.949176e-100 5.996025e-98 7.215215e-96 6.995350e-94 5.465528e-92 3.352753e-90 1.458879e-88 2.306029e-87 -3.170954e-85 -4.145060e-83 -3.164883e-81 -1.871686e-79 -9.231876e-78 -3.916141e-76 -1.450626e-74 -4.729117e-73 -1.361297e-71 -3.458626e-70 -7.722014e-69 -1.499709e-67 -2.480459e-66 -3.328960e-65 -3.126435e-64 -4.524178e-64 6.119594e-62 1.706615e-60 3.096779e-59 4.437301e-58 5.298911e-57 5.377815e-56 4.664424e-55 3.447529e-54 2.147801e-53 1.102381e-52 4.438284e-52 1.221060e-51 8.097111e-52 -1.381280e-50 -9.574402e-50 -3.835534e-49 -1.088677e-48 -2.264723e-48 -3.382135e-48 -3.321635e-48 -1.416488e-48 1.416488e-48 3.321635e-48 3.382135e-48 2.264723e-48 1.088677e-48 3.835534e-49 9.574402e-50 1.381280e-50 -8.097111e-52 -1.221060e-51 -4.438284e-52 -1.102381e-52 -2.147801e-53 -3.447529e-54 -4.664424e-55 -5.377815e-56 -5.298911e-57 -4.437301e-58 -3.096779e-59 -1.706615e-60 -6.119594e-62 4.524178e-64 3.126435e-64 3.328960e-65 2.480459e-66 1.499709e-67 7.722014e-69 3.458626e-70 1.361297e-71 4.729117e-73 1.450626e-74 3.916141e-76 9.231876e-78 1.871686e-79 3.164883e-81 4.145060e-83 3.170954e-85 -2.306029e-87 -1.458879e-88 -3.352753e-90 -5.465528e-92 -6.995350e-94 -7.215215e-96 -5.996025e-98 -3.949176e-100 -1.993856e-102 -7.271470e-105 -1.709021e-107 -1.946880e-110 0.000000e+00 0.000000e+00 0.000000e+00 0.000000e+00 0.000000e+00 0.000000e+00 0.000000e+00 0.000000e+00 0.000000e+00
0.000000e+00 0.000000e+00 0.000000e+00 0.000000e+00 0.000000e+00 0.000000e+00 0.000000e+00 0.000000e+00 8.250687e-107 7.380933e-104 3.201639e-101 8.953784e-99 1.809497e-96 2.804301e-94 3.445695e-92 3.412118e-90 2.723100e-88 1.705355e-86 7.552026e-85 1.166264e-83 -1.794541e-81 -2.370654e-79 -1.851157e-77 -1.122844e-75 -5.689235e-74 -2.482077e-72 -9.465923e-71 -3.180329e-69 -9.443864e-68 -2.477463e-66 -5.716112e-65 -1.147890e-63 -1.963034e-62 -2.718362e-61 -2.602789e-60 -2.143293e-60 6.099602e-58 1.735098e-56 3.277004e-55 4.919993e-54 6.182772e-53 6.627537e-52 6.092784e-51 4.789303e-50 3.182959e-49 1.745896e-48 7.489734e-48 2.135632e-47 4.849862e-48 -3.882029e-46 -2.820619e-45 -1.272071e-44 -4.210785e-44 -1.060397e-43 -2.024752e-43 -2.838748e-43 -2.669902e-43 -1.113366e-43 1.113366e-43 2.669902e-43 2.838748e-43 2.024752e-43 1.060397e-43 4.210785e-44 1.272071e-44 2.820619e-45 3.882029e-46 -4.849862e-48 -2.135632e-47 -7.489734e-48 -1.745896e-48 -3.182959e-49 -4.789303e-50 -6.092784e-51 -6.627537e-52 -6.182772e-53 -4.919993e-54 -3.277004e-55 -1.735098e-56 -6.099602e-58 2.143293e-60 2.602789e-60 2.718362e-61 1.963034e-62 1.147890e-63 5.716112e-65 2.477463e-66 9.443864e-68 3.180329e-69 9.465923e-71 2.482077e-72 5.689235e-74 1.122844e-75 1.851157e-77 2.370654e-79 1.794541e-81 -1.166264e-83 -7.552026e-85 -1.705355e-86 -2.723100e-88 -3.412118e-90 -3.445695e-92 -2.804301e-94 -1.809497e-96 -8.953784e-99 -3.201639e-101 -7.380933e-104 -8.250687e-107 0.000000e+00 0.000000e+00 0.000000e+00 0.000000e+00 0.000000e+00 0.000000e+00 0.000000e+00 0.000000e+00
0.000000e+00 0.000000e+00 0.000000e+00 0.000000e+00 0.000000e+00 0.000000e+00 0.000000e+00 1.280062e-103 1.194614e-100 5.280284e-98 1.505315e-95 3.102276e-93 4.904661e-91 6.149880e-89 6.216181e-87 5.063851e-85 3.235007e-83 1.456453e-81 2.183159e-80 -3.781682e-78 -5.044677e-76 -4.024945e-74 -2.501676e-72 -1.300834e-70 -5.830874e-69 -2.286989e-67 -7.909706e-66 -2.419979e-64 -6.546434e-63 -1.558643e-61 -3.231394e-60 -5.703641e-59 -8.131846e-58 -7.907083e-57 -4.354641e-58 2.213908e-54 6.416513e-53 1.258214e-51 1.973701e-50 2.601760e-49 2.935223e-48 2.848671e-47 2.370738e-46 1.672130e-45 9.742751e-45 4.419853e-44 1.287794e-43 -5.144573e-44 -3.593505e-42 -2.746759e-41 -1.373301e-40 -5.174858e-40 -1.522271e-39 -3.508585e-39 -6.247572e-39 -8.297212e-39 -7.512473e-39 -3.071468e-39 3.071468e-39 7.512473e-39 8.297212e-39 6.247572e-39 3.508585e-39 1.522271e-39 5.174858e-40 1.373301e-40 2.746759e-41 3.593505e-42 5.144573e-44 -1.287794e-43 -4.419853e-44 -9.742751e-45 -1.672130e-45 -2.370738e-46 -2.848671e-47 -2.935223e-48 -2.601760e-49 -1.973701e-50 -1.258214e-51 -6.416513e-53 -2.213908e-54 4.354641e-58 7.907083e-57 8.131846e-58 5.703641e-59 3.231394e-60 1.558643e-61 6.546434e-63 2.419979e-64 7.909706e-66 2.286989e-67 5.830874e-69 1.300834e-70 2.501676e-72 4.024945e-74 5.044677e-76 3.781682e-78 -2.183159e-80 -1.456453e-81 -3.235007e-83 -5.063851e-85 -6.216181e-87 -6.149880e-89 -4.904661e-91 -3.102276e-93 -1.505315e-95 -5.280284e-98 -1.194614e-100 -1.280062e-103 0.000000e+00 0.000000e+00 0.000000e+00 0.000000e+00 0.000000e+00 0.000000e+00 0.000000e+00
0.000000e+00 0.000000e+00 0.000000e+00 0.000000e+00 0.000000e+00 0.000000e+00 3.280787e-101 6.003953e-98 2.767583e-95 8.038719e-93 1.688545e-90 2.721845e-88 3.480761e-86 3.588998e-84 2.982346e-82 1.942071e-80 8.879749e-79 1.282096e-77 -2.518309e-75 -3.389783e-73 -2.761025e-71 -1.756910e-69 -9.366888e-68 -4.309598e-66 -1.736624e-64 -6.176152e-63 -1.944644e-61 -5.417883e-60 -1.329338e-58 -2.841055e-57 -5.167078e-56 -7.568670e-55 -7.443054e-54 6.600043e-54 2.486969e-51 7.336210e-50 1.490211e-48 2.436045e-47 3.358805e-46 3.975314e-45 4.058403e-44 3.561480e-43 2.653667e-42 1.633570e-41 7.782506e-41 2.281516e-40 -2.937971e-40 -9.507233e-39 -7.643219e-38 -4.185698e-37 -1.764007e-36 -5.915975e-36 -1.589622e-35 -3.400271e-35 -5.689658e-35 -7.189257e-35 -6.282570e-35 -2.521601e-35 2.521601e-35 6.282570e-35 7.189257e-35 5.689658e-35 3.400271e-35 1.589622e-35 5.915975e-36 1.764007e-36 4.185698e-37 7.643219e-38 9.507233e-39 2.937971e-40 -2.281516e-40 -7.782506e-41 -1.633570e-41 -2.653667e-42 -3.561480e-43 -4.058403e-44 -3.975314e-45 -3.358805e-46 -2.436045e-47 -1.490211e-48 -7.336210e-50 -2.486969e-51 -6.600043e-54 7.443054e-54 7.568670e-55 5.167078e-56 2.841055e-57 1.329338e-58 5.417883e-60 1.944644e-61 6.176152e-63 1.736624e-64 4.309598e-66 9.366888e-68 1.756910e-69 2.761025e-71 3.389783e-73 2.518309e-75 -1.282096e-77 -8.879749e-79 -1.942071e-80 -2.982346e-82 -3.588998e-84 -3.480761e-86 -2.721845e-88 -1.688545e-90 -8.038719e-93 -2.767583e-95 -6.003953e-98 -3.280787e-101 0.000000e+00 0.000000e+00 0.000000e+00 0.000000e+00 0.000000e+00 0.000000e+00
0.000000e+00 0.000000e+00 0.000000e+00 0.000000e+00 0.000000e+00 4.133686e-100 4.003293e-96 3.614273e-93 1.094437e-90 2.341908e-88 3.846917e-86 5.014584e-84 5.271320e-82 4.465334e-80 2.961802e-78 1.373903e-76 1.893724e-75 -4.254051e-73 -5.774297e-71 -4.797481e-69 -3.122733e-67 -1.705517e-65 -8.046921e-64 -3.328267e-62 -1.215912e-60 -3.935700e-59 -1.127976e-57 -2.848524e-56 -6.267001e-55 -1.172561e-53 -1.760993e-52 -1.743819e-51 3.549852e-51 6.950202e-49 2.084815e-47 4.378000e-46 7.440458e-45 1.070229e-43 1.325009e-42 1.418361e-41 1.307754e-40 1.025137e-39 6.634973e-39 3.297957e-38 9.556404e-38 -2.435959e-37 -5.860205e-36 -4.946665e-35 -2.938579e-34 -1.366376e-33 -5.132089e-33 -1.569874e-32 -3.900300e-32 -7.791177e-32 -1.228821e-31 -1.479223e-31 -1.248239e-31 -4.918916e-32 4.918916e-32 1.248239e-31 1.479223e-31 1.228821e-31 7.791177e-32 3.900300e-32 1.569874e-32 5.132089e-33 1.366376e-33 2.938579e-34 4.946665e-35 5.860205e-36 2.435959e-37 -9.556404e-38 -3.297957e-38 -6.634973e-39 -1.025137e-39 -1.307754e-40 -1.418361e-41 -1.325009e-42 -1.070229e-43 -7.440458e-45 -4.378000e-46 -2.084815e-47 -6.950202e-49 -3.549852e-51 1.743819e-51 1.760993e-52 1.172561e-53 6.267001e-55 2.848524e-56 1.127976e-57 3.935700e-59 1.215912e-60 3.328267e-62 8.046921e-64 1.705517e-65 3.122733e-67 4.797481e-69 5.774297e-71 4.254051e-73 -1.893724e-75 -1.373903e-76 -2.961802e-78 -4.465334e-80 -5.271320e-82 -5.014584e-84 -3.846917e-86 -2.341908e-88 -1.094437e-90 -3.614273e-93 -4.003293e-96 -4.133686e-100 0.000000e+00 0.000000e+00 0.000000e+00 0.000000e+00 0.000000e+00
0.000000e+00 0.000000e+00 0.000000e+00 0.000000e+00 1.789240e-100 9.965894e-96 4.758505e-92 2.818736e-89 6.285913e-87 1.051718e-84 1.396750e-82 1.496106e-80 1.291231e-78 8.718238e-77 4.099397e-75 5.344166e-74 -1.384332e-71 -1.894272e-69 -1.604287e-67 -1.067406e-65 -5.967488e-64 -2.884985e-62 -1.223706e-60 -4.588129e-59 -1.525211e-57 -4.492042e-56 -1.166244e-54 -2.638094e-53 -5.070707e-52 -7.793994e-51 -7.739926e-50 2.640673e-49 3.674701e-47 1.120448e-45 2.428310e-44 4.281881e-43 6.410628e-42 8.281325e-41 9.268946e-40 8.950895e-39 7.355425e-38 4.984148e-37 2.569676e-36 7.212218e-36 -3.133744e-35 -6.466440e-34 -5.720888e-33 -3.658120e-32 -1.856832e-31 -7.705533e-31 -2.637158e-30 -7.437248e-30 -1.716935e-29 -3.207873e-29 -4.766293e-29 -5.456878e-29 -4.438060e-29 -1.714927e-29 1.714927e-29 4.438060e-29 5.456878e-29 4.766293e-29 3.207873e-29 1.716935e-29 7.437248e-30 2.637158e-30 7.705533e-31 1.856832e-31 3.658120e-32 5.720888e-33 6.466440e-34 3.133744e-35 -7.212218e-36 -2.569676e-36 -4.984148e-37 -7.355425e-38 -8.950895e-39 -9.268946e-40 -8.281325e-41 -6.410628e-42 -4.281881e-43 -2.428310e-44 -1.120448e-45 -3.674701e-47 -2.640673e-49 7.739926e-50 7.793994e-51 5.070707e-52 2.638094e-53 1.166244e-54 4.492042e-56 1.525211e-57 4.588129e-59 1.223706e-60 2.884985e-62 5.967488e-64 1.067406e-65 1.604287e-67 1.894272e-69 1.384332e-71 -5.344166e-74 -4.099397e-75 -8.718238e-77 -1.291231e-78 -1.496106e-80 -1.396750e-82 -1.051718e-84 -6.285913e-87 -2.818736e-89 -4.758505e-92 -9.965894e-96 -1.789240e-100 0.000000e+00 0.000000e+00 0.000000e+00 0.000000e+00
0.000000e+00 0.000000e+00 0.000000e+00 2.911829e-102 7.122647e-97 1.956330e-92 6.126463e-89 2.669953e-86 4.655042e-84 6.297516e-82 6.872387e-80 6.042412e-78 4.153007e-76 1.980268e-74 2.443754e-73 -7.249588e-71 -1.001837e-68 -8.650257e-67 -5.882062e-65 -3.365132e-63 -1.666365e-61 -7.245418e-60 -2.786724e-58 -9.509260e-57 -2.876544e-55 -7.673884e-54 -1.783862e-52 -3.521024e-51 -5.538323e-50 -5.518055e-49 2.679157e-48 3.079027e-46 9.567020e-45 2.139521e-43 3.910748e-42 6.086409e-41 8.191290e-40 9.569458e-39 9.660065e-38 8.304232e-37 5.878406e-36 3.136245e-35 8.428248e-35 -5.635780e-34 -1.080496e-32 -1.003226e-31 -6.872811e-31 -3.780388e-30 -1.716598e-29 -6.492290e-29 -2.045525e-28 -5.342737e-28 -1.147064e-27 -2.000734e-27 -2.789237e-27 -3.020933e-27 -2.355340e-27 -8.893661e-28 8.893661e-28 2.355340e-27 3.020933e-27 2.789237e-27 2.000734e-27 1.147064e-27 5.342737e-28 2.045525e-28 6.492290e-29 1.716598e-29 3.780388e-30 6.872811e-31 1.003226e-31 1.080496e-32 5.635780e-34 -8.428248e-35 -3.136245e-35 -5.878406e-36 -8.304232e-37 -9.660065e-38 -9.569458e-39 -8.191290e-40 -6.086409e-41 -3.910748e-42 -2.139521e-43 -9.567020e-45 -3.079027e-46 -2.679157e-48 5.518055e-49 5.538323e-50 3.521024e-51 1.783862e-52 7.673884e-54 2.876544e-55 9.509260e-57 2.786724e-58 7.245418e-60 1.666365e-61 3.365132e-63 5.882062e-65 8.650257e-67 1.001837e-68 7.249588e-71 -2.443754e-73 -1.980268e-74 -4.153007e-76 -6.042412e-78 -6.872387e-80 -6.297516e-82 -4.655042e-84 -2.669953e-86 -6.126463e-89 -1.956330e-92 -7.122647e-97 -2.911829e-102 0.000000e+00 0.000000e+00 0.000000e+00
0.000000e+00 0.000000e+00 3.952349e-105 3.305067e-99 3.990980e-94 7.196774e-90 1.658903e-86 5.651453e-84 7.973748e-82 8.874142e-80 7.958830e-78 5.579527e-76 2.710091e-74 3.305738e-73 -1.052758e-70 -1.481050e-68 -1.307160e-66 -9.097698e-65 -5.331966e-63 -2.706865e-61 -1.207487e-59 -4.768075e-58 -1.671600e-56 -5.198715e-55 -1.426811e-53 -3.414115e-52 -6.938246e-51 -1.122584e-49 -1.141163e-48 6.431143e-48 7.093899e-46 2.270426e-44 5.260136e-43 9.987645e-42 1.618020e-40 2.270970e-39 2.771842e-38 2.928355e-37 2.638222e-36 1.957897e-35 1.090689e-34 2.921968e-34 -2.490637e-33 -4.810009e-32 -4.735591e-31 -3.480797e-30 -2.070517e-29 -1.024281e-28 -4.253266e-28 -1.483833e-27 -4.332097e-27 -1.050776e-26 -2.096808e-26 -3.400981e-26 -4.416183e-26 -4.478467e-26 -3.310589e-26 -1.212320e-26 1.212320e-26 3.310589e-26 4.478467e-26 4.416183e-26 3.400981e-26 2.096808e-26 1.050776e-26 4.332097e-27 1.483833e-27 4.253266e-28 1.024281e-28 2.070517e-29 3.480797e-30 4.735591e-31 4.810009e-32 2.490637e-33 -2.921968e-34 -1.090689e-34 -1.957897e-35 -2.638222e-36 -2.928355e-37 -2.771842e-38 -2.270970e-39 -1.618020e-40 -9.987645e-42 -5.260136e-43 -2.270426e-44 -7.093899e-46 -6.431143e-48 1.141163e-48 1.122584e-49 6.938246e-51 3.414115e-52 1.426811e-53 5.198715e-55 1.671600e-56 4.768075e-58 1.207487e-59 2.706865e-61 5.331966e-63 9.097698e-65 1.307160e-66 1.481050e-68 1.052758e-70 -3.305738e-73 -2.710091e-74 -5.579527e-76 -7.958830e-78 -8.874142e-80 -7.973748e-82 -5.651453e-84 -1.658903e-86 -7.196774e-90 -3.990980e-94 -3.305067e-99 -3.952349e-105 0.000000e+00 0.000000e+00
0.000000e+00 1.525044e-108 3.604995e-102 1.489356e-96 1.181708e-91 1.569692e-87 2.828963e-84 7.795524e-82 9.053539e-80 8.288624e-78 5.934081e-76 2.944667e-74 3.667814e-73 -1.196396e-70 -1.721984e-68 -1.555902e-66 -1.109263e-64 -6.663477e-63 -3.469465e-61 -1.588347e-59 -6.441268e-58 -2.320808e-56 -7.423521e-55 -2.097161e-53 -5.169546e-52 -1.083169e-50 -1.808303e-49 -1.896873e-48 1.118212e-47 1.268111e-45 4.205431e-44 1.011337e-42 1.996309e-41 3.367406e-40 4.929282e-39 6.285665e-38 6.950168e-37 6.565125e-36 5.115886e-35 2.991899e-34 8.261751e-34 -8.020703e-33 -1.615526e-31 -1.693220e-30 -1.334101e-29 -8.555679e-29 -4.589874e-28 -2.079900e-27 -7.973005e-27 -2.576828e-26 -6.974231e-26 -1.565740e-25 -2.881314e-25 -4.286016e-25 -5.071427e-25 -4.669386e-25 -3.159096e-25 -1.093280e-25 1.093280e-25 3.159096e-25 4.669386e-25 5.071427e-25 4.286016e-25 2.881314e-25 1.565740e-25 6.974231e-26 2.576828e-26 7.973005e-27 2.079900e-27 4.589874e-28 8.555679e-29 1.334101e-29 1.693220e-30 1.615526e-31 8.020703e-33 -8.261751e-34 -2.991899e-34 -5.115886e-35 -6.565125e-36 -6.950168e-37 -6.285665e-38 -4.929282e-39 -3.367406e-40 -1.996309e-41 -1.011337e-42 -4.205431e-44 -1.268111e-45 -1.118212e-47 1.896873e-48 1.808303e-49 1.083169e-50 5.169546e-52 2.097161e-53 7.423521e-55 2.320808e-56 6.441268e-58 1.588347e-59 3.469465e-61 6.663477e-63 1.109263e-64 1.555902e-66 1.721984e-68 1.196396e-70 -3.667814e-73 -2.944667e-74 -5.934081e-76 -8.288624e-78 -9.053539e-80 -7.795524e-82 -2.828963e-84 -1.569692e-87 -1.181708e-91 -1.489356e-96 -3.604995e-102 -1.525044e-108 0.000000e+00
2.357754e-112 1.365589e-105 1.595027e-99 4.330511e-94 2.531444e-89 2.629331e-85 3.830986e-82 8.678123e-80 8.288607e-78 6.057741e-76 3.070007e-74 3.907082e-73 -1.302777e-70 -1.917729e-68 -1.773076e-66 -1.294200e-64 -7.964071e-63 -4.250319e-61 -1.995718e-59 -8.306212e-58 -3.073593e-56 -1.010427e-54 -2.935906e-53 -7.449367e-52 -1.607940e-50 -2.767490e-49 -2.993805e-48 1.837808e-47 2.145059e-45 7.363363e-44 1.835749e-42 3.761902e-41 6.597262e-40 1.005537e-38 1.337219e-37 1.544543e-36 1.526557e-35 1.246387e-34 7.636659e-34 2.173136e-33 -2.371050e-32 -4.981352e-31 -5.538815e-30 -4.657411e-29 -3.203456e-28 -1.852483e-27 -9.097119e-27 -3.800828e-26 -1.347001e-25 -4.022363e-25 -1.002056e-24 -2.054696e-24 -3.406973e-24 -4.463582e-24 -4.480185e-24 -3.304256e-24 -1.682925e-24 -4.515858e-25 4.515858e-25 1.682925e-24 3.304256e-24 4.480185e-24 4.463582e-24 3.406973e-24 2.054696e-24 1.002056e-24 4.022363e-25 1.347001e-25 3.800828e-26 9.097119e-27 1.852483e-27 3.203456e-28 4.657411e-29 5.538815e-30 4.981352e-31 2.371050e-32 -2.173136e-33 -7.636659e-34 -1.246387e-34 -1.526557e-35 -1.544543e-36 -1.337219e-37 -1.005537e-38 -6.597262e-40 -3.761902e-41 -1.835749e-42 -7.363363e-44 -2.145059e-45 -1.837808e-47 2.993805e-48 2.767490e-49 1.607940e-50 7.449367e-52 2.935906e-53 1.010427e-54 3.073593e-56 8.306212e-58 1.995718e-59 4.250319e-61 7.964071e-63 1.294200e-64 1.773076e-66 1.917729e-68 1.302777e-70 -3.907082e-73 -3.070007e-74 -6.057741e-76 -8.288607e-78 -8.678123e-80 -3.830986e-82 -2.629331e-85 -2.531444e-89 -4.330511e-94 -1.595027e-99 -1.365589e-105 -2.357754e-112
2.071642e-109 5.929340e-103 4.551807e-97 9.106193e-92 4.163099e-87 3.496274e-83 4.185461e-80 7.785576e-78 5.934062e-76 3.070007e-74 3.990233e-73 -1.359438e-70 -2.045618e-68 -1.934316e-66 -1.444735e-64 -9.102139e-63 -4.976185e-61 -2.394958e-59 -1.022340e-57 -3.882529e-56 -1.310828e-54 -3.914406e-53 -1.021527e-51 -2.269546e-50 -4.023585e-49 -4.484861e-48 2.861061e-47 3.435446e-45 1.219325e-43 3.147541e-42 6.687232e-41 1.217488e-39 1.929167e-38 2.671061e-37 3.217012e-36 3.320420e-35 2.834739e-34 1.816037e-33 5.321887e-33 -6.460351e-32 -1.414721e-30 -1.663510e-29 -1.486957e-28 -1.091957e-27 -6.771271e-27 -3.582166e-26 -1.620164e-25 -6.247110e-25 -2.039722e-24 -5.579126e-24 -1.258270e-23 -2.284421e-23 -3.207670e-23 -3.209664e-23 -1.763120e-23 4.468749e-24 1.696072e-23 9.174946e-24 -9.174946e-24 -1.696072e-23 -4.468749e-24 1.763120e-23 3.209664e-23 3.207670e-23 2.284421e-23 1.258270e-23 5.579126e-24 2.039722e-24 6.247110e-25 1.620164e-25 3.582166e-26 6.771271e-27 1.091957e-27 1.486957e-28 1.663510e-29 1.414721e-30 6.460351e-32 -5.321887e-33 -1.816037e-33 -2.834739e-34 -3.320420e-35 -3.217012e-36 -2.671061e-37 -1.929167e-38 -1.217488e-39 -6.687232e-41 -3.147541e-42 -1.219325e-43 -3.435446e-45 -2.861061e-47 4.484861e-48 4.023585e-49 2.269546e-50 1.021527e-51 3.914406e-53 1.310828e-54 3.882529e-56 1.022340e-57 2.394958e-59 4.976185e-61 9.102139e-63 1.444735e-64 1.934316e-66 2.045618e-68 1.359438e-70 -3.990233e-73 -3.070007e-74 -5.934062e-76 -7.785576e-78 -4.185461e-80 -3.496274e-83 -4.163099e-87 -9.106193e-92 -4.551807e-97 -5.929340e-103 -2.071642e-109
8.822788e-107 1.659884e-100 9.390741e-95 1.469553e-89 5.433576e-85 3.750246e-81 3.685097e-78 5.460599e-76 2.944651e-74 3.907082e-73 -1.359438e-70 -2.090102e-68 -2.020313e-66 -1.543270e-64 -9.949098e-63 -5.568749e-61 -2.745523e-59 -1.201282e-57 -4.679035e-56 -1.621291e-54 -4.972212e-53 -1.333550e-51 -3.047122e-50 -5.559827e-49 -6.380372e-48 4.221773e-47 5.212994e-45 1.911042e-43 5.101952e-42 1.122411e-40 2.118609e-39 3.484997e-38 5.015977e-37 6.288917e-36 6.766680e-35 6.029343e-34 4.031408e-33 1.215942e-32 -1.627813e-31 -3.712562e-30 -4.603350e-29 -4.358981e-28 -3.404045e-27 -2.253346e-26 -1.277645e-25 -6.219435e-25 -2.592138e-24 -9.185565e-24 -2.735388e-23 -6.719102e-23 -1.318847e-22 -1.938834e-22 -1.756833e-22 1.522534e-23 3.740708e-22 7.064757e-22 7.227825e-22 3.084209e-22 -3.084209e-22 -7.227825e-22 -7.064757e-22 -3.740708e-22 -1.522534e-23 1.756833e-22 1.938834e-22 1.318847e-22 6.719102e-23 2.735388e-23 9.185565e-24 2.592138e-24 6.219435e-25 1.277645e-25 2.253346e-26 3.404045e-27 4.358981e-28 4.603350e-29 3.712562e-30 1.627813e-31 -1.215942e-32 -4.031408e-33 -6.029343e-34 -6.766680e-35 -6.288917e-36 -5.015977e-37 -3.484997e-38 -2.118609e-39 -1.122411e-40 -5.101952e-42 -1.911042e-43 -5.212994e-45 -4.221773e-47 6.380372e-48 5.559827e-49 3.047122e-50 1.333550e-51 4.972212e-53 1.621291e-54 4.679035e-56 1.201282e-57 2.745523e-59 5.568749e-61 9.949098e-63 1.543270e-64 2.020313e-66 2.090102e-68 1.359438e-70 -3.907082e-73 -2.944651e-74 -5.460599e-76 -3.685097e-78 -3.750246e-81 -5.433576e-85 -1.469553e-89 -9.390741e-95 -1.659884e-100 -8.822788e-107
2.421616e-104 3.358015e-98 1.486335e-92 1.881630e-87 5.719881e-83 3.242241e-79 2.537805e-76 2.654833e-74 3.667706e-73 -1.302777e-70 -2.045618e-68 -2.020313e-66 -1.577576e-64 -1.040146e-62 -5.957369e-61 -3.007061e-59 -1.347806e-57 -5.380968e-56 -1.912296e-54 -6.018858e-53 -1.657816e-51 -3.892962e-50 -7.304800e-49 -8.624096e-48 5.908154e-47 7.499124e-45 2.836721e-43 7.824006e-42 1.780251e-40 3.479530e-39 5.933891e-38 8.865662e-37 1.155366e-35 1.293815e-34 1.201163e-33 8.368456e-33 2.596731e-32 -3.803772e-31 -9.027307e-30 -1.177306e-28 -1.177326e-27 -9.742794e-27 -6.857494e-26 -4.148836e-25 -2.162886e-24 -9.689661e-24 -3.703499e-23 -1.192452e-22 -3.165623e-22 -6.654867e-22 -1.005585e-21 -7.108162e-22 1.329475e-21 5.921382e-21 1.206626e-20 1.629390e-20 1.456364e-20 5.888398e-21 -5.888398e-21 -1.456364e-20 -1.629390e-20 -1.206626e-20 -5.921382e-21 -1.329475e-21 7.108162e-22 1.005585e-21 6.654867e-22 3.165623e-22 1.192452e-22 3.703499e-23 9.689661e-24 2.162886e-24 4.148836e-25 6.857494e-26 9.742794e-27 1.177326e-27 1.177306e-28 9.027307e-30 3.803772e-31 -2.596731e-32 -8.368456e-33 -1.201163e-33 -1.293815e-34 -1.155366e-35 -8.865662e-37 -5.933891e-38 -3.479530e-39 -1.780251e-40 -7.824006e-42 -2.836721e-43 -7.499124e-45 -5.908154e-47 8.624096e-48 7.304800e-49 3.892962e-50 1.657816e-51 6.018858e-53 1.912296e-54 5.380968e-56 1.347806e-57 3.007061e-59 5.957369e-61 1.040146e-62 1.577576e-64 2.020313e-66 2.045618e-68 1.302777e-70 -3.667706e-73 -2.654833e-74 -2.537805e-76 -3.242241e-79 -5.719881e-83 -1.881630e-87 -1.486335e-92 -3.358015e-98 -2.421616e-104
4.801335e-102 5.209879e-96 1.865957e-90 1.942851e-85 4.853682e-81 2.194441e-77 1.214959e-74 3.268595e-73 -1.196401e-70 -1.917729e-68 -1.934316e-66 -1.543270e-64 -1.040146e-62 -6.092798e-61 -3.146956e-59 -1.444095e-57 -5.905996e-56 -2.151335e-54 -6.944719e-53 -1.963102e-51 -4.734122e-50 -9.128572e-49 -1.107948e-47 7.845280e-47 1.023234e-44 3.990312e-43 1.135868e-41 2.670213e-40 5.397864e-39 9.531685e-38 1.476333e-36 1.996947e-35 2.323917e-34 2.244427e-33 1.626848e-32 5.191699e-32 -8.263027e-31 -2.038768e-29 -2.790119e-28 -2.938499e-27 -2.568800e-26 -1.915770e-25 -1.231946e-24 -6.848336e-24 -3.282033e-23 -1.345872e-22 -4.658414e-22 -1.328200e-21 -2.968989e-21 -4.540798e-21 -1.741387e-21 1.549974e-20 6.041701e-20 1.369894e-19 2.231451e-19 2.692292e-19 2.264375e-19 8.908151e-20 -8.908151e-20 -2.264375e-19 -2.692292e-19 -2.231451e-19 -1.369894e-19 -6.041701e-20 -1.549974e-20 1.741387e-21 4.540798e-21 2.968989e-21 1.328200e-21 4.658414e-22 1.345872e-22 3.282033e-23 6.848336e-24 1.231946e-24 1.915770e-25 2.568800e-26 2.938499e-27 2.790119e-28 2.038768e-29 8.263027e-31 -5.191699e-32 -1.626848e-32 -2.244427e-33 -2.323917e-34 -1.996947e-35 -1.476333e-36 -9.531685e-38 -5.397864e-39 -2.670213e-40 -1.135868e-41 -3.990312e-43 -1.023234e-44 -7.845280e-47 1.107948e-47 9.128572e-49 4.734122e-50 1.963102e-51 6.944719e-53 2.151335e-54 5.905996e-56 1.444095e-57 3.146956e-59 6.092798e-61 1.040146e-62 1.543270e-64 1.934316e-66 1.917729e-68 1.196401e-70 -3.268595e-73 -1.214959e-74 -2.194441e-77 -4.853682e-81 -1.942851e-85 -1.865957e-90 -5.209879e-96 -4.801335e-102
7.297715e-100 6.409089e-94 1.888654e-88 1.617187e-83 3.227240e-79 1.036899e-75 1.556679e-73 -1.027480e-70 -1.721984e-68 -1.773076e-66 -1.444735e-64 -9.949098e-63 -5.957369e-61 -3.146956e-59 -1.477685e-57 -6.187263e-56 -2.308752e-54 -7.639105e-53 -2.214700e-51 -5.481131e-50 -1.085337e-48 -1.353322e-47 9.888716e-47 1.324850e-44 5.321717e-43 1.561964e-41 3.789780e-40 7.915094e-39 1.445542e-37 2.318211e-36 3.250419e-35 3.925472e-34 3.938260e-33 2.965776e-32 9.731439e-32 -1.672184e-30 -4.285581e-29 -6.141496e-28 -6.795026e-27 -6.257461e-26 -4.929375e-25 -3.357625e-24 -1.982715e-23 -1.012243e-22 -4.433225e-22 -1.641445e-21 -5.000452e-21 -1.181854e-20 -1.805044e-20 1.612704e-21 1.200885e-19 4.692023e-19 1.180411e-18 2.227049e-18 3.266848e-18 3.693125e-18 2.987377e-18 1.153781e-18 -1.153781e-18 -2.987377e-18 -3.693125e-18 -3.266848e-18 -2.227049e-18 -1.180411e-18 -4.692023e-19 -1.200885e-19 -1.612704e-21 1.805044e-20 1.181854e-20 5.000452e-21 1.641445e-21 4.433225e-22 1.012243e-22 1.982715e-23 3.357625e-24 4.929375e-25 6.257461e-26 6.795026e-27 6.141496e-28 4.285581e-29 1.672184e-30 -9.731439e-32 -2.965776e-32 -3.938260e-33 -3.925472e-34 -3.250419e-35 -2.318211e-36 -1.445542e-37 -7.915094e-39 -3.789780e-40 -1.561964e-41 -5.321717e-43 -1.324850e-44 -9.888716e-47 1.353322e-47 1.085337e-48 5.481131e-50 2.214700e-51 7.639105e-53 2.308752e-54 6.187263e-56 1.477685e-57 3.146956e-59 5.957369e-61 9.949098e-63 1.444735e-64 1.773076e-66 1.721984e-68 1.027480e-70 -1.556679e-73 -1.036899e-75 -3.227240e-79 -1.617187e-83 -1.888654e-88 -6.409089e-94 -7.297715e-100
8.791799e-98 6.355127e-92 1.541092e-86 1.055604e-81 1.504310e-77 1.409582e-74 -4.377195e-71 -1.447682e-68 -1.555900e-66 -1.294200e-64 -9.102139e-63 -5.568749e-61 -3.007061e-59 -1.444095e-57 -6.187263e-56 -2.363722e-54 -8.011699e-53 -2.380751e-51 -6.042945e-50 -1.227966e-48 -1.572056e-47 1.183551e-46 1.628319e-44 6.731735e-43 2.035441e-41 5.092293e-40 1.097693e-38 2.071156e-37 3.435137e-36 4.986603e-35 6.241604e-34 6.496149e-33 5.076027e-32 1.712260e-31 -3.158127e-30 -8.399893e-29 -1.258098e-27 -1.459040e-26 -1.411830e-25 -1.171512e-24 -8.426503e-24 -5.268033e-23 -2.854583e-22 -1.329915e-21 -5.245231e-21 -1.699859e-20 -4.228846e-20 -6.371904e-20 4.740951e-20 7.282057e-19 2.961354e-18 8.206784e-18 1.751414e-17 2.983850e-17 4.084406e-17 4.405036e-17 3.459240e-17 1.316973e-17 -1.316973e-17 -3.459240e-17 -4.405036e-17 -4.084406e-17 -2.983850e-17 -1.751414e-17 -8.206784e-18 -2.961354e-18 -7.282057e-19 -4.740951e-20 6.371904e-20 4.228846e-20 1.699859e-20 5.245231e-21 1.329915e-21 2.854583e-22 5.268033e-23 8.426503e-24 1.171512e-24 1.411830e-25 1.459040e-26 1.258098e-27 8.399893e-29 3.158127e-30 -1.712260e-31 -5.076027e-32 -6.496149e-33 -6.241604e-34 -4.986603e-35 -3.435137e-36 -2.071156e-37 -1.097693e-38 -5.092293e-40 -2.035441e-41 -6.731735e-43 -1.628319e-44 -1.183551e-46 1.572056e-47 1.227966e-48 6.042945e-50 2.380751e-51 8.011699e-53 2.363722e-54 6.187263e-56 1.444095e-57 3.007061e-59 5.568749e-61 9.102139e-63 1.294200e-64 1.555900e-66 1.447682e-68 4.377195e-71 -1.409582e-74 -1.504310e-77 -1.055604e-81 -1.541092e-86 -6.355127e-92 -8.791799e-98
8.535035e-96 5.080026e-90 9.868004e-85 4.849235e-80 2.154205e-76 -3.431894e-72 -6.089208e-69 -1.278451e-66 -1.109260e-64 -7.964071e-63 -4.976185e-61 -2.745523e-59 -1.347806e-57 -5.905996e-56 -2.308752e-54 -8.011699e-53 -2.438800e-51 -6.344907e-50 -1.322310e-48 -1.737006e-47 1.345422e-46 1.900266e-44 8.079308e-43 2.514518e-41 6.480868e-40 1.440498e-38 2.805196e-37 4.806587e-36 7.215695e-35 9.349495e-34 1.008223e-32 8.164744e-32 2.831120e-31 -5.575028e-30 -1.537608e-28 -2.402709e-27 -2.914740e-26 -2.956876e-25 -2.577976e-24 -1.952750e-23 -1.288600e-22 -7.386984e-22 -3.648158e-21 -1.527034e-20 -5.245023e-20 -1.368480e-19 -2.011520e-19 3.261941e-19 3.669304e-18 1.573529e-17 4.768707e-17 1.133051e-16 2.184614e-16 3.458860e-16 4.485960e-16 4.655588e-16 3.566249e-16 1.341225e-16 -1.341225e-16 -3.566249e-16 -4.655588e-16 -4.485960e-16 -3.458860e-16 -2.184614e-16 -1.133051e-16 -4.768707e-17 -1.573529e-17 -3.669304e-18 -3.261941e-19 2.011520e-19 1.368480e-19 5.245023e-20 1.527034e-20 3.648158e-21 7.386984e-22 1.288600e-22 1.952750e-23 2.577976e-24 2.956876e-25 2.914740e-26 2.402709e-27 1.537608e-28 5.575028e-30 -2.831120e-31 -8.164744e-32 -1.008223e-32 -9.349495e-34 -7.215695e-35 -4.806587e-36 -2.805196e-37 -1.440498e-38 -6.480868e-40 -2.514518e-41 -8.079308e-43 -1.900266e-44 -1.345422e-46 1.737006e-47 1.322310e-48 6.344907e-50 2.438800e-51 8.011699e-53 2.308752e-54 5.905996e-56 1.347806e-57 2.745523e-59 4.976185e-61 7.964071e-63 1.109260e-64 1.278451e-66 6.089208e-69 3.431894e-72 -2.154205e-76 -4.849235e-80 -9.868004e-85 -5.080026e-90 -8.535035e-96
6.679022e-94 3.188574e-88 4.462861e-83 7.245386e-79 -4.562904e-74 -4.736153e-70 -5.270903e-67 -8.901302e-65 -6.663454e-63 -4.250319e-61 -2.394958e-59 -1.201282e-57 -5.380968e-56 -2.151335e-54 -7.639105e-53 -2.380751e-51 -6.344907e-50 -1.355329e-48 -1.825806e-47 1.452884e-46 2.106112e-44 9.202423e-43 2.945709e-41 7.814948e-40 1.789489e-38 3.593239e-37 6.354274e-36 9.854313e-35 1.320292e-33 1.473488e-32 1.235302e-31 4.403019e-31 -9.211128e-30 -2.632201e-28 -4.284409e-27 -5.426555e-26 -5.759379e-25 -5.264011e-24 -4.188671e-23 -2.909710e-22 -1.759511e-21 -9.182810e-21 -4.066103e-20 -1.475486e-19 -4.025645e-19 -5.711512e-19 1.584407e-18 1.584551e-17 7.197609e-17 2.369771e-16 6.196698e-16 1.329430e-15 2.372474e-15 3.536685e-15 4.379199e-15 4.393235e-15 3.291155e-15 1.224171e-15 -1.224171e-15 -3.291155e-15 -4.393235e-15 -4.379199e-15 -3.536685e-15 -2.372474e-15 -1.329430e-15 -6.196698e-16 -2.369771e-16 -7.197609e-17 -1.584551e-17 -1.584407e-18 5.711512e-19 4.025645e-19 1.475486e-19 4.066103e-20 9.182810e-21 1.759511e-21 2.909710e-22 4.188671e-23 5.264011e-24 5.759379e-25 5.426555e-26 4.284409e-27 2.632201e-28 9.211128e-30 -4.403019e-31 -1.235302e-31 -1.473488e-32 -1.320292e-33 -9.854313e-35 -6.354274e-36 -3.593239e-37 -1.789489e-38 -7.814948e-40 -2.945709e-41 -9.202423e-43 -2.106112e-44 -1.452884e-46 1.825806e-47 1.355329e-48 6.344907e-50 2.380751e-51 7.639105e-53 2.151335e-54 5.380968e-56 1.201282e-57 2.394958e-59 4.250319e-61 6.663454e-63 8.901302e-65 5.270903e-67 4.736153e-70 4.562904e-74 -7.245386e-79 -4.462861e-83 -3.188574e-88 -6.679022e-94
4.106145e-92 1.418199e-86 6.899187e-82 -1.347263e-76 -6.248940e-72 -4.023818e-68 -3.590124e-65 -5.218507e-63 -3.469450e-61 -1.995718e-59 -1.022340e-57 -4.679035e-56 -1.912296e-54 -6.944719e-53 -2.214700e-51 -6.042945e-50 -1.322310e-48 -1.825806e-47 1.490561e-46 2.217176e-44 9.949204e-43 3.273106e-41 8.931193e-40 2.105089e-38 4.354585e-37 7.940052e-36 1.270782e-34 1.758715e-33 2.029148e-32 1.759292e-31 6.446086e-31 -1.425997e-29 -4.218955e-28 -7.142511e-27 -9.429214e-26 -1.045019e-24 -9.992278e-24 -8.333782e-23 -6.079452e-22 -3.867828e-21 -2.127281e-20 -9.935967e-20 -3.798503e-19 -1.081158e-18 -1.465649e-18 6.253987e-18 5.976910e-17 2.878366e-16 1.023663e-15 2.919681e-15 6.885891e-15 1.361976e-14 2.274917e-14 3.213676e-14 3.813780e-14 3.706907e-14 2.719290e-14 1.000918e-14 -1.000918e-14 -2.719290e-14 -3.706907e-14 -3.813780e-14 -3.213676e-14 -2.274917e-14 -1.361976e-14 -6.885891e-15 -2.919681e-15 -1.023663e-15 -2.878366e-16 -5.976910e-17 -6.253987e-18 1.465649e-18 1.081158e-18 3.798503e-19 9.935967e-20 2.127281e-20 3.867828e-21 6.079452e-22 8.333782e-23 9.992278e-24 1.045019e-24 9.429214e-26 7.142511e-27 4.218955e-28 1.425997e-29 -6.446086e-31 -1.759292e-31 -2.029148e-32 -1.758715e-33 -1.270782e-34 -7.940052e-36 -4.354585e-37 -2.105089e-38 -8.931193e-40 -3.273106e-41 -9.949204e-43 -2.217176e-44 -1.490561e-46 1.825806e-47 1.322310e-48 6.042945e-50 2.214700e-51 6.944719e-53 1.912296e-54 4.679035e-56 1.022340e-57 1.995718e-59 3.469450e-61 5.218507e-63 3.590124e-65 4.023818e-68 6.248940e-72 1.347263e-76 -6.899187e-82 -1.418199e-86 -4.106145e-92
1.794217e-90 2.252308e-85 -1.135323e-79 -1.830051e-74 -5.208700e-70 -2.682811e-66 -2.056734e-63 -2.650028e-61 -1.588339e-59 -8.306212e-58 -3.882529e-56 -1.621291e-54 -6.018858e-53 -1.963102e-51 -5.481131e-50 -1.227966e-48 -1.737006e-47 1.452884e-46 2.217176e-44 1.021124e-42 3.450081e-41 9.675345e-40 2.345529e-38 4.994269e-37 9.381248e-36 1.548070e-34 2.210914e-33 2.634491e-32 2.359977e-31 8.889772e-31 -2.070520e-29 -6.337807e-28 -1.114467e-26 -1.531089e-25 -1.768864e-24 -1.766102e-23 -1.540729e-22 -1.177724e-21 -7.864752e-21 -4.547127e-20 -2.234574e-19 -8.977985e-19 -2.660697e-18 -3.412886e-18 2.110383e-17 1.994968e-16 1.017896e-15 3.890682e-15 1.201756e-14 3.087240e-14 6.687565e-14 1.231080e-13 1.934566e-13 2.597115e-13 2.958287e-13 2.787758e-13 2.003018e-13 7.296294e-14 -7.296294e-14 -2.003018e-13 -2.787758e-13 -2.958287e-13 -2.597115e-13 -1.934566e-13 -1.231080e-13 -6.687565e-14 -3.087240e-14 -1.201756e-14 -3.890682e-15 -1.017896e-15 -1.994968e-16 -2.110383e-17 3.412886e-18 2.660697e-18 8.977985e-19 2.234574e-19 4.547127e-20 7.864752e-21 1.177724e-21 1.540729e-22 1.766102e-23 1.768864e-24 1.531089e-25 1.114467e-26 6.337807e-28 2.070520e-29 -8.889772e-31 -2.359977e-31 -2.634491e-32 -2.210914e-33 -1.548070e-34 -9.381248e-36 -4.994269e-37 -2.345529e-38 -9.675345e-40 -3.450081e-41 -1.021124e-42 -2.217176e-44 -1.452884e-46 1.737006e-47 1.227966e-48 5.481131e-50 1.963102e-51 6.018858e-53 1.621291e-54 3.882529e-56 8.306212e-58 1.588339e-59 2.650028e-61 2.056734e-63 2.682811e-66 5.208700e-70 1.830051e-74 1.135323e-79 -2.252308e-85 -1.794217e-90
2.909478e-89 -3.302128e-83 -1.528545e-77 -1.495439e-72 -3.397599e-68 -1.502432e-64 -1.019747e-61 -1.182463e-59 -6.441226e-58 -3.073593e-56 -1.310828e-54 -4.972212e-53 -1.657816e-51 -4.734122e-50 -1.085337e-48 -1.572056e-47 1.345422e-46 2.106112e-44 9.949204e-43 3.450081e-41 9.936802e-40 2.475761e-38 5.421898e-37 1.048311e-35 1.782059e-34 2.623995e-33 3.226175e-32 2.983348e-31 1.155524e-30 -2.821892e-29 -8.930759e-28 -1.629118e-26 -2.325761e-25 -2.796492e-24 -2.910495e-23 -2.650952e-22 -2.119071e-21 -1.482179e-20 -8.988205e-20 -4.636690e-19 -1.953596e-18 -6.018881e-18 -7.236871e-18 6.243877e-17 5.948452e-16 3.211222e-15 1.313397e-14 4.367511e-14 1.213289e-13 2.852655e-13 5.720312e-13 9.836835e-13 1.456374e-12 1.858207e-12 2.030266e-12 1.853121e-12 1.302944e-12 4.694437e-13 -4.694437e-13 -1.302944e-12 -1.853121e-12 -2.030266e-12 -1.858207e-12 -1.456374e-12 -9.836835e-13 -5.720312e-13 -2.852655e-13 -1.213289e-13 -4.367511e-14 -1.313397e-14 -3.211222e-15 -5.948452e-16 -6.243877e-17 7.236871e-18 6.018881e-18 1.953596e-18 4.636690e-19 8.988205e-20 1.482179e-20 2.119071e-21 2.650952e-22 2.910495e-23 2.796492e-24 2.325761e-25 1.629118e-26 8.930759e-28 2.821892e-29 -1.155524e-30 -2.983348e-31 -3.226175e-32 -2.623995e-33 -1.782059e-34 -1.048311e-35 -5.421898e-37 -2.475761e-38 -9.936802e-40 -3.450081e-41 -9.949204e-43 -2.106112e-44 -1.345422e-46 1.572056e-47 1.085337e-48 4.734122e-50 1.657816e-51 4.972212e-53 1.310828e-54 3.073593e-56 6.441226e-58 1.182463e-59 1.019747e-61 1.502432e-64 3.397599e-68 1.495439e-72 1.528545e-77 3.302128e-83 -2.909478e-89
-3.821811e-87 -4.403296e-81 -1.223499e-75 -9.535889e-71 -1.858864e-66 -7.274897e-63 -4.439345e-60 -4.670581e-58 -2.320790e-56 -1.010427e-54 -3.914406e-53 -1.333550e-51 -3.892962e-50 -9.128572e-49 -1.353322e-47 1.183551e-46 1.900266e-44 9.202423e-43 3.273106e-41 9.675345e-40 2.475761e-38 5.572352e-37 1.108119e-35 1.938931e-34 2.940969e-33 3.727646e-32 3.555501e-31 1.416311e-30 -3.612288e-29 -1.181288e-27 -2.232803e-26 -3.307969e-25 -4.133595e-24 -4.477386e-23 -4.250535e-22 -3.546676e-21 -2.593270e-20 -1.646106e-19 -8.895583e-19 -3.922927e-18 -1.254921e-17 -1.401784e-17 1.644184e-16 1.595977e-15 9.100441e-15 3.967475e-14 1.413329e-13 4.220687e-13 1.069548e-12 2.315995e-12 4.308129e-12 6.917941e-12 9.630919e-12 1.164446e-11 1.216135e-11 1.071476e-11 7.351875e-12 2.615917e-12 -2.615917e-12 -7.351875e-12 -1.071476e-11 -1.216135e-11 -1.164446e-11 -9.630919e-12 -6.917941e-12 -4.308129e-12 -2.315995e-12 -1.069548e-12 -4.220687e-13 -1.413329e-13 -3.967475e-14 -9.100441e-15 -1.595977e-15 -1.644184e-16 1.401784e-17 1.254921e-17 3.922927e-18 8.895583e-19 1.646106e-19 2.593270e-20 3.546676e-21 4.250535e-22 4.477386e-23 4.133595e-24 3.307969e-25 2.232803e-26 1.181288e-27 3.612288e-29 -1.416311e-30 -3.555501e-31 -3.727646e-32 -2.940969e-33 -1.938931e-34 -1.108119e-35 -5.572352e-37 -2.475761e-38 -9.675345e-40 -3.273106e-41 -9.202423e-43 -1.900266e-44 -1.183551e-46 1.353322e-47 9.128572e-49 3.892962e-50 1.333550e-51 3.914406e-53 1.010427e-54 2.320790e-56 4.670581e-58 4.439345e-60 7.274897e-63 1.858864e-66 9.535889e-71 1.223499e-75 4.403296e-81 3.821811e-87
-5.043498e-85 -3.449390e-79 -7.620375e-74 -5.092747e-69 -8.784366e-65 -3.090460e-61 -1.709589e-58 -1.637906e-56 -7.423452e-55 -2.935906e-53 -1.021527e-51 -3.047122e-50 -7.304800e-49 -1.107948e-47 9.888716e-47 1.628319e-44 8.079308e-43 2.945709e-41 8.931193e-40 2.345529e-38 5.421898e-37 1.108119e-35 1.994203e-34 3.113394e-33 4.064820e-32 3.996019e-31 1.637495e-30 -4.345353e-29 -1.467520e-27 -2.871053e-26 -4.408724e-25 -5.717542e-24 -6.435984e-23 -6.358252e-22 -5.528710e-21 -4.218443e-20 -2.797676e-19 -1.580831e-18 -7.284301e-18 -2.417098e-17 -2.487700e-17 3.891835e-16 3.875062e-15 2.329774e-14 1.078975e-13 4.100053e-13 1.309796e-12 3.557049e-12 8.261497e-12 1.648134e-11 2.836565e-11 4.232922e-11 5.504626e-11 6.256283e-11 6.190782e-11 5.219956e-11 3.471003e-11 1.214907e-11 -1.214907e-11 -3.471003e-11 -5.219956e-11 -6.190782e-11 -6.256283e-11 -5.504626e-11 -4.232922e-11 -2.836565e-11 -1.648134e-11 -8.261497e-12 -3.557049e-12 -1.309796e-12 -4.100053e-13 -1.078975e-13 -2.329774e-14 -3.875062e-15 -3.891835e-16 2.487700e-17 2.417098e-17 7.284301e-18 1.580831e-18 2.797676e-19 4.218443e-20 5.528710e-21 6.358252e-22 6.435984e-23 5.717542e-24 4.408724e-25 2.871053e-26 1.467520e-27 4.345353e-29 -1.637495e-30 -3.996019e-31 -4.064820e-32 -3.113394e-33 -1.994203e-34 -1.108119e-35 -5.421898e-37 -2.345529e-38 -8.931193e-40 -2.945709e-41 -8.079308e-43 -1.628319e-44 -9.888716e-47 1.107948e-47 7.304800e-49 3.047122e-50 1.021527e-51 2.935906e-53 7.423452e-55 1.637906e-56 1.709589e-58 3.090460e-61 8.784366e-65 5.092747e-69 7.620375e-74 3.449390e-79 5.043498e-85
-3.863100e-83 -2.096561e-77 -3.969175e-72 -2.346784e-67 -3.638894e-63 -1.160528e-59 -5.841393e-57 -5.095571e-55 -2.097138e-53 -7.449367e-52 -2.269546e-50 -5.559827e-49 -8.624096e-48 7.845280e-47 1.324850e-44 6.731735e-43 2.514518e-41 7.814948e-40 2.105089e-38 4.994269e-37 1.048311e-35 1.938931e-34 3.113394e-33 4.183791e-32 4.236134e-31 1.786284e-30 -4.913954e-29 -1.713007e-27 -3.465333e-26 -5.509079e-25 -7.405613e-24 -8.651459e-23 -8.881551e-22 -8.035557e-21 -6.387668e-20 -4.418658e-19 -2.606242e-18 -1.252911e-17 -4.309247e-17 -4.056967e-17 8.339043e-16 8.553555e-15 5.412738e-14 2.654894e-13 1.072216e-12 3.648917e-12 1.057035e-11 2.619103e-11 5.566760e-11 1.017773e-10 1.606692e-10 2.200993e-10 2.630744e-10 2.754377e-10 2.522384e-10 1.986322e-10 1.253341e-10 4.262097e-11 -4.262097e-11 -1.253341e-10 -1.986322e-10 -2.522384e-10 -2.754377e-10 -2.630744e-10 -2.200993e-10 -1.606692e-10 -1.017773e-10 -5.566760e-11 -2.619103e-11 -1.057035e-11 -3.648917e-12 -1.072216e-12 -2.654894e-13 -5.412738e-14 -8.553555e-15 -8.339043e-16 4.056967e-17 4.309247e-17 1.252911e-17 2.606242e-18 4.418658e-19 6.387668e-20 8.035557e-21 8.881551e-22 8.651459e-23 7.405613e-24 5.509079e-25 3.465333e-26 1.713007e-27 4.913954e-29 -1.786284e-30 -4.236134e-31 -4.183791e-32 -3.113394e-33 -1.938931e-34 -1.048311e-35 -4.994269e-37 -2.105089e-38 -7.814948e-40 -2.514518e-41 -6.731735e-43 -1.324850e-44 -7.845280e-47 8.624096e-48 5.559827e-49 2.269546e-50 7.449367e-52 2.097138e-53 5.095571e-55 5.841393e-57 1.160528e-59 3.638894e-63 2.346784e-67 3.969175e-72 2.096561e-77 3.863100e-83
