0.000000e+00 0.000000e+00 0.000000e+00 0.000000e+00 0.000000e+00 0.000000e+00 0.000000e+00 0.000000e+00 0.000000e+00 0.000000e+00 0.000000e+00 0.000000e+00 0.000000e+00 0.000000e+00 0.000000e+00 0.000000e+00 0.000000e+00 0.000000e+00 0.000000e+00 0.000000e+00 0.000000e+00 0.000000e+00 0.000000e+00 0.000000e+00 0.000000e+00 0.000000e+00 0.000000e+00 0.000000e+00 0.000000e+00 0.000000e+00 0.000000e+00 0.000000e+00 0.000000e+00 0.000000e+00 0.000000e+00 0.000000e+00 0.000000e+00 0.000000e+00 0.000000e+00 0.000000e+00 0.000000e+00 0.000000e+00 0.000000e+00 0.000000e+00 0.000000e+00 0.000000e+00 0.000000e+00 0.000000e+00 0.000000e+00 0.000000e+00 0.000000e+00 0.000000e+00 0.000000e+00 0.000000e+00 0.000000e+00 0.000000e+00 0.000000e+00 0.000000e+00 0.000000e+00 0.000000e+00 0.000000e+00 0.000000e+00 0.000000e+00 0.000000e+00 0.000000e+00 0.000000e+00 0.000000e+00 0.000000e+00 0.000000e+00 0.000000e+00 0.000000e+00 0.000000e+00 0.000000e+00 0.000000e+00 0.000000e+00 0.000000e+00 0.000000e+00 0.000000e+00 0.000000e+00 0.000000e+00 0.000000e+00 0.000000e+00 0.000000e+00 0.000000e+00 0.000000e+00 0.000000e+00 0.000000e+00 0.000000e+00 0.000000e+00 0.000000e+00 0.000000e+00 0.000000e+00 0.000000e+00 0.000000e+00 0.000000e+00 0.000000e+00 0.000000e+00 0.000000e+00 0.000000e+00 0.000000e+00 0.000000e+00 0.000000e+00 0.000000e+00 0.000000e+00 0.000000e+00 0.000000e+00 0.000000e+00 0.000000e+00 0.000000e+00 0.000000e+00 0.000000e+00 0.000000e+00 0.000000e+00 0.000000e+00 0.000000e+00 0.000000e+00
0.000000e+00 0.000000e+00 0.000000e+00 0.000000e+00 0.000000e+00 0.000000e+00 5.468424e-113 1.005975e-109 4.665029e-107 1.364548e-104 2.890496e-102 4.708176e-100 6.102605e-98 6.409678e-96 5.475658e-94 3.740797e-92 1.910409e-90 5.306915e-89 -2.177502e-87 -4.538556e-85 -4.079007e-83 -2.723192e-81 -1.498621e-79 -7.070779e-78 -2.914879e-76 -1.060429e-74 -3.421447e-73 -9.804338e-72 -2.490416e-70 -5.573420e-69 -1.084832e-67 -1.787544e-66 -2.334537e-65 -1.898049e-64 9.116277e-64 7.718551e-62 1.953544e-60 3.566363e-59 5.305472e-58 6.690652e-57 7.260700e-56 6.807154e-55 5.494555e-54 3.776030e-53 2.157997e-52 9.731844e-52 2.956524e-51 9.431946e-52 -5.988264e-50 -4.800354e-49 -2.410979e-48 -9.046683e-48 -2.645379e-47 -6.065228e-47 -1.076259e-46 -1.427312e-46 -1.292557e-46 -5.288293e-47 5.288293e-47 1.292557e-46 1.427312e-46 1.076259e-46 6.065228e-47 2.645379e-47 9.046683e-48 2.410979e-48 4.800354e-49 5.988264e-50 -9.431946e-52 -2.956524e-51 -9.731844e-52 -2.157997e-52 -3.776030e-53 -5.494555e-54 -6.807154e-55 -7.260700e-56 -6.690652e-57 -5.305472e-58 -3.566363e-59 -1.953544e-60 -7.718551e-62 -9.116277e-64 1.898049e-64 2.334537e-65 1.787544e-66 1.084832e-67 5.573420e-69 2.490416e-70 9.804338e-72 3.421447e-73 1.060429e-74 2.914879e-76 7.070779e-78 1.498621e-79 2.723192e-81 4.079007e-83 4.538556e-85 2.177502e-87 -5.306915e-89 -1.910409e-90 -3.740797e-92 -5.475658e-94 -6.409678e-96 -6.102605e-98 -4.708176e-100 -2.890496e-102 -1.364548e-104 -4.665029e-107 -1.005975e-109 -5.468424e-113 0.000000e+00 0.000000e+00 0.000000e+00 0.000000e+00 0.000000e+00 0.000000e+00
0.000000e+00 0.000000e+00 0.000000e+00 0.000000e+00 0.000000e+00 2.132197e-110 2.076130e-106 1.886043e-103 5.752584e-101 1.241647e-98 2.061482e-96 2.724453e-94 2.918393e-92 2.542855e-90 1.771204e-88 9.204389e-87 2.564815e-85 -1.164584e-83 -2.402555e-81 -2.199848e-79 -1.502128e-77 -8.469410e-76 -4.098839e-74 -1.734847e-72 -6.485574e-71 -2.152098e-69 -6.347430e-68 -1.660697e-66 -3.830242e-65 -7.685068e-64 -1.304395e-62 -1.747848e-61 -1.422398e-60 9.187351e-60 6.922800e-58 1.795847e-56 3.401923e-55 5.277918e-54 6.965073e-53 7.932452e-52 7.825711e-51 6.663226e-50 4.839824e-49 2.924801e-48 1.388260e-47 4.298394e-47 -1.226732e-47 -1.299355e-45 -1.083816e-44 -5.949796e-44 -2.495030e-43 -8.315113e-43 -2.222330e-42 -4.737682e-42 -7.919900e-42 -1.001948e-41 -8.776876e-42 -3.529542e-42 3.529542e-42 8.776876e-42 1.001948e-41 7.919900e-42 4.737682e-42 2.222330e-42 8.315113e-43 2.495030e-43 5.949796e-44 1.083816e-44 1.299355e-45 1.226732e-47 -4.298394e-47 -1.388260e-47 -2.924801e-48 -4.839824e-49 -6.663226e-50 -7.825711e-51 -7.932452e-52 -6.965073e-53 -5.277918e-54 -3.401923e-55 -1.795847e-56 -6.922800e-58 -9.187351e-60 1.422398e-60 1.747848e-61 1.304395e-62 7.685068e-64 3.830242e-65 1.660697e-66 6.347430e-68 2.152098e-69 6.485574e-71 1.734847e-72 4.098839e-74 8.469410e-76 1.502128e-77 2.199848e-79 2.402555e-81 1.164584e-83 -2.564815e-85 -9.204389e-87 -1.771204e-88 -2.542855e-90 -2.918393e-92 -2.724453e-94 -2.061482e-96 -1.241647e-98 -5.752584e-101 -1.886043e-103 -2.076130e-106 -2.132197e-110 0.000000e+00 0.000000e+00 0.000000e+00 0.000000e+00 0.000000e+00
0.000000e+00 0.000000e+00 0.000000e+00 0.000000e+00 5.530291e-109 3.097475e-104 1.488418e-100 8.882432e-98 1.998418e-95 3.380237e-93 4.552520e-91 4.970657e-89 4.414745e-87 3.133120e-85 1.655371e-83 4.616683e-82 -2.322034e-80 -4.742155e-78 -4.420049e-76 -3.084449e-74 -1.780296e-72 -8.829846e-71 -3.833564e-69 -1.471282e-67 -5.015912e-66 -1.521030e-64 -4.094106e-63 -9.719122e-62 -2.007318e-60 -3.503753e-59 -4.806380e-58 -3.890762e-57 3.302787e-56 2.271680e-54 6.031146e-53 1.183016e-51 1.909580e-50 2.630165e-49 3.134597e-48 3.243652e-47 2.902877e-46 2.219446e-45 1.411531e-44 7.008331e-44 2.181219e-43 -2.467110e-43 -9.617405e-42 -8.357615e-41 -4.968937e-40 -2.297829e-39 -8.575314e-39 -2.609341e-38 -6.463168e-38 -1.290769e-37 -2.041144e-37 -2.468928e-37 -2.094624e-37 -8.284057e-38 8.284057e-38 2.094624e-37 2.468928e-37 2.041144e-37 1.290769e-37 6.463168e-38 2.609341e-38 8.575314e-39 2.297829e-39 4.968937e-40 8.357615e-41 9.617405e-42 2.467110e-43 -2.181219e-43 -7.008331e-44 -1.411531e-44 -2.219446e-45 -2.902877e-46 -3.243652e-47 -3.134597e-48 -2.630165e-49 -1.909580e-50 -1.183016e-51 -6.031146e-53 -2.271680e-54 -3.302787e-56 3.890762e-57 4.806380e-58 3.503753e-59 2.007318e-60 9.719122e-62 4.094106e-63 1.521030e-64 5.015912e-66 1.471282e-67 3.833564e-69 8.829846e-71 1.780296e-72 3.084449e-74 4.420049e-76 4.742155e-78 2.322034e-80 -4.616683e-82 -1.655371e-83 -3.133120e-85 -4.414745e-87 -4.970657e-89 -4.552520e-91 -3.380237e-93 -1.998418e-95 -8.882432e-98 -1.488418e-100 -3.097475e-104 -5.530291e-109 0.000000e+00 0.000000e+00 0.000000e+00 0.000000e+00
0.000000e+00 0.000000e+00 0.000000e+00 1.060021e-108 2.607020e-103 7.205243e-99 2.272916e-95 9.992501e-93 1.761069e-90 2.415798e-88 2.687086e-86 2.431256e-84 1.756867e-82 9.429276e-81 2.625683e-79 -1.464693e-77 -2.961579e-75 -2.807830e-73 -2.000863e-71 -1.181277e-69 -5.999338e-68 -2.669453e-66 -1.050803e-64 -3.676979e-63 -1.145195e-61 -3.167698e-60 -7.730663e-59 -1.641299e-57 -2.941530e-56 -4.121795e-55 -3.295214e-54 3.624415e-53 2.316971e-51 6.287143e-50 1.274484e-48 2.135710e-47 3.062862e-46 3.809756e-45 4.123039e-44 3.865704e-43 3.099603e-42 2.065529e-41 1.066455e-40 3.283172e-40 -7.611901e-40 -2.086775e-38 -1.888385e-37 -1.206630e-36 -6.088044e-36 -2.509844e-35 -8.545264e-35 -2.403463e-34 -5.551645e-34 -1.041593e-33 -1.559421e-33 -1.803064e-33 -1.480645e-33 -5.756305e-34 5.756305e-34 1.480645e-33 1.803064e-33 1.559421e-33 1.041593e-33 5.551645e-34 2.403463e-34 8.545264e-35 2.509844e-35 6.088044e-36 1.206630e-36 1.888385e-37 2.086775e-38 7.611901e-40 -3.283172e-40 -1.066455e-40 -2.065529e-41 -3.099603e-42 -3.865704e-43 -4.123039e-44 -3.809756e-45 -3.062862e-46 -2.135710e-47 -1.274484e-48 -6.287143e-50 -2.316971e-51 -3.624415e-53 3.295214e-54 4.121795e-55 2.941530e-56 1.641299e-57 7.730663e-59 3.167698e-60 1.145195e-61 3.676979e-63 1.050803e-64 2.669453e-66 5.999338e-68 1.181277e-69 2.000863e-71 2.807830e-73 2.961579e-75 1.464693e-77 -2.625683e-79 -9.429276e-81 -1.756867e-82 -2.431256e-84 -2.687086e-86 -2.415798e-88 -1.761069e-90 -9.992501e-93 -2.272916e-95 -7.205243e-99 -2.607020e-103 -1.060021e-108 0.000000e+00 0.000000e+00 0.000000e+00
0.000000e+00 0.000000e+00 1.548921e-109 1.300742e-103 1.578565e-98 2.863771e-94 6.650482e-91 2.287169e-88 3.267491e-86 3.700547e-84 3.408991e-82 2.506650e-80 1.365503e-78 3.786901e-77 -2.346030e-75 -4.697696e-73 -4.527049e-71 -3.291820e-69 -1.986365e-67 -1.032186e-65 -4.703120e-64 -1.897193e-62 -6.807629e-61 -2.175487e-59 -6.177397e-58 -1.548048e-56 -3.374280e-55 -6.199771e-54 -8.854431e-53 -6.933149e-52 9.799265e-51 5.902261e-49 1.634974e-47 3.419084e-46 5.936218e-45 8.844667e-44 1.145448e-42 1.293028e-41 1.266329e-40 1.061252e-39 7.380221e-39 3.939860e-38 1.176415e-37 -4.718587e-37 -1.075640e-35 -1.012381e-34 -6.907461e-34 -3.769480e-33 -1.698150e-32 -6.382953e-32 -2.004350e-31 -5.236988e-31 -1.129711e-30 -1.989412e-30 -2.812841e-30 -3.098543e-30 -2.454943e-30 -9.362865e-31 9.362865e-31 2.454943e-30 3.098543e-30 2.812841e-30 1.989412e-30 1.129711e-30 5.236988e-31 2.004350e-31 6.382953e-32 1.698150e-32 3.769480e-33 6.907461e-34 1.012381e-34 1.075640e-35 4.718587e-37 -1.176415e-37 -3.939860e-38 -7.380221e-39 -1.061252e-39 -1.266329e-40 -1.293028e-41 -1.145448e-42 -8.844667e-44 -5.936218e-45 -3.419084e-46 -1.634974e-47 -5.902261e-49 -9.799265e-51 6.933149e-52 8.854431e-53 6.199771e-54 3.374280e-55 1.548048e-56 6.177397e-58 2.175487e-59 6.807629e-61 1.897193e-62 4.703120e-64 1.032186e-65 1.986365e-67 3.291820e-69 4.527049e-71 4.697696e-73 2.346030e-75 -3.786901e-77 -1.365503e-78 -2.506650e-80 -3.408991e-82 -3.700547e-84 -3.267491e-86 -2.287169e-88 -6.650482e-91 -2.863771e-94 -1.578565e-98 -1.300742e-103 -1.548921e-109 0.000000e+00 0.000000e+00
0.000000e+00 1.584819e-111 3.755032e-105 1.556084e-99 1.239618e-94 1.655433e-90 3.005216e-87 8.365754e-85 9.861415e-83 9.244772e-81 6.913319e-79 3.819841e-77 1.052695e-75 -7.243313e-74 -1.437555e-71 -1.407346e-69 -1.043577e-67 -6.432029e-66 -3.417354e-64 -1.593337e-62 -6.581454e-61 -2.419707e-59 -7.927124e-58 -2.308563e-56 -5.934529e-55 -1.326540e-53 -2.495452e-52 -3.625468e-51 -2.756260e-50 4.971941e-49 2.855431e-47 8.068410e-46 1.738066e-44 3.121121e-43 4.822109e-42 6.488412e-41 7.622026e-40 7.776929e-39 6.791911e-38 4.911665e-37 2.696866e-36 7.626905e-36 -4.927181e-35 -1.008161e-33 -9.858291e-33 -7.144471e-32 -4.187004e-31 -2.043279e-30 -8.389363e-30 -2.903126e-29 -8.441012e-29 -2.049113e-28 -4.116707e-28 -6.768267e-28 -8.970012e-28 -9.330911e-28 -7.072875e-28 -2.632220e-28 2.632220e-28 7.072875e-28 9.330911e-28 8.970012e-28 6.768267e-28 4.116707e-28 2.049113e-28 8.441012e-29 2.903126e-29 8.389363e-30 2.043279e-30 4.187004e-31 7.144471e-32 9.858291e-33 1.008161e-33 4.927181e-35 -7.626905e-36 -2.696866e-36 -4.911665e-37 -6.791911e-38 -7.776929e-39 -7.622026e-40 -6.488412e-41 -4.822109e-42 -3.121121e-43 -1.738066e-44 -8.068410e-46 -2.855431e-47 -4.971941e-49 2.756260e-50 3.625468e-51 2.495452e-52 1.326540e-53 5.934529e-55 2.308563e-56 7.927124e-58 2.419707e-59 6.581454e-61 1.593337e-62 3.417354e-64 6.432029e-66 1.043577e-67 1.407346e-69 1.437555e-71 7.243313e-74 -1.052695e-75 -3.819841e-77 -6.913319e-79 -9.244772e-81 -9.861415e-83 -8.365754e-85 -3.005216e-87 -1.655433e-90 -1.239618e-94 -1.556084e-99 -3.755032e-105 -1.584819e-111 0.000000e+00
1.094425e-114 6.342775e-108 7.418133e-102 2.018486e-96 1.184015e-91 1.236287e-87 1.815808e-84 4.165316e-82 4.062530e-80 3.089727e-78 1.732075e-76 4.750960e-75 -3.593582e-73 -7.101470e-71 -7.066025e-69 -5.343129e-67 -3.363128e-65 -1.826487e-63 -8.711422e-62 -3.683337e-60 -1.387001e-58 -4.656417e-57 -1.390219e-55 -3.664612e-54 -8.397699e-53 -1.617157e-51 -2.390578e-50 -1.763705e-49 3.945207e-48 2.199910e-46 6.350057e-45 1.408857e-43 2.614899e-42 4.185175e-41 5.844077e-40 7.134696e-39 7.573366e-38 6.882232e-37 5.167677e-36 2.913728e-35 7.692862e-35 -7.480011e-34 -1.450016e-32 -1.476078e-31 -1.133113e-30 -7.098014e-30 -3.729205e-29 -1.659788e-28 -6.270395e-28 -2.005345e-27 -5.397848e-27 -1.212938e-26 -2.252461e-26 -3.416367e-26 -4.172588e-26 -4.012159e-26 -2.846397e-26 -1.018491e-26 1.018491e-26 2.846397e-26 4.012159e-26 4.172588e-26 3.416367e-26 2.252461e-26 1.212938e-26 5.397848e-27 2.005345e-27 6.270395e-28 1.659788e-28 3.729205e-29 7.098014e-30 1.133113e-30 1.476078e-31 1.450016e-32 7.480011e-34 -7.692862e-35 -2.913728e-35 -5.167677e-36 -6.882232e-37 -7.573366e-38 -7.134696e-39 -5.844077e-40 -4.185175e-41 -2.614899e-42 -1.408857e-43 -6.350057e-45 -2.199910e-46 -3.945207e-48 1.763705e-49 2.390578e-50 1.617157e-51 8.397699e-53 3.664612e-54 1.390219e-55 4.656417e-57 1.387001e-58 3.683337e-60 8.711422e-62 1.826487e-63 3.363128e-65 5.343129e-67 7.066025e-69 7.101470e-71 3.593582e-73 -4.750960e-75 -1.732075e-76 -3.089727e-78 -4.062530e-80 -4.165316e-82 -1.815808e-84 -1.236287e-87 -1.184015e-91 -2.018486e-96 -7.418133e-102 -6.342775e-108 -1.094425e-114
1.248654e-111 3.575909e-105 2.749157e-99 5.514615e-94 2.532316e-89 2.141879e-85 2.593943e-82 4.921974e-80 3.898043e-78 2.224726e-76 6.163924e-75 -4.906467e-73 -9.807651e-71 -9.953466e-69 -7.689278e-67 -4.948940e-65 -2.750239e-63 -1.343098e-61 -5.818292e-60 -2.246123e-58 -7.735258e-57 -2.370425e-55 -6.416799e-54 -1.510610e-52 -2.988034e-51 -4.527643e-50 -3.353178e-49 8.348411e-48 4.699913e-46 1.396664e-44 3.202675e-43 6.157004e-42 1.022443e-40 1.483639e-39 1.885010e-38 2.085132e-37 1.976539e-36 1.547888e-35 9.058512e-35 2.347428e-34 -2.869209e-33 -5.626327e-32 -6.026779e-31 -4.915034e-30 -3.291048e-29 -1.858411e-28 -8.939319e-28 -3.670976e-27 -1.283941e-26 -3.803251e-26 -9.462208e-26 -1.955863e-25 -3.314227e-25 -4.531311e-25 -4.907235e-25 -4.112831e-25 -2.536447e-25 -8.228574e-26 8.228574e-26 2.536447e-25 4.112831e-25 4.907235e-25 4.531311e-25 3.314227e-25 1.955863e-25 9.462208e-26 3.803251e-26 1.283941e-26 3.670976e-27 8.939319e-28 1.858411e-28 3.291048e-29 4.915034e-30 6.026779e-31 5.626327e-32 2.869209e-33 -2.347428e-34 -9.058512e-35 -1.547888e-35 -1.976539e-36 -2.085132e-37 -1.885010e-38 -1.483639e-39 -1.022443e-40 -6.157004e-42 -3.202675e-43 -1.396664e-44 -4.699913e-46 -8.348411e-48 3.353178e-49 4.527643e-50 2.988034e-51 1.510610e-52 6.416799e-54 2.370425e-55 7.735258e-57 2.246123e-58 5.818292e-60 1.343098e-61 2.750239e-63 4.948940e-65 7.689278e-67 9.953466e-69 9.807651e-71 4.906467e-73 -6.163924e-75 -2.224726e-76 -3.898043e-78 -4.921974e-80 -2.593943e-82 -2.141879e-85 -2.532316e-89 -5.514615e-94 -2.749157e-99 -3.575909e-105 -1.248654e-111
5.660276e-109 1.066430e-102 6.049248e-97 9.507983e-92 3.540345e-87 2.471713e-83 2.477251e-80 3.814637e-78 2.269321e-76 6.416369e-75 -5.220791e-73 -1.065953e-70 -1.105757e-68 -8.735999e-67 -5.753200e-65 -3.273213e-63 -1.637434e-61 -7.270444e-60 -2.878572e-58 -1.017367e-56 -3.201714e-55 -8.907060e-54 -2.156471e-52 -4.390005e-51 -6.850073e-50 -5.218536e-49 1.350058e-47 7.837201e-46 2.407922e-44 5.716710e-43 1.139333e-41 1.964029e-40 2.962575e-39 3.918489e-38 4.519092e-37 4.472689e-36 3.661407e-35 2.238789e-34 5.941091e-34 -8.145146e-33 -1.663830e-31 -1.883975e-30 -1.632785e-29 -1.166940e-28 -7.064192e-28 -3.659510e-27 -1.626333e-26 -6.187156e-26 -2.003718e-25 -5.475539e-25 -1.247046e-24 -2.326715e-24 -3.469660e-24 -3.978578e-24 -3.269291e-24 -1.624739e-24 -1.995708e-25 1.403402e-25 -1.403402e-25 1.995708e-25 1.624739e-24 3.269291e-24 3.978578e-24 3.469660e-24 2.326715e-24 1.247046e-24 5.475539e-25 2.003718e-25 6.187156e-26 1.626333e-26 3.659510e-27 7.064192e-28 1.166940e-28 1.632785e-29 1.883975e-30 1.663830e-31 8.145146e-33 -5.941091e-34 -2.238789e-34 -3.661407e-35 -4.472689e-36 -4.519092e-37 -3.918489e-38 -2.962575e-39 -1.964029e-40 -1.139333e-41 -5.716710e-43 -2.407922e-44 -7.837201e-46 -1.350058e-47 5.218536e-49 6.850073e-50 4.390005e-51 2.156471e-52 8.907060e-54 3.201714e-55 1.017367e-56 2.878572e-58 7.270444e-60 1.637434e-61 3.273213e-63 5.753200e-65 8.735999e-67 1.105757e-68 1.065953e-70 5.220791e-73 -6.416369e-75 -2.269321e-76 -3.814637e-78 -2.477251e-80 -2.471713e-83 -3.540345e-87 -9.507983e-92 -6.049248e-97 -1.066430e-102 -5.660276e-109
1.657291e-106 2.304191e-100 1.024342e-94 1.305873e-89 4.015080e-85 2.320900e-81 1.887370e-78 2.178704e-76 6.416289e-75 -5.329595e-73 -1.111326e-70 -1.177894e-68 -9.512763e-67 -6.407158e-65 -3.730060e-63 -1.910403e-61 -8.689327e-60 -3.526327e-58 -1.278238e-56 -4.128438e-55 -1.179505e-53 -2.934772e-52 -6.144239e-51 -9.866058e-50 -7.730931e-49 2.071639e-47 1.239652e-45 3.934186e-44 9.659817e-43 1.993439e-41 3.562586e-40 5.578447e-39 7.669641e-38 9.207100e-37 9.498297e-36 8.113450e-35 5.175074e-34 1.406921e-33 -2.140108e-32 -4.552385e-31 -5.434236e-30 -4.988127e-29 -3.790276e-28 -2.448835e-27 -1.359338e-26 -6.500406e-26 -2.672533e-25 -9.392917e-25 -2.795602e-24 -6.946140e-24 -1.409203e-23 -2.246554e-23 -2.591046e-23 -1.615731e-23 8.436007e-24 3.487053e-23 4.154927e-23 1.861171e-23 -1.861171e-23 -4.154927e-23 -3.487053e-23 -8.436007e-24 1.615731e-23 2.591046e-23 2.246554e-23 1.409203e-23 6.946140e-24 2.795602e-24 9.392917e-25 2.672533e-25 6.500406e-26 1.359338e-26 2.448835e-27 3.790276e-28 4.988127e-29 5.434236e-30 4.552385e-31 2.140108e-32 -1.406921e-33 -5.175074e-34 -8.113450e-35 -9.498297e-36 -9.207100e-37 -7.669641e-38 -5.578447e-39 -3.562586e-40 -1.993439e-41 -9.659817e-43 -3.934186e-44 -1.239652e-45 -2.071639e-47 7.730931e-49 9.866058e-50 6.144239e-51 2.934772e-52 1.179505e-53 4.128438e-55 1.278238e-56 3.526327e-58 8.689327e-60 1.910403e-61 3.730060e-63 6.407158e-65 9.512763e-67 1.177894e-68 1.111326e-70 5.329595e-73 -6.416289e-75 -2.178704e-76 -1.887370e-78 -2.320900e-81 -4.015080e-85 -1.305873e-89 -1.024342e-94 -2.304191e-100 -1.657291e-106
3.514177e-104 3.829773e-98 1.381235e-92 1.454486e-87 3.704777e-83 1.739355e-79 1.061330e-76 6.054376e-75 -5.220835e-73 -1.111326e-70 -1.202963e-68 -9.926482e-67 -6.834421e-65 -4.069243e-63 -2.132592e-61 -9.930880e-60 -4.128452e-58 -1.533893e-56 -5.081067e-55 -1.489819e-53 -3.806813e-52 -8.190328e-51 -1.352346e-49 -1.089266e-48 3.018781e-47 1.860609e-45 6.093326e-44 1.545647e-42 3.298908e-41 6.104617e-40 9.909576e-39 1.414200e-37 1.764465e-36 1.894259e-35 1.685575e-34 1.119707e-33 3.117871e-33 -5.219407e-32 -1.155137e-30 -1.449981e-29 -1.405318e-28 -1.131369e-27 -7.770692e-27 -4.601705e-26 -2.356186e-25 -1.041082e-24 -3.946372e-24 -1.270400e-23 -3.416769e-23 -7.466769e-23 -1.253854e-22 -1.381482e-22 -1.971263e-23 3.076274e-22 7.821855e-22 1.138867e-21 1.052609e-21 4.314558e-22 -4.314558e-22 -1.052609e-21 -1.138867e-21 -7.821855e-22 -3.076274e-22 1.971263e-23 1.381482e-22 1.253854e-22 7.466769e-23 3.416769e-23 1.270400e-23 3.946372e-24 1.041082e-24 2.356186e-25 4.601705e-26 7.770692e-27 1.131369e-27 1.405318e-28 1.449981e-29 1.155137e-30 5.219407e-32 -3.117871e-33 -1.119707e-33 -1.685575e-34 -1.894259e-35 -1.764465e-36 -1.414200e-37 -9.909576e-39 -6.104617e-40 -3.298908e-41 -1.545647e-42 -6.093326e-44 -1.860609e-45 -3.018781e-47 1.089266e-48 1.352346e-49 8.190328e-51 3.806813e-52 1.489819e-53 5.081067e-55 1.533893e-56 4.128452e-58 9.930880e-60 2.132592e-61 4.069243e-63 6.834421e-65 9.926482e-67 1.202963e-68 1.111326e-70 5.220835e-73 -6.054376e-75 -1.061330e-76 -1.739355e-79 -3.704777e-83 -1.454486e-87 -1.381235e-92 -3.829773e-98 -3.514177e-104
5.730163e-102 5.067341e-96 1.510097e-90 1.318116e-85 2.730085e-81 9.647024e-78 2.947622e-75 -4.781278e-73 -1.065954e-70 -1.177894e-68 -9.926482e-67 -6.983035e-65 -4.250143e-63 -2.278028e-61 -1.085484e-59 -4.619990e-58 -1.758371e-56 -5.970174e-55 -1.795344e-53 -4.707967e-52 -1.040185e-50 -1.764784e-49 -1.460279e-48 4.179488e-47 2.651343e-45 8.951706e-44 2.343498e-42 5.167494e-41 9.889882e-40 1.662260e-38 2.459093e-37 3.184344e-36 3.552235e-35 3.287654e-34 2.271141e-33 6.476584e-33 -1.184484e-31 -2.724927e-30 -3.588506e-29 -3.662230e-28 -3.114020e-27 -2.265864e-26 -1.425944e-25 -7.783954e-25 -3.678673e-24 -1.496039e-23 -5.178779e-23 -1.498095e-22 -3.500911e-22 -6.121953e-22 -6.053145e-22 5.137441e-22 3.918016e-21 1.007667e-20 1.728316e-20 2.141361e-20 1.827010e-20 7.234001e-21 -7.234001e-21 -1.827010e-20 -2.141361e-20 -1.728316e-20 -1.007667e-20 -3.918016e-21 -5.137441e-22 6.053145e-22 6.121953e-22 3.500911e-22 1.498095e-22 5.178779e-23 1.496039e-23 3.678673e-24 7.783954e-25 1.425944e-25 2.265864e-26 3.114020e-27 3.662230e-28 3.588506e-29 2.724927e-30 1.184484e-31 -6.476584e-33 -2.271141e-33 -3.287654e-34 -3.552235e-35 -3.184344e-36 -2.459093e-37 -1.662260e-38 -9.889882e-40 -5.167494e-41 -2.343498e-42 -8.951706e-44 -2.651343e-45 -4.179488e-47 1.460279e-48 1.764784e-49 1.040185e-50 4.707967e-52 1.795344e-53 5.970174e-55 1.758371e-56 4.619990e-58 1.085484e-59 2.278028e-61 4.250143e-63 6.983035e-65 9.926482e-67 1.177894e-68 1.065954e-70 4.781278e-73 -2.947622e-75 -9.647024e-78 -2.730085e-81 -1.318116e-85 -1.510097e-90 -5.067341e-96 -5.730163e-102
7.435766e-100 5.435100e-94 1.343311e-88 9.545261e-84 1.492852e-79 2.698070e-76 -2.154838e-73 -9.584233e-71 -1.105756e-68 -9.512763e-67 -6.834421e-65 -4.250143e-63 -2.328662e-61 -1.134833e-59 -4.942350e-58 -1.925840e-56 -6.698181e-55 -2.064578e-53 -5.552568e-52 -1.258971e-50 -2.193272e-49 -1.863335e-48 5.500131e-47 3.588691e-45 1.248066e-43 3.368899e-42 7.666871e-41 1.515940e-39 2.635119e-38 4.036106e-37 5.417300e-36 6.270759e-35 6.027795e-34 4.324409e-33 1.262894e-32 -2.506604e-31 -5.988651e-30 -8.256773e-29 -8.850889e-28 -7.926830e-27 -6.091513e-26 -4.059898e-25 -2.353838e-24 -1.184876e-23 -5.146129e-23 -1.906151e-22 -5.899358e-22 -1.465746e-21 -2.644802e-21 -2.142382e-21 6.289095e-21 3.443243e-20 9.467166e-20 1.859736e-19 2.791101e-19 3.200338e-19 2.611048e-19 1.012580e-19 -1.012580e-19 -2.611048e-19 -3.200338e-19 -2.791101e-19 -1.859736e-19 -9.467166e-20 -3.443243e-20 -6.289095e-21 2.142382e-21 2.644802e-21 1.465746e-21 5.899358e-22 1.906151e-22 5.146129e-23 1.184876e-23 2.353838e-24 4.059898e-25 6.091513e-26 7.926830e-27 8.850889e-28 8.256773e-29 5.988651e-30 2.506604e-31 -1.262894e-32 -4.324409e-33 -6.027795e-34 -6.270759e-35 -5.417300e-36 -4.036106e-37 -2.635119e-38 -1.515940e-39 -7.666871e-41 -3.368899e-42 -1.248066e-43 -3.588691e-45 -5.500131e-47 1.863335e-48 2.193272e-49 1.258971e-50 5.552568e-52 2.064578e-53 6.698181e-55 1.925840e-56 4.942350e-58 1.134833e-59 2.328662e-61 4.250143e-63 6.834421e-65 9.512763e-67 1.105756e-68 9.584233e-71 2.154838e-73 -2.698070e-76 -1.492852e-79 -9.545261e-84 -1.343311e-88 -5.435100e-94 -7.435766e-100
7.819822e-98 4.742961e-92 9.553233e-87 5.141870e-82 4.199358e-78 -1.779345e-74 -4.311449e-71 -9.733792e-69 -8.735979e-67 -6.407158e-65 -4.069243e-63 -2.278028e-61 -1.134833e-59 -5.054688e-58 -2.015416e-56 -7.176582e-55 -2.265952e-53 -6.246304e-52 -1.452487e-50 -2.596581e-49 -2.263737e-48 6.882330e-47 4.615701e-45 1.652131e-43 4.594089e-42 1.078031e-40 2.199925e-39 3.950643e-38 6.257761e-37 8.695340e-36 1.043093e-34 1.040015e-33 7.738781e-33 2.314621e-32 -4.955539e-31 -1.228473e-29 -1.769871e-28 -1.988334e-27 -1.870897e-26 -1.514205e-25 -1.065542e-24 -6.539430e-24 -3.493410e-23 -1.613927e-22 -6.369400e-22 -2.099601e-21 -5.520378e-21 -1.020255e-20 -5.723441e-21 4.670886e-20 2.377271e-19 7.062535e-19 1.559301e-18 2.712199e-18 3.765807e-18 4.102451e-18 3.242902e-18 1.238675e-18 -1.238675e-18 -3.242902e-18 -4.102451e-18 -3.765807e-18 -2.712199e-18 -1.559301e-18 -7.062535e-19 -2.377271e-19 -4.670886e-20 5.723441e-21 1.020255e-20 5.520378e-21 2.099601e-21 6.369400e-22 1.613927e-22 3.493410e-23 6.539430e-24 1.065542e-24 1.514205e-25 1.870897e-26 1.988334e-27 1.769871e-28 1.228473e-29 4.955539e-31 -2.314621e-32 -7.738781e-33 -1.040015e-33 -1.043093e-34 -8.695340e-36 -6.257761e-37 -3.950643e-38 -2.199925e-39 -1.078031e-40 -4.594089e-42 -1.652131e-43 -4.615701e-45 -6.882330e-47 2.263737e-48 2.596581e-49 1.452487e-50 6.246304e-52 2.265952e-53 7.176582e-55 2.015416e-56 5.054688e-58 1.134833e-59 2.278028e-61 4.069243e-63 6.407158e-65 8.735979e-67 9.733792e-69 4.311449e-71 1.779345e-74 -4.199358e-78 -5.141870e-82 -9.553233e-87 -4.742961e-92 -7.819822e-98
6.690291e-96 3.310363e-90 5.065362e-85 1.451097e-80 -2.491425e-76 -3.589101e-72 -4.303506e-69 -7.522793e-67 -5.753181e-65 -3.730060e-63 -2.132592e-61 -1.085484e-59 -4.942350e-58 -2.015416e-56 -7.343465e-55 -2.373829e-53 -6.703136e-52 -1.597611e-50 -2.928903e-49 -2.619031e-48 8.190959e-47 5.643026e-45 2.077248e-43 5.945436e-42 1.437237e-40 3.024161e-39 5.604907e-38 9.171559e-37 1.317849e-35 1.636377e-34 1.690225e-33 1.302980e-32 3.991857e-32 -9.167245e-31 -2.355980e-29 -3.540666e-28 -4.160243e-27 -4.103375e-26 -3.488996e-25 -2.585199e-24 -1.674454e-23 -9.462041e-23 -4.633649e-22 -1.941153e-21 -6.789255e-21 -1.881751e-20 -3.540593e-20 -8.389095e-21 2.679887e-19 1.360892e-18 4.370061e-18 1.069845e-17 2.103305e-17 3.379043e-17 4.433227e-17 4.641841e-17 3.577486e-17 1.349661e-17 -1.349661e-17 -3.577486e-17 -4.641841e-17 -4.433227e-17 -3.379043e-17 -2.103305e-17 -1.069845e-17 -4.370061e-18 -1.360892e-18 -2.679887e-19 8.389095e-21 3.540593e-20 1.881751e-20 6.789255e-21 1.941153e-21 4.633649e-22 9.462041e-23 1.674454e-23 2.585199e-24 3.488996e-25 4.103375e-26 4.160243e-27 3.540666e-28 2.355980e-29 9.167245e-31 -3.991857e-32 -1.302980e-32 -1.690225e-33 -1.636377e-34 -1.317849e-35 -9.171559e-37 -5.604907e-38 -3.024161e-39 -1.437237e-40 -5.945436e-42 -2.077248e-43 -5.643026e-45 -8.190959e-47 2.619031e-48 2.928903e-49 1.597611e-50 6.703136e-52 2.373829e-53 7.343465e-55 2.015416e-56 4.942350e-58 1.085484e-59 2.132592e-61 3.730060e-63 5.753181e-65 7.522793e-67 4.303506e-69 3.589101e-72 2.491425e-76 -1.451097e-80 -5.065362e-85 -3.310363e-90 -6.690291e-96
4.579610e-94 1.726210e-88 1.430566e-83 -7.753551e-79 -5.076268e-74 -3.527717e-70 -3.260246e-67 -4.843398e-65 -3.273198e-63 -1.910403e-61 -9.930880e-60 -4.619990e-58 -1.925840e-56 -7.176582e-55 -2.373829e-53 -6.862662e-52 -1.675478e-50 -3.148203e-49 -2.886087e-48 9.273988e-47 6.559506e-45 2.481417e-43 7.304531e-42 1.817542e-40 3.939786e-39 7.528843e-38 1.271426e-36 1.887160e-35 2.422840e-34 2.589606e-33 2.065953e-32 6.484570e-32 -1.589019e-30 -4.230220e-29 -6.620922e-28 -8.121385e-27 -8.379508e-26 -7.468273e-25 -5.812325e-24 -3.962550e-23 -2.361720e-22 -1.222138e-21 -5.416974e-21 -2.003548e-20 -5.835263e-20 -1.112256e-19 1.851168e-20 1.277697e-18 6.654468e-18 2.303616e-17 6.189284e-17 1.352925e-16 2.451187e-16 3.702196e-16 4.636133e-16 4.693499e-16 3.538741e-16 1.320647e-16 -1.320647e-16 -3.538741e-16 -4.693499e-16 -4.636133e-16 -3.702196e-16 -2.451187e-16 -1.352925e-16 -6.189284e-17 -2.303616e-17 -6.654468e-18 -1.277697e-18 -1.851168e-20 1.112256e-19 5.835263e-20 2.003548e-20 5.416974e-21 1.222138e-21 2.361720e-22 3.962550e-23 5.812325e-24 7.468273e-25 8.379508e-26 8.121385e-27 6.620922e-28 4.230220e-29 1.589019e-30 -6.484570e-32 -2.065953e-32 -2.589606e-33 -2.422840e-34 -1.887160e-35 -1.271426e-36 -7.528843e-38 -3.939786e-39 -1.817542e-40 -7.304531e-42 -2.481417e-43 -6.559506e-45 -9.273988e-47 2.886087e-48 3.148203e-49 1.675478e-50 6.862662e-52 2.373829e-53 7.176582e-55 1.925840e-56 4.619990e-58 9.930880e-60 1.910403e-61 3.273198e-63 4.843398e-65 3.260246e-67 3.527717e-70 5.076268e-74 7.753551e-79 -1.430566e-83 -1.726210e-88 -4.579610e-94
2.346565e-92 4.867429e-87 -6.893690e-82 -1.596463e-76 -4.912018e-72 -2.621969e-68 -2.055074e-65 -2.692380e-63 -1.637426e-61 -8.689327e-60 -4.128452e-58 -1.758371e-56 -6.698181e-55 -2.265952e-53 -6.703136e-52 -1.675478e-50 -3.224863e-49 -3.029573e-48 9.990761e-47 7.251002e-45 2.816953e-43 8.522072e-42 2.180921e-40 4.866024e-39 9.579336e-38 1.667930e-36 2.554817e-35 3.387842e-34 3.742978e-33 3.087195e-32 9.930489e-32 -2.583915e-30 -7.119918e-29 -1.158865e-27 -1.481432e-26 -1.595945e-25 -1.487883e-24 -1.213569e-23 -8.687291e-23 -5.446895e-22 -2.970219e-21 -1.388878e-20 -5.416582e-20 -1.653275e-19 -3.179780e-19 2.075762e-19 5.238646e-18 2.832802e-17 1.053482e-16 3.081145e-16 7.400636e-16 1.487070e-15 2.520807e-15 3.610798e-15 4.338758e-15 4.260644e-15 3.148439e-15 1.163299e-15 -1.163299e-15 -3.148439e-15 -4.260644e-15 -4.338758e-15 -3.610798e-15 -2.520807e-15 -1.487070e-15 -7.400636e-16 -3.081145e-16 -1.053482e-16 -2.832802e-17 -5.238646e-18 -2.075762e-19 3.179780e-19 1.653275e-19 5.416582e-20 1.388878e-20 2.970219e-21 5.446895e-22 8.687291e-23 1.213569e-23 1.487883e-24 1.595945e-25 1.481432e-26 1.158865e-27 7.119918e-29 2.583915e-30 -9.930489e-32 -3.087195e-32 -3.742978e-33 -3.387842e-34 -2.554817e-35 -1.667930e-36 -9.579336e-38 -4.866024e-39 -2.180921e-40 -8.522072e-42 -2.816953e-43 -7.251002e-45 -9.990761e-47 3.029573e-48 3.224863e-49 1.675478e-50 6.703136e-52 2.265952e-53 6.698181e-55 1.758371e-56 4.128452e-58 8.689327e-60 1.637426e-61 2.692380e-63 2.055074e-65 2.621969e-68 4.912018e-72 1.596463e-76 6.893690e-82 -4.867429e-87 -2.346565e-92
6.591744e-91 -2.117807e-85 -1.434697e-79 -1.519838e-74 -3.580242e-70 -1.618959e-66 -1.117531e-63 -1.315210e-61 -7.270397e-60 -3.526327e-58 -1.533893e-56 -5.970174e-55 -2.064578e-53 -6.246304e-52 -1.597611e-50 -3.148203e-49 -3.029573e-48 1.024169e-46 7.623383e-45 3.039478e-43 9.443464e-42 2.483721e-40 5.699529e-39 1.154893e-37 2.071474e-36 3.271312e-35 4.476212e-34 5.106906e-33 4.350734e-32 1.434706e-31 -3.945740e-30 -1.124525e-28 -1.900810e-27 -2.528392e-26 -2.839087e-25 -2.763524e-24 -2.357447e-23 -1.768093e-22 -1.163483e-21 -6.669048e-21 -3.281359e-20 -1.345923e-19 -4.295569e-19 -8.310684e-19 1.017812e-18 1.884260e-17 1.063975e-16 4.235331e-16 1.339468e-15 3.503512e-15 7.715525e-15 1.443919e-14 2.307127e-14 3.147922e-14 3.639148e-14 3.471776e-14 2.516556e-14 9.209179e-15 -9.209179e-15 -2.516556e-14 -3.471776e-14 -3.639148e-14 -3.147922e-14 -2.307127e-14 -1.443919e-14 -7.715525e-15 -3.503512e-15 -1.339468e-15 -4.235331e-16 -1.063975e-16 -1.884260e-17 -1.017812e-18 8.310684e-19 4.295569e-19 1.345923e-19 3.281359e-20 6.669048e-21 1.163483e-21 1.768093e-22 2.357447e-23 2.763524e-24 2.839087e-25 2.528392e-26 1.900810e-27 1.124525e-28 3.945740e-30 -1.434706e-31 -4.350734e-32 -5.106906e-33 -4.476212e-34 -3.271312e-35 -2.071474e-36 -1.154893e-37 -5.699529e-39 -2.483721e-40 -9.443464e-42 -3.039478e-43 -7.623383e-45 -1.024169e-46 3.029573e-48 3.148203e-49 1.597611e-50 6.246304e-52 2.064578e-53 5.970174e-55 1.533893e-56 3.526327e-58 7.270397e-60 1.315210e-61 1.117531e-63 1.618959e-66 3.580242e-70 1.519838e-74 1.434697e-79 2.117807e-85 -6.591744e-91
-2.591968e-89 -4.455728e-83 -1.342765e-77 -1.085597e-72 -2.164379e-68 -8.615375e-65 -5.336620e-62 -5.699067e-60 -2.878550e-58 -1.278238e-56 -5.081067e-55 -1.795344e-53 -5.552568e-52 -1.452487e-50 -2.928903e-49 -2.886087e-48 9.990761e-47 7.623383e-45 3.117459e-43 9.940534e-42 2.685036e-40 6.332316e-39 1.319665e-37 2.436327e-36 3.963317e-35 5.590841e-34 6.580721e-33 5.785782e-32 1.956722e-31 -5.663094e-30 -1.668169e-28 -2.924664e-27 -4.042134e-26 -4.723393e-25 -4.792090e-24 -4.267568e-23 -3.346728e-22 -2.306429e-21 -1.386533e-20 -7.161841e-20 -3.082545e-19 -1.026744e-18 -1.993662e-18 3.754195e-18 6.024035e-17 3.561011e-16 1.512069e-15 5.142289e-15 1.454246e-14 3.478598e-14 7.103700e-14 1.245700e-13 1.882308e-13 2.450581e-13 2.727616e-13 2.528531e-13 1.797810e-13 6.515462e-14 -6.515462e-14 -1.797810e-13 -2.528531e-13 -2.727616e-13 -2.450581e-13 -1.882308e-13 -1.245700e-13 -7.103700e-14 -3.478598e-14 -1.454246e-14 -5.142289e-15 -1.512069e-15 -3.561011e-16 -6.024035e-17 -3.754195e-18 1.993662e-18 1.026744e-18 3.082545e-19 7.161841e-20 1.386533e-20 2.306429e-21 3.346728e-22 4.267568e-23 4.792090e-24 4.723393e-25 4.042134e-26 2.924664e-27 1.668169e-28 5.663094e-30 -1.956722e-31 -5.785782e-32 -6.580721e-33 -5.590841e-34 -3.963317e-35 -2.436327e-36 -1.319665e-37 -6.332316e-39 -2.685036e-40 -9.940534e-42 -3.117459e-43 -7.623383e-45 -9.990761e-47 2.886087e-48 2.928903e-49 1.452487e-50 5.552568e-52 1.795344e-53 5.081067e-55 1.278238e-56 2.878550e-58 5.699067e-60 5.336620e-62 8.615375e-65 2.164379e-68 1.085597e-72 1.342765e-77 4.455728e-83 2.591968e-89
-5.513808e-87 -4.096584e-81 -9.392129e-76 -6.420842e-71 -1.126518e-66 -4.023059e-63 -2.259189e-60 -2.200728e-58 -1.017358e-56 -4.128438e-55 -1.489819e-53 -4.707967e-52 -1.258971e-50 -2.596581e-49 -2.619031e-48 9.273988e-47 7.251002e-45 3.039478e-43 9.940534e-42 2.755672e-40 6.674343e-39 1.429499e-37 2.714247e-36 4.544607e-35 6.603476e-34 8.011980e-33 7.263812e-32 2.520540e-31 -7.644801e-30 -2.326058e-28 -4.224909e-27 -6.059005e-26 -7.357304e-25 -7.767634e-24 -7.209115e-23 -5.900746e-22 -4.250585e-21 -2.674476e-20 -1.447195e-19 -6.523033e-19 -2.263873e-18 -4.405155e-18 1.157065e-17 1.727890e-16 1.070240e-15 4.831998e-15 1.758711e-14 5.346219e-14 1.379285e-13 3.046767e-13 5.796699e-13 9.543587e-13 1.364237e-12 1.693654e-12 1.812912e-12 1.630903e-12 1.136165e-12 4.075245e-13 -4.075245e-13 -1.136165e-12 -1.630903e-12 -1.812912e-12 -1.693654e-12 -1.364237e-12 -9.543587e-13 -5.796699e-13 -3.046767e-13 -1.379285e-13 -5.346219e-14 -1.758711e-14 -4.831998e-15 -1.070240e-15 -1.727890e-16 -1.157065e-17 4.405155e-18 2.263873e-18 6.523033e-19 1.447195e-19 2.674476e-20 4.250585e-21 5.900746e-22 7.209115e-23 7.767634e-24 7.357304e-25 6.059005e-26 4.224909e-27 2.326058e-28 7.644801e-30 -2.520540e-31 -7.263812e-32 -8.011980e-33 -6.603476e-34 -4.544607e-35 -2.714247e-36 -1.429499e-37 -6.674343e-39 -2.755672e-40 -9.940534e-42 -3.039478e-43 -7.251002e-45 -9.273988e-47 2.619031e-48 2.596581e-49 1.258971e-50 4.707967e-52 1.489819e-53 4.128438e-55 1.017358e-56 2.200728e-58 2.259189e-60 4.023059e-63 1.126518e-66 6.420842e-71 9.392129e-76 4.096584e-81 5.513808e-87
-4.975822e-85 -2.803740e-79 -5.430697e-74 -3.266182e-69 -5.140898e-65 -1.664312e-61 -8.518073e-59 -7.581241e-57 -3.201680e-55 -1.179505e-53 -3.806813e-52 -1.040185e-50 -2.193272e-49 -2.263737e-48 8.190959e-47 6.559506e-45 2.816953e-43 9.443464e-42 2.685036e-40 6.674343e-39 1.468087e-37 2.864766e-36 4.933140e-35 7.377485e-34 9.219174e-33 8.612499e-32 3.067871e-31 -9.712245e-30 -3.050604e-28 -5.734226e-27 -8.522578e-26 -1.073928e-24 -1.178178e-23 -1.137790e-22 -9.703906e-22 -7.293578e-21 -4.794277e-20 -2.712567e-19 -1.278062e-18 -4.615382e-18 -8.993170e-18 3.103783e-17 4.477871e-16 2.906120e-15 1.391001e-14 5.396421e-14 1.754715e-13 4.854811e-13 1.152126e-12 2.357951e-12 4.181290e-12 6.453760e-12 8.703955e-12 1.026776e-11 1.052856e-11 9.157183e-12 6.231954e-12 2.208671e-12 -2.208671e-12 -6.231954e-12 -9.157183e-12 -1.052856e-11 -1.026776e-11 -8.703955e-12 -6.453760e-12 -4.181290e-12 -2.357951e-12 -1.152126e-12 -4.854811e-13 -1.754715e-13 -5.396421e-14 -1.391001e-14 -2.906120e-15 -4.477871e-16 -3.103783e-17 8.993170e-18 4.615382e-18 1.278062e-18 2.712567e-19 4.794277e-20 7.293578e-21 9.703906e-22 1.137790e-22 1.178178e-23 1.073928e-24 8.522578e-26 5.734226e-27 3.050604e-28 9.712245e-30 -3.067871e-31 -8.612499e-32 -9.219174e-33 -7.377485e-34 -4.933140e-35 -2.864766e-36 -1.468087e-37 -6.674343e-39 -2.685036e-40 -9.443464e-42 -2.816953e-43 -6.559506e-45 -8.190959e-47 2.263737e-48 2.193272e-49 1.040185e-50 3.806813e-52 1.179505e-53 3.201680e-55 7.581241e-57 8.518073e-59 1.664312e-61 5.140898e-65 3.266182e-69 5.430697e-74 2.803740e-79 4.975822e-85
-3.329482e-83 -1.583610e-77 -2.697745e-72 -1.455533e-67 -2.076998e-63 -6.128632e-60 -2.863580e-57 -2.324015e-55 -8.906948e-54 -2.934772e-52 -8.190328e-51 -1.764784e-49 -1.863335e-48 6.882330e-47 5.643026e-45 2.481417e-43 8.522072e-42 2.483721e-40 6.332316e-39 1.429499e-37 2.864766e-36 5.069829e-35 7.797544e-34 1.002825e-32 9.646592e-32 3.529383e-31 -1.161752e-29 -3.764927e-28 -7.316493e-27 -1.125674e-25 -1.470144e-24 -1.673693e-23 -1.679416e-22 -1.490167e-21 -1.166744e-20 -7.998590e-20 -4.723787e-19 -2.322744e-18 -8.717746e-18 -1.701011e-17 7.398505e-17 1.054197e-15 7.165170e-15 3.626143e-14 1.494139e-13 5.175311e-13 1.528284e-12 3.875221e-12 8.475149e-12 1.604828e-11 2.642423e-11 3.801815e-11 4.801739e-11 5.335417e-11 5.191304e-11 4.325517e-11 2.854634e-11 9.955245e-12 -9.955245e-12 -2.854634e-11 -4.325517e-11 -5.191304e-11 -5.335417e-11 -4.801739e-11 -3.801815e-11 -2.642423e-11 -1.604828e-11 -8.475149e-12 -3.875221e-12 -1.528284e-12 -5.175311e-13 -1.494139e-13 -3.626143e-14 -7.165170e-15 -1.054197e-15 -7.398505e-17 1.701011e-17 8.717746e-18 2.322744e-18 4.723787e-19 7.998590e-20 1.166744e-20 1.490167e-21 1.679416e-22 1.673693e-23 1.470144e-24 1.125674e-25 7.316493e-27 3.764927e-28 1.161752e-29 -3.529383e-31 -9.646592e-32 -1.002825e-32 -7.797544e-34 -5.069829e-35 -2.864766e-36 -1.429499e-37 -6.332316e-39 -2.483721e-40 -8.522072e-42 -2.481417e-43 -5.643026e-45 -6.882330e-47 1.863335e-48 1.764784e-49 8.190328e-51 2.934772e-52 8.906948e-54 2.324015e-55 2.863580e-57 6.128632e-60 2.076998e-63 1.455533e-67 2.697745e-72 1.583610e-77 3.329482e-83
-1.835445e-81 -7.675875e-76 -1.173006e-70 -5.738278e-66 -7.464745e-62 -2.011190e-58 -8.562520e-56 -6.293663e-54 -2.156438e-52 -6.144238e-51 -1.352346e-49 -1.460279e-48 5.500131e-47 4.615701e-45 2.077248e-43 7.304531e-42 2.180921e-40 5.699529e-39 1.319665e-37 2.714247e-36 4.933140e-35 7.797544e-34 1.031328e-32 1.020885e-31 3.838635e-31 -1.308866e-29 -4.374235e-28 -8.780149e-27 -1.396889e-25 -1.888630e-24 -2.228437e-23 -2.320252e-22 -2.138892e-21 -1.741916e-20 -1.243498e-19 -7.653466e-19 -3.921650e-18 -1.528239e-17 -2.988253e-17 1.586665e-16 2.264392e-15 1.610619e-14 8.597230e-14 3.750744e-13 1.378970e-12 4.329039e-12 1.167618e-11 2.714476e-11 5.452431e-11 9.489304e-11 1.436458e-10 1.900471e-10 2.208329e-10 2.260779e-10 2.034546e-10 1.581493e-10 9.892178e-11 3.349053e-11 -3.349053e-11 -9.892178e-11 -1.581493e-10 -2.034546e-10 -2.260779e-10 -2.208329e-10 -1.900471e-10 -1.436458e-10 -9.489304e-11 -5.452431e-11 -2.714476e-11 -1.167618e-11 -4.329039e-12 -1.378970e-12 -3.750744e-13 -8.597230e-14 -1.610619e-14 -2.264392e-15 -1.586665e-16 2.988253e-17 1.528239e-17 3.921650e-18 7.653466e-19 1.243498e-19 1.741916e-20 2.138892e-21 2.320252e-22 2.228437e-23 1.888630e-24 1.396889e-25 8.780149e-27 4.374235e-28 1.308866e-29 -3.838635e-31 -1.020885e-31 -1.031328e-32 -7.797544e-34 -4.933140e-35 -2.714247e-36 -1.319665e-37 -5.699529e-39 -2.180921e-40 -7.304531e-42 -2.077248e-43 -4.615701e-45 -5.500131e-47 1.460279e-48 1.352346e-49 6.144238e-51 2.156438e-52 6.293663e-54 8.562520e-56 2.011190e-58 7.464745e-62 5.738278e-66 1.173006e-70 7.675875e-76 1.835445e-81
-8.673118e-80 -3.253607e-74 -4.508590e-69 -2.011101e-64 -2.389564e-60 -5.868131e-57 -2.261123e-54 -1.482371e-52 -4.389920e-51 -9.866058e-50 -1.089266e-48 4.179488e-47 3.588691e-45 1.652131e-43 5.945436e-42 1.817542e-40 4.866024e-39 1.154893e-37 2.436327e-36 4.544607e-35 7.377485e-34 1.002825e-32 1.020885e-31 3.947568e-31 -1.389190e-29 -4.785662e-28 -9.913333e-27 -1.629291e-25 -2.277990e-24 -2.782526e-23 -3.002546e-22 -2.871786e-21 -2.429352e-20 -1.803301e-19 -1.155029e-18 -6.159204e-18 -2.490047e-17 -4.886560e-17 3.086267e-16 4.453324e-15 3.311932e-14 1.860524e-13 8.570570e-13 3.334170e-12 1.108957e-11 3.169707e-11 7.800077e-11 1.653341e-10 3.019509e-10 4.755064e-10 6.465571e-10 7.600189e-10 7.721249e-10 6.756255e-10 5.051219e-10 3.176922e-10 1.606931e-10 4.703138e-11 -4.703138e-11 -1.606931e-10 -3.176922e-10 -5.051219e-10 -6.756255e-10 -7.721249e-10 -7.600189e-10 -6.465571e-10 -4.755064e-10 -3.019509e-10 -1.653341e-10 -7.800077e-11 -3.169707e-11 -1.108957e-11 -3.334170e-12 -8.570570e-13 -1.860524e-13 -3.311932e-14 -4.453324e-15 -3.086267e-16 4.886560e-17 2.490047e-17 6.159204e-18 1.155029e-18 1.803301e-19 2.429352e-20 2.871786e-21 3.002546e-22 2.782526e-23 2.277990e-24 1.629291e-25 9.913333e-27 4.785662e-28 1.389190e-29 -3.947568e-31 -1.020885e-31 -1.002825e-32 -7.377485e-34 -4.544607e-35 -2.436327e-36 -1.154893e-37 -4.866024e-39 -1.817542e-40 -5.945436e-42 -1.652131e-43 -3.588691e-45 -4.179488e-47 1.089266e-48 9.866058e-50 4.389920e-51 1.482371e-52 2.261123e-54 5.868131e-57 2.389564e-60 2.011101e-64 4.508590e-69 3.253607e-74 8.673118e-80
