0.000000e+00 0.000000e+00 0.000000e+00 0.000000e+00 0.000000e+00 0.000000e+00 0.000000e+00 0.000000e+00 0.000000e+00 0.000000e+00 0.000000e+00 0.000000e+00 0.000000e+00 0.000000e+00 0.000000e+00 0.000000e+00 0.000000e+00 0.000000e+00 0.000000e+00 0.000000e+00 0.000000e+00 0.000000e+00 0.000000e+00 0.000000e+00 0.000000e+00 0.000000e+00 0.000000e+00 0.000000e+00 0.000000e+00 0.000000e+00 0.000000e+00 0.000000e+00 0.000000e+00 0.000000e+00 0.000000e+00 0.000000e+00 0.000000e+00 0.000000e+00 0.000000e+00 0.000000e+00 0.000000e+00 0.000000e+00 0.000000e+00 0.000000e+00 0.000000e+00 0.000000e+00 0.000000e+00 0.000000e+00 0.000000e+00 0.000000e+00 0.000000e+00 0.000000e+00 0.000000e+00 0.000000e+00 0.000000e+00 0.000000e+00 0.000000e+00 0.000000e+00 0.000000e+00 0.000000e+00 0.000000e+00 0.000000e+00 0.000000e+00 0.000000e+00 0.000000e+00 0.000000e+00 0.000000e+00 0.000000e+00 0.000000e+00 0.000000e+00 0.000000e+00 0.000000e+00 0.000000e+00 0.000000e+00 0.000000e+00 0.000000e+00 0.000000e+00 0.000000e+00 0.000000e+00 0.000000e+00 0.000000e+00 0.000000e+00 0.000000e+00 0.000000e+00 0.000000e+00 0.000000e+00 0.000000e+00 0.000000e+00 0.000000e+00 0.000000e+00 0.000000e+00 0.000000e+00 0.000000e+00 0.000000e+00 0.000000e+00 0.000000e+00 0.000000e+00 0.000000e+00 0.000000e+00 0.000000e+00 0.000000e+00 0.000000e+00 0.000000e+00 0.000000e+00 0.000000e+00 0.000000e+00 0.000000e+00 0.000000e+00 0.000000e+00 0.000000e+00 0.000000e+00 0.000000e+00 0.000000e+00 0.000000e+00 0.000000e+00 0.000000e+00
0.000000e+00 0.000000e+00 0.000000e+00 0.000000e+00 0.000000e+00 0.000000e+00 0.000000e+00 6.111223e-112 5.722772e-109 2.539477e-106 7.273137e-104 1.507276e-101 2.399542e-99 3.035902e-97 3.106852e-95 2.578576e-93 1.701916e-91 8.270798e-90 1.992319e-88 -1.212979e-86 -2.089449e-84 -1.774700e-82 -1.137894e-80 -6.040884e-79 -2.753054e-77 -1.096206e-75 -3.848980e-74 -1.196997e-72 -3.299925e-71 -8.043133e-70 -1.720669e-68 -3.182217e-67 -4.925141e-66 -5.864715e-65 -3.709573e-64 4.869639e-63 2.302491e-61 5.152984e-60 8.667074e-59 1.200078e-57 1.411563e-56 1.426755e-55 1.241325e-54 9.243689e-54 5.807717e-53 2.988276e-52 1.173874e-51 2.739619e-51 -3.887382e-51 -8.282831e-50 -5.157152e-49 -2.166020e-48 -6.838841e-48 -1.662072e-47 -3.087507e-47 -4.240743e-47 -3.934298e-47 -1.629635e-47 1.629635e-47 3.934298e-47 4.240743e-47 3.087507e-47 1.662072e-47 6.838841e-48 2.166020e-48 5.157152e-49 8.282831e-50 3.887382e-51 -2.739619e-51 -1.173874e-51 -2.988276e-52 -5.807717e-53 -9.243689e-54 -1.241325e-54 -1.426755e-55 -1.411563e-56 -1.200078e-57 -8.667074e-59 -5.152984e-60 -2.302491e-61 -4.869639e-63 3.709573e-64 5.864715e-65 4.925141e-66 3.182217e-67 1.720669e-68 8.043133e-70 3.299925e-71 1.196997e-72 3.848980e-74 1.096206e-75 2.753054e-77 6.040884e-79 1.137894e-80 1.774700e-82 2.089449e-84 1.212979e-86 -1.992319e-88 -8.270798e-90 -1.701916e-91 -2.578576e-93 -3.106852e-95 -3.035902e-97 -2.399542e-99 -1.507276e-101 -7.273137e-104 -2.539477e-106 -5.722772e-109 -6.111223e-112 0.000000e+00 0.000000e+00 0.000000e+00 0.000000e+00 0.000000e+00 0.000000e+00 0.000000e+00
0.000000e+00 0.000000e+00 0.000000e+00 0.000000e+00 0.000000e+00 0.000000e+00 1.261731e-108 2.317204e-105 1.072495e-102 3.130047e-100 6.612430e-98 1.073474e-95 1.385443e-93 1.446672e-91 1.225211e-89 8.248404e-88 4.079354e-86 9.810432e-85 -6.586816e-83 -1.134018e-80 -9.825976e-79 -6.449647e-77 -3.511007e-75 -1.642649e-73 -6.721214e-72 -2.427289e-70 -7.770823e-69 -2.207171e-67 -5.546791e-66 -1.224194e-64 -2.336074e-63 -3.726743e-62 -4.548856e-61 -2.819696e-60 4.658851e-59 2.145560e-57 4.951361e-56 8.669324e-55 1.255384e-53 1.549555e-52 1.648597e-51 1.514091e-50 1.193313e-49 7.950856e-49 4.337815e-48 1.791908e-47 4.115262e-47 -1.139974e-46 -1.947646e-45 -1.299508e-44 -6.071259e-44 -2.183310e-43 -6.194159e-43 -1.386740e-42 -2.413044e-42 -3.149994e-42 -2.820028e-42 -1.146707e-42 1.146707e-42 2.820028e-42 3.149994e-42 2.413044e-42 1.386740e-42 6.194159e-43 2.183310e-43 6.071259e-44 1.299508e-44 1.947646e-45 1.139974e-46 -4.115262e-47 -1.791908e-47 -4.337815e-48 -7.950856e-49 -1.193313e-49 -1.514091e-50 -1.648597e-51 -1.549555e-52 -1.255384e-53 -8.669324e-55 -4.951361e-56 -2.145560e-57 -4.658851e-59 2.819696e-60 4.548856e-61 3.726743e-62 2.336074e-63 1.224194e-64 5.546791e-66 2.207171e-67 7.770823e-69 2.427289e-70 6.721214e-72 1.642649e-73 3.511007e-75 6.449647e-77 9.825976e-79 1.134018e-80 6.586816e-83 -9.810432e-85 -4.079354e-86 -8.248404e-88 -1.225211e-89 -1.446672e-91 -1.385443e-93 -1.073474e-95 -6.612430e-98 -3.130047e-100 -1.072495e-102 -2.317204e-105 -1.261731e-108 0.000000e+00 0.000000e+00 0.000000e+00 0.000000e+00 0.000000e+00 0.000000e+00
0.000000e+00 0.000000e+00 0.000000e+00 0.000000e+00 0.000000e+00 1.882209e-106 1.829534e-102 1.658714e-99 5.047464e-97 1.086433e-94 1.797624e-92 2.365333e-90 2.518642e-88 2.175275e-86 1.492677e-84 7.505888e-83 1.796908e-81 -1.333274e-79 -2.293320e-77 -2.025433e-75 -1.359852e-73 -7.584080e-72 -3.639286e-70 -1.528711e-68 -5.672525e-67 -1.867449e-65 -5.458480e-64 -1.412600e-62 -3.211980e-61 -6.314734e-60 -1.036516e-58 -1.293534e-57 -7.767736e-57 1.620556e-55 7.302619e-54 1.734521e-52 3.154086e-51 4.764171e-50 6.153269e-49 6.868829e-48 6.635450e-47 5.512740e-46 3.877262e-45 2.230715e-44 9.617143e-44 2.113366e-43 -1.013139e-42 -1.553195e-41 -1.105097e-40 -5.671250e-40 -2.282286e-39 -7.379242e-39 -1.923980e-38 -4.014882e-38 -6.587500e-38 -8.204451e-38 -7.103915e-38 -2.838944e-38 2.838944e-38 7.103915e-38 8.204451e-38 6.587500e-38 4.014882e-38 1.923980e-38 7.379242e-39 2.282286e-39 5.671250e-40 1.105097e-40 1.553195e-41 1.013139e-42 -2.113366e-43 -9.617143e-44 -2.230715e-44 -3.877262e-45 -5.512740e-46 -6.635450e-47 -6.868829e-48 -6.153269e-49 -4.764171e-50 -3.154086e-51 -1.734521e-52 -7.302619e-54 -1.620556e-55 7.767736e-57 1.293534e-57 1.036516e-58 6.314734e-60 3.211980e-61 1.412600e-62 5.458480e-64 1.867449e-65 5.672525e-67 1.528711e-68 3.639286e-70 7.584080e-72 1.359852e-73 2.025433e-75 2.293320e-77 1.333274e-79 -1.796908e-81 -7.505888e-83 -1.492677e-84 -2.175275e-86 -2.518642e-88 -2.365333e-90 -1.797624e-92 -1.086433e-94 -5.047464e-97 -1.658714e-99 -1.829534e-102 -1.882209e-106 0.000000e+00 0.000000e+00 0.000000e+00 0.000000e+00 0.000000e+00
0.000000e+00 0.000000e+00 0.000000e+00 0.000000e+00 1.584021e-105 8.856028e-101 4.246794e-97 2.528281e-94 5.672048e-92 9.560457e-90 1.281843e-87 1.391086e-85 1.224451e-83 8.558257e-82 4.371603e-80 1.038516e-78 -8.536533e-77 -1.466488e-74 -1.319106e-72 -9.051335e-71 -5.167429e-69 -2.541019e-67 -1.094773e-65 -4.169944e-64 -1.410202e-62 -4.237209e-61 -1.127857e-59 -2.638707e-58 -5.336919e-57 -8.997850e-56 -1.145090e-54 -6.566449e-54 1.742965e-52 7.713681e-51 1.882517e-49 3.547604e-48 5.576155e-47 7.516222e-46 8.777769e-45 8.890345e-44 7.757694e-43 5.735610e-42 3.462431e-41 1.546441e-40 3.128810e-40 -2.495341e-39 -3.611908e-38 -2.727354e-37 -1.521962e-36 -6.761602e-36 -2.447984e-35 -7.260940e-35 -1.757757e-34 -3.437141e-34 -5.331520e-34 -6.342320e-34 -5.313381e-34 -2.087038e-34 2.087038e-34 5.313381e-34 6.342320e-34 5.331520e-34 3.437141e-34 1.757757e-34 7.260940e-35 2.447984e-35 6.761602e-36 1.521962e-36 2.727354e-37 3.611908e-38 2.495341e-39 -3.128810e-40 -1.546441e-40 -3.462431e-41 -5.735610e-42 -7.757694e-43 -8.890345e-44 -8.777769e-45 -7.516222e-46 -5.576155e-47 -3.547604e-48 -1.882517e-49 -7.713681e-51 -1.742965e-52 6.566449e-54 1.145090e-54 8.997850e-56 5.336919e-57 2.638707e-58 1.127857e-59 4.237209e-61 1.410202e-62 4.169944e-64 1.094773e-65 2.541019e-67 5.167429e-69 9.051335e-71 1.319106e-72 1.466488e-74 8.536533e-77 -1.038516e-78 -4.371603e-80 -8.558257e-82 -1.224451e-83 -1.391086e-85 -1.281843e-87 -9.560457e-90 -5.672048e-92 -2.528281e-94 -4.246794e-97 -8.856028e-101 -1.584021e-105 0.000000e+00 0.000000e+00 0.000000e+00 0.000000e+00
0.000000e+00 0.000000e+00 0.000000e+00 7.903388e-106 1.940150e-100 5.350788e-96 1.683761e-92 7.380670e-90 1.296102e-87 1.769839e-85 1.956413e-83 1.754008e-81 1.247894e-79 6.469424e-78 1.519853e-76 -1.387720e-74 -2.380374e-72 -2.179049e-70 -1.526947e-68 -8.916428e-67 -4.489358e-65 -1.982117e-63 -7.742683e-62 -2.687188e-60 -8.291255e-59 -2.267436e-57 -5.451610e-56 -1.132780e-54 -1.958391e-53 -2.534900e-52 -1.362886e-51 4.660844e-50 2.032198e-48 5.088077e-47 9.917504e-46 1.618606e-44 2.271492e-43 2.767939e-42 2.930658e-41 2.677114e-40 2.072814e-39 1.306865e-38 6.002503e-38 1.054555e-37 -1.414144e-36 -1.986021e-35 -1.584578e-34 -9.535687e-34 -4.626501e-33 -1.850226e-32 -6.136242e-32 -1.684545e-31 -3.801595e-31 -6.973441e-31 -1.021877e-30 -1.159146e-30 -9.378797e-31 -3.616510e-31 3.616510e-31 9.378797e-31 1.159146e-30 1.021877e-30 6.973441e-31 3.801595e-31 1.684545e-31 6.136242e-32 1.850226e-32 4.626501e-33 9.535687e-34 1.584578e-34 1.986021e-35 1.414144e-36 -1.054555e-37 -6.002503e-38 -1.306865e-38 -2.072814e-39 -2.677114e-40 -2.930658e-41 -2.767939e-42 -2.271492e-43 -1.618606e-44 -9.917504e-46 -5.088077e-47 -2.032198e-48 -4.660844e-50 1.362886e-51 2.534900e-52 1.958391e-53 1.132780e-54 5.451610e-56 2.267436e-57 8.291255e-59 2.687188e-60 7.742683e-62 1.982117e-63 4.489358e-65 8.916428e-67 1.526947e-68 2.179049e-70 2.380374e-72 1.387720e-74 -1.519853e-76 -6.469424e-78 -1.247894e-79 -1.754008e-81 -1.956413e-83 -1.769839e-85 -1.296102e-87 -7.380670e-90 -1.683761e-92 -5.350788e-96 -1.940150e-100 -7.903388e-106 0.000000e+00 0.000000e+00 0.000000e+00
0.000000e+00 0.000000e+00 2.281813e-107 1.912594e-101 2.316120e-96 4.191340e-92 9.704584e-89 3.325366e-86 4.728694e-84 5.321906e-82 4.857340e-80 3.515598e-78 1.848412e-76 4.281120e-75 -4.348639e-73 -7.449890e-71 -6.936459e-69 -4.960587e-67 -2.960753e-65 -1.525234e-63 -6.895624e-62 -2.760171e-60 -9.822463e-59 -3.109309e-57 -8.727449e-56 -2.154075e-54 -4.592823e-53 -8.130371e-52 -1.067868e-50 -5.264641e-50 2.355951e-48 1.015578e-46 2.605651e-45 5.244478e-44 8.870758e-43 1.293382e-41 1.640697e-40 1.811328e-39 1.727183e-38 1.395870e-37 9.153969e-37 4.293596e-36 5.938986e-36 -1.426848e-34 -1.977790e-33 -1.661386e-32 -1.070923e-31 -5.625225e-31 -2.458502e-30 -8.996873e-30 -2.754447e-29 -7.018384e-29 -1.475883e-28 -2.532370e-28 -3.489155e-28 -3.752221e-28 -2.916006e-28 -1.100022e-28 1.100022e-28 2.916006e-28 3.752221e-28 3.489155e-28 2.532370e-28 1.475883e-28 7.018384e-29 2.754447e-29 8.996873e-30 2.458502e-30 5.625225e-31 1.070923e-31 1.661386e-32 1.977790e-33 1.426848e-34 -5.938986e-36 -4.293596e-36 -9.153969e-37 -1.395870e-37 -1.727183e-38 -1.811328e-39 -1.640697e-40 -1.293382e-41 -8.870758e-43 -5.244478e-44 -2.605651e-45 -1.015578e-46 -2.355951e-48 5.264641e-50 1.067868e-50 8.130371e-52 4.592823e-53 2.154075e-54 8.727449e-56 3.109309e-57 9.822463e-59 2.760171e-60 6.895624e-62 1.525234e-63 2.960753e-65 4.960587e-67 6.936459e-69 7.449890e-71 4.348639e-73 -4.281120e-75 -1.848412e-76 -3.515598e-78 -4.857340e-80 -5.321906e-82 -4.728694e-84 -3.325366e-86 -9.704584e-89 -4.191340e-92 -2.316120e-96 -1.912594e-101 -2.281813e-107 0.000000e+00 0.000000e+00
0.000000e+00 3.854104e-110 9.116600e-104 3.770653e-98 2.997009e-93 3.991405e-89 7.221269e-86 2.001389e-83 2.345069e-81 2.178778e-79 1.604265e-77 8.557152e-76 1.957526e-74 -2.191819e-72 -3.762420e-70 -3.564302e-68 -2.601237e-66 -1.586564e-64 -8.359971e-63 -3.868868e-61 -1.586280e-59 -5.785799e-58 -1.878197e-56 -5.408593e-55 -1.369812e-53 -2.995901e-52 -5.429581e-51 -7.238766e-50 -3.242127e-49 1.879745e-47 8.078700e-46 2.125643e-44 4.416014e-43 7.734415e-42 1.170290e-40 1.543370e-39 1.773981e-38 1.762888e-37 1.484584e-36 1.010928e-35 4.831357e-35 4.572857e-35 -2.165407e-33 -3.015589e-32 -2.665205e-31 -1.832639e-30 -1.035939e-29 -4.910104e-29 -1.963851e-28 -6.625869e-28 -1.877496e-27 -4.435610e-27 -8.654225e-27 -1.378427e-26 -1.766281e-26 -1.776606e-26 -1.308386e-26 -4.786136e-27 4.786136e-27 1.308386e-26 1.776606e-26 1.766281e-26 1.378427e-26 8.654225e-27 4.435610e-27 1.877496e-27 6.625869e-28 1.963851e-28 4.910104e-29 1.035939e-29 1.832639e-30 2.665205e-31 3.015589e-32 2.165407e-33 -4.572857e-35 -4.831357e-35 -1.010928e-35 -1.484584e-36 -1.762888e-37 -1.773981e-38 -1.543370e-39 -1.170290e-40 -7.734415e-42 -4.416014e-43 -2.125643e-44 -8.078700e-46 -1.879745e-47 3.242127e-49 7.238766e-50 5.429581e-51 2.995901e-52 1.369812e-53 5.408593e-55 1.878197e-56 5.785799e-58 1.586280e-59 3.868868e-61 8.359971e-63 1.586564e-64 2.601237e-66 3.564302e-68 3.762420e-70 2.191819e-72 -1.957526e-74 -8.557152e-76 -1.604265e-77 -2.178778e-79 -2.345069e-81 -2.001389e-83 -7.221269e-86 -3.991405e-89 -2.997009e-93 -3.770653e-98 -9.116600e-104 -3.854104e-110 0.000000e+00
7.579832e-114 4.389958e-107 5.129594e-101 1.394083e-95 8.164162e-91 8.505554e-87 1.245324e-83 2.843401e-81 2.752884e-79 2.065945e-77 1.122139e-75 2.584961e-74 -3.051208e-72 -5.312394e-70 -5.136853e-68 -3.832259e-66 -2.391488e-64 -1.290218e-62 -6.117568e-61 -2.571540e-59 -9.622198e-58 -3.206458e-56 -9.484330e-55 -2.468616e-53 -5.550506e-52 -1.033825e-50 -1.412043e-49 -6.145668e-49 4.070723e-47 1.784559e-45 4.844838e-44 1.041977e-42 1.893204e-41 2.976894e-40 4.086454e-39 4.896686e-38 5.079850e-37 4.469756e-36 3.177576e-35 1.570818e-34 1.101549e-34 -8.605079e-33 -1.242179e-31 -1.162878e-30 -8.540499e-30 -5.188907e-29 -2.659380e-28 -1.157328e-27 -4.276964e-27 -1.336875e-26 -3.509956e-26 -7.668021e-26 -1.377945e-25 -2.009797e-25 -2.343047e-25 -2.136935e-25 -1.439340e-25 -4.975328e-26 4.975328e-26 1.439340e-25 2.136935e-25 2.343047e-25 2.009797e-25 1.377945e-25 7.668021e-26 3.509956e-26 1.336875e-26 4.276964e-27 1.157328e-27 2.659380e-28 5.188907e-29 8.540499e-30 1.162878e-30 1.242179e-31 8.605079e-33 -1.101549e-34 -1.570818e-34 -3.177576e-35 -4.469756e-36 -5.079850e-37 -4.896686e-38 -4.086454e-39 -2.976894e-40 -1.893204e-41 -1.041977e-42 -4.844838e-44 -1.784559e-45 -4.070723e-47 6.145668e-49 1.412043e-49 1.033825e-50 5.550506e-52 2.468616e-53 9.484330e-55 3.206458e-56 9.622198e-58 2.571540e-59 6.117568e-61 1.290218e-62 2.391488e-64 3.832259e-66 5.136853e-68 5.312394e-70 3.051208e-72 -2.584961e-74 -1.122139e-75 -2.065945e-77 -2.752884e-79 -2.843401e-81 -1.245324e-83 -8.505554e-87 -8.164162e-91 -1.394083e-95 -5.129594e-101 -4.389958e-107 -7.579832e-114
6.937033e-111 1.986227e-104 1.526260e-98 3.058869e-93 1.402608e-88 1.183627e-84 1.428138e-81 2.692896e-79 2.107528e-77 1.168479e-75 2.747767e-74 -3.317026e-72 -5.902105e-70 -5.836381e-68 -4.455210e-66 -2.846342e-64 -1.573021e-62 -7.644706e-61 -3.295759e-59 -1.265608e-57 -4.331208e-56 -1.316613e-54 -3.524482e-53 -8.156343e-52 -1.564783e-50 -2.202547e-49 -9.836719e-49 6.796743e-47 3.078047e-45 8.650560e-44 1.928677e-42 3.637757e-41 5.946392e-40 8.498434e-39 1.061874e-37 1.150508e-36 1.058871e-35 7.881300e-35 4.070487e-34 2.523030e-34 -2.566802e-32 -3.896764e-31 -3.873059e-30 -3.035717e-29 -1.977713e-28 -1.092167e-27 -5.147962e-27 -2.071971e-26 -7.094478e-26 -2.052222e-25 -4.965353e-25 -9.915500e-25 -1.606151e-24 -2.063093e-24 -2.038992e-24 -1.488368e-24 -7.547241e-25 -2.026166e-25 2.026166e-25 7.547241e-25 1.488368e-24 2.038992e-24 2.063093e-24 1.606151e-24 9.915500e-25 4.965353e-25 2.052222e-25 7.094478e-26 2.071971e-26 5.147962e-27 1.092167e-27 1.977713e-28 3.035717e-29 3.873059e-30 3.896764e-31 2.566802e-32 -2.523030e-34 -4.070487e-34 -7.881300e-35 -1.058871e-35 -1.150508e-36 -1.061874e-37 -8.498434e-39 -5.946392e-40 -3.637757e-41 -1.928677e-42 -8.650560e-44 -3.078047e-45 -6.796743e-47 9.836719e-49 2.202547e-49 1.564783e-50 8.156343e-52 3.524482e-53 1.316613e-54 4.331208e-56 1.265608e-57 3.295759e-59 7.644706e-61 1.573021e-62 2.846342e-64 4.455210e-66 5.836381e-68 5.902105e-70 3.317026e-72 -2.747767e-74 -1.168479e-75 -2.107528e-77 -2.692896e-79 -1.428138e-81 -1.183627e-84 -1.402608e-88 -3.058869e-93 -1.526260e-98 -1.986227e-104 -6.937033e-111
3.081255e-108 5.802574e-102 3.288662e-96 5.161712e-91 1.917657e-86 1.333945e-82 1.328636e-79 2.021787e-77 1.168473e-75 2.805026e-74 -3.458223e-72 -6.287147e-70 -6.355333e-68 -4.961639e-66 -3.243622e-64 -1.835262e-62 -9.136707e-61 -4.037444e-59 -1.590162e-57 -5.585010e-56 -1.743576e-54 -4.796826e-53 -1.141690e-51 -2.254339e-50 -3.267832e-49 -1.498947e-48 1.076026e-46 5.030653e-45 1.462053e-43 3.375222e-42 6.600104e-41 1.119998e-39 1.663984e-38 2.164493e-37 2.445034e-36 2.349404e-35 1.827429e-34 9.845549e-34 5.330194e-34 -7.073909e-32 -1.127362e-30 -1.185809e-29 -9.880828e-29 -6.871620e-28 -4.068030e-27 -2.064739e-26 -8.990545e-26 -3.346453e-25 -1.057186e-24 -2.803664e-24 -6.142740e-24 -1.085315e-23 -1.484670e-23 -1.444728e-23 -7.551403e-24 2.478554e-24 7.920399e-24 4.210052e-24 -4.210052e-24 -7.920399e-24 -2.478554e-24 7.551403e-24 1.444728e-23 1.484670e-23 1.085315e-23 6.142740e-24 2.803664e-24 1.057186e-24 3.346453e-25 8.990545e-26 2.064739e-26 4.068030e-27 6.871620e-28 9.880828e-29 1.185809e-29 1.127362e-30 7.073909e-32 -5.330194e-34 -9.845549e-34 -1.827429e-34 -2.349404e-35 -2.445034e-36 -2.164493e-37 -1.663984e-38 -1.119998e-39 -6.600104e-41 -3.375222e-42 -1.462053e-43 -5.030653e-45 -1.076026e-46 1.498947e-48 3.267832e-49 2.254339e-50 1.141690e-51 4.796826e-53 1.743576e-54 5.585010e-56 1.590162e-57 4.037444e-59 9.136707e-61 1.835262e-62 3.243622e-64 4.961639e-66 6.355333e-68 6.287147e-70 3.458223e-72 -2.805026e-74 -1.168473e-75 -2.021787e-77 -1.328636e-79 -1.333945e-82 -1.917657e-86 -5.161712e-91 -3.288662e-96 -5.802574e-102 -3.081255e-108
8.833486e-106 1.227108e-99 5.447531e-94 6.929173e-89 2.122761e-84 1.219507e-80 9.800795e-78 1.099020e-75 2.747726e-74 -3.458223e-72 -6.420957e-70 -6.631737e-68 -5.292514e-66 -3.538580e-64 -2.048720e-62 -1.044225e-60 -4.726889e-59 -1.908231e-57 -6.873889e-56 -2.202364e-54 -6.222492e-53 -1.522031e-51 -3.090740e-50 -4.610235e-49 -2.171100e-48 1.616259e-46 7.793693e-45 2.339855e-43 5.586623e-42 1.131180e-40 1.990054e-39 3.069173e-38 4.149866e-37 4.879344e-36 4.886488e-35 3.964854e-34 2.224781e-33 1.031180e-33 -1.806170e-31 -3.015882e-30 -3.347202e-29 -2.954740e-28 -2.184883e-27 -1.380412e-26 -7.506413e-26 -3.516029e-25 -1.413582e-24 -4.841670e-24 -1.395833e-23 -3.323104e-23 -6.322583e-23 -8.980539e-23 -7.689378e-23 1.551193e-23 1.809753e-22 3.292319e-22 3.317858e-22 1.406952e-22 -1.406952e-22 -3.317858e-22 -3.292319e-22 -1.809753e-22 -1.551193e-23 7.689378e-23 8.980539e-23 6.322583e-23 3.323104e-23 1.395833e-23 4.841670e-24 1.413582e-24 3.516029e-25 7.506413e-26 1.380412e-26 2.184883e-27 2.954740e-28 3.347202e-29 3.015882e-30 1.806170e-31 -1.031180e-33 -2.224781e-33 -3.964854e-34 -4.886488e-35 -4.879344e-36 -4.149866e-37 -3.069173e-38 -1.990054e-39 -1.131180e-40 -5.586623e-42 -2.339855e-43 -7.793693e-45 -1.616259e-46 2.171100e-48 4.610235e-49 3.090740e-50 1.522031e-51 6.222492e-53 2.202364e-54 6.873889e-56 1.908231e-57 4.726889e-59 1.044225e-60 2.048720e-62 3.538580e-64 5.292514e-66 6.631737e-68 6.420957e-70 3.458223e-72 -2.747726e-74 -1.099020e-75 -9.800795e-78 -1.219507e-80 -2.122761e-84 -6.929173e-89 -5.447531e-94 -1.227108e-99 -8.833486e-106
1.832507e-103 1.994289e-97 7.176526e-92 7.529984e-87 1.906308e-82 8.846264e-79 5.245302e-76 2.541679e-74 -3.317048e-72 -6.287147e-70 -6.631737e-68 -5.407602e-66 -3.695894e-64 -2.188441e-62 -1.141384e-60 -5.289714e-59 -2.187516e-57 -8.076848e-56 -2.654085e-54 -7.695821e-53 -1.933158e-51 -4.034125e-50 -6.187285e-49 -2.990400e-48 2.304661e-46 1.145244e-44 3.548270e-43 8.752437e-42 1.832912e-40 3.338889e-39 5.338336e-38 7.492161e-37 9.155340e-36 9.540604e-35 8.061905e-34 4.704659e-33 1.819760e-33 -4.283713e-31 -7.480818e-30 -8.737326e-29 -8.145716e-28 -6.382066e-27 -4.286407e-26 -2.486298e-25 -1.246641e-24 -5.383967e-24 -1.987193e-23 -6.185982e-23 -1.588178e-22 -3.223037e-22 -4.655088e-22 -2.870709e-22 7.158854e-22 2.871245e-21 5.673357e-21 7.536238e-21 6.673532e-21 2.686692e-21 -2.686692e-21 -6.673532e-21 -7.536238e-21 -5.673357e-21 -2.871245e-21 -7.158854e-22 2.870709e-22 4.655088e-22 3.223037e-22 1.588178e-22 6.185982e-23 1.987193e-23 5.383967e-24 1.246641e-24 2.486298e-25 4.286407e-26 6.382066e-27 8.145716e-28 8.737326e-29 7.480818e-30 4.283713e-31 -1.819760e-33 -4.704659e-33 -8.061905e-34 -9.540604e-35 -9.155340e-36 -7.492161e-37 -5.338336e-38 -3.338889e-39 -1.832912e-40 -8.752437e-42 -3.548270e-43 -1.145244e-44 -2.304661e-46 2.990400e-48 6.187285e-49 4.034125e-50 1.933158e-51 7.695821e-53 2.654085e-54 8.076848e-56 2.187516e-57 5.289714e-59 1.141384e-60 2.188441e-62 3.695894e-64 5.407602e-66 6.631737e-68 6.287147e-70 3.317048e-72 -2.541679e-74 -5.245302e-76 -8.846264e-79 -1.906308e-82 -7.529984e-87 -7.176526e-92 -1.994289e-97 -1.832507e-103
2.920421e-101 2.576888e-95 7.651902e-90 6.638796e-85 1.359311e-80 4.670222e-77 1.219711e-74 -2.975393e-72 -5.902109e-70 -6.355333e-68 -5.292514e-66 -3.695894e-64 -2.237086e-62 -1.193276e-60 -5.658827e-59 -2.395873e-57 -9.061851e-56 -3.052158e-54 -9.076741e-53 -2.339915e-51 -5.014385e-50 -7.902187e-49 -3.918366e-48 3.121170e-46 1.597047e-44 5.101560e-43 1.298756e-41 2.809957e-40 5.294008e-39 8.763931e-38 1.275017e-36 1.617015e-35 1.750809e-34 1.538413e-33 9.324310e-33 2.908217e-33 -9.458543e-31 -1.724666e-29 -2.114732e-28 -2.076416e-27 -1.718371e-26 -1.222628e-25 -7.535582e-25 -4.027340e-24 -1.859606e-23 -7.358168e-23 -2.459338e-22 -6.767521e-22 -1.454230e-21 -2.096523e-21 -4.675783e-22 8.151315e-21 2.962354e-20 6.521542e-20 1.043406e-19 1.244395e-19 1.039283e-19 4.075012e-20 -4.075012e-20 -1.039283e-19 -1.244395e-19 -1.043406e-19 -6.521542e-20 -2.962354e-20 -8.151315e-21 4.675783e-22 2.096523e-21 1.454230e-21 6.767521e-22 2.459338e-22 7.358168e-23 1.859606e-23 4.027340e-24 7.535582e-25 1.222628e-25 1.718371e-26 2.076416e-27 2.114732e-28 1.724666e-29 9.458543e-31 -2.908217e-33 -9.324310e-33 -1.538413e-33 -1.750809e-34 -1.617015e-35 -1.275017e-36 -8.763931e-38 -5.294008e-39 -2.809957e-40 -1.298756e-41 -5.101560e-43 -1.597047e-44 -3.121170e-46 3.918366e-48 7.902187e-49 5.014385e-50 2.339915e-51 9.076741e-53 3.052158e-54 9.061851e-56 2.395873e-57 5.658827e-59 1.193276e-60 2.237086e-62 3.695894e-64 5.292514e-66 6.355333e-68 5.902109e-70 2.975393e-72 -1.219711e-74 -4.670222e-77 -1.359311e-80 -6.638796e-85 -7.651902e-90 -2.576888e-95 -2.920421e-101
3.699167e-99 2.694296e-93 6.619254e-88 4.650412e-83 7.075832e-79 1.102622e-75 -1.318342e-72 -5.191876e-70 -5.836375e-68 -4.961639e-66 -3.538580e-64 -2.188441e-62 -1.193276e-60 -5.787459e-59 -2.507321e-57 -9.709140e-56 -3.349901e-54 -1.021103e-52 -2.699710e-51 -5.937161e-50 -9.607117e-49 -4.885954e-48 4.016210e-46 2.114452e-44 6.957729e-43 1.826383e-41 4.078335e-40 7.938210e-39 1.359086e-37 2.047138e-36 2.690980e-35 3.023175e-34 2.758427e-33 1.734321e-32 4.151563e-33 -1.948147e-30 -3.703286e-29 -4.756798e-28 -4.906787e-27 -4.277197e-26 -3.213961e-25 -2.097709e-24 -1.190500e-23 -5.853106e-23 -2.471740e-22 -8.827734e-22 -2.590534e-21 -5.860601e-21 -8.288097e-21 3.060977e-21 6.337329e-20 2.334579e-19 5.702956e-19 1.055346e-18 1.527477e-18 1.711241e-18 1.376524e-18 5.302282e-19 -5.302282e-19 -1.376524e-18 -1.711241e-18 -1.527477e-18 -1.055346e-18 -5.702956e-19 -2.334579e-19 -6.337329e-20 -3.060977e-21 8.288097e-21 5.860601e-21 2.590534e-21 8.827734e-22 2.471740e-22 5.853106e-23 1.190500e-23 2.097709e-24 3.213961e-25 4.277197e-26 4.906787e-27 4.756798e-28 3.703286e-29 1.948147e-30 -4.151563e-33 -1.734321e-32 -2.758427e-33 -3.023175e-34 -2.690980e-35 -2.047138e-36 -1.359086e-37 -7.938210e-39 -4.078335e-40 -1.826383e-41 -6.957729e-43 -2.114452e-44 -4.016210e-46 4.885954e-48 9.607117e-49 5.937161e-50 2.699710e-51 1.021103e-52 3.349901e-54 9.709140e-56 2.507321e-57 5.787459e-59 1.193276e-60 2.188441e-62 3.538580e-64 4.961639e-66 5.836375e-68 5.191876e-70 1.318342e-72 -1.102622e-75 -7.075832e-79 -4.650412e-83 -6.619254e-88 -2.694296e-93 -3.699167e-99
3.790464e-97 2.285400e-91 4.551919e-86 2.384865e-81 1.693036e-77 -1.072663e-73 -2.285208e-70 -5.023679e-68 -4.455200e-66 -3.243622e-64 -2.048720e-62 -1.141384e-60 -5.658827e-59 -2.507321e-57 -9.934939e-56 -3.509405e-54 -1.095798e-52 -2.969540e-51 -6.697594e-50 -1.112088e-48 -5.799323e-48 4.911872e-46 2.658892e-44 9.005243e-43 2.435184e-41 5.606973e-40 1.126375e-38 1.992277e-37 3.103389e-36 4.223175e-35 4.916635e-34 4.652296e-33 3.030904e-32 5.147023e-33 -3.749331e-30 -7.419694e-29 -9.963951e-28 -1.077346e-26 -9.867028e-26 -7.808544e-25 -5.380684e-24 -3.231916e-23 -1.685772e-22 -7.568121e-22 -2.876340e-21 -8.963354e-21 -2.125198e-20 -2.898121e-20 3.546173e-20 3.888253e-19 1.498542e-18 4.031178e-18 8.427744e-18 1.414573e-17 1.915823e-17 2.051327e-17 1.603728e-17 6.092677e-18 -6.092677e-18 -1.603728e-17 -2.051327e-17 -1.915823e-17 -1.414573e-17 -8.427744e-18 -4.031178e-18 -1.498542e-18 -3.888253e-19 -3.546173e-20 2.898121e-20 2.125198e-20 8.963354e-21 2.876340e-21 7.568121e-22 1.685772e-22 3.231916e-23 5.380684e-24 7.808544e-25 9.867028e-26 1.077346e-26 9.963951e-28 7.419694e-29 3.749331e-30 -5.147023e-33 -3.030904e-32 -4.652296e-33 -4.916635e-34 -4.223175e-35 -3.103389e-36 -1.992277e-37 -1.126375e-38 -5.606973e-40 -2.435184e-41 -9.005243e-43 -2.658892e-44 -4.911872e-46 5.799323e-48 1.112088e-48 6.697594e-50 2.969540e-51 1.095798e-52 3.509405e-54 9.934939e-56 2.507321e-57 5.658827e-59 1.141384e-60 2.048720e-62 3.243622e-64 4.455200e-66 5.023679e-68 2.285208e-70 1.072663e-73 -1.693036e-77 -2.384865e-81 -4.551919e-86 -2.285400e-91 -3.790464e-97
3.150731e-95 1.541809e-89 2.297683e-84 5.763047e-80 -1.480412e-75 -1.860994e-71 -2.171184e-68 -3.749370e-66 -2.846332e-64 -1.835262e-62 -1.044225e-60 -5.289714e-59 -2.395873e-57 -9.709140e-56 -3.509405e-54 -1.121882e-52 -3.114323e-51 -7.199437e-50 -1.225919e-48 -6.553562e-48 5.711131e-46 3.176565e-44 1.106467e-42 3.079799e-41 7.305265e-40 1.513187e-38 2.762254e-37 4.445008e-36 6.254961e-35 7.537303e-34 7.387446e-33 4.981816e-32 5.170650e-33 -6.752482e-30 -1.389280e-28 -1.947013e-27 -2.202121e-26 -2.114239e-25 -1.757752e-24 -1.275278e-23 -8.083101e-23 -4.458662e-22 -2.120677e-21 -8.546186e-21 -2.817928e-20 -6.976854e-20 -9.014314e-20 2.191636e-19 1.990377e-18 8.111605e-18 2.385156e-17 5.545720e-17 1.052087e-16 1.645956e-16 2.116647e-16 2.184182e-16 1.667321e-16 6.260387e-17 -6.260387e-17 -1.667321e-16 -2.184182e-16 -2.116647e-16 -1.645956e-16 -1.052087e-16 -5.545720e-17 -2.385156e-17 -8.111605e-18 -1.990377e-18 -2.191636e-19 9.014314e-20 6.976854e-20 2.817928e-20 8.546186e-21 2.120677e-21 4.458662e-22 8.083101e-23 1.275278e-23 1.757752e-24 2.114239e-25 2.202121e-26 1.947013e-27 1.389280e-28 6.752482e-30 -5.170650e-33 -4.981816e-32 -7.387446e-33 -7.537303e-34 -6.254961e-35 -4.445008e-36 -2.762254e-37 -1.513187e-38 -7.305265e-40 -3.079799e-41 -1.106467e-42 -3.176565e-44 -5.711131e-46 6.553562e-48 1.225919e-48 7.199437e-50 3.114323e-51 1.121882e-52 3.509405e-54 9.709140e-56 2.395873e-57 5.289714e-59 1.044225e-60 1.835262e-62 2.846332e-64 3.749370e-66 2.171184e-68 1.860994e-71 1.480412e-75 -5.763047e-80 -2.297683e-84 -1.541809e-89 -3.150731e-95
2.083789e-93 7.653417e-88 5.588907e-83 -4.540926e-78 -2.573646e-73 -1.739102e-69 -1.587371e-66 -2.340525e-64 -1.573014e-62 -9.136707e-61 -4.726889e-59 -2.187516e-57 -9.061851e-56 -3.349901e-54 -1.095798e-52 -3.114323e-51 -7.374870e-50 -1.287095e-48 -7.052002e-48 6.314310e-46 3.606366e-44 1.290973e-42 3.695765e-41 9.023377e-40 1.925484e-38 3.624137e-37 6.018682e-36 8.748718e-35 1.089983e-33 1.105329e-32 7.708316e-32 3.227122e-33 -1.139483e-29 -2.434434e-28 -3.554599e-27 -4.197561e-26 -4.215938e-25 -3.673985e-24 -2.799614e-23 -1.867524e-22 -1.086265e-21 -5.457122e-21 -2.324538e-20 -8.084965e-20 -2.084245e-19 -2.503765e-19 1.033653e-18 8.754045e-18 3.785086e-17 1.208552e-16 3.089549e-16 6.514565e-16 1.147480e-15 1.694366e-15 2.084218e-15 2.081952e-15 1.555741e-15 5.779991e-16 -5.779991e-16 -1.555741e-15 -2.081952e-15 -2.084218e-15 -1.694366e-15 -1.147480e-15 -6.514565e-16 -3.089549e-16 -1.208552e-16 -3.785086e-17 -8.754045e-18 -1.033653e-18 2.503765e-19 2.084245e-19 8.084965e-20 2.324538e-20 5.457122e-21 1.086265e-21 1.867524e-22 2.799614e-23 3.673985e-24 4.215938e-25 4.197561e-26 3.554599e-27 2.434434e-28 1.139483e-29 -3.227122e-33 -7.708316e-32 -1.105329e-32 -1.089983e-33 -8.748718e-35 -6.018682e-36 -3.624137e-37 -1.925484e-38 -9.023377e-40 -3.695765e-41 -1.290973e-42 -3.606366e-44 -6.314310e-46 7.052002e-48 1.287095e-48 7.374870e-50 3.114323e-51 1.095798e-52 3.349901e-54 9.061851e-56 2.187516e-57 4.726889e-59 9.136707e-61 1.573014e-62 2.340525e-64 1.587371e-66 1.739102e-69 2.573646e-73 4.540926e-78 -5.588907e-83 -7.653417e-88 -2.083789e-93
1.016276e-91 1.868163e-86 -3.978837e-81 -7.909731e-76 -2.364881e-71 -1.246497e-67 -9.695566e-65 -1.263092e-62 -7.644665e-61 -4.037444e-59 -1.908231e-57 -8.076848e-56 -3.052158e-54 -1.021103e-52 -2.969540e-51 -7.199437e-50 -1.287095e-48 -7.226366e-48 6.639171e-46 3.891424e-44 1.430607e-42 4.209070e-41 1.056957e-39 2.321545e-38 4.501417e-37 7.707727e-36 1.156196e-34 1.487796e-33 1.559397e-32 1.123615e-31 -1.728048e-33 -1.803707e-29 -3.996946e-28 -6.071184e-27 -7.472520e-26 -7.836634e-25 -7.143664e-24 -5.704655e-23 -3.995303e-22 -2.444250e-21 -1.293450e-20 -5.807436e-20 -2.124930e-19 -5.690514e-19 -6.223735e-19 4.061037e-18 3.369262e-17 1.546042e-16 5.329558e-16 1.484824e-15 3.438418e-15 6.706090e-15 1.108579e-14 1.554769e-14 1.836417e-14 1.779869e-14 1.303635e-14 4.795212e-15 -4.795212e-15 -1.303635e-14 -1.779869e-14 -1.836417e-14 -1.554769e-14 -1.108579e-14 -6.706090e-15 -3.438418e-15 -1.484824e-15 -5.329558e-16 -1.546042e-16 -3.369262e-17 -4.061037e-18 6.223735e-19 5.690514e-19 2.124930e-19 5.807436e-20 1.293450e-20 2.444250e-21 3.995303e-22 5.704655e-23 7.143664e-24 7.836634e-25 7.472520e-26 6.071184e-27 3.996946e-28 1.803707e-29 1.728048e-33 -1.123615e-31 -1.559397e-32 -1.487796e-33 -1.156196e-34 -7.707727e-36 -4.501417e-37 -2.321545e-38 -1.056957e-39 -4.209070e-41 -1.430607e-42 -3.891424e-44 -6.639171e-46 7.226366e-48 1.287095e-48 7.199437e-50 2.969540e-51 1.021103e-52 3.052158e-54 8.076848e-56 1.908231e-57 4.037444e-59 7.644665e-61 1.263092e-62 9.695566e-65 1.246497e-67 2.364881e-71 7.909731e-76 3.978837e-81 -1.868163e-86 -1.016276e-91
2.482426e-90 -1.204477e-84 -6.942227e-79 -7.141737e-74 -1.660951e-69 -7.452974e-66 -5.115342e-63 -5.990623e-61 -3.295738e-59 -1.590162e-57 -6.873889e-56 -2.654085e-54 -9.076741e-53 -2.699710e-51 -6.697594e-50 -1.225919e-48 -7.052002e-48 6.639171e-46 3.991322e-44 1.505938e-42 4.550349e-41 1.174347e-39 2.652900e-38 5.294650e-37 9.339241e-36 1.444364e-34 1.917816e-33 2.075583e-32 1.543976e-31 -1.039935e-32 -2.680695e-29 -6.154969e-28 -9.712110e-27 -1.243967e-25 -1.359834e-24 -1.294231e-23 -1.080908e-22 -7.930796e-22 -5.091320e-21 -2.831068e-20 -1.336490e-19 -5.132463e-19 -1.425196e-18 -1.384951e-18 1.379641e-17 1.149217e-16 5.590569e-16 2.070294e-15 6.241597e-15 1.572999e-14 3.356996e-14 6.111591e-14 9.530441e-14 1.273247e-13 1.446383e-13 1.361263e-13 9.776149e-14 3.560703e-14 -3.560703e-14 -9.776149e-14 -1.361263e-13 -1.446383e-13 -1.273247e-13 -9.530441e-14 -6.111591e-14 -3.356996e-14 -1.572999e-14 -6.241597e-15 -2.070294e-15 -5.590569e-16 -1.149217e-16 -1.379641e-17 1.384951e-18 1.425196e-18 5.132463e-19 1.336490e-19 2.831068e-20 5.091320e-21 7.930796e-22 1.080908e-22 1.294231e-23 1.359834e-24 1.243967e-25 9.712110e-27 6.154969e-28 2.680695e-29 1.039935e-32 -1.543976e-31 -2.075583e-32 -1.917816e-33 -1.444364e-34 -9.339241e-36 -5.294650e-37 -2.652900e-38 -1.174347e-39 -4.550349e-41 -1.505938e-42 -3.991322e-44 -6.639171e-46 7.052002e-48 1.225919e-48 6.697594e-50 2.699710e-51 9.076741e-53 2.654085e-54 6.873889e-56 1.590162e-57 3.295738e-59 5.990623e-61 5.115342e-63 7.452974e-66 1.660951e-69 7.141737e-74 6.942227e-79 1.204477e-84 -2.482426e-90
-1.452428e-88 -2.104346e-82 -6.154433e-77 -4.911567e-72 -9.716398e-68 -3.845510e-64 -2.370211e-61 -2.518882e-59 -1.265598e-57 -5.585010e-56 -2.202364e-54 -7.695821e-53 -2.339915e-51 -5.937161e-50 -1.112088e-48 -6.553562e-48 6.314310e-46 3.891424e-44 1.505938e-42 4.670096e-41 1.237799e-39 2.873785e-38 5.898915e-37 1.070985e-35 1.706203e-34 2.335539e-33 2.607632e-32 2.001063e-31 -2.270245e-32 -3.743658e-29 -8.897510e-28 -1.456584e-26 -1.938652e-25 -2.205475e-24 -2.187845e-23 -1.907478e-22 -1.463306e-21 -9.836771e-21 -5.734968e-20 -2.840260e-19 -1.142411e-18 -3.284690e-18 -2.752980e-18 4.136096e-17 3.506278e-16 1.805363e-15 7.150687e-15 2.319311e-14 6.315743e-14 1.461815e-13 2.897115e-13 4.942070e-13 7.282007e-13 9.271083e-13 1.012590e-12 9.248220e-13 6.508278e-13 2.346290e-13 -2.346290e-13 -6.508278e-13 -9.248220e-13 -1.012590e-12 -9.271083e-13 -7.282007e-13 -4.942070e-13 -2.897115e-13 -1.461815e-13 -6.315743e-14 -2.319311e-14 -7.150687e-15 -1.805363e-15 -3.506278e-16 -4.136096e-17 2.752980e-18 3.284690e-18 1.142411e-18 2.840260e-19 5.734968e-20 9.836771e-21 1.463306e-21 1.907478e-22 2.187845e-23 2.205475e-24 1.938652e-25 1.456584e-26 8.897510e-28 3.743658e-29 2.270245e-32 -2.001063e-31 -2.607632e-32 -2.335539e-33 -1.706203e-34 -1.070985e-35 -5.898915e-37 -2.873785e-38 -1.237799e-39 -4.670096e-41 -1.505938e-42 -3.891424e-44 -6.314310e-46 6.553562e-48 1.112088e-48 5.937161e-50 2.339915e-51 7.695821e-53 2.202364e-54 5.585010e-56 1.265598e-57 2.518882e-59 2.370211e-61 3.845510e-64 9.716398e-68 4.911567e-72 6.154433e-77 2.104346e-82 1.452428e-88
-2.539914e-86 -1.830214e-80 -4.141271e-75 -2.809020e-70 -4.900025e-66 -1.741223e-62 -9.730144e-60 -9.427893e-58 -4.331169e-56 -1.743576e-54 -6.222492e-53 -1.933158e-51 -5.014385e-50 -9.607117e-49 -5.799323e-48 5.711131e-46 3.606366e-44 1.430607e-42 4.550349e-41 1.237799e-39 2.951390e-38 6.226193e-37 1.162601e-35 1.906361e-34 2.687942e-33 3.093405e-32 2.447171e-31 -3.745188e-32 -4.915827e-29 -1.208292e-27 -2.049729e-26 -2.831039e-25 -3.346860e-24 -3.455054e-23 -3.139266e-22 -2.513426e-21 -1.765855e-20 -1.077270e-19 -5.585873e-19 -2.348918e-18 -6.985435e-18 -4.859457e-18 1.108283e-16 9.637526e-16 5.242609e-15 2.212438e-14 7.682458e-14 2.247305e-13 5.602056e-13 1.198195e-12 2.210347e-12 3.533235e-12 4.912622e-12 5.947070e-12 6.228382e-12 5.505721e-12 3.788578e-12 1.350269e-12 -1.350269e-12 -3.788578e-12 -5.505721e-12 -6.228382e-12 -5.947070e-12 -4.912622e-12 -3.533235e-12 -2.210347e-12 -1.198195e-12 -5.602056e-13 -2.247305e-13 -7.682458e-14 -2.212438e-14 -5.242609e-15 -9.637526e-16 -1.108283e-16 4.859457e-18 6.985435e-18 2.348918e-18 5.585873e-19 1.077270e-19 1.765855e-20 2.513426e-21 3.139266e-22 3.455054e-23 3.346860e-24 2.831039e-25 2.049729e-26 1.208292e-27 4.915827e-29 3.745188e-32 -2.447171e-31 -3.093405e-32 -2.687942e-33 -1.906361e-34 -1.162601e-35 -6.226193e-37 -2.951390e-38 -1.237799e-39 -4.550349e-41 -1.430607e-42 -3.606366e-44 -5.711131e-46 5.799323e-48 9.607117e-49 5.014385e-50 1.933158e-51 6.222492e-53 1.743576e-54 4.331169e-56 9.427893e-58 9.730144e-60 1.741223e-62 4.900025e-66 2.809020e-70 4.141271e-75 1.830214e-80 2.539914e-86
-2.165368e-84 -1.203987e-78 -2.313693e-73 -1.383498e-68 -2.166780e-64 -6.980455e-61 -3.553542e-58 -3.142685e-56 -1.316599e-54 -4.796826e-53 -1.522031e-51 -4.034125e-50 -7.902187e-49 -4.885954e-48 4.911872e-46 3.176565e-44 1.290973e-42 4.209070e-41 1.174347e-39 2.873785e-38 6.226193e-37 1.194834e-35 2.014995e-34 2.924162e-33 3.466021e-32 2.824842e-31 -5.239040e-32 -6.072628e-29 -1.542386e-27 -2.708269e-26 -3.876906e-25 -4.756404e-24 -5.102312e-23 -4.823857e-22 -4.024156e-21 -2.949684e-20 -1.879519e-19 -1.018507e-18 -4.470443e-18 -1.374004e-17 -7.521299e-18 2.677626e-16 2.399983e-15 1.376680e-14 6.169158e-14 2.283776e-13 7.141699e-13 1.906611e-12 4.371469e-12 8.646328e-12 1.481835e-11 2.211207e-11 2.885869e-11 3.300742e-11 3.291972e-11 2.797952e-11 1.872680e-11 6.578904e-12 -6.578904e-12 -1.872680e-11 -2.797952e-11 -3.291972e-11 -3.300742e-11 -2.885869e-11 -2.211207e-11 -1.481835e-11 -8.646328e-12 -4.371469e-12 -1.906611e-12 -7.141699e-13 -2.283776e-13 -6.169158e-14 -1.376680e-14 -2.399983e-15 -2.677626e-16 7.521299e-18 1.374004e-17 4.470443e-18 1.018507e-18 1.879519e-19 2.949684e-20 4.024156e-21 4.823857e-22 5.102312e-23 4.756404e-24 3.876906e-25 2.708269e-26 1.542386e-27 6.072628e-29 5.239040e-32 -2.824842e-31 -3.466021e-32 -2.924162e-33 -2.014995e-34 -1.194834e-35 -6.226193e-37 -2.873785e-38 -1.174347e-39 -4.209070e-41 -1.290973e-42 -3.176565e-44 -4.911872e-46 4.885954e-48 7.902187e-49 4.034125e-50 1.522031e-51 4.796826e-53 1.316599e-54 3.142685e-56 3.553542e-58 6.980455e-61 2.166780e-64 1.383498e-68 2.313693e-73 1.203987e-78 2.165368e-84
-1.391408e-82 -6.565471e-77 -1.111980e-71 -5.969746e-67 -8.477174e-63 -2.488071e-59 -1.155160e-56 -9.298934e-55 -3.524437e-53 -1.141690e-51 -3.090740e-50 -6.187285e-49 -3.918366e-48 4.016210e-46 2.658892e-44 1.106467e-42 3.695765e-41 1.056957e-39 2.652900e-38 5.898915e-37 1.162601e-35 2.014995e-34 3.007384e-33 3.668671e-32 3.078591e-31 -6.465690e-32 -7.060102e-29 -1.851549e-27 -3.361699e-26 -4.981890e-25 -6.334978e-24 -7.052130e-23 -6.927529e-22 -6.012284e-21 -4.590451e-20 -3.050059e-19 -1.724492e-18 -7.889183e-18 -2.504662e-17 -9.932686e-18 5.870286e-16 5.439363e-15 3.284083e-14 1.558012e-13 6.126662e-13 2.039728e-12 5.804904e-12 1.419111e-11 2.989702e-11 5.445197e-11 8.608694e-11 1.187368e-10 1.436113e-10 1.528025e-10 1.426169e-10 1.145236e-10 7.347158e-11 2.522790e-11 -2.522790e-11 -7.347158e-11 -1.145236e-10 -1.426169e-10 -1.528025e-10 -1.436113e-10 -1.187368e-10 -8.608694e-11 -5.445197e-11 -2.989702e-11 -1.419111e-11 -5.804904e-12 -2.039728e-12 -6.126662e-13 -1.558012e-13 -3.284083e-14 -5.439363e-15 -5.870286e-16 9.932686e-18 2.504662e-17 7.889183e-18 1.724492e-18 3.050059e-19 4.590451e-20 6.012284e-21 6.927529e-22 7.052130e-23 6.334978e-24 4.981890e-25 3.361699e-26 1.851549e-27 7.060102e-29 6.465690e-32 -3.078591e-31 -3.668671e-32 -3.007384e-33 -2.014995e-34 -1.162601e-35 -5.898915e-37 -2.652900e-38 -1.056957e-39 -3.695765e-41 -1.106467e-42 -2.658892e-44 -4.016210e-46 3.918366e-48 6.187285e-49 3.090740e-50 1.141690e-51 3.524437e-53 9.298934e-55 1.155160e-56 2.488071e-59 8.477174e-63 5.969746e-67 1.111980e-71 6.565471e-77 1.391408e-82
-7.399259e-81 -3.076408e-75 -4.677940e-70 -2.277325e-65 -2.946856e-61 -7.889604e-58 -3.331686e-55 -2.421361e-53 -8.156216e-52 -2.254338e-50 -4.610235e-49 -2.990400e-48 3.121170e-46 2.114452e-44 9.005243e-43 3.079799e-41 9.023377e-40 2.321545e-38 5.294650e-37 1.070985e-35 1.906361e-34 2.924162e-33 3.668671e-32 3.168093e-31 -7.159200e-32 -7.727209e-29 -2.090968e-27 -3.921740e-26 -6.010206e-25 -7.912116e-24 -9.128800e-23 -9.305213e-22 -8.389929e-21 -6.662692e-20 -4.609194e-19 -2.714957e-18 -1.292887e-17 -4.238594e-17 -1.044843e-17 1.173484e-15 1.126153e-14 7.143988e-14 3.578478e-13 1.490060e-12 5.262852e-12 1.590449e-11 4.127659e-11 9.214421e-11 1.771350e-10 2.937275e-10 4.212766e-10 5.244451e-10 5.686002e-10 5.378689e-10 4.430962e-10 3.139641e-10 1.807326e-10 5.813346e-11 -5.813346e-11 -1.807326e-10 -3.139641e-10 -4.430962e-10 -5.378689e-10 -5.686002e-10 -5.244451e-10 -4.212766e-10 -2.937275e-10 -1.771350e-10 -9.214421e-11 -4.127659e-11 -1.590449e-11 -5.262852e-12 -1.490060e-12 -3.578478e-13 -7.143988e-14 -1.126153e-14 -1.173484e-15 1.044843e-17 4.238594e-17 1.292887e-17 2.714957e-18 4.609194e-19 6.662692e-20 8.389929e-21 9.305213e-22 9.128800e-23 7.912116e-24 6.010206e-25 3.921740e-26 2.090968e-27 7.727209e-29 7.159200e-32 -3.168093e-31 -3.668671e-32 -2.924162e-33 -1.906361e-34 -1.070985e-35 -5.294650e-37 -2.321545e-38 -9.023377e-40 -3.079799e-41 -9.005243e-43 -2.114452e-44 -3.121170e-46 2.990400e-48 4.610235e-49 2.254338e-50 8.156216e-52 2.421361e-53 3.331686e-55 7.889604e-58 2.946856e-61 2.277325e-65 4.677940e-70 3.076408e-75 7.399259e-81
