0.000000e+00 0.000000e+00 0.000000e+00 0.000000e+00 0.000000e+00 0.000000e+00 0.000000e+00 0.000000e+00 0.000000e+00 0.000000e+00 0.000000e+00 0.000000e+00 0.000000e+00 0.000000e+00 0.000000e+00 0.000000e+00 0.000000e+00 0.000000e+00 0.000000e+00 0.000000e+00 0.000000e+00 0.000000e+00 0.000000e+00 0.000000e+00 0.000000e+00 0.000000e+00 0.000000e+00 0.000000e+00 0.000000e+00 0.000000e+00 0.000000e+00 0.000000e+00 0.000000e+00 0.000000e+00 0.000000e+00 0.000000e+00 0.000000e+00 0.000000e+00 0.000000e+00 0.000000e+00 0.000000e+00 0.000000e+00 0.000000e+00 0.000000e+00 0.000000e+00 0.000000e+00 0.000000e+00 0.000000e+00 0.000000e+00 0.000000e+00 0.000000e+00 0.000000e+00 0.000000e+00 0.000000e+00 0.000000e+00 0.000000e+00 0.000000e+00 0.000000e+00 0.000000e+00 0.000000e+00 0.000000e+00 0.000000e+00 0.000000e+00 0.000000e+00 0.000000e+00 0.000000e+00 0.000000e+00 0.000000e+00 0.000000e+00 0.000000e+00 0.000000e+00 0.000000e+00 0.000000e+00 0.000000e+00 0.000000e+00 0.000000e+00 0.000000e+00 0.000000e+00 0.000000e+00 0.000000e+00 0.000000e+00 0.000000e+00 0.000000e+00 0.000000e+00 0.000000e+00 0.000000e+00 0.000000e+00 0.000000e+00 0.000000e+00 0.000000e+00 0.000000e+00 0.000000e+00 0.000000e+00 0.000000e+00 0.000000e+00 0.000000e+00 0.000000e+00 0.000000e+00 0.000000e+00 0.000000e+00 0.000000e+00 0.000000e+00 0.000000e+00 0.000000e+00 0.000000e+00 0.000000e+00 0.000000e+00 0.000000e+00 0.000000e+00 0.000000e+00 0.000000e+00 0.000000e+00 0.000000e+00 0.000000e+00 0.000000e+00 0.000000e+00
0.000000e+00 0.000000e+00 0.000000e+00 0.000000e+00 0.000000e+00 0.000000e+00 0.000000e+00 0.000000e+00 0.000000e+00 0.000000e+00 0.000000e+00 0.000000e+00 0.000000e+00 0.000000e+00 0.000000e+00 0.000000e+00 2.256686e-105 1.692511e-102 6.119346e-100 1.417054e-97 2.353060e-95 2.968196e-93 2.931959e-91 2.292319e-89 1.400092e-87 6.248029e-86 1.458311e-84 -5.703527e-83 -9.485817e-81 -6.978965e-79 -3.775433e-77 -1.660621e-75 -6.168125e-74 -1.969177e-72 -5.449076e-71 -1.310666e-69 -2.735303e-68 -4.917489e-67 -7.496521e-66 -9.366106e-65 -8.776382e-64 -4.119715e-63 4.807671e-62 1.594974e-60 2.552269e-59 2.997679e-58 2.808918e-57 2.154688e-56 1.360390e-55 7.027276e-55 2.923242e-54 9.512570e-54 2.294426e-53 3.626065e-53 2.185078e-53 -4.524342e-53 -1.135843e-52 -6.801812e-53 6.801812e-53 1.135843e-52 4.524342e-53 -2.185078e-53 -3.626065e-53 -2.294426e-53 -9.512570e-54 -2.923242e-54 -7.027276e-55 -1.360390e-55 -2.154688e-56 -2.808918e-57 -2.997679e-58 -2.552269e-59 -1.594974e-60 -4.807671e-62 4.119715e-63 8.776382e-64 9.366106e-65 7.496521e-66 4.917489e-67 2.735303e-68 1.310666e-69 5.449076e-71 1.969177e-72 6.168125e-74 1.660621e-75 3.775433e-77 6.978965e-79 9.485817e-81 5.703527e-83 -1.458311e-84 -6.248029e-86 -1.400092e-87 -2.292319e-89 -2.931959e-91 -2.968196e-93 -2.353060e-95 -1.417054e-97 -6.119346e-100 -1.692511e-102 -2.256686e-105 0.000000e+00 0.000000e+00 0.000000e+00 0.000000e+00 0.000000e+00 0.000000e+00 0.000000e+00 0.000000e+00 0.000000e+00 0.000000e+00 0.000000e+00 0.000000e+00 0.000000e+00 0.000000e+00 0.000000e+00 0.000000e+00
0.000000e+00 0.000000e+00 0.000000e+00 0.000000e+00 0.000000e+00 0.000000e+00 0.000000e+00 0.000000e+00 0.000000e+00 0.000000e+00 0.000000e+00 0.000000e+00 0.000000e+00 0.000000e+00 0.000000e+00 1.115755e-101 8.557688e-99 3.165909e-96 7.505768e-94 1.276754e-91 1.650736e-89 1.672169e-87 1.341232e-85 8.404120e-84 3.841869e-82 9.062343e-81 -3.914800e-79 -6.530182e-77 -4.937117e-75 -2.755593e-73 -1.253152e-71 -4.820590e-70 -1.596333e-68 -4.589062e-67 -1.148502e-65 -2.497815e-64 -4.686579e-63 -7.465165e-62 -9.746664e-61 -9.502942e-60 -4.429056e-59 6.566723e-58 2.185115e-56 3.690953e-55 4.629055e-54 4.667257e-53 3.880042e-52 2.675048e-51 1.521475e-50 7.030971e-50 2.563229e-49 6.946051e-49 1.192438e-48 3.355118e-49 -4.757992e-48 -1.455972e-47 -2.047646e-47 -1.036106e-47 1.036106e-47 2.047646e-47 1.455972e-47 4.757992e-48 -3.355118e-49 -1.192438e-48 -6.946051e-49 -2.563229e-49 -7.030971e-50 -1.521475e-50 -2.675048e-51 -3.880042e-52 -4.667257e-53 -4.629055e-54 -3.690953e-55 -2.185115e-56 -6.566723e-58 4.429056e-59 9.502942e-60 9.746664e-61 7.465165e-62 4.686579e-63 2.497815e-64 1.148502e-65 4.589062e-67 1.596333e-68 4.820590e-70 1.253152e-71 2.755593e-73 4.937117e-75 6.530182e-77 3.914800e-79 -9.062343e-81 -3.841869e-82 -8.404120e-84 -1.341232e-85 -1.672169e-87 -1.650736e-89 -1.276754e-91 -7.505768e-94 -3.165909e-96 -8.557688e-99 -1.115755e-101 0.000000e+00 0.000000e+00 0.000000e+00 0.000000e+00 0.000000e+00 0.000000e+00 0.000000e+00 0.000000e+00 0.000000e+00 0.000000e+00 0.000000e+00 0.000000e+00 0.000000e+00 0.000000e+00 0.000000e+00
0.000000e+00 0.000000e+00 0.000000e+00 0.000000e+00 0.000000e+00 0.000000e+00 0.000000e+00 0.000000e+00 0.000000e+00 0.000000e+00 0.000000e+00 0.000000e+00 0.000000e+00 0.000000e+00 2.061500e-98 1.615932e-95 6.112875e-93 1.482707e-90 2.581752e-88 3.418693e-86 3.548489e-84 2.917370e-82 1.873552e-80 8.763480e-79 2.083968e-77 -9.951345e-76 -1.663778e-73 -1.290998e-71 -7.424427e-70 -3.486062e-68 -1.386772e-66 -4.755898e-65 -1.417927e-63 -3.685496e-62 -8.336070e-61 -1.628728e-59 -2.704087e-58 -3.678839e-57 -3.718242e-56 -1.698276e-55 3.205902e-54 1.071525e-52 1.902547e-51 2.534897e-50 2.733730e-49 2.445896e-48 1.826372e-47 1.132623e-46 5.746043e-46 2.312826e-45 6.910802e-45 1.247985e-44 -3.589288e-45 -1.126484e-43 -4.111857e-43 -8.428127e-43 -1.006100e-42 -4.732445e-43 4.732445e-43 1.006100e-42 8.428127e-43 4.111857e-43 1.126484e-43 3.589288e-45 -1.247985e-44 -6.910802e-45 -2.312826e-45 -5.746043e-46 -1.132623e-46 -1.826372e-47 -2.445896e-48 -2.733730e-49 -2.534897e-50 -1.902547e-51 -1.071525e-52 -3.205902e-54 1.698276e-55 3.718242e-56 3.678839e-57 2.704087e-58 1.628728e-59 8.336070e-61 3.685496e-62 1.417927e-63 4.755898e-65 1.386772e-66 3.486062e-68 7.424427e-70 1.290998e-71 1.663778e-73 9.951345e-76 -2.083968e-77 -8.763480e-79 -1.873552e-80 -2.917370e-82 -3.548489e-84 -3.418693e-86 -2.581752e-88 -1.482707e-90 -6.112875e-93 -1.615932e-95 -2.061500e-98 0.000000e+00 0.000000e+00 0.000000e+00 0.000000e+00 0.000000e+00 0.000000e+00 0.000000e+00 0.000000e+00 0.000000e+00 0.000000e+00 0.000000e+00 0.000000e+00 0.000000e+00 0.000000e+00
0.000000e+00 0.000000e+00 0.000000e+00 0.000000e+00 0.000000e+00 0.000000e+00 0.000000e+00 0.000000e+00 0.000000e+00 0.000000e+00 0.000000e+00 0.000000e+00 0.000000e+00 1.207775e-95 9.669719e-93 3.738005e-90 9.269856e-88 1.651104e-85 2.237554e-83 2.377915e-81 2.002175e-79 1.316614e-77 6.294203e-76 1.505033e-74 -7.952655e-73 -1.331882e-70 -1.059399e-68 -6.269826e-67 -3.035614e-65 -1.247067e-63 -4.422619e-62 -1.365308e-60 -3.679255e-59 -8.638705e-58 -1.754016e-56 -3.028281e-55 -4.281552e-54 -4.469841e-53 -1.969312e-52 4.765408e-51 1.601409e-49 2.977798e-48 4.196074e-47 4.815245e-46 4.609110e-45 3.701772e-44 2.482699e-43 1.369360e-42 6.014052e-42 1.951731e-41 3.596503e-41 -4.326761e-41 -6.329272e-40 -2.677958e-39 -7.046478e-39 -1.233788e-38 -1.345098e-38 -6.046880e-39 6.046880e-39 1.345098e-38 1.233788e-38 7.046478e-39 2.677958e-39 6.329272e-40 4.326761e-41 -3.596503e-41 -1.951731e-41 -6.014052e-42 -1.369360e-42 -2.482699e-43 -3.701772e-44 -4.609110e-45 -4.815245e-46 -4.196074e-47 -2.977798e-48 -1.601409e-49 -4.765408e-51 1.969312e-52 4.469841e-53 4.281552e-54 3.028281e-55 1.754016e-56 8.638705e-58 3.679255e-59 1.365308e-60 4.422619e-62 1.247067e-63 3.035614e-65 6.269826e-67 1.059399e-68 1.331882e-70 7.952655e-73 -1.505033e-74 -6.294203e-76 -1.316614e-77 -2.002175e-79 -2.377915e-81 -2.237554e-83 -1.651104e-85 -9.269856e-88 -3.738005e-90 -9.669719e-93 -1.207775e-95 0.000000e+00 0.000000e+00 0.000000e+00 0.000000e+00 0.000000e+00 0.000000e+00 0.000000e+00 0.000000e+00 0.000000e+00 0.000000e+00 0.000000e+00 0.000000e+00 0.000000e+00
0.000000e+00 0.000000e+00 0.000000e+00 0.000000e+00 0.000000e+00 0.000000e+00 0.000000e+00 0.000000e+00 0.000000e+00 0.000000e+00 0.000000e+00 0.000000e+00 1.801005e-93 1.471898e-90 5.810901e-88 1.472391e-85 2.680876e-83 3.715551e-81 4.039808e-79 3.480775e-77 2.341691e-75 1.142914e-73 2.740615e-72 -1.604275e-70 -2.690126e-68 -2.191026e-66 -1.332906e-64 -6.646322e-63 -2.816030e-61 -1.031315e-59 -3.291776e-58 -9.182337e-57 -2.234148e-55 -4.705091e-54 -8.429433e-53 -1.235493e-51 -1.327669e-50 -5.532318e-50 1.736751e-48 5.872560e-47 1.139894e-45 1.692083e-44 2.056906e-43 2.095486e-42 1.799425e-41 1.296165e-40 7.709444e-40 3.658345e-39 1.273083e-38 2.316537e-38 -6.125597e-38 -7.378152e-37 -3.539171e-36 -1.125396e-35 -2.543547e-35 -4.036194e-35 -4.126154e-35 -1.794035e-35 1.794035e-35 4.126154e-35 4.036194e-35 2.543547e-35 1.125396e-35 3.539171e-36 7.378152e-37 6.125597e-38 -2.316537e-38 -1.273083e-38 -3.658345e-39 -7.709444e-40 -1.296165e-40 -1.799425e-41 -2.095486e-42 -2.056906e-43 -1.692083e-44 -1.139894e-45 -5.872560e-47 -1.736751e-48 5.532318e-50 1.327669e-50 1.235493e-51 8.429433e-53 4.705091e-54 2.234148e-55 9.182337e-57 3.291776e-58 1.031315e-59 2.816030e-61 6.646322e-63 1.332906e-64 2.191026e-66 2.690126e-68 1.604275e-70 -2.740615e-72 -1.142914e-73 -2.341691e-75 -3.480775e-77 -4.039808e-79 -3.715551e-81 -2.680876e-83 -1.472391e-85 -5.810901e-88 -1.471898e-90 -1.801005e-93 0.000000e+00 0.000000e+00 0.000000e+00 0.000000e+00 0.000000e+00 0.000000e+00 0.000000e+00 0.000000e+00 0.000000e+00 0.000000e+00 0.000000e+00 0.000000e+00
0.000000e+00 0.000000e+00 0.000000e+00 0.000000e+00 0.000000e+00 0.000000e+00 0.000000e+00 0.000000e+00 0.000000e+00 0.000000e+00 0.000000e+00 5.190994e-92 4.328332e-89 1.744166e-86 4.512995e-84 8.394771e-82 1.189125e-79 1.321871e-77 1.164672e-75 8.009707e-74 3.987492e-72 9.566523e-71 -6.203723e-69 -1.041673e-66 -8.679378e-65 -5.421966e-63 -2.781374e-61 -1.214021e-59 -4.585719e-58 -1.511324e-56 -4.357660e-55 -1.097007e-53 -2.392223e-52 -4.438987e-51 -6.730009e-50 -7.421489e-49 -2.856704e-48 1.181438e-46 4.024929e-45 8.133558e-44 1.267613e-42 1.625974e-41 1.755229e-40 1.603390e-39 1.233220e-38 7.856188e-38 3.995252e-37 1.474788e-36 2.550188e-36 -1.258242e-35 -1.419669e-34 -7.593617e-34 -2.814902e-33 -7.724761e-33 -1.576228e-32 -2.320333e-32 -2.251855e-32 -9.527642e-33 9.527642e-33 2.251855e-32 2.320333e-32 1.576228e-32 7.724761e-33 2.814902e-33 7.593617e-34 1.419669e-34 1.258242e-35 -2.550188e-36 -1.474788e-36 -3.995252e-37 -7.856188e-38 -1.233220e-38 -1.603390e-39 -1.755229e-40 -1.625974e-41 -1.267613e-42 -8.133558e-44 -4.024929e-45 -1.181438e-46 2.856704e-48 7.421489e-49 6.730009e-50 4.438987e-51 2.392223e-52 1.097007e-53 4.357660e-55 1.511324e-56 4.585719e-58 1.214021e-59 2.781374e-61 5.421966e-63 8.679378e-65 1.041673e-66 6.203723e-69 -9.566523e-71 -3.987492e-72 -8.009707e-74 -1.164672e-75 -1.321871e-77 -1.189125e-79 -8.394771e-82 -4.512995e-84 -1.744166e-86 -4.328332e-89 -5.190994e-92 0.000000e+00 0.000000e+00 0.000000e+00 0.000000e+00 0.000000e+00 0.000000e+00 0.000000e+00 0.000000e+00 0.000000e+00 0.000000e+00 0.000000e+00
0.000000e+00 0.000000e+00 0.000000e+00 0.000000e+00 0.000000e+00 0.000000e+00 0.000000e+00 0.000000e+00 0.000000e+00 0.000000e+00 2.417347e-91 2.055912e-88 8.453849e-86 2.233078e-83 4.242362e-81 6.139938e-79 6.976126e-77 6.283495e-75 4.416479e-73 2.242672e-71 5.390239e-70 -3.836181e-68 -6.472356e-66 -5.517231e-64 -3.537778e-62 -1.865964e-60 -8.384640e-59 -3.264074e-57 -1.109833e-55 -3.304713e-54 -8.599435e-53 -1.939832e-51 -3.724472e-50 -5.835811e-49 -6.600847e-48 -2.322176e-47 1.254539e-45 4.331381e-44 9.105695e-43 1.486995e-41 2.007399e-40 2.288988e-39 2.216285e-38 1.812550e-37 1.230867e-36 6.672665e-36 2.596526e-35 4.131909e-35 -3.473057e-34 -3.893589e-33 -2.298846e-32 -9.711233e-32 -3.122606e-31 -7.726944e-31 -1.453831e-30 -2.008460e-30 -1.862925e-30 -7.696936e-31 7.696936e-31 1.862925e-30 2.008460e-30 1.453831e-30 7.726944e-31 3.122606e-31 9.711233e-32 2.298846e-32 3.893589e-33 3.473057e-34 -4.131909e-35 -2.596526e-35 -6.672665e-36 -1.230867e-36 -1.812550e-37 -2.216285e-38 -2.288988e-39 -2.007399e-40 -1.486995e-41 -9.105695e-43 -4.331381e-44 -1.254539e-45 2.322176e-47 6.600847e-48 5.835811e-49 3.724472e-50 1.939832e-51 8.599435e-53 3.304713e-54 1.109833e-55 3.264074e-57 8.384640e-59 1.865964e-60 3.537778e-62 5.517231e-64 6.472356e-66 3.836181e-68 -5.390239e-70 -2.242672e-71 -4.416479e-73 -6.283495e-75 -6.976126e-77 -6.139938e-79 -4.242362e-81 -2.233078e-83 -8.453849e-86 -2.055912e-88 -2.417347e-91 0.000000e+00 0.000000e+00 0.000000e+00 0.000000e+00 0.000000e+00 0.000000e+00 0.000000e+00 0.000000e+00 0.000000e+00 0.000000e+00
0.000000e+00 0.000000e+00 0.000000e+00 0.000000e+00 0.000000e+00 0.000000e+00 0.000000e+00 0.000000e+00 0.000000e+00 3.139162e-91 2.724663e-88 1.143897e-85 3.086431e-83 5.992127e-81 8.866656e-79 1.030457e-76 9.497554e-75 6.832568e-73 3.549535e-71 8.665020e-70 -6.505157e-68 -1.117659e-65 -9.775123e-64 -6.442681e-62 -3.496896e-60 -1.618655e-58 -6.497634e-57 -2.280431e-55 -7.016218e-54 -1.888422e-52 -4.410505e-51 -8.775067e-50 -1.425151e-48 -1.666595e-47 -5.727305e-47 3.582332e-45 1.277348e-43 2.805719e-42 4.807746e-41 6.832434e-40 8.226768e-39 8.437274e-38 7.331821e-37 5.305440e-36 3.069405e-35 1.267774e-34 1.936089e-34 -2.310431e-33 -2.715627e-32 -1.769692e-31 -8.421892e-31 -3.109496e-30 -9.038102e-30 -2.059629e-29 -3.617090e-29 -4.725128e-29 -4.208796e-29 -1.702296e-29 1.702296e-29 4.208796e-29 4.725128e-29 3.617090e-29 2.059629e-29 9.038102e-30 3.109496e-30 8.421892e-31 1.769692e-31 2.715627e-32 2.310431e-33 -1.936089e-34 -1.267774e-34 -3.069405e-35 -5.305440e-36 -7.331821e-37 -8.437274e-38 -8.226768e-39 -6.832434e-40 -4.807746e-41 -2.805719e-42 -1.277348e-43 -3.582332e-45 5.727305e-47 1.666595e-47 1.425151e-48 8.775067e-50 4.410505e-51 1.888422e-52 7.016218e-54 2.280431e-55 6.497634e-57 1.618655e-58 3.496896e-60 6.442681e-62 9.775123e-64 1.117659e-65 6.505157e-68 -8.665020e-70 -3.549535e-71 -6.832568e-73 -9.497554e-75 -1.030457e-76 -8.866656e-79 -5.992127e-81 -3.086431e-83 -1.143897e-85 -2.724663e-88 -3.139162e-91 0.000000e+00 0.000000e+00 0.000000e+00 0.000000e+00 0.000000e+00 0.000000e+00 0.000000e+00 0.000000e+00 0.000000e+00
0.000000e+00 0.000000e+00 0.000000e+00 0.000000e+00 0.000000e+00 0.000000e+00 0.000000e+00 0.000000e+00 3.203227e-91 2.838123e-88 1.216856e-85 3.354592e-83 6.657341e-81 1.007467e-78 1.198053e-76 1.130490e-74 8.330864e-73 4.435816e-71 1.110292e-69 -8.561583e-68 -1.510343e-65 -1.357565e-63 -9.202902e-62 -5.141835e-60 -2.452126e-58 -1.015064e-56 -3.677267e-55 -1.169033e-53 -3.254696e-52 -7.872007e-51 -1.623878e-49 -2.737721e-48 -3.326379e-47 -1.179547e-46 7.810601e-45 2.906028e-43 6.682320e-42 1.201649e-40 1.796546e-39 2.281711e-38 2.475299e-37 2.282084e-36 1.757326e-35 1.084644e-34 4.774692e-34 7.329696e-34 -1.093022e-32 -1.375618e-31 -9.860464e-31 -5.233639e-30 -2.185265e-29 -7.300534e-29 -1.951584e-28 -4.134276e-28 -6.812253e-28 -8.438356e-28 -7.228063e-28 -2.863527e-28 2.863527e-28 7.228063e-28 8.438356e-28 6.812253e-28 4.134276e-28 1.951584e-28 7.300534e-29 2.185265e-29 5.233639e-30 9.860464e-31 1.375618e-31 1.093022e-32 -7.329696e-34 -4.774692e-34 -1.084644e-34 -1.757326e-35 -2.282084e-36 -2.475299e-37 -2.281711e-38 -1.796546e-39 -1.201649e-40 -6.682320e-42 -2.906028e-43 -7.810601e-45 1.179547e-46 3.326379e-47 2.737721e-48 1.623878e-49 7.872007e-51 3.254696e-52 1.169033e-53 3.677267e-55 1.015064e-56 2.452126e-58 5.141835e-60 9.202902e-62 1.357565e-63 1.510343e-65 8.561583e-68 -1.110292e-69 -4.435816e-71 -8.330864e-73 -1.130490e-74 -1.198053e-76 -1.007467e-78 -6.657341e-81 -3.354592e-83 -1.216856e-85 -2.838123e-88 -3.203227e-91 0.000000e+00 0.000000e+00 0.000000e+00 0.000000e+00 0.000000e+00 0.000000e+00 0.000000e+00 0.000000e+00
0.000000e+00 0.000000e+00 0.000000e+00 0.000000e+00 0.000000e+00 0.000000e+00 0.000000e+00 3.065080e-91 2.838123e-88 1.242209e-85 3.497359e-83 7.091590e-81 1.097039e-78 1.334230e-76 1.288279e-74 9.719792e-73 5.301657e-71 1.360220e-69 -1.075755e-67 -1.947714e-65 -1.798035e-63 -1.252755e-61 -7.199417e-60 -3.534377e-58 -1.507399e-56 -5.631440e-55 -1.847990e-53 -5.316246e-52 -1.330058e-50 -2.841312e-49 -4.966276e-48 -6.261700e-47 -2.292690e-46 1.598826e-44 6.198324e-43 1.489255e-41 2.804378e-40 4.400309e-39 5.879254e-38 6.726798e-37 6.558398e-36 5.355269e-35 3.512820e-34 1.642067e-33 2.532140e-33 -4.609185e-32 -6.194183e-31 -4.843729e-30 -2.836392e-29 -1.321093e-28 -4.984897e-28 -1.527581e-27 -3.779081e-27 -7.457242e-27 -1.152160e-26 -1.350276e-26 -1.109279e-26 -4.296461e-27 4.296461e-27 1.109279e-26 1.350276e-26 1.152160e-26 7.457242e-27 3.779081e-27 1.527581e-27 4.984897e-28 1.321093e-28 2.836392e-29 4.843729e-30 6.194183e-31 4.609185e-32 -2.532140e-33 -1.642067e-33 -3.512820e-34 -5.355269e-35 -6.558398e-36 -6.726798e-37 -5.879254e-38 -4.400309e-39 -2.804378e-40 -1.489255e-41 -6.198324e-43 -1.598826e-44 2.292690e-46 6.261700e-47 4.966276e-48 2.841312e-49 1.330058e-50 5.316246e-52 1.847990e-53 5.631440e-55 1.507399e-56 3.534377e-58 7.199417e-60 1.252755e-61 1.798035e-63 1.947714e-65 1.075755e-67 -1.360220e-69 -5.301657e-71 -9.719792e-73 -1.288279e-74 -1.334230e-76 -1.097039e-78 -7.091590e-81 -3.497359e-83 -1.242209e-85 -2.838123e-88 -3.065080e-91 0.000000e+00 0.000000e+00 0.000000e+00 0.000000e+00 0.000000e+00 0.000000e+00 0.000000e+00
0.000000e+00 0.000000e+00 0.000000e+00 0.000000e+00 0.000000e+00 0.000000e+00 1.462765e-91 2.660887e-88 1.216856e-85 3.497359e-83 7.242501e-81 1.144746e-78 1.423200e-76 1.405428e-74 1.085036e-72 6.059306e-71 1.592554e-69 -1.290972e-67 -2.397352e-65 -2.271386e-63 -1.625344e-61 -9.600178e-60 -4.847651e-58 -2.128313e-56 -8.191970e-55 -2.772197e-53 -8.231932e-52 -2.128035e-50 -4.702168e-49 -8.510309e-48 -1.112051e-46 -4.201224e-46 3.076822e-44 1.240942e-42 3.109702e-41 6.119642e-40 1.005532e-38 1.409919e-37 1.696827e-36 1.744357e-35 1.505512e-34 1.045921e-33 5.174260e-33 8.005590e-33 -1.747314e-31 -2.499546e-30 -2.117521e-29 -1.355934e-28 -6.968478e-28 -2.930168e-27 -1.012070e-26 -2.860058e-26 -6.552945e-26 -1.201302e-25 -1.730758e-25 -1.904544e-25 -1.488726e-25 -5.607191e-26 5.607191e-26 1.488726e-25 1.904544e-25 1.730758e-25 1.201302e-25 6.552945e-26 2.860058e-26 1.012070e-26 2.930168e-27 6.968478e-28 1.355934e-28 2.117521e-29 2.499546e-30 1.747314e-31 -8.005590e-33 -5.174260e-33 -1.045921e-33 -1.505512e-34 -1.744357e-35 -1.696827e-36 -1.409919e-37 -1.005532e-38 -6.119642e-40 -3.109702e-41 -1.240942e-42 -3.076822e-44 4.201224e-46 1.112051e-46 8.510309e-48 4.702168e-49 2.128035e-50 8.231932e-52 2.772197e-53 8.191970e-55 2.128313e-56 4.847651e-58 9.600178e-60 1.625344e-61 2.271386e-63 2.397352e-65 1.290972e-67 -1.592554e-69 -6.059306e-71 -1.085036e-72 -1.405428e-74 -1.423200e-76 -1.144746e-78 -7.242501e-81 -3.497359e-83 -1.216856e-85 -2.660887e-88 -1.462765e-91 0.000000e+00 0.000000e+00 0.000000e+00 0.000000e+00 0.000000e+00 0.000000e+00
0.000000e+00 0.000000e+00 0.000000e+00 0.000000e+00 0.000000e+00 1.290894e-92 1.245064e-88 1.117346e-85 3.354591e-83 7.091590e-81 1.144746e-78 1.454147e-76 1.467908e-74 1.159038e-72 6.623157e-71 1.782224e-69 -1.479951e-67 -2.817039e-65 -2.737488e-63 -2.010443e-61 -1.219582e-59 -6.329427e-58 -2.858270e-56 -1.132512e-54 -3.948539e-53 -1.209106e-51 -3.226298e-50 -7.365776e-49 -1.378786e-47 -1.864971e-46 -7.264985e-46 5.573236e-44 2.335090e-42 6.092750e-41 1.250712e-39 2.147694e-38 3.153339e-37 3.982188e-36 4.305064e-35 3.916009e-34 2.872527e-33 1.499453e-32 2.326125e-32 -5.995780e-31 -9.102699e-30 -8.305065e-29 -5.772689e-28 -3.244562e-27 -1.504186e-26 -5.780107e-26 -1.835891e-25 -4.782661e-25 -1.010184e-24 -1.704769e-24 -2.257811e-24 -2.288131e-24 -1.665967e-24 -6.010253e-25 6.010253e-25 1.665967e-24 2.288131e-24 2.257811e-24 1.704769e-24 1.010184e-24 4.782661e-25 1.835891e-25 5.780107e-26 1.504186e-26 3.244562e-27 5.772689e-28 8.305065e-29 9.102699e-30 5.995780e-31 -2.326125e-32 -1.499453e-32 -2.872527e-33 -3.916009e-34 -4.305064e-35 -3.982188e-36 -3.153339e-37 -2.147694e-38 -1.250712e-39 -6.092750e-41 -2.335090e-42 -5.573236e-44 7.264985e-46 1.864971e-46 1.378786e-47 7.365776e-49 3.226298e-50 1.209106e-51 3.948539e-53 1.132512e-54 2.858270e-56 6.329427e-58 1.219582e-59 2.010443e-61 2.737488e-63 2.817039e-65 1.479951e-67 -1.782224e-69 -6.623157e-71 -1.159038e-72 -1.467908e-74 -1.454147e-76 -1.144746e-78 -7.091590e-81 -3.354591e-83 -1.117346e-85 -1.245064e-88 -1.290894e-92 0.000000e+00 0.000000e+00 0.000000e+00 0.000000e+00 0.000000e+00
0.000000e+00 0.000000e+00 0.000000e+00 0.000000e+00 1.938590e-94 1.077443e-89 5.123915e-86 3.015416e-83 6.657339e-81 1.097039e-78 1.423200e-76 1.467908e-74 1.184802e-72 6.924312e-71 1.906616e-69 -1.620939e-67 -3.160700e-65 -3.148263e-63 -2.371427e-61 -1.476432e-59 -7.869569e-58 -3.652496e-56 -1.488545e-54 -5.342436e-53 -1.685469e-51 -4.637707e-50 -1.092863e-48 -2.113510e-47 -2.955894e-46 -1.186589e-45 9.512024e-44 4.134606e-42 1.121537e-40 2.397491e-39 4.294515e-38 6.589276e-37 8.712511e-36 9.881514e-35 9.448835e-34 7.298086e-33 4.009074e-32 6.234384e-32 -1.872788e-30 -3.009095e-29 -2.941795e-28 -2.205823e-27 -1.345942e-26 -6.819903e-26 -2.885528e-25 -1.017323e-24 -2.967340e-24 -7.079933e-24 -1.360876e-23 -2.067341e-23 -2.425613e-23 -2.137753e-23 -1.344766e-23 -4.364844e-24 4.364844e-24 1.344766e-23 2.137753e-23 2.425613e-23 2.067341e-23 1.360876e-23 7.079933e-24 2.967340e-24 1.017323e-24 2.885528e-25 6.819903e-26 1.345942e-26 2.205823e-27 2.941795e-28 3.009095e-29 1.872788e-30 -6.234384e-32 -4.009074e-32 -7.298086e-33 -9.448835e-34 -9.881514e-35 -8.712511e-36 -6.589276e-37 -4.294515e-38 -2.397491e-39 -1.121537e-40 -4.134606e-42 -9.512024e-44 1.186589e-45 2.955894e-46 2.113510e-47 1.092863e-48 4.637707e-50 1.685469e-51 5.342436e-53 1.488545e-54 3.652496e-56 7.869569e-58 1.476432e-59 2.371427e-61 3.148263e-63 3.160700e-65 1.620939e-67 -1.906616e-69 -6.924312e-71 -1.184802e-72 -1.467908e-74 -1.423200e-76 -1.097039e-78 -6.657339e-81 -3.015416e-83 -5.123915e-86 -1.077443e-89 -1.938590e-94 0.000000e+00 0.000000e+00 0.000000e+00 0.000000e+00
0.000000e+00 0.000000e+00 0.000000e+00 6.486486e-97 1.585944e-91 4.346162e-87 1.354639e-83 5.855517e-81 1.007467e-78 1.334230e-76 1.405428e-74 1.159038e-72 6.924312e-71 1.949966e-69 -1.696353e-67 -3.386541e-65 -3.455520e-63 -2.667964e-61 -1.703657e-59 -9.319731e-58 -4.442478e-56 -1.860783e-54 -6.869157e-53 -2.230820e-51 -6.324034e-50 -1.536692e-48 -3.067215e-47 -4.430815e-46 -1.831908e-45 1.531081e-43 6.895800e-42 1.941833e-40 4.315939e-39 8.050758e-38 1.288502e-36 1.780231e-35 2.113666e-34 2.119653e-33 1.719607e-32 9.917366e-32 1.546168e-31 -5.349710e-30 -9.073586e-29 -9.463391e-28 -7.614067e-27 -5.012410e-26 -2.755848e-25 -1.273017e-24 -4.932440e-24 -1.591878e-23 -4.229097e-23 -9.088952e-23 -1.540667e-22 -1.981362e-22 -1.807290e-22 -1.008354e-22 -1.933323e-23 5.464291e-24 -5.464291e-24 1.933323e-23 1.008354e-22 1.807290e-22 1.981362e-22 1.540667e-22 9.088952e-23 4.229097e-23 1.591878e-23 4.932440e-24 1.273017e-24 2.755848e-25 5.012410e-26 7.614067e-27 9.463391e-28 9.073586e-29 5.349710e-30 -1.546168e-31 -9.917366e-32 -1.719607e-32 -2.119653e-33 -2.113666e-34 -1.780231e-35 -1.288502e-36 -8.050758e-38 -4.315939e-39 -1.941833e-40 -6.895800e-42 -1.531081e-43 1.831908e-45 4.430815e-46 3.067215e-47 1.536692e-48 6.324034e-50 2.230820e-51 6.869157e-53 1.860783e-54 4.442478e-56 9.319731e-58 1.703657e-59 2.667964e-61 3.455520e-63 3.386541e-65 1.696353e-67 -1.949966e-69 -6.924312e-71 -1.159038e-72 -1.405428e-74 -1.334230e-76 -1.007467e-78 -5.855517e-81 -1.354639e-83 -4.346162e-87 -1.585944e-91 -6.486486e-97 0.000000e+00 0.000000e+00 0.000000e+00
0.000000e+00 0.000000e+00 6.214921e-100 5.198401e-94 6.267629e-89 1.125752e-84 2.575831e-81 8.666501e-79 1.198052e-76 1.288279e-74 1.085036e-72 6.623157e-71 1.906616e-69 -1.696353e-67 -3.465324e-65 -3.620126e-63 -2.863250e-61 -1.874083e-59 -1.051497e-57 -5.144139e-56 -2.212917e-54 -8.395937e-53 -2.804513e-51 -8.183923e-50 -2.048758e-48 -4.216511e-47 -6.285243e-46 -2.675046e-45 2.326108e-43 1.084277e-41 3.165474e-40 7.304557e-39 1.416706e-37 2.361116e-36 3.402506e-35 4.220650e-34 4.429525e-33 3.766008e-32 2.275350e-31 3.558210e-31 -1.403074e-29 -2.506094e-28 -2.777666e-27 -2.387044e-26 -1.686358e-25 -9.998872e-25 -5.007178e-24 -2.114800e-23 -7.480781e-23 -2.188553e-22 -5.189425e-22 -9.641140e-22 -1.312922e-21 -1.083942e-21 1.820544e-23 1.467240e-21 2.020756e-21 9.490313e-22 -9.490313e-22 -2.020756e-21 -1.467240e-21 -1.820544e-23 1.083942e-21 1.312922e-21 9.641140e-22 5.189425e-22 2.188553e-22 7.480781e-23 2.114800e-23 5.007178e-24 9.998872e-25 1.686358e-25 2.387044e-26 2.777666e-27 2.506094e-28 1.403074e-29 -3.558210e-31 -2.275350e-31 -3.766008e-32 -4.429525e-33 -4.220650e-34 -3.402506e-35 -2.361116e-36 -1.416706e-37 -7.304557e-39 -3.165474e-40 -1.084277e-41 -2.326108e-43 2.675046e-45 6.285243e-46 4.216511e-47 2.048758e-48 8.183923e-50 2.804513e-51 8.395937e-53 2.212917e-54 5.144139e-56 1.051497e-57 1.874083e-59 2.863250e-61 3.620126e-63 3.465324e-65 1.696353e-67 -1.906616e-69 -6.623157e-71 -1.085036e-72 -1.288279e-74 -1.198052e-76 -8.666501e-79 -2.575831e-81 -1.125752e-84 -6.267629e-89 -5.198401e-94 -6.214921e-100 0.000000e+00 0.000000e+00
0.000000e+00 2.062344e-103 4.876409e-97 2.011588e-91 1.589820e-86 2.096371e-82 3.731562e-79 1.007450e-76 1.130489e-74 9.719792e-73 6.059306e-71 1.782224e-69 -1.620939e-67 -3.386541e-65 -3.620126e-63 -2.931446e-61 -1.965533e-59 -1.130385e-57 -5.671902e-56 -2.504165e-54 -9.757699e-53 -3.349884e-51 -1.005442e-49 -2.590908e-48 -5.493267e-47 -8.441704e-46 -3.696823e-45 3.337847e-43 1.608547e-41 4.862588e-40 1.163408e-38 2.342685e-37 4.059410e-36 6.091212e-35 7.879841e-34 8.637769e-33 7.680671e-32 4.852014e-31 7.616913e-31 -3.389925e-29 -6.362459e-28 -7.468639e-27 -6.827829e-26 -5.152602e-25 -3.277454e-24 -1.768646e-23 -8.087316e-23 -3.111305e-22 -9.935672e-22 -2.573189e-21 -5.174077e-21 -7.275468e-21 -4.415002e-21 8.987366e-21 3.257102e-20 5.356864e-20 5.264413e-20 2.217172e-20 -2.217172e-20 -5.264413e-20 -5.356864e-20 -3.257102e-20 -8.987366e-21 4.415002e-21 7.275468e-21 5.174077e-21 2.573189e-21 9.935672e-22 3.111305e-22 8.087316e-23 1.768646e-23 3.277454e-24 5.152602e-25 6.827829e-26 7.468639e-27 6.362459e-28 3.389925e-29 -7.616913e-31 -4.852014e-31 -7.680671e-32 -8.637769e-33 -7.879841e-34 -6.091212e-35 -4.059410e-36 -2.342685e-37 -1.163408e-38 -4.862588e-40 -1.608547e-41 -3.337847e-43 3.696823e-45 8.441704e-46 5.493267e-47 2.590908e-48 1.005442e-49 3.349884e-51 9.757699e-53 2.504165e-54 5.671902e-56 1.130385e-57 1.965533e-59 2.931446e-61 3.620126e-63 3.386541e-65 1.620939e-67 -1.782224e-69 -6.059306e-71 -9.719792e-73 -1.130489e-74 -1.007450e-76 -3.731562e-79 -2.096371e-82 -1.589820e-86 -2.011588e-91 -4.876409e-97 -2.062344e-103 0.000000e+00
2.732942e-107 1.583307e-100 1.846535e-94 4.993791e-89 2.897935e-84 2.973048e-80 4.244269e-77 9.288261e-75 8.330845e-73 5.301657e-71 1.592554e-69 -1.479951e-67 -3.160700e-65 -3.455520e-63 -2.863250e-61 -1.965533e-59 -1.157964e-57 -5.955580e-56 -2.696841e-54 -1.078501e-52 -3.802611e-51 -1.173005e-49 -3.108934e-48 -6.784847e-47 -1.073978e-45 -4.837293e-45 4.526480e-43 2.252936e-41 7.043992e-40 1.745226e-38 3.643732e-37 6.555113e-36 1.022602e-34 1.377306e-33 1.574158e-32 1.461204e-31 9.634353e-31 1.519959e-30 -7.566538e-29 -1.489285e-27 -1.845907e-26 -1.788829e-25 -1.436197e-24 -9.755567e-24 -5.643993e-23 -2.777944e-22 -1.154792e-21 -3.996410e-21 -1.121509e-20 -2.418221e-20 -3.441067e-20 -7.908514e-21 1.190614e-19 3.966874e-19 7.688525e-19 1.024700e-18 9.125472e-19 3.686214e-19 -3.686214e-19 -9.125472e-19 -1.024700e-18 -7.688525e-19 -3.966874e-19 -1.190614e-19 7.908514e-21 3.441067e-20 2.418221e-20 1.121509e-20 3.996410e-21 1.154792e-21 2.777944e-22 5.643993e-23 9.755567e-24 1.436197e-24 1.788829e-25 1.845907e-26 1.489285e-27 7.566538e-29 -1.519959e-30 -9.634353e-31 -1.461204e-31 -1.574158e-32 -1.377306e-33 -1.022602e-34 -6.555113e-36 -3.643732e-37 -1.745226e-38 -7.043992e-40 -2.252936e-41 -4.526480e-43 4.837293e-45 1.073978e-45 6.784847e-47 3.108934e-48 1.173005e-49 3.802611e-51 1.078501e-52 2.696841e-54 5.955580e-56 1.157964e-57 1.965533e-59 2.863250e-61 3.455520e-63 3.160700e-65 1.479951e-67 -1.592554e-69 -5.301657e-71 -8.330845e-73 -9.288261e-75 -4.244269e-77 -2.973048e-80 -2.897935e-84 -4.993791e-89 -1.846535e-94 -1.583307e-100 -2.732942e-107
2.051627e-104 5.863185e-98 4.483498e-92 8.904544e-87 4.021203e-82 3.309282e-78 3.827669e-75 6.684634e-73 4.435799e-71 1.360220e-69 -1.290972e-67 -2.817039e-65 -3.148263e-63 -2.667964e-61 -1.874083e-59 -1.130385e-57 -5.955580e-56 -2.764278e-54 -1.133819e-52 -4.102842e-51 -1.299809e-49 -3.540604e-48 -7.947134e-47 -1.294701e-45 -5.995452e-45 5.803929e-43 2.980742e-41 9.628629e-40 2.467522e-38 5.334910e-37 9.950948e-36 1.611586e-34 2.256423e-33 2.684495e-32 2.596862e-31 1.784225e-30 2.832763e-30 -1.564092e-28 -3.222454e-27 -4.205855e-26 -4.306862e-25 -3.665732e-24 -2.648464e-23 -1.635381e-22 -8.621211e-22 -3.851199e-21 -1.435672e-20 -4.337580e-20 -9.959009e-20 -1.409703e-19 4.818741e-20 1.000500e-18 3.462451e-18 7.716972e-18 1.257859e-17 1.522958e-17 1.284400e-17 5.059726e-18 -5.059726e-18 -1.284400e-17 -1.522958e-17 -1.257859e-17 -7.716972e-18 -3.462451e-18 -1.000500e-18 -4.818741e-20 1.409703e-19 9.959009e-20 4.337580e-20 1.435672e-20 3.851199e-21 8.621211e-22 1.635381e-22 2.648464e-23 3.665732e-24 4.306862e-25 4.205855e-26 3.222454e-27 1.564092e-28 -2.832763e-30 -1.784225e-30 -2.596862e-31 -2.684495e-32 -2.256423e-33 -1.611586e-34 -9.950948e-36 -5.334910e-37 -2.467522e-38 -9.628629e-40 -2.980742e-41 -5.803929e-43 5.995452e-45 1.294701e-45 7.947134e-47 3.540604e-48 1.299809e-49 4.102842e-51 1.133819e-52 2.764278e-54 5.955580e-56 1.130385e-57 1.874083e-59 2.667964e-61 3.148263e-63 2.817039e-65 1.290972e-67 -1.360220e-69 -4.435799e-71 -6.684634e-73 -3.827669e-75 -3.309282e-78 -4.021203e-82 -8.904544e-87 -4.483498e-92 -5.863185e-98 -2.051627e-104
7.424885e-102 1.391461e-95 7.815320e-90 1.208158e-84 4.377941e-80 2.920253e-76 2.694847e-73 3.475068e-71 1.110281e-69 -1.075755e-67 -2.397352e-65 -2.737488e-63 -2.371427e-61 -1.703657e-59 -1.051497e-57 -5.671902e-56 -2.696841e-54 -1.133819e-52 -4.208052e-51 -1.368216e-49 -3.827599e-48 -8.829538e-47 -1.479342e-45 -7.040784e-45 7.039144e-43 3.726965e-41 1.242595e-39 3.290174e-38 7.357857e-37 1.421190e-35 2.386307e-34 3.468325e-33 4.288757e-32 4.316787e-31 3.086100e-30 4.938933e-30 -3.000502e-28 -6.459903e-27 -8.856593e-26 -9.556426e-25 -8.595592e-24 -6.582240e-23 -4.321067e-22 -2.429256e-21 -1.160610e-20 -4.636761e-20 -1.500198e-19 -3.647681e-19 -5.058062e-19 5.850888e-19 6.421670e-18 2.372839e-17 5.971408e-17 1.137191e-16 1.682633e-16 1.913242e-16 1.552545e-16 6.004175e-17 -6.004175e-17 -1.552545e-16 -1.913242e-16 -1.682633e-16 -1.137191e-16 -5.971408e-17 -2.372839e-17 -6.421670e-18 -5.850888e-19 5.058062e-19 3.647681e-19 1.500198e-19 4.636761e-20 1.160610e-20 2.429256e-21 4.321067e-22 6.582240e-23 8.595592e-24 9.556426e-25 8.856593e-26 6.459903e-27 3.000502e-28 -4.938933e-30 -3.086100e-30 -4.316787e-31 -4.288757e-32 -3.468325e-33 -2.386307e-34 -1.421190e-35 -7.357857e-37 -3.290174e-38 -1.242595e-39 -3.726965e-41 -7.039144e-43 7.040784e-45 1.479342e-45 8.829538e-47 3.827599e-48 1.368216e-49 4.208052e-51 1.133819e-52 2.696841e-54 5.671902e-56 1.051497e-57 1.703657e-59 2.371427e-61 2.737488e-63 2.397352e-65 1.075755e-67 -1.110281e-69 -3.475068e-71 -2.694847e-73 -2.920253e-76 -4.377941e-80 -1.208158e-84 -7.815320e-90 -1.391461e-95 -7.424885e-102
1.721085e-99 2.369432e-93 1.036084e-87 1.285622e-82 3.778012e-78 2.012455e-74 1.372422e-71 8.507255e-70 -8.561640e-68 -1.947714e-65 -2.271386e-63 -2.010443e-61 -1.476432e-59 -9.319731e-58 -5.144139e-56 -2.504165e-54 -1.078501e-52 -4.102842e-51 -1.368216e-49 -3.928298e-48 -9.306489e-47 -1.602415e-45 -7.836082e-45 8.077626e-43 4.405505e-41 1.514591e-39 4.139394e-38 9.564541e-37 1.910843e-35 3.322364e-34 5.006055e-33 6.424978e-32 6.719174e-31 4.991449e-30 8.067316e-30 -5.351433e-28 -1.202078e-26 -1.727372e-25 -1.959003e-24 -1.856808e-23 -1.502343e-22 -1.044907e-21 -6.240862e-21 -3.175768e-20 -1.353731e-19 -4.669338e-19 -1.197145e-18 -1.603255e-18 3.654343e-18 3.366232e-17 1.337074e-16 3.747795e-16 8.122856e-16 1.401231e-15 1.933367e-15 2.093712e-15 1.646909e-15 6.272942e-16 -6.272942e-16 -1.646909e-15 -2.093712e-15 -1.933367e-15 -1.401231e-15 -8.122856e-16 -3.747795e-16 -1.337074e-16 -3.366232e-17 -3.654343e-18 1.603255e-18 1.197145e-18 4.669338e-19 1.353731e-19 3.175768e-20 6.240862e-21 1.044907e-21 1.502343e-22 1.856808e-23 1.959003e-24 1.727372e-25 1.202078e-26 5.351433e-28 -8.067316e-30 -4.991449e-30 -6.719174e-31 -6.424978e-32 -5.006055e-33 -3.322364e-34 -1.910843e-35 -9.564541e-37 -4.139394e-38 -1.514591e-39 -4.405505e-41 -8.077626e-43 7.836082e-45 1.602415e-45 9.306489e-47 3.928298e-48 1.368216e-49 4.102842e-51 1.078501e-52 2.504165e-54 5.144139e-56 9.319731e-58 1.476432e-59 2.010443e-61 2.271386e-63 1.947714e-65 8.561640e-68 -8.507255e-70 -1.372422e-71 -2.012455e-74 -3.778012e-78 -1.285622e-82 -1.036084e-87 -2.369432e-93 -1.721085e-99
2.860885e-97 3.066954e-91 1.076798e-85 1.084140e-80 2.546919e-76 1.005440e-72 3.337799e-70 -6.340896e-68 -1.510344e-65 -1.798035e-63 -1.625344e-61 -1.219582e-59 -7.869569e-58 -4.442478e-56 -2.212917e-54 -9.757699e-53 -3.802611e-51 -1.299809e-49 -3.827599e-48 -9.306489e-47 -1.645654e-45 -8.266498e-45 8.772140e-43 4.924472e-41 1.744220e-39 4.915656e-38 1.172364e-36 2.419989e-35 4.351943e-34 6.789769e-33 9.033050e-32 9.801974e-31 7.556939e-30 1.236069e-29 -8.886975e-28 -2.079816e-26 -3.126205e-25 -3.717847e-24 -3.703993e-23 -3.157615e-22 -2.319655e-21 -1.466955e-20 -7.922028e-20 -3.589303e-19 -1.314786e-18 -3.542201e-18 -4.520002e-18 1.715394e-17 1.491786e-16 6.371538e-16 1.968180e-15 4.771232e-15 9.341999e-15 1.493083e-14 1.944537e-14 2.019487e-14 1.545697e-14 5.808416e-15 -5.808416e-15 -1.545697e-14 -2.019487e-14 -1.944537e-14 -1.493083e-14 -9.341999e-15 -4.771232e-15 -1.968180e-15 -6.371538e-16 -1.491786e-16 -1.715394e-17 4.520002e-18 3.542201e-18 1.314786e-18 3.589303e-19 7.922028e-20 1.466955e-20 2.319655e-21 3.157615e-22 3.703993e-23 3.717847e-24 3.126205e-25 2.079816e-26 8.886975e-28 -1.236069e-29 -7.556939e-30 -9.801974e-31 -9.033050e-32 -6.789769e-33 -4.351943e-34 -2.419989e-35 -1.172364e-36 -4.915656e-38 -1.744220e-39 -4.924472e-41 -8.772140e-43 8.266498e-45 1.645654e-45 9.306489e-47 3.827599e-48 1.299809e-49 3.802611e-51 9.757699e-53 2.212917e-54 4.442478e-56 7.869569e-58 1.219582e-59 1.625344e-61 1.798035e-63 1.510344e-65 6.340896e-68 -3.337799e-70 -1.005440e-72 -2.546919e-76 -1.084140e-80 -1.076798e-85 -3.066954e-91 -2.860885e-97
3.612781e-95 3.110669e-89 8.866128e-84 7.143672e-79 1.247510e-74 2.446262e-71 -2.303381e-68 -1.092137e-65 -1.357564e-63 -1.252755e-61 -9.600178e-60 -6.329427e-58 -3.652496e-56 -1.860783e-54 -8.395937e-53 -3.349884e-51 -1.173005e-49 -3.540604e-48 -8.829538e-47 -1.602415e-45 -8.266498e-45 9.016544e-43 5.206225e-41 1.898216e-39 5.511585e-38 1.355494e-36 2.888008e-35 5.365976e-34 8.658624e-33 1.192643e-31 1.341179e-30 1.071875e-29 1.778445e-29 -1.375963e-27 -3.350528e-26 -5.258358e-25 -6.544028e-24 -6.837094e-23 -6.125652e-22 -4.739980e-21 -3.164450e-20 -1.807751e-19 -8.676431e-19 -3.364098e-18 -9.497550e-18 -1.139616e-17 6.630773e-17 5.709218e-16 2.616902e-15 8.832977e-15 2.365133e-14 5.164835e-14 9.313241e-14 1.393323e-13 1.722873e-13 1.721700e-13 1.284570e-13 4.766144e-14 -4.766144e-14 -1.284570e-13 -1.721700e-13 -1.722873e-13 -1.393323e-13 -9.313241e-14 -5.164835e-14 -2.365133e-14 -8.832977e-15 -2.616902e-15 -5.709218e-16 -6.630773e-17 1.139616e-17 9.497550e-18 3.364098e-18 8.676431e-19 1.807751e-19 3.164450e-20 4.739980e-21 6.125652e-22 6.837094e-23 6.544028e-24 5.258358e-25 3.350528e-26 1.375963e-27 -1.778445e-29 -1.071875e-29 -1.341179e-30 -1.192643e-31 -8.658624e-33 -5.365976e-34 -2.888008e-35 -1.355494e-36 -5.511585e-38 -1.898216e-39 -5.206225e-41 -9.016544e-43 8.266498e-45 1.602415e-45 8.829538e-47 3.540604e-48 1.173005e-49 3.349884e-51 8.395937e-53 1.860783e-54 3.652496e-56 6.329427e-58 9.600178e-60 1.252755e-61 1.357564e-63 1.092137e-65 2.303381e-68 -2.446262e-71 -1.247510e-74 -7.143672e-79 -8.866128e-84 -3.110669e-89 -3.612781e-95
3.573047e-93 2.498704e-87 5.705142e-82 3.426937e-77 3.032320e-73 -1.526839e-69 -3.928691e-66 -9.558319e-64 -9.202884e-62 -7.199417e-60 -4.847651e-58 -2.858270e-56 -1.488545e-54 -6.869157e-53 -2.804513e-51 -1.005442e-49 -3.108934e-48 -7.947134e-47 -1.479342e-45 -7.836082e-45 8.772140e-43 5.206225e-41 1.952483e-39 5.835845e-38 1.478686e-36 3.248736e-35 6.230288e-34 1.038663e-32 1.479560e-31 1.722295e-30 1.425383e-29 2.405007e-29 -1.988370e-27 -5.031688e-26 -8.231277e-25 -1.069940e-23 -1.169841e-22 -1.099029e-21 -8.935463e-21 -6.280641e-20 -3.784625e-19 -1.918498e-18 -7.850868e-18 -2.317494e-17 -2.580925e-17 2.194558e-16 1.914554e-15 9.391947e-15 3.439777e-14 1.007611e-13 2.423519e-13 4.846754e-13 8.116340e-13 1.141592e-12 1.343174e-12 1.292796e-12 9.405458e-13 3.445787e-13 -3.445787e-13 -9.405458e-13 -1.292796e-12 -1.343174e-12 -1.141592e-12 -8.116340e-13 -4.846754e-13 -2.423519e-13 -1.007611e-13 -3.439777e-14 -9.391947e-15 -1.914554e-15 -2.194558e-16 2.580925e-17 2.317494e-17 7.850868e-18 1.918498e-18 3.784625e-19 6.280641e-20 8.935463e-21 1.099029e-21 1.169841e-22 1.069940e-23 8.231277e-25 5.031688e-26 1.988370e-27 -2.405007e-29 -1.425383e-29 -1.722295e-30 -1.479560e-31 -1.038663e-32 -6.230288e-34 -3.248736e-35 -1.478686e-36 -5.835845e-38 -1.952483e-39 -5.206225e-41 -8.772140e-43 7.836082e-45 1.479342e-45 7.947134e-47 3.108934e-48 1.005442e-49 2.804513e-51 6.869157e-53 1.488545e-54 2.858270e-56 4.847651e-58 7.199417e-60 9.202884e-62 9.558319e-64 3.928691e-66 1.526839e-69 -3.032320e-73 -3.426937e-77 -5.705142e-82 -2.498704e-87 -3.573047e-93
2.797550e-91 1.568700e-85 2.677522e-80 8.300030e-76 -1.707400e-71 -2.600113e-67 -3.358671e-64 -6.302351e-62 -5.141820e-60 -3.534377e-58 -2.128313e-56 -1.132512e-54 -5.342436e-53 -2.230820e-51 -8.183923e-50 -2.590908e-48 -6.784847e-47 -1.294701e-45 -7.040784e-45 8.077626e-43 4.924472e-41 1.898216e-39 5.835845e-38 1.522166e-36 3.445486e-35 6.813617e-34 1.172406e-32 1.725359e-31 2.076775e-30 1.778107e-29 3.059104e-29 -2.684178e-27 -7.051055e-26 -1.200486e-24 -1.627022e-23 -1.858126e-22 -1.826668e-21 -1.556962e-20 -1.149431e-19 -7.287304e-19 -3.891267e-18 -1.676391e-17 -5.164852e-17 -5.269382e-17 6.352997e-16 5.685663e-15 2.976232e-14 1.175830e-13 3.739424e-13 9.812901e-13 2.150280e-12 3.963419e-12 6.178775e-12 8.172872e-12 9.141470e-12 8.461970e-12 5.994647e-12 2.166729e-12 -2.166729e-12 -5.994647e-12 -8.461970e-12 -9.141470e-12 -8.172872e-12 -6.178775e-12 -3.963419e-12 -2.150280e-12 -9.812901e-13 -3.739424e-13 -1.175830e-13 -2.976232e-14 -5.685663e-15 -6.352997e-16 5.269382e-17 5.164852e-17 1.676391e-17 3.891267e-18 7.287304e-19 1.149431e-19 1.556962e-20 1.826668e-21 1.858126e-22 1.627022e-23 1.200486e-24 7.051055e-26 2.684178e-27 -3.059104e-29 -1.778107e-29 -2.076775e-30 -1.725359e-31 -1.172406e-32 -6.813617e-34 -3.445486e-35 -1.522166e-36 -5.835845e-38 -1.898216e-39 -4.924472e-41 -8.077626e-43 7.040784e-45 1.294701e-45 6.784847e-47 2.590908e-48 8.183923e-50 2.230820e-51 5.342436e-53 1.132512e-54 2.128313e-56 3.534377e-58 5.141820e-60 6.302351e-62 3.358671e-64 2.600113e-67 1.707400e-71 -8.300030e-76 -2.677522e-80 -1.568700e-85 -2.797550e-91
