0.000000e+00 0.000000e+00 0.000000e+00 0.000000e+00 0.000000e+00 0.000000e+00 0.000000e+00 0.000000e+00 0.000000e+00 0.000000e+00 0.000000e+00 0.000000e+00 0.000000e+00 0.000000e+00 0.000000e+00 0.000000e+00 0.000000e+00 0.000000e+00 0.000000e+00 0.000000e+00 0.000000e+00 0.000000e+00 0.000000e+00 0.000000e+00 0.000000e+00 0.000000e+00 0.000000e+00 0.000000e+00 0.000000e+00 0.000000e+00 0.000000e+00 0.000000e+00 0.000000e+00 0.000000e+00 0.000000e+00 0.000000e+00 0.000000e+00 0.000000e+00 0.000000e+00 0.000000e+00 0.000000e+00 0.000000e+00 0.000000e+00 0.000000e+00 0.000000e+00 0.000000e+00 0.000000e+00 0.000000e+00 0.000000e+00 0.000000e+00 0.000000e+00 0.000000e+00 0.000000e+00 0.000000e+00 0.000000e+00 0.000000e+00 0.000000e+00 0.000000e+00 0.000000e+00 0.000000e+00 0.000000e+00 0.000000e+00 0.000000e+00 0.000000e+00 0.000000e+00 0.000000e+00 0.000000e+00 0.000000e+00 0.000000e+00 0.000000e+00 0.000000e+00 0.000000e+00 0.000000e+00 0.000000e+00 0.000000e+00 0.000000e+00 0.000000e+00 0.000000e+00 0.000000e+00 0.000000e+00 0.000000e+00 0.000000e+00 0.000000e+00 0.000000e+00 0.000000e+00 0.000000e+00 0.000000e+00 0.000000e+00 0.000000e+00 0.000000e+00 0.000000e+00 0.000000e+00 0.000000e+00 0.000000e+00 0.000000e+00 0.000000e+00 0.000000e+00 0.000000e+00 0.000000e+00 0.000000e+00 0.000000e+00 0.000000e+00 0.000000e+00 0.000000e+00 0.000000e+00 0.000000e+00 0.000000e+00 0.000000e+00 0.000000e+00 0.000000e+00 0.000000e+00 0.000000e+00 0.000000e+00 0.000000e+00 0.000000e+00 0.000000e+00
-7.694189e-109 -3.435138e-103 -5.455214e-98 -2.750018e-93 -3.692282e-89 -1.036058e-85 -4.671479e-83 -3.733537e-81 -1.449123e-79 -5.041154e-78 -1.597562e-76 -4.584192e-75 -1.177507e-73 -2.646627e-72 -4.941087e-71 -6.486523e-70 -1.923073e-70 3.508805e-67 1.499365e-65 4.462914e-64 1.099005e-62 2.359632e-61 4.515748e-60 7.781932e-59 1.212552e-57 1.708215e-56 2.167016e-55 2.452343e-54 2.428925e-53 2.018848e-52 1.248782e-51 2.603611e-51 -7.294211e-50 -1.504134e-48 -1.924533e-47 -1.968931e-46 -1.721317e-45 -1.320226e-44 -8.992004e-44 -5.469184e-43 -2.976626e-42 -1.449190e-41 -6.298029e-41 -2.433938e-40 -8.316896e-40 -2.492103e-39 -6.467695e-39 -1.424914e-38 -2.566243e-38 -3.447029e-38 -2.305600e-38 3.727114e-38 1.713081e-37 3.701208e-37 5.667259e-37 6.500719e-37 5.284600e-37 2.044162e-37 -2.044162e-37 -5.284600e-37 -6.500719e-37 -5.667259e-37 -3.701208e-37 -1.713081e-37 -3.727114e-38 2.305600e-38 3.447029e-38 2.566243e-38 1.424914e-38 6.467695e-39 2.492103e-39 8.316896e-40 2.433938e-40 6.298029e-41 1.449190e-41 2.976626e-42 5.469184e-43 8.992004e-44 1.320226e-44 1.721317e-45 1.968931e-46 1.924533e-47 1.504134e-48 7.294211e-50 -2.603611e-51 -1.248782e-51 -2.018848e-52 -2.428925e-53 -2.452343e-54 -2.167016e-55 -1.708215e-56 -1.212552e-57 -7.781932e-59 -4.515748e-60 -2.359632e-61 -1.099005e-62 -4.462914e-64 -1.499365e-65 -3.508805e-67 1.923073e-70 6.486523e-70 4.941087e-71 2.646627e-72 1.177507e-73 4.584192e-75 1.597562e-76 5.041154e-78 1.449123e-79 3.733537e-81 4.671479e-83 1.036058e-85 3.692282e-89 2.750018e-93 5.455214e-98 3.435138e-103 7.694189e-109
-2.250140e-103 -8.747804e-98 -1.245738e-92 -5.718735e-88 -7.054673e-84 -1.828406e-80 -7.637302e-78 -5.665544e-76 -2.043257e-74 -6.587629e-73 -1.922859e-71 -5.021463e-70 -1.145787e-68 -2.162242e-67 -2.815848e-66 3.200219e-66 1.778067e-63 7.557754e-62 2.279778e-60 5.718307e-59 1.253482e-57 2.452540e-56 4.325201e-55 6.901694e-54 9.961676e-53 1.294915e-51 1.500881e-50 1.519813e-49 1.284380e-48 7.903910e-48 1.139820e-47 -6.041387e-46 -1.204974e-44 -1.567854e-43 -1.650115e-42 -1.491823e-41 -1.187176e-40 -8.410900e-40 -5.333098e-39 -3.031880e-38 -1.544624e-37 -7.035324e-37 -2.852733e-36 -1.023140e-35 -3.213936e-35 -8.704850e-35 -1.976797e-34 -3.541522e-34 -4.109865e-34 8.454706e-35 2.017359e-33 6.507700e-33 1.413743e-32 2.379414e-32 3.204030e-32 3.410288e-32 2.655558e-32 1.006975e-32 -1.006975e-32 -2.655558e-32 -3.410288e-32 -3.204030e-32 -2.379414e-32 -1.413743e-32 -6.507700e-33 -2.017359e-33 -8.454706e-35 4.109865e-34 3.541522e-34 1.976797e-34 8.704850e-35 3.213936e-35 1.023140e-35 2.852733e-36 7.035324e-37 1.544624e-37 3.031880e-38 5.333098e-39 8.410900e-40 1.187176e-40 1.491823e-41 1.650115e-42 1.567854e-43 1.204974e-44 6.041387e-46 -1.139820e-47 -7.903910e-48 -1.284380e-48 -1.519813e-49 -1.500881e-50 -1.294915e-51 -9.961676e-53 -6.901694e-54 -4.325201e-55 -2.452540e-56 -1.253482e-57 -5.718307e-59 -2.279778e-60 -7.557754e-62 -1.778067e-63 -3.200219e-66 2.815848e-66 2.162242e-67 1.145787e-68 5.021463e-70 1.922859e-71 6.587629e-73 2.043257e-74 5.665544e-76 7.637302e-78 1.828406e-80 7.054673e-84 5.718735e-88 1.245738e-92 8.747804e-98 2.250140e-103
-2.190235e-98 -7.635585e-93 -9.901918e-88 -4.176485e-83 -4.758714e-79 -1.142380e-75 -4.424069e-73 -3.042673e-71 -1.016115e-69 -3.015165e-68 -7.999585e-67 -1.851397e-65 -3.526667e-64 -4.536207e-63 1.303100e-62 3.354274e-60 1.419049e-58 4.335276e-57 1.106744e-55 2.474789e-54 4.946081e-53 8.918115e-52 1.455861e-50 2.150583e-49 2.861079e-48 3.391721e-47 3.505302e-46 3.003965e-45 1.825713e-44 1.092060e-44 -1.817282e-42 -3.533346e-41 -4.673073e-40 -5.052084e-39 -4.714612e-38 -3.884656e-37 -2.856310e-36 -1.883325e-35 -1.115308e-34 -5.927915e-34 -2.820249e-33 -1.195357e-32 -4.480274e-32 -1.467628e-31 -4.119035e-31 -9.526373e-31 -1.643633e-30 -1.295859e-30 4.050175e-30 2.326534e-29 7.051598e-29 1.601834e-28 2.943736e-28 4.480473e-28 5.648066e-28 5.754465e-28 4.361424e-28 1.632506e-28 -1.632506e-28 -4.361424e-28 -5.754465e-28 -5.648066e-28 -4.480473e-28 -2.943736e-28 -1.601834e-28 -7.051598e-29 -2.326534e-29 -4.050175e-30 1.295859e-30 1.643633e-30 9.526373e-31 4.119035e-31 1.467628e-31 4.480274e-32 1.195357e-32 2.820249e-33 5.927915e-34 1.115308e-34 1.883325e-35 2.856310e-36 3.884656e-37 4.714612e-38 5.052084e-39 4.673073e-40 3.533346e-41 1.817282e-42 -1.092060e-44 -1.825713e-44 -3.003965e-45 -3.505302e-46 -3.391721e-47 -2.861079e-48 -2.150583e-49 -1.455861e-50 -8.918115e-52 -4.946081e-53 -2.474789e-54 -1.106744e-55 -4.335276e-57 -1.419049e-58 -3.354274e-60 -1.303100e-62 4.536207e-63 3.526667e-64 1.851397e-65 7.999585e-67 3.015165e-68 1.016115e-69 3.042673e-71 4.424069e-73 1.142380e-75 4.758714e-79 4.176485e-83 9.901918e-88 7.635585e-93 2.190235e-98
-6.195790e-94 -1.966980e-88 -2.343666e-83 -9.130408e-79 -9.635825e-75 -2.144258e-71 -7.689161e-69 -4.884359e-67 -1.499459e-65 -4.038906e-64 -9.472419e-63 -1.818639e-61 -2.298644e-60 1.147504e-59 1.998931e-57 8.421345e-56 2.604129e-54 6.761169e-53 1.540991e-51 3.143214e-50 5.789081e-49 9.658912e-48 1.458688e-46 1.983755e-45 2.401971e-44 2.529142e-43 2.191666e-42 1.303746e-41 -6.766178e-42 -1.689506e-39 -3.221212e-38 -4.328184e-37 -4.799816e-36 -4.615531e-35 -3.930009e-34 -2.992574e-33 -2.047076e-32 -1.259596e-31 -6.964859e-31 -3.450360e-30 -1.523258e-29 -5.941874e-29 -2.019365e-28 -5.829821e-28 -1.353720e-27 -2.136367e-27 -9.085881e-29 1.475195e-26 6.723003e-26 2.039553e-25 4.885453e-25 9.716379e-25 1.634795e-24 2.336829e-24 2.815046e-24 2.777975e-24 2.062877e-24 7.644642e-25 -7.644642e-25 -2.062877e-24 -2.777975e-24 -2.815046e-24 -2.336829e-24 -1.634795e-24 -9.716379e-25 -4.885453e-25 -2.039553e-25 -6.723003e-26 -1.475195e-26 9.085881e-29 2.136367e-27 1.353720e-27 5.829821e-28 2.019365e-28 5.941874e-29 1.523258e-29 3.450360e-30 6.964859e-31 1.259596e-31 2.047076e-32 2.992574e-33 3.930009e-34 4.615531e-35 4.799816e-36 4.328184e-37 3.221212e-38 1.689506e-39 6.766178e-42 -1.303746e-41 -2.191666e-42 -2.529142e-43 -2.401971e-44 -1.983755e-45 -1.458688e-46 -9.658912e-48 -5.789081e-49 -3.143214e-50 -1.540991e-51 -6.761169e-53 -2.604129e-54 -8.421345e-56 -1.998931e-57 -1.147504e-59 2.298644e-60 1.818639e-61 9.472419e-63 4.038906e-64 1.499459e-65 4.884359e-67 7.689161e-69 2.144258e-71 9.635825e-75 9.130408e-79 2.343666e-83 1.966980e-88 6.195790e-94
-4.149255e-90 -1.210306e-84 -1.331973e-79 -4.806314e-75 -4.701904e-71 -9.686563e-68 -3.203699e-65 -1.864950e-63 -5.187270e-62 -1.231734e-60 -2.379860e-59 -2.938074e-58 2.232492e-57 3.020666e-55 1.267966e-53 3.966587e-52 1.046645e-50 2.429578e-49 5.053579e-48 9.499032e-47 1.618313e-45 2.496037e-44 3.466037e-43 4.280744e-42 4.584139e-41 4.004673e-40 2.305568e-39 -4.649068e-39 -3.905317e-37 -7.335908e-36 -1.000929e-34 -1.137134e-33 -1.124954e-32 -9.880740e-32 -7.776415e-31 -5.506772e-30 -3.512300e-29 -2.015169e-28 -1.036487e-27 -4.750392e-27 -1.920925e-26 -6.738613e-26 -1.985366e-25 -4.545609e-25 -5.947827e-25 9.692703e-25 1.006810e-23 4.253512e-23 1.319374e-22 3.333735e-22 7.116673e-22 1.303692e-21 2.061349e-21 2.809039e-21 3.263233e-21 3.136571e-21 2.289471e-21 8.412585e-22 -8.412585e-22 -2.289471e-21 -3.136571e-21 -3.263233e-21 -2.809039e-21 -2.061349e-21 -1.303692e-21 -7.116673e-22 -3.333735e-22 -1.319374e-22 -4.253512e-23 -1.006810e-23 -9.692703e-25 5.947827e-25 4.545609e-25 1.985366e-25 6.738613e-26 1.920925e-26 4.750392e-27 1.036487e-27 2.015169e-28 3.512300e-29 5.506772e-30 7.776415e-31 9.880740e-32 1.124954e-32 1.137134e-33 1.000929e-34 7.335908e-36 3.905317e-37 4.649068e-39 -2.305568e-39 -4.004673e-40 -4.584139e-41 -4.280744e-42 -3.466037e-43 -2.496037e-44 -1.618313e-45 -9.499032e-47 -5.053579e-48 -2.429578e-49 -1.046645e-50 -3.966587e-52 -1.267966e-53 -3.020666e-55 -2.232492e-57 2.938074e-58 2.379860e-59 1.231734e-60 5.187270e-62 1.864950e-63 3.203699e-65 9.686563e-68 4.701904e-71 4.806314e-75 1.331973e-79 1.210306e-84 4.149255e-90
-5.040374e-87 -1.358051e-81 -1.384404e-76 -4.630942e-72 -4.194313e-68 -7.968431e-65 -2.411225e-62 -1.266593e-60 -3.095131e-59 -6.010202e-58 -7.202457e-57 7.763738e-56 8.792306e-54 3.680886e-52 1.164573e-50 3.121373e-49 7.374999e-48 1.563254e-46 2.996647e-45 5.208811e-44 8.197928e-43 1.161233e-41 1.461203e-40 1.588944e-39 1.395338e-38 7.673208e-38 -3.090545e-37 -1.708003e-35 -3.175258e-34 -4.398846e-33 -5.114587e-32 -5.198639e-31 -4.702903e-30 -3.819069e-29 -2.794419e-28 -1.843695e-27 -1.095110e-26 -5.833122e-26 -2.767243e-25 -1.155885e-24 -4.165373e-24 -1.242113e-23 -2.738537e-23 -2.318170e-23 1.590536e-22 1.126612e-21 4.653006e-21 1.488407e-20 3.959433e-20 9.009218e-20 1.776921e-19 3.057186e-19 4.595435e-19 6.013308e-19 6.767865e-19 6.354879e-19 4.567582e-19 1.665515e-19 -1.665515e-19 -4.567582e-19 -6.354879e-19 -6.767865e-19 -6.013308e-19 -4.595435e-19 -3.057186e-19 -1.776921e-19 -9.009218e-20 -3.959433e-20 -1.488407e-20 -4.653006e-21 -1.126612e-21 -1.590536e-22 2.318170e-23 2.738537e-23 1.242113e-23 4.165373e-24 1.155885e-24 2.767243e-25 5.833122e-26 1.095110e-26 1.843695e-27 2.794419e-28 3.819069e-29 4.702903e-30 5.198639e-31 5.114587e-32 4.398846e-33 3.175258e-34 1.708003e-35 3.090545e-37 -7.673208e-38 -1.395338e-38 -1.588944e-39 -1.461203e-40 -1.161233e-41 -8.197928e-43 -5.208811e-44 -2.996647e-45 -1.563254e-46 -7.374999e-48 -3.121373e-49 -1.164573e-50 -3.680886e-52 -8.792306e-54 -7.763738e-56 7.202457e-57 6.010202e-58 3.095131e-59 1.266593e-60 2.411225e-62 7.968431e-65 4.194313e-68 4.630942e-72 1.384404e-76 1.358051e-81 5.040374e-87
-9.376998e-85 -2.341343e-79 -2.213690e-74 -6.859471e-70 -5.732719e-66 -9.969299e-63 -2.718724e-60 -1.248330e-58 -2.478113e-57 -2.884865e-56 4.087947e-55 4.128757e-53 1.730766e-51 5.544979e-50 1.510474e-48 3.633560e-47 7.849817e-46 1.534695e-44 2.721850e-43 4.371487e-42 6.317131e-41 8.100327e-40 8.948055e-39 7.903457e-38 4.135525e-37 -2.648187e-36 -1.186686e-34 -2.202043e-33 -3.104338e-32 -3.696695e-31 -3.860902e-30 -3.596538e-29 -3.012207e-28 -2.276022e-27 -1.552266e-26 -9.537356e-26 -5.256108e-25 -2.578378e-24 -1.111157e-23 -4.106229e-23 -1.234413e-22 -2.567788e-22 -3.730232e-23 2.950709e-21 1.835121e-20 7.626452e-20 2.532389e-19 7.089697e-19 1.712450e-18 3.610729e-18 6.688745e-18 1.091977e-17 1.571060e-17 1.983210e-17 2.169370e-17 1.994164e-17 1.413212e-17 5.116919e-18 -5.116919e-18 -1.413212e-17 -1.994164e-17 -2.169370e-17 -1.983210e-17 -1.571060e-17 -1.091977e-17 -6.688745e-18 -3.610729e-18 -1.712450e-18 -7.089697e-19 -2.532389e-19 -7.626452e-20 -1.835121e-20 -2.950709e-21 3.730232e-23 2.567788e-22 1.234413e-22 4.106229e-23 1.111157e-23 2.578378e-24 5.256108e-25 9.537356e-26 1.552266e-26 2.276022e-27 3.012207e-28 3.596538e-29 3.860902e-30 3.696695e-31 3.104338e-32 2.202043e-33 1.186686e-34 2.648187e-36 -4.135525e-37 -7.903457e-38 -8.948055e-39 -8.100327e-40 -6.317131e-41 -4.371487e-42 -2.721850e-43 -1.534695e-44 -7.849817e-46 -3.633560e-47 -1.510474e-48 -5.544979e-50 -1.730766e-51 -4.128757e-53 -4.087947e-55 2.884865e-56 2.478113e-57 1.248330e-58 2.718724e-60 9.969299e-63 5.732719e-66 6.859471e-70 2.213690e-74 2.341343e-79 9.376998e-85
-4.710150e-83 -1.092824e-77 -9.590932e-73 -2.748735e-68 -2.108704e-64 -3.316077e-61 -7.923178e-59 -2.948442e-57 -3.481069e-56 5.520558e-55 5.440651e-53 2.312428e-51 7.544553e-50 2.096382e-48 5.149135e-47 1.136623e-45 2.271901e-44 4.121526e-43 6.773664e-42 1.001889e-40 1.314826e-39 1.485090e-38 1.335995e-37 6.940253e-37 -5.353132e-36 -2.293060e-34 -4.334944e-33 -6.273541e-32 -7.692239e-31 -8.287723e-30 -7.975759e-29 -6.909819e-28 -5.407041e-27 -3.823097e-26 -2.437524e-25 -1.394948e-24 -7.107334e-24 -3.178705e-23 -1.215024e-22 -3.736048e-22 -7.545615e-22 3.671434e-22 1.308817e-20 8.019672e-20 3.451778e-19 1.204498e-18 3.569989e-18 9.175449e-18 2.067521e-17 4.110976e-17 7.241333e-17 1.132125e-16 1.570054e-16 1.922424e-16 2.052293e-16 1.852419e-16 1.296881e-16 4.667217e-17 -4.667217e-17 -1.296881e-16 -1.852419e-16 -2.052293e-16 -1.922424e-16 -1.570054e-16 -1.132125e-16 -7.241333e-17 -4.110976e-17 -2.067521e-17 -9.175449e-18 -3.569989e-18 -1.204498e-18 -3.451778e-19 -8.019672e-20 -1.308817e-20 -3.671434e-22 7.545615e-22 3.736048e-22 1.215024e-22 3.178705e-23 7.107334e-24 1.394948e-24 2.437524e-25 3.823097e-26 5.407041e-27 6.909819e-28 7.975759e-29 8.287723e-30 7.692239e-31 6.273541e-32 4.334944e-33 2.293060e-34 5.353132e-36 -6.940253e-37 -1.335995e-37 -1.485090e-38 -1.314826e-39 -1.001889e-40 -6.773664e-42 -4.121526e-43 -2.271901e-44 -1.136623e-45 -5.149135e-47 -2.096382e-48 -7.544553e-50 -2.312428e-51 -5.440651e-53 -5.520558e-55 3.481069e-56 2.948442e-57 7.923178e-59 3.316077e-61 2.108704e-64 2.748735e-68 9.590932e-73 1.092824e-77 4.710150e-83
-1.795260e-81 -3.872054e-76 -3.148525e-71 -8.301376e-67 -5.776572e-63 -7.996210e-60 -1.556910e-57 -3.445987e-56 5.637635e-55 5.665920e-53 2.458960e-51 8.196137e-50 2.327823e-48 5.846963e-47 1.320528e-45 2.701967e-44 5.020421e-43 8.455402e-42 1.282323e-40 1.726412e-39 2.001336e-38 1.847960e-37 9.824367e-37 -7.959062e-36 -3.479449e-34 -6.770449e-33 -1.010284e-31 -1.278788e-30 -1.423855e-29 -1.417583e-28 -1.271903e-27 -1.031875e-26 -7.572339e-26 -5.016065e-25 -2.985229e-24 -1.582809e-23 -7.367348e-23 -2.926482e-22 -9.289929e-22 -1.867920e-21 1.870108e-21 4.286164e-20 2.684024e-19 1.209060e-18 4.451486e-18 1.398449e-17 3.822442e-17 9.186304e-17 1.953586e-16 3.692220e-16 6.219682e-16 9.351968e-16 1.254192e-15 1.493177e-15 1.558486e-15 1.382988e-15 9.572777e-16 3.425458e-16 -3.425458e-16 -9.572777e-16 -1.382988e-15 -1.558486e-15 -1.493177e-15 -1.254192e-15 -9.351968e-16 -6.219682e-16 -3.692220e-16 -1.953586e-16 -9.186304e-17 -3.822442e-17 -1.398449e-17 -4.451486e-18 -1.209060e-18 -2.684024e-19 -4.286164e-20 -1.870108e-21 1.867920e-21 9.289929e-22 2.926482e-22 7.367348e-23 1.582809e-23 2.985229e-24 5.016065e-25 7.572339e-26 1.031875e-26 1.271903e-27 1.417583e-28 1.423855e-29 1.278788e-30 1.010284e-31 6.770449e-33 3.479449e-34 7.959062e-36 -9.824367e-37 -1.847960e-37 -2.001336e-38 -1.726412e-39 -1.282323e-40 -8.455402e-42 -5.020421e-43 -2.701967e-44 -1.320528e-45 -5.846963e-47 -2.327823e-48 -8.196137e-50 -2.458960e-51 -5.665920e-53 -5.637635e-55 3.445987e-56 1.556910e-57 7.996210e-60 5.776572e-63 8.301376e-67 3.148525e-71 3.872054e-76 1.795260e-81
-6.255562e-80 -1.250736e-74 -9.363942e-70 -2.242623e-65 -1.377634e-61 -1.565297e-58 -1.855825e-56 5.340884e-55 5.665955e-53 2.510213e-51 8.544876e-50 2.479556e-48 6.366203e-47 1.470382e-45 3.078293e-44 5.855161e-43 1.010019e-41 1.569715e-40 2.166816e-39 2.576618e-38 2.440873e-37 1.328332e-36 -1.124499e-35 -5.023157e-34 -1.005511e-32 -1.545864e-31 -2.018156e-30 -2.319980e-29 -2.387039e-28 -2.215601e-27 -1.861357e-26 -1.415911e-25 -9.731855e-25 -6.014757e-24 -3.314035e-23 -1.603119e-22 -6.608851e-22 -2.163510e-21 -4.320339e-21 6.890972e-21 1.281513e-19 8.238156e-19 3.880566e-18 1.503980e-17 4.992616e-17 1.445954e-16 3.690217e-16 8.350437e-16 1.682759e-15 3.030042e-15 4.887514e-15 7.071907e-15 9.172728e-15 1.061686e-14 1.083082e-14 9.446018e-15 6.462581e-15 2.299014e-15 -2.299014e-15 -6.462581e-15 -9.446018e-15 -1.083082e-14 -1.061686e-14 -9.172728e-15 -7.071907e-15 -4.887514e-15 -3.030042e-15 -1.682759e-15 -8.350437e-16 -3.690217e-16 -1.445954e-16 -4.992616e-17 -1.503980e-17 -3.880566e-18 -8.238156e-19 -1.281513e-19 -6.890972e-21 4.320339e-21 2.163510e-21 6.608851e-22 1.603119e-22 3.314035e-23 6.014757e-24 9.731855e-25 1.415911e-25 1.861357e-26 2.215601e-27 2.387039e-28 2.319980e-29 2.018156e-30 1.545864e-31 1.005511e-32 5.023157e-34 1.124499e-35 -1.328332e-36 -2.440873e-37 -2.576618e-38 -2.166816e-39 -1.569715e-40 -1.010019e-41 -5.855161e-43 -3.078293e-44 -1.470382e-45 -6.366203e-47 -2.479556e-48 -8.544876e-50 -2.510213e-51 -5.665955e-53 -5.340884e-55 1.855825e-56 1.565297e-58 1.377634e-61 2.242623e-65 9.363942e-70 1.250736e-74 6.255562e-80
-1.986073e-78 -3.658848e-73 -2.491467e-68 -5.281666e-64 -2.682642e-60 -1.926546e-57 2.346236e-55 5.322589e-53 2.458943e-51 8.544876e-50 2.532285e-48 6.642742e-47 1.568278e-45 3.357638e-44 6.534417e-43 1.153880e-41 1.836695e-40 2.598028e-39 3.167192e-38 3.076538e-37 1.713651e-36 -1.510819e-35 -6.898977e-34 -1.419783e-32 -2.247096e-31 -3.023112e-30 -3.584582e-29 -3.807779e-28 -3.652328e-27 -3.173850e-26 -2.499672e-25 -1.780459e-24 -1.141312e-23 -6.526197e-23 -3.276641e-22 -1.400209e-21 -4.722740e-21 -9.347994e-21 2.123363e-20 3.516482e-19 2.327011e-18 1.145041e-17 4.661575e-17 1.630727e-16 4.988348e-16 1.346983e-15 3.229548e-15 6.904296e-15 1.320651e-14 2.267024e-14 3.501164e-14 4.872139e-14 6.106434e-14 6.863805e-14 6.836282e-14 5.853899e-14 3.955603e-14 1.398386e-14 -1.398386e-14 -3.955603e-14 -5.853899e-14 -6.836282e-14 -6.863805e-14 -6.106434e-14 -4.872139e-14 -3.501164e-14 -2.267024e-14 -1.320651e-14 -6.904296e-15 -3.229548e-15 -1.346983e-15 -4.988348e-16 -1.630727e-16 -4.661575e-17 -1.145041e-17 -2.327011e-18 -3.516482e-19 -2.123363e-20 9.347994e-21 4.722740e-21 1.400209e-21 3.276641e-22 6.526197e-23 1.141312e-23 1.780459e-24 2.499672e-25 3.173850e-26 3.652328e-27 3.807779e-28 3.584582e-29 3.023112e-30 2.247096e-31 1.419783e-32 6.898977e-34 1.510819e-35 -1.713651e-36 -3.076538e-37 -3.167192e-38 -2.598028e-39 -1.836695e-40 -1.153880e-41 -6.534417e-43 -3.357638e-44 -1.568278e-45 -6.642742e-47 -2.532285e-48 -8.544876e-50 -2.458943e-51 -5.322589e-53 -2.346236e-55 1.926546e-57 2.682642e-60 5.281666e-64 2.491467e-68 3.658848e-73 1.986073e-78
-5.711251e-77 -9.581287e-72 -5.789292e-67 -1.021529e-62 -3.393036e-59 1.767841e-56 2.514884e-53 2.266585e-51 8.196028e-50 2.479556e-48 6.642742e-47 1.602327e-45 3.506607e-44 6.978938e-43 1.260907e-41 2.054539e-40 2.976391e-39 3.717799e-38 3.701256e-37 2.109924e-36 -1.931142e-35 -9.017943e-34 -1.906830e-32 -3.104583e-31 -4.300595e-30 -5.255144e-29 -5.757959e-28 -5.701660e-27 -5.119666e-26 -4.170139e-25 -3.074601e-24 -2.041703e-23 -1.210144e-22 -6.298609e-22 -2.787015e-21 -9.677776e-21 -1.895952e-20 5.749920e-20 8.897880e-19 6.071305e-18 3.117325e-17 1.330469e-16 4.892831e-16 1.576423e-15 4.489716e-15 1.136492e-14 2.566846e-14 5.189546e-14 9.420814e-14 1.540193e-13 2.273827e-13 3.036903e-13 3.669238e-13 3.995234e-13 3.875491e-13 3.251343e-13 2.166456e-13 7.604557e-14 -7.604557e-14 -2.166456e-13 -3.251343e-13 -3.875491e-13 -3.995234e-13 -3.669238e-13 -3.036903e-13 -2.273827e-13 -1.540193e-13 -9.420814e-14 -5.189546e-14 -2.566846e-14 -1.136492e-14 -4.489716e-15 -1.576423e-15 -4.892831e-16 -1.330469e-16 -3.117325e-17 -6.071305e-18 -8.897880e-19 -5.749920e-20 1.895952e-20 9.677776e-21 2.787015e-21 6.298609e-22 1.210144e-22 2.041703e-23 3.074601e-24 4.170139e-25 5.119666e-26 5.701660e-27 5.757959e-28 5.255144e-29 4.300595e-30 3.104583e-31 1.906830e-32 9.017943e-34 1.931142e-35 -2.109924e-36 -3.701256e-37 -3.717799e-38 -2.976391e-39 -2.054539e-40 -1.260907e-41 -6.978938e-43 -3.506607e-44 -1.602327e-45 -6.642742e-47 -2.479556e-48 -8.196028e-50 -2.266585e-51 -2.514884e-53 -1.767841e-56 3.393036e-59 1.021529e-62 5.789292e-67 9.581287e-72 5.711251e-77
-1.470911e-75 -2.194629e-70 -1.110432e-65 -1.319266e-61 2.118264e-58 2.201315e-54 1.064221e-51 7.401923e-50 2.327781e-48 6.366203e-47 1.568278e-45 3.506607e-44 7.133683e-43 1.318059e-41 2.197361e-40 3.258523e-39 4.168281e-38 4.250996e-37 2.479910e-36 -2.349183e-35 -1.122247e-33 -2.436779e-32 -4.078443e-31 -5.812682e-30 -7.313823e-29 -8.258417e-28 -8.434518e-27 -7.818053e-26 -6.579200e-25 -5.015737e-24 -3.446578e-23 -2.115102e-22 -1.139981e-21 -5.217874e-21 -1.864196e-20 -3.611291e-20 1.400794e-19 2.083968e-18 1.467626e-17 7.854234e-17 3.507942e-16 1.353214e-15 4.580848e-15 1.372283e-14 3.656213e-14 8.693677e-14 1.850116e-13 3.533716e-13 6.075624e-13 9.432542e-13 1.326276e-12 1.692690e-12 1.961897e-12 2.058697e-12 1.935141e-12 1.583502e-12 1.036961e-12 3.607507e-13 -3.607507e-13 -1.036961e-12 -1.583502e-12 -1.935141e-12 -2.058697e-12 -1.961897e-12 -1.692690e-12 -1.326276e-12 -9.432542e-13 -6.075624e-13 -3.533716e-13 -1.850116e-13 -8.693677e-14 -3.656213e-14 -1.372283e-14 -4.580848e-15 -1.353214e-15 -3.507942e-16 -7.854234e-17 -1.467626e-17 -2.083968e-18 -1.400794e-19 3.611291e-20 1.864196e-20 5.217874e-21 1.139981e-21 2.115102e-22 3.446578e-23 5.015737e-24 6.579200e-25 7.818053e-26 8.434518e-27 8.258417e-28 7.313823e-29 5.812682e-30 4.078443e-31 2.436779e-32 1.122247e-33 2.349183e-35 -2.479910e-36 -4.250996e-37 -4.168281e-38 -3.258523e-39 -2.197361e-40 -1.318059e-41 -7.133683e-43 -3.506607e-44 -1.568278e-45 -6.366203e-47 -2.327781e-48 -7.401923e-50 -1.064221e-51 -2.201315e-54 -2.118264e-58 1.319266e-61 1.110432e-65 2.194629e-70 1.470911e-75
-3.318247e-74 -4.168578e-69 -1.456090e-64 5.094457e-61 3.269128e-56 9.332829e-53 3.425086e-50 2.058072e-48 5.846837e-47 1.470382e-45 3.357638e-44 6.978938e-43 1.318059e-41 2.247125e-40 3.409387e-39 4.464154e-38 4.661763e-37 2.782942e-36 -2.720449e-35 -1.329977e-33 -2.963909e-32 -5.096161e-31 -7.467342e-30 -9.667338e-29 -1.124005e-27 -1.182995e-26 -1.130891e-25 -9.822974e-25 -7.735580e-24 -5.494741e-23 -3.487660e-22 -1.944535e-21 -9.198620e-21 -3.379579e-20 -6.471308e-20 3.111054e-19 4.531564e-18 3.295565e-17 1.836218e-16 8.567923e-16 3.460139e-15 1.227968e-14 3.860055e-14 1.079630e-13 2.694633e-13 6.015381e-13 1.203759e-12 2.164811e-12 3.508832e-12 5.142190e-12 6.835136e-12 8.262057e-12 9.092242e-12 9.091413e-12 8.186022e-12 6.464421e-12 4.126014e-12 1.416155e-12 -1.416155e-12 -4.126014e-12 -6.464421e-12 -8.186022e-12 -9.091413e-12 -9.092242e-12 -8.262057e-12 -6.835136e-12 -5.142190e-12 -3.508832e-12 -2.164811e-12 -1.203759e-12 -6.015381e-13 -2.694633e-13 -1.079630e-13 -3.860055e-14 -1.227968e-14 -3.460139e-15 -8.567923e-16 -1.836218e-16 -3.295565e-17 -4.531564e-18 -3.111054e-19 6.471308e-20 3.379579e-20 9.198620e-21 1.944535e-21 3.487660e-22 5.494741e-23 7.735580e-24 9.822974e-25 1.130891e-25 1.182995e-26 1.124005e-27 9.667338e-29 7.467342e-30 5.096161e-31 2.963909e-32 1.329977e-33 2.720449e-35 -2.782942e-36 -4.661763e-37 -4.464154e-38 -3.409387e-39 -2.247125e-40 -1.318059e-41 -6.978938e-43 -3.357638e-44 -1.470382e-45 -5.846837e-47 -2.058072e-48 -3.425086e-50 -9.332829e-53 -3.269128e-56 -5.094457e-61 1.456090e-64 4.168578e-69 3.318247e-74
-6.233109e-73 -5.523744e-68 2.796277e-64 1.077705e-58 1.391220e-54 2.970265e-51 9.359170e-49 5.057688e-47 1.320494e-45 3.078293e-44 6.534417e-43 1.260907e-41 2.197361e-40 3.409387e-39 4.567338e-38 4.881681e-37 2.982114e-36 -2.999676e-35 -1.501286e-33 -3.432116e-32 -6.058562e-31 -9.120840e-30 -1.214030e-28 -1.452317e-27 -1.573878e-26 -1.550363e-25 -1.388712e-24 -1.128609e-23 -8.279040e-23 -5.429848e-22 -3.128774e-21 -1.528401e-20 -5.772276e-20 -1.092803e-19 6.351693e-19 9.171756e-18 6.889557e-17 3.992310e-16 1.943179e-15 8.200876e-15 3.045195e-14 1.002325e-13 2.936205e-13 7.672958e-13 1.791569e-12 3.743055e-12 7.009009e-12 1.178716e-11 1.784594e-11 2.438943e-11 3.016626e-11 3.383969e-11 3.446755e-11 3.184653e-11 2.653161e-11 1.952106e-11 1.178807e-11 3.923026e-12 -3.923026e-12 -1.178807e-11 -1.952106e-11 -2.653161e-11 -3.184653e-11 -3.446755e-11 -3.383969e-11 -3.016626e-11 -2.438943e-11 -1.784594e-11 -1.178716e-11 -7.009009e-12 -3.743055e-12 -1.791569e-12 -7.672958e-13 -2.936205e-13 -1.002325e-13 -3.045195e-14 -8.200876e-15 -1.943179e-15 -3.992310e-16 -6.889557e-17 -9.171756e-18 -6.351693e-19 1.092803e-19 5.772276e-20 1.528401e-20 3.128774e-21 5.429848e-22 8.279040e-23 1.128609e-23 1.388712e-24 1.550363e-25 1.573878e-26 1.452317e-27 1.214030e-28 9.120840e-30 6.058562e-31 3.432116e-32 1.501286e-33 2.999676e-35 -2.982114e-36 -4.881681e-37 -4.567338e-38 -3.409387e-39 -2.197361e-40 -1.260907e-41 -6.534417e-43 -3.078293e-44 -1.320494e-45 -5.057688e-47 -9.359170e-49 -2.970265e-51 -1.391220e-54 -1.077705e-58 -2.796277e-64 5.523744e-68 6.233109e-73
-8.312516e-72 1.795731e-68 1.013495e-61 4.606732e-57 4.379234e-53 7.992909e-50 2.257152e-47 1.116966e-45 2.701889e-44 5.855161e-43 1.153880e-41 2.054539e-40 3.258523e-39 4.464154e-38 4.881681e-37 3.051598e-36 -3.149753e-35 -1.614396e-33 -3.784288e-32 -6.854344e-31 -1.059478e-29 -1.448902e-28 -1.782062e-27 -1.986972e-26 -2.015242e-25 -1.859925e-24 -1.558573e-23 -1.179653e-22 -7.987088e-22 -4.752257e-21 -2.395503e-20 -9.297087e-20 -1.741810e-19 1.198919e-18 1.731479e-17 1.343470e-16 8.088215e-16 4.100771e-15 1.805670e-14 7.003065e-14 2.409070e-13 7.376476e-13 2.013863e-12 4.906149e-12 1.067008e-11 2.072419e-11 3.596482e-11 5.579411e-11 7.739237e-11 9.591667e-11 1.059368e-10 1.036610e-10 8.886812e-11 6.542489e-11 3.992025e-11 1.893196e-11 6.195144e-12 1.050349e-12 -1.050349e-12 -6.195144e-12 -1.893196e-11 -3.992025e-11 -6.542489e-11 -8.886812e-11 -1.036610e-10 -1.059368e-10 -9.591667e-11 -7.739237e-11 -5.579411e-11 -3.596482e-11 -2.072419e-11 -1.067008e-11 -4.906149e-12 -2.013863e-12 -7.376476e-13 -2.409070e-13 -7.003065e-14 -1.805670e-14 -4.100771e-15 -8.088215e-16 -1.343470e-16 -1.731479e-17 -1.198919e-18 1.741810e-19 9.297087e-20 2.395503e-20 4.752257e-21 7.987088e-22 1.179653e-22 1.558573e-23 1.859925e-24 2.015242e-25 1.986972e-26 1.782062e-27 1.448902e-28 1.059478e-29 6.854344e-31 3.784288e-32 1.614396e-33 3.149753e-35 -3.051598e-36 -4.881681e-37 -4.464154e-38 -3.258523e-39 -2.054539e-40 -1.153880e-41 -5.855161e-43 -2.701889e-44 -1.116966e-45 -2.257152e-47 -7.992909e-50 -4.379234e-53 -4.606732e-57 -1.013495e-61 -1.795731e-68 8.312516e-72
-8.266887e-72 3.288361e-65 4.353928e-60 1.433574e-55 1.160291e-51 1.894627e-48 4.887551e-46 2.233636e-44 5.020258e-43 1.010019e-41 1.836695e-40 2.976391e-39 4.168281e-38 4.661763e-37 2.982114e-36 -3.149753e-35 -1.653946e-33 -3.973585e-32 -7.380702e-31 -1.170628e-29 -1.643743e-28 -2.077154e-27 -2.381117e-26 -2.484609e-25 -2.360862e-24 -2.038193e-23 -1.590366e-22 -1.110684e-21 -6.818276e-21 -3.544144e-20 -1.413227e-19 -2.624348e-19 2.100783e-18 3.054281e-17 2.447664e-16 1.529481e-15 8.067073e-15 3.700609e-14 1.496668e-13 5.371833e-13 1.716226e-12 4.885858e-12 1.239328e-11 2.798802e-11 5.620073e-11 1.001579e-10 1.579504e-10 2.192464e-10 2.650234e-10 2.725467e-10 2.248571e-10 1.207592e-10 -2.004324e-11 -1.603529e-10 -2.572068e-10 -2.776350e-10 -2.119886e-10 -7.911156e-11 7.911156e-11 2.119886e-10 2.776350e-10 2.572068e-10 1.603529e-10 2.004324e-11 -1.207592e-10 -2.248571e-10 -2.725467e-10 -2.650234e-10 -2.192464e-10 -1.579504e-10 -1.001579e-10 -5.620073e-11 -2.798802e-11 -1.239328e-11 -4.885858e-12 -1.716226e-12 -5.371833e-13 -1.496668e-13 -3.700609e-14 -8.067073e-15 -1.529481e-15 -2.447664e-16 -3.054281e-17 -2.100783e-18 2.624348e-19 1.413227e-19 3.544144e-20 6.818276e-21 1.110684e-21 1.590366e-22 2.038193e-23 2.360862e-24 2.484609e-25 2.381117e-26 2.077154e-27 1.643743e-28 1.170628e-29 7.380702e-31 3.973585e-32 1.653946e-33 3.149753e-35 -2.982114e-36 -4.661763e-37 -4.168281e-38 -2.976391e-39 -1.836695e-40 -1.010019e-41 -5.020258e-43 -2.233636e-44 -4.887551e-46 -1.894627e-48 -1.160291e-51 -1.433574e-55 -4.353928e-60 -3.288361e-65 8.266887e-72
4.244214e-69 1.420565e-63 1.338719e-58 3.737409e-54 2.702290e-50 4.027725e-47 9.577097e-45 4.054023e-43 8.455092e-42 1.569715e-40 2.598028e-39 3.717799e-38 4.250996e-37 2.782942e-36 -2.999676e-35 -1.614396e-33 -3.973585e-32 -7.564913e-31 -1.230464e-29 -1.772895e-28 -2.300303e-27 -2.709205e-26 -2.906361e-25 -2.841070e-24 -2.525018e-23 -2.029541e-22 -1.460856e-21 -9.245649e-21 -4.952760e-20 -2.028820e-19 -3.742999e-19 3.427538e-18 5.041651e-17 4.172276e-16 2.703544e-15 1.481643e-14 7.071299e-14 2.978014e-13 1.113534e-12 3.706188e-12 1.098422e-11 2.895887e-11 6.776860e-11 1.403002e-10 2.556563e-10 4.065849e-10 5.553931e-10 6.288363e-10 5.326637e-10 1.874080e-10 -4.268095e-10 -1.237781e-09 -2.080245e-09 -2.733053e-09 -2.984424e-09 -2.702688e-09 -1.886728e-09 -6.771385e-10 6.771385e-10 1.886728e-09 2.702688e-09 2.984424e-09 2.733053e-09 2.080245e-09 1.237781e-09 4.268095e-10 -1.874080e-10 -5.326637e-10 -6.288363e-10 -5.553931e-10 -4.065849e-10 -2.556563e-10 -1.403002e-10 -6.776860e-11 -2.895887e-11 -1.098422e-11 -3.706188e-12 -1.113534e-12 -2.978014e-13 -7.071299e-14 -1.481643e-14 -2.703544e-15 -4.172276e-16 -5.041651e-17 -3.427538e-18 3.742999e-19 2.028820e-19 4.952760e-20 9.245649e-21 1.460856e-21 2.029541e-22 2.525018e-23 2.841070e-24 2.906361e-25 2.709205e-26 2.300303e-27 1.772895e-28 1.230464e-29 7.564913e-31 3.973585e-32 1.614396e-33 2.999676e-35 -2.782942e-36 -4.250996e-37 -3.717799e-38 -2.598028e-39 -1.569715e-40 -8.455092e-42 -4.054023e-43 -9.577097e-45 -4.027725e-47 -2.702290e-50 -3.737409e-54 -1.338719e-58 -1.420565e-63 -4.244214e-69
1.844951e-67 4.313121e-62 3.431693e-57 8.546199e-53 5.637521e-49 7.742841e-46 1.702509e-43 6.666137e-42 1.282270e-40 2.166816e-39 3.167192e-38 3.701256e-37 2.479910e-36 -2.720449e-35 -1.501286e-33 -3.784288e-32 -7.380702e-31 -1.230464e-29 -1.818143e-28 -2.420633e-27 -2.927179e-26 -3.226214e-25 -3.242203e-24 -2.964254e-23 -2.452502e-22 -1.818086e-21 -1.185461e-20 -6.540758e-20 -2.752308e-19 -5.060230e-19 5.219115e-18 7.797405e-17 6.662134e-16 4.472676e-15 2.544109e-14 1.261693e-13 5.525698e-13 2.149579e-12 7.442969e-12 2.293225e-11 6.274484e-11 1.518953e-10 3.234695e-10 6.003377e-10 9.549556e-10 1.256726e-09 1.240247e-09 5.382729e-10 -1.200114e-09 -4.135998e-09 -8.085154e-09 -1.246022e-08 -1.635503e-08 -1.875817e-08 -1.883153e-08 -1.616512e-08 -1.092714e-08 -3.862475e-09 3.862475e-09 1.092714e-08 1.616512e-08 1.883153e-08 1.875817e-08 1.635503e-08 1.246022e-08 8.085154e-09 4.135998e-09 1.200114e-09 -5.382729e-10 -1.240247e-09 -1.256726e-09 -9.549556e-10 -6.003377e-10 -3.234695e-10 -1.518953e-10 -6.274484e-11 -2.293225e-11 -7.442969e-12 -2.149579e-12 -5.525698e-13 -1.261693e-13 -2.544109e-14 -4.472676e-15 -6.662134e-16 -7.797405e-17 -5.219115e-18 5.060230e-19 2.752308e-19 6.540758e-20 1.185461e-20 1.818086e-21 2.452502e-22 2.964254e-23 3.242203e-24 3.226214e-25 2.927179e-26 2.420633e-27 1.818143e-28 1.230464e-29 7.380702e-31 3.784288e-32 1.501286e-33 2.720449e-35 -2.479910e-36 -3.701256e-37 -3.167192e-38 -2.166816e-39 -1.282270e-40 -6.666137e-42 -1.702509e-43 -7.742841e-46 -5.637521e-49 -8.546199e-53 -3.431693e-57 -4.313121e-62 -1.844951e-67
5.527992e-66 1.086304e-60 7.698529e-56 1.748308e-51 1.062714e-47 1.349822e-44 2.741333e-42 9.865690e-41 1.726329e-39 2.576618e-38 3.076538e-37 2.109924e-36 -2.349183e-35 -1.329977e-33 -3.432116e-32 -6.854344e-31 -1.170628e-29 -1.772895e-28 -2.420633e-27 -3.003632e-26 -3.398990e-25 -3.509328e-24 -3.298342e-23 -2.807041e-22 -2.141658e-21 -1.437754e-20 -8.166519e-20 -3.530085e-19 -6.492305e-19 7.430156e-18 1.131078e-16 9.975058e-16 6.932888e-15 4.088818e-14 2.104686e-13 9.574327e-13 3.870187e-12 1.392381e-11 4.454328e-11 1.263248e-10 3.159171e-10 6.907294e-10 1.301185e-09 2.052488e-09 2.527834e-09 1.845120e-09 -1.298999e-09 -8.287182e-09 -1.999262e-08 -3.616884e-08 -5.510299e-08 -7.372738e-08 -8.820314e-08 -9.481238e-08 -9.089590e-08 -7.557355e-08 -5.006237e-08 -1.752270e-08 1.752270e-08 5.006237e-08 7.557355e-08 9.089590e-08 9.481238e-08 8.820314e-08 7.372738e-08 5.510299e-08 3.616884e-08 1.999262e-08 8.287182e-09 1.298999e-09 -1.845120e-09 -2.527834e-09 -2.052488e-09 -1.301185e-09 -6.907294e-10 -3.159171e-10 -1.263248e-10 -4.454328e-11 -1.392381e-11 -3.870187e-12 -9.574327e-13 -2.104686e-13 -4.088818e-14 -6.932888e-15 -9.975058e-16 -1.131078e-16 -7.430156e-18 6.492305e-19 3.530085e-19 8.166519e-20 1.437754e-20 2.141658e-21 2.807041e-22 3.298342e-23 3.509328e-24 3.398990e-25 3.003632e-26 2.420633e-27 1.772895e-28 1.170628e-29 6.854344e-31 3.432116e-32 1.329977e-33 2.349183e-35 -2.109924e-36 -3.076538e-37 -2.576618e-38 -1.726329e-39 -9.865690e-41 -2.741333e-42 -1.349822e-44 -1.062714e-47 -1.748308e-51 -7.698529e-56 -1.086304e-60 -5.527992e-66
1.366874e-64 2.388879e-59 1.543050e-54 3.229079e-50 1.815852e-46 2.131218e-43 3.973209e-41 1.295691e-39 2.001221e-38 2.440872e-37 1.713651e-36 -1.931142e-35 -1.122247e-33 -2.963909e-32 -6.058562e-31 -1.059478e-29 -1.643743e-28 -2.300303e-27 -2.927179e-26 -3.398990e-25 -3.603131e-24 -3.479123e-23 -3.043682e-22 -2.388455e-21 -1.649881e-20 -9.643145e-20 -4.282317e-19 -7.913558e-19 9.903327e-18 1.540183e-16 1.401684e-15 1.007789e-14 6.156882e-14 3.286031e-13 1.550987e-12 6.507425e-12 2.429921e-11 8.062624e-11 2.367586e-10 6.109907e-10 1.369565e-09 2.610934e-09 4.046987e-09 4.468648e-09 1.215829e-09 -9.875906e-09 -3.360353e-08 -7.361039e-08 -1.303196e-07 -1.995176e-07 -2.722886e-07 -3.364454e-07 -3.790320e-07 -3.891567e-07 -3.604024e-07 -2.922823e-07 -1.905133e-07 -6.615416e-08 6.615416e-08 1.905133e-07 2.922823e-07 3.604024e-07 3.891567e-07 3.790320e-07 3.364454e-07 2.722886e-07 1.995176e-07 1.303196e-07 7.361039e-08 3.360353e-08 9.875906e-09 -1.215829e-09 -4.468648e-09 -4.046987e-09 -2.610934e-09 -1.369565e-09 -6.109907e-10 -2.367586e-10 -8.062624e-11 -2.429921e-11 -6.507425e-12 -1.550987e-12 -3.286031e-13 -6.156882e-14 -1.007789e-14 -1.401684e-15 -1.540183e-16 -9.903327e-18 7.913558e-19 4.282317e-19 9.643145e-20 1.649881e-20 2.388455e-21 3.043682e-22 3.479123e-23 3.603131e-24 3.398990e-25 2.927179e-26 2.300303e-27 1.643743e-28 1.059478e-29 6.058562e-31 2.963909e-32 1.122247e-33 1.931142e-35 -1.713651e-36 -2.440872e-37 -2.001221e-38 -1.295691e-39 -3.973209e-41 -2.131218e-43 -1.815852e-46 -3.229079e-50 -1.543050e-54 -2.388879e-59 -1.366874e-64
2.944068e-63 4.687258e-58 2.789907e-53 5.403177e-49 2.809676e-45 3.030038e-42 5.113996e-40 1.465077e-38 1.847819e-37 1.328331e-36 -1.510819e-35 -9.017943e-34 -2.436779e-32 -5.096161e-31 -9.120840e-30 -1.448902e-28 -2.077154e-27 -2.709205e-26 -3.226214e-25 -3.509328e-24 -3.479123e-23 -3.126876e-22 -2.522224e-21 -1.791755e-20 -1.077161e-19 -4.914845e-19 -9.172418e-19 1.237084e-17 1.970106e-16 1.849789e-15 1.374876e-14 8.693356e-14 4.806258e-13 2.351411e-12 1.022995e-11 3.960861e-11 1.361864e-10 4.137290e-10 1.100859e-09 2.527183e-09 4.863860e-09 7.336848e-09 6.769232e-09 -4.101093e-09 -3.724185e-08 -1.073572e-07 -2.269476e-07 -4.000445e-07 -6.174934e-07 -8.560728e-07 -1.081978e-06 -1.257450e-06 -1.348394e-06 -1.330902e-06 -1.195376e-06 -9.478328e-07 -6.087076e-07 -2.098164e-07 2.098164e-07 6.087076e-07 9.478328e-07 1.195376e-06 1.330902e-06 1.348394e-06 1.257450e-06 1.081978e-06 8.560728e-07 6.174934e-07 4.000445e-07 2.269476e-07 1.073572e-07 3.724185e-08 4.101093e-09 -6.769232e-09 -7.336848e-09 -4.863860e-09 -2.527183e-09 -1.100859e-09 -4.137290e-10 -1.361864e-10 -3.960861e-11 -1.022995e-11 -2.351411e-12 -4.806258e-13 -8.693356e-14 -1.374876e-14 -1.849789e-15 -1.970106e-16 -1.237084e-17 9.172418e-19 4.914845e-19 1.077161e-19 1.791755e-20 2.522224e-21 3.126876e-22 3.479123e-23 3.509328e-24 3.226214e-25 2.709205e-26 2.077154e-27 1.448902e-28 9.120840e-30 5.096161e-31 2.436779e-32 9.017943e-34 1.510819e-35 -1.328331e-36 -1.847819e-37 -1.465077e-38 -5.113996e-40 -3.030038e-42 -2.809676e-45 -5.403177e-49 -2.789907e-53 -4.687258e-58 -2.944068e-63
5.649857e-62 8.288579e-57 4.567255e-52 8.185260e-48 3.915927e-44 3.830540e-41 5.680269e-39 1.320722e-37 9.822932e-37 -1.124500e-35 -6.898977e-34 -1.906830e-32 -4.078443e-31 -7.467342e-30 -1.214030e-28 -1.782062e-27 -2.381117e-26 -2.906361e-25 -3.242203e-24 -3.298342e-23 -3.043682e-22 -2.522224e-21 -1.841683e-20 -1.138397e-19 -5.337911e-19 -1.011686e-18 1.449390e-17 2.368524e-16 2.293908e-15 1.761428e-14 1.151800e-13 6.590643e-13 3.339197e-12 1.505007e-11 6.036873e-11 2.149174e-10 6.750094e-10 1.850811e-09 4.348534e-09 8.434076e-09 1.225580e-08 8.243963e-09 -2.158049e-08 -1.082553e-07 -2.919282e-07 -6.091936e-07 -1.075621e-06 -1.671971e-06 -2.341237e-06 -2.997951e-06 -3.545803e-06 -3.897087e-06 -3.988207e-06 -3.788238e-06 -3.300361e-06 -2.557991e-06 -1.618050e-06 -5.535178e-07 5.535178e-07 1.618050e-06 2.557991e-06 3.300361e-06 3.788238e-06 3.988207e-06 3.897087e-06 3.545803e-06 2.997951e-06 2.341237e-06 1.671971e-06 1.075621e-06 6.091936e-07 2.919282e-07 1.082553e-07 2.158049e-08 -8.243963e-09 -1.225580e-08 -8.434076e-09 -4.348534e-09 -1.850811e-09 -6.750094e-10 -2.149174e-10 -6.036873e-11 -1.505007e-11 -3.339197e-12 -6.590643e-13 -1.151800e-13 -1.761428e-14 -2.293908e-15 -2.368524e-16 -1.449390e-17 1.011686e-18 5.337911e-19 1.138397e-19 1.841683e-20 2.522224e-21 3.043682e-22 3.298342e-23 3.242203e-24 2.906361e-25 2.381117e-26 1.782062e-27 1.214030e-28 7.467342e-30 4.078443e-31 1.906830e-32 6.898977e-34 1.124500e-35 -9.822932e-37 -1.320722e-37 -5.680269e-39 -3.830540e-41 -3.915927e-44 -8.185260e-48 -4.567255e-52 -8.288579e-57 -5.649857e-62
9.762009e-61 1.326220e-55 6.767040e-51 1.117122e-46 4.858595e-43 4.193307e-40 5.068954e-38 6.914206e-37 -7.960134e-36 -5.023158e-34 -1.419783e-32 -3.104583e-31 -5.812682e-30 -9.667338e-29 -1.452317e-27 -1.986972e-26 -2.484609e-25 -2.841070e-24 -2.964254e-23 -2.807041e-22 -2.388455e-21 -1.791755e-20 -1.138397e-19 -5.486799e-19 -1.062360e-18 1.593559e-17 2.677376e-16 2.674224e-15 2.120239e-14 1.432749e-13 8.478246e-13 4.444836e-12 2.073722e-11 8.610881e-11 3.171968e-10 1.029417e-09 2.907562e-09 6.989978e-09 1.364755e-08 1.890611e-08 6.363393e-09 -6.447500e-08 -2.665958e-07 -6.984888e-07 -1.453737e-06 -2.575399e-06 -4.019062e-06 -5.646376e-06 -7.252585e-06 -8.614433e-06 -9.538956e-06 -9.897368e-06 -9.637720e-06 -8.778829e-06 -7.392691e-06 -5.583717e-06 -3.471011e-06 -1.177033e-06 1.177033e-06 3.471011e-06 5.583717e-06 7.392691e-06 8.778829e-06 9.637720e-06 9.897368e-06 9.538956e-06 8.614433e-06 7.252585e-06 5.646376e-06 4.019062e-06 2.575399e-06 1.453737e-06 6.984888e-07 2.665958e-07 6.447500e-08 -6.363393e-09 -1.890611e-08 -1.364755e-08 -6.989978e-09 -2.907562e-09 -1.029417e-09 -3.171968e-10 -8.610881e-11 -2.073722e-11 -4.444836e-12 -8.478246e-13 -1.432749e-13 -2.120239e-14 -2.674224e-15 -2.677376e-16 -1.593559e-17 1.062360e-18 5.486799e-19 1.138397e-19 1.791755e-20 2.388455e-21 2.807041e-22 2.964254e-23 2.841070e-24 2.484609e-25 1.986972e-26 1.452317e-27 9.667338e-29 5.812682e-30 3.104583e-31 1.419783e-32 5.023158e-34 7.960134e-36 -6.914206e-37 -5.068954e-38 -4.193307e-40 -4.858595e-43 -1.117122e-46 -6.767040e-51 -1.326220e-55 -9.762009e-61
