0.000000e+00 0.000000e+00 0.000000e+00 0.000000e+00 0.000000e+00 0.000000e+00 0.000000e+00 0.000000e+00 0.000000e+00 0.000000e+00 0.000000e+00 0.000000e+00 0.000000e+00 0.000000e+00 0.000000e+00 0.000000e+00 0.000000e+00 0.000000e+00 0.000000e+00 0.000000e+00 0.000000e+00 0.000000e+00 0.000000e+00 0.000000e+00 0.000000e+00 0.000000e+00 0.000000e+00 0.000000e+00 0.000000e+00 0.000000e+00 0.000000e+00 0.000000e+00 0.000000e+00 0.000000e+00 0.000000e+00 0.000000e+00 0.000000e+00 0.000000e+00 0.000000e+00 0.000000e+00 0.000000e+00 0.000000e+00 0.000000e+00 0.000000e+00 0.000000e+00 0.000000e+00 0.000000e+00 0.000000e+00 0.000000e+00 0.000000e+00 0.000000e+00 0.000000e+00 0.000000e+00 0.000000e+00 0.000000e+00 0.000000e+00 0.000000e+00 0.000000e+00 0.000000e+00 0.000000e+00 0.000000e+00 0.000000e+00 0.000000e+00 0.000000e+00 0.000000e+00 0.000000e+00 0.000000e+00 0.000000e+00 0.000000e+00 0.000000e+00 0.000000e+00 0.000000e+00 0.000000e+00 0.000000e+00 0.000000e+00 0.000000e+00 0.000000e+00 0.000000e+00 0.000000e+00 0.000000e+00 0.000000e+00 0.000000e+00 0.000000e+00 0.000000e+00 0.000000e+00 0.000000e+00 0.000000e+00 0.000000e+00 0.000000e+00 0.000000e+00 0.000000e+00 0.000000e+00 0.000000e+00 0.000000e+00 0.000000e+00 0.000000e+00 0.000000e+00 0.000000e+00 0.000000e+00 0.000000e+00 0.000000e+00 0.000000e+00 0.000000e+00 0.000000e+00 0.000000e+00 0.000000e+00 0.000000e+00 0.000000e+00 0.000000e+00 0.000000e+00 0.000000e+00 0.000000e+00 0.000000e+00 0.000000e+00 0.000000e+00 0.000000e+00
0.000000e+00 0.000000e+00 0.000000e+00 0.000000e+00 2.791096e-117 1.568607e-112 7.567040e-109 4.536353e-106 1.026137e-103 1.747170e-101 2.372974e-99 2.620380e-97 2.365901e-95 1.725231e-93 9.644143e-92 3.328402e-90 -5.012768e-89 -2.002769e-86 -2.035036e-84 -1.473985e-82 -8.705464e-81 -4.393477e-79 -1.936540e-77 -7.541318e-76 -2.610378e-74 -8.051160e-73 -2.211212e-71 -5.385321e-70 -1.152215e-68 -2.124635e-67 -3.235622e-66 -3.597715e-65 -1.249173e-64 6.902544e-63 2.428897e-61 5.282713e-60 9.060014e-59 1.305758e-57 1.619593e-56 1.744143e-55 1.631756e-54 1.318157e-53 9.059751e-53 5.135580e-52 2.225156e-51 5.484015e-51 -1.455334e-50 -2.795091e-49 -2.030751e-48 -1.041558e-47 -4.167958e-47 -1.339160e-46 -3.473627e-46 -7.225770e-46 -1.184565e-45 -1.477039e-45 -1.281742e-45 -5.131216e-46 5.131216e-46 1.281742e-45 1.477039e-45 1.184565e-45 7.225770e-46 3.473627e-46 1.339160e-46 4.167958e-47 1.041558e-47 2.030751e-48 2.795091e-49 1.455334e-50 -5.484015e-51 -2.225156e-51 -5.135580e-52 -9.059751e-53 -1.318157e-53 -1.631756e-54 -1.744143e-55 -1.619593e-56 -1.305758e-57 -9.060014e-59 -5.282713e-60 -2.428897e-61 -6.902544e-63 1.249173e-64 3.597715e-65 3.235622e-66 2.124635e-67 1.152215e-68 5.385321e-70 2.211212e-71 8.051160e-73 2.610378e-74 7.541318e-76 1.936540e-77 4.393477e-79 8.705464e-81 1.473985e-82 2.035036e-84 2.002769e-86 5.012768e-89 -3.328402e-90 -9.644143e-92 -1.725231e-93 -2.365901e-95 -2.620380e-97 -2.372974e-99 -1.747170e-101 -1.026137e-103 -4.536353e-106 -7.567040e-109 -1.568607e-112 -2.791096e-117 0.000000e+00 0.000000e+00 0.000000e+00 0.000000e+00
0.000000e+00 0.000000e+00 0.000000e+00 4.309558e-116 1.063643e-110 2.951551e-106 9.354470e-103 4.135478e-100 7.337878e-98 1.015289e-95 1.142405e-93 1.051108e-91 7.808550e-90 4.440270e-88 1.545223e-86 -2.692571e-85 -1.011113e-82 -1.043569e-80 -7.717284e-79 -4.662402e-77 -2.409781e-75 -1.088792e-73 -4.349777e-72 -1.545801e-70 -4.898343e-69 -1.383077e-67 -3.464880e-66 -7.627792e-65 -1.446777e-63 -2.261564e-62 -2.555259e-61 -7.583959e-61 5.828141e-59 2.059246e-57 4.615267e-56 8.211626e-55 1.232258e-53 1.595776e-52 1.798503e-51 1.764768e-50 1.497968e-49 1.082960e-48 6.449137e-48 2.906181e-47 6.884354e-47 -3.122949e-46 -5.289768e-45 -4.060517e-44 -2.262129e-43 -9.989933e-43 -3.593882e-42 -1.060641e-41 -2.560494e-41 -5.006318e-41 -7.785517e-41 -9.303748e-41 -7.833263e-41 -3.086988e-41 3.086988e-41 7.833263e-41 9.303748e-41 7.785517e-41 5.006318e-41 2.560494e-41 1.060641e-41 3.593882e-42 9.989933e-43 2.262129e-43 4.060517e-44 5.289768e-45 3.122949e-46 -6.884354e-47 -2.906181e-47 -6.449137e-48 -1.082960e-48 -1.497968e-49 -1.764768e-50 -1.798503e-51 -1.595776e-52 -1.232258e-53 -8.211626e-55 -4.615267e-56 -2.059246e-57 -5.828141e-59 7.583959e-61 2.555259e-61 2.261564e-62 1.446777e-63 7.627792e-65 3.464880e-66 1.383077e-67 4.898343e-69 1.545801e-70 4.349777e-72 1.088792e-73 2.409781e-75 4.662402e-77 7.717284e-79 1.043569e-80 1.011113e-82 2.692571e-85 -1.545223e-86 -4.440270e-88 -7.808550e-90 -1.051108e-91 -1.142405e-93 -1.015289e-95 -7.337878e-98 -4.135478e-100 -9.354470e-103 -2.951551e-106 -1.063643e-110 -4.309558e-116 0.000000e+00 0.000000e+00 0.000000e+00
0.000000e+00 0.000000e+00 7.455711e-116 6.284022e-110 7.657965e-105 1.395982e-100 3.260427e-97 1.129131e-94 1.627348e-92 1.864843e-90 1.747514e-88 1.321739e-86 7.639696e-85 2.676705e-83 -5.368705e-82 -1.905694e-79 -1.996330e-77 -1.506158e-75 -9.300977e-74 -4.919297e-72 -2.276455e-70 -9.321884e-69 -3.397976e-67 -1.105177e-65 -3.204794e-64 -8.249225e-63 -1.866276e-61 -3.635991e-60 -5.823791e-59 -6.665506e-58 -1.561376e-57 1.803783e-55 6.400824e-54 1.475816e-52 2.718707e-51 4.238615e-50 5.717162e-49 6.725725e-48 6.901640e-47 6.135530e-46 4.648402e-45 2.895061e-44 1.347845e-43 2.968402e-43 -2.201522e-42 -3.474057e-41 -2.807972e-40 -1.685554e-39 -8.127507e-39 -3.230004e-38 -1.066155e-37 -2.920264e-37 -6.595971e-37 -1.215092e-36 -1.793790e-36 -2.053880e-36 -1.676840e-36 -6.502343e-37 6.502343e-37 1.676840e-36 2.053880e-36 1.793790e-36 1.215092e-36 6.595971e-37 2.920264e-37 1.066155e-37 3.230004e-38 8.127507e-39 1.685554e-39 2.807972e-40 3.474057e-41 2.201522e-42 -2.968402e-43 -1.347845e-43 -2.895061e-44 -4.648402e-45 -6.135530e-46 -6.901640e-47 -6.725725e-48 -5.717162e-49 -4.238615e-50 -2.718707e-51 -1.475816e-52 -6.400824e-54 -1.803783e-55 1.561376e-57 6.665506e-58 5.823791e-59 3.635991e-60 1.866276e-61 8.249225e-63 3.204794e-64 1.105177e-65 3.397976e-67 9.321884e-69 2.276455e-70 4.919297e-72 9.300977e-74 1.506158e-75 1.996330e-77 1.905694e-79 5.368705e-82 -2.676705e-83 -7.639696e-85 -1.321739e-86 -1.747514e-88 -1.864843e-90 -1.627348e-92 -1.129131e-94 -3.260427e-97 -1.395982e-100 -7.657965e-105 -6.284022e-110 -7.455711e-116 0.000000e+00 0.000000e+00
0.000000e+00 1.483206e-116 3.527440e-110 1.467984e-104 1.175184e-99 1.578521e-95 2.885965e-92 8.106237e-90 9.670501e-88 9.224468e-86 7.099109e-84 4.167702e-82 1.467790e-80 -3.374504e-79 -1.137792e-76 -1.208902e-74 -9.298422e-73 -5.864885e-71 -3.171826e-69 -1.502134e-67 -6.299608e-66 -2.353303e-64 -7.848723e-63 -2.335098e-61 -6.169095e-60 -1.432591e-58 -2.863030e-57 -4.690686e-56 -5.420294e-55 -8.526958e-55 1.738254e-52 6.195916e-51 1.467337e-49 2.793560e-48 4.515749e-47 6.330139e-46 7.754235e-45 8.299016e-44 7.703901e-43 6.095522e-42 3.953624e-41 1.888861e-40 3.680439e-40 -4.473550e-39 -6.774760e-38 -5.746682e-37 -3.691733e-36 -1.926674e-35 -8.367923e-35 -3.048459e-34 -9.316862e-34 -2.378318e-33 -5.031577e-33 -8.724688e-33 -1.219778e-32 -1.334095e-32 -1.053098e-32 -4.010905e-33 4.010905e-33 1.053098e-32 1.334095e-32 1.219778e-32 8.724688e-33 5.031577e-33 2.378318e-33 9.316862e-34 3.048459e-34 8.367923e-35 1.926674e-35 3.691733e-36 5.746682e-37 6.774760e-38 4.473550e-39 -3.680439e-40 -1.888861e-40 -3.953624e-41 -6.095522e-42 -7.703901e-43 -8.299016e-44 -7.754235e-45 -6.330139e-46 -4.515749e-47 -2.793560e-48 -1.467337e-49 -6.195916e-51 -1.738254e-52 8.526958e-55 5.420294e-55 4.690686e-56 2.863030e-57 1.432591e-58 6.169095e-60 2.335098e-61 7.848723e-63 2.353303e-64 6.299608e-66 1.502134e-67 3.171826e-69 5.864885e-71 9.298422e-73 1.208902e-74 1.137792e-76 3.374504e-79 -1.467790e-80 -4.167702e-82 -7.099109e-84 -9.224468e-86 -9.670501e-88 -8.106237e-90 -2.885965e-92 -1.578521e-95 -1.175184e-99 -1.467984e-104 -3.527440e-110 -1.483206e-116 0.000000e+00
3.140242e-118 1.826405e-111 2.144713e-105 5.863289e-100 3.458604e-95 3.636153e-91 5.387665e-88 1.250576e-85 1.240853e-83 9.711056e-82 5.786306e-80 2.044997e-78 -5.369544e-77 -1.727309e-74 -1.860209e-72 -1.457680e-70 -9.384267e-69 -5.185742e-67 -2.511455e-65 -1.077820e-63 -4.122826e-62 -1.408773e-60 -4.296094e-59 -1.163723e-57 -2.770765e-56 -5.672800e-55 -9.490794e-54 -1.103371e-52 -6.999930e-53 4.190521e-50 1.500654e-48 3.645143e-47 7.159868e-46 1.197782e-44 1.741427e-43 2.216316e-42 2.467897e-41 2.385619e-40 1.965035e-39 1.322053e-38 6.436134e-38 1.020942e-37 -2.142748e-36 -3.170157e-35 -2.813380e-34 -1.923043e-33 -1.078321e-32 -5.073185e-32 -2.018194e-31 -6.793546e-31 -1.928311e-30 -4.586280e-30 -9.062024e-30 -1.471484e-29 -1.934643e-29 -2.004857e-29 -1.518581e-29 -5.653897e-30 5.653897e-30 1.518581e-29 2.004857e-29 1.934643e-29 1.471484e-29 9.062024e-30 4.586280e-30 1.928311e-30 6.793546e-31 2.018194e-31 5.073185e-32 1.078321e-32 1.923043e-33 2.813380e-34 3.170157e-35 2.142748e-36 -1.020942e-37 -6.436134e-38 -1.322053e-38 -1.965035e-39 -2.385619e-40 -2.467897e-41 -2.216316e-42 -1.741427e-43 -1.197782e-44 -7.159868e-46 -3.645143e-47 -1.500654e-48 -4.190521e-50 6.999930e-53 1.103371e-52 9.490794e-54 5.672800e-55 2.770765e-56 1.163723e-57 4.296094e-59 1.408773e-60 4.122826e-62 1.077820e-63 2.511455e-65 5.185742e-67 9.384267e-69 1.457680e-70 1.860209e-72 1.727309e-74 5.369544e-77 -2.044997e-78 -5.786306e-80 -9.711056e-82 -1.240853e-83 -1.250576e-85 -5.387665e-88 -3.636153e-91 -3.458604e-95 -5.863289e-100 -2.144713e-105 -1.826405e-111 -3.140242e-118
7.638564e-114 2.193684e-107 1.692279e-101 3.409071e-96 1.574002e-91 1.341000e-87 1.640616e-84 3.161250e-82 2.570144e-80 1.553352e-78 5.501533e-77 -1.641766e-75 -5.064015e-73 -5.525278e-71 -4.408498e-69 -2.895037e-67 -1.633613e-65 -8.085163e-64 -3.548296e-62 -1.388771e-60 -4.858026e-59 -1.517242e-57 -4.210157e-56 -1.026760e-54 -2.151152e-53 -3.669727e-52 -4.278268e-51 2.076997e-51 1.920879e-48 6.915615e-47 1.721068e-45 3.482810e-44 6.020088e-43 9.061552e-42 1.195865e-40 1.382451e-39 1.388248e-38 1.187123e-37 8.255125e-37 4.067185e-36 4.459031e-36 -1.858659e-34 -2.719943e-33 -2.519141e-32 -1.823405e-31 -1.091921e-30 -5.524481e-30 -2.379267e-29 -8.730405e-29 -2.721060e-28 -7.162018e-28 -1.579402e-27 -2.890274e-27 -4.340456e-27 -5.276573e-27 -5.075898e-27 -3.614725e-27 -1.298042e-27 1.298042e-27 3.614725e-27 5.075898e-27 5.276573e-27 4.340456e-27 2.890274e-27 1.579402e-27 7.162018e-28 2.721060e-28 8.730405e-29 2.379267e-29 5.524481e-30 1.091921e-30 1.823405e-31 2.519141e-32 2.719943e-33 1.858659e-34 -4.459031e-36 -4.067185e-36 -8.255125e-37 -1.187123e-37 -1.388248e-38 -1.382451e-39 -1.195865e-40 -9.061552e-42 -6.020088e-43 -3.482810e-44 -1.721068e-45 -6.915615e-47 -1.920879e-48 -2.076997e-51 4.278268e-51 3.669727e-52 2.151152e-53 1.026760e-54 4.210157e-56 1.517242e-57 4.858026e-59 1.388771e-60 3.548296e-62 8.085163e-64 1.633613e-65 2.895037e-67 4.408498e-69 5.525278e-71 5.064015e-73 1.641766e-75 -5.501533e-77 -1.553352e-78 -2.570144e-80 -3.161250e-82 -1.640616e-84 -1.341000e-87 -1.574002e-91 -3.409071e-96 -1.692279e-101 -2.193684e-107 -7.638564e-114
1.514855e-110 2.858805e-104 1.625569e-98 2.563999e-93 9.596515e-89 6.752473e-85 6.853737e-82 1.079793e-79 6.764476e-78 2.403683e-76 -8.015074e-75 -2.398176e-72 -2.653014e-70 -2.155531e-68 -1.443776e-66 -8.317572e-65 -4.205862e-63 -1.887012e-61 -7.554662e-60 -2.704503e-58 -8.647739e-57 -2.457406e-55 -6.136911e-54 -1.315487e-52 -2.288533e-51 -2.677413e-50 4.391985e-50 1.400987e-47 5.091651e-46 1.298896e-44 2.707128e-43 4.831625e-42 7.522939e-41 1.028442e-39 1.232915e-38 1.284627e-37 1.139053e-36 8.177644e-36 4.070373e-35 2.170848e-35 -2.458465e-33 -3.611888e-32 -3.492050e-31 -2.669724e-30 -1.700611e-29 -9.206128e-29 -4.265979e-28 -1.693698e-27 -5.744476e-27 -1.654782e-26 -4.015394e-26 -8.121553e-26 -1.351833e-25 -1.824178e-25 -1.961297e-25 -1.643283e-25 -1.019495e-25 -3.330698e-26 3.330698e-26 1.019495e-25 1.643283e-25 1.961297e-25 1.824178e-25 1.351833e-25 8.121553e-26 4.015394e-26 1.654782e-26 5.744476e-27 1.693698e-27 4.265979e-28 9.206128e-29 1.700611e-29 2.669724e-30 3.492050e-31 3.611888e-32 2.458465e-33 -2.170848e-35 -4.070373e-35 -8.177644e-36 -1.139053e-36 -1.284627e-37 -1.232915e-38 -1.028442e-39 -7.522939e-41 -4.831625e-42 -2.707128e-43 -1.298896e-44 -5.091651e-46 -1.400987e-47 -4.391985e-50 2.677413e-50 2.288533e-51 1.315487e-52 6.136911e-54 2.457406e-55 8.647739e-57 2.704503e-58 7.554662e-60 1.887012e-61 4.205862e-63 8.317572e-65 1.443776e-66 2.155531e-68 2.653014e-70 2.398176e-72 8.015074e-75 -2.403683e-76 -6.764476e-78 -1.079793e-79 -6.853737e-82 -6.752473e-85 -9.596515e-89 -2.563999e-93 -1.625569e-98 -2.858805e-104 -1.514855e-110
5.639359e-108 7.853562e-102 3.500781e-96 4.482039e-91 1.387495e-86 8.112576e-83 6.739193e-80 8.174244e-78 3.004135e-76 -1.059631e-74 -3.173900e-72 -3.575790e-70 -2.964660e-68 -2.028223e-66 -1.194282e-64 -6.176228e-63 -2.835647e-61 -1.162378e-59 -4.263015e-58 -1.397216e-56 -4.071785e-55 -1.043209e-53 -2.294323e-52 -4.091345e-51 -4.874682e-50 1.073310e-49 2.815184e-47 1.047179e-45 2.752040e-44 5.923840e-43 1.093820e-41 1.764542e-40 2.502663e-39 3.116563e-38 3.376727e-37 3.115000e-36 2.323657e-35 1.189164e-34 2.558779e-35 -8.627675e-33 -1.309461e-31 -1.331421e-30 -1.077826e-29 -7.306196e-29 -4.228165e-28 -2.104125e-27 -9.013845e-27 -3.314539e-26 -1.039977e-25 -2.759507e-25 -6.115982e-25 -1.113025e-24 -1.622794e-24 -1.823511e-24 -1.470236e-24 -7.136200e-25 -7.600363e-26 6.736492e-26 -6.736492e-26 7.600363e-26 7.136200e-25 1.470236e-24 1.823511e-24 1.622794e-24 1.113025e-24 6.115982e-25 2.759507e-25 1.039977e-25 3.314539e-26 9.013845e-27 2.104125e-27 4.228165e-28 7.306196e-29 1.077826e-29 1.331421e-30 1.309461e-31 8.627675e-33 -2.558779e-35 -1.189164e-34 -2.323657e-35 -3.115000e-36 -3.376727e-37 -3.116563e-38 -2.502663e-39 -1.764542e-40 -1.093820e-41 -5.923840e-43 -2.752040e-44 -1.047179e-45 -2.815184e-47 -1.073310e-49 4.874682e-50 4.091345e-51 2.294323e-52 1.043209e-53 4.071785e-55 1.397216e-56 4.263015e-58 1.162378e-59 2.835647e-61 6.176228e-63 1.194282e-64 2.028223e-66 2.964660e-68 3.575790e-70 3.173900e-72 1.059631e-74 -3.004135e-76 -8.174244e-78 -6.739193e-80 -8.112576e-83 -1.387495e-86 -4.482039e-91 -3.500781e-96 -7.853562e-102 -5.639359e-108
1.247539e-105 1.363197e-99 4.937251e-94 5.234253e-89 1.348376e-84 6.464809e-81 4.142484e-78 2.947325e-76 -1.081824e-74 -3.305890e-72 -3.803387e-70 -3.221760e-68 -2.253018e-66 -1.356760e-64 -7.179450e-63 -3.374626e-61 -1.417003e-59 -5.326541e-58 -1.790455e-56 -5.354680e-55 -1.408820e-53 -3.183944e-52 -5.838129e-51 -7.153816e-50 1.653988e-49 4.402540e-47 1.689134e-45 4.585351e-44 1.020729e-42 1.951439e-41 3.263427e-40 4.804298e-39 6.218170e-38 7.011648e-37 6.739929e-36 5.242700e-35 2.791284e-34 2.875990e-35 -2.294571e-32 -3.646895e-31 -3.911309e-30 -3.353532e-29 -2.416478e-28 -1.492080e-27 -7.953241e-27 -3.664155e-26 -1.455025e-25 -4.949586e-25 -1.428407e-24 -3.446767e-24 -6.799032e-24 -1.054002e-23 -1.177348e-23 -6.869425e-24 4.583317e-24 1.647785e-23 1.918392e-23 8.524269e-24 -8.524269e-24 -1.918392e-23 -1.647785e-23 -4.583317e-24 6.869425e-24 1.177348e-23 1.054002e-23 6.799032e-24 3.446767e-24 1.428407e-24 4.949586e-25 1.455025e-25 3.664155e-26 7.953241e-27 1.492080e-27 2.416478e-28 3.353532e-29 3.911309e-30 3.646895e-31 2.294571e-32 -2.875990e-35 -2.791284e-34 -5.242700e-35 -6.739929e-36 -7.011648e-37 -6.218170e-38 -4.804298e-39 -3.263427e-40 -1.951439e-41 -1.020729e-42 -4.585351e-44 -1.689134e-45 -4.402540e-47 -1.653988e-49 7.153816e-50 5.838129e-51 3.183944e-52 1.408820e-53 5.354680e-55 1.790455e-56 5.326541e-58 1.417003e-59 3.374626e-61 7.179450e-63 1.356760e-64 2.253018e-66 3.221760e-68 3.803387e-70 3.305890e-72 1.081824e-74 -2.947325e-76 -4.142484e-78 -6.464809e-81 -1.348376e-84 -5.234253e-89 -4.937251e-94 -1.363197e-99 -1.247539e-105
2.126395e-103 1.888335e-97 5.665149e-92 5.000564e-87 1.057413e-82 3.920166e-79 1.484111e-76 -1.029779e-74 -3.305896e-72 -3.882648e-70 -3.358895e-68 -2.399994e-66 -1.477391e-64 -7.995474e-63 -3.845586e-61 -1.653198e-59 -6.365904e-58 -2.193279e-56 -6.727367e-55 -1.816455e-53 -4.215749e-52 -7.943242e-51 -1.000549e-49 2.410232e-49 6.543037e-47 2.587509e-45 7.248795e-44 1.667046e-42 3.296172e-41 5.707423e-40 8.710094e-39 1.170083e-37 1.371122e-36 1.371255e-35 1.110547e-34 6.144125e-34 -2.908102e-36 -5.674922e-32 -9.430613e-31 -1.064168e-29 -9.634414e-29 -7.354465e-28 -4.826479e-27 -2.743677e-26 -1.352841e-25 -5.769928e-25 -2.115117e-24 -6.594057e-24 -1.719130e-23 -3.641392e-23 -5.908011e-23 -6.173145e-23 -1.825301e-24 1.530498e-22 3.704748e-22 5.286876e-22 4.835306e-22 1.972617e-22 -1.972617e-22 -4.835306e-22 -5.286876e-22 -3.704748e-22 -1.530498e-22 1.825301e-24 6.173145e-23 5.908011e-23 3.641392e-23 1.719130e-23 6.594057e-24 2.115117e-24 5.769928e-25 1.352841e-25 2.743677e-26 4.826479e-27 7.354465e-28 9.634414e-29 1.064168e-29 9.430613e-31 5.674922e-32 2.908102e-36 -6.144125e-34 -1.110547e-34 -1.371255e-35 -1.371122e-36 -1.170083e-37 -8.710094e-39 -5.707423e-40 -3.296172e-41 -1.667046e-42 -7.248795e-44 -2.587509e-45 -6.543037e-47 -2.410232e-49 1.000549e-49 7.943242e-51 4.215749e-52 1.816455e-53 6.727367e-55 2.193279e-56 6.365904e-58 1.653198e-59 3.845586e-61 7.995474e-63 1.477391e-64 2.399994e-66 3.358895e-68 3.882648e-70 3.305896e-72 1.029779e-74 -1.484111e-76 -3.920166e-79 -1.057413e-82 -5.000564e-87 -5.665149e-92 -1.888335e-97 -2.126395e-103
2.891296e-101 2.127464e-95 5.316766e-90 3.856127e-85 6.321437e-81 1.402142e-77 -4.746419e-75 -3.100864e-72 -3.803384e-70 -3.358895e-68 -2.451071e-66 -1.541641e-64 -8.528619e-63 -4.195245e-61 -1.845452e-59 -7.275352e-58 -2.567715e-56 -8.072549e-55 -2.235456e-53 -5.324298e-52 -1.030139e-50 -1.332957e-49 3.336484e-49 9.244424e-47 3.764935e-45 1.087447e-43 2.581034e-42 5.272346e-41 9.441554e-40 1.491824e-38 2.077313e-37 2.526137e-36 2.624627e-35 2.209809e-34 1.268820e-33 -1.410093e-34 -1.307799e-31 -2.268640e-30 -2.687041e-29 -2.561689e-28 -2.065155e-27 -1.435503e-26 -8.669484e-26 -4.555595e-25 -2.077075e-24 -8.162613e-24 -2.733459e-23 -7.651631e-23 -1.727732e-22 -2.897029e-22 -2.609124e-22 3.109032e-22 1.948713e-21 4.820688e-21 8.101232e-21 9.911990e-21 8.393719e-21 3.311749e-21 -3.311749e-21 -8.393719e-21 -9.911990e-21 -8.101232e-21 -4.820688e-21 -1.948713e-21 -3.109032e-22 2.609124e-22 2.897029e-22 1.727732e-22 7.651631e-23 2.733459e-23 8.162613e-24 2.077075e-24 4.555595e-25 8.669484e-26 1.435503e-26 2.065155e-27 2.561689e-28 2.687041e-29 2.268640e-30 1.307799e-31 1.410093e-34 -1.268820e-33 -2.209809e-34 -2.624627e-35 -2.526137e-36 -2.077313e-37 -1.491824e-38 -9.441554e-40 -5.272346e-41 -2.581034e-42 -1.087447e-43 -3.764935e-45 -9.244424e-47 -3.336484e-49 1.332957e-49 1.030139e-50 5.324298e-52 2.235456e-53 8.072549e-55 2.567715e-56 7.275352e-58 1.845452e-59 4.195245e-61 8.528619e-63 1.541641e-64 2.451071e-66 3.358895e-68 3.803384e-70 3.100864e-72 4.746419e-75 -1.402142e-77 -6.321437e-81 -3.856127e-85 -5.316766e-90 -2.127464e-95 -2.891296e-101
3.196716e-99 1.960345e-93 4.029220e-88 2.271127e-83 2.255697e-79 -3.963698e-76 -1.454463e-72 -3.496563e-70 -3.221753e-68 -2.399994e-66 -1.541641e-64 -8.714062e-63 -4.381731e-61 -1.971292e-59 -7.952153e-58 -2.873375e-56 -9.253648e-55 -2.626496e-53 -6.415642e-52 -1.273783e-50 -1.692055e-49 4.389780e-49 1.242210e-46 5.205982e-45 1.548943e-43 3.790639e-42 7.991534e-41 1.478462e-39 2.415885e-38 3.482732e-37 4.389423e-36 4.731464e-35 4.135711e-34 2.461563e-33 -5.305627e-34 -2.813947e-31 -5.087713e-30 -6.311495e-29 -6.320367e-28 -5.366168e-27 -3.938707e-26 -2.518581e-25 -1.405149e-24 -6.820727e-24 -2.860719e-23 -1.024052e-22 -3.061974e-22 -7.327968e-22 -1.256726e-21 -8.493316e-22 3.518104e-21 1.729775e-20 4.588965e-20 8.824962e-20 1.305686e-19 1.482882e-19 1.202714e-19 4.651071e-20 -4.651071e-20 -1.202714e-19 -1.482882e-19 -1.305686e-19 -8.824962e-20 -4.588965e-20 -1.729775e-20 -3.518104e-21 8.493316e-22 1.256726e-21 7.327968e-22 3.061974e-22 1.024052e-22 2.860719e-23 6.820727e-24 1.405149e-24 2.518581e-25 3.938707e-26 5.366168e-27 6.320367e-28 6.311495e-29 5.087713e-30 2.813947e-31 5.305627e-34 -2.461563e-33 -4.135711e-34 -4.731464e-35 -4.389423e-36 -3.482732e-37 -2.415885e-38 -1.478462e-39 -7.991534e-41 -3.790639e-42 -1.548943e-43 -5.205982e-45 -1.242210e-46 -4.389780e-49 1.692055e-49 1.273783e-50 6.415642e-52 2.626496e-53 9.253648e-55 2.873375e-56 7.952153e-58 1.971292e-59 4.381731e-61 8.714062e-63 1.541641e-64 2.399994e-66 3.221753e-68 3.496563e-70 1.454463e-72 3.963698e-76 -2.255697e-79 -2.271127e-83 -4.029220e-88 -1.960345e-93 -3.196716e-99
2.890439e-97 1.459092e-91 2.336176e-86 8.072018e-82 -5.589677e-78 -1.262629e-73 -1.615169e-70 -2.900327e-68 -2.253011e-66 -1.477391e-64 -8.528619e-63 -4.381731e-61 -2.015103e-59 -8.313627e-58 -3.073829e-56 -1.013477e-54 -2.946670e-53 -7.377286e-52 -1.502105e-50 -2.047165e-49 5.491579e-49 1.588125e-46 6.843805e-45 2.095806e-43 5.283618e-42 1.148533e-40 2.192929e-39 3.701825e-38 5.518538e-37 7.199795e-36 8.041497e-35 7.287906e-34 4.491721e-33 -1.425257e-33 -5.662985e-31 -1.065662e-29 -1.381897e-28 -1.450330e-27 -1.293597e-26 -9.998396e-26 -6.748889e-25 -3.984512e-24 -2.051708e-23 -9.148073e-23 -3.486006e-22 -1.108538e-21 -2.798813e-21 -4.866218e-21 -1.754848e-21 2.584427e-20 1.211143e-19 3.475831e-19 7.505754e-19 1.285168e-18 1.764545e-18 1.907613e-18 1.500763e-18 5.719347e-19 -5.719347e-19 -1.500763e-18 -1.907613e-18 -1.764545e-18 -1.285168e-18 -7.505754e-19 -3.475831e-19 -1.211143e-19 -2.584427e-20 1.754848e-21 4.866218e-21 2.798813e-21 1.108538e-21 3.486006e-22 9.148073e-23 2.051708e-23 3.984512e-24 6.748889e-25 9.998396e-26 1.293597e-26 1.450330e-27 1.381897e-28 1.065662e-29 5.662985e-31 1.425257e-33 -4.491721e-33 -7.287906e-34 -8.041497e-35 -7.199795e-36 -5.518538e-37 -3.701825e-38 -2.192929e-39 -1.148533e-40 -5.283618e-42 -2.095806e-43 -6.843805e-45 -1.588125e-46 -5.491579e-49 2.047165e-49 1.502105e-50 7.377286e-52 2.946670e-53 1.013477e-54 3.073829e-56 8.313627e-58 2.015103e-59 4.381731e-61 8.528619e-63 1.477391e-64 2.253011e-66 2.900327e-68 1.615169e-70 1.262629e-73 5.589677e-78 -8.072018e-82 -2.336176e-86 -1.459092e-91 -2.890439e-97
2.111641e-95 8.322120e-90 8.256661e-85 -1.746642e-80 -1.863899e-75 -1.384310e-71 -1.314966e-68 -1.984900e-66 -1.356754e-64 -7.995474e-63 -4.195245e-61 -1.971292e-59 -8.313627e-58 -3.143684e-56 -1.060606e-54 -3.157062e-53 -8.096509e-52 -1.689624e-50 -2.361158e-49 6.534239e-49 1.932329e-46 8.556430e-45 2.694795e-43 6.992686e-42 1.565893e-40 3.082708e-39 5.370465e-38 8.270302e-37 1.115675e-35 1.289652e-34 1.210412e-33 7.717268e-33 -3.208932e-33 -1.067563e-30 -2.088160e-29 -2.825442e-28 -3.101485e-27 -2.899542e-26 -2.354099e-25 -1.672816e-24 -1.042039e-23 -5.673678e-23 -2.680113e-22 -1.083238e-21 -3.649801e-21 -9.684704e-21 -1.694307e-20 9.510673e-22 1.490506e-19 7.048020e-19 2.187222e-18 5.232500e-18 1.011408e-17 1.604598e-17 2.086247e-17 2.170968e-17 1.666797e-17 6.276824e-18 -6.276824e-18 -1.666797e-17 -2.170968e-17 -2.086247e-17 -1.604598e-17 -1.011408e-17 -5.232500e-18 -2.187222e-18 -7.048020e-19 -1.490506e-19 -9.510673e-22 1.694307e-20 9.684704e-21 3.649801e-21 1.083238e-21 2.680113e-22 5.673678e-23 1.042039e-23 1.672816e-24 2.354099e-25 2.899542e-26 3.101485e-27 2.825442e-28 2.088160e-29 1.067563e-30 3.208932e-33 -7.717268e-33 -1.210412e-33 -1.289652e-34 -1.115675e-35 -8.270302e-37 -5.370465e-38 -3.082708e-39 -1.565893e-40 -6.992686e-42 -2.694795e-43 -8.556430e-45 -1.932329e-46 -6.534239e-49 2.361158e-49 1.689624e-50 8.096509e-52 3.157062e-53 1.060606e-54 3.143684e-56 8.313627e-58 1.971292e-59 4.195245e-61 7.995474e-63 1.356754e-64 1.984900e-66 1.314966e-68 1.384310e-71 1.863899e-75 1.746642e-80 -8.256661e-85 -8.322120e-90 -2.111641e-95
1.183879e-93 2.920149e-88 -1.553985e-83 -6.124636e-78 -2.017372e-73 -1.107324e-69 -8.820997e-67 -1.169123e-64 -7.179412e-63 -3.845586e-61 -1.845452e-59 -7.952153e-58 -3.073829e-56 -1.060606e-54 -3.230454e-53 -8.481790e-52 -1.813099e-50 -2.596576e-49 7.396821e-49 2.238144e-46 1.017675e-44 3.293818e-43 8.790461e-42 2.026143e-40 4.109055e-39 7.380734e-38 1.172943e-36 1.634395e-35 1.953143e-34 1.896311e-33 1.249581e-32 -6.378220e-33 -1.887724e-30 -3.833325e-29 -5.403163e-28 -6.191733e-27 -6.054880e-26 -5.152147e-25 -3.844775e-24 -2.520270e-23 -1.446857e-22 -7.218738e-22 -3.084711e-21 -1.097698e-20 -3.051666e-20 -5.337170e-20 3.130706e-20 7.191963e-19 3.509355e-18 1.174135e-17 3.080194e-17 6.612692e-17 1.181760e-16 1.766844e-16 2.196604e-16 2.212995e-16 1.663595e-16 6.199851e-17 -6.199851e-17 -1.663595e-16 -2.212995e-16 -2.196604e-16 -1.766844e-16 -1.181760e-16 -6.612692e-17 -3.080194e-17 -1.174135e-17 -3.509355e-18 -7.191963e-19 -3.130706e-20 5.337170e-20 3.051666e-20 1.097698e-20 3.084711e-21 7.218738e-22 1.446857e-22 2.520270e-23 3.844775e-24 5.152147e-25 6.054880e-26 6.191733e-27 5.403163e-28 3.833325e-29 1.887724e-30 6.378220e-33 -1.249581e-32 -1.896311e-33 -1.953143e-34 -1.634395e-35 -1.172943e-36 -7.380734e-38 -4.109055e-39 -2.026143e-40 -8.790461e-42 -3.293818e-43 -1.017675e-44 -2.238144e-46 -7.396821e-49 2.596576e-49 1.813099e-50 8.481790e-52 3.230454e-53 1.060606e-54 3.073829e-56 7.952153e-58 1.845452e-59 3.845586e-61 7.179412e-63 1.169123e-64 8.820997e-67 1.107324e-69 2.017372e-73 6.124636e-78 1.553985e-83 -2.920149e-88 -1.183879e-93
4.118075e-92 -4.757827e-87 -5.757199e-81 -6.540277e-76 -1.584954e-71 -7.285498e-68 -5.088449e-65 -6.047822e-63 -3.374605e-61 -1.653198e-59 -7.275352e-58 -2.873375e-56 -1.013477e-54 -3.157062e-53 -8.481790e-52 -1.856214e-50 -2.722874e-49 7.967547e-49 2.468217e-46 1.151702e-44 3.828106e-43 1.049940e-41 2.488963e-40 5.195496e-39 9.613408e-38 1.575129e-36 2.264813e-35 2.795160e-34 2.804463e-33 1.908374e-32 -1.146045e-32 -3.134610e-30 -6.600776e-29 -9.677390e-28 -1.155739e-26 -1.179968e-25 -1.050152e-24 -8.211661e-24 -5.650772e-23 -3.411675e-22 -1.792936e-21 -8.077353e-21 -3.027179e-20 -8.794370e-20 -1.529054e-19 1.901603e-19 2.995581e-18 1.523357e-17 5.474760e-17 1.562276e-16 3.681874e-16 7.290285e-16 1.222161e-15 1.736573e-15 2.075115e-15 2.030430e-15 1.497233e-15 5.526690e-16 -5.526690e-16 -1.497233e-15 -2.030430e-15 -2.075115e-15 -1.736573e-15 -1.222161e-15 -7.290285e-16 -3.681874e-16 -1.562276e-16 -5.474760e-17 -1.523357e-17 -2.995581e-18 -1.901603e-19 1.529054e-19 8.794370e-20 3.027179e-20 8.077353e-21 1.792936e-21 3.411675e-22 5.650772e-23 8.211661e-24 1.050152e-24 1.179968e-25 1.155739e-26 9.677390e-28 6.600776e-29 3.134610e-30 1.146045e-32 -1.908374e-32 -2.804463e-33 -2.795160e-34 -2.264813e-35 -1.575129e-36 -9.613408e-38 -5.195496e-39 -2.488963e-40 -1.049940e-41 -3.828106e-43 -1.151702e-44 -2.468217e-46 -7.967547e-49 2.722874e-49 1.856214e-50 8.481790e-52 3.157062e-53 1.013477e-54 2.873375e-56 7.275352e-58 1.653198e-59 3.374605e-61 6.047822e-63 5.088449e-65 7.285498e-68 1.584954e-71 6.540277e-76 5.757199e-81 4.757827e-87 -4.118075e-92
-5.774729e-91 -1.872456e-84 -6.061553e-79 -5.043580e-74 -1.022327e-69 -4.117803e-66 -2.576208e-63 -2.777461e-61 -1.416993e-59 -6.365904e-58 -2.567715e-56 -9.253648e-55 -2.946670e-53 -8.096509e-52 -1.813099e-50 -2.722874e-49 8.167316e-49 2.591900e-46 1.240374e-44 4.231178e-43 1.191798e-41 2.903531e-40 6.233441e-39 1.187156e-37 2.003668e-36 2.970143e-35 3.782095e-34 3.917651e-33 2.750814e-32 -1.885682e-32 -4.892850e-30 -1.067310e-28 -1.625312e-27 -2.019721e-26 -2.149172e-25 -1.996828e-24 -1.632824e-23 -1.176993e-22 -7.456021e-22 -4.117187e-21 -1.950547e-20 -7.679832e-20 -2.326458e-19 -4.002206e-19 8.166582e-19 1.097318e-17 5.841303e-17 2.246669e-16 6.927847e-16 1.776463e-15 3.851639e-15 7.122662e-15 1.128204e-14 1.530155e-14 1.762120e-14 1.677223e-14 1.214264e-14 4.441218e-15 -4.441218e-15 -1.214264e-14 -1.677223e-14 -1.762120e-14 -1.530155e-14 -1.128204e-14 -7.122662e-15 -3.851639e-15 -1.776463e-15 -6.927847e-16 -2.246669e-16 -5.841303e-17 -1.097318e-17 -8.166582e-19 4.002206e-19 2.326458e-19 7.679832e-20 1.950547e-20 4.117187e-21 7.456021e-22 1.176993e-22 1.632824e-23 1.996828e-24 2.149172e-25 2.019721e-26 1.625312e-27 1.067310e-28 4.892850e-30 1.885682e-32 -2.750814e-32 -3.917651e-33 -3.782095e-34 -2.970143e-35 -2.003668e-36 -1.187156e-37 -6.233441e-39 -2.903531e-40 -1.191798e-41 -4.231178e-43 -1.240374e-44 -2.591900e-46 -8.167316e-49 2.722874e-49 1.813099e-50 8.096509e-52 2.946670e-53 9.253648e-55 2.567715e-56 6.365904e-58 1.416993e-59 2.777461e-61 2.576208e-63 4.117803e-66 1.022327e-69 5.043580e-74 6.061553e-79 1.872456e-84 5.774729e-91
-2.429546e-88 -1.942360e-82 -4.584966e-77 -3.187248e-72 -5.658770e-68 -2.041144e-64 -1.157261e-61 -1.138848e-59 -5.326494e-58 -2.193279e-56 -8.072549e-55 -2.626496e-53 -7.377286e-52 -1.689624e-50 -2.596576e-49 7.967547e-49 2.591900e-46 1.271410e-44 4.448221e-43 1.285871e-41 3.217235e-40 7.098263e-39 1.390336e-37 2.415222e-36 3.687798e-35 4.840752e-34 5.172089e-33 3.744654e-32 -2.863467e-32 -7.185296e-30 -1.622054e-28 -2.562314e-27 -3.308338e-26 -3.663287e-25 -3.547188e-24 -3.027624e-23 -2.281580e-22 -1.513309e-21 -8.761029e-21 -4.354879e-20 -1.797407e-19 -5.667451e-19 -9.608960e-19 2.873081e-18 3.579506e-17 1.998106e-16 8.195800e-16 2.715957e-15 7.524193e-15 1.770544e-14 3.570174e-14 6.202951e-14 9.314442e-14 1.208036e-13 1.341916e-13 1.242941e-13 8.835572e-14 3.202118e-14 -3.202118e-14 -8.835572e-14 -1.242941e-13 -1.341916e-13 -1.208036e-13 -9.314442e-14 -6.202951e-14 -3.570174e-14 -1.770544e-14 -7.524193e-15 -2.715957e-15 -8.195800e-16 -1.998106e-16 -3.579506e-17 -2.873081e-18 9.608960e-19 5.667451e-19 1.797407e-19 4.354879e-20 8.761029e-21 1.513309e-21 2.281580e-22 3.027624e-23 3.547188e-24 3.663287e-25 3.308338e-26 2.562314e-27 1.622054e-28 7.185296e-30 2.863467e-32 -3.744654e-32 -5.172089e-33 -4.840752e-34 -3.687798e-35 -2.415222e-36 -1.390336e-37 -7.098263e-39 -3.217235e-40 -1.285871e-41 -4.448221e-43 -1.271410e-44 -2.591900e-46 -7.967547e-49 2.596576e-49 1.689624e-50 7.377286e-52 2.626496e-53 8.072549e-55 2.193279e-56 5.326494e-58 1.138848e-59 1.157261e-61 2.041144e-64 5.658770e-68 3.187248e-72 4.584966e-77 1.942360e-82 2.429546e-88
-2.481205e-86 -1.440043e-80 -2.836670e-75 -1.726546e-70 -2.744818e-66 -8.971501e-63 -4.638908e-60 -4.177958e-58 -1.790437e-56 -6.727367e-55 -2.235456e-53 -6.415642e-52 -1.502105e-50 -2.361158e-49 7.396821e-49 2.468217e-46 1.240374e-44 4.448221e-43 1.318836e-41 3.386464e-40 7.673196e-39 1.544573e-37 2.759470e-36 4.336506e-35 5.862864e-34 6.455918e-33 4.816441e-32 -4.033385e-32 -9.934462e-30 -2.318796e-28 -3.795156e-27 -5.084483e-26 -5.849985e-25 -5.894238e-24 -5.242398e-23 -4.122668e-22 -2.857565e-21 -1.730951e-20 -9.009100e-20 -3.890276e-19 -1.274884e-18 -2.123768e-18 8.714729e-18 1.049207e-16 6.143837e-16 2.678860e-15 9.495528e-15 2.825705e-14 7.166348e-14 1.562055e-13 2.943153e-13 4.814646e-13 6.858268e-13 8.503493e-13 9.104412e-13 8.198524e-13 5.717719e-13 2.052254e-13 -2.052254e-13 -5.717719e-13 -8.198524e-13 -9.104412e-13 -8.503493e-13 -6.858268e-13 -4.814646e-13 -2.943153e-13 -1.562055e-13 -7.166348e-14 -2.825705e-14 -9.495528e-15 -2.678860e-15 -6.143837e-16 -1.049207e-16 -8.714729e-18 2.123768e-18 1.274884e-18 3.890276e-19 9.009100e-20 1.730951e-20 2.857565e-21 4.122668e-22 5.242398e-23 5.894238e-24 5.849985e-25 5.084483e-26 3.795156e-27 2.318796e-28 9.934462e-30 4.033385e-32 -4.816441e-32 -6.455918e-33 -5.862864e-34 -4.336506e-35 -2.759470e-36 -1.544573e-37 -7.673196e-39 -3.386464e-40 -1.318836e-41 -4.448221e-43 -1.240374e-44 -2.468217e-46 -7.396821e-49 2.361158e-49 1.502105e-50 6.415642e-52 2.235456e-53 6.727367e-55 1.790437e-56 4.177958e-58 4.638908e-60 8.971501e-63 2.744818e-66 1.726546e-70 2.836670e-75 1.440043e-80 2.481205e-86
-1.801660e-84 -8.716114e-79 -1.502739e-73 -8.189258e-69 -1.179784e-64 -3.516840e-61 -1.662892e-58 -1.369782e-56 -5.354615e-55 -1.816455e-53 -5.324298e-52 -1.273783e-50 -2.047165e-49 6.534239e-49 2.238144e-46 1.151702e-44 4.231178e-43 1.285871e-41 3.386464e-40 7.874917e-39 1.627934e-37 2.988920e-36 4.830572e-35 6.721221e-34 7.621656e-33 5.855650e-32 -5.287850e-32 -1.293957e-29 -3.120105e-28 -5.285096e-27 -7.337861e-26 -8.760678e-25 -9.171476e-24 -8.486930e-23 -6.953347e-22 -5.027778e-21 -3.180764e-20 -1.730206e-19 -7.803128e-19 -2.654422e-18 -4.335140e-18 2.336289e-17 2.782320e-16 1.708503e-15 7.895496e-15 2.981487e-14 9.484498e-14 2.577816e-13 6.032868e-13 1.222214e-12 2.153365e-12 3.313634e-12 4.468450e-12 5.282059e-12 5.434185e-12 4.743548e-12 3.238076e-12 1.149593e-12 -1.149593e-12 -3.238076e-12 -4.743548e-12 -5.434185e-12 -5.282059e-12 -4.468450e-12 -3.313634e-12 -2.153365e-12 -1.222214e-12 -6.032868e-13 -2.577816e-13 -9.484498e-14 -2.981487e-14 -7.895496e-15 -1.708503e-15 -2.782320e-16 -2.336289e-17 4.335140e-18 2.654422e-18 7.803128e-19 1.730206e-19 3.180764e-20 5.027778e-21 6.953347e-22 8.486930e-23 9.171476e-24 8.760678e-25 7.337861e-26 5.285096e-27 3.120105e-28 1.293957e-29 5.287850e-32 -5.855650e-32 -7.621656e-33 -6.721221e-34 -4.830572e-35 -2.988920e-36 -1.627934e-37 -7.874917e-39 -3.386464e-40 -1.285871e-41 -4.231178e-43 -1.151702e-44 -2.238144e-46 -6.534239e-49 2.047165e-49 1.273783e-50 5.324298e-52 1.816455e-53 5.354615e-55 1.369782e-56 1.662892e-58 3.516840e-61 1.179784e-64 8.189258e-69 1.502739e-73 8.716114e-79 1.801660e-84
-1.066009e-82 -4.512097e-77 -6.964567e-72 -3.439591e-67 -4.519963e-63 -1.232246e-59 -5.324889e-57 -3.993312e-55 -1.408800e-53 -4.215749e-52 -1.030139e-50 -1.692055e-49 5.491579e-49 1.932329e-46 1.017675e-44 3.828106e-43 1.191798e-41 3.217235e-40 7.673196e-39 1.627934e-37 3.069529e-36 5.098130e-35 7.294845e-34 8.512358e-33 6.731146e-32 -6.467359e-32 -1.588468e-29 -3.953847e-28 -6.924215e-27 -9.951417e-26 -1.231316e-24 -1.337569e-23 -1.285919e-22 -1.095948e-21 -8.253505e-21 -5.444202e-20 -3.089855e-19 -1.453121e-18 -5.125910e-18 -8.197263e-18 5.615733e-17 6.710868e-16 4.318130e-15 2.109336e-14 8.455850e-14 2.863716e-13 8.302286e-13 2.074818e-12 4.489968e-12 8.447190e-12 1.387555e-11 1.999269e-11 2.537100e-11 2.839355e-11 2.786139e-11 2.341010e-11 1.555464e-11 5.445222e-12 -5.445222e-12 -1.555464e-11 -2.341010e-11 -2.786139e-11 -2.839355e-11 -2.537100e-11 -1.999269e-11 -1.387555e-11 -8.447190e-12 -4.489968e-12 -2.074818e-12 -8.302286e-13 -2.863716e-13 -8.455850e-14 -2.109336e-14 -4.318130e-15 -6.710868e-16 -5.615733e-17 8.197263e-18 5.125910e-18 1.453121e-18 3.089855e-19 5.444202e-20 8.253505e-21 1.095948e-21 1.285919e-22 1.337569e-23 1.231316e-24 9.951417e-26 6.924215e-27 3.953847e-28 1.588468e-29 6.467359e-32 -6.731146e-32 -8.512358e-33 -7.294845e-34 -5.098130e-35 -3.069529e-36 -1.627934e-37 -7.673196e-39 -3.217235e-40 -1.191798e-41 -3.828106e-43 -1.017675e-44 -1.932329e-46 -5.491579e-49 1.692055e-49 1.030139e-50 4.215749e-52 1.408800e-53 3.993312e-55 5.324889e-57 1.232246e-59 4.519963e-63 3.439591e-67 6.964567e-72 4.512097e-77 1.066009e-82
-5.388297e-81 -2.041680e-75 -2.856163e-70 -1.286894e-65 -1.547046e-61 -3.855465e-58 -1.515686e-55 -1.023565e-53 -3.183887e-52 -7.943242e-51 -1.332957e-49 4.389780e-49 1.588125e-46 8.556430e-45 3.293818e-43 1.049940e-41 2.903531e-40 7.098263e-39 1.544573e-37 2.988920e-36 5.098130e-35 7.496633e-34 8.995640e-33 7.317463e-32 -7.390681e-32 -1.838568e-29 -4.720619e-28 -8.538831e-27 -1.268948e-25 -1.625324e-24 -1.829746e-23 -1.825149e-22 -1.615834e-21 -1.265522e-20 -8.690411e-20 -5.138237e-19 -2.516284e-18 -9.196771e-18 -1.439881e-17 1.221609e-16 1.478542e-15 9.959827e-15 5.130138e-14 2.176495e-13 7.819638e-13 2.408621e-12 6.399171e-12 1.471459e-11 2.936564e-11 5.102431e-11 7.750673e-11 1.034253e-10 1.217981e-10 1.268964e-10 1.165482e-10 9.250194e-11 5.889066e-11 2.014448e-11 -2.014448e-11 -5.889066e-11 -9.250194e-11 -1.165482e-10 -1.268964e-10 -1.217981e-10 -1.034253e-10 -7.750673e-11 -5.102431e-11 -2.936564e-11 -1.471459e-11 -6.399171e-12 -2.408621e-12 -7.819638e-13 -2.176495e-13 -5.130138e-14 -9.959827e-15 -1.478542e-15 -1.221609e-16 1.439881e-17 9.196771e-18 2.516284e-18 5.138237e-19 8.690411e-20 1.265522e-20 1.615834e-21 1.825149e-22 1.829746e-23 1.625324e-24 1.268948e-25 8.538831e-27 4.720619e-28 1.838568e-29 7.390681e-32 -7.317463e-32 -8.995640e-33 -7.496633e-34 -5.098130e-35 -2.988920e-36 -1.544573e-37 -7.098263e-39 -2.903531e-40 -1.049940e-41 -3.293818e-43 -8.556430e-45 -1.588125e-46 -4.389780e-49 1.332957e-49 7.943242e-51 3.183887e-52 1.023565e-53 1.515686e-55 3.855465e-58 1.547046e-61 1.286894e-65 2.856163e-70 2.041680e-75 5.388297e-81
-2.378473e-79 -8.168464e-74 -1.042695e-68 -4.299054e-64 -4.726348e-60 -1.072059e-56 -3.792900e-54 -2.252512e-52 -5.837990e-51 -1.000549e-49 3.336484e-49 1.242210e-46 6.843805e-45 2.694795e-43 8.790461e-42 2.488963e-40 6.233441e-39 1.390336e-37 2.759470e-36 4.830572e-35 7.294845e-34 8.995640e-33 7.523933e-32 -7.898864e-32 -2.006947e-29 -5.311819e-28 -9.915206e-27 -1.522100e-25 -2.015955e-24 -2.349273e-23 -2.428383e-22 -2.230354e-21 -1.814174e-20 -1.295130e-19 -7.966123e-19 -4.057172e-18 -1.535379e-17 -2.355780e-17 2.420545e-16 2.985948e-15 2.103570e-14 1.139991e-13 5.104594e-13 1.939593e-12 6.326169e-12 1.780144e-11 4.331103e-11 9.121030e-11 1.664459e-10 2.636697e-10 3.635234e-10 4.374900e-10 4.606539e-10 4.245974e-10 3.415585e-10 2.367424e-10 1.337409e-10 4.252420e-11 -4.252420e-11 -1.337409e-10 -2.367424e-10 -3.415585e-10 -4.245974e-10 -4.606539e-10 -4.374900e-10 -3.635234e-10 -2.636697e-10 -1.664459e-10 -9.121030e-11 -4.331103e-11 -1.780144e-11 -6.326169e-12 -1.939593e-12 -5.104594e-13 -1.139991e-13 -2.103570e-14 -2.985948e-15 -2.420545e-16 2.355780e-17 1.535379e-17 4.057172e-18 7.966123e-19 1.295130e-19 1.814174e-20 2.230354e-21 2.428383e-22 2.349273e-23 2.015955e-24 1.522100e-25 9.915206e-27 5.311819e-28 2.006947e-29 7.898864e-32 -7.523933e-32 -8.995640e-33 -7.294845e-34 -4.830572e-35 -2.759470e-36 -1.390336e-37 -6.233441e-39 -2.488963e-40 -8.790461e-42 -2.694795e-43 -6.843805e-45 -1.242210e-46 -3.336484e-49 1.000549e-49 5.837990e-51 2.252512e-52 3.792900e-54 1.072059e-56 4.726348e-60 4.299054e-64 1.042695e-68 8.168464e-74 2.378473e-79
-9.275463e-78 -2.907166e-72 -3.396731e-67 -1.281306e-62 -1.282933e-58 -2.621130e-55 -8.153155e-53 -4.020955e-51 -7.153527e-50 2.410233e-49 9.244424e-47 5.205982e-45 2.095806e-43 6.992686e-42 2.026143e-40 5.195496e-39 1.187156e-37 2.415222e-36 4.336506e-35 6.721221e-34 8.512358e-33 7.317463e-32 -7.898864e-32 -2.066397e-29 -5.634338e-28 -1.084420e-26 -1.718024e-25 -2.350555e-24 -2.832419e-23 -3.030550e-22 -2.884119e-21 -2.433347e-20 -1.803596e-19 -1.152589e-18 -6.097957e-18 -2.388174e-17 -3.599147e-17 4.389350e-16 5.543228e-15 4.079827e-14 2.321571e-13 1.094507e-12 4.386483e-12 1.510534e-11 4.487907e-11 1.151330e-10 2.547960e-10 4.855467e-10 7.948016e-10 1.113581e-09 1.326353e-09 1.322505e-09 1.063205e-09 6.186827e-10 1.468030e-10 -1.800295e-10 -2.606398e-10 -1.168381e-10 1.168381e-10 2.606398e-10 1.800295e-10 -1.468030e-10 -6.186827e-10 -1.063205e-09 -1.322505e-09 -1.326353e-09 -1.113581e-09 -7.948016e-10 -4.855467e-10 -2.547960e-10 -1.151330e-10 -4.487907e-11 -1.510534e-11 -4.386483e-12 -1.094507e-12 -2.321571e-13 -4.079827e-14 -5.543228e-15 -4.389350e-16 3.599147e-17 2.388174e-17 6.097957e-18 1.152589e-18 1.803596e-19 2.433347e-20 2.884119e-21 3.030550e-22 2.832419e-23 2.350555e-24 1.718024e-25 1.084420e-26 5.634338e-28 2.066397e-29 7.898864e-32 -7.317463e-32 -8.512358e-33 -6.721221e-34 -4.336506e-35 -2.415222e-36 -1.187156e-37 -5.195496e-39 -2.026143e-40 -6.992686e-42 -2.095806e-43 -5.205982e-45 -9.244424e-47 -2.410233e-49 7.153527e-50 4.020955e-51 8.153155e-53 2.621130e-55 1.282933e-58 1.281306e-62 3.396731e-67 2.907166e-72 9.275463e-78
