0.000000e+00 0.000000e+00 0.000000e+00 0.000000e+00 0.000000e+00 0.000000e+00 0.000000e+00 0.000000e+00 0.000000e+00 0.000000e+00 0.000000e+00 0.000000e+00 0.000000e+00 0.000000e+00 0.000000e+00 0.000000e+00 0.000000e+00 0.000000e+00 0.000000e+00 0.000000e+00 0.000000e+00 0.000000e+00 0.000000e+00 0.000000e+00 0.000000e+00 0.000000e+00 0.000000e+00 0.000000e+00 0.000000e+00 0.000000e+00 0.000000e+00 0.000000e+00 0.000000e+00 0.000000e+00 0.000000e+00 0.000000e+00 0.000000e+00 0.000000e+00 0.000000e+00 0.000000e+00 0.000000e+00 0.000000e+00 0.000000e+00 0.000000e+00 0.000000e+00 0.000000e+00 0.000000e+00 0.000000e+00 0.000000e+00 0.000000e+00 0.000000e+00 0.000000e+00 0.000000e+00 0.000000e+00 0.000000e+00 0.000000e+00 0.000000e+00 0.000000e+00 0.000000e+00 0.000000e+00 0.000000e+00 0.000000e+00 0.000000e+00 0.000000e+00 0.000000e+00 0.000000e+00 0.000000e+00 0.000000e+00 0.000000e+00 0.000000e+00 0.000000e+00 0.000000e+00 0.000000e+00 0.000000e+00 0.000000e+00 0.000000e+00 0.000000e+00 0.000000e+00 0.000000e+00 0.000000e+00 0.000000e+00 0.000000e+00 0.000000e+00 0.000000e+00 0.000000e+00 0.000000e+00 0.000000e+00 0.000000e+00 0.000000e+00 0.000000e+00 0.000000e+00 0.000000e+00 0.000000e+00 0.000000e+00 0.000000e+00 0.000000e+00 0.000000e+00 0.000000e+00 0.000000e+00 0.000000e+00 0.000000e+00 0.000000e+00 0.000000e+00 0.000000e+00 0.000000e+00 0.000000e+00 0.000000e+00 0.000000e+00 0.000000e+00 0.000000e+00 0.000000e+00 0.000000e+00 0.000000e+00 0.000000e+00 0.000000e+00 0.000000e+00
8.498368e-133 4.977656e-126 5.891830e-120 1.625524e-114 9.692158e-110 1.032296e-105 1.554668e-102 3.686738e-100 3.769538e-98 3.092595e-96 2.016532e-94 9.320519e-93 1.313927e-91 -2.916435e-89 -4.069834e-87 -3.496926e-85 -2.372097e-83 -1.360881e-81 -6.800010e-80 -3.004369e-78 -1.183465e-76 -4.174322e-75 -1.320206e-73 -3.738674e-72 -9.434790e-71 -2.100350e-69 -4.041094e-68 -6.416369e-67 -7.316924e-66 -1.785812e-65 1.945807e-63 6.959177e-62 1.618111e-60 3.015633e-59 4.775358e-58 6.572655e-57 7.933363e-56 8.409452e-55 7.792346e-54 6.236423e-53 4.202743e-52 2.247119e-51 7.810936e-51 -5.633784e-51 -3.678943e-49 -3.674725e-48 -2.513767e-47 -1.357418e-46 -6.035872e-46 -2.243051e-45 -6.991070e-45 -1.822830e-44 -3.949091e-44 -7.031427e-44 -1.011224e-43 -1.136896e-43 -9.180555e-44 -3.542447e-44 3.542447e-44 9.180555e-44 1.136896e-43 1.011224e-43 7.031427e-44 3.949091e-44 1.822830e-44 6.991070e-45 2.243051e-45 6.035872e-46 1.357418e-46 2.513767e-47 3.674725e-48 3.678943e-49 5.633784e-51 -7.810936e-51 -2.247119e-51 -4.202743e-52 -6.236423e-53 -7.792346e-54 -8.409452e-55 -7.933363e-56 -6.572655e-57 -4.775358e-58 -3.015633e-59 -1.618111e-60 -6.959177e-62 -1.945807e-63 1.785812e-65 7.316924e-66 6.416369e-67 4.041094e-68 2.100350e-69 9.434790e-71 3.738674e-72 1.320206e-73 4.174322e-75 1.183465e-76 3.004369e-78 6.800010e-80 1.360881e-81 2.372097e-83 3.496926e-85 4.069834e-87 2.916435e-89 -1.313927e-91 -9.320519e-93 -2.016532e-94 -3.092595e-96 -3.769538e-98 -3.686738e-100 -1.554668e-102 -1.032296e-105 -9.692158e-110 -1.625524e-114 -5.891830e-120 -4.977656e-126 -8.498368e-133
3.261251e-126 9.442626e-120 7.352868e-114 1.497566e-108 7.006468e-104 6.068886e-100 7.588307e-97 1.507761e-94 1.286245e-92 8.524216e-91 3.987965e-89 5.331341e-88 -1.354185e-85 -1.901876e-83 -1.662481e-81 -1.150271e-79 -6.739771e-78 -3.442540e-76 -1.555913e-74 -6.273859e-73 -2.266604e-71 -7.346550e-70 -2.133151e-68 -5.521392e-67 -1.260795e-65 -2.486610e-64 -4.036108e-63 -4.646624e-62 -7.960022e-62 1.456841e-59 5.230486e-58 1.247876e-56 2.400516e-55 3.935932e-54 5.621678e-53 7.054543e-52 7.786780e-51 7.522924e-50 6.281133e-49 4.410705e-48 2.439946e-47 8.412505e-47 -1.470051e-46 -5.517972e-45 -5.662574e-44 -4.104830e-43 -2.379014e-42 -1.145974e-41 -4.653994e-41 -1.599913e-40 -4.649152e-40 -1.136382e-39 -2.318494e-39 -3.906141e-39 -5.347410e-39 -5.769966e-39 -4.521950e-39 -1.717409e-39 1.717409e-39 4.521950e-39 5.769966e-39 5.347410e-39 3.906141e-39 2.318494e-39 1.136382e-39 4.649152e-40 1.599913e-40 4.653994e-41 1.145974e-41 2.379014e-42 4.104830e-43 5.662574e-44 5.517972e-45 1.470051e-46 -8.412505e-47 -2.439946e-47 -4.410705e-48 -6.281133e-49 -7.522924e-50 -7.786780e-51 -7.054543e-52 -5.621678e-53 -3.935932e-54 -2.400516e-55 -1.247876e-56 -5.230486e-58 -1.456841e-59 7.960022e-62 4.646624e-62 4.036108e-63 2.486610e-64 1.260795e-65 5.521392e-67 2.133151e-68 7.346550e-70 2.266604e-71 6.273859e-73 1.555913e-74 3.442540e-76 6.739771e-78 1.150271e-79 1.662481e-81 1.901876e-83 1.354185e-85 -5.331341e-88 -3.987965e-89 -8.524216e-91 -1.286245e-92 -1.507761e-94 -7.588307e-97 -6.068886e-100 -7.006468e-104 -1.497566e-108 -7.352868e-114 -9.442626e-120 -3.261251e-126
2.366609e-120 4.507897e-114 2.591348e-108 4.141375e-103 1.575739e-98 1.133045e-94 1.185942e-91 1.961621e-89 1.349178e-87 6.382826e-86 7.994577e-85 -2.352252e-82 -3.323010e-80 -2.953153e-78 -2.082771e-76 -1.245524e-74 -6.498732e-73 -3.002500e-71 -1.238369e-69 -4.578826e-68 -1.519659e-66 -4.520160e-65 -1.198863e-63 -2.805018e-62 -5.663923e-61 -9.382875e-60 -1.086899e-58 -8.984442e-59 4.016328e-56 1.447712e-54 3.539174e-53 7.016311e-52 1.189091e-50 1.759144e-49 2.290357e-48 2.626626e-47 2.639229e-46 2.292400e-45 1.671751e-44 9.522076e-44 3.205737e-43 -1.017032e-42 -2.923945e-41 -3.083889e-40 -2.358501e-39 -1.458247e-38 -7.554142e-38 -3.323586e-37 -1.247154e-36 -3.988199e-36 -1.082590e-35 -2.479053e-35 -4.750312e-35 -7.538947e-35 -9.766341e-35 -1.004728e-34 -7.596225e-35 -2.829193e-35 2.829193e-35 7.596225e-35 1.004728e-34 9.766341e-35 7.538947e-35 4.750312e-35 2.479053e-35 1.082590e-35 3.988199e-36 1.247154e-36 3.323586e-37 7.554142e-38 1.458247e-38 2.358501e-39 3.083889e-40 2.923945e-41 1.017032e-42 -3.205737e-43 -9.522076e-44 -1.671751e-44 -2.292400e-45 -2.639229e-46 -2.626626e-47 -2.290357e-48 -1.759144e-49 -1.189091e-50 -7.016311e-52 -3.539174e-53 -1.447712e-54 -4.016328e-56 8.984442e-59 1.086899e-58 9.382875e-60 5.663923e-61 2.805018e-62 1.198863e-63 4.520160e-65 1.519659e-66 4.578826e-68 1.238369e-69 3.002500e-71 6.498732e-73 1.245524e-74 2.082771e-76 2.953153e-78 3.323010e-80 2.352252e-82 -7.994577e-85 -6.382826e-86 -1.349178e-87 -1.961621e-89 -1.185942e-91 -1.133045e-94 -1.575739e-98 -4.141375e-103 -2.591348e-108 -4.507897e-114 -2.366609e-120
3.664891e-115 5.153410e-109 2.324534e-103 3.021226e-98 9.542785e-94 5.743308e-90 4.998511e-87 6.642731e-85 3.242012e-83 3.746420e-82 -1.296875e-79 -1.841901e-77 -1.663126e-75 -1.194859e-73 -7.288049e-72 -3.881858e-70 -1.832058e-68 -7.723371e-67 -2.920385e-65 -9.916598e-64 -3.018994e-62 -8.197073e-61 -1.963105e-59 -4.053392e-58 -6.842193e-57 -7.945668e-56 1.996977e-56 3.462066e-53 1.252983e-51 3.134765e-50 6.394983e-49 1.118419e-47 1.710789e-46 2.306584e-45 2.742609e-44 2.859476e-43 2.577002e-42 1.945395e-41 1.135333e-40 3.657579e-40 -1.902488e-39 -4.670727e-38 -5.061778e-37 -4.068039e-36 -2.669327e-35 -1.477810e-34 -6.992418e-34 -2.839493e-33 -9.890821e-33 -2.944953e-32 -7.452864e-32 -1.591437e-31 -2.842542e-31 -4.204278e-31 -5.082711e-31 -4.905587e-31 -3.523271e-31 -1.274283e-31 1.274283e-31 3.523271e-31 4.905587e-31 5.082711e-31 4.204278e-31 2.842542e-31 1.591437e-31 7.452864e-32 2.944953e-32 9.890821e-33 2.839493e-33 6.992418e-34 1.477810e-34 2.669327e-35 4.068039e-36 5.061778e-37 4.670727e-38 1.902488e-39 -3.657579e-40 -1.135333e-40 -1.945395e-41 -2.577002e-42 -2.859476e-43 -2.742609e-44 -2.306584e-45 -1.710789e-46 -1.118419e-47 -6.394983e-49 -3.134765e-50 -1.252983e-51 -3.462066e-53 -1.996977e-56 7.945668e-56 6.842193e-57 4.053392e-58 1.963105e-59 8.197073e-61 3.018994e-62 9.916598e-64 2.920385e-65 7.723371e-67 1.832058e-68 3.881858e-70 7.288049e-72 1.194859e-73 1.663126e-75 1.841901e-77 1.296875e-79 -3.746420e-82 -3.242012e-83 -6.642731e-85 -4.998511e-87 -5.743308e-90 -9.542785e-94 -3.021226e-98 -2.324534e-103 -5.153410e-109 -3.664891e-115
1.090168e-110 1.202859e-104 4.412491e-99 4.760854e-94 1.258634e-89 6.297670e-86 4.396190e-83 4.112117e-81 4.383589e-80 -1.821420e-77 -2.599598e-75 -2.383474e-73 -1.743313e-71 -1.083891e-69 -5.889633e-68 -2.837555e-66 -1.221828e-64 -4.721218e-63 -1.638967e-61 -5.102719e-60 -1.417064e-58 -3.470251e-57 -7.318483e-56 -1.256766e-54 -1.457237e-53 2.272236e-53 7.494583e-51 2.723747e-49 6.965680e-48 1.460248e-46 2.631457e-45 4.155138e-44 5.791085e-43 7.125439e-42 7.692030e-41 7.174766e-40 5.589475e-39 3.325400e-38 9.974740e-38 -8.182306e-37 -1.813675e-35 -2.018537e-34 -1.698821e-33 -1.177619e-32 -6.930142e-32 -3.504442e-31 -1.528895e-30 -5.751969e-30 -1.859744e-29 -5.138397e-29 -1.204061e-28 -2.370675e-28 -3.879435e-28 -5.211660e-28 -5.666861e-28 -4.887403e-28 -3.161419e-28 -1.069025e-28 1.069025e-28 3.161419e-28 4.887403e-28 5.666861e-28 5.211660e-28 3.879435e-28 2.370675e-28 1.204061e-28 5.138397e-29 1.859744e-29 5.751969e-30 1.528895e-30 3.504442e-31 6.930142e-32 1.177619e-32 1.698821e-33 2.018537e-34 1.813675e-35 8.182306e-37 -9.974740e-38 -3.325400e-38 -5.589475e-39 -7.174766e-40 -7.692030e-41 -7.125439e-42 -5.791085e-43 -4.155138e-44 -2.631457e-45 -1.460248e-46 -6.965680e-48 -2.723747e-49 -7.494583e-51 -2.272236e-53 1.457237e-53 1.256766e-54 7.318483e-56 3.470251e-57 1.417064e-58 5.102719e-60 1.638967e-61 4.721218e-63 1.221828e-64 2.837555e-66 5.889633e-68 1.083891e-69 1.743313e-71 2.383474e-73 2.599598e-75 1.821420e-77 -4.383589e-80 -4.112117e-81 -4.396190e-83 -6.297670e-86 -1.258634e-89 -4.760854e-94 -4.412491e-99 -1.202859e-104 -1.090168e-110
5.025835e-107 4.509934e-101 1.373434e-95 1.240367e-90 2.726327e-86 1.093979e-82 5.356054e-80 9.660644e-79 -4.948013e-76 -7.095788e-74 -6.603152e-72 -4.914391e-70 -3.112892e-68 -1.724641e-66 -8.477294e-65 -3.726098e-63 -1.470375e-61 -5.214836e-60 -1.659158e-58 -4.708971e-57 -1.178170e-55 -2.535215e-54 -4.422793e-53 -5.100955e-52 1.591212e-51 3.096236e-49 1.130631e-47 2.953109e-46 6.354372e-45 1.178376e-43 1.918022e-42 2.759030e-41 3.506927e-40 3.912385e-39 3.768796e-38 3.021649e-37 1.823825e-36 4.908066e-36 -6.303101e-35 -1.305756e-33 -1.492076e-32 -1.311253e-31 -9.565720e-31 -5.956566e-30 -3.202200e-29 -1.491793e-28 -6.019125e-28 -2.095946e-27 -6.260648e-27 -1.590531e-26 -3.397723e-26 -6.010800e-26 -8.622347e-26 -9.721872e-26 -8.186496e-26 -4.668120e-26 -1.425504e-26 -1.051483e-27 1.051483e-27 1.425504e-26 4.668120e-26 8.186496e-26 9.721872e-26 8.622347e-26 6.010800e-26 3.397723e-26 1.590531e-26 6.260648e-27 2.095946e-27 6.019125e-28 1.491793e-28 3.202200e-29 5.956566e-30 9.565720e-31 1.311253e-31 1.492076e-32 1.305756e-33 6.303101e-35 -4.908066e-36 -1.823825e-36 -3.021649e-37 -3.768796e-38 -3.912385e-39 -3.506927e-40 -2.759030e-41 -1.918022e-42 -1.178376e-43 -6.354372e-45 -2.953109e-46 -1.130631e-47 -3.096236e-49 -1.591212e-51 5.100955e-52 4.422793e-53 2.535215e-54 1.178170e-55 4.708971e-57 1.659158e-58 5.214836e-60 1.470375e-61 3.726098e-63 8.477294e-65 1.724641e-66 3.112892e-68 4.914391e-70 6.603152e-72 7.095788e-74 4.948013e-76 -9.660644e-79 -5.356054e-80 -1.093979e-82 -2.726327e-86 -1.240367e-90 -1.373434e-95 -4.509934e-101 -5.025835e-107
3.114218e-104 2.320754e-98 5.918062e-93 4.445792e-88 7.842159e-84 2.209399e-80 2.019058e-78 -2.120434e-75 -3.135777e-73 -2.962767e-71 -2.243834e-69 -1.447899e-67 -8.177998e-66 -4.100473e-64 -1.839406e-62 -7.411231e-61 -2.684759e-59 -8.727235e-58 -2.530958e-56 -6.468802e-55 -1.420309e-53 -2.518013e-52 -2.891186e-51 1.370445e-50 2.043481e-48 7.525756e-47 2.008911e-45 4.436634e-44 8.463345e-43 1.419230e-41 2.105707e-40 2.762931e-39 3.183026e-38 3.164295e-37 2.609315e-36 1.596719e-35 3.746739e-35 -7.340887e-34 -1.468111e-32 -1.727126e-31 -1.583698e-30 -1.213353e-29 -7.972073e-29 -4.540195e-28 -2.249171e-27 -9.685088e-27 -3.611268e-26 -1.158230e-25 -3.163651e-25 -7.252726e-25 -1.364298e-24 -2.023637e-24 -2.165340e-24 -1.188404e-24 8.893924e-25 2.950808e-24 3.365648e-24 1.483088e-24 -1.483088e-24 -3.365648e-24 -2.950808e-24 -8.893924e-25 1.188404e-24 2.165340e-24 2.023637e-24 1.364298e-24 7.252726e-25 3.163651e-25 1.158230e-25 3.611268e-26 9.685088e-27 2.249171e-27 4.540195e-28 7.972073e-29 1.213353e-29 1.583698e-30 1.727126e-31 1.468111e-32 7.340887e-34 -3.746739e-35 -1.596719e-35 -2.609315e-36 -3.164295e-37 -3.183026e-38 -2.762931e-39 -2.105707e-40 -1.419230e-41 -8.463345e-43 -4.436634e-44 -2.008911e-45 -7.525756e-47 -2.043481e-48 -1.370445e-50 2.891186e-51 2.518013e-52 1.420309e-53 6.468802e-55 2.530958e-56 8.727235e-58 2.684759e-59 7.411231e-61 1.839406e-62 4.100473e-64 8.177998e-66 1.447899e-67 2.243834e-69 2.962767e-71 3.135777e-73 2.120434e-75 -2.019058e-78 -2.209399e-80 -7.842159e-84 -4.445792e-88 -5.918062e-93 -2.320754e-98 -3.114218e-104
4.599130e-102 2.874447e-96 6.109323e-91 3.694108e-86 4.605500e-82 2.660506e-79 -1.312742e-75 -3.805167e-73 -3.743829e-71 -2.890241e-69 -1.902426e-67 -1.096696e-65 -5.615193e-64 -2.573429e-62 -1.059830e-60 -3.926120e-59 -1.305685e-57 -3.875400e-56 -1.013987e-54 -2.278880e-53 -4.130091e-52 -4.806899e-51 2.671662e-50 3.736489e-48 1.405607e-46 3.854031e-45 8.762075e-44 1.723177e-42 2.982651e-41 4.572826e-40 6.206196e-39 7.401484e-38 7.619870e-37 6.501319e-36 4.090107e-35 9.034728e-35 -2.235167e-33 -4.533072e-32 -5.551440e-31 -5.335794e-30 -4.302947e-29 -2.986121e-28 -1.802161e-27 -9.491510e-27 -4.359179e-26 -1.738873e-25 -5.981355e-25 -1.754285e-24 -4.309388e-24 -8.595038e-24 -1.303018e-23 -1.215054e-23 2.830096e-24 3.739687e-23 8.312301e-23 1.143307e-22 1.025364e-22 4.146247e-23 -4.146247e-23 -1.025364e-22 -1.143307e-22 -8.312301e-23 -3.739687e-23 -2.830096e-24 1.215054e-23 1.303018e-23 8.595038e-24 4.309388e-24 1.754285e-24 5.981355e-25 1.738873e-25 4.359179e-26 9.491510e-27 1.802161e-27 2.986121e-28 4.302947e-29 5.335794e-30 5.551440e-31 4.533072e-32 2.235167e-33 -9.034728e-35 -4.090107e-35 -6.501319e-36 -7.619870e-37 -7.401484e-38 -6.206196e-39 -4.572826e-40 -2.982651e-41 -1.723177e-42 -8.762075e-44 -3.854031e-45 -1.405607e-46 -3.736489e-48 -2.671662e-50 4.806899e-51 4.130091e-52 2.278880e-53 1.013987e-54 3.875400e-56 1.305685e-57 3.926120e-59 1.059830e-60 2.573429e-62 5.615193e-64 1.096696e-65 1.902426e-67 2.890241e-69 3.743829e-71 3.805167e-73 1.312742e-75 -2.660506e-79 -4.605500e-82 -3.694108e-86 -6.109323e-91 -2.874447e-96 -4.599130e-102
4.604537e-100 2.402615e-94 4.121828e-89 1.774596e-84 5.140511e-81 -1.228083e-76 -1.907123e-73 -3.662163e-71 -2.948438e-69 -1.981111e-67 -1.166323e-65 -6.101341e-64 -2.858283e-62 -1.203855e-60 -4.563188e-59 -1.553603e-57 -4.723392e-56 -1.266636e-54 -2.919240e-53 -5.428267e-52 -6.482510e-51 3.734370e-50 5.340551e-48 2.066885e-46 5.837116e-45 1.368181e-43 2.776778e-42 4.965031e-41 7.871605e-40 1.105932e-38 1.366836e-37 1.459773e-36 1.292992e-35 8.438140e-35 1.883440e-34 -5.142581e-33 -1.082381e-31 -1.387070e-30 -1.399816e-29 -1.188569e-28 -8.708216e-28 -5.563944e-27 -3.111234e-26 -1.521486e-25 -6.480538e-25 -2.385917e-24 -7.498916e-24 -1.970509e-23 -4.160830e-23 -6.405384e-23 -4.592571e-23 1.001173e-22 4.771405e-22 1.101381e-21 1.782461e-21 2.130271e-21 1.778702e-21 6.971244e-22 -6.971244e-22 -1.778702e-21 -2.130271e-21 -1.782461e-21 -1.101381e-21 -4.771405e-22 -1.001173e-22 4.592571e-23 6.405384e-23 4.160830e-23 1.970509e-23 7.498916e-24 2.385917e-24 6.480538e-25 1.521486e-25 3.111234e-26 5.563944e-27 8.708216e-28 1.188569e-28 1.399816e-29 1.387070e-30 1.082381e-31 5.142581e-33 -1.883440e-34 -8.438140e-35 -1.292992e-35 -1.459773e-36 -1.366836e-37 -1.105932e-38 -7.871605e-40 -4.965031e-41 -2.776778e-42 -1.368181e-43 -5.837116e-45 -2.066885e-46 -5.340551e-48 -3.734370e-50 6.482510e-51 5.428267e-52 2.919240e-53 1.266636e-54 4.723392e-56 1.553603e-57 4.563188e-59 1.203855e-60 2.858283e-62 6.101341e-64 1.166323e-65 1.981111e-67 2.948438e-69 3.662163e-71 1.907123e-73 1.228083e-76 -5.140511e-81 -1.774596e-84 -4.121828e-89 -2.402615e-94 -4.604537e-100
3.783974e-98 1.596188e-92 1.960209e-87 2.169362e-83 -1.955979e-78 -1.775477e-74 -1.806477e-71 -2.828287e-69 -1.981103e-67 -1.190626e-65 -6.361014e-64 -3.044714e-62 -1.310869e-60 -5.081711e-59 -1.770351e-57 -5.510376e-56 -1.513650e-54 -3.575469e-53 -6.817871e-52 -8.351746e-51 4.965469e-50 7.273594e-48 2.894402e-46 8.412875e-45 2.031321e-43 4.250659e-42 7.843743e-41 1.284616e-39 1.866313e-38 2.387600e-37 2.642062e-36 2.426500e-35 1.640982e-34 3.707570e-34 -1.107526e-32 -2.417840e-31 -3.236547e-30 -3.422140e-29 -3.051958e-28 -2.354343e-27 -1.587783e-26 -9.395479e-26 -4.874723e-25 -2.208300e-24 -8.664714e-24 -2.904973e-23 -8.125358e-23 -1.805761e-22 -2.782191e-22 -1.054786e-22 1.041142e-21 4.321050e-21 1.074847e-20 1.987213e-20 2.862658e-20 3.193114e-20 2.561041e-20 9.851039e-21 -9.851039e-21 -2.561041e-20 -3.193114e-20 -2.862658e-20 -1.987213e-20 -1.074847e-20 -4.321050e-21 -1.041142e-21 1.054786e-22 2.782191e-22 1.805761e-22 8.125358e-23 2.904973e-23 8.664714e-24 2.208300e-24 4.874723e-25 9.395479e-26 1.587783e-26 2.354343e-27 3.051958e-28 3.422140e-29 3.236547e-30 2.417840e-31 1.107526e-32 -3.707570e-34 -1.640982e-34 -2.426500e-35 -2.642062e-36 -2.387600e-37 -1.866313e-38 -1.284616e-39 -7.843743e-41 -4.250659e-42 -2.031321e-43 -8.412875e-45 -2.894402e-46 -7.273594e-48 -4.965469e-50 8.351746e-51 6.817871e-52 3.575469e-53 1.513650e-54 5.510376e-56 1.770351e-57 5.081711e-59 1.310869e-60 3.044714e-62 6.361014e-64 1.190626e-65 1.981103e-67 2.828287e-69 1.806477e-71 1.775477e-74 1.955979e-78 -2.169362e-83 -1.960209e-87 -1.596188e-92 -3.783974e-98
2.473257e-96 7.505199e-91 2.577471e-86 -6.946296e-81 -2.815435e-76 -1.657492e-72 -1.370443e-69 -1.862238e-67 -1.166317e-65 -6.361014e-64 -3.109502e-62 -1.367866e-60 -5.420479e-59 -1.931268e-57 -6.150923e-56 -1.729771e-54 -4.185374e-53 -8.179301e-52 -1.027183e-50 6.292902e-50 9.440895e-48 3.860061e-46 1.153831e-44 2.867479e-43 6.181162e-42 1.176012e-40 1.987622e-39 2.982827e-38 3.945535e-37 4.518434e-36 4.297620e-35 3.008474e-34 6.884916e-34 -2.236083e-32 -5.058868e-31 -7.061482e-30 -7.806906e-29 -7.296435e-28 -5.911719e-27 -4.196868e-26 -2.620255e-25 -1.437699e-24 -6.902718e-24 -2.875641e-23 -1.024324e-22 -3.037043e-22 -7.070038e-22 -1.075305e-21 1.207487e-22 7.599773e-21 3.108910e-20 8.379677e-20 1.736496e-19 2.887000e-19 3.881009e-19 4.135089e-19 3.223721e-19 1.223195e-19 -1.223195e-19 -3.223721e-19 -4.135089e-19 -3.881009e-19 -2.887000e-19 -1.736496e-19 -8.379677e-20 -3.108910e-20 -7.599773e-21 -1.207487e-22 1.075305e-21 7.070038e-22 3.037043e-22 1.024324e-22 2.875641e-23 6.902718e-24 1.437699e-24 2.620255e-25 4.196868e-26 5.911719e-27 7.296435e-28 7.806906e-29 7.061482e-30 5.058868e-31 2.236083e-32 -6.884916e-34 -3.008474e-34 -4.297620e-35 -4.518434e-36 -3.945535e-37 -2.982827e-38 -1.987622e-39 -1.176012e-40 -6.181162e-42 -2.867479e-43 -1.153831e-44 -3.860061e-46 -9.440895e-48 -6.292902e-50 1.027183e-50 8.179301e-52 4.185374e-53 1.729771e-54 6.150923e-56 1.931268e-57 5.420479e-59 1.367866e-60 3.109502e-62 6.361014e-64 1.166317e-65 1.862238e-67 1.370443e-69 1.657492e-72 2.815435e-76 6.946296e-81 -2.577471e-86 -7.505199e-91 -2.473257e-96
1.148681e-94 1.047030e-89 -7.070088e-84 -9.951350e-79 -2.589840e-74 -1.236202e-70 -8.855478e-68 -1.073838e-65 -6.101304e-64 -3.044714e-62 -1.367866e-60 -5.538311e-59 -2.017090e-57 -6.570179e-56 -1.890598e-54 -4.683204e-53 -9.374440e-52 -1.206283e-50 7.603555e-50 1.168178e-47 4.904217e-46 1.506461e-44 3.850310e-43 8.542643e-42 1.674252e-40 2.917462e-39 4.518035e-38 6.172642e-37 7.307618e-36 7.190037e-35 5.204762e-34 1.207405e-33 -4.238609e-32 -9.929120e-31 -1.442957e-29 -1.664957e-28 -1.627411e-27 -1.381777e-26 -1.030095e-25 -6.767526e-25 -3.915563e-24 -1.986278e-23 -8.756547e-23 -3.302509e-22 -1.034271e-21 -2.512384e-21 -3.721545e-21 2.974493e-21 4.452976e-20 1.867172e-19 5.444512e-19 1.247772e-18 2.336330e-18 3.619768e-18 4.626087e-18 4.757302e-18 3.625665e-18 1.360546e-18 -1.360546e-18 -3.625665e-18 -4.757302e-18 -4.626087e-18 -3.619768e-18 -2.336330e-18 -1.247772e-18 -5.444512e-19 -1.867172e-19 -4.452976e-20 -2.974493e-21 3.721545e-21 2.512384e-21 1.034271e-21 3.302509e-22 8.756547e-23 1.986278e-23 3.915563e-24 6.767526e-25 1.030095e-25 1.381777e-26 1.627411e-27 1.664957e-28 1.442957e-29 9.929120e-31 4.238609e-32 -1.207405e-33 -5.204762e-34 -7.190037e-35 -7.307618e-36 -6.172642e-37 -4.518035e-38 -2.917462e-39 -1.674252e-40 -8.542643e-42 -3.850310e-43 -1.506461e-44 -4.904217e-46 -1.168178e-47 -7.603555e-50 1.206283e-50 9.374440e-52 4.683204e-53 1.890598e-54 6.570179e-56 2.017090e-57 5.538311e-59 1.367866e-60 3.044714e-62 6.101304e-64 1.073838e-65 8.855478e-68 1.236202e-70 2.589840e-74 9.951350e-79 7.070088e-84 -1.047030e-89 -1.148681e-94
1.681712e-93 -2.494707e-87 -1.007609e-81 -9.014944e-77 -1.898346e-72 -7.843979e-69 -5.008063e-66 -5.499675e-64 -2.858263e-62 -1.310869e-60 -5.420479e-59 -2.017090e-57 -6.716141e-56 -1.976491e-54 -5.009664e-53 -1.026591e-51 -1.352867e-50 8.761043e-50 1.378296e-47 5.937544e-46 1.872969e-44 4.919518e-43 1.122538e-41 2.264396e-40 4.064559e-39 6.489348e-38 9.148256e-37 1.118456e-35 1.137194e-34 8.504424e-34 2.001595e-33 -7.552963e-32 -1.830518e-30 -2.765558e-29 -3.324788e-28 -3.392413e-27 -3.012319e-26 -2.352905e-25 -1.622737e-24 -9.874748e-24 -5.277862e-23 -2.454993e-22 -9.773402e-22 -3.223243e-21 -8.144519e-21 -1.159081e-20 2.015991e-20 2.205279e-19 9.625803e-19 3.025755e-18 7.592093e-18 1.575612e-17 2.743823e-17 4.023677e-17 4.933271e-17 4.923309e-17 3.679585e-17 1.367526e-17 -1.367526e-17 -3.679585e-17 -4.923309e-17 -4.933271e-17 -4.023677e-17 -2.743823e-17 -1.575612e-17 -7.592093e-18 -3.025755e-18 -9.625803e-19 -2.205279e-19 -2.015991e-20 1.159081e-20 8.144519e-21 3.223243e-21 9.773402e-22 2.454993e-22 5.277862e-23 9.874748e-24 1.622737e-24 2.352905e-25 3.012319e-26 3.392413e-27 3.324788e-28 2.765558e-29 1.830518e-30 7.552963e-32 -2.001595e-33 -8.504424e-34 -1.137194e-34 -1.118456e-35 -9.148256e-37 -6.489348e-38 -4.064559e-39 -2.264396e-40 -1.122538e-41 -4.919518e-43 -1.872969e-44 -5.937544e-46 -1.378296e-47 -8.761043e-50 1.352867e-50 1.026591e-51 5.009664e-53 1.976491e-54 6.716141e-56 2.017090e-57 5.420479e-59 1.310869e-60 2.858263e-62 5.499675e-64 5.008063e-66 7.843979e-69 1.898346e-72 9.014944e-77 1.007609e-81 2.494707e-87 -1.681712e-93
-3.519060e-91 -3.535076e-85 -8.983822e-80 -6.490594e-75 -1.182361e-70 -4.352661e-67 -2.514123e-64 -2.521183e-62 -1.203845e-60 -5.081711e-59 -1.931268e-57 -6.570179e-56 -1.976491e-54 -5.123426e-53 -1.074270e-51 -1.449166e-50 9.628121e-50 1.550937e-47 6.851750e-46 2.218054e-44 5.982887e-43 1.402961e-41 2.910552e-40 5.377128e-39 8.842985e-38 1.285140e-36 1.621021e-35 1.701531e-34 1.313434e-33 3.139367e-33 -1.266647e-31 -3.173559e-30 -4.977771e-29 -6.225472e-28 -6.619468e-27 -6.135594e-26 -5.011261e-25 -3.620220e-24 -2.311582e-23 -1.298499e-22 -6.356089e-22 -2.663771e-21 -9.226929e-21 -2.419049e-20 -3.261010e-20 9.824293e-20 9.484188e-19 4.337471e-18 1.464032e-17 3.990060e-17 9.073781e-17 1.747401e-16 2.868065e-16 4.012481e-16 4.742833e-16 4.607476e-16 3.382959e-16 1.246247e-16 -1.246247e-16 -3.382959e-16 -4.607476e-16 -4.742833e-16 -4.012481e-16 -2.868065e-16 -1.747401e-16 -9.073781e-17 -3.990060e-17 -1.464032e-17 -4.337471e-18 -9.484188e-19 -9.824293e-20 3.261010e-20 2.419049e-20 9.226929e-21 2.663771e-21 6.356089e-22 1.298499e-22 2.311582e-23 3.620220e-24 5.011261e-25 6.135594e-26 6.619468e-27 6.225472e-28 4.977771e-29 3.173559e-30 1.266647e-31 -3.139367e-33 -1.313434e-33 -1.701531e-34 -1.621021e-35 -1.285140e-36 -8.842985e-38 -5.377128e-39 -2.910552e-40 -1.402961e-41 -5.982887e-43 -2.218054e-44 -6.851750e-46 -1.550937e-47 -9.628121e-50 1.449166e-50 1.074270e-51 5.123426e-53 1.976491e-54 6.570179e-56 1.931268e-57 5.081711e-59 1.203845e-60 2.521183e-62 2.514123e-64 4.352661e-67 1.182361e-70 6.490594e-75 8.983822e-80 3.535076e-85 3.519060e-91
-4.955367e-89 -3.100123e-83 -6.349436e-78 -3.965836e-73 -6.434962e-69 -2.142758e-65 -1.129177e-62 -1.038608e-60 -4.563142e-59 -1.770351e-57 -6.150923e-56 -1.890598e-54 -5.009664e-53 -1.074270e-51 -1.482753e-50 1.009305e-49 1.664648e-47 7.537463e-46 2.502471e-44 6.927285e-43 1.668192e-41 3.556553e-40 6.757343e-39 1.143735e-37 1.712038e-36 2.225957e-35 2.409938e-34 1.918567e-33 4.662052e-33 -2.001055e-31 -5.179259e-30 -8.423503e-29 -1.094366e-27 -1.210694e-26 -1.169409e-25 -9.968777e-25 -7.528554e-24 -5.033369e-23 -2.964901e-22 -1.523655e-21 -6.705931e-21 -2.434070e-20 -6.607557e-20 -8.310577e-20 3.934192e-19 3.602101e-18 1.730443e-17 6.247798e-17 1.837581e-16 4.539386e-16 9.556138e-16 1.727480e-15 2.690660e-15 3.606391e-15 4.120638e-15 3.903070e-15 2.818011e-15 1.029456e-15 -1.029456e-15 -2.818011e-15 -3.903070e-15 -4.120638e-15 -3.606391e-15 -2.690660e-15 -1.727480e-15 -9.556138e-16 -4.539386e-16 -1.837581e-16 -6.247798e-17 -1.730443e-17 -3.602101e-18 -3.934192e-19 8.310577e-20 6.607557e-20 2.434070e-20 6.705931e-21 1.523655e-21 2.964901e-22 5.033369e-23 7.528554e-24 9.968777e-25 1.169409e-25 1.210694e-26 1.094366e-27 8.423503e-29 5.179259e-30 2.001055e-31 -4.662052e-33 -1.918567e-33 -2.409938e-34 -2.225957e-35 -1.712038e-36 -1.143735e-37 -6.757343e-39 -3.556553e-40 -1.668192e-41 -6.927285e-43 -2.502471e-44 -7.537463e-46 -1.664648e-47 -1.009305e-49 1.482753e-50 1.074270e-51 5.009664e-53 1.890598e-54 6.150923e-56 1.770351e-57 4.563142e-59 1.038608e-60 1.129177e-62 2.142758e-65 6.434962e-69 3.965836e-73 6.349436e-78 3.100123e-83 4.955367e-89
-4.271499e-87 -2.149457e-81 -3.803553e-76 -2.115664e-71 -3.105059e-67 -9.432613e-64 -4.555391e-61 -3.848664e-59 -1.553585e-57 -5.510376e-56 -1.729771e-54 -4.683204e-53 -1.026591e-51 -1.449166e-50 1.009305e-49 1.704360e-47 7.905425e-46 2.690190e-44 7.637580e-43 1.887535e-41 4.132610e-40 8.068993e-39 1.404526e-37 2.163711e-36 2.897337e-35 3.232610e-34 2.652137e-33 6.559382e-33 -2.980500e-31 -7.963756e-30 -1.341454e-28 -1.808011e-27 -2.078080e-26 -2.088377e-25 -1.854957e-24 -1.461829e-23 -1.021351e-22 -6.295854e-22 -3.389456e-21 -1.563256e-20 -5.933891e-20 -1.665141e-19 -1.921750e-19 1.359007e-18 1.222204e-17 6.171328e-17 2.374952e-16 7.497572e-16 1.998089e-15 4.558248e-15 8.972472e-15 1.531299e-14 2.271044e-14 2.922109e-14 3.231078e-14 2.985833e-14 2.120441e-14 7.682355e-15 -7.682355e-15 -2.120441e-14 -2.985833e-14 -3.231078e-14 -2.922109e-14 -2.271044e-14 -1.531299e-14 -8.972472e-15 -4.558248e-15 -1.998089e-15 -7.497572e-16 -2.374952e-16 -6.171328e-17 -1.222204e-17 -1.359007e-18 1.921750e-19 1.665141e-19 5.933891e-20 1.563256e-20 3.389456e-21 6.295854e-22 1.021351e-22 1.461829e-23 1.854957e-24 2.088377e-25 2.078080e-26 1.808011e-27 1.341454e-28 7.963756e-30 2.980500e-31 -6.559382e-33 -2.652137e-33 -3.232610e-34 -2.897337e-35 -2.163711e-36 -1.404526e-37 -8.068993e-39 -4.132610e-40 -1.887535e-41 -7.637580e-43 -2.690190e-44 -7.905425e-46 -1.704360e-47 -1.009305e-49 1.449166e-50 1.026591e-51 4.683204e-53 1.729771e-54 5.510376e-56 1.553585e-57 3.848664e-59 4.555391e-61 9.432613e-64 3.105059e-67 2.115664e-71 3.803553e-76 2.149457e-81 4.271499e-87
-2.903483e-85 -1.261551e-79 -1.987638e-74 -1.000009e-69 -1.339075e-65 -3.728132e-62 -1.652451e-59 -1.280350e-57 -4.723328e-56 -1.513650e-54 -4.185374e-53 -9.374440e-52 -1.352867e-50 9.628121e-50 1.664648e-47 7.905425e-46 2.755815e-44 8.019356e-43 2.032630e-41 4.567122e-40 9.157563e-39 1.638065e-37 2.595055e-36 3.575985e-35 4.108333e-34 3.471136e-33 8.748625e-33 -4.188456e-31 -1.154580e-29 -2.012087e-28 -2.809907e-27 -3.350872e-26 -3.498550e-25 -3.232851e-24 -2.654103e-23 -1.934450e-22 -1.245526e-21 -7.011068e-21 -3.381945e-20 -1.340094e-19 -3.882263e-19 -4.034712e-19 4.148618e-18 3.736322e-17 1.982249e-16 8.104449e-16 2.733658e-15 7.815034e-15 1.918830e-14 4.077742e-14 7.540119e-14 1.217825e-13 1.721608e-13 2.127027e-13 2.275563e-13 2.050681e-13 1.431860e-13 5.143527e-14 -5.143527e-14 -1.431860e-13 -2.050681e-13 -2.275563e-13 -2.127027e-13 -1.721608e-13 -1.217825e-13 -7.540119e-14 -4.077742e-14 -1.918830e-14 -7.815034e-15 -2.733658e-15 -8.104449e-16 -1.982249e-16 -3.736322e-17 -4.148618e-18 4.034712e-19 3.882263e-19 1.340094e-19 3.381945e-20 7.011068e-21 1.245526e-21 1.934450e-22 2.654103e-23 3.232851e-24 3.498550e-25 3.350872e-26 2.809907e-27 2.012087e-28 1.154580e-29 4.188456e-31 -8.748625e-33 -3.471136e-33 -4.108333e-34 -3.575985e-35 -2.595055e-36 -1.638065e-37 -9.157563e-39 -4.567122e-40 -2.032630e-41 -8.019356e-43 -2.755815e-44 -7.905425e-46 -1.664648e-47 -9.628121e-50 1.352867e-50 9.374440e-52 4.185374e-53 1.513650e-54 4.723328e-56 1.280350e-57 1.652451e-59 3.728132e-62 1.339075e-65 1.000009e-69 1.987638e-74 1.261551e-79 2.903483e-85
-1.668495e-83 -6.453533e-78 -9.196795e-73 -4.222113e-68 -5.182518e-64 -1.324448e-60 -5.379596e-58 -3.801653e-56 -1.266616e-54 -3.575469e-53 -8.179301e-52 -1.206283e-50 8.761043e-50 1.550937e-47 7.537463e-46 2.690190e-44 8.019356e-43 2.083411e-41 4.801072e-40 9.879347e-39 1.814749e-37 2.954350e-36 4.186332e-35 4.948695e-34 4.303016e-33 1.106643e-32 -5.556621e-31 -1.579292e-29 -2.844552e-28 -4.111326e-27 -5.080542e-26 -5.503518e-25 -5.283058e-24 -4.511496e-23 -3.424642e-22 -2.299235e-21 -1.350835e-20 -6.803021e-20 -2.809580e-19 -8.394494e-19 -7.685338e-19 1.135338e-17 1.035824e-16 5.769079e-16 2.498464e-15 8.968778e-15 2.737559e-14 7.194167e-14 1.639571e-13 3.257170e-13 5.664810e-13 8.657284e-13 1.165339e-12 1.380235e-12 1.426002e-12 1.250939e-12 8.575533e-13 3.051915e-13 -3.051915e-13 -8.575533e-13 -1.250939e-12 -1.426002e-12 -1.380235e-12 -1.165339e-12 -8.657284e-13 -5.664810e-13 -3.257170e-13 -1.639571e-13 -7.194167e-14 -2.737559e-14 -8.968778e-15 -2.498464e-15 -5.769079e-16 -1.035824e-16 -1.135338e-17 7.685338e-19 8.394494e-19 2.809580e-19 6.803021e-20 1.350835e-20 2.299235e-21 3.424642e-22 4.511496e-23 5.283058e-24 5.503518e-25 5.080542e-26 4.111326e-27 2.844552e-28 1.579292e-29 5.556621e-31 -1.106643e-32 -4.303016e-33 -4.948695e-34 -4.186332e-35 -2.954350e-36 -1.814749e-37 -9.879347e-39 -4.801072e-40 -2.083411e-41 -8.019356e-43 -2.690190e-44 -7.537463e-46 -1.550937e-47 -8.761043e-50 1.206283e-50 8.179301e-52 3.575469e-53 1.266616e-54 3.801653e-56 5.379596e-58 1.324448e-60 5.182518e-64 4.222113e-68 9.196795e-73 6.453533e-78 1.668495e-83
-8.349489e-82 -2.921027e-76 -3.798816e-71 -1.598979e-66 -1.802164e-62 -4.221717e-59 -1.562825e-56 -9.951616e-55 -2.919182e-53 -6.817871e-52 -1.027183e-50 7.603555e-50 1.378296e-47 6.851750e-46 2.502471e-44 7.637580e-43 2.032630e-41 4.801072e-40 1.013226e-38 1.910051e-37 3.193164e-36 4.649509e-35 5.651223e-34 5.053980e-33 1.328093e-32 -6.962577e-31 -2.039212e-29 -3.792593e-28 -5.667142e-27 -7.248537e-26 -8.136530e-25 -8.103142e-24 -7.187483e-23 -5.673821e-22 -3.965835e-21 -2.427945e-20 -1.274562e-19 -5.478457e-19 -1.686918e-18 -1.324810e-18 2.811881e-17 2.617634e-16 1.528822e-15 6.994517e-15 2.662950e-14 8.643599e-14 2.420051e-13 5.883113e-13 1.247456e-12 2.316499e-12 3.782809e-12 5.454092e-12 6.963682e-12 7.871630e-12 7.817402e-12 6.646854e-12 4.458723e-12 1.569186e-12 -1.569186e-12 -4.458723e-12 -6.646854e-12 -7.817402e-12 -7.871630e-12 -6.963682e-12 -5.454092e-12 -3.782809e-12 -2.316499e-12 -1.247456e-12 -5.883113e-13 -2.420051e-13 -8.643599e-14 -2.662950e-14 -6.994517e-15 -1.528822e-15 -2.617634e-16 -2.811881e-17 1.324810e-18 1.686918e-18 5.478457e-19 1.274562e-19 2.427945e-20 3.965835e-21 5.673821e-22 7.187483e-23 8.103142e-24 8.136530e-25 7.248537e-26 5.667142e-27 3.792593e-28 2.039212e-29 6.962577e-31 -1.328093e-32 -5.053980e-33 -5.651223e-34 -4.649509e-35 -3.193164e-36 -1.910051e-37 -1.013226e-38 -4.801072e-40 -2.032630e-41 -7.637580e-43 -2.502471e-44 -6.851750e-46 -1.378296e-47 -7.603555e-50 1.027183e-50 6.817871e-52 2.919182e-53 9.951616e-55 1.562825e-56 4.221717e-59 1.802164e-62 1.598979e-66 3.798816e-71 2.921027e-76 8.349489e-82
-3.694212e-80 -1.179549e-74 -1.406751e-69 -5.438619e-65 -5.621320e-61 -1.200772e-57 -4.002981e-55 -2.238041e-53 -5.428123e-52 -8.351745e-51 6.292902e-50 1.168178e-47 5.937544e-46 2.218054e-44 6.927285e-43 1.887535e-41 4.567122e-40 9.879347e-39 1.910051e-37 3.276946e-36 4.899798e-35 6.119295e-34 5.625388e-33 1.512608e-32 -8.243222e-31 -2.486611e-29 -4.771178e-28 -7.363451e-27 -9.737700e-26 -1.131359e-24 -1.167474e-23 -1.074212e-22 -8.806280e-22 -6.399039e-21 -4.076245e-20 -2.227264e-19 -9.951305e-19 -3.156291e-18 -2.055940e-18 6.345029e-17 6.055178e-16 3.704054e-15 1.785890e-14 7.189384e-14 2.472998e-13 7.348206e-13 1.897057e-12 4.271078e-12 8.412984e-12 1.454999e-11 2.218636e-11 2.996053e-11 3.596202e-11 3.840156e-11 3.626217e-11 2.957692e-11 1.925434e-11 6.670145e-12 -6.670145e-12 -1.925434e-11 -2.957692e-11 -3.626217e-11 -3.840156e-11 -3.596202e-11 -2.996053e-11 -2.218636e-11 -1.454999e-11 -8.412984e-12 -4.271078e-12 -1.897057e-12 -7.348206e-13 -2.472998e-13 -7.189384e-14 -1.785890e-14 -3.704054e-15 -6.055178e-16 -6.345029e-17 2.055940e-18 3.156291e-18 9.951305e-19 2.227264e-19 4.076245e-20 6.399039e-21 8.806280e-22 1.074212e-22 1.167474e-23 1.131359e-24 9.737700e-26 7.363451e-27 4.771178e-28 2.486611e-29 8.243222e-31 -1.512608e-32 -5.625388e-33 -6.119295e-34 -4.899798e-35 -3.276946e-36 -1.910051e-37 -9.879347e-39 -4.567122e-40 -1.887535e-41 -6.927285e-43 -2.218054e-44 -5.937544e-46 -1.168178e-47 -6.292902e-50 8.351745e-51 5.428123e-52 2.238041e-53 4.002981e-55 1.200772e-57 5.621320e-61 5.438619e-65 1.406751e-69 1.179549e-74 3.694212e-80
-1.457272e-78 -4.267828e-73 -4.676444e-68 -1.658760e-63 -1.564454e-59 -3.012293e-56 -8.815479e-54 -4.060722e-52 -6.482204e-51 4.965470e-50 9.440895e-48 4.904217e-46 1.872969e-44 5.982887e-43 1.668192e-41 4.132610e-40 9.157563e-39 1.814749e-37 3.193164e-36 4.899798e-35 6.283704e-34 5.934657e-33 1.635272e-32 -9.223893e-31 -2.864444e-29 -5.665637e-28 -9.022550e-27 -1.232409e-25 -1.480421e-24 -1.581126e-23 -1.507302e-22 -1.281596e-21 -9.668474e-21 -6.399602e-20 -3.634761e-19 -1.686188e-18 -5.507196e-18 -2.844010e-18 1.311010e-16 1.286560e-15 8.232766e-15 4.173894e-14 1.771933e-13 6.439810e-13 2.024036e-12 5.528842e-12 1.316098e-11 2.735505e-11 4.975508e-11 7.942688e-11 1.117024e-10 1.389724e-10 1.535167e-10 1.508274e-10 1.313435e-10 9.955006e-11 6.118714e-11 2.052785e-11 -2.052785e-11 -6.118714e-11 -9.955006e-11 -1.313435e-10 -1.508274e-10 -1.535167e-10 -1.389724e-10 -1.117024e-10 -7.942688e-11 -4.975508e-11 -2.735505e-11 -1.316098e-11 -5.528842e-12 -2.024036e-12 -6.439810e-13 -1.771933e-13 -4.173894e-14 -8.232766e-15 -1.286560e-15 -1.311010e-16 2.844010e-18 5.507196e-18 1.686188e-18 3.634761e-19 6.399602e-20 9.668474e-21 1.281596e-21 1.507302e-22 1.581126e-23 1.480421e-24 1.232409e-25 9.022550e-27 5.665637e-28 2.864444e-29 9.223893e-31 -1.635272e-32 -5.934657e-33 -6.283704e-34 -4.899798e-35 -3.193164e-36 -1.814749e-37 -9.157563e-39 -4.132610e-40 -1.668192e-41 -5.982887e-43 -1.872969e-44 -4.904217e-46 -9.440895e-48 -4.965470e-50 6.482204e-51 4.060722e-52 8.815479e-54 3.012293e-56 1.564454e-59 1.658760e-63 4.676444e-68 4.267828e-73 1.457272e-78
-5.147613e-77 -1.385493e-71 -1.393474e-66 -4.513304e-62 -3.841388e-58 -6.505853e-55 -1.571021e-52 -4.742299e-51 3.734877e-50 7.273595e-48 3.860061e-46 1.506461e-44 4.919518e-43 1.402961e-41 3.556553e-40 8.068993e-39 1.638065e-37 2.954350e-36 4.649509e-35 6.119295e-34 5.934657e-33 1.678309e-32 -9.756695e-31 -3.117886e-29 -6.352278e-28 -1.042936e-26 -1.470026e-25 -1.823914e-24 -2.013981e-23 -1.986963e-22 -1.750146e-21 -1.369084e-20 -9.404368e-20 -5.545425e-19 -2.668390e-18 -8.973170e-18 -3.440084e-18 2.489911e-16 2.517980e-15 1.683472e-14 8.956737e-14 4.000270e-13 1.532008e-12 5.078681e-12 1.463299e-11 3.670028e-11 8.015502e-11 1.524651e-10 2.526562e-10 3.649685e-10 4.596855e-10 5.042026e-10 4.794393e-10 3.913563e-10 2.694580e-10 1.521294e-10 6.695399e-11 1.728694e-11 -1.728694e-11 -6.695399e-11 -1.521294e-10 -2.694580e-10 -3.913563e-10 -4.794393e-10 -5.042026e-10 -4.596855e-10 -3.649685e-10 -2.526562e-10 -1.524651e-10 -8.015502e-11 -3.670028e-11 -1.463299e-11 -5.078681e-12 -1.532008e-12 -4.000270e-13 -8.956737e-14 -1.683472e-14 -2.517980e-15 -2.489911e-16 3.440084e-18 8.973170e-18 2.668390e-18 5.545425e-19 9.404368e-20 1.369084e-20 1.750146e-21 1.986963e-22 2.013981e-23 1.823914e-24 1.470026e-25 1.042936e-26 6.352278e-28 3.117886e-29 9.756695e-31 -1.678309e-32 -5.934657e-33 -6.119295e-34 -4.649509e-35 -2.954350e-36 -1.638065e-37 -8.068993e-39 -3.556553e-40 -1.402961e-41 -4.919518e-43 -1.506461e-44 -3.860061e-46 -7.273595e-48 -3.734877e-50 4.742299e-51 1.571021e-52 6.505853e-55 3.841388e-58 4.513304e-62 1.393474e-66 1.385493e-71 5.147613e-77
-1.630550e-75 -4.029936e-70 -3.703428e-65 -1.083681e-60 -8.130838e-57 -1.142147e-53 -1.831425e-51 2.555818e-50 5.340598e-48 2.894402e-46 1.153831e-44 3.850310e-43 1.122538e-41 2.910552e-40 6.757343e-39 1.404526e-37 2.595055e-36 4.186332e-35 5.651223e-34 5.625388e-33 1.635272e-32 -9.756695e-31 -3.207206e-29 -6.725886e-28 -1.137555e-26 -1.653099e-25 -2.116501e-24 -2.413828e-23 -2.461983e-22 -2.244010e-21 -1.818169e-20 -1.294598e-19 -7.916587e-19 -3.947713e-18 -1.366871e-17 -3.489121e-18 4.359918e-16 4.550107e-15 3.174723e-14 1.769327e-13 8.295734e-13 3.340091e-12 1.164957e-11 3.531082e-11 9.304037e-11 2.127997e-10 4.213752e-10 7.196295e-10 1.053644e-09 1.307860e-09 1.342455e-09 1.066302e-09 5.042868e-10 -1.862258e-10 -7.677693e-10 -1.022800e-09 -8.531032e-10 -3.299602e-10 3.299602e-10 8.531032e-10 1.022800e-09 7.677693e-10 1.862258e-10 -5.042868e-10 -1.066302e-09 -1.342455e-09 -1.307860e-09 -1.053644e-09 -7.196295e-10 -4.213752e-10 -2.127997e-10 -9.304037e-11 -3.531082e-11 -1.164957e-11 -3.340091e-12 -8.295734e-13 -1.769327e-13 -3.174723e-14 -4.550107e-15 -4.359918e-16 3.489121e-18 1.366871e-17 3.947713e-18 7.916587e-19 1.294598e-19 1.818169e-20 2.244010e-21 2.461983e-22 2.413828e-23 2.116501e-24 1.653099e-25 1.137555e-26 6.725886e-28 3.207206e-29 9.756695e-31 -1.635272e-32 -5.625388e-33 -5.651223e-34 -4.186332e-35 -2.595055e-36 -1.404526e-37 -6.757343e-39 -2.910552e-40 -1.122538e-41 -3.850310e-43 -1.153831e-44 -2.894402e-46 -5.340598e-48 -2.555818e-50 1.831425e-51 1.142147e-53 8.130838e-57 1.083681e-60 3.703428e-65 4.029936e-70 1.630550e-75
-4.625363e-74 -1.045176e-68 -8.686731e-64 -2.245471e-59 -1.404883e-55 -1.340656e-52 7.369054e-51 3.652374e-48 2.066877e-46 8.412875e-45 2.867479e-43 8.542643e-42 2.264396e-40 5.377128e-39 1.143735e-37 2.163711e-36 3.575985e-35 4.948695e-34 5.053980e-33 1.512608e-32 -9.223893e-31 -3.117886e-29 -6.725886e-28 -1.170947e-26 -1.752927e-25 -2.313885e-24 -2.723089e-23 -2.868529e-22 -2.702772e-21 -2.265754e-20 -1.670515e-19 -1.058295e-18 -5.464595e-18 -1.948497e-17 -2.633707e-18 7.055551e-16 7.606637e-15 5.532586e-14 3.224562e-13 1.584137e-12 6.691543e-12 2.450142e-11 7.795022e-11 2.152605e-10 5.141797e-10 1.056031e-09 1.847016e-09 2.704228e-09 3.193541e-09 2.730003e-09 8.582800e-10 -2.421440e-09 -6.483227e-09 -1.018823e-08 -1.225922e-08 -1.176202e-08 -8.490124e-09 -3.094568e-09 3.094568e-09 8.490124e-09 1.176202e-08 1.225922e-08 1.018823e-08 6.483227e-09 2.421440e-09 -8.582800e-10 -2.730003e-09 -3.193541e-09 -2.704228e-09 -1.847016e-09 -1.056031e-09 -5.141797e-10 -2.152605e-10 -7.795022e-11 -2.450142e-11 -6.691543e-12 -1.584137e-12 -3.224562e-13 -5.532586e-14 -7.606637e-15 -7.055551e-16 2.633707e-18 1.948497e-17 5.464595e-18 1.058295e-18 1.670515e-19 2.265754e-20 2.702772e-21 2.868529e-22 2.723089e-23 2.313885e-24 1.752927e-25 1.170947e-26 6.725886e-28 3.117886e-29 9.223893e-31 -1.512608e-32 -5.053980e-33 -4.948695e-34 -3.575985e-35 -2.163711e-36 -1.143735e-37 -5.377128e-39 -2.264396e-40 -8.542643e-42 -2.867479e-43 -8.412875e-45 -2.066877e-46 -3.652374e-48 -7.369054e-51 1.340656e-52 1.404883e-55 2.245471e-59 8.686731e-64 1.045176e-68 4.625363e-74
