0.000000e+00 3.316474e-118 -2.778384e-113 -1.503296e-107 -8.196985e-103 -8.613498e-99 -1.504006e-95 -3.831072e-93 -2.547576e-91 -1.259215e-89 -5.636392e-88 -2.292726e-86 -8.489450e-85 -2.860329e-83 -8.744855e-82 -2.410913e-80 -5.920931e-79 -1.263505e-77 -2.208624e-76 -2.581594e-75 7.965629e-75 1.640990e-72 6.259184e-71 1.724929e-69 3.960952e-68 7.936862e-67 1.415342e-65 2.266187e-64 3.267995e-63 4.239319e-62 4.919077e-61 5.043470e-60 4.455193e-59 3.194151e-58 1.514482e-57 -1.946644e-57 -1.552984e-55 -2.326057e-54 -2.488161e-53 -2.189111e-52 -1.657817e-51 -1.101762e-50 -6.484149e-50 -3.392977e-49 -1.580439e-48 -6.548549e-48 -2.408784e-47 -7.841030e-47 -2.249432e-46 -5.657916e-46 -1.239874e-45 -2.348759e-45 -3.808035e-45 -5.213594e-45 -5.913032e-45 -5.397307e-45 -3.805744e-45 -2.054718e-45 -1.296230e-45 -2.054718e-45 -3.805744e-45 -5.397307e-45 -5.913032e-45 -5.213594e-45 -3.808035e-45 -2.348759e-45 -1.239874e-45 -5.657916e-46 -2.249432e-46 -7.841030e-47 -2.408784e-47 -6.548549e-48 -1.580439e-48 -3.392977e-49 -6.484149e-50 -1.101762e-50 -1.657817e-51 -2.189111e-52 -2.488161e-53 -2.326057e-54 -1.552984e-55 -1.946644e-57 1.514482e-57 3.194151e-58 4.455193e-59 5.043470e-60 4.919077e-61 4.239319e-62 3.267995e-63 2.266187e-64 1.415342e-65 7.936862e-67 3.960952e-68 1.724929e-69 6.259184e-71 1.640990e-72 7.965629e-75 -2.581594e-75 -2.208624e-76 -1.263505e-77 -5.920931e-79 -2.410913e-80 -8.744855e-82 -2.860329e-83 -8.489450e-85 -2.292726e-86 -5.636392e-88 -1.259215e-89 -2.547576e-91 -3.831072e-93 -1.504006e-95 -8.613498e-99 -8.196985e-103 -1.503296e-107 -2.778384e-113 3.316474e-118 0.000000e+00
0.000000e+00 -4.306804e-113 -6.104120e-107 -1.026969e-101 -4.150585e-97 -3.671009e-93 -5.647616e-90 -1.296280e-87 -7.875944e-86 -3.586477e-84 -1.485280e-82 -5.600845e-81 -1.922235e-79 -5.987010e-78 -1.681389e-76 -4.204228e-75 -9.120543e-74 -1.613035e-72 -1.863812e-71 9.140177e-71 1.385084e-68 5.293988e-67 1.483337e-65 3.478524e-64 7.133756e-63 1.303782e-61 2.141642e-60 3.170742e-59 4.224832e-58 5.035721e-57 5.299814e-56 4.793023e-55 3.487351e-54 1.604359e-53 -4.379783e-53 -2.172470e-51 -3.254857e-50 -3.574884e-49 -3.257002e-48 -2.565912e-47 -1.779723e-46 -1.096044e-45 -6.015607e-45 -2.945149e-44 -1.284955e-43 -4.983633e-43 -1.711574e-42 -5.176905e-42 -1.368679e-41 -3.129023e-41 -6.082865e-41 -9.758441e-41 -1.207895e-40 -9.117363e-41 3.418475e-41 2.685188e-40 5.642733e-40 8.170604e-40 9.170366e-40 8.170604e-40 5.642733e-40 2.685188e-40 3.418475e-41 -9.117363e-41 -1.207895e-40 -9.758441e-41 -6.082865e-41 -3.129023e-41 -1.368679e-41 -5.176905e-42 -1.711574e-42 -4.983633e-43 -1.284955e-43 -2.945149e-44 -6.015607e-45 -1.096044e-45 -1.779723e-46 -2.565912e-47 -3.257002e-48 -3.574884e-49 -3.254857e-50 -2.172470e-51 -4.379783e-53 1.604359e-53 3.487351e-54 4.793023e-55 5.299814e-56 5.035721e-57 4.224832e-58 3.170742e-59 2.141642e-60 1.303782e-61 7.133756e-63 3.478524e-64 1.483337e-65 5.293988e-67 1.385084e-68 9.140177e-71 -1.863812e-71 -1.613035e-72 -9.120543e-74 -4.204228e-75 -1.681389e-76 -5.987010e-78 -1.922235e-79 -5.600845e-81 -1.485280e-82 -3.586477e-84 -7.875944e-86 -1.296280e-87 -5.647616e-90 -3.671009e-93 -4.150585e-97 -1.026969e-101 -6.104120e-107 -4.306804e-113 0.000000e+00
0.000000e+00 -3.876924e-107 -1.705576e-101 -2.126285e-96 -7.232113e-92 -5.634967e-88 -7.807464e-85 -1.634507e-82 -9.138630e-81 -3.849455e-79 -1.477495e-77 -5.162329e-76 -1.637001e-74 -4.679988e-73 -1.190532e-71 -2.623079e-70 -4.686630e-69 -5.324939e-68 3.790318e-67 4.646292e-65 1.779689e-63 5.066214e-62 1.212228e-60 2.541978e-59 4.756605e-58 8.007239e-57 1.215705e-55 1.661772e-54 2.031844e-53 2.191542e-52 2.024975e-51 1.489957e-50 6.547566e-50 -3.088905e-49 -1.181104e-47 -1.774199e-46 -1.998500e-45 -1.881940e-44 -1.538900e-43 -1.111195e-42 -7.141289e-42 -4.098629e-41 -2.102130e-40 -9.622231e-40 -3.919181e-39 -1.413714e-38 -4.484746e-38 -1.238152e-37 -2.925091e-37 -5.732382e-37 -8.671628e-37 -7.747925e-37 5.621756e-37 4.358919e-36 1.160044e-35 2.208983e-35 3.377237e-35 4.311839e-35 4.670765e-35 4.311839e-35 3.377237e-35 2.208983e-35 1.160044e-35 4.358919e-36 5.621756e-37 -7.747925e-37 -8.671628e-37 -5.732382e-37 -2.925091e-37 -1.238152e-37 -4.484746e-38 -1.413714e-38 -3.919181e-39 -9.622231e-40 -2.102130e-40 -4.098629e-41 -7.141289e-42 -1.111195e-42 -1.538900e-43 -1.881940e-44 -1.998500e-45 -1.774199e-46 -1.181104e-47 -3.088905e-49 6.547566e-50 1.489957e-50 2.024975e-51 2.191542e-52 2.031844e-53 1.661772e-54 1.215705e-55 8.007239e-57 4.756605e-58 2.541978e-59 1.212228e-60 5.066214e-62 1.779689e-63 4.646292e-65 3.790318e-67 -5.324939e-68 -4.686630e-69 -2.623079e-70 -1.190532e-71 -4.679988e-73 -1.637001e-74 -5.162329e-76 -1.477495e-77 -3.849455e-79 -9.138630e-81 -1.634507e-82 -7.807464e-85 -5.634967e-88 -7.232113e-92 -2.126285e-96 -1.705576e-101 -3.876924e-107 0.000000e+00
0.000000e+00 -3.837836e-102 -1.251144e-96 -1.312608e-91 -3.932898e-87 -2.759566e-83 -3.485731e-80 -6.703505e-78 -3.462674e-76 -1.351422e-74 -4.804336e-73 -1.550153e-71 -4.508387e-70 -1.165916e-68 -2.606490e-67 -4.697227e-66 -5.215028e-65 5.132443e-64 5.372852e-62 2.062534e-60 5.960951e-59 1.454108e-57 3.114974e-56 5.962108e-55 1.027504e-53 1.598019e-52 2.238198e-51 2.803512e-50 3.094130e-49 2.914886e-48 2.160529e-47 8.877348e-47 -6.704035e-46 -2.168772e-44 -3.271916e-43 -3.775596e-42 -3.668276e-41 -3.106995e-40 -2.330120e-39 -1.558709e-38 -9.328749e-38 -4.996999e-37 -2.391668e-36 -1.019204e-35 -3.845097e-35 -1.272934e-34 -3.645830e-34 -8.808055e-34 -1.699631e-33 -2.211586e-33 -4.772296e-35 1.042817e-32 3.879535e-32 9.635785e-32 1.898162e-31 3.129519e-31 4.422142e-31 5.420290e-31 5.797272e-31 5.420290e-31 4.422142e-31 3.129519e-31 1.898162e-31 9.635785e-32 3.879535e-32 1.042817e-32 -4.772296e-35 -2.211586e-33 -1.699631e-33 -8.808055e-34 -3.645830e-34 -1.272934e-34 -3.845097e-35 -1.019204e-35 -2.391668e-36 -4.996999e-37 -9.328749e-38 -1.558709e-38 -2.330120e-39 -3.106995e-40 -3.668276e-41 -3.775596e-42 -3.271916e-43 -2.168772e-44 -6.704035e-46 8.877348e-47 2.160529e-47 2.914886e-48 3.094130e-49 2.803512e-50 2.238198e-51 1.598019e-52 1.027504e-53 5.962108e-55 3.114974e-56 1.454108e-57 5.960951e-59 2.062534e-60 5.372852e-62 5.132443e-64 -5.215028e-65 -4.697227e-66 -2.606490e-67 -1.165916e-68 -4.508387e-70 -1.550153e-71 -4.804336e-73 -1.351422e-74 -3.462674e-76 -6.703505e-78 -3.485731e-80 -2.759566e-83 -3.932898e-87 -1.312608e-91 -1.251144e-96 -3.837836e-102 0.000000e+00
0.000000e+00 -8.239884e-98 -2.260719e-92 -2.089354e-87 -5.637510e-83 -3.605962e-79 -4.182149e-76 -7.417123e-74 -3.544995e-72 -1.280950e-70 -4.202964e-69 -1.242714e-67 -3.264681e-66 -7.398207e-65 -1.342506e-63 -1.445404e-62 1.912956e-61 1.771010e-59 6.814011e-58 1.998029e-56 4.964941e-55 1.085588e-53 2.123386e-52 3.742679e-51 5.956249e-50 8.538061e-49 1.094162e-47 1.233723e-46 1.182446e-45 8.790681e-45 3.274592e-44 -3.867659e-43 -1.113982e-41 -1.690000e-40 -1.995627e-39 -1.997143e-38 -1.748703e-37 -1.359162e-36 -9.441202e-36 -5.876992e-35 -3.278476e-34 -1.635609e-33 -7.267104e-33 -2.855892e-32 -9.818244e-32 -2.897523e-31 -7.071925e-31 -1.297958e-30 -1.136532e-30 3.346222e-30 2.138961e-29 7.098594e-29 1.785766e-28 3.709584e-28 6.584093e-28 1.016018e-27 1.376969e-27 1.648881e-27 1.750353e-27 1.648881e-27 1.376969e-27 1.016018e-27 6.584093e-28 3.709584e-28 1.785766e-28 7.098594e-29 2.138961e-29 3.346222e-30 -1.136532e-30 -1.297958e-30 -7.071925e-31 -2.897523e-31 -9.818244e-32 -2.855892e-32 -7.267104e-33 -1.635609e-33 -3.278476e-34 -5.876992e-35 -9.441202e-36 -1.359162e-36 -1.748703e-37 -1.997143e-38 -1.995627e-39 -1.690000e-40 -1.113982e-41 -3.867659e-43 3.274592e-44 8.790681e-45 1.182446e-45 1.233723e-46 1.094162e-47 8.538061e-49 5.956249e-50 3.742679e-51 2.123386e-52 1.085588e-53 4.964941e-55 1.998029e-56 6.814011e-58 1.771010e-59 1.912956e-61 -1.445404e-62 -1.342506e-63 -7.398207e-65 -3.264681e-66 -1.242714e-67 -4.202964e-69 -1.280950e-70 -3.544995e-72 -7.417123e-74 -4.182149e-76 -3.605962e-79 -5.637510e-83 -2.089354e-87 -2.260719e-92 -8.239884e-98 0.000000e+00
0.000000e+00 -3.388906e-94 -8.191267e-89 -6.817556e-84 -1.676940e-79 -9.848238e-76 -1.052837e-72 -1.724391e-70 -7.618845e-69 -2.539410e-67 -7.628754e-66 -2.034416e-64 -4.668951e-63 -8.516878e-62 -8.812998e-61 1.542546e-59 1.294988e-57 4.994829e-56 1.485113e-54 3.756561e-53 8.377033e-52 1.673029e-50 3.013220e-49 4.902137e-48 7.184103e-47 9.407661e-46 1.082112e-44 1.052920e-43 7.814329e-43 2.517976e-42 -4.710080e-41 -1.247477e-39 -1.905224e-38 -2.300052e-37 -2.367417e-36 -2.139170e-35 -1.719743e-34 -1.237799e-33 -7.995020e-33 -4.632753e-32 -2.402223e-31 -1.109200e-30 -4.523558e-30 -1.607262e-29 -4.852648e-29 -1.178840e-28 -1.942608e-28 -1.682992e-30 1.534553e-27 7.404966e-27 2.409364e-26 6.269769e-26 1.377279e-25 2.618197e-25 4.368111e-25 6.453549e-25 8.494768e-25 1.000217e-24 1.055923e-24 1.000217e-24 8.494768e-25 6.453549e-25 4.368111e-25 2.618197e-25 1.377279e-25 6.269769e-26 2.409364e-26 7.404966e-27 1.534553e-27 -1.682992e-30 -1.942608e-28 -1.178840e-28 -4.852648e-29 -1.607262e-29 -4.523558e-30 -1.109200e-30 -2.402223e-31 -4.632753e-32 -7.995020e-33 -1.237799e-33 -1.719743e-34 -2.139170e-35 -2.367417e-36 -2.300052e-37 -1.905224e-38 -1.247477e-39 -4.710080e-41 2.517976e-42 7.814329e-43 1.052920e-43 1.082112e-44 9.407661e-46 7.184103e-47 4.902137e-48 3.013220e-49 1.673029e-50 8.377033e-52 3.756561e-53 1.485113e-54 4.994829e-56 1.294988e-57 1.542546e-59 -8.812998e-61 -8.516878e-62 -4.668951e-63 -2.034416e-64 -7.628754e-66 -2.539410e-67 -7.618845e-69 -1.724391e-70 -1.052837e-72 -9.848238e-76 -1.676940e-79 -6.817556e-84 -8.191267e-89 -3.388906e-94 0.000000e+00
0.000000e+00 -2.136455e-91 -4.651444e-86 -3.529877e-81 -7.973188e-77 -4.316685e-73 -4.260398e-70 -6.438163e-68 -2.619613e-66 -7.988686e-65 -2.161794e-63 -5.022133e-62 -9.201250e-61 -9.084748e-60 2.061600e-58 1.605957e-56 6.217136e-55 1.874436e-53 4.824891e-52 1.096847e-50 2.235543e-49 4.111807e-48 6.834019e-47 1.023205e-45 1.368118e-44 1.603882e-43 1.582284e-42 1.168274e-41 3.047925e-41 -9.337953e-40 -2.333616e-38 -3.595741e-37 -4.437250e-36 -4.693482e-35 -4.371399e-34 -3.629902e-33 -2.702858e-32 -1.808284e-31 -1.086271e-30 -5.841603e-30 -2.796207e-29 -1.179927e-28 -4.316168e-28 -1.324664e-27 -3.149836e-27 -4.192476e-27 8.174289e-27 8.420905e-26 3.731284e-25 1.228779e-24 3.331964e-24 7.732785e-24 1.566377e-23 2.802789e-23 4.467085e-23 6.380578e-23 8.204909e-23 9.529081e-23 1.001425e-22 9.529081e-23 8.204909e-23 6.380578e-23 4.467085e-23 2.802789e-23 1.566377e-23 7.732785e-24 3.331964e-24 1.228779e-24 3.731284e-25 8.420905e-26 8.174289e-27 -4.192476e-27 -3.149836e-27 -1.324664e-27 -4.316168e-28 -1.179927e-28 -2.796207e-29 -5.841603e-30 -1.086271e-30 -1.808284e-31 -2.702858e-32 -3.629902e-33 -4.371399e-34 -4.693482e-35 -4.437250e-36 -3.595741e-37 -2.333616e-38 -9.337953e-40 3.047925e-41 1.168274e-41 1.582284e-42 1.603882e-43 1.368118e-44 1.023205e-45 6.834019e-47 4.111807e-48 2.235543e-49 1.096847e-50 4.824891e-52 1.874436e-53 6.217136e-55 1.605957e-56 2.061600e-58 -9.084748e-60 -9.201250e-61 -5.022133e-62 -2.161794e-63 -7.988686e-65 -2.619613e-66 -6.438163e-68 -4.260398e-70 -4.316685e-73 -7.973188e-77 -3.529877e-81 -4.651444e-86 -2.136455e-91 0.000000e+00
0.000000e+00 -2.314197e-89 -4.598830e-84 -3.208212e-79 -6.687855e-75 -3.346429e-71 -3.049506e-68 -4.239689e-66 -1.577299e-64 -4.334956e-63 -1.021755e-61 -1.888852e-60 -1.808421e-59 4.908562e-58 3.692279e-56 1.444017e-54 4.427358e-53 1.161778e-51 2.696013e-50 5.614121e-49 1.055670e-47 1.794553e-46 2.748586e-45 3.758688e-44 4.501481e-43 4.519988e-42 3.347875e-41 7.098329e-41 -3.279444e-39 -8.030170e-38 -1.258982e-36 -1.594156e-35 -1.736659e-34 -1.669705e-33 -1.433684e-32 -1.105404e-31 -7.666534e-31 -4.778437e-30 -2.667511e-29 -1.325215e-28 -5.795044e-28 -2.187040e-27 -6.841015e-27 -1.590805e-26 -1.494956e-26 9.582261e-26 7.303305e-25 3.202280e-24 1.089635e-23 3.101304e-23 7.616578e-23 1.641308e-22 3.137016e-22 5.360115e-22 8.238960e-22 1.144964e-21 1.444239e-21 1.658243e-21 1.736071e-21 1.658243e-21 1.444239e-21 1.144964e-21 8.238960e-22 5.360115e-22 3.137016e-22 1.641308e-22 7.616578e-23 3.101304e-23 1.089635e-23 3.202280e-24 7.303305e-25 9.582261e-26 -1.494956e-26 -1.590805e-26 -6.841015e-27 -2.187040e-27 -5.795044e-28 -1.325215e-28 -2.667511e-29 -4.778437e-30 -7.666534e-31 -1.105404e-31 -1.433684e-32 -1.669705e-33 -1.736659e-34 -1.594156e-35 -1.258982e-36 -8.030170e-38 -3.279444e-39 7.098329e-41 3.347875e-41 4.519988e-42 4.501481e-43 3.758688e-44 2.748586e-45 1.794553e-46 1.055670e-47 5.614121e-49 2.696013e-50 1.161778e-51 4.427358e-53 1.444017e-54 3.692279e-56 4.908562e-58 -1.808421e-59 -1.888852e-60 -1.021755e-61 -4.334956e-63 -1.577299e-64 -4.239689e-66 -3.049506e-68 -3.346429e-71 -6.687855e-75 -3.208212e-79 -4.598830e-84 -2.314197e-89 0.000000e+00
0.000000e+00 -1.189821e-87 -2.177551e-82 -1.404650e-77 -2.711820e-73 -1.255646e-69 -1.054832e-66 -1.341324e-64 -4.501443e-63 -1.080942e-61 -2.036080e-60 -1.974341e-59 5.605489e-58 4.275208e-56 1.706688e-54 5.348674e-53 1.435796e-51 3.410700e-50 7.274744e-49 1.401950e-47 2.443862e-46 3.840440e-45 5.390954e-44 6.629341e-43 6.833188e-42 5.180976e-41 1.060982e-40 -5.564314e-39 -1.391951e-37 -2.248133e-36 -2.939978e-35 -3.313146e-34 -3.299617e-33 -2.938439e-32 -2.352575e-31 -1.696202e-30 -1.100217e-29 -6.397246e-29 -3.311997e-28 -1.508905e-27 -5.920449e-27 -1.911386e-26 -4.455968e-26 -2.849451e-26 4.118702e-25 2.965745e-24 1.340259e-23 4.787134e-23 1.441125e-22 3.759367e-22 8.628759e-22 1.760299e-21 3.216303e-21 5.296761e-21 7.904859e-21 1.073956e-20 1.333148e-20 1.516132e-20 1.582255e-20 1.516132e-20 1.333148e-20 1.073956e-20 7.904859e-21 5.296761e-21 3.216303e-21 1.760299e-21 8.628759e-22 3.759367e-22 1.441125e-22 4.787134e-23 1.340259e-23 2.965745e-24 4.118702e-25 -2.849451e-26 -4.455968e-26 -1.911386e-26 -5.920449e-27 -1.508905e-27 -3.311997e-28 -6.397246e-29 -1.100217e-29 -1.696202e-30 -2.352575e-31 -2.938439e-32 -3.299617e-33 -3.313146e-34 -2.939978e-35 -2.248133e-36 -1.391951e-37 -5.564314e-39 1.060982e-40 5.180976e-41 6.833188e-42 6.629341e-43 5.390954e-44 3.840440e-45 2.443862e-46 1.401950e-47 7.274744e-49 3.410700e-50 1.435796e-51 5.348674e-53 1.706688e-54 4.275208e-56 5.605489e-58 -1.974341e-59 -2.036080e-60 -1.080942e-61 -4.501443e-63 -1.341324e-64 -1.054832e-66 -1.255646e-69 -2.711820e-73 -1.404650e-77 -2.177551e-82 -1.189821e-87 0.000000e+00
0.000000e+00 -5.428217e-86 -9.190490e-81 -5.493658e-76 -9.821544e-72 -4.196004e-68 -3.226012e-65 -3.694535e-63 -1.081726e-61 -2.077529e-60 -2.055896e-59 5.965507e-58 4.647278e-56 1.896216e-54 6.077029e-53 1.669046e-51 4.058581e-50 8.866162e-49 1.750964e-47 3.129633e-46 5.045666e-45 7.270562e-44 9.182405e-43 9.723369e-42 7.567843e-41 1.550331e-40 -8.741104e-39 -2.246116e-37 -3.741054e-36 -5.053259e-35 -5.889203e-34 -6.072405e-33 -5.605020e-32 -4.656335e-31 -3.487268e-30 -2.351979e-29 -1.423229e-28 -7.672681e-28 -3.639611e-27 -1.484387e-26 -4.949335e-26 -1.158688e-25 -3.624498e-26 1.505448e-24 1.067947e-23 5.006554e-23 1.878618e-22 5.974274e-22 1.651492e-21 4.024842e-21 8.730028e-21 1.697755e-20 2.979007e-20 4.743111e-20 6.887304e-20 9.160769e-20 1.120116e-19 1.262381e-19 1.313471e-19 1.262381e-19 1.120116e-19 9.160769e-20 6.887304e-20 4.743111e-20 2.979007e-20 1.697755e-20 8.730028e-21 4.024842e-21 1.651492e-21 5.974274e-22 1.878618e-22 5.006554e-23 1.067947e-23 1.505448e-24 -3.624498e-26 -1.158688e-25 -4.949335e-26 -1.484387e-26 -3.639611e-27 -7.672681e-28 -1.423229e-28 -2.351979e-29 -3.487268e-30 -4.656335e-31 -5.605020e-32 -6.072405e-33 -5.889203e-34 -5.053259e-35 -3.741054e-36 -2.246116e-37 -8.741104e-39 1.550331e-40 7.567843e-41 9.723369e-42 9.182405e-43 7.270562e-44 5.045666e-45 3.129633e-46 1.750964e-47 8.866162e-49 4.058581e-50 1.669046e-51 6.077029e-53 1.896216e-54 4.647278e-56 5.965507e-58 -2.055896e-59 -2.077529e-60 -1.081726e-61 -3.694535e-63 -3.226012e-65 -4.196004e-68 -9.821544e-72 -5.493658e-76 -9.190490e-81 -5.428217e-86 0.000000e+00
0.000000e+00 -2.251363e-84 -3.533138e-79 -1.956467e-74 -3.229131e-70 -1.263621e-66 -8.755761e-64 -8.728844e-62 -2.037847e-60 -2.055904e-59 6.090634e-58 4.845203e-56 2.019807e-54 6.616424e-53 1.858305e-51 4.623318e-50 1.033874e-48 2.091176e-47 3.830214e-46 6.331448e-45 9.359283e-44 1.213207e-42 1.318954e-41 1.053273e-40 2.162508e-40 -1.303977e-38 -3.440678e-37 -5.905026e-36 -8.230890e-35 -9.909993e-34 -1.056768e-32 -1.009833e-31 -8.693957e-31 -6.754574e-30 -4.730417e-29 -2.974767e-28 -1.667534e-27 -8.224319e-27 -3.481893e-26 -1.197635e-25 -2.809337e-25 1.906854e-26 4.920711e-24 3.497613e-23 1.703722e-22 6.708070e-22 2.248465e-21 6.567684e-21 1.693847e-20 3.891469e-20 8.019837e-20 1.491809e-19 2.519210e-19 3.883109e-19 5.490694e-19 7.153374e-19 8.617795e-19 9.626046e-19 9.985834e-19 9.626046e-19 8.617795e-19 7.153374e-19 5.490694e-19 3.883109e-19 2.519210e-19 1.491809e-19 8.019837e-20 3.891469e-20 1.693847e-20 6.567684e-21 2.248465e-21 6.708070e-22 1.703722e-22 3.497613e-23 4.920711e-24 1.906854e-26 -2.809337e-25 -1.197635e-25 -3.481893e-26 -8.224319e-27 -1.667534e-27 -2.974767e-28 -4.730417e-29 -6.754574e-30 -8.693957e-31 -1.009833e-31 -1.056768e-32 -9.909993e-34 -8.230890e-35 -5.905026e-36 -3.440678e-37 -1.303977e-38 2.162508e-40 1.053273e-40 1.318954e-41 1.213207e-42 9.359283e-44 6.331448e-45 3.830214e-46 2.091176e-47 1.033874e-48 4.623318e-50 1.858305e-51 6.616424e-53 2.019807e-54 4.845203e-56 6.090634e-58 -2.055904e-59 -2.037847e-60 -8.728844e-62 -8.755761e-64 -1.263621e-66 -3.229131e-70 -1.956467e-74 -3.533138e-79 -2.251363e-84 0.000000e+00
0.000000e+00 -8.502954e-83 -1.236602e-77 -6.325188e-73 -9.570644e-69 -3.380343e-65 -2.043042e-62 -1.621263e-60 -1.977302e-59 5.965491e-58 4.845203e-56 2.062756e-54 6.903686e-53 1.981934e-51 5.042479e-50 1.153687e-48 2.388690e-47 4.480916e-46 7.590153e-45 1.150327e-43 1.529520e-42 1.706204e-41 1.397370e-40 2.882074e-40 -1.848210e-38 -5.006218e-37 -8.846721e-36 -1.271379e-34 -1.579892e-33 -1.740563e-32 -1.720043e-31 -1.532878e-30 -1.233960e-29 -8.962041e-29 -5.849315e-28 -3.404869e-27 -1.743725e-26 -7.654188e-26 -2.713337e-25 -6.366075e-25 3.207254e-25 1.457113e-23 1.048349e-22 5.309501e-22 2.190671e-21 7.723023e-21 2.377537e-20 6.469925e-20 1.569171e-19 3.414110e-19 6.703272e-19 1.194504e-18 1.942830e-18 2.900056e-18 3.993191e-18 5.094970e-18 6.046425e-18 6.692824e-18 6.921942e-18 6.692824e-18 6.046425e-18 5.094970e-18 3.993191e-18 2.900056e-18 1.942830e-18 1.194504e-18 6.703272e-19 3.414110e-19 1.569171e-19 6.469925e-20 2.377537e-20 7.723023e-21 2.190671e-21 5.309501e-22 1.048349e-22 1.457113e-23 3.207254e-25 -6.366075e-25 -2.713337e-25 -7.654188e-26 -1.743725e-26 -3.404869e-27 -5.849315e-28 -8.962041e-29 -1.233960e-29 -1.532878e-30 -1.720043e-31 -1.740563e-32 -1.579892e-33 -1.271379e-34 -8.846721e-36 -5.006218e-37 -1.848210e-38 2.882074e-40 1.397370e-40 1.706204e-41 1.529520e-42 1.150327e-43 7.590153e-45 4.480916e-46 2.388690e-47 1.153687e-48 5.042479e-50 1.981934e-51 6.903686e-53 2.062756e-54 4.845203e-56 5.965491e-58 -1.977302e-59 -1.621263e-60 -2.043042e-62 -3.380343e-65 -9.570644e-69 -6.325188e-73 -1.236602e-77 -8.502954e-83 0.000000e+00
0.000000e+00 -2.923170e-81 -3.928889e-76 -1.843868e-71 -2.521943e-67 -7.793486e-64 -3.775275e-61 -1.584805e-59 5.603957e-58 4.647275e-56 2.019807e-54 6.903686e-53 2.024932e-51 5.265995e-50 1.232088e-48 2.610005e-47 5.011787e-46 8.694436e-45 1.350200e-43 1.840452e-42 2.105437e-41 1.767740e-40 3.671849e-40 -2.490114e-38 -6.922181e-37 -1.258659e-35 -1.863426e-34 -2.387812e-33 -2.715194e-32 -2.771960e-31 -2.554396e-30 -2.128162e-29 -1.601045e-28 -1.083227e-27 -6.539666e-27 -3.473483e-26 -1.579148e-25 -5.764688e-25 -1.350973e-24 1.344804e-24 3.942815e-23 2.889702e-22 1.521784e-21 6.570596e-21 2.431519e-20 7.870779e-20 2.254053e-19 5.754461e-19 1.317484e-18 2.720056e-18 5.092120e-18 8.693129e-18 1.361208e-17 1.966171e-17 2.633931e-17 3.288266e-17 3.841137e-17 4.211191e-17 4.341369e-17 4.211191e-17 3.841137e-17 3.288266e-17 2.633931e-17 1.966171e-17 1.361208e-17 8.693129e-18 5.092120e-18 2.720056e-18 1.317484e-18 5.754461e-19 2.254053e-19 7.870779e-20 2.431519e-20 6.570596e-21 1.521784e-21 2.889702e-22 3.942815e-23 1.344804e-24 -1.350973e-24 -5.764688e-25 -1.579148e-25 -3.473483e-26 -6.539666e-27 -1.083227e-27 -1.601045e-28 -2.128162e-29 -2.554396e-30 -2.771960e-31 -2.715194e-32 -2.387812e-33 -1.863426e-34 -1.258659e-35 -6.922181e-37 -2.490114e-38 3.671849e-40 1.767740e-40 2.105437e-41 1.840452e-42 1.350200e-43 8.694436e-45 5.011787e-46 2.610005e-47 1.232088e-48 5.265995e-50 2.024932e-51 6.903686e-53 2.019807e-54 4.647275e-56 5.603957e-58 -1.584805e-59 -3.775275e-61 -7.793486e-64 -2.521943e-67 -1.843868e-71 -3.928889e-76 -2.923170e-81 0.000000e+00
0.000000e+00 -9.121617e-80 -1.125758e-74 -4.782504e-70 -5.740419e-66 -1.434095e-62 -3.860673e-60 4.049117e-58 4.276633e-56 1.896216e-54 6.616424e-53 1.981934e-51 5.265995e-50 1.259380e-48 2.728179e-47 5.359802e-46 9.517779e-45 1.513716e-43 2.114111e-42 2.478913e-41 2.132912e-40 4.473865e-40 -3.190427e-38 -9.099668e-37 -1.701371e-35 -2.592860e-34 -3.423234e-33 -4.014060e-32 -4.229525e-31 -4.026138e-30 -3.467927e-29 -2.699517e-28 -1.891167e-27 -1.182801e-26 -6.508383e-26 -3.061551e-25 -1.150154e-24 -2.689908e-24 4.147593e-24 9.809180e-23 7.353633e-22 4.025651e-21 1.816451e-20 7.043072e-20 2.392129e-19 7.192728e-19 1.927939e-18 4.631572e-18 1.002212e-17 1.963400e-17 3.501549e-17 5.718280e-17 8.603527e-17 1.199906e-16 1.560341e-16 1.901999e-16 2.183193e-16 2.367997e-16 2.432399e-16 2.367997e-16 2.183193e-16 1.901999e-16 1.560341e-16 1.199906e-16 8.603527e-17 5.718280e-17 3.501549e-17 1.963400e-17 1.002212e-17 4.631572e-18 1.927939e-18 7.192728e-19 2.392129e-19 7.043072e-20 1.816451e-20 4.025651e-21 7.353633e-22 9.809180e-23 4.147593e-24 -2.689908e-24 -1.150154e-24 -3.061551e-25 -6.508383e-26 -1.182801e-26 -1.891167e-27 -2.699517e-28 -3.467927e-29 -4.026138e-30 -4.229525e-31 -4.014060e-32 -3.423234e-33 -2.592860e-34 -1.701371e-35 -9.099668e-37 -3.190427e-38 4.473865e-40 2.132912e-40 2.478913e-41 2.114111e-42 1.513716e-43 9.517779e-45 5.359802e-46 2.728179e-47 1.259380e-48 5.265995e-50 1.981934e-51 6.616424e-53 1.896216e-54 4.276633e-56 4.049117e-58 -3.860673e-60 -1.434095e-62 -5.740419e-66 -4.782504e-70 -1.125758e-74 -9.121617e-80 0.000000e+00
0.000000e+00 -2.567324e-78 -2.871945e-73 -1.073700e-68 -1.050290e-64 -1.533668e-61 7.801919e-59 3.111744e-56 1.707495e-54 6.077030e-53 1.858305e-51 5.042479e-50 1.232088e-48 2.728179e-47 5.481057e-46 9.958016e-45 1.621108e-43 2.318614e-42 2.785250e-41 2.455063e-40 5.214986e-40 -3.888512e-38 -1.137651e-36 -2.185865e-35 -3.426605e-34 -4.657432e-33 -5.626945e-32 -6.113819e-31 -6.006147e-30 -5.343355e-29 -4.299347e-28 -3.115427e-27 -2.016444e-26 -1.148300e-25 -5.584030e-25 -2.157698e-24 -5.033772e-24 1.077585e-23 2.254079e-22 1.733171e-21 9.858327e-21 4.642494e-20 1.882860e-19 6.697157e-19 2.109879e-18 5.924298e-18 1.489653e-17 3.368802e-17 6.882839e-17 1.276869e-16 2.163042e-16 3.366774e-16 4.846702e-16 6.496515e-16 8.161941e-16 9.671600e-16 1.086907e-15 1.163541e-15 1.189877e-15 1.163541e-15 1.086907e-15 9.671600e-16 8.161941e-16 6.496515e-16 4.846702e-16 3.366774e-16 2.163042e-16 1.276869e-16 6.882839e-17 3.368802e-17 1.489653e-17 5.924298e-18 2.109879e-18 6.697157e-19 1.882860e-19 4.642494e-20 9.858327e-21 1.733171e-21 2.254079e-22 1.077585e-23 -5.033772e-24 -2.157698e-24 -5.584030e-25 -1.148300e-25 -2.016444e-26 -3.115427e-27 -4.299347e-28 -5.343355e-29 -6.006147e-30 -6.113819e-31 -5.626945e-32 -4.657432e-33 -3.426605e-34 -2.185865e-35 -1.137651e-36 -3.888512e-38 5.214986e-40 2.455063e-40 2.785250e-41 2.318614e-42 1.621108e-43 9.958016e-45 5.481057e-46 2.728179e-47 1.232088e-48 5.042479e-50 1.858305e-51 6.077030e-53 1.707495e-54 3.111744e-56 7.801919e-59 -1.533668e-61 -1.050290e-64 -1.073700e-68 -2.871945e-73 -2.567324e-78 0.000000e+00
0.000000e+00 -6.437109e-77 -6.353372e-72 -1.949932e-67 -1.163936e-63 2.357493e-60 6.364170e-57 1.222902e-54 5.351597e-53 1.669047e-51 4.623318e-50 1.153687e-48 2.610005e-47 5.359802e-46 9.958016e-45 1.658559e-43 2.428110e-42 2.986789e-41 2.696206e-40 5.817232e-40 -4.509586e-38 -1.353054e-36 -2.670051e-35 -4.302529e-34 -6.015991e-33 -7.482833e-32 -8.376694e-31 -8.485129e-30 -7.789546e-29 -6.472281e-28 -4.846384e-27 -3.242989e-26 -1.909466e-25 -9.591279e-25 -3.810341e-24 -8.867731e-24 2.471693e-23 4.801402e-22 3.793418e-21 2.240590e-20 1.099819e-19 4.658386e-19 1.732214e-18 5.707104e-18 1.675361e-17 4.399716e-17 1.037282e-16 2.203590e-16 4.236172e-16 7.406266e-16 1.184463e-15 1.744055e-15 2.381178e-15 3.037401e-15 3.648628e-15 4.160661e-15 4.538710e-15 4.767442e-15 4.843626e-15 4.767442e-15 4.538710e-15 4.160661e-15 3.648628e-15 3.037401e-15 2.381178e-15 1.744055e-15 1.184463e-15 7.406266e-16 4.236172e-16 2.203590e-16 1.037282e-16 4.399716e-17 1.675361e-17 5.707104e-18 1.732214e-18 4.658386e-19 1.099819e-19 2.240590e-20 3.793418e-21 4.801402e-22 2.471693e-23 -8.867731e-24 -3.810341e-24 -9.591279e-25 -1.909466e-25 -3.242989e-26 -4.846384e-27 -6.472281e-28 -7.789546e-29 -8.485129e-30 -8.376694e-31 -7.482833e-32 -6.015991e-33 -4.302529e-34 -2.670051e-35 -1.353054e-36 -4.509586e-38 5.817232e-40 2.696206e-40 2.986789e-41 2.428110e-42 1.658559e-43 9.958016e-45 5.359802e-46 2.610005e-47 1.153687e-48 4.623318e-50 1.669047e-51 5.351597e-53 1.222902e-54 6.364170e-57 2.357493e-60 -1.163936e-63 -1.949932e-67 -6.353372e-72 -6.437109e-77 0.000000e+00
0.000000e+00 -1.401872e-75 -1.143401e-70 -2.220511e-66 1.340121e-62 2.100152e-58 2.487538e-55 3.758985e-53 1.436654e-51 4.058583e-50 1.033874e-48 2.388690e-47 5.011787e-46 9.517779e-45 1.621108e-43 2.428110e-42 3.057134e-41 2.825449e-40 6.210970e-40 -4.977284e-38 -1.531225e-36 -3.101680e-35 -5.134347e-34 -7.380130e-33 -9.443435e-32 -1.088327e-30 -1.135761e-29 -1.074980e-28 -9.215377e-28 -7.123950e-27 -4.923902e-26 -2.994973e-25 -1.552780e-24 -6.340189e-24 -1.472798e-23 5.117590e-23 9.507545e-22 7.727640e-21 4.736580e-20 2.420545e-19 1.069170e-18 4.149718e-18 1.427419e-17 4.373106e-17 1.197150e-16 2.936096e-16 6.468599e-16 1.284163e-15 2.305979e-15 3.762839e-15 5.609733e-15 7.687929e-15 9.753646e-15 1.154972e-14 1.289124e-14 1.372500e-14 1.413270e-14 1.427494e-14 1.430213e-14 1.427494e-14 1.413270e-14 1.372500e-14 1.289124e-14 1.154972e-14 9.753646e-15 7.687929e-15 5.609733e-15 3.762839e-15 2.305979e-15 1.284163e-15 6.468599e-16 2.936096e-16 1.197150e-16 4.373106e-17 1.427419e-17 4.149718e-18 1.069170e-18 2.420545e-19 4.736580e-20 7.727640e-21 9.507545e-22 5.117590e-23 -1.472798e-23 -6.340189e-24 -1.552780e-24 -2.994973e-25 -4.923902e-26 -7.123950e-27 -9.215377e-28 -1.074980e-28 -1.135761e-29 -1.088327e-30 -9.443435e-32 -7.380130e-33 -5.134347e-34 -3.101680e-35 -1.531225e-36 -4.977284e-38 6.210970e-40 2.825449e-40 3.057134e-41 2.428110e-42 1.621108e-43 9.517779e-45 5.011787e-46 2.388690e-47 1.033874e-48 4.058583e-50 1.436654e-51 3.758985e-53 2.487538e-55 2.100152e-58 1.340121e-62 -2.220511e-66 -1.143401e-70 -1.401872e-75 0.000000e+00
0.000000e+00 -2.496270e-74 -1.328675e-69 1.873916e-65 1.334283e-60 8.189367e-57 7.536924e-54 9.881832e-52 3.412881e-50 8.866169e-49 2.091176e-47 4.480916e-46 8.694436e-45 1.513716e-43 2.318614e-42 2.986789e-41 2.825449e-40 6.347966e-40 -5.228854e-38 -1.649098e-36 -3.427181e-35 -5.824327e-34 -8.600665e-33 -1.131353e-31 -1.341303e-30 -1.440978e-29 -1.405004e-28 -1.241632e-27 -9.900929e-27 -7.062427e-26 -4.434064e-25 -2.371272e-24 -9.948987e-24 -2.309347e-23 9.684282e-23 1.754187e-21 1.467978e-20 9.331023e-20 4.958798e-19 2.281130e-18 9.227864e-18 3.309000e-17 1.056332e-16 3.009415e-16 7.663893e-16 1.747080e-15 3.570666e-15 6.555178e-15 1.083406e-14 1.615814e-14 2.179118e-14 2.660753e-14 2.941371e-14 2.939323e-14 2.648911e-14 2.154098e-14 1.608737e-14 1.188375e-14 1.030891e-14 1.188375e-14 1.608737e-14 2.154098e-14 2.648911e-14 2.939323e-14 2.941371e-14 2.660753e-14 2.179118e-14 1.615814e-14 1.083406e-14 6.555178e-15 3.570666e-15 1.747080e-15 7.663893e-16 3.009415e-16 1.056332e-16 3.309000e-17 9.227864e-18 2.281130e-18 4.958798e-19 9.331023e-20 1.467978e-20 1.754187e-21 9.684282e-23 -2.309347e-23 -9.948987e-24 -2.371272e-24 -4.434064e-25 -7.062427e-26 -9.900929e-27 -1.241632e-27 -1.405004e-28 -1.440978e-29 -1.341303e-30 -1.131353e-31 -8.600665e-33 -5.824327e-34 -3.427181e-35 -1.649098e-36 -5.228854e-38 6.347966e-40 2.825449e-40 2.986789e-41 2.318614e-42 1.513716e-43 8.694436e-45 4.480916e-46 2.091176e-47 8.866169e-49 3.412881e-50 9.881832e-52 7.536924e-54 8.189367e-57 1.334283e-60 1.873916e-65 -1.328675e-69 -2.496270e-74 0.000000e+00
0.000000e+00 -2.942975e-73 7.915242e-69 2.148280e-63 5.193235e-59 2.448267e-55 1.946817e-52 2.296659e-50 7.279667e-49 1.750966e-47 3.830214e-46 7.590153e-45 1.350200e-43 2.114111e-42 2.785250e-41 2.696206e-40 6.210970e-40 -5.228854e-38 -1.690355e-36 -3.602414e-35 -6.281662e-34 -9.523507e-33 -1.286987e-31 -1.568546e-30 -1.733451e-29 -1.739829e-28 -1.583737e-27 -1.301645e-26 -9.574448e-26 -6.200110e-25 -3.418045e-24 -1.473390e-23 -3.423009e-23 1.687984e-22 3.021460e-21 2.604685e-20 1.715779e-19 9.472134e-19 4.532397e-18 1.908476e-17 7.124492e-17 2.366568e-16 7.006437e-16 1.849798e-15 4.354836e-15 9.137865e-15 1.707453e-14 2.835681e-14 4.167814e-14 5.367863e-14 5.916285e-14 5.233414e-14 2.878921e-14 -1.243194e-14 -6.759429e-14 -1.284322e-13 -1.838404e-13 -2.226419e-13 -2.365870e-13 -2.226419e-13 -1.838404e-13 -1.284322e-13 -6.759429e-14 -1.243194e-14 2.878921e-14 5.233414e-14 5.916285e-14 5.367863e-14 4.167814e-14 2.835681e-14 1.707453e-14 9.137865e-15 4.354836e-15 1.849798e-15 7.006437e-16 2.366568e-16 7.124492e-17 1.908476e-17 4.532397e-18 9.472134e-19 1.715779e-19 2.604685e-20 3.021460e-21 1.687984e-22 -3.423009e-23 -1.473390e-23 -3.418045e-24 -6.200110e-25 -9.574448e-26 -1.301645e-26 -1.583737e-27 -1.739829e-28 -1.733451e-29 -1.568546e-30 -1.286987e-31 -9.523507e-33 -6.281662e-34 -3.602414e-35 -1.690355e-36 -5.228854e-38 6.210970e-40 2.696206e-40 2.785250e-41 2.114111e-42 1.350200e-43 7.590153e-45 3.830214e-46 1.750966e-47 7.279667e-49 2.296659e-50 1.946817e-52 2.448267e-55 5.193235e-59 2.148280e-63 7.915242e-69 -2.942975e-73 0.000000e+00
0.000000e+00 1.156456e-72 1.091955e-66 8.346836e-62 1.531307e-57 6.216408e-54 4.438603e-51 4.789244e-49 1.402949e-47 3.129637e-46 6.331448e-45 1.150327e-43 1.840452e-42 2.478913e-41 2.455063e-40 5.817232e-40 -4.977284e-38 -1.649098e-36 -3.602414e-35 -6.441884e-34 -1.002110e-32 -1.390371e-31 -1.740848e-30 -1.977691e-29 -2.041817e-28 -1.913079e-27 -1.619359e-26 -1.227394e-25 -8.192270e-25 -4.653107e-24 -2.060610e-23 -4.801875e-23 2.724084e-22 4.866010e-21 4.322694e-20 2.948959e-19 1.689528e-18 8.399632e-18 3.677097e-17 1.427285e-16 4.927213e-16 1.514028e-15 4.138485e-15 1.004545e-14 2.158944e-14 4.088459e-14 6.763380e-14 9.602287e-14 1.121213e-13 9.386797e-14 1.506876e-14 -1.469561e-13 -4.023602e-13 -7.416747e-13 -1.133514e-12 -1.528408e-12 -1.868106e-12 -2.097979e-12 -2.179270e-12 -2.097979e-12 -1.868106e-12 -1.528408e-12 -1.133514e-12 -7.416747e-13 -4.023602e-13 -1.469561e-13 1.506876e-14 9.386797e-14 1.121213e-13 9.602287e-14 6.763380e-14 4.088459e-14 2.158944e-14 1.004545e-14 4.138485e-15 1.514028e-15 4.927213e-16 1.427285e-16 3.677097e-17 8.399632e-18 1.689528e-18 2.948959e-19 4.322694e-20 4.866010e-21 2.724084e-22 -4.801875e-23 -2.060610e-23 -4.653107e-24 -8.192270e-25 -1.227394e-25 -1.619359e-26 -1.913079e-27 -2.041817e-28 -1.977691e-29 -1.740848e-30 -1.390371e-31 -1.002110e-32 -6.441884e-34 -3.602414e-35 -1.649098e-36 -4.977284e-38 5.817232e-40 2.455063e-40 2.478913e-41 1.840452e-42 1.150327e-43 6.331448e-45 3.129637e-46 1.402949e-47 4.789244e-49 4.438603e-51 6.216408e-54 1.531307e-57 8.346836e-62 1.091955e-66 1.156456e-72 0.000000e+00
0.000000e+00 2.064862e-70 4.235558e-65 2.426007e-60 3.819778e-56 1.390607e-52 9.070896e-50 9.018193e-48 2.445691e-46 5.045674e-45 9.359283e-44 1.529520e-42 2.105437e-41 2.132912e-40 5.214986e-40 -4.509586e-38 -1.531225e-36 -3.427181e-35 -6.281662e-34 -1.002110e-32 -1.426630e-31 -1.833909e-30 -2.140307e-29 -2.271455e-28 -2.189063e-27 -1.907055e-26 -1.488408e-25 -1.023284e-24 -5.985223e-24 -2.722994e-23 -6.382019e-23 4.085092e-22 7.336814e-21 6.717786e-20 4.743200e-19 2.817601e-18 1.453906e-17 6.609846e-17 2.664738e-16 9.549828e-16 3.042394e-15 8.600468e-15 2.149599e-14 4.722228e-14 9.026386e-14 1.472710e-13 1.962739e-13 1.860853e-13 3.327404e-14 -3.668825e-13 -1.114855e-12 -2.273341e-12 -3.836882e-12 -5.715430e-12 -7.738241e-12 -9.678126e-12 -1.129048e-11 -1.235805e-11 -1.273160e-11 -1.235805e-11 -1.129048e-11 -9.678126e-12 -7.738241e-12 -5.715430e-12 -3.836882e-12 -2.273341e-12 -1.114855e-12 -3.668825e-13 3.327404e-14 1.860853e-13 1.962739e-13 1.472710e-13 9.026386e-14 4.722228e-14 2.149599e-14 8.600468e-15 3.042394e-15 9.549828e-16 2.664738e-16 6.609846e-17 1.453906e-17 2.817601e-18 4.743200e-19 6.717786e-20 7.336814e-21 4.085092e-22 -6.382019e-23 -2.722994e-23 -5.985223e-24 -1.023284e-24 -1.488408e-25 -1.907055e-26 -2.189063e-27 -2.271455e-28 -2.140307e-29 -1.833909e-30 -1.426630e-31 -1.002110e-32 -6.281662e-34 -3.427181e-35 -1.531225e-36 -4.509586e-38 5.214986e-40 2.132912e-40 2.105437e-41 1.529520e-42 9.359283e-44 5.045674e-45 2.445691e-46 9.018193e-48 9.070896e-50 1.390607e-52 3.819778e-56 2.426007e-60 4.235558e-65 2.064862e-70 0.000000e+00
0.000000e+00 7.996783e-69 1.212643e-63 5.940636e-59 8.378252e-55 2.785297e-51 1.672849e-48 1.535271e-46 3.843463e-45 7.270576e-44 1.213207e-42 1.706204e-41 1.767740e-40 4.473865e-40 -3.888512e-38 -1.353054e-36 -3.101680e-35 -5.824327e-34 -9.523507e-33 -1.390371e-31 -1.833909e-30 -2.197405e-29 -2.395698e-28 -2.373237e-27 -2.126446e-26 -1.707847e-25 -1.208697e-24 -7.277014e-24 -3.401433e-23 -8.043686e-23 5.707542e-22 1.036769e-20 9.785838e-20 7.146804e-19 4.398064e-18 2.353230e-17 1.109928e-16 4.642815e-16 1.725651e-15 5.694570e-15 1.663319e-14 4.276325e-14 9.586529e-14 1.842574e-13 2.931501e-13 3.507602e-13 1.905460e-13 -4.670677e-13 -1.989157e-12 -4.753787e-12 -9.040610e-12 -1.492367e-11 -2.220225e-11 -3.039200e-11 -3.877913e-11 -4.652344e-11 -5.278666e-11 -5.686059e-11 -5.827365e-11 -5.686059e-11 -5.278666e-11 -4.652344e-11 -3.877913e-11 -3.039200e-11 -2.220225e-11 -1.492367e-11 -9.040610e-12 -4.753787e-12 -1.989157e-12 -4.670677e-13 1.905460e-13 3.507602e-13 2.931501e-13 1.842574e-13 9.586529e-14 4.276325e-14 1.663319e-14 5.694570e-15 1.725651e-15 4.642815e-16 1.109928e-16 2.353230e-17 4.398064e-18 7.146804e-19 9.785838e-20 1.036769e-20 5.707542e-22 -8.043686e-23 -3.401433e-23 -7.277014e-24 -1.208697e-24 -1.707847e-25 -2.126446e-26 -2.373237e-27 -2.395698e-28 -2.197405e-29 -1.833909e-30 -1.390371e-31 -9.523507e-33 -5.824327e-34 -3.101680e-35 -1.353054e-36 -3.888512e-38 4.473865e-40 1.767740e-40 1.706204e-41 1.213207e-42 7.270576e-44 3.843463e-45 1.535271e-46 1.672849e-48 2.785297e-51 8.378252e-55 5.940636e-59 1.212643e-63 7.996783e-69 0.000000e+00
0.000000e+00 2.253632e-67 2.912641e-62 1.276556e-57 1.643476e-53 5.030799e-50 2.788152e-47 2.355314e-45 5.395436e-44 9.182427e-43 1.318954e-41 1.397370e-40 3.671849e-40 -3.190427e-38 -1.137651e-36 -2.670051e-35 -5.134347e-34 -8.600665e-33 -1.286987e-31 -1.740848e-30 -2.140307e-29 -2.395698e-28 -2.437978e-27 -2.245346e-26 -1.854604e-25 -1.350435e-24 -8.365418e-24 -4.017839e-23 -9.621570e-23 7.443712e-22 1.374263e-20 1.337286e-19 1.009628e-18 6.431482e-18 3.565148e-17 1.742961e-16 7.557991e-16 2.910973e-15 9.942507e-15 2.998545e-14 7.923913e-14 1.810468e-13 3.487012e-13 5.338582e-13 5.303070e-13 -1.447562e-13 -2.325362e-12 -7.145642e-12 -1.582759e-11 -2.935619e-11 -4.815058e-11 -7.184203e-11 -9.922491e-11 -1.283843e-10 -1.569540e-10 -1.824378e-10 -2.025278e-10 -2.153766e-10 -2.197959e-10 -2.153766e-10 -2.025278e-10 -1.824378e-10 -1.569540e-10 -1.283843e-10 -9.922491e-11 -7.184203e-11 -4.815058e-11 -2.935619e-11 -1.582759e-11 -7.145642e-12 -2.325362e-12 -1.447562e-13 5.303070e-13 5.338582e-13 3.487012e-13 1.810468e-13 7.923913e-14 2.998545e-14 9.942507e-15 2.910973e-15 7.557991e-16 1.742961e-16 3.565148e-17 6.431482e-18 1.009628e-18 1.337286e-19 1.374263e-20 7.443712e-22 -9.621570e-23 -4.017839e-23 -8.365418e-24 -1.350435e-24 -1.854604e-25 -2.245346e-26 -2.437978e-27 -2.395698e-28 -2.140307e-29 -1.740848e-30 -1.286987e-31 -8.600665e-33 -5.134347e-34 -2.670051e-35 -1.137651e-36 -3.190427e-38 3.671849e-40 1.397370e-40 1.318954e-41 9.182427e-43 5.395436e-44 2.355314e-45 2.788152e-47 5.030799e-50 1.643476e-53 1.276556e-57 2.912641e-62 2.253632e-67 0.000000e+00
0.000000e+00 5.304992e-66 6.126412e-61 2.450245e-56 2.904964e-52 8.208944e-49 4.187535e-46 3.227222e-44 6.635231e-43 9.723401e-42 1.053273e-40 2.882074e-40 -2.490114e-38 -9.099668e-37 -2.185865e-35 -4.302529e-34 -7.380130e-33 -1.131353e-31 -1.568546e-30 -1.977691e-29 -2.271455e-28 -2.373237e-27 -2.245346e-26 -1.906249e-25 -1.427362e-24 -9.094375e-24 -4.489015e-23 -1.092967e-22 9.074452e-22 1.709882e-20 1.715505e-19 1.338215e-18 8.817824e-18 5.059895e-17 2.561950e-16 1.150720e-15 4.589191e-15 1.621292e-14 5.045972e-14 1.369934e-13 3.187559e-13 6.133888e-13 8.896910e-13 6.201114e-13 -1.451858e-12 -7.557246e-12 -2.081211e-11 -4.465617e-11 -8.194713e-11 -1.340458e-10 -2.002269e-10 -2.775917e-10 -3.614557e-10 -4.460416e-10 -5.252604e-10 -5.934089e-10 -6.456858e-10 -6.785130e-10 -6.897005e-10 -6.785130e-10 -6.456858e-10 -5.934089e-10 -5.252604e-10 -4.460416e-10 -3.614557e-10 -2.775917e-10 -2.002269e-10 -1.340458e-10 -8.194713e-11 -4.465617e-11 -2.081211e-11 -7.557246e-12 -1.451858e-12 6.201114e-13 8.896910e-13 6.133888e-13 3.187559e-13 1.369934e-13 5.045972e-14 1.621292e-14 4.589191e-15 1.150720e-15 2.561950e-16 5.059895e-17 8.817824e-18 1.338215e-18 1.715505e-19 1.709882e-20 9.074452e-22 -1.092967e-22 -4.489015e-23 -9.094375e-24 -1.427362e-24 -1.906249e-25 -2.245346e-26 -2.373237e-27 -2.271455e-28 -1.977691e-29 -1.568546e-30 -1.131353e-31 -7.380130e-33 -4.302529e-34 -2.185865e-35 -9.099668e-37 -2.490114e-38 2.882074e-40 1.053273e-40 9.723401e-42 6.635231e-43 3.227222e-44 4.187535e-46 8.208944e-49 2.904964e-52 2.450245e-56 6.126412e-61 5.304992e-66 0.000000e+00
0.000000e+00 1.091247e-64 1.149564e-59 4.234384e-55 4.636666e-51 1.207010e-47 5.620062e-45 3.875124e-43 6.839859e-42 7.567883e-41 2.162508e-40 -1.848210e-38 -6.922181e-37 -1.701371e-35 -3.426605e-34 -6.015991e-33 -9.443435e-32 -1.341303e-30 -1.733451e-29 -2.041817e-28 -2.189063e-27 -2.126446e-26 -1.854604e-25 -1.427362e-24 -9.351085e-24 -4.744733e-23 -1.179617e-22 1.035039e-21 1.997992e-20 2.066928e-19 1.665138e-18 1.134186e-17 6.732216e-17 3.527596e-16 1.639994e-15 6.767986e-15 2.471840e-14 7.936185e-14 2.213084e-13 5.242152e-13 1.005563e-12 1.356502e-12 3.634069e-13 -4.929757e-12 -1.991309e-11 -5.226851e-11 -1.105305e-10 -2.016662e-10 -3.286912e-10 -4.893330e-10 -6.761639e-10 -8.779862e-10 -1.081849e-09 -1.275017e-09 -1.446418e-09 -1.587401e-09 -1.691849e-09 -1.755891e-09 -1.777453e-09 -1.755891e-09 -1.691849e-09 -1.587401e-09 -1.446418e-09 -1.275017e-09 -1.081849e-09 -8.779862e-10 -6.761639e-10 -4.893330e-10 -3.286912e-10 -2.016662e-10 -1.105305e-10 -5.226851e-11 -1.991309e-11 -4.929757e-12 3.634069e-13 1.356502e-12 1.005563e-12 5.242152e-13 2.213084e-13 7.936185e-14 2.471840e-14 6.767986e-15 1.639994e-15 3.527596e-16 6.732216e-17 1.134186e-17 1.665138e-18 2.066928e-19 1.997992e-20 1.035039e-21 -1.179617e-22 -4.744733e-23 -9.351085e-24 -1.427362e-24 -1.854604e-25 -2.126446e-26 -2.189063e-27 -2.041817e-28 -1.733451e-29 -1.341303e-30 -9.443435e-32 -6.015991e-33 -3.426605e-34 -1.701371e-35 -6.922181e-37 -1.848210e-38 2.162508e-40 7.567883e-41 6.839859e-42 3.875124e-43 5.620062e-45 1.207010e-47 4.636666e-51 4.234384e-55 1.149564e-59 1.091247e-64 0.000000e+00
