0.000000e+00 9.761431e-92 1.201314e-86 4.843995e-82 5.689925e-78 1.594600e-74 8.186446e-72 6.542469e-70 1.466592e-68 2.566415e-67 4.143861e-66 6.125354e-65 8.179827e-64 9.609856e-63 9.323329e-62 5.960329e-61 -1.782285e-60 -1.466707e-58 -3.241616e-57 -5.341281e-56 -7.480513e-55 -9.308190e-54 -1.049845e-52 -1.084408e-51 -1.031590e-50 -9.064716e-50 -7.366702e-49 -5.536595e-48 -3.843676e-47 -2.458910e-46 -1.443852e-45 -7.733892e-45 -3.741266e-44 -1.606142e-43 -5.908679e-43 -1.703431e-42 -2.555887e-42 1.040088e-41 1.215711e-40 7.292857e-40 3.409708e-39 1.358405e-38 4.772251e-38 1.503646e-37 4.290828e-37 1.116068e-36 2.658462e-36 5.821145e-36 1.175617e-35 2.196500e-35 3.807671e-35 6.141053e-35 9.238497e-35 1.299464e-34 1.712574e-34 2.118560e-34 2.463596e-34 2.695867e-34 2.777856e-34 2.695867e-34 2.463596e-34 2.118560e-34 1.712574e-34 1.299464e-34 9.238497e-35 6.141053e-35 3.807671e-35 2.196500e-35 1.175617e-35 5.821145e-36 2.658462e-36 1.116068e-36 4.290828e-37 1.503646e-37 4.772251e-38 1.358405e-38 3.409708e-39 7.292857e-40 1.215711e-40 1.040088e-41 -2.555887e-42 -1.703431e-42 -5.908679e-43 -1.606142e-43 -3.741266e-44 -7.733892e-45 -1.443852e-45 -2.458910e-46 -3.843676e-47 -5.536595e-48 -7.366702e-49 -9.064716e-50 -1.031590e-50 -1.084408e-51 -1.049845e-52 -9.308190e-54 -7.480513e-55 -5.341281e-56 -3.241616e-57 -1.466707e-58 -1.782285e-60 5.960329e-61 9.323329e-62 9.609856e-63 8.179827e-64 6.125354e-65 4.143861e-66 2.566415e-67 1.466592e-68 6.542469e-70 8.186446e-72 1.594600e-74 5.689925e-78 4.843995e-82 1.201314e-86 9.761431e-92 0.000000e+00
0.000000e+00 1.868126e-86 1.973473e-81 7.164479e-77 7.736939e-73 2.013885e-69 9.649425e-67 7.212372e-65 1.514926e-63 2.479184e-62 3.714552e-61 5.019696e-60 5.944707e-59 5.749693e-58 3.463867e-57 -1.914208e-56 -1.108308e-54 -2.405474e-53 -3.987101e-52 -5.658274e-51 -7.158285e-50 -8.224170e-49 -8.664295e-48 -8.414334e-47 -7.553356e-46 -6.274172e-45 -4.821408e-44 -3.422841e-43 -2.238864e-42 -1.343363e-41 -7.342718e-41 -3.614261e-40 -1.569138e-39 -5.751052e-39 -1.571585e-38 -1.364533e-38 1.945095e-37 1.791088e-36 1.043208e-35 4.909481e-35 1.994617e-34 7.191647e-34 2.334087e-33 6.876936e-33 1.849777e-32 4.561740e-32 1.035036e-31 2.167547e-31 4.202197e-31 7.564050e-31 1.267806e-30 1.984206e-30 2.907451e-30 3.998551e-30 5.172715e-30 6.306455e-30 7.257200e-30 7.891501e-30 8.114396e-30 7.891501e-30 7.257200e-30 6.306455e-30 5.172715e-30 3.998551e-30 2.907451e-30 1.984206e-30 1.267806e-30 7.564050e-31 4.202197e-31 2.167547e-31 1.035036e-31 4.561740e-32 1.849777e-32 6.876936e-33 2.334087e-33 7.191647e-34 1.994617e-34 4.909481e-35 1.043208e-35 1.791088e-36 1.945095e-37 -1.364533e-38 -1.571585e-38 -5.751052e-39 -1.569138e-39 -3.614261e-40 -7.342718e-41 -1.343363e-41 -2.238864e-42 -3.422841e-43 -4.821408e-44 -6.274172e-45 -7.553356e-46 -8.414334e-47 -8.664295e-48 -8.224170e-49 -7.158285e-50 -5.658274e-51 -3.987101e-52 -2.405474e-53 -1.108308e-54 -1.914208e-56 3.463867e-57 5.749693e-58 5.944707e-59 5.019696e-60 3.714552e-61 2.479184e-62 1.514926e-63 7.212372e-65 9.649425e-67 2.013885e-69 7.736939e-73 7.164479e-77 1.973473e-81 1.868126e-86 0.000000e+00
0.000000e+00 1.252725e-81 1.191436e-76 3.976403e-72 3.988253e-68 9.687719e-65 4.337216e-62 3.026178e-60 5.926410e-59 8.985549e-58 1.227484e-56 1.463003e-55 1.405509e-54 7.803395e-54 -7.143920e-53 -3.317874e-51 -7.092477e-50 -1.182535e-48 -1.699570e-47 -2.184423e-46 -2.554378e-45 -2.742293e-44 -2.716192e-43 -2.488366e-42 -2.110368e-41 -1.656218e-40 -1.200848e-39 -8.019777e-39 -4.909234e-38 -2.732883e-37 -1.365237e-36 -5.969970e-36 -2.161143e-35 -5.408091e-35 9.922729e-36 1.229478e-33 9.974874e-33 5.715652e-32 2.714986e-31 1.124754e-30 4.156628e-30 1.386922e-29 4.208917e-29 1.167519e-28 2.971574e-28 6.962098e-28 1.505992e-27 3.016512e-27 5.611351e-27 9.723128e-27 1.574058e-26 2.387767e-26 3.403688e-26 4.571336e-26 5.798407e-26 6.960510e-26 7.920763e-26 8.555057e-26 8.776835e-26 8.555057e-26 7.920763e-26 6.960510e-26 5.798407e-26 4.571336e-26 3.403688e-26 2.387767e-26 1.574058e-26 9.723128e-27 5.611351e-27 3.016512e-27 1.505992e-27 6.962098e-28 2.971574e-28 1.167519e-28 4.208917e-29 1.386922e-29 4.156628e-30 1.124754e-30 2.714986e-31 5.715652e-32 9.974874e-33 1.229478e-33 9.922729e-36 -5.408091e-35 -2.161143e-35 -5.969970e-36 -1.365237e-36 -2.732883e-37 -4.909234e-38 -8.019777e-39 -1.200848e-39 -1.656218e-40 -2.110368e-41 -2.488366e-42 -2.716192e-43 -2.742293e-44 -2.554378e-45 -2.184423e-46 -1.699570e-47 -1.182535e-48 -7.092477e-50 -3.317874e-51 -7.143920e-53 7.803395e-54 1.405509e-54 1.463003e-55 1.227484e-56 8.985549e-58 5.926410e-59 3.026178e-60 4.337216e-62 9.687719e-65 3.988253e-68 3.976403e-72 1.191436e-76 1.252725e-81 0.000000e+00
0.000000e+00 2.674600e-77 2.338531e-72 7.248857e-68 6.784735e-64 1.539749e-60 6.428392e-58 4.163491e-56 7.523628e-55 1.036914e-53 1.241571e-52 1.179618e-51 5.836296e-51 -8.570936e-50 -3.414255e-48 -7.205880e-47 -1.208461e-45 -1.757987e-44 -2.293894e-43 -2.727953e-42 -2.981772e-41 -3.009373e-40 -2.810807e-39 -2.431303e-38 -1.946429e-37 -1.439516e-36 -9.801852e-36 -6.111230e-35 -3.457742e-34 -1.748150e-33 -7.663063e-33 -2.708606e-32 -5.837967e-32 1.243192e-31 2.442075e-30 1.837170e-29 1.044080e-28 5.013394e-28 2.116680e-27 8.006046e-27 2.740793e-26 8.546394e-26 2.438017e-25 6.384187e-25 1.539069e-24 3.425289e-24 7.057287e-24 1.350026e-23 2.405086e-23 4.002869e-23 6.243923e-23 9.157486e-23 1.266704e-22 1.657395e-22 2.056792e-22 2.426512e-22 2.726688e-22 2.922611e-22 2.990700e-22 2.922611e-22 2.726688e-22 2.426512e-22 2.056792e-22 1.657395e-22 1.266704e-22 9.157486e-23 6.243923e-23 4.002869e-23 2.405086e-23 1.350026e-23 7.057287e-24 3.425289e-24 1.539069e-24 6.384187e-25 2.438017e-25 8.546394e-26 2.740793e-26 8.006046e-27 2.116680e-27 5.013394e-28 1.044080e-28 1.837170e-29 2.442075e-30 1.243192e-31 -5.837967e-32 -2.708606e-32 -7.663063e-33 -1.748150e-33 -3.457742e-34 -6.111230e-35 -9.801852e-36 -1.439516e-36 -1.946429e-37 -2.431303e-38 -2.810807e-39 -3.009373e-40 -2.981772e-41 -2.727953e-42 -2.293894e-43 -1.757987e-44 -1.208461e-45 -7.205880e-47 -3.414255e-48 -8.570936e-50 5.836296e-51 1.179618e-51 1.241571e-52 1.036914e-53 7.523628e-55 4.163491e-56 6.428392e-58 1.539749e-60 6.784735e-64 7.248857e-68 2.338531e-72 2.674600e-77 0.000000e+00
0.000000e+00 1.533568e-73 1.245373e-68 3.602455e-64 3.150214e-60 6.666115e-57 2.580367e-54 1.533544e-52 2.503304e-51 3.002582e-50 2.806437e-49 1.171109e-48 -2.808345e-47 -9.989076e-46 -2.085744e-44 -3.518018e-43 -5.177332e-42 -6.853628e-41 -8.282430e-40 -9.209475e-39 -9.462278e-38 -9.001770e-37 -7.933111e-36 -6.471229e-35 -4.875557e-34 -3.379952e-33 -2.142708e-32 -1.229543e-31 -6.271407e-31 -2.740050e-30 -9.305905e-30 -1.514769e-29 1.000006e-28 1.297522e-27 9.305481e-27 5.272260e-26 2.560986e-25 1.101051e-24 4.255630e-24 1.491671e-23 4.767637e-23 1.394747e-22 3.745628e-22 9.257786e-22 2.111181e-21 4.453531e-21 8.714687e-21 1.586623e-20 2.696316e-20 4.291600e-20 6.420150e-20 9.059276e-20 1.210025e-19 1.535060e-19 1.855544e-19 2.143256e-19 2.371270e-19 2.517620e-19 2.568046e-19 2.517620e-19 2.371270e-19 2.143256e-19 1.855544e-19 1.535060e-19 1.210025e-19 9.059276e-20 6.420150e-20 4.291600e-20 2.696316e-20 1.586623e-20 8.714687e-21 4.453531e-21 2.111181e-21 9.257786e-22 3.745628e-22 1.394747e-22 4.767637e-23 1.491671e-23 4.255630e-24 1.101051e-24 2.560986e-25 5.272260e-26 9.305481e-27 1.297522e-27 1.000006e-28 -1.514769e-29 -9.305905e-30 -2.740050e-30 -6.271407e-31 -1.229543e-31 -2.142708e-32 -3.379952e-33 -4.875557e-34 -6.471229e-35 -7.933111e-36 -9.001770e-37 -9.462278e-38 -9.209475e-39 -8.282430e-40 -6.853628e-41 -5.177332e-42 -3.518018e-43 -2.085744e-44 -9.989076e-46 -2.808345e-47 1.171109e-48 2.806437e-49 3.002582e-50 2.503304e-51 1.533544e-52 2.580367e-54 6.666115e-57 3.150214e-60 3.602455e-64 1.245373e-68 1.533568e-73 0.000000e+00
0.000000e+00 1.855773e-70 1.406405e-65 3.801038e-61 3.099373e-57 6.080298e-54 2.156581e-51 1.148732e-49 1.612369e-48 1.472029e-47 4.683162e-47 -1.982198e-45 -6.468801e-44 -1.338911e-42 -2.271361e-41 -3.380090e-40 -4.536637e-39 -5.567223e-38 -6.292437e-37 -6.576206e-36 -6.366383e-35 -5.710723e-34 -4.741471e-33 -3.634884e-32 -2.561972e-31 -1.648676e-30 -9.573616e-30 -4.909728e-29 -2.123445e-28 -6.770258e-28 -5.449391e-28 1.370631e-26 1.457489e-25 1.013488e-24 5.745082e-24 2.824034e-23 1.235262e-22 4.871203e-22 1.744726e-21 5.702249e-21 1.705993e-20 4.683676e-20 1.182524e-19 2.751483e-19 5.913434e-19 1.176841e-18 2.174805e-18 3.743691e-18 6.023299e-18 9.090986e-18 1.292142e-17 1.736565e-17 2.216017e-17 2.696575e-17 3.142378e-17 3.521134e-17 3.807796e-17 3.985746e-17 4.045989e-17 3.985746e-17 3.807796e-17 3.521134e-17 3.142378e-17 2.696575e-17 2.216017e-17 1.736565e-17 1.292142e-17 9.090986e-18 6.023299e-18 3.743691e-18 2.174805e-18 1.176841e-18 5.913434e-19 2.751483e-19 1.182524e-19 4.683676e-20 1.705993e-20 5.702249e-21 1.744726e-21 4.871203e-22 1.235262e-22 2.824034e-23 5.745082e-24 1.013488e-24 1.457489e-25 1.370631e-26 -5.449391e-28 -6.770258e-28 -2.123445e-28 -4.909728e-29 -9.573616e-30 -1.648676e-30 -2.561972e-31 -3.634884e-32 -4.741471e-33 -5.710723e-34 -6.366383e-35 -6.576206e-36 -6.292437e-37 -5.567223e-38 -4.536637e-39 -3.380090e-40 -2.271361e-41 -1.338911e-42 -6.468801e-44 -1.982198e-45 4.683162e-47 1.472029e-47 1.612369e-48 1.148732e-49 2.156581e-51 6.080298e-54 3.099373e-57 3.801038e-61 1.406405e-65 1.855773e-70 0.000000e+00
0.000000e+00 3.651449e-68 2.586377e-63 6.520430e-59 4.931208e-55 8.867552e-52 2.815131e-49 1.273168e-47 1.313644e-46 2.597736e-46 -2.317537e-44 -7.102510e-43 -1.461852e-41 -2.496352e-40 -3.757247e-39 -5.112537e-38 -6.369658e-37 -7.315904e-36 -7.774274e-35 -7.655574e-34 -6.986359e-33 -5.900895e-32 -4.600122e-31 -3.294097e-30 -2.149849e-29 -1.261643e-28 -6.490181e-28 -2.762051e-27 -8.029252e-27 3.798666e-27 2.811663e-25 2.681160e-24 1.831968e-23 1.043081e-22 5.194812e-22 2.311831e-21 9.295659e-21 3.398479e-20 1.134118e-19 3.463605e-19 9.699128e-19 2.494507e-18 5.901785e-18 1.286725e-17 2.590318e-17 4.825880e-17 8.342246e-17 1.341931e-16 2.015108e-16 2.834601e-16 3.749381e-16 4.683223e-16 5.550947e-16 6.279494e-16 6.826270e-16 7.187517e-16 7.393038e-16 7.489034e-16 7.515765e-16 7.489034e-16 7.393038e-16 7.187517e-16 6.826270e-16 6.279494e-16 5.550947e-16 4.683223e-16 3.749381e-16 2.834601e-16 2.015108e-16 1.341931e-16 8.342246e-17 4.825880e-17 2.590318e-17 1.286725e-17 5.901785e-18 2.494507e-18 9.699128e-19 3.463605e-19 1.134118e-19 3.398479e-20 9.295659e-21 2.311831e-21 5.194812e-22 1.043081e-22 1.831968e-23 2.681160e-24 2.811663e-25 3.798666e-27 -8.029252e-27 -2.762051e-27 -6.490181e-28 -1.261643e-28 -2.149849e-29 -3.294097e-30 -4.600122e-31 -5.900895e-32 -6.986359e-33 -7.655574e-34 -7.774274e-35 -7.315904e-36 -6.369658e-37 -5.112537e-38 -3.757247e-39 -2.496352e-40 -1.461852e-41 -7.102510e-43 -2.317537e-44 2.597736e-46 1.313644e-46 1.273168e-47 2.815131e-49 8.867552e-52 4.931208e-55 6.520430e-59 2.586377e-63 3.651449e-68 0.000000e+00
0.000000e+00 1.306976e-66 8.655522e-62 2.029354e-57 1.411602e-53 2.282555e-50 6.182148e-48 2.023025e-46 2.403738e-46 -4.893396e-44 -1.460981e-42 -3.020710e-41 -5.219671e-40 -7.973338e-39 -1.102917e-37 -1.398315e-36 -1.635513e-35 -1.770826e-34 -1.777440e-33 -1.653791e-32 -1.424301e-31 -1.132008e-30 -8.260310e-30 -5.487139e-29 -3.269441e-28 -1.697952e-27 -7.180603e-27 -1.925411e-26 3.552052e-26 9.952159e-25 9.129428e-24 6.257965e-23 3.617217e-22 1.838018e-21 8.366895e-21 3.445884e-20 1.291167e-19 4.416298e-19 1.381784e-18 3.960474e-18 1.041015e-17 2.511903e-17 5.569780e-17 1.136243e-16 2.135384e-16 3.702298e-16 5.930273e-16 8.786712e-16 1.205288e-15 1.530841e-15 1.798659e-15 1.950242e-15 1.942440e-15 1.763563e-15 1.442416e-15 1.045937e-15 6.648102e-16 3.905633e-16 2.908480e-16 3.905633e-16 6.648102e-16 1.045937e-15 1.442416e-15 1.763563e-15 1.942440e-15 1.950242e-15 1.798659e-15 1.530841e-15 1.205288e-15 8.786712e-16 5.930273e-16 3.702298e-16 2.135384e-16 1.136243e-16 5.569780e-17 2.511903e-17 1.041015e-17 3.960474e-18 1.381784e-18 4.416298e-19 1.291167e-19 3.445884e-20 8.366895e-21 1.838018e-21 3.617217e-22 6.257965e-23 9.129428e-24 9.952159e-25 3.552052e-26 -1.925411e-26 -7.180603e-27 -1.697952e-27 -3.269441e-28 -5.487139e-29 -8.260310e-30 -1.132008e-30 -1.424301e-31 -1.653791e-32 -1.777440e-33 -1.770826e-34 -1.635513e-35 -1.398315e-36 -1.102917e-37 -7.973338e-39 -5.219671e-40 -3.020710e-41 -1.460981e-42 -4.893396e-44 2.403738e-46 2.023025e-46 6.182148e-48 2.282555e-50 1.411602e-53 2.029354e-57 8.655522e-62 1.306976e-66 0.000000e+00
0.000000e+00 2.363296e-65 1.462227e-60 3.171808e-56 2.000874e-52 2.802167e-49 5.687276e-47 2.895665e-46 -5.108826e-44 -1.547265e-42 -3.259001e-41 -5.743608e-40 -8.954774e-39 -1.264947e-37 -1.638579e-36 -1.959092e-35 -2.169275e-34 -2.227745e-33 -2.121634e-32 -1.871055e-31 -1.523296e-30 -1.138930e-29 -7.752695e-29 -4.732178e-28 -2.514522e-27 -1.083226e-26 -2.886208e-26 6.899643e-26 1.740941e-24 1.620602e-23 1.138715e-22 6.769380e-22 3.543475e-21 1.663285e-20 7.067617e-20 2.732987e-19 9.646654e-19 3.113537e-18 9.198403e-18 2.488937e-17 6.170563e-17 1.402056e-16 2.920258e-16 5.575895e-16 9.756906e-16 1.562937e-15 2.285848e-15 3.034792e-15 3.613495e-15 3.756877e-15 3.182134e-15 1.665430e-15 -8.757274e-16 -4.320917e-15 -8.330012e-15 -1.238361e-14 -1.587633e-14 -1.824199e-14 -1.907892e-14 -1.824199e-14 -1.587633e-14 -1.238361e-14 -8.330012e-15 -4.320917e-15 -8.757274e-16 1.665430e-15 3.182134e-15 3.756877e-15 3.613495e-15 3.034792e-15 2.285848e-15 1.562937e-15 9.756906e-16 5.575895e-16 2.920258e-16 1.402056e-16 6.170563e-17 2.488937e-17 9.198403e-18 3.113537e-18 9.646654e-19 2.732987e-19 7.067617e-20 1.663285e-20 3.543475e-21 6.769380e-22 1.138715e-22 1.620602e-23 1.740941e-24 6.899643e-26 -2.886208e-26 -1.083226e-26 -2.514522e-27 -4.732178e-28 -7.752695e-29 -1.138930e-29 -1.523296e-30 -1.871055e-31 -2.121634e-32 -2.227745e-33 -2.169275e-34 -1.959092e-35 -1.638579e-36 -1.264947e-37 -8.954774e-39 -5.743608e-40 -3.259001e-41 -1.547265e-42 -5.108826e-44 2.895665e-46 5.687276e-47 2.802167e-49 2.000874e-52 3.171808e-56 1.462227e-60 2.363296e-65 0.000000e+00
0.000000e+00 3.883399e-64 2.227932e-59 4.399932e-55 2.424696e-51 2.619518e-48 1.496861e-46 -4.094438e-44 -1.548408e-42 -3.325417e-41 -5.981921e-40 -9.522821e-39 -1.374068e-37 -1.818882e-36 -2.223180e-35 -2.517686e-34 -2.645494e-33 -2.579010e-32 -2.329127e-31 -1.942618e-30 -1.488491e-29 -1.038601e-28 -6.498271e-28 -3.537124e-27 -1.556512e-26 -4.163570e-26 1.175182e-25 2.835520e-24 2.693447e-23 1.943570e-22 1.189231e-21 6.414974e-21 3.105264e-20 1.361327e-19 5.432072e-19 1.978357e-18 6.585688e-18 2.005027e-17 5.583372e-17 1.421679e-16 3.308003e-16 7.026628e-16 1.360245e-15 2.392818e-15 3.804379e-15 5.409349e-15 6.725004e-15 6.910976e-15 4.810278e-15 -8.756156e-16 -1.128920e-14 -2.705870e-14 -4.797713e-14 -7.282232e-14 -9.939376e-14 -1.247869e-13 -1.458623e-13 -1.598112e-13 -1.646920e-13 -1.598112e-13 -1.458623e-13 -1.247869e-13 -9.939376e-14 -7.282232e-14 -4.797713e-14 -2.705870e-14 -1.128920e-14 -8.756156e-16 4.810278e-15 6.910976e-15 6.725004e-15 5.409349e-15 3.804379e-15 2.392818e-15 1.360245e-15 7.026628e-16 3.308003e-16 1.421679e-16 5.583372e-17 2.005027e-17 6.585688e-18 1.978357e-18 5.432072e-19 1.361327e-19 3.105264e-20 6.414974e-21 1.189231e-21 1.943570e-22 2.693447e-23 2.835520e-24 1.175182e-25 -4.163570e-26 -1.556512e-26 -3.537124e-27 -6.498271e-28 -1.038601e-28 -1.488491e-29 -1.942618e-30 -2.329127e-31 -2.579010e-32 -2.645494e-33 -2.517686e-34 -2.223180e-35 -1.818882e-36 -1.374068e-37 -9.522821e-39 -5.981921e-40 -3.325417e-41 -1.548408e-42 -4.094438e-44 1.496861e-46 2.619518e-48 2.424696e-51 4.399932e-55 2.227932e-59 3.883399e-64 0.000000e+00
0.000000e+00 5.840948e-63 3.059570e-58 5.313659e-54 2.311673e-50 9.845327e-48 -8.980481e-45 -1.243390e-42 -3.261669e-41 -5.981932e-40 -9.719858e-39 -1.432047e-37 -1.936317e-36 -2.418484e-35 -2.799919e-34 -3.008893e-33 -3.001168e-32 -2.774255e-31 -2.369334e-30 -1.859606e-29 -1.329435e-28 -8.522607e-28 -4.750596e-27 -2.135472e-26 -5.742186e-26 1.867734e-25 4.376770e-24 4.245705e-23 3.145595e-22 1.980088e-21 1.099997e-20 5.487362e-20 2.480122e-19 1.020459e-18 3.831899e-18 1.314647e-17 4.121596e-17 1.180263e-16 3.083886e-16 7.340191e-16 1.587511e-15 3.107458e-15 5.468184e-15 8.541859e-15 1.153370e-14 1.257164e-14 8.417667e-15 -5.494405e-15 -3.454111e-14 -8.389677e-14 -1.571912e-13 -2.551535e-13 -3.746171e-13 -5.082111e-13 -6.449056e-13 -7.713806e-13 -8.739844e-13 -9.409106e-13 -9.641619e-13 -9.409106e-13 -8.739844e-13 -7.713806e-13 -6.449056e-13 -5.082111e-13 -3.746171e-13 -2.551535e-13 -1.571912e-13 -8.389677e-14 -3.454111e-14 -5.494405e-15 8.417667e-15 1.257164e-14 1.153370e-14 8.541859e-15 5.468184e-15 3.107458e-15 1.587511e-15 7.340191e-16 3.083886e-16 1.180263e-16 4.121596e-17 1.314647e-17 3.831899e-18 1.020459e-18 2.480122e-19 5.487362e-20 1.099997e-20 1.980088e-21 3.145595e-22 4.245705e-23 4.376770e-24 1.867734e-25 -5.742186e-26 -2.135472e-26 -4.750596e-27 -8.522607e-28 -1.329435e-28 -1.859606e-29 -2.369334e-30 -2.774255e-31 -3.001168e-32 -3.008893e-33 -2.799919e-34 -2.418484e-35 -1.936317e-36 -1.432047e-37 -9.719858e-39 -5.981932e-40 -3.261669e-41 -1.243390e-42 -8.980481e-45 9.845327e-48 2.311673e-50 5.313659e-54 3.059570e-58 5.840948e-63 0.000000e+00
0.000000e+00 7.932613e-62 3.675566e-57 5.136999e-53 1.074696e-49 -3.101798e-46 -2.862144e-43 -2.586458e-41 -5.748571e-40 -9.522846e-39 -1.432047e-37 -1.977111e-36 -2.522433e-35 -2.984115e-34 -3.278277e-33 -3.344062e-32 -3.162644e-31 -2.764509e-30 -2.221527e-29 -1.626493e-28 -1.067935e-27 -6.094328e-27 -2.798645e-26 -7.577202e-26 2.782627e-25 6.408098e-24 6.352293e-23 4.831184e-22 3.127144e-21 1.788055e-20 9.186386e-20 4.277701e-19 1.813672e-18 7.017195e-18 2.479523e-17 7.999728e-17 2.354144e-16 6.307307e-16 1.534217e-15 3.373635e-15 6.659973e-15 1.165986e-14 1.766346e-14 2.180248e-14 1.762080e-14 -6.095931e-15 -6.553908e-14 -1.805454e-13 -3.715210e-13 -6.550096e-13 -1.038829e-12 -1.517979e-12 -2.072438e-12 -2.667593e-12 -3.257429e-12 -3.790048e-12 -4.214585e-12 -4.488336e-12 -4.582903e-12 -4.488336e-12 -4.214585e-12 -3.790048e-12 -3.257429e-12 -2.667593e-12 -2.072438e-12 -1.517979e-12 -1.038829e-12 -6.550096e-13 -3.715210e-13 -1.805454e-13 -6.553908e-14 -6.095931e-15 1.762080e-14 2.180248e-14 1.766346e-14 1.165986e-14 6.659973e-15 3.373635e-15 1.534217e-15 6.307307e-16 2.354144e-16 7.999728e-17 2.479523e-17 7.017195e-18 1.813672e-18 4.277701e-19 9.186386e-20 1.788055e-20 3.127144e-21 4.831184e-22 6.352293e-23 6.408098e-24 2.782627e-25 -7.577202e-26 -2.798645e-26 -6.094328e-27 -1.067935e-27 -1.626493e-28 -2.221527e-29 -2.764509e-30 -3.162644e-31 -3.344062e-32 -3.278277e-33 -2.984115e-34 -2.522433e-35 -1.977111e-36 -1.432047e-37 -9.522846e-39 -5.748571e-40 -2.586458e-41 -2.862144e-43 -3.101798e-46 1.074696e-49 5.136999e-53 3.675566e-57 7.932613e-62 0.000000e+00
0.000000e+00 9.463614e-61 3.585857e-56 2.744634e-52 -2.009564e-48 -1.066387e-44 -5.967708e-42 -4.485127e-40 -8.962794e-39 -1.374073e-37 -1.936317e-36 -2.522433e-35 -3.048149e-34 -3.421817e-33 -3.568190e-32 -3.451100e-31 -3.086207e-30 -2.538116e-29 -1.902339e-28 -1.278822e-27 -7.469493e-27 -3.504604e-26 -9.571869e-26 3.898942e-25 8.905575e-24 9.026252e-23 7.045450e-22 4.687302e-21 2.757054e-20 1.457948e-19 6.990288e-19 3.052095e-18 1.215966e-17 4.422579e-17 1.467512e-16 4.435422e-16 1.217783e-15 3.024869e-15 6.754213e-15 1.341352e-14 2.322378e-14 3.352887e-14 3.526213e-14 8.408205e-15 -8.212526e-14 -2.880833e-13 -6.748427e-13 -1.312872e-12 -2.264523e-12 -3.568730e-12 -5.227137e-12 -7.195099e-12 -9.379926e-12 -1.164712e-11 -1.383376e-11 -1.576683e-11 -1.728374e-11 -1.825185e-11 -1.858458e-11 -1.825185e-11 -1.728374e-11 -1.576683e-11 -1.383376e-11 -1.164712e-11 -9.379926e-12 -7.195099e-12 -5.227137e-12 -3.568730e-12 -2.264523e-12 -1.312872e-12 -6.748427e-13 -2.880833e-13 -8.212526e-14 8.408205e-15 3.526213e-14 3.352887e-14 2.322378e-14 1.341352e-14 6.754213e-15 3.024869e-15 1.217783e-15 4.435422e-16 1.467512e-16 4.422579e-17 1.215966e-17 3.052095e-18 6.990288e-19 1.457948e-19 2.757054e-20 4.687302e-21 7.045450e-22 9.026252e-23 8.905575e-24 3.898942e-25 -9.571869e-26 -3.504604e-26 -7.469493e-27 -1.278822e-27 -1.902339e-28 -2.538116e-29 -3.086207e-30 -3.451100e-31 -3.568190e-32 -3.421817e-33 -3.048149e-34 -2.522433e-35 -1.936317e-36 -1.374073e-37 -8.962794e-39 -4.485127e-40 -5.967708e-42 -1.066387e-44 -2.009564e-48 2.744634e-52 3.585857e-56 9.463614e-61 0.000000e+00
0.000000e+00 9.279891e-60 2.110194e-55 -3.183606e-51 -7.635761e-47 -2.241288e-43 -1.026601e-40 -6.868964e-39 -1.266111e-37 -1.818889e-36 -2.418484e-35 -2.984115e-34 -3.421817e-33 -3.646166e-32 -3.604978e-31 -3.296793e-30 -2.773670e-29 -2.127351e-28 -1.463673e-27 -8.748442e-27 -4.194405e-26 -1.158095e-25 5.149927e-25 1.175450e-23 1.218706e-22 9.760873e-22 6.671767e-21 4.034879e-20 2.194919e-19 1.082952e-18 4.866500e-18 1.995330e-17 7.465943e-17 2.546657e-16 7.901516e-16 2.222060e-15 5.632735e-15 1.275815e-14 2.542811e-14 4.324732e-14 5.806586e-14 4.423423e-14 -5.455845e-14 -3.381855e-13 -9.565656e-13 -2.103404e-12 -3.993894e-12 -6.828299e-12 -1.074847e-11 -1.579726e-11 -2.189046e-11 -2.880773e-11 -3.620459e-11 -4.364283e-11 -5.063413e-11 -5.668982e-11 -6.137004e-11 -6.432700e-11 -6.533816e-11 -6.432700e-11 -6.137004e-11 -5.668982e-11 -5.063413e-11 -4.364283e-11 -3.620459e-11 -2.880773e-11 -2.189046e-11 -1.579726e-11 -1.074847e-11 -6.828299e-12 -3.993894e-12 -2.103404e-12 -9.565656e-13 -3.381855e-13 -5.455845e-14 4.423423e-14 5.806586e-14 4.324732e-14 2.542811e-14 1.275815e-14 5.632735e-15 2.222060e-15 7.901516e-16 2.546657e-16 7.465943e-17 1.995330e-17 4.866500e-18 1.082952e-18 2.194919e-19 4.034879e-20 6.671767e-21 9.760873e-22 1.218706e-22 1.175450e-23 5.149927e-25 -1.158095e-25 -4.194405e-26 -8.748442e-27 -1.463673e-27 -2.127351e-28 -2.773670e-29 -3.296793e-30 -3.604978e-31 -3.646166e-32 -3.421817e-33 -2.984115e-34 -2.418484e-35 -1.818889e-36 -1.266111e-37 -6.868964e-39 -1.026601e-40 -2.241288e-43 -7.635761e-47 -3.183606e-51 2.110194e-55 9.279891e-60 0.000000e+00
0.000000e+00 5.854001e-59 -1.506777e-54 -1.382051e-49 -1.621381e-45 -3.834051e-42 -1.553329e-39 -9.521833e-38 -1.640118e-36 -2.223190e-35 -2.799919e-34 -3.278277e-33 -3.568190e-32 -3.604978e-31 -3.370112e-30 -2.899463e-29 -2.274844e-28 -1.601408e-27 -9.792905e-27 -4.798694e-26 -1.342524e-25 6.423095e-25 1.474217e-23 1.564186e-22 1.285228e-21 9.021940e-21 5.607241e-20 3.136198e-19 1.591476e-18 7.356670e-18 3.102637e-17 1.193737e-16 4.183927e-16 1.332112e-15 3.835616e-15 9.918162e-15 2.276888e-14 4.544354e-14 7.535484e-14 9.071344e-14 2.569105e-14 -2.645943e-13 -1.040293e-12 -2.697613e-12 -5.756042e-12 -1.080191e-11 -1.839320e-11 -2.894522e-11 -4.262484e-11 -5.927866e-11 -7.841107e-11 -9.921453e-11 -1.206431e-10 -1.415130e-10 -1.606124e-10 -1.768054e-10 -1.891204e-10 -1.968176e-10 -1.994356e-10 -1.968176e-10 -1.891204e-10 -1.768054e-10 -1.606124e-10 -1.415130e-10 -1.206431e-10 -9.921453e-11 -7.841107e-11 -5.927866e-11 -4.262484e-11 -2.894522e-11 -1.839320e-11 -1.080191e-11 -5.756042e-12 -2.697613e-12 -1.040293e-12 -2.645943e-13 2.569105e-14 9.071344e-14 7.535484e-14 4.544354e-14 2.276888e-14 9.918162e-15 3.835616e-15 1.332112e-15 4.183927e-16 1.193737e-16 3.102637e-17 7.356670e-18 1.591476e-18 3.136198e-19 5.607241e-20 9.021940e-21 1.285228e-21 1.564186e-22 1.474217e-23 6.423095e-25 -1.342524e-25 -4.798694e-26 -9.792905e-27 -1.601408e-27 -2.274844e-28 -2.899463e-29 -3.370112e-30 -3.604978e-31 -3.568190e-32 -3.278277e-33 -2.799919e-34 -2.223190e-35 -1.640118e-36 -9.521833e-38 -1.553329e-39 -3.834051e-42 -1.621381e-45 -1.382051e-49 -1.506777e-54 5.854001e-59 0.000000e+00
0.000000e+00 -2.407111e-58 -7.874810e-53 -2.970752e-48 -2.758811e-44 -5.739248e-41 -2.122861e-38 -1.209522e-36 -1.960965e-35 -2.517700e-34 -3.008893e-33 -3.344062e-32 -3.451100e-31 -3.296793e-30 -2.899463e-29 -2.326231e-28 -1.675027e-27 -1.047806e-26 -5.248776e-26 -1.491643e-25 7.573466e-25 1.757507e-23 1.909082e-22 1.608937e-21 1.159490e-20 7.402566e-20 4.254938e-19 2.219631e-18 1.054930e-17 4.574279e-17 1.808932e-16 6.512169e-16 2.126985e-15 6.268979e-15 1.653124e-14 3.844221e-14 7.668349e-14 1.229383e-13 1.250219e-13 -7.176357e-14 -8.104642e-13 -2.714784e-12 -6.745361e-12 -1.417105e-11 -2.642722e-11 -4.487532e-11 -7.051937e-11 -1.037549e-10 -1.442156e-10 -1.907521e-10 -2.415377e-10 -2.942663e-10 -3.463935e-10 -3.953724e-10 -4.388501e-10 -4.748069e-10 -5.016394e-10 -5.181975e-10 -5.237930e-10 -5.181975e-10 -5.016394e-10 -4.748069e-10 -4.388501e-10 -3.953724e-10 -3.463935e-10 -2.942663e-10 -2.415377e-10 -1.907521e-10 -1.442156e-10 -1.037549e-10 -7.051937e-11 -4.487532e-11 -2.642722e-11 -1.417105e-11 -6.745361e-12 -2.714784e-12 -8.104642e-13 -7.176357e-14 1.250219e-13 1.229383e-13 7.668349e-14 3.844221e-14 1.653124e-14 6.268979e-15 2.126985e-15 6.512169e-16 1.808932e-16 4.574279e-17 1.054930e-17 2.219631e-18 4.254938e-19 7.402566e-20 1.159490e-20 1.608937e-21 1.909082e-22 1.757507e-23 7.573466e-25 -1.491643e-25 -5.248776e-26 -1.047806e-26 -1.675027e-27 -2.326231e-28 -2.899463e-29 -3.296793e-30 -3.451100e-31 -3.344062e-32 -3.008893e-33 -2.517700e-34 -1.960965e-35 -1.209522e-36 -2.122861e-38 -5.739248e-41 -2.758811e-44 -2.970752e-48 -7.874810e-53 -2.407111e-58 0.000000e+00
0.000000e+00 -1.664102e-56 -1.717411e-51 -5.027546e-47 -4.084559e-43 -7.739922e-40 -2.655178e-37 -1.417258e-35 -2.171378e-34 -2.645510e-33 -3.001168e-32 -3.162644e-31 -3.086207e-30 -2.773670e-29 -2.274844e-28 -1.675027e-27 -1.071686e-26 -5.489281e-26 -1.588806e-25 8.449073e-25 1.992212e-23 2.216284e-22 1.915536e-21 1.416703e-20 9.287108e-20 5.483447e-19 2.939229e-18 1.435632e-17 6.397467e-17 2.599355e-16 9.608616e-16 3.218706e-15 9.709307e-15 2.610744e-14 6.147932e-14 1.223767e-13 1.879203e-13 1.444222e-13 -3.432541e-13 -2.026439e-12 -6.288192e-12 -1.527639e-11 -3.182900e-11 -5.911894e-11 -1.000620e-10 -1.566452e-10 -2.293783e-10 -3.170305e-10 -4.167131e-10 -5.242622e-10 -6.347999e-10 -7.433286e-10 -8.452368e-10 -9.366396e-10 -1.014533e-09 -1.076786e-09 -1.122018e-09 -1.149421e-09 -1.158596e-09 -1.149421e-09 -1.122018e-09 -1.076786e-09 -1.014533e-09 -9.366396e-10 -8.452368e-10 -7.433286e-10 -6.347999e-10 -5.242622e-10 -4.167131e-10 -3.170305e-10 -2.293783e-10 -1.566452e-10 -1.000620e-10 -5.911894e-11 -3.182900e-11 -1.527639e-11 -6.288192e-12 -2.026439e-12 -3.432541e-13 1.444222e-13 1.879203e-13 1.223767e-13 6.147932e-14 2.610744e-14 9.709307e-15 3.218706e-15 9.608616e-16 2.599355e-16 6.397467e-17 1.435632e-17 2.939229e-18 5.483447e-19 9.287108e-20 1.416703e-20 1.915536e-21 2.216284e-22 1.992212e-23 8.449073e-25 -1.588806e-25 -5.489281e-26 -1.071686e-26 -1.675027e-27 -2.274844e-28 -2.773670e-29 -3.086207e-30 -3.162644e-31 -3.001168e-32 -2.645510e-33 -2.171378e-34 -1.417258e-35 -2.655178e-37 -7.739922e-40 -4.084559e-43 -5.027546e-47 -1.717411e-51 -1.664102e-56 0.000000e+00
0.000000e+00 -3.692222e-55 -2.890584e-50 -7.358478e-46 -5.433181e-42 -9.538552e-39 -3.060878e-36 -1.537245e-34 -2.229931e-33 -2.579027e-32 -2.774255e-31 -2.764509e-30 -2.538116e-29 -2.127351e-28 -1.601408e-27 -1.047806e-26 -5.489281e-26 -1.622555e-25 8.923024e-25 2.147653e-23 2.447813e-22 2.169353e-21 1.646055e-20 1.107556e-19 6.714615e-19 3.696664e-18 1.854846e-17 8.491281e-17 3.543602e-16 1.344682e-15 4.619049e-15 1.425991e-14 3.910109e-14 9.324260e-14 1.850025e-13 2.693344e-13 1.187703e-13 -9.394105e-13 -4.433787e-12 -1.321320e-11 -3.172702e-11 -6.581561e-11 -1.218321e-10 -2.052235e-10 -3.190059e-10 -4.626663e-10 -6.318679e-10 -8.190333e-10 -1.014589e-09 -1.208490e-09 -1.391636e-09 -1.556888e-09 -1.699571e-09 -1.817462e-09 -1.910389e-09 -1.979589e-09 -2.026979e-09 -2.054483e-09 -2.063484e-09 -2.054483e-09 -2.026979e-09 -1.979589e-09 -1.910389e-09 -1.817462e-09 -1.699571e-09 -1.556888e-09 -1.391636e-09 -1.208490e-09 -1.014589e-09 -8.190333e-10 -6.318679e-10 -4.626663e-10 -3.190059e-10 -2.052235e-10 -1.218321e-10 -6.581561e-11 -3.172702e-11 -1.321320e-11 -4.433787e-12 -9.394105e-13 1.187703e-13 2.693344e-13 1.850025e-13 9.324260e-14 3.910109e-14 1.425991e-14 4.619049e-15 1.344682e-15 3.543602e-16 8.491281e-17 1.854846e-17 3.696664e-18 6.714615e-19 1.107556e-19 1.646055e-20 2.169353e-21 2.447813e-22 2.147653e-23 8.923024e-25 -1.622555e-25 -5.489281e-26 -1.047806e-26 -1.601408e-27 -2.127351e-28 -2.538116e-29 -2.764509e-30 -2.774255e-31 -2.579027e-32 -2.229931e-33 -1.537245e-34 -3.060878e-36 -9.538552e-39 -5.433181e-42 -7.358478e-46 -2.890584e-50 -3.692222e-55 0.000000e+00
0.000000e+00 -6.180234e-54 -4.180151e-49 -9.647967e-45 -6.593730e-41 -1.082414e-37 -3.264474e-35 -1.545769e-33 -2.123736e-32 -2.329145e-31 -2.369334e-30 -2.221527e-29 -1.902339e-28 -1.463673e-27 -9.792905e-27 -5.248776e-26 -1.588806e-25 8.923024e-25 2.202087e-23 2.572410e-22 2.337367e-21 1.819045e-20 1.255832e-19 7.814538e-19 4.417054e-18 2.275916e-17 1.069974e-16 4.584944e-16 1.785660e-15 6.289323e-15 1.987244e-14 5.558032e-14 1.342589e-13 2.653857e-13 3.623027e-13 4.310686e-15 -2.064741e-12 -8.743904e-12 -2.550453e-11 -6.092236e-11 -1.261048e-10 -2.325885e-10 -3.890616e-10 -5.980608e-10 -8.540018e-10 -1.143364e-09 -1.446965e-09 -1.743536e-09 -2.013487e-09 -2.241920e-09 -2.420337e-09 -2.546946e-09 -2.625825e-09 -2.665351e-09 -2.676334e-09 -2.670184e-09 -2.657351e-09 -2.646118e-09 -2.641769e-09 -2.646118e-09 -2.657351e-09 -2.670184e-09 -2.676334e-09 -2.665351e-09 -2.625825e-09 -2.546946e-09 -2.420337e-09 -2.241920e-09 -2.013487e-09 -1.743536e-09 -1.446965e-09 -1.143364e-09 -8.540018e-10 -5.980608e-10 -3.890616e-10 -2.325885e-10 -1.261048e-10 -6.092236e-11 -2.550453e-11 -8.743904e-12 -2.064741e-12 4.310686e-15 3.623027e-13 2.653857e-13 1.342589e-13 5.558032e-14 1.987244e-14 6.289323e-15 1.785660e-15 4.584944e-16 1.069974e-16 2.275916e-17 4.417054e-18 7.814538e-19 1.255832e-19 1.819045e-20 2.337367e-21 2.572410e-22 2.202087e-23 8.923024e-25 -1.588806e-25 -5.248776e-26 -9.792905e-27 -1.463673e-27 -1.902339e-28 -2.221527e-29 -2.369334e-30 -2.329145e-31 -2.123736e-32 -1.545769e-33 -3.264474e-35 -1.082414e-37 -6.593730e-41 -9.647967e-45 -4.180151e-49 -6.180234e-54 0.000000e+00
0.000000e+00 -8.825702e-53 -5.398504e-48 -1.152172e-43 -7.360806e-40 -1.135651e-36 -3.226491e-34 -1.440936e-32 -1.872923e-31 -1.942635e-30 -1.859606e-29 -1.626493e-28 -1.278822e-27 -8.748442e-27 -4.798694e-26 -1.491643e-25 8.449073e-25 2.147653e-23 2.572410e-22 2.396191e-21 1.912184e-20 1.354081e-19 8.645310e-19 5.015294e-18 2.652758e-17 1.280365e-16 5.632176e-16 2.250929e-15 8.128798e-15 2.629197e-14 7.503476e-14 1.837214e-13 3.618786e-13 4.581127e-13 -2.501226e-13 -3.951610e-12 -1.578707e-11 -4.558663e-11 -1.087907e-10 -2.250032e-10 -4.132074e-10 -6.845377e-10 -1.035513e-09 -1.445064e-09 -1.877015e-09 -2.287170e-09 -2.632443e-09 -2.879112e-09 -3.008125e-09 -3.016712e-09 -2.916763e-09 -2.731104e-09 -2.488942e-09 -2.221534e-09 -1.958713e-09 -1.726486e-09 -1.545654e-09 -1.431181e-09 -1.392031e-09 -1.431181e-09 -1.545654e-09 -1.726486e-09 -1.958713e-09 -2.221534e-09 -2.488942e-09 -2.731104e-09 -2.916763e-09 -3.016712e-09 -3.008125e-09 -2.879112e-09 -2.632443e-09 -2.287170e-09 -1.877015e-09 -1.445064e-09 -1.035513e-09 -6.845377e-10 -4.132074e-10 -2.250032e-10 -1.087907e-10 -4.558663e-11 -1.578707e-11 -3.951610e-12 -2.501226e-13 4.581127e-13 3.618786e-13 1.837214e-13 7.503476e-14 2.629197e-14 8.128798e-15 2.250929e-15 5.632176e-16 1.280365e-16 2.652758e-17 5.015294e-18 8.645310e-19 1.354081e-19 1.912184e-20 2.396191e-21 2.572410e-22 2.147653e-23 8.449073e-25 -1.491643e-25 -4.798694e-26 -8.748442e-27 -1.278822e-27 -1.626493e-28 -1.859606e-29 -1.942635e-30 -1.872923e-31 -1.440936e-32 -3.226491e-34 -1.135651e-36 -7.360806e-40 -1.152172e-43 -5.398504e-48 -8.825702e-53 0.000000e+00
0.000000e+00 -1.121899e-51 -6.338937e-47 -1.264268e-42 -7.592038e-39 -1.103763e-35 -2.955776e-33 -1.243471e-31 -1.524826e-30 -1.488506e-29 -1.329435e-28 -1.067935e-27 -7.469493e-27 -4.194405e-26 -1.342524e-25 7.573466e-25 1.992212e-23 2.447813e-22 2.337367e-21 1.912184e-20 1.388496e-19 9.092974e-19 5.412126e-18 2.937743e-17 1.455296e-16 6.570291e-16 2.694272e-15 9.976482e-15 3.303901e-14 9.626631e-14 2.391491e-13 4.699103e-13 5.458459e-13 -6.893361e-13 -6.803497e-12 -2.634096e-11 -7.587228e-11 -1.814649e-10 -3.753668e-10 -6.857777e-10 -1.121763e-09 -1.660230e-09 -2.242844e-09 -2.785966e-09 -3.199869e-09 -3.409648e-09 -3.370778e-09 -3.075501e-09 -2.550126e-09 -1.846019e-09 -1.027998e-09 -1.633667e-10 6.863783e-10 1.470430e-09 2.150385e-09 2.699587e-09 3.101095e-09 3.345169e-09 3.427000e-09 3.345169e-09 3.101095e-09 2.699587e-09 2.150385e-09 1.470430e-09 6.863783e-10 -1.633667e-10 -1.027998e-09 -1.846019e-09 -2.550126e-09 -3.075501e-09 -3.370778e-09 -3.409648e-09 -3.199869e-09 -2.785966e-09 -2.242844e-09 -1.660230e-09 -1.121763e-09 -6.857777e-10 -3.753668e-10 -1.814649e-10 -7.587228e-11 -2.634096e-11 -6.803497e-12 -6.893361e-13 5.458459e-13 4.699103e-13 2.391491e-13 9.626631e-14 3.303901e-14 9.976482e-15 2.694272e-15 6.570291e-16 1.455296e-16 2.937743e-17 5.412126e-18 9.092974e-19 1.388496e-19 1.912184e-20 2.337367e-21 2.447813e-22 1.992212e-23 7.573466e-25 -1.342524e-25 -4.194405e-26 -7.469493e-27 -1.067935e-27 -1.329435e-28 -1.488506e-29 -1.524826e-30 -1.243471e-31 -2.955776e-33 -1.103763e-35 -7.592038e-39 -1.264268e-42 -6.338937e-47 -1.121899e-51 0.000000e+00
0.000000e+00 -1.294224e-50 -6.831181e-46 -1.280772e-41 -7.250573e-38 -9.941538e-35 -2.506828e-32 -9.904704e-31 -1.140077e-29 -1.038613e-28 -8.522608e-28 -6.094328e-27 -3.504604e-26 -1.158095e-25 6.423095e-25 1.757507e-23 2.216284e-22 2.169353e-21 1.819045e-20 1.354081e-19 9.092974e-19 5.551206e-18 3.091422e-17 1.571429e-16 7.280207e-16 3.062953e-15 1.163007e-14 3.944771e-14 1.174292e-13 2.963673e-13 5.821231e-13 6.153687e-13 -1.332405e-12 -1.071289e-11 -4.086519e-11 -1.180652e-10 -2.837285e-10 -5.875291e-10 -1.066985e-09 -1.717795e-09 -2.470384e-09 -3.190484e-09 -3.709136e-09 -3.869526e-09 -3.569866e-09 -2.786750e-09 -1.574312e-09 -4.413414e-11 1.663908e-09 3.410051e-09 5.075836e-09 6.575511e-09 7.858440e-09 8.904916e-09 9.718274e-09 1.031584e-08 1.072040e-08 1.095323e-08 1.102910e-08 1.095323e-08 1.072040e-08 1.031584e-08 9.718274e-09 8.904916e-09 7.858440e-09 6.575511e-09 5.075836e-09 3.410051e-09 1.663908e-09 -4.413414e-11 -1.574312e-09 -2.786750e-09 -3.569866e-09 -3.869526e-09 -3.709136e-09 -3.190484e-09 -2.470384e-09 -1.717795e-09 -1.066985e-09 -5.875291e-10 -2.837285e-10 -1.180652e-10 -4.086519e-11 -1.071289e-11 -1.332405e-12 6.153687e-13 5.821231e-13 2.963673e-13 1.174292e-13 3.944771e-14 1.163007e-14 3.062953e-15 7.280207e-16 1.571429e-16 3.091422e-17 5.551206e-18 9.092974e-19 1.354081e-19 1.819045e-20 2.169353e-21 2.216284e-22 1.757507e-23 6.423095e-25 -1.158095e-25 -3.504604e-26 -6.094328e-27 -8.522608e-28 -1.038613e-28 -1.140077e-29 -9.904704e-31 -2.506828e-32 -9.941538e-35 -7.250573e-38 -1.280772e-41 -6.831181e-46 -1.294224e-50 0.000000e+00
0.000000e+00 -1.368578e-49 -6.790963e-45 -1.200767e-40 -6.415424e-37 -8.290321e-34 -1.963109e-31 -7.245746e-30 -7.760498e-29 -6.498355e-28 -4.750596e-27 -2.798645e-26 -9.571869e-26 5.149927e-25 1.474217e-23 1.909082e-22 1.915536e-21 1.646055e-20 1.255832e-19 8.645310e-19 5.412126e-18 3.091422e-17 1.612147e-16 7.663185e-16 3.307734e-15 1.288054e-14 4.476415e-14 1.362529e-13 3.499065e-13 6.891515e-13 6.606867e-13 -2.153702e-12 -1.557514e-11 -5.919786e-11 -1.723051e-10 -4.170341e-10 -8.654252e-10 -1.561488e-09 -2.466359e-09 -3.418713e-09 -4.148957e-09 -4.356336e-09 -3.813129e-09 -2.442433e-09 -3.382459e-10 2.270004e-09 5.085621e-09 7.816692e-09 1.023036e-08 1.218080e-08 1.361225e-08 1.454468e-08 1.505104e-08 1.523320e-08 1.520143e-08 1.505912e-08 1.489289e-08 1.476698e-08 1.472063e-08 1.476698e-08 1.489289e-08 1.505912e-08 1.520143e-08 1.523320e-08 1.505104e-08 1.454468e-08 1.361225e-08 1.218080e-08 1.023036e-08 7.816692e-09 5.085621e-09 2.270004e-09 -3.382459e-10 -2.442433e-09 -3.813129e-09 -4.356336e-09 -4.148957e-09 -3.418713e-09 -2.466359e-09 -1.561488e-09 -8.654252e-10 -4.170341e-10 -1.723051e-10 -5.919786e-11 -1.557514e-11 -2.153702e-12 6.606867e-13 6.891515e-13 3.499065e-13 1.362529e-13 4.476415e-14 1.288054e-14 3.307734e-15 7.663185e-16 1.612147e-16 3.091422e-17 5.412126e-18 8.645310e-19 1.255832e-19 1.646055e-20 1.915536e-21 1.909082e-22 1.474217e-23 5.149927e-25 -9.571869e-26 -2.798645e-26 -4.750596e-27 -6.498355e-28 -7.760498e-29 -7.245746e-30 -1.963109e-31 -8.290321e-34 -6.415424e-37 -1.200767e-40 -6.790963e-45 -1.368578e-49 0.000000e+00
0.000000e+00 -1.333846e-48 -6.244063e-44 -1.042664e-39 -5.255446e-36 -6.385953e-33 -1.413059e-30 -4.827814e-29 -4.736915e-28 -3.537180e-27 -2.135473e-26 -7.577202e-26 3.898942e-25 1.175450e-23 1.564186e-22 1.608937e-21 1.416703e-20 1.107556e-19 7.814538e-19 5.015294e-18 2.937743e-17 1.571429e-16 7.663185e-16 3.393563e-15 1.355484e-14 4.828813e-14 1.504240e-13 3.938066e-13 7.809076e-13 6.821634e-13 -3.072974e-12 -2.103240e-11 -8.031662e-11 -2.364040e-10 -5.776195e-10 -1.202949e-09 -2.156472e-09 -3.331987e-09 -4.409990e-09 -4.905875e-09 -4.345630e-09 -2.479320e-09 5.971459e-10 4.470194e-09 8.547831e-09 1.223319e-08 1.506575e-08 1.679319e-08 1.737469e-08 1.693762e-08 1.571333e-08 1.397500e-08 1.198952e-08 9.987725e-09 8.151583e-09 6.613298e-09 5.461842e-09 4.751834e-09 4.512197e-09 4.751834e-09 5.461842e-09 6.613298e-09 8.151583e-09 9.987725e-09 1.198952e-08 1.397500e-08 1.571333e-08 1.693762e-08 1.737469e-08 1.679319e-08 1.506575e-08 1.223319e-08 8.547831e-09 4.470194e-09 5.971459e-10 -2.479320e-09 -4.345630e-09 -4.905875e-09 -4.409990e-09 -3.331987e-09 -2.156472e-09 -1.202949e-09 -5.776195e-10 -2.364040e-10 -8.031662e-11 -2.103240e-11 -3.072974e-12 6.821634e-13 7.809076e-13 3.938066e-13 1.504240e-13 4.828813e-14 1.355484e-14 3.393563e-15 7.663185e-16 1.571429e-16 2.937743e-17 5.015294e-18 7.814538e-19 1.107556e-19 1.416703e-20 1.608937e-21 1.564186e-22 1.175450e-23 3.898942e-25 -7.577202e-26 -2.135473e-26 -3.537180e-27 -4.736915e-28 -4.827814e-29 -1.413059e-30 -6.385953e-33 -5.255446e-36 -1.042664e-39 -6.244063e-44 -1.333846e-48 0.000000e+00
0.000000e+00 -1.201603e-47 -5.315326e-43 -8.381299e-39 -3.977865e-35 -4.525452e-32 -9.279565e-30 -2.887958e-28 -2.517002e-27 -1.556545e-26 -5.742190e-26 2.782627e-25 8.905575e-24 1.218706e-22 1.285228e-21 1.159490e-20 9.287108e-20 6.714615e-19 4.417054e-18 2.652758e-17 1.455296e-16 7.280207e-16 3.307734e-15 1.355484e-14 4.952273e-14 1.580448e-13 4.226749e-13 8.480892e-13 6.863228e-13 -3.962085e-12 -2.648251e-11 -1.022844e-10 -3.054984e-10 -7.554219e-10 -1.581850e-09 -2.819636e-09 -4.252531e-09 -5.317352e-09 -5.220663e-09 -3.300156e-09 5.693444e-10 5.819967e-09 1.138893e-08 1.610916e-08 1.906924e-08 1.981825e-08 1.838563e-08 1.516331e-08 1.073584e-08 5.719950e-09 6.508277e-10 -4.074331e-09 -8.208085e-09 -1.163239e-08 -1.432481e-08 -1.632119e-08 -1.768273e-08 -1.847058e-08 -1.872799e-08 -1.847058e-08 -1.768273e-08 -1.632119e-08 -1.432481e-08 -1.163239e-08 -8.208085e-09 -4.074331e-09 6.508277e-10 5.719950e-09 1.073584e-08 1.516331e-08 1.838563e-08 1.981825e-08 1.906924e-08 1.610916e-08 1.138893e-08 5.819967e-09 5.693444e-10 -3.300156e-09 -5.220663e-09 -5.317352e-09 -4.252531e-09 -2.819636e-09 -1.581850e-09 -7.554219e-10 -3.054984e-10 -1.022844e-10 -2.648251e-11 -3.962085e-12 6.863228e-13 8.480892e-13 4.226749e-13 1.580448e-13 4.952273e-14 1.355484e-14 3.307734e-15 7.280207e-16 1.455296e-16 2.652758e-17 4.417054e-18 6.714615e-19 9.287108e-20 1.159490e-20 1.285228e-21 1.218706e-22 8.905575e-24 2.782627e-25 -5.742190e-26 -1.556545e-26 -2.517002e-27 -2.887958e-28 -9.279565e-30 -4.525452e-32 -3.977865e-35 -8.381299e-39 -5.315326e-43 -1.201603e-47 0.000000e+00
