0.000000e+00 -1.075101e-105 -1.680040e-100 -9.346544e-96 -1.568961e-91 -6.359223e-88 -4.702611e-85 -5.291895e-83 -1.582603e-81 -3.397185e-80 -5.672987e-79 -4.434552e-78 1.590207e-76 1.013890e-74 3.659631e-73 1.053638e-71 2.620936e-70 5.809664e-69 1.164184e-67 2.123527e-66 3.534822e-65 5.365806e-64 7.397246e-63 9.179303e-62 1.007426e-60 9.415659e-60 6.758923e-59 2.131158e-58 -3.848175e-57 -1.007143e-55 -1.526607e-54 -1.841283e-53 -1.907307e-52 -1.748073e-51 -1.437579e-50 -1.068330e-49 -7.198512e-49 -4.402623e-48 -2.442624e-47 -1.226855e-46 -5.558627e-46 -2.259258e-45 -8.166908e-45 -2.589128e-44 -7.016994e-44 -1.536597e-43 -2.269452e-43 2.363037e-44 1.663984e-42 7.388454e-42 2.260317e-41 5.596757e-41 1.181199e-40 2.175693e-40 3.543446e-40 5.144033e-40 6.691179e-40 7.824857e-40 8.242248e-40 7.824857e-40 6.691179e-40 5.144033e-40 3.543446e-40 2.175693e-40 1.181199e-40 5.596757e-41 2.260317e-41 7.388454e-42 1.663984e-42 2.363037e-44 -2.269452e-43 -1.536597e-43 -7.016994e-44 -2.589128e-44 -8.166908e-45 -2.259258e-45 -5.558627e-46 -1.226855e-46 -2.442624e-47 -4.402623e-48 -7.198512e-49 -1.068330e-49 -1.437579e-50 -1.748073e-51 -1.907307e-52 -1.841283e-53 -1.526607e-54 -1.007143e-55 -3.848175e-57 2.131158e-58 6.758923e-59 9.415659e-60 1.007426e-60 9.179303e-62 7.397246e-63 5.365806e-64 3.534822e-65 2.123527e-66 1.164184e-67 5.809664e-69 2.620936e-70 1.053638e-71 3.659631e-73 1.013890e-74 1.590207e-76 -4.434552e-78 -5.672987e-79 -3.397185e-80 -1.582603e-81 -5.291895e-83 -4.702611e-85 -6.359223e-88 -1.568961e-91 -9.346544e-96 -1.680040e-100 -1.075101e-105 0.000000e+00
0.000000e+00 -2.611862e-100 -3.804117e-95 -1.971837e-90 -3.076701e-86 -1.153013e-82 -7.803992e-80 -7.885456e-78 -2.039168e-76 -3.404168e-75 -2.430299e-74 1.133439e-72 6.950768e-71 2.523191e-69 7.363788e-68 1.862342e-66 4.203639e-65 8.586032e-64 1.597408e-62 2.713358e-61 4.203896e-60 5.914560e-59 7.485290e-58 8.362496e-57 7.914491e-56 5.646386e-55 1.447869e-54 -4.241394e-53 -1.045792e-51 -1.596494e-50 -1.964541e-49 -2.086978e-48 -1.967354e-47 -1.667449e-46 -1.279089e-45 -8.907784e-45 -5.636782e-44 -3.238372e-43 -1.685111e-42 -7.909634e-42 -3.327366e-41 -1.241592e-40 -4.037478e-40 -1.105142e-39 -2.334211e-39 -2.589768e-39 6.541205e-39 5.449168e-38 2.207806e-37 6.801807e-37 1.748451e-36 3.887255e-36 7.611501e-36 1.326870e-35 2.074118e-35 2.922015e-35 3.723428e-35 4.302123e-35 4.513644e-35 4.302123e-35 3.723428e-35 2.922015e-35 2.074118e-35 1.326870e-35 7.611501e-36 3.887255e-36 1.748451e-36 6.801807e-37 2.207806e-37 5.449168e-38 6.541205e-39 -2.589768e-39 -2.334211e-39 -1.105142e-39 -4.037478e-40 -1.241592e-40 -3.327366e-41 -7.909634e-42 -1.685111e-42 -3.238372e-43 -5.636782e-44 -8.907784e-45 -1.279089e-45 -1.667449e-46 -1.967354e-47 -2.086978e-48 -1.964541e-49 -1.596494e-50 -1.045792e-51 -4.241394e-53 1.447869e-54 5.646386e-55 7.914491e-56 8.362496e-57 7.485290e-58 5.914560e-59 4.203896e-60 2.713358e-61 1.597408e-62 8.586032e-64 4.203639e-65 1.862342e-66 7.363788e-68 2.523191e-69 6.950768e-71 1.133439e-72 -2.430299e-74 -3.404168e-75 -2.039168e-76 -7.885456e-78 -7.803992e-80 -1.153013e-82 -3.076701e-86 -1.971837e-90 -3.804117e-95 -2.611862e-100 0.000000e+00
0.000000e+00 -2.415183e-95 -3.277499e-90 -1.579153e-85 -2.278336e-81 -7.814847e-78 -4.745232e-75 -4.119196e-73 -8.151750e-72 -5.150239e-71 3.211541e-69 1.903015e-67 6.945833e-66 2.053644e-64 5.277114e-63 1.212096e-61 2.521668e-60 4.781542e-59 8.281105e-58 1.308368e-56 1.876782e-55 2.419683e-54 2.747832e-53 2.627574e-52 1.851814e-51 3.336271e-51 -1.816508e-49 -4.274862e-48 -6.574806e-47 -8.247097e-46 -8.974077e-45 -8.689191e-44 -7.578620e-43 -5.991034e-42 -4.304622e-41 -2.812938e-40 -1.669953e-39 -8.982157e-39 -4.356640e-38 -1.891254e-37 -7.257636e-37 -2.407692e-36 -6.585578e-36 -1.293574e-35 -5.760928e-36 9.768703e-35 5.960436e-34 2.345181e-33 7.377135e-33 1.973538e-32 4.612621e-32 9.557968e-32 1.772310e-31 2.960224e-31 4.475827e-31 6.149615e-31 7.700328e-31 8.805413e-31 9.206697e-31 8.805413e-31 7.700328e-31 6.149615e-31 4.475827e-31 2.960224e-31 1.772310e-31 9.557968e-32 4.612621e-32 1.973538e-32 7.377135e-33 2.345181e-33 5.960436e-34 9.768703e-35 -5.760928e-36 -1.293574e-35 -6.585578e-36 -2.407692e-36 -7.257636e-37 -1.891254e-37 -4.356640e-38 -8.982157e-39 -1.669953e-39 -2.812938e-40 -4.304622e-41 -5.991034e-42 -7.578620e-43 -8.689191e-44 -8.974077e-45 -8.247097e-46 -6.574806e-47 -4.274862e-48 -1.816508e-49 3.336271e-51 1.851814e-51 2.627574e-52 2.747832e-53 2.419683e-54 1.876782e-55 1.308368e-56 8.281105e-58 4.781542e-59 2.521668e-60 1.212096e-61 5.277114e-63 2.053644e-64 6.945833e-66 1.903015e-67 3.211541e-69 -5.150239e-71 -8.151750e-72 -4.119196e-73 -4.745232e-75 -7.814847e-78 -2.278336e-81 -1.579153e-85 -3.277499e-90 -2.415183e-95 0.000000e+00
0.000000e+00 -7.364104e-91 -9.289139e-86 -4.138508e-81 -5.465290e-77 -1.681817e-73 -8.761083e-71 -5.731400e-69 -3.606690e-68 3.139001e-66 1.804319e-64 6.619996e-63 1.981841e-61 5.171081e-60 1.207833e-58 2.557623e-57 4.939130e-56 8.714748e-55 1.402872e-53 2.049735e-52 2.689120e-51 3.099608e-50 2.987379e-49 2.064491e-48 1.667110e-48 -2.632196e-46 -5.969653e-45 -9.252180e-44 -1.182007e-42 -1.315945e-41 -1.307010e-40 -1.171394e-39 -9.527961e-39 -7.051242e-38 -4.749649e-37 -2.907969e-36 -1.613185e-35 -8.065177e-35 -3.602276e-34 -1.416141e-33 -4.763656e-33 -1.284231e-32 -2.199715e-32 1.888696e-32 3.713739e-31 2.009559e-30 7.876643e-30 2.544287e-29 7.081838e-29 1.734968e-28 3.787284e-28 7.427093e-28 1.316504e-27 2.119642e-27 3.112349e-27 4.181487e-27 5.153653e-27 5.837897e-27 6.084828e-27 5.837897e-27 5.153653e-27 4.181487e-27 3.112349e-27 2.119642e-27 1.316504e-27 7.427093e-28 3.787284e-28 1.734968e-28 7.081838e-29 2.544287e-29 7.876643e-30 2.009559e-30 3.713739e-31 1.888696e-32 -2.199715e-32 -1.284231e-32 -4.763656e-33 -1.416141e-33 -3.602276e-34 -8.065177e-35 -1.613185e-35 -2.907969e-36 -4.749649e-37 -7.051242e-38 -9.527961e-39 -1.171394e-39 -1.307010e-40 -1.315945e-41 -1.182007e-42 -9.252180e-44 -5.969653e-45 -2.632196e-46 1.667110e-48 2.064491e-48 2.987379e-49 3.099608e-50 2.689120e-51 2.049735e-52 1.402872e-53 8.714748e-55 4.939130e-56 2.557623e-57 1.207833e-58 5.171081e-60 1.981841e-61 6.619996e-63 1.804319e-64 3.139001e-66 -3.606690e-68 -5.731400e-69 -8.761083e-71 -1.681817e-73 -5.465290e-77 -4.138508e-81 -9.289139e-86 -7.364104e-91 0.000000e+00
0.000000e+00 -6.102472e-87 -7.117653e-82 -2.902544e-77 -3.438962e-73 -9.079007e-70 -3.552800e-67 -6.276409e-66 8.755164e-64 4.897743e-62 1.805962e-60 5.471428e-59 1.448745e-57 3.438919e-56 7.406859e-55 1.455685e-53 2.614680e-52 4.284852e-51 6.370847e-50 8.495401e-49 9.923910e-48 9.614390e-47 6.455025e-46 -3.250883e-46 -1.069977e-43 -2.355987e-42 -3.680106e-41 -4.784554e-40 -5.443885e-39 -5.539308e-38 -5.094423e-37 -4.257261e-36 -3.239880e-35 -2.245622e-34 -1.415196e-33 -8.079816e-33 -4.153578e-32 -1.903039e-31 -7.632672e-31 -2.585034e-30 -6.739924e-30 -8.754343e-30 3.519529e-29 3.466079e-28 1.776159e-27 7.019530e-27 2.333125e-26 6.746780e-26 1.726900e-25 3.953631e-25 8.155867e-25 1.524702e-24 2.595627e-24 4.040819e-24 5.773710e-24 7.595268e-24 9.221727e-24 1.035266e-23 1.075833e-23 1.035266e-23 9.221727e-24 7.595268e-24 5.773710e-24 4.040819e-24 2.595627e-24 1.524702e-24 8.155867e-25 3.953631e-25 1.726900e-25 6.746780e-26 2.333125e-26 7.019530e-27 1.776159e-27 3.466079e-28 3.519529e-29 -8.754343e-30 -6.739924e-30 -2.585034e-30 -7.632672e-31 -1.903039e-31 -4.153578e-32 -8.079816e-33 -1.415196e-33 -2.245622e-34 -3.239880e-35 -4.257261e-36 -5.094423e-37 -5.539308e-38 -5.443885e-39 -4.784554e-40 -3.680106e-41 -2.355987e-42 -1.069977e-43 -3.250883e-46 6.455025e-46 9.614390e-47 9.923910e-48 8.495401e-49 6.370847e-50 4.284852e-51 2.614680e-52 1.455685e-53 7.406859e-55 3.438919e-56 1.448745e-57 5.471428e-59 1.805962e-60 4.897743e-62 8.755164e-64 -6.276409e-66 -3.552800e-67 -9.079007e-70 -3.438962e-73 -2.902544e-77 -7.117653e-82 -6.102472e-87 0.000000e+00
0.000000e+00 -1.063325e-83 -1.135151e-78 -4.153016e-74 -4.221524e-70 -8.371930e-67 -8.534850e-65 4.426636e-62 2.963056e-60 1.097463e-58 3.363340e-57 9.032482e-56 2.177644e-54 4.767706e-53 9.529530e-52 1.741232e-50 2.902583e-49 4.387714e-48 5.940573e-47 7.022266e-46 6.819393e-45 4.397279e-44 -9.905048e-44 -9.513899e-42 -2.046392e-40 -3.222239e-39 -4.260338e-38 -4.949182e-37 -5.153347e-36 -4.857324e-35 -4.164620e-34 -3.254326e-33 -2.317265e-32 -1.500481e-31 -8.798942e-31 -4.640006e-30 -2.174282e-29 -8.858682e-29 -2.995790e-28 -7.348843e-28 -4.486510e-28 8.365639e-27 6.509144e-26 3.255605e-25 1.305408e-24 4.466240e-24 1.339115e-23 3.569309e-23 8.534380e-23 1.842683e-22 3.612182e-22 6.459563e-22 1.058393e-21 1.595281e-21 2.219879e-21 2.860639e-21 3.422351e-21 3.808151e-21 3.945685e-21 3.808151e-21 3.422351e-21 2.860639e-21 2.219879e-21 1.595281e-21 1.058393e-21 6.459563e-22 3.612182e-22 1.842683e-22 8.534380e-23 3.569309e-23 1.339115e-23 4.466240e-24 1.305408e-24 3.255605e-25 6.509144e-26 8.365639e-27 -4.486510e-28 -7.348843e-28 -2.995790e-28 -8.858682e-29 -2.174282e-29 -4.640006e-30 -8.798942e-31 -1.500481e-31 -2.317265e-32 -3.254326e-33 -4.164620e-34 -4.857324e-35 -5.153347e-36 -4.949182e-37 -4.260338e-38 -3.222239e-39 -2.046392e-40 -9.513899e-42 -9.905048e-44 4.397279e-44 6.819393e-45 7.022266e-46 5.940573e-47 4.387714e-48 2.902583e-49 1.741232e-50 9.529530e-52 4.767706e-53 2.177644e-54 9.032482e-56 3.363340e-57 1.097463e-58 2.963056e-60 4.426636e-62 -8.534850e-65 -8.371930e-67 -4.221524e-70 -4.153016e-74 -1.135151e-78 -1.063325e-83 0.000000e+00
0.000000e+00 -2.952755e-81 -2.828696e-76 -8.882322e-72 -6.789391e-68 -3.546905e-65 1.099268e-61 2.529863e-59 1.137887e-57 3.525797e-56 9.602180e-55 2.350658e-53 5.229828e-52 1.062735e-50 1.974582e-49 3.346787e-48 5.141217e-47 7.063354e-46 8.442263e-45 8.203398e-44 5.026747e-43 -2.266331e-42 -1.416747e-40 -2.998105e-39 -4.764342e-38 -6.406184e-37 -7.595124e-36 -8.087830e-35 -7.806905e-34 -6.861567e-33 -5.500152e-32 -4.019107e-31 -2.670788e-30 -1.606439e-29 -8.675969e-29 -4.149245e-28 -1.711511e-27 -5.734087e-27 -1.274826e-26 6.892076e-27 2.768714e-25 1.933449e-24 9.609506e-24 3.926865e-23 1.383538e-22 4.295072e-22 1.189155e-21 2.959557e-21 6.660775e-21 1.362501e-20 2.545047e-20 4.360600e-20 6.882649e-20 1.004806e-19 1.361846e-19 1.719040e-19 2.026253e-19 2.234564e-19 2.308347e-19 2.234564e-19 2.026253e-19 1.719040e-19 1.361846e-19 1.004806e-19 6.882649e-20 4.360600e-20 2.545047e-20 1.362501e-20 6.660775e-21 2.959557e-21 1.189155e-21 4.295072e-22 1.383538e-22 3.926865e-23 9.609506e-24 1.933449e-24 2.768714e-25 6.892076e-27 -1.274826e-26 -5.734087e-27 -1.711511e-27 -4.149245e-28 -8.675969e-29 -1.606439e-29 -2.670788e-30 -4.019107e-31 -5.500152e-32 -6.861567e-33 -7.806905e-34 -8.087830e-35 -7.595124e-36 -6.406184e-37 -4.764342e-38 -2.998105e-39 -1.416747e-40 -2.266331e-42 5.026747e-43 8.203398e-44 8.442263e-45 7.063354e-46 5.141217e-47 3.346787e-48 1.974582e-49 1.062735e-50 5.229828e-52 2.350658e-53 9.602180e-55 3.525797e-56 1.137887e-57 2.529863e-59 1.099268e-61 -3.546905e-65 -6.789391e-68 -8.882322e-72 -2.828696e-76 -2.952755e-81 0.000000e+00
0.000000e+00 -1.420795e-79 -1.172545e-74 -2.792860e-70 -6.197110e-67 8.460365e-63 1.193875e-59 1.844495e-57 6.965256e-56 1.925994e-54 4.794624e-53 1.085443e-51 2.245362e-50 4.248079e-49 7.332124e-48 1.146677e-46 1.602414e-45 1.943362e-44 1.901609e-43 1.125409e-42 -7.323025e-42 -3.871944e-40 -8.197088e-39 -1.322915e-37 -1.815438e-36 -2.202089e-35 -2.402826e-34 -2.379287e-33 -2.147077e-32 -1.768278e-31 -1.328203e-30 -9.074498e-30 -5.610409e-29 -3.111340e-28 -1.523818e-27 -6.393804e-27 -2.136206e-26 -4.284963e-26 8.635927e-26 1.525857e-24 1.030781e-23 5.196038e-23 2.184094e-22 7.965248e-22 2.568212e-21 7.399560e-21 1.918646e-20 4.501451e-20 9.601376e-20 1.870236e-19 3.341874e-19 5.502581e-19 8.385860e-19 1.187876e-18 1.570104e-18 1.943128e-18 2.257925e-18 2.468655e-18 2.542812e-18 2.468655e-18 2.257925e-18 1.943128e-18 1.570104e-18 1.187876e-18 8.385860e-19 5.502581e-19 3.341874e-19 1.870236e-19 9.601376e-20 4.501451e-20 1.918646e-20 7.399560e-21 2.568212e-21 7.965248e-22 2.184094e-22 5.196038e-23 1.030781e-23 1.525857e-24 8.635927e-26 -4.284963e-26 -2.136206e-26 -6.393804e-27 -1.523818e-27 -3.111340e-28 -5.610409e-29 -9.074498e-30 -1.328203e-30 -1.768278e-31 -2.147077e-32 -2.379287e-33 -2.402826e-34 -2.202089e-35 -1.815438e-36 -1.322915e-37 -8.197088e-39 -3.871944e-40 -7.323025e-42 1.125409e-42 1.901609e-43 1.943362e-44 1.602414e-45 1.146677e-46 7.332124e-48 4.248079e-49 2.245362e-50 1.085443e-51 4.794624e-53 1.925994e-54 6.965256e-56 1.844495e-57 1.193875e-59 8.460365e-63 -6.197110e-67 -2.792860e-70 -1.172545e-74 -1.420795e-79 0.000000e+00
0.000000e+00 -3.151940e-78 -2.009826e-73 -1.684527e-69 6.489463e-65 4.841422e-61 4.570730e-58 5.922072e-56 2.000026e-54 5.074394e-53 1.172043e-51 2.474623e-50 4.780517e-49 8.428244e-48 1.346858e-46 1.923690e-45 2.384446e-44 2.382438e-43 1.429027e-42 -1.006568e-41 -5.309468e-40 -1.149034e-38 -1.901282e-37 -2.678755e-36 -3.339274e-35 -3.747798e-34 -3.820189e-33 -3.551432e-32 -3.015398e-31 -2.336668e-30 -1.647996e-29 -1.052251e-28 -6.027082e-28 -3.046822e-27 -1.316172e-26 -4.485708e-26 -8.669622e-26 2.620441e-25 4.049652e-24 2.782975e-23 1.450885e-22 6.343321e-22 2.412963e-21 8.128005e-21 2.448767e-20 6.641751e-20 1.629874e-19 3.634606e-19 7.396631e-19 1.379658e-18 2.369355e-18 3.763760e-18 5.555929e-18 7.655558e-18 9.887528e-18 1.201403e-17 1.377555e-17 1.493985e-17 1.534694e-17 1.493985e-17 1.377555e-17 1.201403e-17 9.887528e-18 7.655558e-18 5.555929e-18 3.763760e-18 2.369355e-18 1.379658e-18 7.396631e-19 3.634606e-19 1.629874e-19 6.641751e-20 2.448767e-20 8.128005e-21 2.412963e-21 6.343321e-22 1.450885e-22 2.782975e-23 4.049652e-24 2.620441e-25 -8.669622e-26 -4.485708e-26 -1.316172e-26 -3.046822e-27 -6.027082e-28 -1.052251e-28 -1.647996e-29 -2.336668e-30 -3.015398e-31 -3.551432e-32 -3.820189e-33 -3.747798e-34 -3.339274e-35 -2.678755e-36 -1.901282e-37 -1.149034e-38 -5.309468e-40 -1.006568e-41 1.429027e-42 2.382438e-43 2.384446e-44 1.923690e-45 1.346858e-46 8.428244e-48 4.780517e-49 2.474623e-50 1.172043e-51 5.074394e-53 2.000026e-54 5.922072e-56 4.570730e-58 4.841422e-61 6.489463e-65 -1.684527e-69 -2.009826e-73 -3.151940e-78 0.000000e+00
0.000000e+00 -5.324793e-77 -1.378806e-72 1.232313e-67 3.720455e-63 1.808119e-59 1.423093e-56 1.641297e-54 5.077883e-53 1.195916e-51 2.577401e-50 5.084394e-49 9.157398e-48 1.495575e-46 2.183982e-45 2.768741e-44 2.829786e-43 1.733545e-42 -1.268591e-41 -6.814017e-40 -1.511352e-38 -2.566153e-37 -3.713012e-36 -4.756876e-35 -5.490767e-34 -5.760213e-33 -5.515229e-32 -4.826337e-31 -3.857257e-30 -2.807482e-29 -1.850873e-28 -1.094874e-27 -5.714128e-27 -2.543479e-26 -8.865283e-26 -1.663335e-25 6.759907e-25 9.806169e-24 6.901362e-23 3.727347e-22 1.695314e-21 6.723379e-21 2.364063e-20 7.439376e-20 2.107889e-19 5.402069e-19 1.257143e-18 2.666867e-18 5.178175e-18 9.242978e-18 1.523831e-17 2.331679e-17 3.327771e-17 4.451375e-17 5.606335e-17 6.675786e-17 7.541944e-17 8.105563e-17 8.301053e-17 8.105563e-17 7.541944e-17 6.675786e-17 5.606335e-17 4.451375e-17 3.327771e-17 2.331679e-17 1.523831e-17 9.242978e-18 5.178175e-18 2.666867e-18 1.257143e-18 5.402069e-19 2.107889e-19 7.439376e-20 2.364063e-20 6.723379e-21 1.695314e-21 3.727347e-22 6.901362e-23 9.806169e-24 6.759907e-25 -1.663335e-25 -8.865283e-26 -2.543479e-26 -5.714128e-27 -1.094874e-27 -1.850873e-28 -2.807482e-29 -3.857257e-30 -4.826337e-31 -5.515229e-32 -5.760213e-33 -5.490767e-34 -4.756876e-35 -3.713012e-36 -2.566153e-37 -1.511352e-38 -6.814017e-40 -1.268591e-41 1.733545e-42 2.829786e-43 2.768741e-44 2.183982e-45 1.495575e-46 9.157398e-48 5.084394e-49 2.577401e-50 1.195916e-51 5.077883e-53 1.641297e-54 1.423093e-56 1.808119e-59 3.720455e-63 1.232313e-67 -1.378806e-72 -5.324793e-77 0.000000e+00
0.000000e+00 -4.054370e-76 7.392704e-71 7.275825e-66 1.383125e-61 5.567326e-58 3.888295e-55 4.091884e-53 1.172889e-51 2.577404e-50 5.189832e-49 9.544951e-48 1.592477e-46 2.376571e-45 3.080185e-44 3.218991e-43 2.014015e-42 -1.526112e-41 -8.354113e-40 -1.898291e-38 -3.305510e-37 -4.908707e-36 -6.458722e-35 -7.661881e-34 -8.266323e-33 -8.145232e-32 -7.340331e-31 -6.045296e-30 -4.536881e-29 -3.085533e-28 -1.883381e-27 -1.013943e-26 -4.647418e-26 -1.656072e-25 -3.008328e-25 1.584154e-24 2.212475e-23 1.597164e-22 8.932248e-22 4.221977e-21 1.743297e-20 6.388858e-20 2.096539e-19 6.194806e-19 1.654838e-18 4.010382e-18 8.846883e-18 1.782995e-17 3.296277e-17 5.615178e-17 8.857197e-17 1.300404e-16 1.786657e-16 2.309565e-16 2.823800e-16 3.281662e-16 3.640740e-16 3.869065e-16 3.947308e-16 3.869065e-16 3.640740e-16 3.281662e-16 2.823800e-16 2.309565e-16 1.786657e-16 1.300404e-16 8.857197e-17 5.615178e-17 3.296277e-17 1.782995e-17 8.846883e-18 4.010382e-18 1.654838e-18 6.194806e-19 2.096539e-19 6.388858e-20 1.743297e-20 4.221977e-21 8.932248e-22 1.597164e-22 2.212475e-23 1.584154e-24 -3.008328e-25 -1.656072e-25 -4.647418e-26 -1.013943e-26 -1.883381e-27 -3.085533e-28 -4.536881e-29 -6.045296e-30 -7.340331e-31 -8.145232e-32 -8.266323e-33 -7.661881e-34 -6.458722e-35 -4.908707e-36 -3.305510e-37 -1.898291e-38 -8.354113e-40 -1.526112e-41 2.014015e-42 3.218991e-43 3.080185e-44 2.376571e-45 1.592477e-46 9.544951e-48 5.189832e-49 2.577404e-50 1.172889e-51 4.091884e-53 3.888295e-55 5.567326e-58 1.383125e-61 7.275825e-66 7.392704e-71 -4.054370e-76 0.000000e+00
0.000000e+00 1.650346e-74 4.511693e-69 2.692064e-64 4.210456e-60 1.500446e-56 9.545594e-54 9.276285e-52 2.476489e-50 5.084402e-49 9.544951e-48 1.626143e-46 2.479098e-45 3.283500e-44 3.507541e-43 2.241507e-42 -1.752619e-41 -9.786668e-40 -2.277386e-38 -4.064852e-37 -6.191607e-36 -8.361662e-35 -1.018752e-33 -1.129566e-32 -1.144589e-31 -1.061421e-30 -9.000918e-30 -6.959455e-29 -4.878700e-28 -3.070302e-27 -1.703801e-26 -8.036741e-26 -2.927316e-25 -5.138034e-25 3.410870e-24 4.663487e-23 3.456919e-22 2.000892e-21 9.818438e-21 4.215736e-20 1.608063e-19 5.494648e-19 1.690417e-18 4.698984e-18 1.183674e-17 2.709545e-17 5.653543e-17 1.078998e-16 1.891230e-16 3.058255e-16 4.585703e-16 6.411024e-16 8.406065e-16 1.040172e-15 1.222580e-15 1.373861e-15 1.485188e-15 1.552584e-15 1.575063e-15 1.552584e-15 1.485188e-15 1.373861e-15 1.222580e-15 1.040172e-15 8.406065e-16 6.411024e-16 4.585703e-16 3.058255e-16 1.891230e-16 1.078998e-16 5.653543e-17 2.709545e-17 1.183674e-17 4.698984e-18 1.690417e-18 5.494648e-19 1.608063e-19 4.215736e-20 9.818438e-21 2.000892e-21 3.456919e-22 4.663487e-23 3.410870e-24 -5.138034e-25 -2.927316e-25 -8.036741e-26 -1.703801e-26 -3.070302e-27 -4.878700e-28 -6.959455e-29 -9.000918e-30 -1.061421e-30 -1.144589e-31 -1.129566e-32 -1.018752e-33 -8.361662e-35 -6.191607e-36 -4.064852e-37 -2.277386e-38 -9.786668e-40 -1.752619e-41 2.241507e-42 3.507541e-43 3.283500e-44 2.479098e-45 1.626143e-46 9.544951e-48 5.084402e-49 2.476489e-50 9.276285e-52 9.545594e-54 1.500446e-56 4.210456e-60 2.692064e-64 4.511693e-69 1.650346e-74 0.000000e+00
0.000000e+00 1.045625e-72 1.661058e-67 8.098155e-63 1.118836e-58 3.628463e-55 2.129371e-52 1.921543e-50 4.784277e-49 9.157415e-48 1.592477e-46 2.479098e-45 3.354190e-44 3.661304e-43 2.390065e-42 -1.921801e-41 -1.095669e-39 -2.610179e-38 -4.773056e-37 -7.453218e-36 -1.032483e-34 -1.291134e-33 -1.470254e-32 -1.531001e-31 -1.459910e-30 -1.273792e-29 -1.013921e-28 -7.320727e-28 -4.746478e-27 -2.713120e-26 -1.316321e-25 -4.900506e-25 -8.299931e-25 6.797164e-24 9.203200e-23 7.010280e-22 4.197128e-21 2.136063e-20 9.526093e-20 3.777182e-19 1.342069e-18 4.292812e-18 1.239887e-17 3.241128e-17 7.684298e-17 1.656133e-16 3.253307e-16 5.843403e-16 9.632133e-16 1.463266e-15 2.058324e-15 2.695141e-15 3.304707e-15 3.821508e-15 4.203235e-15 4.442360e-15 4.564062e-15 4.611021e-15 4.621594e-15 4.611021e-15 4.564062e-15 4.442360e-15 4.203235e-15 3.821508e-15 3.304707e-15 2.695141e-15 2.058324e-15 1.463266e-15 9.632133e-16 5.843403e-16 3.253307e-16 1.656133e-16 7.684298e-17 3.241128e-17 1.239887e-17 4.292812e-18 1.342069e-18 3.777182e-19 9.526093e-20 2.136063e-20 4.197128e-21 7.010280e-22 9.203200e-23 6.797164e-24 -8.299931e-25 -4.900506e-25 -1.316321e-25 -2.713120e-26 -4.746478e-27 -7.320727e-28 -1.013921e-28 -1.273792e-29 -1.459910e-30 -1.531001e-31 -1.470254e-32 -1.291134e-33 -1.032483e-34 -7.453218e-36 -4.773056e-37 -2.610179e-38 -1.095669e-39 -1.921801e-41 2.390065e-42 3.661304e-43 3.354190e-44 2.479098e-45 1.592477e-46 9.157415e-48 4.784277e-49 1.921543e-50 2.129371e-52 3.628463e-55 1.118836e-58 8.098155e-63 1.661058e-67 1.045625e-72 0.000000e+00
0.000000e+00 3.829700e-71 4.934989e-66 2.120494e-61 2.663892e-57 7.966764e-54 4.338463e-51 3.640667e-49 8.435159e-48 1.495578e-46 2.376571e-45 3.283500e-44 3.661304e-43 2.441725e-42 -2.012358e-41 -1.172426e-39 -2.858416e-38 -5.352630e-37 -8.563958e-36 -1.216236e-34 -1.560121e-33 -1.823408e-32 -1.949969e-31 -1.910711e-30 -1.714099e-29 -1.403608e-28 -1.043045e-27 -6.962302e-27 -4.096653e-26 -2.043371e-25 -7.775484e-25 -1.270168e-24 1.260003e-23 1.703523e-22 1.334020e-21 8.256828e-21 4.354303e-20 2.014740e-19 8.294408e-19 3.060746e-18 1.016604e-17 3.046786e-17 8.253103e-17 2.023276e-16 4.495006e-16 9.063595e-16 1.661656e-15 2.775409e-15 4.232179e-15 5.903060e-15 7.541852e-15 8.831617e-15 9.476089e-15 9.306633e-15 8.362382e-15 6.906533e-15 5.364380e-15 4.199050e-15 3.766236e-15 4.199050e-15 5.364380e-15 6.906533e-15 8.362382e-15 9.306633e-15 9.476089e-15 8.831617e-15 7.541852e-15 5.903060e-15 4.232179e-15 2.775409e-15 1.661656e-15 9.063595e-16 4.495006e-16 2.023276e-16 8.253103e-17 3.046786e-17 1.016604e-17 3.060746e-18 8.294408e-19 2.014740e-19 4.354303e-20 8.256828e-21 1.334020e-21 1.703523e-22 1.260003e-23 -1.270168e-24 -7.775484e-25 -2.043371e-25 -4.096653e-26 -6.962302e-27 -1.043045e-27 -1.403608e-28 -1.714099e-29 -1.910711e-30 -1.949969e-31 -1.823408e-32 -1.560121e-33 -1.216236e-34 -8.563958e-36 -5.352630e-37 -2.858416e-38 -1.172426e-39 -2.012358e-41 2.441725e-42 3.661304e-43 3.283500e-44 2.376571e-45 1.495578e-46 8.435159e-48 3.640667e-49 4.338463e-51 7.966764e-54 2.663892e-57 2.120494e-61 4.934989e-66 3.829700e-71 0.000000e+00
0.000000e+00 1.123124e-69 1.272581e-64 4.967819e-60 5.753826e-56 1.596879e-52 8.083271e-50 6.293698e-48 1.348014e-46 2.183988e-45 3.080185e-44 3.507541e-43 2.390065e-42 -2.012358e-41 -1.199180e-39 -2.991181e-38 -5.733355e-37 -9.394195e-36 -1.367017e-34 -1.797712e-33 -2.155222e-32 -2.365521e-31 -2.380299e-30 -2.194080e-29 -1.847027e-28 -1.411697e-27 -9.694747e-27 -5.868552e-26 -3.008087e-25 -1.170103e-24 -1.844574e-24 2.180592e-23 2.962088e-22 2.385353e-21 1.525417e-20 8.328388e-20 3.994140e-19 1.705427e-18 6.528622e-18 2.249073e-17 6.985986e-17 1.958472e-16 4.957543e-16 1.133320e-15 2.339803e-15 4.361534e-15 7.334266e-15 1.110012e-14 1.503764e-14 1.801163e-14 1.853146e-14 1.512952e-14 6.867323e-15 -6.201851e-15 -2.279788e-14 -4.052767e-14 -5.635431e-14 -6.730550e-14 -7.121925e-14 -6.730550e-14 -5.635431e-14 -4.052767e-14 -2.279788e-14 -6.201851e-15 6.867323e-15 1.512952e-14 1.853146e-14 1.801163e-14 1.503764e-14 1.110012e-14 7.334266e-15 4.361534e-15 2.339803e-15 1.133320e-15 4.957543e-16 1.958472e-16 6.985986e-17 2.249073e-17 6.528622e-18 1.705427e-18 3.994140e-19 8.328388e-20 1.525417e-20 2.385353e-21 2.962088e-22 2.180592e-23 -1.844574e-24 -1.170103e-24 -3.008087e-25 -5.868552e-26 -9.694747e-27 -1.411697e-27 -1.847027e-28 -2.194080e-29 -2.380299e-30 -2.365521e-31 -2.155222e-32 -1.797712e-33 -1.367017e-34 -9.394195e-36 -5.733355e-37 -2.991181e-38 -1.199180e-39 -2.012358e-41 2.390065e-42 3.507541e-43 3.080185e-44 2.183988e-45 1.348014e-46 6.293698e-48 8.083271e-50 1.596879e-52 5.753826e-56 4.967819e-60 1.272581e-64 1.123124e-69 0.000000e+00
0.000000e+00 2.850385e-68 2.931641e-63 1.054876e-58 1.133976e-54 2.926431e-51 1.374239e-48 9.861022e-47 1.925430e-45 2.768751e-44 3.218991e-43 2.241507e-42 -1.921801e-41 -1.172426e-39 -2.991181e-38 -5.866143e-37 -9.838785e-36 -1.466242e-34 -1.975713e-33 -2.428272e-32 -2.733809e-31 -2.823230e-30 -2.672241e-29 -2.311160e-28 -1.815650e-27 -1.282042e-26 -7.979455e-26 -4.201563e-25 -1.671046e-24 -2.546602e-24 3.532763e-23 4.844465e-22 4.012449e-21 2.649637e-20 1.496480e-19 7.431714e-19 3.287830e-18 1.304362e-17 4.655710e-17 1.497226e-16 4.339262e-16 1.132783e-15 2.660582e-15 5.611536e-15 1.059532e-14 1.781070e-14 2.636980e-14 3.358891e-14 3.464282e-14 2.298396e-14 -8.309714e-15 -6.448583e-14 -1.469540e-13 -2.517472e-13 -3.692216e-13 -4.852544e-13 -5.837478e-13 -6.498583e-13 -6.731472e-13 -6.498583e-13 -5.837478e-13 -4.852544e-13 -3.692216e-13 -2.517472e-13 -1.469540e-13 -6.448583e-14 -8.309714e-15 2.298396e-14 3.464282e-14 3.358891e-14 2.636980e-14 1.781070e-14 1.059532e-14 5.611536e-15 2.660582e-15 1.132783e-15 4.339262e-16 1.497226e-16 4.655710e-17 1.304362e-17 3.287830e-18 7.431714e-19 1.496480e-19 2.649637e-20 4.012449e-21 4.844465e-22 3.532763e-23 -2.546602e-24 -1.671046e-24 -4.201563e-25 -7.979455e-26 -1.282042e-26 -1.815650e-27 -2.311160e-28 -2.672241e-29 -2.823230e-30 -2.733809e-31 -2.428272e-32 -1.975713e-33 -1.466242e-34 -9.838785e-36 -5.866143e-37 -2.991181e-38 -1.172426e-39 -1.921801e-41 2.241507e-42 3.218991e-43 2.768751e-44 1.925430e-45 9.861022e-47 1.374239e-48 2.926431e-51 1.133976e-54 1.054876e-58 2.931641e-63 2.850385e-68 0.000000e+00
0.000000e+00 6.452626e-67 6.115673e-62 2.042688e-57 2.042753e-53 4.894068e-50 2.118577e-47 1.381277e-45 2.386756e-44 2.829801e-43 2.014015e-42 -1.752619e-41 -1.095669e-39 -2.858416e-38 -5.733355e-37 -9.838785e-36 -1.500880e-34 -2.071165e-33 -2.608300e-32 -3.010394e-31 -3.188782e-30 -3.097461e-29 -2.750633e-28 -2.219766e-27 -1.610647e-26 -1.030206e-25 -5.570524e-25 -2.265905e-24 -3.348714e-24 5.369000e-23 7.460376e-22 6.355740e-21 4.331593e-20 2.528785e-19 1.299297e-18 5.950319e-18 2.444121e-17 9.030441e-17 3.003883e-16 8.991683e-16 2.418282e-15 5.827975e-15 1.253240e-14 2.387956e-14 3.980865e-14 5.653867e-14 6.387288e-14 4.344009e-14 -3.056366e-14 -1.872060e-13 -4.516187e-13 -8.365425e-13 -1.335172e-12 -1.917704e-12 -2.533000e-12 -3.115403e-12 -3.595339e-12 -3.911478e-12 -4.021831e-12 -3.911478e-12 -3.595339e-12 -3.115403e-12 -2.533000e-12 -1.917704e-12 -1.335172e-12 -8.365425e-13 -4.516187e-13 -1.872060e-13 -3.056366e-14 4.344009e-14 6.387288e-14 5.653867e-14 3.980865e-14 2.387956e-14 1.253240e-14 5.827975e-15 2.418282e-15 8.991683e-16 3.003883e-16 9.030441e-17 2.444121e-17 5.950319e-18 1.299297e-18 2.528785e-19 4.331593e-20 6.355740e-21 7.460376e-22 5.369000e-23 -3.348714e-24 -2.265905e-24 -5.570524e-25 -1.030206e-25 -1.610647e-26 -2.219766e-27 -2.750633e-28 -3.097461e-29 -3.188782e-30 -3.010394e-31 -2.608300e-32 -2.071165e-33 -1.500880e-34 -9.838785e-36 -5.733355e-37 -2.858416e-38 -1.095669e-39 -1.752619e-41 2.014015e-42 2.829801e-43 2.386756e-44 1.381277e-45 2.118577e-47 4.894068e-50 2.042753e-53 2.042688e-57 6.115673e-62 6.452626e-67 0.000000e+00
0.000000e+00 1.321489e-65 1.162741e-60 3.614381e-56 3.358209e-52 7.425964e-49 2.923802e-46 1.680955e-44 2.385027e-43 1.733564e-42 -1.526112e-41 -9.786668e-40 -2.610179e-38 -5.352630e-37 -9.394195e-36 -1.466242e-34 -2.071165e-33 -2.671205e-32 -3.158923e-31 -3.430267e-30 -3.417575e-29 -3.114375e-28 -2.580312e-27 -1.922880e-26 -1.263343e-25 -7.012971e-25 -2.918580e-24 -4.202407e-24 7.666721e-23 1.082772e-21 9.488402e-21 6.670428e-20 4.022415e-19 2.136544e-18 1.012017e-17 4.300231e-17 1.643275e-16 5.649378e-16 1.745171e-15 4.831382e-15 1.193448e-14 2.612061e-14 5.004599e-14 8.198502e-14 1.085727e-13 9.555668e-14 -1.947525e-14 -3.269870e-13 -9.340708e-13 -1.941939e-12 -3.417326e-12 -5.365808e-12 -7.715081e-12 -1.031350e-11 -1.294506e-11 -1.535801e-11 -1.730134e-11 -1.856249e-11 -1.899948e-11 -1.856249e-11 -1.730134e-11 -1.535801e-11 -1.294506e-11 -1.031350e-11 -7.715081e-12 -5.365808e-12 -3.417326e-12 -1.941939e-12 -9.340708e-13 -3.269870e-13 -1.947525e-14 9.555668e-14 1.085727e-13 8.198502e-14 5.004599e-14 2.612061e-14 1.193448e-14 4.831382e-15 1.745171e-15 5.649378e-16 1.643275e-16 4.300231e-17 1.012017e-17 2.136544e-18 4.022415e-19 6.670428e-20 9.488402e-21 1.082772e-21 7.666721e-23 -4.202407e-24 -2.918580e-24 -7.012971e-25 -1.263343e-25 -1.922880e-26 -2.580312e-27 -3.114375e-28 -3.417575e-29 -3.430267e-30 -3.158923e-31 -2.671205e-32 -2.071165e-33 -1.466242e-34 -9.394195e-36 -5.352630e-37 -2.610179e-38 -9.786668e-40 -1.526112e-41 1.733564e-42 2.385027e-43 1.680955e-44 2.923802e-46 7.425964e-49 3.358209e-52 3.614381e-56 1.162741e-60 1.321489e-65 0.000000e+00
0.000000e+00 2.465010e-64 2.019283e-59 5.836185e-55 5.011341e-51 1.010158e-47 3.517417e-45 1.655483e-43 1.431171e-42 -1.268570e-41 -8.354113e-40 -2.277386e-38 -4.773056e-37 -8.563958e-36 -1.367017e-34 -1.975713e-33 -2.608300e-32 -3.158923e-31 -3.514727e-30 -3.589730e-29 -3.355124e-28 -2.852369e-27 -2.181984e-26 -1.471887e-25 -8.386005e-25 -3.572174e-24 -5.042850e-24 1.029927e-22 1.482182e-21 1.335994e-20 9.683467e-20 6.027586e-19 3.307294e-18 1.619028e-17 7.111165e-17 2.808416e-16 9.971392e-16 3.176714e-15 9.046600e-15 2.288662e-14 5.091042e-14 9.774398e-14 1.556849e-13 1.838524e-13 7.955424e-14 -3.473047e-13 -1.379818e-12 -3.365507e-12 -6.651869e-12 -1.149981e-11 -1.799895e-11 -2.600911e-11 -3.514439e-11 -4.480355e-11 -5.423921e-11 -6.265120e-11 -6.928721e-11 -7.353534e-11 -7.499740e-11 -7.353534e-11 -6.928721e-11 -6.265120e-11 -5.423921e-11 -4.480355e-11 -3.514439e-11 -2.600911e-11 -1.799895e-11 -1.149981e-11 -6.651869e-12 -3.365507e-12 -1.379818e-12 -3.473047e-13 7.955424e-14 1.838524e-13 1.556849e-13 9.774398e-14 5.091042e-14 2.288662e-14 9.046600e-15 3.176714e-15 9.971392e-16 2.808416e-16 7.111165e-17 1.619028e-17 3.307294e-18 6.027586e-19 9.683467e-20 1.335994e-20 1.482182e-21 1.029927e-22 -5.042850e-24 -3.572174e-24 -8.386005e-25 -1.471887e-25 -2.181984e-26 -2.852369e-27 -3.355124e-28 -3.589730e-29 -3.514727e-30 -3.158923e-31 -2.608300e-32 -1.975713e-33 -1.367017e-34 -8.563958e-36 -4.773056e-37 -2.277386e-38 -8.354113e-40 -1.268570e-41 1.431171e-42 1.655483e-43 3.517417e-45 1.010158e-47 5.011341e-51 5.836185e-55 2.019283e-59 2.465010e-64 0.000000e+00
0.000000e+00 4.198279e-63 3.199836e-58 8.557260e-54 6.712930e-50 1.202111e-46 3.458769e-44 1.001995e-42 -1.006111e-41 -6.814000e-40 -1.898291e-38 -4.064852e-37 -7.453218e-36 -1.216236e-34 -1.797712e-33 -2.428272e-32 -3.010394e-31 -3.430267e-30 -3.589730e-29 -3.439407e-28 -2.998882e-27 -2.353774e-26 -1.629540e-25 -9.526925e-25 -4.155729e-24 -5.797357e-24 1.302875e-22 1.914798e-21 1.775259e-20 1.326034e-19 8.514864e-19 4.822941e-18 2.438304e-17 1.106235e-16 4.512057e-16 1.653485e-15 5.429549e-15 1.589724e-14 4.116498e-14 9.296574e-14 1.782842e-13 2.726489e-13 2.653172e-13 -1.210302e-13 -1.409019e-12 -4.394819e-12 -1.008015e-11 -1.949808e-11 -3.347130e-11 -5.237340e-11 -7.596378e-11 -1.033398e-10 -1.330114e-10 -1.630720e-10 -1.914216e-10 -2.159981e-10 -2.349842e-10 -2.469700e-10 -2.510664e-10 -2.469700e-10 -2.349842e-10 -2.159981e-10 -1.914216e-10 -1.630720e-10 -1.330114e-10 -1.033398e-10 -7.596378e-11 -5.237340e-11 -3.347130e-11 -1.949808e-11 -1.008015e-11 -4.394819e-12 -1.409019e-12 -1.210302e-13 2.653172e-13 2.726489e-13 1.782842e-13 9.296574e-14 4.116498e-14 1.589724e-14 5.429549e-15 1.653485e-15 4.512057e-16 1.106235e-16 2.438304e-17 4.822941e-18 8.514864e-19 1.326034e-19 1.775259e-20 1.914798e-21 1.302875e-22 -5.797357e-24 -4.155729e-24 -9.526925e-25 -1.629540e-25 -2.353774e-26 -2.998882e-27 -3.439407e-28 -3.589730e-29 -3.430267e-30 -3.010394e-31 -2.428272e-32 -1.797712e-33 -1.216236e-34 -7.453218e-36 -4.064852e-37 -1.898291e-38 -6.814000e-40 -1.006111e-41 1.001995e-42 3.458769e-44 1.202111e-46 6.712930e-50 8.557260e-54 3.199836e-58 4.198279e-63 0.000000e+00
0.000000e+00 6.523263e-62 4.605538e-57 1.127530e-52 7.891617e-49 1.181263e-45 2.201580e-43 -5.801451e-42 -5.312386e-40 -1.511352e-38 -3.305510e-37 -6.191607e-36 -1.032483e-34 -1.560121e-33 -2.155222e-32 -2.733809e-31 -3.188782e-30 -3.417575e-29 -3.355124e-28 -2.998882e-27 -2.413967e-26 -1.714537e-25 -1.028404e-24 -4.596281e-24 -6.395715e-24 1.553153e-22 2.335683e-21 2.227299e-20 1.713774e-19 1.134588e-18 6.629805e-18 3.459279e-17 1.620082e-16 6.820336e-16 2.578262e-15 8.722381e-15 2.624744e-14 6.954251e-14 1.593302e-13 3.043418e-13 4.402239e-13 2.974079e-13 -8.039078e-13 -4.169422e-12 -1.182600e-11 -2.636069e-11 -5.046542e-11 -8.629777e-11 -1.348656e-10 -1.956339e-10 -2.664600e-10 -3.438457e-10 -4.234041e-10 -5.004032e-10 -5.702682e-10 -6.289645e-10 -6.732398e-10 -7.007444e-10 -7.100688e-10 -7.007444e-10 -6.732398e-10 -6.289645e-10 -5.702682e-10 -5.004032e-10 -4.234041e-10 -3.438457e-10 -2.664600e-10 -1.956339e-10 -1.348656e-10 -8.629777e-11 -5.046542e-11 -2.636069e-11 -1.182600e-11 -4.169422e-12 -8.039078e-13 2.974079e-13 4.402239e-13 3.043418e-13 1.593302e-13 6.954251e-14 2.624744e-14 8.722381e-15 2.578262e-15 6.820336e-16 1.620082e-16 3.459279e-17 6.629805e-18 1.134588e-18 1.713774e-19 2.227299e-20 2.335683e-21 1.553153e-22 -6.395715e-24 -4.596281e-24 -1.028404e-24 -1.714537e-25 -2.413967e-26 -2.998882e-27 -3.355124e-28 -3.417575e-29 -3.188782e-30 -2.733809e-31 -2.155222e-32 -1.560121e-33 -1.032483e-34 -6.191607e-36 -3.305510e-37 -1.511352e-38 -5.312386e-40 -5.801451e-42 2.201580e-43 1.181263e-45 7.891617e-49 1.127530e-52 4.605538e-57 6.523263e-62 0.000000e+00
0.000000e+00 9.207676e-61 5.962380e-56 1.307417e-51 7.728988e-48 7.883241e-45 -7.487327e-43 -3.267424e-40 -1.149847e-38 -2.566155e-37 -4.908707e-36 -8.361662e-35 -1.291134e-33 -1.823408e-32 -2.365521e-31 -2.823230e-30 -3.097461e-29 -3.114375e-28 -2.852369e-27 -2.353774e-26 -1.714537e-25 -1.054944e-24 -4.833605e-24 -6.780059e-24 1.745690e-22 2.691141e-21 2.639502e-20 2.091273e-19 1.426685e-18 8.595370e-18 4.625904e-17 2.235036e-16 9.706427e-16 3.783329e-15 1.318176e-14 4.075908e-14 1.104825e-13 2.567136e-13 4.872836e-13 6.547532e-13 1.636459e-13 -2.508351e-12 -1.034340e-11 -2.804367e-11 -6.164247e-11 -1.173408e-10 -1.998809e-10 -3.110624e-10 -4.489485e-10 -6.079940e-10 -7.799701e-10 -9.553220e-10 -1.124542e-09 -1.279240e-09 -1.412754e-09 -1.520304e-09 -1.598803e-09 -1.646473e-09 -1.662447e-09 -1.646473e-09 -1.598803e-09 -1.520304e-09 -1.412754e-09 -1.279240e-09 -1.124542e-09 -9.553220e-10 -7.799701e-10 -6.079940e-10 -4.489485e-10 -3.110624e-10 -1.998809e-10 -1.173408e-10 -6.164247e-11 -2.804367e-11 -1.034340e-11 -2.508351e-12 1.636459e-13 6.547532e-13 4.872836e-13 2.567136e-13 1.104825e-13 4.075908e-14 1.318176e-14 3.783329e-15 9.706427e-16 2.235036e-16 4.625904e-17 8.595370e-18 1.426685e-18 2.091273e-19 2.639502e-20 2.691141e-21 1.745690e-22 -6.780059e-24 -4.833605e-24 -1.054944e-24 -1.714537e-25 -2.353774e-26 -2.852369e-27 -3.114375e-28 -3.097461e-29 -2.823230e-30 -2.365521e-31 -1.823408e-32 -1.291134e-33 -8.361662e-35 -4.908707e-36 -2.566155e-37 -1.149847e-38 -3.267424e-40 -7.487327e-43 7.883241e-45 7.728988e-48 1.307417e-51 5.962380e-56 9.207676e-61 0.000000e+00
0.000000e+00 1.169907e-59 6.809078e-55 1.272650e-50 5.342031e-47 -1.062344e-44 -5.610091e-41 -6.982231e-39 -1.902767e-37 -3.713017e-36 -6.458722e-35 -1.018752e-33 -1.470254e-32 -1.949969e-31 -2.380299e-30 -2.672241e-29 -2.750633e-28 -2.580312e-27 -2.181984e-26 -1.629540e-25 -1.028404e-24 -4.833605e-24 -6.912550e-24 1.850579e-22 2.929578e-21 2.955401e-20 2.410274e-19 1.693587e-18 1.051441e-17 5.833449e-17 2.906157e-16 1.301341e-15 5.227913e-15 1.875448e-14 5.958255e-14 1.652497e-13 3.894437e-13 7.334302e-13 8.957034e-13 -3.259001e-13 -6.061713e-12 -2.257088e-11 -5.985432e-11 -1.307071e-10 -2.478256e-10 -4.198085e-10 -6.477738e-10 -9.240708e-10 -1.233512e-09 -1.556500e-09 -1.872852e-09 -2.165155e-09 -2.420897e-09 -2.633168e-09 -2.800114e-09 -2.923572e-09 -3.007355e-09 -3.055573e-09 -3.071274e-09 -3.055573e-09 -3.007355e-09 -2.923572e-09 -2.800114e-09 -2.633168e-09 -2.420897e-09 -2.165155e-09 -1.872852e-09 -1.556500e-09 -1.233512e-09 -9.240708e-10 -6.477738e-10 -4.198085e-10 -2.478256e-10 -1.307071e-10 -5.985432e-11 -2.257088e-11 -6.061713e-12 -3.259001e-13 8.957034e-13 7.334302e-13 3.894437e-13 1.652497e-13 5.958255e-14 1.875448e-14 5.227913e-15 1.301341e-15 2.906157e-16 5.833449e-17 1.051441e-17 1.693587e-18 2.410274e-19 2.955401e-20 2.929578e-21 1.850579e-22 -6.912550e-24 -4.833605e-24 -1.028404e-24 -1.629540e-25 -2.181984e-26 -2.580312e-27 -2.750633e-28 -2.672241e-29 -2.380299e-30 -1.949969e-31 -1.470254e-32 -1.018752e-33 -6.458722e-35 -3.713017e-36 -1.902767e-37 -6.982231e-39 -5.610091e-41 -1.062344e-44 5.342031e-47 1.272650e-50 6.809078e-55 1.169907e-59 0.000000e+00
0.000000e+00 1.313948e-58 6.570658e-54 9.014880e-50 1.042726e-47 -1.536186e-42 -1.211410e-39 -1.131774e-37 -2.680972e-36 -4.756886e-35 -7.661881e-34 -1.129566e-32 -1.531001e-31 -1.910711e-30 -2.194080e-29 -2.311160e-28 -2.219766e-27 -1.922880e-26 -1.471887e-25 -9.526925e-25 -4.596281e-24 -6.780059e-24 1.850579e-22 3.013610e-21 3.127110e-20 2.624343e-19 1.898432e-18 1.213951e-17 6.939577e-17 3.563073e-16 1.644410e-15 6.806567e-15 2.513653e-14 8.205400e-14 2.329245e-13 5.570635e-13 1.040233e-12 1.124587e-12 -1.419511e-12 -1.252772e-11 -4.432631e-11 -1.164221e-10 -2.536500e-10 -4.791747e-10 -8.050461e-10 -1.224890e-09 -1.712668e-09 -2.228025e-09 -2.725694e-09 -3.165354e-09 -3.518916e-09 -3.773838e-09 -3.932624e-09 -4.009602e-09 -4.026385e-09 -4.007194e-09 -3.974818e-09 -3.947546e-09 -3.937111e-09 -3.947546e-09 -3.974818e-09 -4.007194e-09 -4.026385e-09 -4.009602e-09 -3.932624e-09 -3.773838e-09 -3.518916e-09 -3.165354e-09 -2.725694e-09 -2.228025e-09 -1.712668e-09 -1.224890e-09 -8.050461e-10 -4.791747e-10 -2.536500e-10 -1.164221e-10 -4.432631e-11 -1.252772e-11 -1.419511e-12 1.124587e-12 1.040233e-12 5.570635e-13 2.329245e-13 8.205400e-14 2.513653e-14 6.806567e-15 1.644410e-15 3.563073e-16 6.939577e-17 1.213951e-17 1.898432e-18 2.624343e-19 3.127110e-20 3.013610e-21 1.850579e-22 -6.780059e-24 -4.596281e-24 -9.526925e-25 -1.471887e-25 -1.922880e-26 -2.219766e-27 -2.311160e-28 -2.194080e-29 -1.910711e-30 -1.531001e-31 -1.129566e-32 -7.661881e-34 -4.756886e-35 -2.680972e-36 -1.131774e-37 -1.211410e-39 -1.536186e-42 1.042726e-47 9.014880e-50 6.570658e-54 1.313948e-58 0.000000e+00
0.000000e+00 1.254044e-57 4.730517e-53 1.222603e-49 -7.992359e-45 -3.387014e-41 -1.942499e-38 -1.557615e-36 -3.342155e-35 -5.490782e-34 -8.266323e-33 -1.144589e-31 -1.459910e-30 -1.714099e-29 -1.847027e-28 -1.815650e-27 -1.610647e-26 -1.263343e-25 -8.386005e-25 -4.155729e-24 -6.395715e-24 1.745690e-22 2.929578e-21 3.127110e-20 2.699803e-19 2.009876e-18 1.323158e-17 7.790026e-17 4.120435e-16 1.959214e-15 8.353441e-15 3.175409e-14 1.065225e-13 3.096577e-13 7.523047e-13 1.393762e-12 1.292322e-12 -3.366142e-12 -2.299583e-11 -7.936474e-11 -2.080786e-10 -4.535313e-10 -8.533756e-10 -1.417298e-09 -2.112113e-09 -2.863405e-09 -3.573584e-09 -4.147337e-09 -4.514165e-09 -4.641252e-09 -4.534970e-09 -4.233695e-09 -3.796188e-09 -3.289494e-09 -2.779045e-09 -2.321965e-09 -1.963513e-09 -1.735800e-09 -1.657809e-09 -1.735800e-09 -1.963513e-09 -2.321965e-09 -2.779045e-09 -3.289494e-09 -3.796188e-09 -4.233695e-09 -4.534970e-09 -4.641252e-09 -4.514165e-09 -4.147337e-09 -3.573584e-09 -2.863405e-09 -2.112113e-09 -1.417298e-09 -8.533756e-10 -4.535313e-10 -2.080786e-10 -7.936474e-11 -2.299583e-11 -3.366142e-12 1.292322e-12 1.393762e-12 7.523047e-13 3.096577e-13 1.065225e-13 3.175409e-14 8.353441e-15 1.959214e-15 4.120435e-16 7.790026e-17 1.323158e-17 2.009876e-18 2.699803e-19 3.127110e-20 2.929578e-21 1.745690e-22 -6.395715e-24 -4.155729e-24 -8.386005e-25 -1.263343e-25 -1.610647e-26 -1.815650e-27 -1.847027e-28 -1.714099e-29 -1.459910e-30 -1.144589e-31 -8.266323e-33 -5.490782e-34 -3.342155e-35 -1.557615e-36 -1.942499e-38 -3.387014e-41 -7.992359e-45 1.222603e-49 4.730517e-53 1.254044e-57 0.000000e+00
