0.000000e+00 -6.986061e-98 -5.761986e-93 -1.490493e-88 -7.619800e-85 1.236572e-81 2.945537e-78 4.907049e-76 1.878090e-74 5.175279e-73 1.277438e-71 2.867048e-70 5.896921e-69 1.115529e-67 1.942268e-66 3.106575e-65 4.541601e-64 6.008837e-63 7.057537e-62 7.055549e-61 5.323826e-60 1.366614e-59 -4.869113e-58 -1.281771e-56 -2.131309e-55 -2.884451e-54 -3.398367e-53 -3.582196e-52 -3.423631e-51 -2.987563e-50 -2.388900e-49 -1.752961e-48 -1.180374e-47 -7.283675e-47 -4.107531e-46 -2.107556e-45 -9.770223e-45 -4.045770e-44 -1.466419e-43 -4.460645e-43 -1.013793e-42 -8.398531e-43 7.233608e-42 5.504304e-41 2.545278e-40 9.364326e-40 2.940961e-39 8.118596e-39 2.000329e-38 4.440415e-38 8.938549e-38 1.639758e-37 2.752372e-37 4.241464e-37 6.017904e-37 7.879927e-37 9.540211e-37 1.069403e-36 1.110783e-36 1.069403e-36 9.540211e-37 7.879927e-37 6.017904e-37 4.241464e-37 2.752372e-37 1.639758e-37 8.938549e-38 4.440415e-38 2.000329e-38 8.118596e-39 2.940961e-39 9.364326e-40 2.545278e-40 5.504304e-41 7.233608e-42 -8.398531e-43 -1.013793e-42 -4.460645e-43 -1.466419e-43 -4.045770e-44 -9.770223e-45 -2.107556e-45 -4.107531e-46 -7.283675e-47 -1.180374e-47 -1.752961e-48 -2.388900e-49 -2.987563e-50 -3.423631e-51 -3.582196e-52 -3.398367e-53 -2.884451e-54 -2.131309e-55 -1.281771e-56 -4.869113e-58 1.366614e-59 5.323826e-60 7.055549e-61 7.057537e-62 6.008837e-63 4.541601e-64 3.106575e-65 1.942268e-66 1.115529e-67 5.896921e-69 2.867048e-70 1.277438e-71 5.175279e-73 1.878090e-74 4.907049e-76 2.945537e-78 1.236572e-81 -7.619800e-85 -1.490493e-88 -5.761986e-93 -6.986061e-98 0.000000e+00
0.000000e+00 -8.965561e-93 -6.084098e-88 -9.671735e-84 5.849890e-80 7.184496e-76 7.235667e-73 9.437076e-71 3.157273e-69 7.903897e-68 1.801956e-66 3.767113e-65 7.246220e-64 1.283153e-62 2.087292e-61 3.102321e-60 4.168797e-59 4.960972e-58 4.992958e-57 3.704068e-56 6.290988e-56 -4.385785e-54 -1.100562e-52 -1.836571e-51 -2.522703e-50 -3.030391e-49 -3.265026e-48 -3.194793e-47 -2.857665e-46 -2.344423e-45 -1.766331e-44 -1.221842e-43 -7.747668e-43 -4.489576e-42 -2.365600e-41 -1.124346e-40 -4.756139e-40 -1.746605e-39 -5.268013e-39 -1.092627e-38 1.157030e-39 1.607379e-37 1.051046e-36 4.794261e-36 1.795470e-35 5.813374e-35 1.665675e-34 4.277891e-34 9.928683e-34 2.094718e-33 4.036004e-33 7.129881e-33 1.158836e-32 1.738218e-32 2.412647e-32 3.105821e-32 3.714853e-32 4.133959e-32 4.283528e-32 4.133959e-32 3.714853e-32 3.105821e-32 2.412647e-32 1.738218e-32 1.158836e-32 7.129881e-33 4.036004e-33 2.094718e-33 9.928683e-34 4.277891e-34 1.665675e-34 5.813374e-35 1.795470e-35 4.794261e-36 1.051046e-36 1.607379e-37 1.157030e-39 -1.092627e-38 -5.268013e-39 -1.746605e-39 -4.756139e-40 -1.124346e-40 -2.365600e-41 -4.489576e-42 -7.747668e-43 -1.221842e-43 -1.766331e-44 -2.344423e-45 -2.857665e-46 -3.194793e-47 -3.265026e-48 -3.030391e-49 -2.522703e-50 -1.836571e-51 -1.100562e-52 -4.385785e-54 6.290988e-56 3.704068e-56 4.992958e-57 4.960972e-58 4.168797e-59 3.102321e-60 2.087292e-61 1.283153e-62 7.246220e-64 3.767113e-65 1.801956e-66 7.903897e-68 3.157273e-69 9.437076e-71 7.235667e-73 7.184496e-76 5.849890e-80 -9.671735e-84 -6.084098e-88 -8.965561e-93 0.000000e+00
0.000000e+00 -3.860779e-88 -1.611737e-83 2.970322e-79 1.414673e-74 7.230861e-71 5.681246e-68 6.446963e-66 1.956388e-64 4.525082e-63 9.609579e-62 1.878361e-60 3.380565e-59 5.588616e-58 8.437627e-57 1.150406e-55 1.385198e-54 1.400188e-53 1.013388e-52 5.771805e-53 -1.549527e-50 -3.740520e-49 -6.266847e-48 -8.731486e-47 -1.068480e-45 -1.175513e-44 -1.176323e-43 -1.077268e-42 -9.056193e-42 -6.996121e-41 -4.964353e-40 -3.229631e-39 -1.919659e-38 -1.036618e-37 -5.039010e-37 -2.170310e-36 -8.031105e-36 -2.370295e-35 -4.171904e-35 8.090731e-35 1.233689e-33 7.469718e-33 3.402068e-32 1.300098e-31 4.336903e-31 1.287078e-30 3.435415e-30 8.306487e-30 1.829091e-29 3.684144e-29 6.813947e-29 1.161333e-28 1.829907e-28 2.673701e-28 3.632148e-28 4.598006e-28 5.434110e-28 6.003787e-28 6.206081e-28 6.003787e-28 5.434110e-28 4.598006e-28 3.632148e-28 2.673701e-28 1.829907e-28 1.161333e-28 6.813947e-29 3.684144e-29 1.829091e-29 8.306487e-30 3.435415e-30 1.287078e-30 4.336903e-31 1.300098e-31 3.402068e-32 7.469718e-33 1.233689e-33 8.090731e-35 -4.171904e-35 -2.370295e-35 -8.031105e-36 -2.170310e-36 -5.039010e-37 -1.036618e-37 -1.919659e-38 -3.229631e-39 -4.964353e-40 -6.996121e-41 -9.056193e-42 -1.077268e-42 -1.176323e-43 -1.175513e-44 -1.068480e-45 -8.731486e-47 -6.266847e-48 -3.740520e-49 -1.549527e-50 5.771805e-53 1.013388e-52 1.400188e-53 1.385198e-54 1.150406e-55 8.437627e-57 5.588616e-58 3.380565e-59 1.878361e-60 9.609579e-62 4.525082e-63 1.956388e-64 6.446963e-66 5.681246e-68 7.230861e-71 1.414673e-74 2.970322e-79 -1.611737e-83 -3.860779e-88 0.000000e+00
0.000000e+00 -3.604350e-84 1.750478e-79 2.567254e-74 5.051111e-70 2.011396e-66 1.372712e-63 1.407607e-61 3.939560e-60 8.487463e-59 1.684812e-57 3.079728e-56 5.170297e-55 7.922774e-54 1.094882e-52 1.332013e-51 1.348671e-50 9.428970e-50 -8.689785e-50 -1.866599e-47 -4.365323e-46 -7.344787e-45 -1.037387e-43 -1.292098e-42 -1.450130e-41 -1.482480e-40 -1.388414e-39 -1.194559e-38 -9.449827e-38 -6.868674e-37 -4.577395e-36 -2.785891e-35 -1.538615e-34 -7.629854e-34 -3.333837e-33 -1.235043e-32 -3.501206e-32 -4.425239e-32 2.924635e-31 2.985790e-30 1.733843e-29 7.938329e-29 3.098404e-28 1.063588e-27 3.261932e-27 9.021835e-27 2.264539e-26 5.183624e-26 1.086536e-25 2.093375e-25 3.720456e-25 6.120482e-25 9.350558e-25 1.330685e-24 1.768849e-24 2.201457e-24 2.570189e-24 2.818824e-24 2.906655e-24 2.818824e-24 2.570189e-24 2.201457e-24 1.768849e-24 1.330685e-24 9.350558e-25 6.120482e-25 3.720456e-25 2.093375e-25 1.086536e-25 5.183624e-26 2.264539e-26 9.021835e-27 3.261932e-27 1.063588e-27 3.098404e-28 7.938329e-29 1.733843e-29 2.985790e-30 2.924635e-31 -4.425239e-32 -3.501206e-32 -1.235043e-32 -3.333837e-33 -7.629854e-34 -1.538615e-34 -2.785891e-35 -4.577395e-36 -6.868674e-37 -9.449827e-38 -1.194559e-38 -1.388414e-39 -1.482480e-40 -1.450130e-41 -1.292098e-42 -1.037387e-43 -7.344787e-45 -4.365323e-46 -1.866599e-47 -8.689785e-50 9.428970e-50 1.348671e-50 1.332013e-51 1.094882e-52 7.922774e-54 5.170297e-55 3.079728e-56 1.684812e-57 8.487463e-59 3.939560e-60 1.407607e-61 1.372712e-63 2.011396e-66 5.051111e-70 2.567254e-74 1.750478e-79 -3.604350e-84 0.000000e+00
0.000000e+00 1.166459e-80 4.422797e-75 2.683071e-70 4.111390e-66 1.421553e-62 8.756500e-60 8.253011e-58 2.147261e-56 4.322874e-55 8.020363e-54 1.366360e-52 2.123262e-51 2.970939e-50 3.646292e-49 3.686853e-48 2.457652e-47 -7.217899e-47 -6.349308e-45 -1.446646e-43 -2.444914e-42 -3.498621e-41 -4.431721e-40 -5.069049e-39 -5.288666e-38 -5.059767e-37 -4.450111e-36 -3.600280e-35 -2.676851e-34 -1.824550e-33 -1.135054e-32 -6.398082e-32 -3.227975e-31 -1.425139e-30 -5.243013e-30 -1.388147e-29 -6.298458e-30 2.266766e-28 1.929286e-27 1.095122e-26 5.059818e-26 2.017104e-25 7.114329e-25 2.249484e-24 6.427792e-24 1.669124e-23 3.956068e-23 8.591180e-23 1.715669e-22 3.162006e-22 5.397524e-22 8.563805e-22 1.267269e-21 1.754697e-21 2.280019e-21 2.787281e-21 3.212383e-21 3.495770e-21 3.595302e-21 3.495770e-21 3.212383e-21 2.787281e-21 2.280019e-21 1.754697e-21 1.267269e-21 8.563805e-22 5.397524e-22 3.162006e-22 1.715669e-22 8.591180e-23 3.956068e-23 1.669124e-23 6.427792e-24 2.249484e-24 7.114329e-25 2.017104e-25 5.059818e-26 1.095122e-26 1.929286e-27 2.266766e-28 -6.298458e-30 -1.388147e-29 -5.243013e-30 -1.425139e-30 -3.227975e-31 -6.398082e-32 -1.135054e-32 -1.824550e-33 -2.676851e-34 -3.600280e-35 -4.450111e-36 -5.059767e-37 -5.288666e-38 -5.069049e-39 -4.431721e-40 -3.498621e-41 -2.444914e-42 -1.446646e-43 -6.349308e-45 -7.217899e-47 2.457652e-47 3.686853e-48 3.646292e-49 2.970939e-50 2.123262e-51 1.366360e-52 8.020363e-54 4.322874e-55 2.147261e-56 8.253011e-58 8.756500e-60 1.421553e-62 4.111390e-66 2.683071e-70 4.422797e-75 1.166459e-80 0.000000e+00
0.000000e+00 6.633890e-77 1.050795e-71 4.967822e-67 6.610293e-63 2.062649e-59 1.166702e-56 1.018833e-54 2.471691e-53 4.648137e-52 8.030041e-51 1.264397e-49 1.789494e-48 2.212269e-47 2.226467e-46 1.390987e-45 -7.970262e-45 -4.751672e-43 -1.059865e-41 -1.799777e-40 -2.608073e-39 -3.357401e-38 -3.910502e-37 -4.159907e-36 -4.061454e-35 -3.647517e-34 -3.014360e-33 -2.289578e-32 -1.593826e-31 -1.011785e-30 -5.809015e-30 -2.973613e-29 -1.320642e-28 -4.776762e-28 -1.128320e-27 1.085760e-27 3.408169e-26 2.625640e-25 1.473637e-24 6.886791e-24 2.802969e-23 1.014136e-22 3.298254e-22 9.709108e-22 2.599531e-21 6.355143e-21 1.423629e-20 2.932273e-20 5.572887e-20 9.808728e-20 1.604853e-19 2.450162e-19 3.503539e-19 4.708797e-19 5.967816e-19 7.152560e-19 8.125840e-19 8.765922e-19 8.989196e-19 8.765922e-19 8.125840e-19 7.152560e-19 5.967816e-19 4.708797e-19 3.503539e-19 2.450162e-19 1.604853e-19 9.808728e-20 5.572887e-20 2.932273e-20 1.423629e-20 6.355143e-21 2.599531e-21 9.709108e-22 3.298254e-22 1.014136e-22 2.802969e-23 6.886791e-24 1.473637e-24 2.625640e-25 3.408169e-26 1.085760e-27 -1.128320e-27 -4.776762e-28 -1.320642e-28 -2.973613e-29 -5.809015e-30 -1.011785e-30 -1.593826e-31 -2.289578e-32 -3.014360e-33 -3.647517e-34 -4.061454e-35 -4.159907e-36 -3.910502e-37 -3.357401e-38 -2.608073e-39 -1.799777e-40 -1.059865e-41 -4.751672e-43 -7.970262e-45 1.390987e-45 2.226467e-46 2.212269e-47 1.789494e-48 1.264397e-49 8.030041e-51 4.648137e-52 2.471691e-53 1.018833e-54 1.166702e-56 2.062649e-59 6.610293e-63 4.967822e-67 1.050795e-71 6.633890e-77 0.000000e+00
0.000000e+00 2.737451e-74 3.385897e-69 1.391064e-64 1.671191e-60 4.789643e-57 2.508658e-54 2.036281e-52 4.604424e-51 8.057581e-50 1.285102e-48 1.838806e-47 2.288006e-46 2.287129e-45 1.315619e-44 -1.253888e-43 -5.989659e-42 -1.315784e-40 -2.247816e-39 -3.299343e-38 -4.315726e-37 -5.116960e-36 -5.547514e-35 -5.524293e-34 -5.062946e-33 -4.271085e-32 -3.311627e-31 -2.352383e-30 -1.522318e-29 -8.891008e-29 -4.609328e-28 -2.052219e-27 -7.225674e-27 -1.415534e-26 5.146530e-26 7.998389e-25 5.829101e-24 3.264233e-23 1.546922e-22 6.429996e-22 2.384638e-21 7.965548e-21 2.410820e-20 6.638869e-20 1.669098e-19 3.843149e-19 8.129865e-19 1.585363e-18 2.860195e-18 4.792558e-18 7.488770e-18 1.095813e-17 1.507838e-17 1.958952e-17 2.412098e-17 2.824577e-17 3.154666e-17 3.367839e-17 3.441509e-17 3.367839e-17 3.154666e-17 2.824577e-17 2.412098e-17 1.958952e-17 1.507838e-17 1.095813e-17 7.488770e-18 4.792558e-18 2.860195e-18 1.585363e-18 8.129865e-19 3.843149e-19 1.669098e-19 6.638869e-20 2.410820e-20 7.965548e-21 2.384638e-21 6.429996e-22 1.546922e-22 3.264233e-23 5.829101e-24 7.998389e-25 5.146530e-26 -1.415534e-26 -7.225674e-27 -2.052219e-27 -4.609328e-28 -8.891008e-29 -1.522318e-29 -2.352383e-30 -3.311627e-31 -4.271085e-32 -5.062946e-33 -5.524293e-34 -5.547514e-35 -5.116960e-36 -4.315726e-37 -3.299343e-38 -2.247816e-39 -1.315784e-40 -5.989659e-42 -1.253888e-43 1.315619e-44 2.287129e-45 2.288006e-46 1.838806e-47 1.285102e-48 8.057581e-50 4.604424e-51 2.036281e-52 2.508658e-54 4.789643e-57 1.671191e-60 1.391064e-64 3.385897e-69 2.737451e-74 0.000000e+00
0.000000e+00 1.694106e-72 1.826634e-67 6.791943e-63 7.510545e-59 1.997125e-55 9.734476e-53 7.353694e-51 1.546437e-49 2.501477e-48 3.628743e-47 4.563608e-46 4.566339e-45 2.468315e-44 -3.219955e-43 -1.397082e-41 -3.068567e-40 -5.306988e-39 -7.919842e-38 -1.055539e-36 -1.276839e-35 -1.413600e-34 -1.438498e-33 -1.347930e-32 -1.163032e-31 -9.224828e-31 -6.702557e-30 -4.434070e-29 -2.643512e-28 -1.394297e-27 -6.264085e-27 -2.167778e-26 -3.436682e-26 2.608245e-25 3.325178e-24 2.390368e-23 1.356264e-22 6.572494e-22 2.805649e-21 1.071011e-20 3.686885e-20 1.150529e-19 3.266569e-19 8.462717e-19 2.005943e-18 4.362316e-18 8.730055e-18 1.613176e-17 2.762721e-17 4.403087e-17 6.559030e-17 9.174305e-17 1.210613e-16 1.514266e-16 1.803825e-16 2.055419e-16 2.249155e-16 2.370848e-16 2.412295e-16 2.370848e-16 2.249155e-16 2.055419e-16 1.803825e-16 1.514266e-16 1.210613e-16 9.174305e-17 6.559030e-17 4.403087e-17 2.762721e-17 1.613176e-17 8.730055e-18 4.362316e-18 2.005943e-18 8.462717e-19 3.266569e-19 1.150529e-19 3.686885e-20 1.071011e-20 2.805649e-21 6.572494e-22 1.356264e-22 2.390368e-23 3.325178e-24 2.608245e-25 -3.436682e-26 -2.167778e-26 -6.264085e-27 -1.394297e-27 -2.643512e-28 -4.434070e-29 -6.702557e-30 -9.224828e-31 -1.163032e-31 -1.347930e-32 -1.438498e-33 -1.413600e-34 -1.276839e-35 -1.055539e-36 -7.919842e-38 -5.306988e-39 -3.068567e-40 -1.397082e-41 -3.219955e-43 2.468315e-44 4.566339e-45 4.563608e-46 3.628743e-47 2.501477e-48 1.546437e-49 7.353694e-51 9.734476e-53 1.997125e-55 7.510545e-59 6.791943e-63 1.826634e-67 1.694106e-72 0.000000e+00
0.000000e+00 4.836350e-71 4.736221e-66 1.626417e-61 1.674293e-57 4.157539e-54 1.891559e-51 1.329342e-49 2.587826e-48 3.823442e-47 4.900971e-46 4.992779e-45 2.721262e-44 -3.778516e-43 -1.651516e-41 -3.699132e-40 -6.537642e-39 -9.980251e-38 -1.361676e-36 -1.687287e-35 -1.914669e-34 -1.998211e-33 -1.921353e-32 -1.702044e-31 -1.386728e-30 -1.035399e-29 -7.040791e-29 -4.314587e-28 -2.337468e-27 -1.075901e-26 -3.777359e-26 -5.523812e-26 5.566668e-25 6.936981e-24 5.096181e-23 2.979316e-22 1.492455e-21 6.596975e-21 2.610214e-20 9.318313e-20 3.015930e-19 8.878449e-19 2.383228e-18 5.846179e-18 1.313535e-17 2.709986e-17 5.148731e-17 9.038037e-17 1.471307e-16 2.230350e-16 3.162491e-16 4.214817e-16 5.307593e-16 6.351002e-16 7.264957e-16 7.994256e-16 8.513320e-16 8.819644e-16 8.920384e-16 8.819644e-16 8.513320e-16 7.994256e-16 7.264957e-16 6.351002e-16 5.307593e-16 4.214817e-16 3.162491e-16 2.230350e-16 1.471307e-16 9.038037e-17 5.148731e-17 2.709986e-17 1.313535e-17 5.846179e-18 2.383228e-18 8.878449e-19 3.015930e-19 9.318313e-20 2.610214e-20 6.596975e-21 1.492455e-21 2.979316e-22 5.096181e-23 6.936981e-24 5.566668e-25 -5.523812e-26 -3.777359e-26 -1.075901e-26 -2.337468e-27 -4.314587e-28 -7.040791e-29 -1.035399e-29 -1.386728e-30 -1.702044e-31 -1.921353e-32 -1.998211e-33 -1.914669e-34 -1.687287e-35 -1.361676e-36 -9.980251e-38 -6.537642e-39 -3.699132e-40 -1.651516e-41 -3.778516e-43 2.721262e-44 4.992779e-45 4.900971e-46 3.823442e-47 2.587826e-48 1.329342e-49 1.891559e-51 4.157539e-54 1.674293e-57 1.626417e-61 4.736221e-66 4.836350e-71 0.000000e+00
0.000000e+00 1.215176e-69 1.099264e-64 3.516061e-60 3.382768e-56 7.848478e-53 3.323500e-50 2.156401e-48 3.827034e-47 5.000310e-46 5.198179e-45 2.889485e-44 -4.114888e-43 -1.835583e-41 -4.202689e-40 -7.597211e-39 -1.186891e-37 -1.658075e-36 -2.104780e-35 -2.448088e-34 -2.620123e-33 -2.585035e-32 -2.350923e-31 -1.967376e-30 -1.509497e-29 -1.055188e-28 -6.648065e-28 -3.701672e-27 -1.748114e-26 -6.251001e-26 -8.575379e-26 1.079084e-24 1.341353e-23 1.010855e-22 6.096648e-22 3.158157e-21 1.445444e-20 5.926381e-20 2.193175e-19 7.358469e-19 2.244764e-18 6.238922e-18 1.582505e-17 3.669497e-17 7.792926e-17 1.519026e-16 2.724549e-16 4.509609e-16 6.910205e-16 9.837272e-16 1.306045e-15 1.624107e-15 1.901315e-15 2.108806e-15 2.234354e-15 2.285931e-15 2.288061e-15 2.272004e-15 2.263372e-15 2.272004e-15 2.288061e-15 2.285931e-15 2.234354e-15 2.108806e-15 1.901315e-15 1.624107e-15 1.306045e-15 9.837272e-16 6.910205e-16 4.509609e-16 2.724549e-16 1.519026e-16 7.792926e-17 3.669497e-17 1.582505e-17 6.238922e-18 2.244764e-18 7.358469e-19 2.193175e-19 5.926381e-20 1.445444e-20 3.158157e-21 6.096648e-22 1.010855e-22 1.341353e-23 1.079084e-24 -8.575379e-26 -6.251001e-26 -1.748114e-26 -3.701672e-27 -6.648065e-28 -1.055188e-28 -1.509497e-29 -1.967376e-30 -2.350923e-31 -2.585035e-32 -2.620123e-33 -2.448088e-34 -2.104780e-35 -1.658075e-36 -1.186891e-37 -7.597211e-39 -4.202689e-40 -1.835583e-41 -4.114888e-43 2.889485e-44 5.198179e-45 5.000310e-46 3.827034e-47 2.156401e-48 3.323500e-50 7.848478e-53 3.382768e-56 3.516061e-60 1.099264e-64 1.215176e-69 0.000000e+00
0.000000e+00 2.777907e-68 2.340622e-63 6.998776e-59 6.294915e-55 1.360493e-51 5.320844e-49 3.136218e-47 4.905909e-46 5.198213e-45 2.947654e-44 -4.294247e-43 -1.955651e-41 -4.575559e-40 -8.456603e-39 -1.351414e-37 -1.932095e-36 -2.511264e-35 -2.992215e-34 -3.282379e-33 -3.320915e-32 -3.098671e-31 -2.661848e-30 -2.097405e-29 -1.506228e-28 -9.750789e-28 -5.577029e-27 -2.701220e-26 -9.839157e-26 -1.261187e-25 1.960005e-24 2.444343e-23 1.890302e-22 1.175590e-21 6.292490e-21 2.979336e-20 1.264553e-19 4.846121e-19 1.683736e-18 5.316722e-18 1.528225e-17 4.003121e-17 9.565539e-17 2.087212e-16 4.163650e-16 7.603177e-16 1.272653e-15 1.954919e-15 2.757715e-15 3.571544e-15 4.238635e-15 4.588443e-15 4.489210e-15 3.898963e-15 2.896351e-15 1.676715e-15 5.101893e-16 -3.277182e-16 -6.322101e-16 -3.277182e-16 5.101893e-16 1.676715e-15 2.896351e-15 3.898963e-15 4.489210e-15 4.588443e-15 4.238635e-15 3.571544e-15 2.757715e-15 1.954919e-15 1.272653e-15 7.603177e-16 4.163650e-16 2.087212e-16 9.565539e-17 4.003121e-17 1.528225e-17 5.316722e-18 1.683736e-18 4.846121e-19 1.264553e-19 2.979336e-20 6.292490e-21 1.175590e-21 1.890302e-22 2.444343e-23 1.960005e-24 -1.261187e-25 -9.839157e-26 -2.701220e-26 -5.577029e-27 -9.750789e-28 -1.506228e-28 -2.097405e-29 -2.661848e-30 -3.098671e-31 -3.320915e-32 -3.282379e-33 -2.992215e-34 -2.511264e-35 -1.932095e-36 -1.351414e-37 -8.456603e-39 -4.575559e-40 -1.955651e-41 -4.294247e-43 2.947654e-44 5.198213e-45 4.905909e-46 3.136218e-47 5.320844e-49 1.360493e-51 6.294915e-55 6.998776e-59 2.340622e-63 2.777907e-68 0.000000e+00
0.000000e+00 5.822479e-67 4.587403e-62 1.283044e-57 1.075965e-53 2.150799e-50 7.651049e-48 3.959533e-46 4.998435e-45 2.889531e-44 -4.294247e-43 -1.997381e-41 -4.774130e-40 -9.017872e-39 -1.473481e-37 -2.154915e-36 -2.866441e-35 -3.497042e-34 -3.929768e-33 -4.074934e-32 -3.898850e-31 -3.435977e-30 -2.778734e-29 -2.048853e-28 -1.362067e-27 -7.998474e-27 -3.972048e-26 -1.474145e-25 -1.760517e-25 3.344492e-24 4.203347e-23 3.336483e-22 2.138607e-21 1.181973e-20 5.784521e-20 2.539327e-19 1.006786e-18 3.618762e-18 1.181638e-17 3.508999e-17 9.481674e-17 2.331749e-16 5.218952e-16 1.062966e-15 1.969117e-15 3.313583e-15 5.050863e-15 6.931235e-15 8.450828e-15 8.881974e-15 7.407449e-15 3.342359e-15 -3.614503e-15 -1.318261e-14 -2.443259e-14 -3.589263e-14 -4.581830e-14 -5.256313e-14 -5.495314e-14 -5.256313e-14 -4.581830e-14 -3.589263e-14 -2.443259e-14 -1.318261e-14 -3.614503e-15 3.342359e-15 7.407449e-15 8.881974e-15 8.450828e-15 6.931235e-15 5.050863e-15 3.313583e-15 1.969117e-15 1.062966e-15 5.218952e-16 2.331749e-16 9.481674e-17 3.508999e-17 1.181638e-17 3.618762e-18 1.006786e-18 2.539327e-19 5.784521e-20 1.181973e-20 2.138607e-21 3.336483e-22 4.203347e-23 3.344492e-24 -1.760517e-25 -1.474145e-25 -3.972048e-26 -7.998474e-27 -1.362067e-27 -2.048853e-28 -2.778734e-29 -3.435977e-30 -3.898850e-31 -4.074934e-32 -3.929768e-33 -3.497042e-34 -2.866441e-35 -2.154915e-36 -1.473481e-37 -9.017872e-39 -4.774130e-40 -1.997381e-41 -4.294247e-43 2.889531e-44 4.998435e-45 3.959533e-46 7.651049e-48 2.150799e-50 1.075965e-53 1.283044e-57 4.587403e-62 5.822479e-67 0.000000e+00
0.000000e+00 1.122903e-65 8.279389e-61 2.160894e-56 1.678503e-52 3.059689e-49 9.590420e-47 3.992666e-45 2.725814e-44 -4.114836e-43 -1.955651e-41 -4.774130e-40 -9.213062e-39 -1.538558e-37 -2.300665e-36 -3.130495e-35 -3.908562e-34 -4.497109e-33 -4.776879e-32 -4.684079e-31 -4.232569e-30 -3.511204e-29 -2.656651e-28 -1.812720e-27 -1.092411e-26 -5.560677e-26 -2.103443e-25 -2.337079e-25 5.372261e-24 6.828241e-23 5.563986e-22 3.674035e-21 2.095233e-20 1.059040e-19 4.804304e-19 1.968934e-18 7.314954e-18 2.467751e-17 7.564112e-17 2.106334e-16 5.325039e-16 1.220778e-15 2.533166e-15 4.743351e-15 7.972008e-15 1.190201e-14 1.544179e-14 1.648204e-14 1.192619e-14 -1.877208e-15 -2.830660e-14 -6.941609e-14 -1.249564e-13 -1.917911e-13 -2.639463e-13 -3.333660e-13 -3.912466e-13 -4.296652e-13 -4.431264e-13 -4.296652e-13 -3.912466e-13 -3.333660e-13 -2.639463e-13 -1.917911e-13 -1.249564e-13 -6.941609e-14 -2.830660e-14 -1.877208e-15 1.192619e-14 1.648204e-14 1.544179e-14 1.190201e-14 7.972008e-15 4.743351e-15 2.533166e-15 1.220778e-15 5.325039e-16 2.106334e-16 7.564112e-17 2.467751e-17 7.314954e-18 1.968934e-18 4.804304e-19 1.059040e-19 2.095233e-20 3.674035e-21 5.563986e-22 6.828241e-23 5.372261e-24 -2.337079e-25 -2.103443e-25 -5.560677e-26 -1.092411e-26 -1.812720e-27 -2.656651e-28 -3.511204e-29 -4.232569e-30 -4.684079e-31 -4.776879e-32 -4.497109e-33 -3.908562e-34 -3.130495e-35 -2.300665e-36 -1.538558e-37 -9.213062e-39 -4.774130e-40 -1.955651e-41 -4.114836e-43 2.725814e-44 3.992666e-45 9.590420e-47 3.059689e-49 1.678503e-52 2.160894e-56 8.279389e-61 1.122903e-65 0.000000e+00
0.000000e+00 1.993861e-64 1.372950e-59 3.323639e-55 2.360219e-51 3.811099e-48 9.724116e-46 2.230185e-44 -3.778638e-43 -1.835579e-41 -4.575559e-40 -9.017872e-39 -1.538558e-37 -2.351391e-36 -3.271440e-35 -4.178190e-34 -4.919783e-33 -5.350544e-32 -5.374272e-31 -4.976668e-30 -4.232691e-29 -3.284602e-28 -2.299176e-27 -1.421313e-26 -7.414224e-26 -2.859782e-25 -2.957408e-25 8.136452e-24 1.048820e-22 8.773862e-22 5.965770e-21 3.508227e-20 1.830070e-19 8.572595e-19 3.628652e-18 1.392298e-17 4.848836e-17 1.532856e-16 4.395149e-16 1.141179e-15 2.676296e-15 5.646732e-15 1.064929e-14 1.774208e-14 2.549043e-14 2.974512e-14 2.260764e-14 -7.770382e-15 -7.600172e-14 -1.967523e-13 -3.809411e-13 -6.317849e-13 -9.418226e-13 -1.291890e-12 -1.652545e-12 -1.987830e-12 -2.260700e-12 -2.439032e-12 -2.501045e-12 -2.439032e-12 -2.260700e-12 -1.987830e-12 -1.652545e-12 -1.291890e-12 -9.418226e-13 -6.317849e-13 -3.809411e-13 -1.967523e-13 -7.600172e-14 -7.770382e-15 2.260764e-14 2.974512e-14 2.549043e-14 1.774208e-14 1.064929e-14 5.646732e-15 2.676296e-15 1.141179e-15 4.395149e-16 1.532856e-16 4.848836e-17 1.392298e-17 3.628652e-18 8.572595e-19 1.830070e-19 3.508227e-20 5.965770e-21 8.773862e-22 1.048820e-22 8.136452e-24 -2.957408e-25 -2.859782e-25 -7.414224e-26 -1.421313e-26 -2.299176e-27 -3.284602e-28 -4.232691e-29 -4.976668e-30 -5.374272e-31 -5.350544e-32 -4.919783e-33 -4.178190e-34 -3.271440e-35 -2.351391e-36 -1.538558e-37 -9.017872e-39 -4.575559e-40 -1.835579e-41 -3.778638e-43 2.230185e-44 9.724116e-46 3.811099e-48 2.360219e-51 3.323639e-55 1.372950e-59 1.993861e-64 0.000000e+00
0.000000e+00 3.253093e-63 2.080291e-58 4.614640e-54 2.917332e-50 3.889573e-47 5.902601e-45 -2.614888e-43 -1.652556e-41 -4.202689e-40 -8.456603e-39 -1.473481e-37 -2.300665e-36 -3.271440e-35 -4.272107e-34 -5.145679e-33 -5.727045e-32 -5.889565e-31 -5.586327e-30 -4.868704e-29 -3.873052e-28 -2.779928e-27 -1.762150e-26 -9.418238e-26 -3.706131e-25 -3.577866e-25 1.163370e-23 1.524437e-22 1.309247e-21 9.162764e-21 5.552854e-20 2.987428e-19 1.443951e-18 6.308065e-18 2.497866e-17 8.973794e-17 2.923748e-16 8.625915e-16 2.298401e-15 5.508274e-15 1.179639e-14 2.232577e-14 3.655133e-14 4.926677e-14 4.655322e-14 1.923117e-15 -1.252414e-13 -3.869199e-13 -8.384923e-13 -1.526574e-12 -2.475365e-12 -3.675083e-12 -5.075744e-12 -6.588289e-12 -8.093276e-12 -9.455695e-12 -1.054329e-11 -1.124518e-11 -1.148774e-11 -1.124518e-11 -1.054329e-11 -9.455695e-12 -8.093276e-12 -6.588289e-12 -5.075744e-12 -3.675083e-12 -2.475365e-12 -1.526574e-12 -8.384923e-13 -3.869199e-13 -1.252414e-13 1.923117e-15 4.655322e-14 4.926677e-14 3.655133e-14 2.232577e-14 1.179639e-14 5.508274e-15 2.298401e-15 8.625915e-16 2.923748e-16 8.973794e-17 2.497866e-17 6.308065e-18 1.443951e-18 2.987428e-19 5.552854e-20 9.162764e-21 1.309247e-21 1.524437e-22 1.163370e-23 -3.577866e-25 -3.706131e-25 -9.418238e-26 -1.762150e-26 -2.779928e-27 -3.873052e-28 -4.868704e-29 -5.586327e-30 -5.889565e-31 -5.727045e-32 -5.145679e-33 -4.272107e-34 -3.271440e-35 -2.300665e-36 -1.473481e-37 -8.456603e-39 -4.202689e-40 -1.652556e-41 -2.614888e-43 5.902601e-45 3.889573e-47 2.917332e-50 4.614640e-54 2.080291e-58 3.253093e-63 0.000000e+00
0.000000e+00 4.851686e-62 2.848975e-57 5.651365e-53 2.987504e-49 2.545811e-46 -4.488012e-44 -1.182240e-41 -3.701934e-40 -7.597219e-39 -1.351414e-37 -2.154915e-36 -3.130495e-35 -4.178190e-34 -5.145679e-33 -5.858299e-32 -6.165311e-31 -5.987127e-30 -5.344532e-29 -4.356338e-28 -3.204817e-27 -2.082318e-26 -1.140133e-25 -4.579741e-25 -4.152771e-25 1.571977e-23 2.098062e-22 1.849910e-21 1.332002e-20 8.314113e-20 4.610200e-19 2.297697e-18 1.035263e-17 4.227834e-17 1.565834e-16 5.254635e-16 1.594195e-15 4.356388e-15 1.066002e-14 2.313651e-14 4.378573e-14 6.971836e-14 8.473705e-14 4.708096e-14 -1.233039e-13 -5.517135e-13 -1.403150e-12 -2.860774e-12 -5.090481e-12 -8.199243e-12 -1.219774e-11 -1.697702e-11 -2.230534e-11 -2.784617e-11 -3.319401e-11 -3.792136e-11 -4.162934e-11 -4.399472e-11 -4.480744e-11 -4.399472e-11 -4.162934e-11 -3.792136e-11 -3.319401e-11 -2.784617e-11 -2.230534e-11 -1.697702e-11 -1.219774e-11 -8.199243e-12 -5.090481e-12 -2.860774e-12 -1.403150e-12 -5.517135e-13 -1.233039e-13 4.708096e-14 8.473705e-14 6.971836e-14 4.378573e-14 2.313651e-14 1.066002e-14 4.356388e-15 1.594195e-15 5.254635e-16 1.565834e-16 4.227834e-17 1.035263e-17 2.297697e-18 4.610200e-19 8.314113e-20 1.332002e-20 1.849910e-21 2.098062e-22 1.571977e-23 -4.152771e-25 -4.579741e-25 -1.140133e-25 -2.082318e-26 -3.204817e-27 -4.356338e-28 -5.344532e-29 -5.987127e-30 -6.165311e-31 -5.858299e-32 -5.145679e-33 -4.178190e-34 -3.130495e-35 -2.154915e-36 -1.351414e-37 -7.597219e-39 -3.701934e-40 -1.182240e-41 -4.488012e-44 2.545811e-46 2.987504e-49 5.651365e-53 2.848975e-57 4.851686e-62 0.000000e+00
0.000000e+00 6.547251e-61 3.451762e-56 5.788213e-52 2.068619e-48 -1.083249e-45 -2.384874e-42 -2.618837e-40 -6.543002e-39 -1.186893e-37 -1.932095e-36 -2.866441e-35 -3.908562e-34 -4.919783e-33 -5.727045e-32 -6.165311e-31 -6.126970e-30 -5.599476e-29 -4.674565e-28 -3.523276e-27 -2.345743e-26 -1.315573e-25 -5.397739e-25 -4.643065e-25 2.008947e-23 2.735672e-22 2.476327e-21 1.833758e-20 1.178267e-19 6.729938e-19 3.456454e-18 1.605205e-17 6.756579e-17 2.578250e-16 8.906854e-16 2.777447e-15 7.780091e-15 1.942594e-14 4.267567e-14 8.047700e-14 1.230752e-13 1.259085e-13 -2.428668e-14 -5.471173e-13 -1.792601e-12 -4.231414e-12 -8.399375e-12 -1.480103e-11 -2.379391e-11 -3.548347e-11 -4.965591e-11 -6.576463e-11 -8.297135e-11 -1.002309e-10 -1.164015e-10 -1.303621e-10 -1.411206e-10 -1.479033e-10 -1.502201e-10 -1.479033e-10 -1.411206e-10 -1.303621e-10 -1.164015e-10 -1.002309e-10 -8.297135e-11 -6.576463e-11 -4.965591e-11 -3.548347e-11 -2.379391e-11 -1.480103e-11 -8.399375e-12 -4.231414e-12 -1.792601e-12 -5.471173e-13 -2.428668e-14 1.259085e-13 1.230752e-13 8.047700e-14 4.267567e-14 1.942594e-14 7.780091e-15 2.777447e-15 8.906854e-16 2.578250e-16 6.756579e-17 1.605205e-17 3.456454e-18 6.729938e-19 1.178267e-19 1.833758e-20 2.476327e-21 2.735672e-22 2.008947e-23 -4.643065e-25 -5.397739e-25 -1.315573e-25 -2.345743e-26 -3.523276e-27 -4.674565e-28 -5.599476e-29 -6.126970e-30 -6.165311e-31 -5.727045e-32 -4.919783e-33 -3.908562e-34 -2.866441e-35 -1.932095e-36 -1.186893e-37 -6.543002e-39 -2.618837e-40 -2.384874e-42 -1.083249e-45 2.068619e-48 5.788213e-52 3.451762e-56 6.547251e-61 0.000000e+00
0.000000e+00 7.836882e-60 3.525799e-55 4.176148e-51 -3.834342e-48 -7.721253e-44 -5.336160e-41 -4.548315e-39 -9.988838e-38 -1.658079e-36 -2.511264e-35 -3.497042e-34 -4.497109e-33 -5.350544e-32 -5.889565e-31 -5.987127e-30 -5.599476e-29 -4.785686e-28 -3.694091e-27 -2.519406e-26 -1.447161e-25 -6.069122e-25 -5.022207e-25 2.429712e-23 3.380943e-22 3.141840e-21 2.391882e-20 1.581310e-19 9.298388e-19 4.918394e-18 2.352960e-17 1.020233e-16 4.009090e-16 1.425119e-15 4.565923e-15 1.310612e-14 3.337768e-14 7.414755e-14 1.388673e-13 2.008619e-13 1.497926e-13 -2.943523e-13 -1.681956e-12 -4.904199e-12 -1.117619e-11 -2.189668e-11 -3.839680e-11 -6.163991e-11 -9.195672e-11 -1.288886e-10 -1.711738e-10 -2.168697e-10 -2.635692e-10 -3.086595e-10 -3.495715e-10 -3.839882e-10 -4.099952e-10 -4.261765e-10 -4.316671e-10 -4.261765e-10 -4.099952e-10 -3.839882e-10 -3.495715e-10 -3.086595e-10 -2.635692e-10 -2.168697e-10 -1.711738e-10 -1.288886e-10 -9.195672e-11 -6.163991e-11 -3.839680e-11 -2.189668e-11 -1.117619e-11 -4.904199e-12 -1.681956e-12 -2.943523e-13 1.497926e-13 2.008619e-13 1.388673e-13 7.414755e-14 3.337768e-14 1.310612e-14 4.565923e-15 1.425119e-15 4.009090e-16 1.020233e-16 2.352960e-17 4.918394e-18 9.298388e-19 1.581310e-19 2.391882e-20 3.141840e-21 3.380943e-22 2.429712e-23 -5.022207e-25 -6.069122e-25 -1.447161e-25 -2.519406e-26 -3.694091e-27 -4.785686e-28 -5.599476e-29 -5.987127e-30 -5.889565e-31 -5.350544e-32 -4.497109e-33 -3.497042e-34 -2.511264e-35 -1.658079e-36 -9.988838e-38 -4.548315e-39 -5.336160e-41 -7.721253e-44 -3.834342e-48 4.176148e-51 3.525799e-55 7.836882e-60 0.000000e+00
0.000000e+00 7.963275e-59 2.620564e-54 -4.258851e-52 -4.775719e-46 -1.761169e-42 -9.196256e-40 -6.806981e-38 -1.362888e-36 -2.104786e-35 -2.992215e-34 -3.929768e-33 -4.776879e-32 -5.374272e-31 -5.586327e-30 -5.344532e-29 -4.674565e-28 -3.694091e-27 -2.580084e-26 -1.517772e-25 -6.511007e-25 -5.277110e-25 2.782316e-23 3.961773e-22 3.779479e-21 2.957083e-20 2.010562e-19 1.216490e-18 6.623520e-18 3.262438e-17 1.456458e-16 5.891096e-16 2.153986e-15 7.088448e-15 2.084572e-14 5.413753e-14 1.215391e-13 2.253818e-13 3.024400e-13 1.040527e-13 -1.004912e-12 -4.291838e-12 -1.183702e-11 -2.649804e-11 -5.155628e-11 -9.008103e-11 -1.441888e-10 -2.144335e-10 -2.995134e-10 -3.963613e-10 -5.005591e-10 -6.069376e-10 -7.102015e-10 -8.054498e-10 -8.885214e-10 -9.561525e-10 -1.005980e-09 -1.036452e-09 -1.046701e-09 -1.036452e-09 -1.005980e-09 -9.561525e-10 -8.885214e-10 -8.054498e-10 -7.102015e-10 -6.069376e-10 -5.005591e-10 -3.963613e-10 -2.995134e-10 -2.144335e-10 -1.441888e-10 -9.008103e-11 -5.155628e-11 -2.649804e-11 -1.183702e-11 -4.291838e-12 -1.004912e-12 1.040527e-13 3.024400e-13 2.253818e-13 1.215391e-13 5.413753e-14 2.084572e-14 7.088448e-15 2.153986e-15 5.891096e-16 1.456458e-16 3.262438e-17 6.623520e-18 1.216490e-18 2.010562e-19 2.957083e-20 3.779479e-21 3.961773e-22 2.782316e-23 -5.277110e-25 -6.511007e-25 -1.517772e-25 -2.580084e-26 -3.694091e-27 -4.674565e-28 -5.344532e-29 -5.586327e-30 -5.374272e-31 -4.776879e-32 -3.929768e-33 -2.992215e-34 -2.104786e-35 -1.362888e-36 -6.806981e-38 -9.196256e-40 -1.761169e-42 -4.775719e-46 -4.258851e-52 2.620564e-54 7.963275e-59 0.000000e+00
0.000000e+00 6.044108e-58 3.168135e-54 -7.419633e-49 -1.116041e-44 -3.020914e-41 -1.357701e-38 -9.092728e-37 -1.688831e-35 -2.448098e-34 -3.282379e-33 -4.074934e-32 -4.684079e-31 -4.976668e-30 -4.868704e-29 -4.356338e-28 -3.523276e-27 -2.519406e-26 -1.517772e-25 -6.665272e-25 -5.404359e-25 3.017607e-23 4.402811e-22 4.311904e-21 3.466122e-20 2.422652e-19 1.507567e-18 8.445181e-18 4.280702e-17 1.966733e-16 8.185085e-16 3.077343e-15 1.039989e-14 3.133190e-14 8.298106e-14 1.882251e-13 3.447309e-13 4.187207e-13 -1.037909e-13 -2.551459e-12 -9.618852e-12 -2.578166e-11 -5.719746e-11 -1.108222e-10 -1.928419e-10 -3.069197e-10 -4.529049e-10 -6.264568e-10 -8.196681e-10 -1.022425e-09 -1.224055e-09 -1.414826e-09 -1.586984e-09 -1.735218e-09 -1.856599e-09 -1.950110e-09 -2.015988e-09 -2.055016e-09 -2.067929e-09 -2.055016e-09 -2.015988e-09 -1.950110e-09 -1.856599e-09 -1.735218e-09 -1.586984e-09 -1.414826e-09 -1.224055e-09 -1.022425e-09 -8.196681e-10 -6.264568e-10 -4.529049e-10 -3.069197e-10 -1.928419e-10 -1.108222e-10 -5.719746e-11 -2.578166e-11 -9.618852e-12 -2.551459e-12 -1.037909e-13 4.187207e-13 3.447309e-13 1.882251e-13 8.298106e-14 3.133190e-14 1.039989e-14 3.077343e-15 8.185085e-16 1.966733e-16 4.280702e-17 8.445181e-18 1.507567e-18 2.422652e-19 3.466122e-20 4.311904e-21 4.402811e-22 3.017607e-23 -5.404359e-25 -6.665272e-25 -1.517772e-25 -2.519406e-26 -3.523276e-27 -4.356338e-28 -4.868704e-29 -4.976668e-30 -4.684079e-31 -4.074934e-32 -3.282379e-33 -2.448098e-34 -1.688831e-35 -9.092728e-37 -1.357701e-38 -3.020914e-41 -1.116041e-44 -7.419633e-49 3.168135e-54 6.044108e-58 0.000000e+00
0.000000e+00 1.335719e-57 -3.602164e-52 -1.785663e-47 -1.906417e-43 -4.406182e-40 -1.784111e-37 -1.102088e-35 -1.916461e-34 -2.620135e-33 -3.320915e-32 -3.898850e-31 -4.232569e-30 -4.232691e-29 -3.873052e-28 -3.204817e-27 -2.345743e-26 -1.447161e-25 -6.511007e-25 -5.404359e-25 3.100314e-23 4.641220e-22 4.666362e-21 3.852808e-20 2.767259e-19 1.770278e-18 1.019836e-17 5.317387e-17 2.513201e-16 1.075809e-15 4.158007e-15 1.442888e-14 4.453582e-14 1.203151e-13 2.757971e-13 4.979742e-13 5.301450e-13 -6.075872e-13 -5.489411e-12 -1.942686e-11 -5.133702e-11 -1.134428e-10 -2.191234e-10 -3.791736e-10 -5.978278e-10 -8.702700e-10 -1.182684e-09 -1.514776e-09 -1.843789e-09 -2.148706e-09 -2.413515e-09 -2.628966e-09 -2.792750e-09 -2.908448e-09 -2.983716e-09 -3.028216e-09 -3.051653e-09 -3.062139e-09 -3.065015e-09 -3.062139e-09 -3.051653e-09 -3.028216e-09 -2.983716e-09 -2.908448e-09 -2.792750e-09 -2.628966e-09 -2.413515e-09 -2.148706e-09 -1.843789e-09 -1.514776e-09 -1.182684e-09 -8.702700e-10 -5.978278e-10 -3.791736e-10 -2.191234e-10 -1.134428e-10 -5.133702e-11 -1.942686e-11 -5.489411e-12 -6.075872e-13 5.301450e-13 4.979742e-13 2.757971e-13 1.203151e-13 4.453582e-14 1.442888e-14 4.158007e-15 1.075809e-15 2.513201e-16 5.317387e-17 1.019836e-17 1.770278e-18 2.767259e-19 3.852808e-20 4.666362e-21 4.641220e-22 3.100314e-23 -5.404359e-25 -6.511007e-25 -1.447161e-25 -2.345743e-26 -3.204817e-27 -3.873052e-28 -4.232691e-29 -4.232569e-30 -3.898850e-31 -3.320915e-32 -2.620135e-33 -1.916461e-34 -1.102088e-35 -1.784111e-37 -4.406182e-40 -1.906417e-43 -1.785663e-47 -3.602164e-52 1.335719e-57 0.000000e+00
0.000000e+00 -6.428139e-56 -8.984840e-51 -3.038364e-46 -2.746371e-42 -5.700807e-39 -2.123827e-36 -1.222392e-34 -2.000117e-33 -2.585048e-32 -3.098671e-31 -3.435977e-30 -3.511204e-29 -3.284602e-28 -2.779928e-27 -2.082318e-26 -1.315573e-25 -6.069122e-25 -5.277110e-25 3.017607e-23 4.641220e-22 4.790815e-21 4.061890e-20 2.996908e-19 1.970147e-18 1.166718e-17 6.254933e-17 3.040137e-16 1.338145e-15 5.315780e-15 1.894054e-14 5.990538e-14 1.651566e-13 3.828491e-13 6.809413e-13 6.084519e-13 -1.564875e-12 -1.047381e-11 -3.586041e-11 -9.424668e-11 -2.080968e-10 -4.008336e-10 -6.883081e-10 -1.070207e-09 -1.525818e-09 -2.016501e-09 -2.493840e-09 -2.910274e-09 -3.228603e-09 -3.427935e-09 -3.505288e-09 -3.473531e-09 -3.357039e-09 -3.186555e-09 -2.994395e-09 -2.810644e-09 -2.660517e-09 -2.562778e-09 -2.528911e-09 -2.562778e-09 -2.660517e-09 -2.810644e-09 -2.994395e-09 -3.186555e-09 -3.357039e-09 -3.473531e-09 -3.505288e-09 -3.427935e-09 -3.228603e-09 -2.910274e-09 -2.493840e-09 -2.016501e-09 -1.525818e-09 -1.070207e-09 -6.883081e-10 -4.008336e-10 -2.080968e-10 -9.424668e-11 -3.586041e-11 -1.047381e-11 -1.564875e-12 6.084519e-13 6.809413e-13 3.828491e-13 1.651566e-13 5.990538e-14 1.894054e-14 5.315780e-15 1.338145e-15 3.040137e-16 6.254933e-17 1.166718e-17 1.970147e-18 2.996908e-19 4.061890e-20 4.790815e-21 4.641220e-22 3.017607e-23 -5.277110e-25 -6.069122e-25 -1.315573e-25 -2.082318e-26 -2.779928e-27 -3.284602e-28 -3.511204e-29 -3.435977e-30 -3.098671e-31 -2.585048e-32 -2.000117e-33 -1.222392e-34 -2.123827e-36 -5.700807e-39 -2.746371e-42 -3.038364e-46 -8.984840e-51 -6.428139e-56 0.000000e+00
0.000000e+00 -1.675259e-54 -1.523226e-49 -4.320823e-45 -3.496652e-41 -6.668977e-38 -2.311151e-35 -1.246173e-33 -1.923215e-32 -2.350937e-31 -2.661848e-30 -2.778734e-29 -2.656651e-28 -2.299176e-27 -1.762150e-26 -1.140133e-25 -5.397739e-25 -5.022207e-25 2.782316e-23 4.402811e-22 4.666362e-21 4.061890e-20 3.077580e-19 2.078315e-18 1.264723e-17 6.969239e-17 3.482241e-16 1.575659e-15 6.432498e-15 2.353403e-14 7.629426e-14 2.147991e-13 5.041096e-13 8.836764e-13 6.236015e-13 -3.114861e-12 -1.810820e-11 -6.103306e-11 -1.604692e-10 -3.548346e-10 -6.815435e-10 -1.158608e-09 -1.767048e-09 -2.445031e-09 -3.098748e-09 -3.625411e-09 -3.938484e-09 -3.986251e-09 -3.759137e-09 -3.286188e-09 -2.624397e-09 -1.845363e-09 -1.023064e-09 -2.248871e-10 4.934589e-10 1.089615e-09 1.533877e-09 1.807282e-09 1.899501e-09 1.807282e-09 1.533877e-09 1.089615e-09 4.934589e-10 -2.248871e-10 -1.023064e-09 -1.845363e-09 -2.624397e-09 -3.286188e-09 -3.759137e-09 -3.986251e-09 -3.938484e-09 -3.625411e-09 -3.098748e-09 -2.445031e-09 -1.767048e-09 -1.158608e-09 -6.815435e-10 -3.548346e-10 -1.604692e-10 -6.103306e-11 -1.810820e-11 -3.114861e-12 6.236015e-13 8.836764e-13 5.041096e-13 2.147991e-13 7.629426e-14 2.353403e-14 6.432498e-15 1.575659e-15 3.482241e-16 6.969239e-17 1.264723e-17 2.078315e-18 3.077580e-19 4.061890e-20 4.666362e-21 4.402811e-22 2.782316e-23 -5.022207e-25 -5.397739e-25 -1.140133e-25 -1.762150e-26 -2.299176e-27 -2.656651e-28 -2.778734e-29 -2.661848e-30 -2.350937e-31 -1.923215e-32 -1.246173e-33 -2.311151e-35 -6.668977e-38 -3.496652e-41 -4.320823e-45 -1.523226e-49 -1.675259e-54 0.000000e+00
0.000000e+00 -2.830748e-53 -2.137106e-48 -5.409320e-44 -4.017005e-40 -7.123034e-37 -2.309899e-34 -1.169850e-32 -1.703718e-31 -1.967389e-30 -2.097405e-29 -2.048853e-28 -1.812720e-27 -1.421313e-26 -9.418238e-26 -4.579741e-25 -4.643065e-25 2.429712e-23 3.961773e-22 4.311904e-21 3.852808e-20 2.996908e-19 2.078315e-18 1.299171e-17 7.356153e-17 3.777510e-16 1.756762e-15 7.369623e-15 2.768820e-14 9.204073e-14 2.648527e-13 6.303258e-13 1.091294e-12 5.549174e-13 -5.316865e-12 -2.871089e-11 -9.634011e-11 -2.545213e-10 -5.647033e-10 -1.081545e-09 -1.815645e-09 -2.699550e-09 -3.582759e-09 -4.266285e-09 -4.561079e-09 -4.341925e-09 -3.576361e-09 -2.323318e-09 -7.083787e-10 1.111024e-09 2.978426e-09 4.761897e-09 6.365817e-09 7.732407e-09 8.836121e-09 9.674373e-09 1.025749e-08 1.059970e-08 1.071236e-08 1.059970e-08 1.025749e-08 9.674373e-09 8.836121e-09 7.732407e-09 6.365817e-09 4.761897e-09 2.978426e-09 1.111024e-09 -7.083787e-10 -2.323318e-09 -3.576361e-09 -4.341925e-09 -4.561079e-09 -4.266285e-09 -3.582759e-09 -2.699550e-09 -1.815645e-09 -1.081545e-09 -5.647033e-10 -2.545213e-10 -9.634011e-11 -2.871089e-11 -5.316865e-12 5.549174e-13 1.091294e-12 6.303258e-13 2.648527e-13 9.204073e-14 2.768820e-14 7.369623e-15 1.756762e-15 3.777510e-16 7.356153e-17 1.299171e-17 2.078315e-18 2.996908e-19 3.852808e-20 4.311904e-21 3.961773e-22 2.429712e-23 -4.643065e-25 -4.579741e-25 -9.418238e-26 -1.421313e-26 -1.812720e-27 -2.048853e-28 -2.097405e-29 -1.967389e-30 -1.703718e-31 -1.169850e-32 -2.309899e-34 -7.123034e-37 -4.017005e-40 -5.409320e-44 -2.137106e-48 -2.830748e-53 0.000000e+00
0.000000e+00 -3.916025e-52 -2.628621e-47 -6.097214e-43 -4.207892e-39 -6.981818e-36 -2.124839e-33 -1.011303e-31 -1.388108e-30 -1.509508e-29 -1.506228e-28 -1.362067e-27 -1.092411e-26 -7.414224e-26 -3.706131e-25 -4.152771e-25 2.008947e-23 3.380943e-22 3.779479e-21 3.466122e-20 2.767259e-19 1.970147e-18 1.264723e-17 7.356153e-17 3.881347e-16 1.854905e-15 7.995584e-15 3.085308e-14 1.052155e-13 3.097671e-13 7.491506e-13 1.286112e-12 4.025983e-13 -8.087746e-12 -4.205571e-11 -1.416285e-10 -3.773520e-10 -8.416383e-10 -1.607761e-09 -2.659200e-09 -3.827664e-09 -4.796785e-09 -5.194281e-09 -4.727779e-09 -3.287847e-09 -9.742451e-10 1.949118e-09 5.139147e-09 8.261061e-09 1.105139e-08 1.334817e-08 1.509159e-08 1.630491e-08 1.706724e-08 1.748565e-08 1.767222e-08 1.772709e-08 1.772767e-08 1.772238e-08 1.772767e-08 1.772709e-08 1.767222e-08 1.748565e-08 1.706724e-08 1.630491e-08 1.509159e-08 1.334817e-08 1.105139e-08 8.261061e-09 5.139147e-09 1.949118e-09 -9.742451e-10 -3.287847e-09 -4.727779e-09 -5.194281e-09 -4.796785e-09 -3.827664e-09 -2.659200e-09 -1.607761e-09 -8.416383e-10 -3.773520e-10 -1.416285e-10 -4.205571e-11 -8.087746e-12 4.025983e-13 1.286112e-12 7.491506e-13 3.097671e-13 1.052155e-13 3.085308e-14 7.995584e-15 1.854905e-15 3.881347e-16 7.356153e-17 1.264723e-17 1.970147e-18 2.767259e-19 3.466122e-20 3.779479e-21 3.380943e-22 2.008947e-23 -4.152771e-25 -3.706131e-25 -7.414224e-26 -1.092411e-26 -1.362067e-27 -1.506228e-28 -1.509508e-29 -1.388108e-30 -1.011303e-31 -2.124839e-33 -6.981818e-36 -4.207892e-39 -6.097214e-43 -2.628621e-47 -3.916025e-52 0.000000e+00
