0.000000e+00 0.000000e+00 0.000000e+00 0.000000e+00 6.405195e-124 7.437757e-119 8.388223e-115 1.021701e-111 2.610535e-109 4.191032e-107 5.331011e-105 5.459367e-103 4.496688e-101 2.890795e-99 1.286847e-97 1.457591e-96 -4.147390e-94 -5.341884e-92 -4.310195e-90 -2.743146e-88 -1.471502e-86 -6.847992e-85 -2.806397e-83 -1.021086e-81 -3.311537e-80 -9.579502e-79 -2.464867e-77 -5.598882e-76 -1.104885e-74 -1.828943e-73 -2.310141e-72 -1.391557e-71 3.129712e-70 1.438907e-68 3.549753e-67 6.766406e-66 1.080844e-64 1.490300e-63 1.795017e-62 1.894729e-61 1.747565e-60 1.394969e-59 9.443170e-59 5.183753e-58 2.029864e-57 2.279829e-57 -4.783023e-56 -5.490009e-55 -3.825374e-54 -2.042751e-53 -8.878002e-53 -3.209745e-52 -9.734530e-52 -2.483150e-51 -5.329663e-51 -9.625866e-51 -1.464346e-50 -1.880359e-50 -2.043064e-50 -1.880359e-50 -1.464346e-50 -9.625866e-51 -5.329663e-51 -2.483150e-51 -9.734530e-52 -3.209745e-52 -8.878002e-53 -2.042751e-53 -3.825374e-54 -5.490009e-55 -4.783023e-56 2.279829e-57 2.029864e-57 5.183753e-58 9.443170e-59 1.394969e-59 1.747565e-60 1.894729e-61 1.795017e-62 1.490300e-63 1.080844e-64 6.766406e-66 3.549753e-67 1.438907e-68 3.129712e-70 -1.391557e-71 -2.310141e-72 -1.828943e-73 -1.104885e-74 -5.598882e-76 -2.464867e-77 -9.579502e-79 -3.311537e-80 -1.021086e-81 -2.806397e-83 -6.847992e-85 -1.471502e-86 -2.743146e-88 -4.310195e-90 -5.341884e-92 -4.147390e-94 1.457591e-96 1.286847e-97 2.890795e-99 4.496688e-101 5.459367e-103 5.331011e-105 4.191032e-107 2.610535e-109 1.021701e-111 8.388223e-115 7.437757e-119 6.405195e-124 0.000000e+00 0.000000e+00 0.000000e+00 0.000000e+00
0.000000e+00 0.000000e+00 0.000000e+00 8.013269e-123 3.575507e-117 2.041476e-112 1.505626e-108 1.344865e-105 2.677941e-103 3.467505e-101 3.615652e-99 3.031880e-97 1.982544e-95 8.938576e-94 9.420369e-93 -3.124782e-90 -4.060979e-88 -3.337767e-86 -2.169228e-84 -1.189794e-82 -5.666674e-81 -2.378506e-79 -8.869741e-78 -2.950202e-76 -8.757694e-75 -2.313493e-73 -5.396457e-72 -1.093287e-70 -1.854696e-69 -2.383136e-68 -1.364584e-67 3.890318e-66 1.754993e-64 4.435095e-63 8.730607e-62 1.445608e-60 2.071362e-59 2.597969e-58 2.860629e-57 2.756294e-56 2.300389e-55 1.627121e-54 9.284378e-54 3.680725e-53 2.214044e-53 -1.253615e-51 -1.433799e-50 -1.054545e-49 -6.046013e-49 -2.850693e-48 -1.127883e-47 -3.774416e-47 -1.071076e-46 -2.578104e-46 -5.262967e-46 -9.118849e-46 -1.344229e-45 -1.692337e-45 -1.826407e-45 -1.692337e-45 -1.344229e-45 -9.118849e-46 -5.262967e-46 -2.578104e-46 -1.071076e-46 -3.774416e-47 -1.127883e-47 -2.850693e-48 -6.046013e-49 -1.054545e-49 -1.433799e-50 -1.253615e-51 2.214044e-53 3.680725e-53 9.284378e-54 1.627121e-54 2.300389e-55 2.756294e-56 2.860629e-57 2.597969e-58 2.071362e-59 1.445608e-60 8.730607e-62 4.435095e-63 1.754993e-64 3.890318e-66 -1.364584e-67 -2.383136e-68 -1.854696e-69 -1.093287e-70 -5.396457e-72 -2.313493e-73 -8.757694e-75 -2.950202e-76 -8.869741e-78 -2.378506e-79 -5.666674e-81 -1.189794e-82 -2.169228e-84 -3.337767e-86 -4.060979e-88 -3.124782e-90 9.420369e-93 8.938576e-94 1.982544e-95 3.031880e-97 3.615652e-99 3.467505e-101 2.677941e-103 1.344865e-105 1.505626e-108 2.041476e-112 3.575507e-117 8.013269e-123 0.000000e+00 0.000000e+00 0.000000e+00
0.000000e+00 0.000000e+00 1.330322e-122 1.829621e-116 4.014099e-111 1.498741e-106 8.103429e-103 5.633344e-100 9.037013e-98 9.588085e-96 8.180627e-94 5.437478e-92 2.480524e-90 2.389827e-89 -9.405586e-87 -1.232593e-84 -1.031248e-82 -6.839139e-81 -3.832718e-79 -1.866765e-77 -8.018868e-76 -3.062338e-74 -1.043726e-72 -3.176471e-71 -8.606318e-70 -2.059293e-68 -4.277821e-67 -7.426251e-66 -9.683486e-65 -5.173454e-64 1.895014e-62 8.414347e-61 2.175543e-59 4.415557e-58 7.565033e-57 1.124245e-55 1.465199e-54 1.679044e-53 1.685737e-52 1.466777e-51 1.080446e-50 6.380423e-50 2.535796e-49 -2.802851e-50 -1.220230e-47 -1.404292e-46 -1.086785e-45 -6.651727e-45 -3.378270e-44 -1.450488e-43 -5.304323e-43 -1.656065e-42 -4.414615e-42 -1.004276e-41 -1.950095e-41 -3.238876e-41 -4.621375e-41 -5.698890e-41 -6.106745e-41 -5.698890e-41 -4.621375e-41 -3.238876e-41 -1.950095e-41 -1.004276e-41 -4.414615e-42 -1.656065e-42 -5.304323e-43 -1.450488e-43 -3.378270e-44 -6.651727e-45 -1.086785e-45 -1.404292e-46 -1.220230e-47 -2.802851e-50 2.535796e-49 6.380423e-50 1.080446e-50 1.466777e-51 1.685737e-52 1.679044e-53 1.465199e-54 1.124245e-55 7.565033e-57 4.415557e-58 2.175543e-59 8.414347e-61 1.895014e-62 -5.173454e-64 -9.683486e-65 -7.426251e-66 -4.277821e-67 -2.059293e-68 -8.606318e-70 -3.176471e-71 -1.043726e-72 -3.062338e-74 -8.018868e-76 -1.866765e-77 -3.832718e-79 -6.839139e-81 -1.031248e-82 -1.232593e-84 -9.405586e-87 2.389827e-89 2.480524e-90 5.437478e-92 8.180627e-94 9.588085e-96 9.037013e-98 5.633344e-100 8.103429e-103 1.498741e-106 4.014099e-111 1.829621e-116 1.330322e-122 0.000000e+00 0.000000e+00
0.000000e+00 2.995446e-123 1.076769e-116 7.281610e-111 1.044690e-105 2.859437e-101 1.202846e-97 6.726752e-95 8.830137e-93 7.659889e-91 5.171915e-89 2.384815e-87 2.051431e-86 -9.808679e-84 -1.295429e-81 -1.102507e-79 -7.456119e-78 -4.266318e-76 -2.123477e-74 -9.328022e-73 -3.645170e-71 -1.271977e-69 -3.965246e-68 -1.100831e-66 -2.699152e-65 -5.742447e-64 -1.018624e-62 -1.344500e-61 -6.533768e-61 3.141484e-59 1.376511e-57 3.636968e-56 7.599311e-55 1.344899e-53 2.069154e-52 2.796572e-51 3.328053e-50 3.473339e-49 3.142377e-48 2.402979e-47 1.462290e-46 5.759456e-46 -6.234818e-46 -3.865773e-44 -4.502153e-43 -3.654967e-42 -2.376159e-41 -1.291900e-40 -5.976239e-40 -2.368621e-39 -8.060434e-39 -2.354629e-38 -5.898404e-38 -1.266289e-37 -2.332334e-37 -3.699959e-37 -5.091313e-37 -6.132574e-37 -6.517988e-37 -6.132574e-37 -5.091313e-37 -3.699959e-37 -2.332334e-37 -1.266289e-37 -5.898404e-38 -2.354629e-38 -8.060434e-39 -2.368621e-39 -5.976239e-40 -1.291900e-40 -2.376159e-41 -3.654967e-42 -4.502153e-43 -3.865773e-44 -6.234818e-46 5.759456e-46 1.462290e-46 2.402979e-47 3.142377e-48 3.473339e-49 3.328053e-50 2.796572e-51 2.069154e-52 1.344899e-53 7.599311e-55 3.636968e-56 1.376511e-57 3.141484e-59 -6.533768e-61 -1.344500e-61 -1.018624e-62 -5.742447e-64 -2.699152e-65 -1.100831e-66 -3.965246e-68 -1.271977e-69 -3.645170e-71 -9.328022e-73 -2.123477e-74 -4.266318e-76 -7.456119e-78 -1.102507e-79 -1.295429e-81 -9.808679e-84 2.051431e-86 2.384815e-87 5.171915e-89 7.659889e-91 8.830137e-93 6.726752e-95 1.202846e-97 2.859437e-101 1.044690e-105 7.281610e-111 1.076769e-116 2.995446e-123 0.000000e+00
0.000000e+00 7.101827e-118 1.255250e-111 5.550965e-106 5.838257e-101 1.243218e-96 4.205440e-93 1.921203e-90 2.058204e-88 1.410426e-86 6.566903e-85 4.879654e-84 -2.930072e-81 -3.897755e-79 -3.372294e-77 -2.324157e-75 -1.356904e-73 -6.896878e-72 -3.095978e-70 -1.237038e-68 -4.415943e-67 -1.408885e-65 -4.004099e-64 -1.005034e-62 -2.187346e-61 -3.958875e-60 -5.275245e-59 -2.247746e-58 1.467084e-56 6.357433e-55 1.714677e-53 3.683142e-52 6.722689e-51 1.068956e-49 1.495510e-48 1.844498e-47 1.996638e-46 1.873516e-45 1.482848e-44 9.258162e-44 3.563373e-43 -8.632103e-43 -3.320801e-41 -3.927030e-40 -3.334589e-39 -2.292432e-38 -1.327079e-37 -6.573046e-37 -2.803539e-36 -1.031589e-35 -3.272679e-35 -8.936193e-35 -2.096574e-34 -4.224367e-34 -7.325661e-34 -1.100265e-33 -1.447193e-33 -1.691028e-33 -1.778011e-33 -1.691028e-33 -1.447193e-33 -1.100265e-33 -7.325661e-34 -4.224367e-34 -2.096574e-34 -8.936193e-35 -3.272679e-35 -1.031589e-35 -2.803539e-36 -6.573046e-37 -1.327079e-37 -2.292432e-38 -3.334589e-39 -3.927030e-40 -3.320801e-41 -8.632103e-43 3.563373e-43 9.258162e-44 1.482848e-44 1.873516e-45 1.996638e-46 1.844498e-47 1.495510e-48 1.068956e-49 6.722689e-51 3.683142e-52 1.714677e-53 6.357433e-55 1.467084e-56 -2.247746e-58 -5.275245e-59 -3.958875e-60 -2.187346e-61 -1.005034e-62 -4.004099e-64 -1.408885e-65 -4.415943e-67 -1.237038e-68 -3.095978e-70 -6.896878e-72 -1.356904e-73 -2.324157e-75 -3.372294e-77 -3.897755e-79 -2.930072e-81 4.879654e-84 6.566903e-85 1.410426e-86 2.058204e-88 1.921203e-90 4.205440e-93 1.243218e-96 5.838257e-101 5.550965e-106 1.255250e-111 7.101827e-118 0.000000e+00
0.000000e+00 1.885768e-113 2.179642e-107 7.066153e-102 5.781943e-97 9.900563e-93 2.734700e-89 1.017428e-86 8.583973e-85 4.030369e-83 2.465406e-82 -1.950697e-79 -2.612642e-77 -2.296577e-75 -1.612008e-73 -9.596728e-72 -4.977993e-70 -2.281963e-68 -9.316270e-67 -3.399658e-65 -1.109180e-63 -3.224320e-62 -8.277052e-61 -1.840826e-59 -3.394719e-58 -4.554328e-57 -1.608687e-56 1.503109e-54 6.455275e-53 1.775642e-51 3.915976e-50 7.361290e-49 1.207840e-47 1.746231e-46 2.227994e-45 2.496399e-44 2.423898e-43 1.980057e-42 1.262901e-41 4.668125e-41 -2.006119e-40 -6.054106e-39 -7.285493e-38 -6.453784e-37 -4.673362e-36 -2.867028e-35 -1.512249e-34 -6.898829e-34 -2.725953e-33 -9.319280e-33 -2.749620e-32 -6.979769e-32 -1.520199e-31 -2.837953e-31 -4.553080e-31 -6.334084e-31 -7.776588e-31 -8.643705e-31 -8.920906e-31 -8.643705e-31 -7.776588e-31 -6.334084e-31 -4.553080e-31 -2.837953e-31 -1.520199e-31 -6.979769e-32 -2.749620e-32 -9.319280e-33 -2.725953e-33 -6.898829e-34 -1.512249e-34 -2.867028e-35 -4.673362e-36 -6.453784e-37 -7.285493e-38 -6.054106e-39 -2.006119e-40 4.668125e-41 1.262901e-41 1.980057e-42 2.423898e-43 2.496399e-44 2.227994e-45 1.746231e-46 1.207840e-47 7.361290e-49 3.915976e-50 1.775642e-51 6.455275e-53 1.503109e-54 -1.608687e-56 -4.554328e-57 -3.394719e-58 -1.840826e-59 -8.277052e-61 -3.224320e-62 -1.109180e-63 -3.399658e-65 -9.316270e-67 -2.281963e-68 -4.977993e-70 -9.596728e-72 -1.612008e-73 -2.296577e-75 -2.612642e-77 -1.950697e-79 2.465406e-82 4.030369e-83 8.583973e-85 1.017428e-86 2.734700e-89 9.900563e-93 5.781943e-97 7.066153e-102 2.179642e-107 1.885768e-113 0.000000e+00
0.000000e+00 5.694922e-110 4.826076e-104 1.217371e-98 8.011155e-94 1.120249e-89 2.519119e-86 7.359248e-84 4.220152e-82 1.994572e-81 -2.210244e-78 -2.981434e-76 -2.661986e-74 -1.902291e-72 -1.154305e-70 -6.107720e-69 -2.857778e-67 -1.191471e-65 -4.442116e-64 -1.481217e-62 -4.401436e-61 -1.154808e-59 -2.622647e-58 -4.923827e-57 -6.639974e-56 -1.793956e-55 2.581454e-53 1.102703e-51 3.092829e-50 6.997641e-49 1.353371e-47 2.288802e-46 3.415110e-45 4.501195e-44 5.212351e-43 5.227874e-42 4.398666e-41 2.856848e-40 9.961652e-40 -6.856330e-39 -1.799331e-37 -2.209530e-36 -2.038481e-35 -1.550217e-34 -1.004102e-33 -5.615631e-33 -2.726487e-32 -1.150399e-31 -4.211424e-31 -1.333047e-30 -3.630975e-30 -8.462446e-30 -1.677423e-29 -2.812706e-29 -3.979524e-29 -4.775945e-29 -4.980025e-29 -4.786907e-29 -4.644345e-29 -4.786907e-29 -4.980025e-29 -4.775945e-29 -3.979524e-29 -2.812706e-29 -1.677423e-29 -8.462446e-30 -3.630975e-30 -1.333047e-30 -4.211424e-31 -1.150399e-31 -2.726487e-32 -5.615631e-33 -1.004102e-33 -1.550217e-34 -2.038481e-35 -2.209530e-36 -1.799331e-37 -6.856330e-39 9.961652e-40 2.856848e-40 4.398666e-41 5.227874e-42 5.212351e-43 4.501195e-44 3.415110e-45 2.288802e-46 1.353371e-47 6.997641e-49 3.092829e-50 1.102703e-51 2.581454e-53 -1.793956e-55 -6.639974e-56 -4.923827e-57 -2.622647e-58 -1.154808e-59 -4.401436e-61 -1.481217e-62 -4.442116e-64 -1.191471e-65 -2.857778e-67 -6.107720e-69 -1.154305e-70 -1.902291e-72 -2.661986e-74 -2.981434e-76 -2.210244e-78 1.994572e-81 4.220152e-82 7.359248e-84 2.519119e-86 1.120249e-89 8.011155e-94 1.217371e-98 4.826076e-104 5.694922e-110 0.000000e+00
0.000000e+00 2.387880e-107 1.575768e-101 3.199486e-96 1.721153e-91 1.961741e-87 3.467649e-84 6.862842e-82 3.100374e-81 -4.629974e-78 -6.316255e-76 -5.736408e-74 -4.176825e-72 -2.584792e-70 -1.395763e-68 -6.668606e-67 -2.840433e-65 -1.082392e-63 -3.690450e-62 -1.121623e-60 -3.010120e-59 -6.989387e-58 -1.338929e-56 -1.825472e-55 -3.779515e-55 8.069899e-53 3.471511e-51 9.961869e-50 2.315881e-48 4.612220e-47 8.044242e-46 1.239316e-44 1.688165e-43 2.021584e-42 2.096592e-41 1.820532e-40 1.209582e-39 4.028801e-39 -3.859287e-38 -9.584617e-37 -1.212273e-35 -1.167681e-34 -9.328132e-34 -6.373896e-33 -3.773894e-32 -1.946011e-31 -8.745539e-31 -3.418138e-30 -1.156771e-29 -3.367483e-29 -8.355908e-29 -1.744764e-28 -3.007022e-28 -4.136946e-28 -4.222547e-28 -2.473697e-28 8.947850e-29 4.320833e-28 5.775354e-28 4.320833e-28 8.947850e-29 -2.473697e-28 -4.222547e-28 -4.136946e-28 -3.007022e-28 -1.744764e-28 -8.355908e-29 -3.367483e-29 -1.156771e-29 -3.418138e-30 -8.745539e-31 -1.946011e-31 -3.773894e-32 -6.373896e-33 -9.328132e-34 -1.167681e-34 -1.212273e-35 -9.584617e-37 -3.859287e-38 4.028801e-39 1.209582e-39 1.820532e-40 2.096592e-41 2.021584e-42 1.688165e-43 1.239316e-44 8.044242e-46 4.612220e-47 2.315881e-48 9.961869e-50 3.471511e-51 8.069899e-53 -3.779515e-55 -1.825472e-55 -1.338929e-56 -6.989387e-58 -3.010120e-59 -1.121623e-60 -3.690450e-62 -1.082392e-63 -2.840433e-65 -6.668606e-67 -1.395763e-68 -2.584792e-70 -4.176825e-72 -5.736408e-74 -6.316255e-76 -4.629974e-78 3.100374e-81 6.862842e-82 3.467649e-84 1.961741e-87 1.721153e-91 3.199486e-96 1.575768e-101 2.387880e-107 0.000000e+00
0.000000e+00 3.997733e-105 2.126935e-99 3.536940e-94 1.554606e-89 1.398004e-85 1.686900e-82 2.917021e-81 -4.837015e-78 -6.723393e-76 -6.229410e-74 -4.630238e-72 -2.926570e-70 -1.614870e-68 -7.888040e-67 -3.436738e-65 -1.340289e-63 -4.679212e-62 -1.456963e-60 -4.007879e-59 -9.543060e-58 -1.874980e-56 -2.618713e-55 -5.210764e-55 1.241387e-52 5.478320e-51 1.618387e-49 3.879086e-48 7.974606e-47 1.437306e-45 2.290770e-44 3.231574e-43 4.011747e-42 4.316841e-41 3.890309e-40 2.677133e-39 9.011366e-39 -9.901653e-38 -2.503107e-36 -3.304602e-35 -3.341126e-34 -2.811416e-33 -2.029510e-32 -1.273099e-31 -6.974274e-31 -3.338517e-30 -1.393002e-29 -5.040300e-29 -1.568620e-28 -4.146670e-28 -9.123466e-28 -1.608035e-27 -2.067044e-27 -1.261520e-27 2.151900e-27 8.835315e-27 1.759972e-26 2.528579e-26 2.836459e-26 2.528579e-26 1.759972e-26 8.835315e-27 2.151900e-27 -1.261520e-27 -2.067044e-27 -1.608035e-27 -9.123466e-28 -4.146670e-28 -1.568620e-28 -5.040300e-29 -1.393002e-29 -3.338517e-30 -6.974274e-31 -1.273099e-31 -2.029510e-32 -2.811416e-33 -3.341126e-34 -3.304602e-35 -2.503107e-36 -9.901653e-38 9.011366e-39 2.677133e-39 3.890309e-40 4.316841e-41 4.011747e-42 3.231574e-43 2.290770e-44 1.437306e-45 7.974606e-47 3.879086e-48 1.618387e-49 5.478320e-51 1.241387e-52 -5.210764e-55 -2.618713e-55 -1.874980e-56 -9.543060e-58 -4.007879e-59 -1.456963e-60 -4.679212e-62 -1.340289e-63 -3.436738e-65 -7.888040e-67 -1.614870e-68 -2.926570e-70 -4.630238e-72 -6.229410e-74 -6.723393e-76 -4.837015e-78 2.917021e-81 1.686900e-82 1.398004e-85 1.554606e-89 3.536940e-94 2.126935e-99 3.997733e-105 0.000000e+00
0.000000e+00 5.183772e-103 2.260364e-97 3.074534e-92 1.068523e-87 6.605736e-84 9.263080e-82 -3.878634e-78 -6.724514e-76 -6.356532e-74 -4.823124e-72 -3.113308e-70 -1.755225e-68 -8.763930e-67 -3.905002e-65 -1.558252e-63 -5.569353e-62 -1.776275e-60 -5.007833e-59 -1.222765e-57 -2.464926e-56 -3.533143e-55 -7.115137e-55 1.775273e-52 8.056767e-51 2.451065e-49 6.056127e-48 1.284652e-46 2.391448e-45 3.940634e-44 5.753330e-43 7.399558e-42 8.256915e-41 7.721247e-40 5.509032e-39 1.893140e-38 -2.298836e-37 -5.977188e-36 -8.240839e-35 -8.736540e-34 -7.730254e-33 -5.882950e-32 -3.900205e-31 -2.263678e-30 -1.150745e-29 -5.109473e-29 -1.970003e-28 -6.531975e-28 -1.833172e-27 -4.231587e-27 -7.543881e-27 -8.425608e-27 2.582244e-27 4.177159e-26 1.257889e-25 2.572276e-25 4.113773e-25 5.387149e-25 5.883755e-25 5.387149e-25 4.113773e-25 2.572276e-25 1.257889e-25 4.177159e-26 2.582244e-27 -8.425608e-27 -7.543881e-27 -4.231587e-27 -1.833172e-27 -6.531975e-28 -1.970003e-28 -5.109473e-29 -1.150745e-29 -2.263678e-30 -3.900205e-31 -5.882950e-32 -7.730254e-33 -8.736540e-34 -8.240839e-35 -5.977188e-36 -2.298836e-37 1.893140e-38 5.509032e-39 7.721247e-40 8.256915e-41 7.399558e-42 5.753330e-43 3.940634e-44 2.391448e-45 1.284652e-46 6.056127e-48 2.451065e-49 8.056767e-51 1.775273e-52 -7.115137e-55 -3.533143e-55 -2.464926e-56 -1.222765e-57 -5.007833e-59 -1.776275e-60 -5.569353e-62 -1.558252e-63 -3.905002e-65 -8.763930e-67 -1.755225e-68 -3.113308e-70 -4.823124e-72 -6.356532e-74 -6.724514e-76 -3.878634e-78 9.263080e-82 6.605736e-84 1.068523e-87 3.074534e-92 2.260364e-97 5.183772e-103 0.000000e+00
0.000000e+00 5.413082e-101 1.932062e-95 2.081468e-90 5.004224e-86 4.551029e-83 -8.670504e-79 -5.310832e-76 -6.230855e-74 -4.823125e-72 -3.178143e-70 -1.829876e-68 -9.335101e-67 -4.251817e-65 -1.735139e-63 -6.345459e-62 -2.071843e-60 -5.982994e-59 -1.497169e-57 -3.094675e-56 -4.549671e-55 -9.283819e-55 2.418534e-52 1.127995e-50 3.531101e-49 8.985947e-48 1.964988e-46 3.774337e-45 6.423362e-44 9.695110e-43 1.290317e-41 1.491268e-40 1.445225e-39 1.067904e-38 3.746426e-38 -4.988111e-37 -1.334598e-35 -1.918489e-34 -2.128311e-33 -1.975644e-32 -1.581028e-31 -1.104707e-30 -6.772645e-30 -3.644427e-29 -1.716062e-28 -7.025043e-28 -2.472518e-27 -7.338810e-27 -1.769099e-26 -3.150636e-26 -2.660088e-26 6.927450e-26 4.078761e-25 1.206163e-24 2.641487e-24 4.673444e-24 6.914038e-24 8.698199e-24 9.382073e-24 8.698199e-24 6.914038e-24 4.673444e-24 2.641487e-24 1.206163e-24 4.078761e-25 6.927450e-26 -2.660088e-26 -3.150636e-26 -1.769099e-26 -7.338810e-27 -2.472518e-27 -7.025043e-28 -1.716062e-28 -3.644427e-29 -6.772645e-30 -1.104707e-30 -1.581028e-31 -1.975644e-32 -2.128311e-33 -1.918489e-34 -1.334598e-35 -4.988111e-37 3.746426e-38 1.067904e-38 1.445225e-39 1.491268e-40 1.290317e-41 9.695110e-43 6.423362e-44 3.774337e-45 1.964988e-46 8.985947e-48 3.531101e-49 1.127995e-50 2.418534e-52 -9.283819e-55 -4.549671e-55 -3.094675e-56 -1.497169e-57 -5.982994e-59 -2.071843e-60 -6.345459e-62 -1.735139e-63 -4.251817e-65 -9.335101e-67 -1.829876e-68 -3.178143e-70 -4.823125e-72 -6.230855e-74 -5.310832e-76 -8.670504e-79 4.551029e-83 5.004224e-86 2.081468e-90 1.932062e-95 5.413082e-101 0.000000e+00
0.000000e+00 4.547152e-99 1.287541e-93 9.651980e-89 4.082177e-85 -3.131756e-80 -1.177682e-76 -4.830948e-74 -4.631518e-72 -3.113309e-70 -1.829876e-68 -9.533588e-67 -4.436524e-65 -1.850695e-63 -6.921585e-62 -2.312376e-60 -6.836025e-59 -1.752133e-57 -3.711438e-56 -5.593396e-55 -1.158252e-54 3.139927e-52 1.504046e-50 4.841111e-49 1.267817e-47 2.855479e-46 5.654083e-45 9.928271e-44 1.547570e-42 2.129007e-41 2.545592e-40 2.553749e-39 1.952241e-38 6.992866e-38 -1.013471e-36 -2.791174e-35 -4.177209e-34 -4.840183e-33 -4.703742e-32 -3.949145e-31 -2.900931e-30 -1.873518e-29 -1.064087e-28 -5.297309e-28 -2.295142e-27 -8.546768e-27 -2.674222e-26 -6.706108e-26 -1.178374e-25 -5.175101e-26 5.971413e-25 2.970845e-24 9.097688e-24 2.148443e-23 4.173317e-23 6.861805e-23 9.700548e-23 1.190044e-22 1.273266e-22 1.190044e-22 9.700548e-23 6.861805e-23 4.173317e-23 2.148443e-23 9.097688e-24 2.970845e-24 5.971413e-25 -5.175101e-26 -1.178374e-25 -6.706108e-26 -2.674222e-26 -8.546768e-27 -2.295142e-27 -5.297309e-28 -1.064087e-28 -1.873518e-29 -2.900931e-30 -3.949145e-31 -4.703742e-32 -4.840183e-33 -4.177209e-34 -2.791174e-35 -1.013471e-36 6.992866e-38 1.952241e-38 2.553749e-39 2.545592e-40 2.129007e-41 1.547570e-42 9.928271e-44 5.654083e-45 2.855479e-46 1.267817e-47 4.841111e-49 1.504046e-50 3.139927e-52 -1.158252e-54 -5.593396e-55 -3.711438e-56 -1.752133e-57 -6.836025e-59 -2.312376e-60 -6.921585e-62 -1.850695e-63 -4.436524e-65 -9.533588e-67 -1.829876e-68 -3.113309e-70 -4.631518e-72 -4.830948e-74 -1.177682e-76 -3.131756e-80 4.082177e-85 9.651980e-89 1.287541e-93 4.547152e-99 0.000000e+00
0.000000e+00 2.980906e-97 5.905464e-92 8.956669e-88 -2.187150e-82 -4.226528e-78 -1.054586e-74 -3.521389e-72 -2.927485e-70 -1.755225e-68 -9.335101e-67 -4.436524e-65 -1.890887e-63 -7.228830e-62 -2.469796e-60 -7.470714e-59 -1.960205e-57 -4.252722e-56 -6.566625e-55 -1.382061e-54 3.885962e-52 1.910599e-50 6.318658e-49 1.701606e-47 3.944119e-46 8.043713e-45 1.455986e-43 2.341518e-42 3.326313e-41 4.110228e-40 4.263816e-39 3.368945e-38 1.232383e-37 -1.931349e-36 -5.475996e-35 -8.520313e-34 -1.029411e-32 -1.045312e-31 -9.188029e-31 -7.079389e-30 -4.804659e-29 -2.872732e-28 -1.507823e-27 -6.894475e-27 -2.708595e-26 -8.908810e-26 -2.316536e-25 -3.965638e-25 5.426633e-26 3.702272e-24 1.773115e-23 5.714438e-23 1.454310e-22 3.079797e-22 5.564615e-22 8.706063e-22 1.190992e-21 1.433790e-21 1.524640e-21 1.433790e-21 1.190992e-21 8.706063e-22 5.564615e-22 3.079797e-22 1.454310e-22 5.714438e-23 1.773115e-23 3.702272e-24 5.426633e-26 -3.965638e-25 -2.316536e-25 -8.908810e-26 -2.708595e-26 -6.894475e-27 -1.507823e-27 -2.872732e-28 -4.804659e-29 -7.079389e-30 -9.188029e-31 -1.045312e-31 -1.029411e-32 -8.520313e-34 -5.475996e-35 -1.931349e-36 1.232383e-37 3.368945e-38 4.263816e-39 4.110228e-40 3.326313e-41 2.341518e-42 1.455986e-43 8.043713e-45 3.944119e-46 1.701606e-47 6.318658e-49 1.910599e-50 3.885962e-52 -1.382061e-54 -6.566625e-55 -4.252722e-56 -1.960205e-57 -7.470714e-59 -2.469796e-60 -7.228830e-62 -1.890887e-63 -4.436524e-65 -9.335101e-67 -1.755225e-68 -2.927485e-70 -3.521389e-72 -1.054586e-74 -4.226528e-78 -2.187150e-82 8.956669e-88 5.905464e-92 2.980906e-97 0.000000e+00
0.000000e+00 1.350985e-95 6.062426e-91 -3.889420e-85 -2.932264e-80 -3.727035e-76 -7.551407e-73 -2.181173e-70 -1.615428e-68 -8.763931e-67 -4.251817e-65 -1.850695e-63 -7.228830e-62 -2.524598e-60 -7.809656e-59 -2.096634e-57 -4.656397e-56 -7.362961e-55 -1.577578e-54 4.585595e-52 2.312882e-50 7.853938e-49 2.173337e-47 5.180236e-46 1.087233e-44 2.026914e-43 3.360023e-42 4.924143e-41 6.281922e-40 6.731822e-39 5.492626e-38 2.052511e-37 -3.457084e-36 -1.009152e-34 -1.630372e-33 -2.050661e-32 -2.172014e-31 -1.994907e-30 -1.608921e-29 -1.144938e-28 -7.189519e-28 -3.968718e-27 -1.910211e-26 -7.896931e-26 -2.723599e-25 -7.324014e-25 -1.205399e-24 1.128604e-24 1.873681e-23 9.029677e-23 3.078892e-22 8.421412e-22 1.932168e-21 3.802965e-21 6.511939e-21 9.798093e-21 1.305024e-20 1.546680e-20 1.636226e-20 1.546680e-20 1.305024e-20 9.798093e-21 6.511939e-21 3.802965e-21 1.932168e-21 8.421412e-22 3.078892e-22 9.029677e-23 1.873681e-23 1.128604e-24 -1.205399e-24 -7.324014e-25 -2.723599e-25 -7.896931e-26 -1.910211e-26 -3.968718e-27 -7.189519e-28 -1.144938e-28 -1.608921e-29 -1.994907e-30 -2.172014e-31 -2.050661e-32 -1.630372e-33 -1.009152e-34 -3.457084e-36 2.052511e-37 5.492626e-38 6.731822e-39 6.281922e-40 4.924143e-41 3.360023e-42 2.026914e-43 1.087233e-44 5.180236e-46 2.173337e-47 7.853938e-49 2.312882e-50 4.585595e-52 -1.577578e-54 -7.362961e-55 -4.656397e-56 -2.096634e-57 -7.809656e-59 -2.524598e-60 -7.228830e-62 -1.850695e-63 -4.251817e-65 -8.763931e-67 -1.615428e-68 -2.181173e-70 -7.551407e-73 -3.727035e-76 -2.932264e-80 -3.889420e-85 6.062426e-91 1.350985e-95 0.000000e+00
0.000000e+00 1.503384e-94 -2.194347e-88 -5.177550e-83 -2.545075e-78 -2.621747e-74 -4.589884e-71 -1.178802e-68 -7.891010e-67 -3.905002e-65 -1.735139e-63 -6.921585e-62 -2.469796e-60 -7.809656e-59 -2.144172e-57 -4.872271e-56 -7.886025e-55 -1.722909e-54 5.160511e-52 2.668754e-50 9.299172e-49 2.642345e-47 6.471796e-46 1.396778e-44 2.679768e-43 4.575068e-42 6.910632e-41 9.093560e-40 1.005713e-38 8.466665e-38 3.233126e-37 -5.819661e-36 -1.748929e-34 -2.930378e-33 -3.831543e-32 -4.226214e-31 -4.048841e-30 -3.411598e-29 -2.540412e-28 -1.671754e-27 -9.683606e-27 -4.894858e-26 -2.124470e-25 -7.666679e-25 -2.127403e-24 -3.318839e-24 6.747116e-24 8.118518e-23 4.013110e-22 1.449464e-21 4.246856e-21 1.049894e-20 2.235161e-20 4.152592e-20 6.800165e-20 9.894511e-20 1.287369e-19 1.504750e-19 1.584575e-19 1.504750e-19 1.287369e-19 9.894511e-20 6.800165e-20 4.152592e-20 2.235161e-20 1.049894e-20 4.246856e-21 1.449464e-21 4.013110e-22 8.118518e-23 6.747116e-24 -3.318839e-24 -2.127403e-24 -7.666679e-25 -2.124470e-25 -4.894858e-26 -9.683606e-27 -1.671754e-27 -2.540412e-28 -3.411598e-29 -4.048841e-30 -4.226214e-31 -3.831543e-32 -2.930378e-33 -1.748929e-34 -5.819661e-36 3.233126e-37 8.466665e-38 1.005713e-38 9.093560e-40 6.910632e-41 4.575068e-42 2.679768e-43 1.396778e-44 6.471796e-46 2.642345e-47 9.299172e-49 2.668754e-50 5.160511e-52 -1.722909e-54 -7.886025e-55 -4.872271e-56 -2.144172e-57 -7.809656e-59 -2.469796e-60 -6.921585e-62 -1.735139e-63 -3.905002e-65 -7.891010e-67 -1.178802e-68 -4.589884e-71 -2.621747e-74 -2.545075e-78 -5.177550e-83 -2.194347e-88 1.503384e-94 0.000000e+00
0.000000e+00 -4.629153e-92 -2.898794e-86 -4.420505e-81 -1.757845e-76 -1.563614e-72 -2.432380e-69 -5.636616e-67 -3.438137e-65 -1.558252e-63 -6.345459e-62 -2.312376e-60 -7.470714e-59 -2.096634e-57 -4.872271e-56 -8.068447e-55 -1.800473e-54 5.539209e-52 2.935661e-50 1.049014e-48 3.058781e-47 7.692985e-46 1.706117e-44 3.365895e-43 5.913472e-42 9.198715e-41 1.247434e-39 1.422580e-38 1.234722e-37 4.820160e-37 -9.223304e-36 -2.853322e-34 -4.952709e-33 -6.722827e-32 -7.710640e-31 -7.692816e-30 -6.760392e-29 -5.257884e-28 -3.618893e-27 -2.195138e-26 -1.162845e-25 -5.287681e-25 -1.992830e-24 -5.696175e-24 -8.293469e-24 2.930444e-23 3.086427e-22 1.579384e-21 6.039166e-21 1.889074e-20 5.008000e-20 1.146435e-19 2.294633e-19 4.055233e-19 6.381230e-19 9.005812e-19 1.146707e-18 1.323175e-18 1.387411e-18 1.323175e-18 1.146707e-18 9.005812e-19 6.381230e-19 4.055233e-19 2.294633e-19 1.146435e-19 5.008000e-20 1.889074e-20 6.039166e-21 1.579384e-21 3.086427e-22 2.930444e-23 -8.293469e-24 -5.696175e-24 -1.992830e-24 -5.287681e-25 -1.162845e-25 -2.195138e-26 -3.618893e-27 -5.257884e-28 -6.760392e-29 -7.692816e-30 -7.710640e-31 -6.722827e-32 -4.952709e-33 -2.853322e-34 -9.223304e-36 4.820160e-37 1.234722e-37 1.422580e-38 1.247434e-39 9.198715e-41 5.913472e-42 3.365895e-43 1.706117e-44 7.692985e-46 3.058781e-47 1.049014e-48 2.935661e-50 5.539209e-52 -1.800473e-54 -8.068447e-55 -4.872271e-56 -2.096634e-57 -7.470714e-59 -2.312376e-60 -6.345459e-62 -1.558252e-63 -3.438137e-65 -5.636616e-67 -2.432380e-69 -1.563614e-72 -1.757845e-76 -4.420505e-81 -2.898794e-86 -4.629153e-92 0.000000e+00
0.000000e+00 -6.065009e-90 -2.432939e-84 -2.995937e-79 -1.028120e-74 -8.124175e-71 -1.139813e-67 -2.402844e-65 -1.340876e-63 -5.569354e-62 -2.071843e-60 -6.836025e-59 -1.960205e-57 -4.656397e-56 -7.886025e-55 -1.800473e-54 5.671470e-52 3.078880e-50 1.127610e-48 3.371934e-47 8.702649e-46 1.981872e-44 4.017658e-43 7.258130e-42 1.161790e-40 1.622314e-39 1.906141e-38 1.704470e-37 6.805565e-37 -1.377435e-35 -4.386057e-34 -7.878779e-33 -1.108882e-31 -1.320642e-30 -1.370083e-29 -1.253710e-28 -1.016690e-27 -7.305803e-27 -4.631906e-26 -2.566519e-25 -1.220412e-24 -4.795505e-24 -1.409985e-23 -1.882850e-23 1.053745e-22 1.045008e-21 5.561200e-21 2.248232e-20 7.484014e-20 2.118668e-19 5.189177e-19 1.112425e-18 2.106991e-18 3.555999e-18 5.389874e-18 7.388648e-18 9.214509e-18 1.050076e-17 1.096484e-17 1.050076e-17 9.214509e-18 7.388648e-18 5.389874e-18 3.555999e-18 2.106991e-18 1.112425e-18 5.189177e-19 2.118668e-19 7.484014e-20 2.248232e-20 5.561200e-21 1.045008e-21 1.053745e-22 -1.882850e-23 -1.409985e-23 -4.795505e-24 -1.220412e-24 -2.566519e-25 -4.631906e-26 -7.305803e-27 -1.016690e-27 -1.253710e-28 -1.370083e-29 -1.320642e-30 -1.108882e-31 -7.878779e-33 -4.386057e-34 -1.377435e-35 6.805565e-37 1.704470e-37 1.906141e-38 1.622314e-39 1.161790e-40 7.258130e-42 4.017658e-43 1.981872e-44 8.702649e-46 3.371934e-47 1.127610e-48 3.078880e-50 5.671470e-52 -1.800473e-54 -7.886025e-55 -4.656397e-56 -1.960205e-57 -6.836025e-59 -2.071843e-60 -5.569354e-62 -1.340876e-63 -2.402844e-65 -1.139813e-67 -8.124175e-71 -1.028120e-74 -2.995937e-79 -2.432939e-84 -6.065009e-90 0.000000e+00
0.000000e+00 -5.000548e-88 -1.616913e-82 -1.717280e-77 -5.234332e-73 -3.730195e-69 -4.759363e-66 -9.164296e-64 -4.681419e-62 -1.776275e-60 -5.982994e-59 -1.752133e-57 -4.252722e-56 -7.362961e-55 -1.722909e-54 5.539209e-52 3.078880e-50 1.155086e-48 3.540233e-47 9.370430e-46 2.189822e-44 4.558399e-43 8.461758e-42 1.392692e-40 2.000982e-39 2.420410e-38 2.228298e-37 9.104449e-37 -1.939924e-35 -6.357256e-34 -1.180673e-32 -1.720958e-31 -2.125570e-30 -2.289832e-29 -2.178592e-28 -1.839239e-27 -1.377570e-26 -9.113054e-26 -5.272457e-25 -2.617315e-24 -1.070694e-23 -3.234856e-23 -3.882944e-23 3.288319e-22 3.183217e-21 1.765582e-20 7.533924e-20 2.660990e-19 8.014538e-19 2.091253e-18 4.778012e-18 9.643081e-18 1.733448e-17 2.798174e-17 4.088094e-17 5.444548e-17 6.650104e-17 7.483700e-17 7.781642e-17 7.483700e-17 6.650104e-17 5.444548e-17 4.088094e-17 2.798174e-17 1.733448e-17 9.643081e-18 4.778012e-18 2.091253e-18 8.014538e-19 2.660990e-19 7.533924e-20 1.765582e-20 3.183217e-21 3.288319e-22 -3.882944e-23 -3.234856e-23 -1.070694e-23 -2.617315e-24 -5.272457e-25 -9.113054e-26 -1.377570e-26 -1.839239e-27 -2.178592e-28 -2.289832e-29 -2.125570e-30 -1.720958e-31 -1.180673e-32 -6.357256e-34 -1.939924e-35 9.104449e-37 2.228298e-37 2.420410e-38 2.000982e-39 1.392692e-40 8.461758e-42 4.558399e-43 2.189822e-44 9.370430e-46 3.540233e-47 1.155086e-48 3.078880e-50 5.539209e-52 -1.722909e-54 -7.362961e-55 -4.252722e-56 -1.752133e-57 -5.982994e-59 -1.776275e-60 -4.681419e-62 -9.164296e-64 -4.759363e-66 -3.730195e-69 -5.234332e-73 -1.717280e-77 -1.616913e-82 -5.000548e-88 0.000000e+00
0.000000e+00 -3.256651e-86 -9.077100e-81 -8.561251e-76 -2.353418e-71 -1.525353e-67 -1.777238e-64 -3.127502e-62 -1.457703e-60 -5.007834e-59 -1.497169e-57 -3.711438e-56 -6.566625e-55 -1.577578e-54 5.160511e-52 2.935661e-50 1.127610e-48 3.540233e-47 9.604127e-46 2.301771e-44 4.916865e-43 9.372096e-42 1.584948e-40 2.341353e-39 2.913554e-38 2.759854e-37 1.154557e-36 -2.578132e-35 -8.693887e-34 -1.667862e-32 -2.515052e-31 -3.217667e-30 -3.594840e-29 -3.551238e-28 -3.116616e-27 -2.429370e-26 -1.674232e-25 -1.009795e-24 -5.224998e-24 -2.222337e-23 -6.894158e-23 -7.262035e-23 9.114252e-22 8.788099e-21 5.084869e-20 2.286140e-19 8.544086e-19 2.728909e-18 7.557970e-18 1.832730e-17 3.922204e-17 7.465747e-17 1.274212e-16 1.966369e-16 2.766431e-16 3.575300e-16 4.272408e-16 4.744313e-16 4.911160e-16 4.744313e-16 4.272408e-16 3.575300e-16 2.766431e-16 1.966369e-16 1.274212e-16 7.465747e-17 3.922204e-17 1.832730e-17 7.557970e-18 2.728909e-18 8.544086e-19 2.286140e-19 5.084869e-20 8.788099e-21 9.114252e-22 -7.262035e-23 -6.894158e-23 -2.222337e-23 -5.224998e-24 -1.009795e-24 -1.674232e-25 -2.429370e-26 -3.116616e-27 -3.551238e-28 -3.594840e-29 -3.217667e-30 -2.515052e-31 -1.667862e-32 -8.693887e-34 -2.578132e-35 1.154557e-36 2.759854e-37 2.913554e-38 2.341353e-39 1.584948e-40 9.372096e-42 4.916865e-43 2.301771e-44 9.604127e-46 3.540233e-47 1.127610e-48 2.935661e-50 5.160511e-52 -1.577578e-54 -6.566625e-55 -3.711438e-56 -1.497169e-57 -5.007834e-59 -1.457703e-60 -3.127502e-62 -1.777238e-64 -1.525353e-67 -2.353418e-71 -8.561251e-76 -9.077100e-81 -3.256651e-86 0.000000e+00
0.000000e+00 -1.789288e-84 -4.428115e-79 -3.766684e-74 -9.418532e-70 -5.575708e-66 -5.936375e-63 -9.515278e-61 -4.010088e-59 -1.222766e-57 -3.094675e-56 -5.593396e-55 -1.382061e-54 4.585595e-52 2.668754e-50 1.049014e-48 3.371934e-47 9.370430e-46 2.301771e-44 5.042458e-43 9.863033e-42 1.712700e-40 2.599552e-39 3.325589e-38 3.239351e-37 1.388352e-36 -3.234880e-35 -1.122371e-33 -2.222319e-32 -3.463403e-31 -4.584648e-30 -5.305639e-29 -5.435196e-28 -4.951966e-27 -4.011549e-26 -2.875898e-25 -1.805596e-24 -9.724607e-24 -4.295439e-23 -1.367575e-22 -1.227002e-22 2.274397e-21 2.211297e-20 1.334949e-19 6.312572e-19 2.490148e-18 8.409658e-18 2.464269e-17 6.319500e-17 1.428204e-16 2.864289e-16 5.136382e-16 8.305308e-16 1.221757e-15 1.649812e-15 2.062414e-15 2.404526e-15 2.629846e-15 2.708378e-15 2.629846e-15 2.404526e-15 2.062414e-15 1.649812e-15 1.221757e-15 8.305308e-16 5.136382e-16 2.864289e-16 1.428204e-16 6.319500e-17 2.464269e-17 8.409658e-18 2.490148e-18 6.312572e-19 1.334949e-19 2.211297e-20 2.274397e-21 -1.227002e-22 -1.367575e-22 -4.295439e-23 -9.724607e-24 -1.805596e-24 -2.875898e-25 -4.011549e-26 -4.951966e-27 -5.435196e-28 -5.305639e-29 -4.584648e-30 -3.463403e-31 -2.222319e-32 -1.122371e-33 -3.234880e-35 1.388352e-36 3.239351e-37 3.325589e-38 2.599552e-39 1.712700e-40 9.863033e-42 5.042458e-43 2.301771e-44 9.370430e-46 3.371934e-47 1.049014e-48 2.668754e-50 4.585595e-52 -1.382061e-54 -5.593396e-55 -3.094675e-56 -1.222766e-57 -4.010088e-59 -9.515278e-61 -5.936375e-63 -5.575708e-66 -9.418532e-70 -3.766684e-74 -4.428115e-79 -1.789288e-84 0.000000e+00
0.000000e+00 -8.535185e-83 -1.905060e-77 -1.474255e-72 -3.367847e-68 -1.822481e-64 -1.767430e-61 -2.556868e-59 -9.548854e-58 -2.464928e-56 -4.549671e-55 -1.158252e-54 3.885962e-52 2.312882e-50 9.299172e-49 3.058781e-47 8.702649e-46 2.189822e-44 4.916865e-43 9.863033e-42 1.757513e-40 2.739044e-39 3.600017e-38 3.604010e-37 1.583510e-36 -3.833725e-35 -1.368427e-33 -2.794329e-32 -4.496527e-31 -6.152353e-30 -7.366907e-29 -7.816792e-28 -7.384313e-27 -6.208739e-26 -4.624031e-25 -3.017934e-24 -1.689668e-23 -7.742898e-23 -2.529391e-22 -1.859122e-22 5.155226e-21 5.093862e-20 3.207613e-19 1.592563e-18 6.615810e-18 2.356381e-17 7.285016e-17 1.969679e-16 4.684512e-16 9.856741e-16 1.846959e-15 3.106082e-15 4.730196e-15 6.587033e-15 8.473049e-15 1.016881e-14 1.149216e-14 1.232465e-14 1.260764e-14 1.232465e-14 1.149216e-14 1.016881e-14 8.473049e-15 6.587033e-15 4.730196e-15 3.106082e-15 1.846959e-15 9.856741e-16 4.684512e-16 1.969679e-16 7.285016e-17 2.356381e-17 6.615810e-18 1.592563e-18 3.207613e-19 5.093862e-20 5.155226e-21 -1.859122e-22 -2.529391e-22 -7.742898e-23 -1.689668e-23 -3.017934e-24 -4.624031e-25 -6.208739e-26 -7.384313e-27 -7.816792e-28 -7.366907e-29 -6.152353e-30 -4.496527e-31 -2.794329e-32 -1.368427e-33 -3.833725e-35 1.583510e-36 3.604010e-37 3.600017e-38 2.739044e-39 1.757513e-40 9.863033e-42 4.916865e-43 2.189822e-44 8.702649e-46 3.058781e-47 9.299172e-49 2.312882e-50 3.885962e-52 -1.158252e-54 -4.549671e-55 -2.464928e-56 -9.548854e-58 -2.556868e-59 -1.767430e-61 -1.822481e-64 -3.367847e-68 -1.474255e-72 -1.905060e-77 -8.535185e-83 0.000000e+00
0.000000e+00 -3.587914e-81 -7.286508e-76 -5.152851e-71 -1.076442e-66 -5.308812e-63 -4.648092e-60 -5.946993e-58 -1.876284e-56 -3.533147e-55 -9.283819e-55 3.139927e-52 1.910599e-50 7.853938e-49 2.642345e-47 7.692985e-46 1.981872e-44 4.558399e-43 9.372096e-42 1.712700e-40 2.739044e-39 3.696391e-38 3.801316e-37 1.713410e-36 -4.292638e-35 -1.576200e-33 -3.316948e-32 -5.506321e-31 -7.779809e-30 -9.628903e-29 -1.057085e-27 -1.034211e-26 -9.014417e-26 -6.965806e-25 -4.720206e-24 -2.743987e-23 -1.303338e-22 -4.368490e-22 -2.490725e-22 1.067957e-20 1.078069e-19 7.077469e-19 3.683471e-18 1.608095e-17 6.026751e-17 1.960982e-16 5.575224e-16 1.391264e-15 3.060279e-15 5.963185e-15 1.035837e-14 1.616550e-14 2.287655e-14 2.966744e-14 3.567672e-14 4.030446e-14 4.336539e-14 4.501804e-14 4.552782e-14 4.501804e-14 4.336539e-14 4.030446e-14 3.567672e-14 2.966744e-14 2.287655e-14 1.616550e-14 1.035837e-14 5.963185e-15 3.060279e-15 1.391264e-15 5.575224e-16 1.960982e-16 6.026751e-17 1.608095e-17 3.683471e-18 7.077469e-19 1.078069e-19 1.067957e-20 -2.490725e-22 -4.368490e-22 -1.303338e-22 -2.743987e-23 -4.720206e-24 -6.965806e-25 -9.014417e-26 -1.034211e-26 -1.057085e-27 -9.628903e-29 -7.779809e-30 -5.506321e-31 -3.316948e-32 -1.576200e-33 -4.292638e-35 1.713410e-36 3.801316e-37 3.696391e-38 2.739044e-39 1.712700e-40 9.372096e-42 4.558399e-43 1.981872e-44 7.692985e-46 2.642345e-47 7.853938e-49 1.910599e-50 3.139927e-52 -9.283819e-55 -3.533147e-55 -1.876284e-56 -5.946993e-58 -4.648092e-60 -5.308812e-63 -1.076442e-66 -5.152851e-71 -7.286508e-76 -3.587914e-81 0.000000e+00
0.000000e+00 -1.340001e-79 -2.487427e-74 -1.609188e-69 -3.065527e-65 -1.366194e-61 -1.058908e-58 -1.142334e-56 -2.621086e-55 -7.115231e-55 2.418534e-52 1.504046e-50 6.318658e-49 2.173337e-47 6.471796e-46 1.706117e-44 4.017658e-43 8.461758e-42 1.584948e-40 2.599552e-39 3.600017e-38 3.801316e-37 1.759014e-36 -4.542077e-35 -1.715558e-33 -3.718023e-32 -6.362143e-31 -9.273932e-30 -1.185270e-28 -1.344922e-27 -1.361279e-26 -1.228640e-25 -9.839544e-25 -6.914579e-24 -4.169165e-23 -2.050919e-22 -7.054485e-22 -2.866354e-22 2.031244e-20 2.102388e-19 1.438016e-18 7.833267e-18 3.587130e-17 1.411665e-16 4.823758e-16 1.438828e-15 3.757946e-15 8.615330e-15 1.738456e-14 3.098893e-14 4.903265e-14 6.927363e-14 8.799221e-14 1.013082e-13 1.068655e-13 1.049958e-13 9.869334e-14 9.233469e-14 8.971746e-14 9.233469e-14 9.869334e-14 1.049958e-13 1.068655e-13 1.013082e-13 8.799221e-14 6.927363e-14 4.903265e-14 3.098893e-14 1.738456e-14 8.615330e-15 3.757946e-15 1.438828e-15 4.823758e-16 1.411665e-16 3.587130e-17 7.833267e-18 1.438016e-18 2.102388e-19 2.031244e-20 -2.866354e-22 -7.054485e-22 -2.050919e-22 -4.169165e-23 -6.914579e-24 -9.839544e-25 -1.228640e-25 -1.361279e-26 -1.344922e-27 -1.185270e-28 -9.273932e-30 -6.362143e-31 -3.718023e-32 -1.715558e-33 -4.542077e-35 1.759014e-36 3.801316e-37 3.600017e-38 2.599552e-39 1.584948e-40 8.461758e-42 4.017658e-43 1.706117e-44 6.471796e-46 2.173337e-47 6.318658e-49 1.504046e-50 2.418534e-52 -7.115231e-55 -2.621086e-55 -1.142334e-56 -1.058908e-58 -1.366194e-61 -3.065527e-65 -1.609188e-69 -2.487427e-74 -1.340001e-79 0.000000e+00
0.000000e+00 -4.464036e-78 -7.583306e-73 -4.476311e-68 -7.713272e-64 -3.048415e-60 -1.997904e-57 -1.567569e-55 -5.238991e-55 1.775272e-52 1.127995e-50 4.841111e-49 1.701606e-47 5.180236e-46 1.396778e-44 3.365895e-43 7.258130e-42 1.392692e-40 2.341353e-39 3.325589e-38 3.604010e-37 1.713410e-36 -4.542077e-35 -1.764669e-33 -3.936213e-32 -6.937566e-31 -1.042452e-29 -1.374561e-28 -1.610557e-27 -1.684779e-26 -1.572959e-25 -1.304131e-24 -9.494058e-24 -5.931566e-23 -3.019862e-22 -1.066364e-21 -2.637685e-22 3.559382e-20 3.786967e-19 2.696854e-18 1.535386e-17 7.362529e-17 3.036833e-16 1.087692e-15 3.397111e-15 9.266908e-15 2.208703e-14 4.598745e-14 8.360522e-14 1.325556e-13 1.826395e-13 2.165289e-13 2.150842e-13 1.655549e-13 6.886431e-14 -5.776101e-14 -1.845337e-13 -2.781137e-13 -3.125605e-13 -2.781137e-13 -1.845337e-13 -5.776101e-14 6.886431e-14 1.655549e-13 2.150842e-13 2.165289e-13 1.826395e-13 1.325556e-13 8.360522e-14 4.598745e-14 2.208703e-14 9.266908e-15 3.397111e-15 1.087692e-15 3.036833e-16 7.362529e-17 1.535386e-17 2.696854e-18 3.786967e-19 3.559382e-20 -2.637685e-22 -1.066364e-21 -3.019862e-22 -5.931566e-23 -9.494058e-24 -1.304131e-24 -1.572959e-25 -1.684779e-26 -1.610557e-27 -1.374561e-28 -1.042452e-29 -6.937566e-31 -3.936213e-32 -1.764669e-33 -4.542077e-35 1.713410e-36 3.604010e-37 3.325589e-38 2.341353e-39 1.392692e-40 7.258130e-42 3.365895e-43 1.396778e-44 5.180236e-46 1.701606e-47 4.841111e-49 1.127995e-50 1.775272e-52 -5.238991e-55 -1.567569e-55 -1.997904e-57 -3.048415e-60 -7.713272e-64 -4.476311e-68 -7.583306e-73 -4.464036e-78 0.000000e+00
0.000000e+00 -1.327388e-76 -2.058596e-71 -1.100156e-66 -1.684087e-62 -5.650717e-59 -2.725626e-56 -3.667448e-55 1.241500e-52 8.056765e-51 3.531101e-49 1.267817e-47 3.944119e-46 1.087233e-44 2.679768e-43 5.913472e-42 1.161790e-40 2.000982e-39 2.913554e-38 3.239351e-37 1.583510e-36 -4.292638e-35 -1.715558e-33 -3.936213e-32 -7.140602e-31 -1.105174e-29 -1.502200e-28 -1.815875e-27 -1.961392e-26 -1.892410e-25 -1.622717e-24 -1.222607e-23 -7.907640e-23 -4.164036e-22 -1.510303e-21 -1.469345e-22 5.761757e-20 6.313142e-19 4.677518e-18 2.779607e-17 1.393544e-16 6.014527e-16 2.254142e-15 7.359164e-15 2.093042e-14 5.175784e-14 1.108595e-13 2.043550e-13 3.203729e-13 4.161224e-13 4.164162e-13 2.314970e-13 -2.093565e-13 -9.222311e-13 -1.847149e-12 -2.851314e-12 -3.757478e-12 -4.388604e-12 -4.614843e-12 -4.388604e-12 -3.757478e-12 -2.851314e-12 -1.847149e-12 -9.222311e-13 -2.093565e-13 2.314970e-13 4.164162e-13 4.161224e-13 3.203729e-13 2.043550e-13 1.108595e-13 5.175784e-14 2.093042e-14 7.359164e-15 2.254142e-15 6.014527e-16 1.393544e-16 2.779607e-17 4.677518e-18 6.313142e-19 5.761757e-20 -1.469345e-22 -1.510303e-21 -4.164036e-22 -7.907640e-23 -1.222607e-23 -1.622717e-24 -1.892410e-25 -1.961392e-26 -1.815875e-27 -1.502200e-28 -1.105174e-29 -7.140602e-31 -3.936213e-32 -1.715558e-33 -4.292638e-35 1.583510e-36 3.239351e-37 2.913554e-38 2.000982e-39 1.161790e-40 5.913472e-42 2.679768e-43 1.087233e-44 3.944119e-46 1.267817e-47 3.531101e-49 8.056765e-51 1.241500e-52 -3.667448e-55 -2.725626e-56 -5.650717e-59 -1.684087e-62 -1.100156e-66 -2.058596e-71 -1.327388e-76 0.000000e+00
