0.000000e+00 4.461843e-119 5.474919e-114 -3.147659e-109 -3.968995e-104 -5.391834e-100 -1.098168e-96 -3.137947e-94 -2.292739e-92 -1.230415e-90 -5.938947e-89 -2.593936e-87 -1.028845e-85 -3.710832e-84 -1.216138e-82 -3.609258e-81 -9.629986e-80 -2.277254e-78 -4.632914e-77 -7.524141e-76 -7.210367e-75 8.653280e-74 7.054608e-72 2.400443e-70 6.209548e-69 1.357017e-67 2.600596e-66 4.442382e-65 6.812803e-64 9.397344e-63 1.163068e-61 1.282149e-60 1.239824e-59 1.018093e-58 6.532634e-58 2.281121e-57 -1.578411e-56 -4.257564e-55 -5.435369e-54 -5.287299e-53 -4.304713e-52 -3.034646e-51 -1.880441e-50 -1.031422e-49 -5.022011e-49 -2.171519e-48 -8.328595e-48 -2.826638e-47 -8.461147e-47 -2.224823e-46 -5.115115e-46 -1.023092e-45 -1.771090e-45 -2.641705e-45 -3.388396e-45 -3.757425e-45 -3.689083e-45 -3.407136e-45 -3.257685e-45 -3.407136e-45 -3.689083e-45 -3.757425e-45 -3.388396e-45 -2.641705e-45 -1.771090e-45 -1.023092e-45 -5.115115e-46 -2.224823e-46 -8.461147e-47 -2.826638e-47 -8.328595e-48 -2.171519e-48 -5.022011e-49 -1.031422e-49 -1.880441e-50 -3.034646e-51 -4.304713e-52 -5.287299e-53 -5.435369e-54 -4.257564e-55 -1.578411e-56 2.281121e-57 6.532634e-58 1.018093e-58 1.239824e-59 1.282149e-60 1.163068e-61 9.397344e-63 6.812803e-64 4.442382e-65 2.600596e-66 1.357017e-67 6.209548e-69 2.400443e-70 7.054608e-72 8.653280e-74 -7.210367e-75 -7.524141e-76 -4.632914e-77 -2.277254e-78 -9.629986e-80 -3.609258e-81 -1.216138e-82 -3.710832e-84 -1.028845e-85 -2.593936e-87 -5.938947e-89 -1.230415e-90 -2.292739e-92 -3.137947e-94 -1.098168e-96 -5.391834e-100 -3.968995e-104 -3.147659e-109 5.474919e-114 4.461843e-119 0.000000e+00
0.000000e+00 8.514010e-114 -1.274468e-108 -4.968628e-103 -2.596648e-98 -2.679138e-94 -4.625648e-91 -1.168384e-88 -7.714707e-87 -3.788365e-85 -1.684669e-83 -6.805686e-82 -2.500863e-80 -8.352099e-79 -2.526202e-77 -6.868388e-76 -1.654030e-74 -3.420241e-73 -5.609944e-72 -5.219237e-71 8.060818e-70 6.064749e-68 2.080795e-66 5.483768e-65 1.225393e-63 2.405927e-62 4.216086e-61 6.639283e-60 9.410448e-59 1.197295e-57 1.356737e-56 1.347123e-55 1.131611e-54 7.327749e-54 2.335061e-53 -2.498644e-52 -6.108845e-51 -7.910420e-50 -7.939390e-49 -6.715126e-48 -4.938237e-47 -3.202129e-46 -1.842857e-45 -9.437362e-45 -4.301175e-44 -1.741942e-43 -6.250620e-43 -1.978877e-42 -5.496086e-42 -1.329029e-41 -2.768878e-41 -4.892571e-41 -7.138326e-41 -8.130199e-41 -6.092382e-41 -8.856652e-43 8.636182e-41 1.657460e-40 1.979592e-40 1.657460e-40 8.636182e-41 -8.856652e-43 -6.092382e-41 -8.130199e-41 -7.138326e-41 -4.892571e-41 -2.768878e-41 -1.329029e-41 -5.496086e-42 -1.978877e-42 -6.250620e-43 -1.741942e-43 -4.301175e-44 -9.437362e-45 -1.842857e-45 -3.202129e-46 -4.938237e-47 -6.715126e-48 -7.939390e-49 -7.910420e-50 -6.108845e-51 -2.498644e-52 2.335061e-53 7.327749e-54 1.131611e-54 1.347123e-55 1.356737e-56 1.197295e-57 9.410448e-59 6.639283e-60 4.216086e-61 2.405927e-62 1.225393e-63 5.483768e-65 2.080795e-66 6.064749e-68 8.060818e-70 -5.219237e-71 -5.609944e-72 -3.420241e-73 -1.654030e-74 -6.868388e-76 -2.526202e-77 -8.352099e-79 -2.500863e-80 -6.805686e-82 -1.684669e-83 -3.788365e-85 -7.714707e-87 -1.168384e-88 -4.625648e-91 -2.679138e-94 -2.596648e-98 -4.968628e-103 -1.274468e-108 8.514010e-114 0.000000e+00
0.000000e+00 -8.098301e-109 -8.250081e-103 -1.329859e-97 -5.276375e-93 -4.613824e-89 -7.037541e-86 -1.603558e-83 -9.677654e-82 -4.377710e-80 -1.800269e-78 -6.736075e-77 -2.291116e-75 -7.057949e-74 -1.954062e-72 -4.788268e-71 -1.005338e-69 -1.662380e-68 -1.487167e-67 2.944393e-66 2.071534e-64 7.164086e-63 1.921925e-61 4.387335e-60 8.816492e-59 1.583244e-57 2.557242e-56 3.720010e-55 4.859049e-54 5.651511e-53 5.751846e-52 4.930946e-51 3.206863e-50 8.908510e-50 -1.495641e-48 -3.407573e-47 -4.477284e-46 -4.629147e-45 -4.058759e-44 -3.105917e-43 -2.101727e-42 -1.265290e-41 -6.792419e-41 -3.251096e-40 -1.384758e-39 -5.230221e-39 -1.742454e-38 -5.081213e-38 -1.282284e-37 -2.749101e-37 -4.836548e-37 -6.422007e-37 -4.531274e-37 5.578051e-37 2.834427e-36 6.403233e-36 1.055843e-35 1.396703e-35 1.529122e-35 1.396703e-35 1.055843e-35 6.403233e-36 2.834427e-36 5.578051e-37 -4.531274e-37 -6.422007e-37 -4.836548e-37 -2.749101e-37 -1.282284e-37 -5.081213e-38 -1.742454e-38 -5.230221e-39 -1.384758e-39 -3.251096e-40 -6.792419e-41 -1.265290e-41 -2.101727e-42 -3.105917e-43 -4.058759e-44 -4.629147e-45 -4.477284e-46 -3.407573e-47 -1.495641e-48 8.908510e-50 3.206863e-50 4.930946e-51 5.751846e-52 5.651511e-53 4.859049e-54 3.720010e-55 2.557242e-56 1.583244e-57 8.816492e-59 4.387335e-60 1.921925e-61 7.164086e-63 2.071534e-64 2.944393e-66 -1.487167e-67 -1.662380e-68 -1.005338e-69 -4.788268e-71 -1.954062e-72 -7.057949e-74 -2.291116e-75 -6.736075e-77 -1.800269e-78 -4.377710e-80 -9.677654e-82 -1.603558e-83 -7.037541e-86 -4.613824e-89 -5.276375e-93 -1.329859e-97 -8.250081e-103 -8.098301e-109 0.000000e+00
0.000000e+00 -1.857103e-103 -7.825466e-98 -9.575629e-93 -3.219632e-88 -2.486935e-84 -3.420235e-81 -7.110744e-79 -3.948516e-77 -1.651364e-75 -6.288174e-74 -2.176936e-72 -6.825952e-71 -1.923072e-69 -4.791126e-68 -1.020314e-66 -1.697570e-65 -1.442628e-64 3.668538e-63 2.438490e-61 8.497708e-60 2.318800e-58 5.402680e-57 1.110141e-55 2.040870e-54 3.377391e-53 5.036516e-52 6.745268e-51 8.040919e-50 8.373884e-49 7.308353e-48 4.747306e-47 1.062483e-46 -2.968445e-45 -6.420164e-44 -8.560436e-43 -9.103946e-42 -8.258076e-41 -6.560816e-40 -4.621243e-39 -2.902159e-38 -1.628185e-37 -8.156844e-37 -3.640470e-36 -1.441342e-35 -5.029155e-35 -1.530964e-34 -3.999934e-34 -8.701879e-34 -1.470262e-33 -1.497671e-33 1.029222e-33 9.823477e-33 2.965613e-32 6.385821e-32 1.106936e-31 1.611145e-31 2.006552e-31 2.156997e-31 2.006552e-31 1.611145e-31 1.106936e-31 6.385821e-32 2.965613e-32 9.823477e-33 1.029222e-33 -1.497671e-33 -1.470262e-33 -8.701879e-34 -3.999934e-34 -1.530964e-34 -5.029155e-35 -1.441342e-35 -3.640470e-36 -8.156844e-37 -1.628185e-37 -2.902159e-38 -4.621243e-39 -6.560816e-40 -8.258076e-41 -9.103946e-42 -8.560436e-43 -6.420164e-44 -2.968445e-45 1.062483e-46 4.747306e-47 7.308353e-48 8.373884e-49 8.040919e-50 6.745268e-51 5.036516e-52 3.377391e-53 2.040870e-54 1.110141e-55 5.402680e-57 2.318800e-58 8.497708e-60 2.438490e-61 3.668538e-63 -1.442628e-64 -1.697570e-65 -1.020314e-66 -4.791126e-68 -1.923072e-69 -6.825952e-71 -2.176936e-72 -6.288174e-74 -1.651364e-75 -3.948516e-77 -7.110744e-79 -3.420235e-81 -2.486935e-84 -3.219632e-88 -9.575629e-93 -7.825466e-98 -1.857103e-103 0.000000e+00
0.000000e+00 -5.155612e-99 -1.649470e-93 -1.710475e-88 -5.080209e-84 -3.537844e-80 -4.437289e-77 -8.473135e-75 -4.344548e-73 -1.681926e-71 -5.923271e-70 -1.889291e-68 -5.412624e-67 -1.369951e-65 -2.955955e-64 -4.938126e-63 -3.923746e-62 1.291818e-60 8.180003e-59 2.871556e-57 7.964200e-56 1.892347e-54 3.972351e-53 7.468745e-52 1.265041e-50 1.931714e-49 2.649340e-48 3.232416e-47 3.438570e-46 3.047409e-45 1.964416e-44 3.002781e-44 -1.626539e-42 -3.383247e-41 -4.577701e-40 -5.000496e-39 -4.683923e-38 -3.855187e-37 -2.819924e-36 -1.842581e-35 -1.077282e-34 -5.631347e-34 -2.624499e-33 -1.085022e-32 -3.947217e-32 -1.247228e-31 -3.345089e-31 -7.257029e-31 -1.107819e-30 -3.683230e-31 4.812679e-30 2.147817e-29 6.070858e-29 1.346173e-28 2.491419e-28 3.953651e-28 5.456454e-28 6.601624e-28 7.031375e-28 6.601624e-28 5.456454e-28 3.953651e-28 2.491419e-28 1.346173e-28 6.070858e-29 2.147817e-29 4.812679e-30 -3.683230e-31 -1.107819e-30 -7.257029e-31 -3.345089e-31 -1.247228e-31 -3.947217e-32 -1.085022e-32 -2.624499e-33 -5.631347e-34 -1.077282e-34 -1.842581e-35 -2.819924e-36 -3.855187e-37 -4.683923e-38 -5.000496e-39 -4.577701e-40 -3.383247e-41 -1.626539e-42 3.002781e-44 1.964416e-44 3.047409e-45 3.438570e-46 3.232416e-47 2.649340e-48 1.931714e-49 1.265041e-50 7.468745e-52 3.972351e-53 1.892347e-54 7.964200e-56 2.871556e-57 8.180003e-59 1.291818e-60 -3.923746e-62 -4.938126e-63 -2.955955e-64 -1.369951e-65 -5.412624e-67 -1.889291e-68 -5.923271e-70 -1.681926e-71 -4.344548e-73 -8.473135e-75 -4.437289e-77 -3.537844e-80 -5.080209e-84 -1.710475e-88 -1.649470e-93 -5.155612e-99 0.000000e+00
0.000000e+00 -2.473519e-95 -6.707310e-90 -6.144220e-85 -1.645276e-80 -1.044876e-76 -1.203128e-73 -2.117524e-71 -1.003646e-69 -3.591922e-68 -1.164755e-66 -3.391125e-65 -8.713030e-64 -1.902878e-62 -3.185085e-61 -2.317900e-60 1.001682e-58 6.085887e-57 2.151795e-55 6.061919e-54 1.467738e-52 3.144928e-51 6.042057e-50 1.046442e-48 1.634520e-47 2.293038e-46 2.859630e-45 3.102213e-44 2.784631e-43 1.768182e-42 1.062940e-42 -1.923671e-40 -3.886341e-39 -5.336011e-38 -5.979579e-37 -5.774137e-36 -4.914078e-35 -3.724734e-34 -2.526334e-33 -1.535306e-32 -8.350468e-32 -4.051102e-31 -1.742561e-30 -6.581155e-30 -2.146228e-29 -5.854056e-29 -1.237408e-28 -1.502438e-28 2.114824e-28 2.060717e-27 7.974287e-27 2.264065e-26 5.255389e-26 1.038264e-25 1.781133e-25 2.684587e-25 3.581853e-25 4.250744e-25 4.499078e-25 4.250744e-25 3.581853e-25 2.684587e-25 1.781133e-25 1.038264e-25 5.255389e-26 2.264065e-26 7.974287e-27 2.060717e-27 2.114824e-28 -1.502438e-28 -1.237408e-28 -5.854056e-29 -2.146228e-29 -6.581155e-30 -1.742561e-30 -4.051102e-31 -8.350468e-32 -1.535306e-32 -2.526334e-33 -3.724734e-34 -4.914078e-35 -5.774137e-36 -5.979579e-37 -5.336011e-38 -3.886341e-39 -1.923671e-40 1.062940e-42 1.768182e-42 2.784631e-43 3.102213e-44 2.859630e-45 2.293038e-46 1.634520e-47 1.046442e-48 6.042057e-50 3.144928e-51 1.467738e-52 6.061919e-54 2.151795e-55 6.085887e-57 1.001682e-58 -2.317900e-60 -3.185085e-61 -1.902878e-62 -8.713030e-64 -3.391125e-65 -1.164755e-66 -3.591922e-68 -1.003646e-69 -2.117524e-71 -1.203128e-73 -1.044876e-76 -1.645276e-80 -6.144220e-85 -6.707310e-90 -2.473519e-95 0.000000e+00
0.000000e+00 -1.749821e-92 -4.192570e-87 -3.463320e-82 -8.458834e-78 -4.932376e-74 -5.233095e-71 -8.498693e-69 -3.718584e-67 -1.224846e-65 -3.622699e-64 -9.445203e-63 -2.086794e-61 -3.495723e-60 -2.280952e-59 1.305979e-57 7.680071e-56 2.736891e-54 7.830629e-53 1.931318e-51 4.222015e-50 8.283687e-49 1.466077e-47 2.340847e-46 3.356573e-45 4.275034e-44 4.724622e-43 4.288367e-42 2.666045e-41 -1.476014e-41 -3.763682e-39 -7.459353e-38 -1.040294e-36 -1.195297e-35 -1.188661e-34 -1.044600e-33 -8.191951e-33 -5.757408e-32 -3.629827e-31 -2.049724e-30 -1.032607e-29 -4.608570e-29 -1.800821e-28 -6.032476e-28 -1.658334e-27 -3.313994e-27 -2.188366e-27 1.864178e-26 1.151955e-25 4.303683e-25 1.255465e-24 3.063645e-24 6.441365e-24 1.185895e-23 1.931676e-23 2.804035e-23 3.646262e-23 4.262627e-23 4.489378e-23 4.262627e-23 3.646262e-23 2.804035e-23 1.931676e-23 1.185895e-23 6.441365e-24 3.063645e-24 1.255465e-24 4.303683e-25 1.151955e-25 1.864178e-26 -2.188366e-27 -3.313994e-27 -1.658334e-27 -6.032476e-28 -1.800821e-28 -4.608570e-29 -1.032607e-29 -2.049724e-30 -3.629827e-31 -5.757408e-32 -8.191951e-33 -1.044600e-33 -1.188661e-34 -1.195297e-35 -1.040294e-36 -7.459353e-38 -3.763682e-39 -1.476014e-41 2.666045e-41 4.288367e-42 4.724622e-43 4.275034e-44 3.356573e-45 2.340847e-46 1.466077e-47 8.283687e-49 4.222015e-50 1.931318e-51 7.830629e-53 2.736891e-54 7.680071e-56 1.305979e-57 -2.280952e-59 -3.495723e-60 -2.086794e-61 -9.445203e-63 -3.622699e-64 -1.224846e-65 -3.718584e-67 -8.498693e-69 -5.233095e-71 -4.932376e-74 -8.458834e-78 -3.463320e-82 -4.192570e-87 -1.749821e-92 0.000000e+00
0.000000e+00 -2.084478e-90 -4.508707e-85 -3.400715e-80 -7.634313e-76 -4.106075e-72 -4.022484e-69 -6.025277e-67 -2.425218e-65 -7.291000e-64 -1.931967e-62 -4.329252e-61 -7.299075e-60 -4.373562e-59 3.095869e-57 1.799833e-55 6.497597e-54 1.892787e-52 4.762992e-51 1.063635e-49 2.133551e-48 3.862809e-47 6.311872e-46 9.263376e-45 1.207046e-43 1.362561e-42 1.256438e-41 7.734647e-41 -1.200070e-40 -1.330953e-38 -2.640621e-37 -3.763937e-36 -4.447862e-35 -4.563486e-34 -4.146382e-33 -3.367436e-32 -2.454264e-31 -1.606370e-30 -9.424780e-30 -4.934753e-29 -2.287713e-28 -9.263360e-28 -3.194153e-27 -8.866042e-27 -1.654699e-26 1.968952e-27 1.891813e-25 1.045608e-24 3.954765e-24 1.203086e-23 3.100701e-23 6.935989e-23 1.365651e-22 2.389426e-22 3.741712e-22 5.273333e-22 6.717287e-22 7.757553e-22 8.137275e-22 7.757553e-22 6.717287e-22 5.273333e-22 3.741712e-22 2.389426e-22 1.365651e-22 6.935989e-23 3.100701e-23 1.203086e-23 3.954765e-24 1.045608e-24 1.891813e-25 1.968952e-27 -1.654699e-26 -8.866042e-27 -3.194153e-27 -9.263360e-28 -2.287713e-28 -4.934753e-29 -9.424780e-30 -1.606370e-30 -2.454264e-31 -3.367436e-32 -4.146382e-33 -4.563486e-34 -4.447862e-35 -3.763937e-36 -2.640621e-37 -1.330953e-38 -1.200070e-40 7.734647e-41 1.256438e-41 1.362561e-42 1.207046e-43 9.263376e-45 6.311872e-46 3.862809e-47 2.133551e-48 1.063635e-49 4.762992e-51 1.892787e-52 6.497597e-54 1.799833e-55 3.095869e-57 -4.373562e-59 -7.299075e-60 -4.329252e-61 -1.931967e-62 -7.291000e-64 -2.425218e-65 -6.025277e-67 -4.022484e-69 -4.106075e-72 -7.634313e-76 -3.400715e-80 -4.508707e-85 -2.084478e-90 0.000000e+00
0.000000e+00 -1.163874e-88 -2.302785e-83 -1.599407e-78 -3.318297e-74 -1.651299e-70 -1.494717e-67 -2.060142e-65 -7.574736e-64 -2.045495e-62 -4.674100e-61 -8.029143e-60 -4.828231e-59 3.600786e-57 2.130145e-55 7.856028e-54 2.340663e-52 6.028909e-51 1.378982e-49 2.834948e-48 5.263600e-47 8.825300e-46 1.329752e-44 1.779728e-43 2.063960e-42 1.953947e-41 1.227984e-40 -2.271506e-40 -2.321068e-38 -4.727638e-37 -6.953952e-36 -8.498408e-35 -9.031421e-34 -8.511249e-33 -7.178700e-32 -5.440345e-31 -3.706961e-30 -2.266553e-29 -1.237742e-28 -5.986333e-28 -2.526714e-27 -9.048567e-27 -2.575709e-26 -4.630549e-26 3.945149e-26 8.179542e-25 4.501080e-24 1.772739e-23 5.691078e-23 1.557755e-22 3.715081e-22 7.820212e-22 1.466197e-21 2.465917e-21 3.742209e-21 5.149364e-21 6.449667e-21 7.374075e-21 7.709277e-21 7.374075e-21 6.449667e-21 5.149364e-21 3.742209e-21 2.465917e-21 1.466197e-21 7.820212e-22 3.715081e-22 1.557755e-22 5.691078e-23 1.772739e-23 4.501080e-24 8.179542e-25 3.945149e-26 -4.630549e-26 -2.575709e-26 -9.048567e-27 -2.526714e-27 -5.986333e-28 -1.237742e-28 -2.266553e-29 -3.706961e-30 -5.440345e-31 -7.178700e-32 -8.511249e-33 -9.031421e-34 -8.498408e-35 -6.953952e-36 -4.727638e-37 -2.321068e-38 -2.271506e-40 1.227984e-40 1.953947e-41 2.063960e-42 1.779728e-43 1.329752e-44 8.825300e-46 5.263600e-47 2.834948e-48 1.378982e-49 6.028909e-51 2.340663e-52 7.856028e-54 2.130145e-55 3.600786e-57 -4.828231e-59 -8.029143e-60 -4.674100e-61 -2.045495e-62 -7.574736e-64 -2.060142e-65 -1.494717e-67 -1.651299e-70 -3.318297e-74 -1.599407e-78 -2.302785e-83 -1.163874e-88 0.000000e+00
0.000000e+00 -5.725827e-87 -1.043657e-81 -6.702575e-77 -1.287414e-72 -5.923823e-69 -4.935848e-66 -6.205002e-64 -2.046849e-62 -4.769318e-61 -8.362362e-60 -5.131377e-59 3.915122e-57 2.366929e-55 8.926465e-54 2.721098e-52 7.174667e-51 1.680793e-49 3.541081e-48 6.741530e-47 1.159699e-45 1.793838e-44 2.466098e-43 2.939062e-42 2.859699e-41 1.843301e-40 -3.725938e-40 -3.755624e-38 -7.877009e-37 -1.196344e-35 -1.511867e-34 -1.663496e-33 -1.625022e-32 -1.422376e-31 -1.119938e-30 -7.937144e-30 -5.052795e-29 -2.875207e-28 -1.449567e-27 -6.373973e-27 -2.370553e-26 -6.926824e-26 -1.196726e-25 2.083986e-25 3.070132e-24 1.716351e-23 7.065336e-23 2.393043e-22 6.943012e-22 1.760083e-21 3.945732e-21 7.890012e-21 1.417172e-20 2.300354e-20 3.392402e-20 4.566087e-20 5.630100e-20 6.376939e-20 6.646031e-20 6.376939e-20 5.630100e-20 4.566087e-20 3.392402e-20 2.300354e-20 1.417172e-20 7.890012e-21 3.945732e-21 1.760083e-21 6.943012e-22 2.393043e-22 7.065336e-23 1.716351e-23 3.070132e-24 2.083986e-25 -1.196726e-25 -6.926824e-26 -2.370553e-26 -6.373973e-27 -1.449567e-27 -2.875207e-28 -5.052795e-29 -7.937144e-30 -1.119938e-30 -1.422376e-31 -1.625022e-32 -1.663496e-33 -1.511867e-34 -1.196344e-35 -7.877009e-37 -3.755624e-38 -3.725938e-40 1.843301e-40 2.859699e-41 2.939062e-42 2.466098e-43 1.793838e-44 1.159699e-45 6.741530e-47 3.541081e-48 1.680793e-49 7.174667e-51 2.721098e-52 8.926465e-54 2.366929e-55 3.915122e-57 -5.131377e-59 -8.362362e-60 -4.769318e-61 -2.046849e-62 -6.205002e-64 -4.935848e-66 -5.923823e-69 -1.287414e-72 -6.702575e-77 -1.043657e-81 -5.725827e-87 0.000000e+00
0.000000e+00 -2.549978e-85 -4.298489e-80 -2.556492e-75 -4.542299e-71 -1.925007e-67 -1.463383e-64 -1.647019e-62 -4.677579e-61 -8.362375e-60 -5.236337e-59 4.082411e-57 2.521358e-55 9.719266e-54 3.029808e-52 8.173467e-51 1.960092e-49 4.229479e-48 8.251575e-47 1.455443e-45 2.309677e-44 3.259381e-43 3.989272e-42 3.986851e-41 2.634807e-40 -5.761657e-40 -5.766742e-38 -1.244714e-36 -1.950215e-35 -2.545952e-34 -2.897137e-33 -2.930176e-32 -2.658314e-31 -2.171740e-30 -1.598639e-29 -1.058046e-28 -6.264163e-28 -3.287093e-27 -1.503560e-26 -5.799569e-26 -1.737393e-25 -2.856613e-25 8.245916e-25 1.037371e-23 5.938231e-23 2.555547e-22 9.115763e-22 2.795797e-21 7.508735e-21 1.785803e-20 3.791738e-20 7.236406e-20 1.248936e-19 1.960389e-19 2.812952e-19 3.706410e-19 4.501096e-19 5.051817e-19 5.248980e-19 5.051817e-19 4.501096e-19 3.706410e-19 2.812952e-19 1.960389e-19 1.248936e-19 7.236406e-20 3.791738e-20 1.785803e-20 7.508735e-21 2.795797e-21 9.115763e-22 2.555547e-22 5.938231e-23 1.037371e-23 8.245916e-25 -2.856613e-25 -1.737393e-25 -5.799569e-26 -1.503560e-26 -3.287093e-27 -6.264163e-28 -1.058046e-28 -1.598639e-29 -2.171740e-30 -2.658314e-31 -2.930176e-32 -2.897137e-33 -2.545952e-34 -1.950215e-35 -1.244714e-36 -5.766742e-38 -5.761657e-40 2.634807e-40 3.986851e-41 3.989272e-42 3.259381e-43 2.309677e-44 1.455443e-45 8.251575e-47 4.229479e-48 1.960092e-49 8.173467e-51 3.029808e-52 9.719266e-54 2.521358e-55 4.082411e-57 -5.236337e-59 -8.362375e-60 -4.677579e-61 -1.647019e-62 -1.463383e-64 -1.925007e-67 -4.542299e-71 -2.556492e-75 -4.298489e-80 -2.549978e-85 0.000000e+00
0.000000e+00 -1.031684e-83 -1.610977e-78 -8.866438e-74 -1.451846e-69 -5.618860e-66 -3.827518e-63 -3.700613e-61 -8.036540e-60 -5.131409e-59 4.082411e-57 2.575025e-55 1.014150e-53 3.231473e-52 8.914834e-51 2.187348e-49 4.831523e-48 9.654241e-47 1.744998e-45 2.839266e-44 4.110325e-43 5.163247e-42 5.297005e-41 3.588130e-40 -8.410984e-40 -8.407880e-38 -1.866579e-36 -3.014515e-35 -4.061484e-34 -4.774945e-33 -4.994633e-32 -4.691022e-31 -3.971520e-30 -3.032572e-29 -2.083857e-28 -1.281878e-27 -6.991521e-27 -3.322279e-26 -1.327502e-25 -4.073097e-25 -6.308138e-25 2.749548e-24 3.185843e-23 1.875931e-22 8.436908e-22 3.163726e-21 1.023162e-20 2.902691e-20 7.299302e-20 1.639395e-19 3.309819e-19 6.042985e-19 1.003570e-18 1.524459e-18 2.129150e-18 2.746691e-18 3.285278e-18 3.653611e-18 3.784600e-18 3.653611e-18 3.285278e-18 2.746691e-18 2.129150e-18 1.524459e-18 1.003570e-18 6.042985e-19 3.309819e-19 1.639395e-19 7.299302e-20 2.902691e-20 1.023162e-20 3.163726e-21 8.436908e-22 1.875931e-22 3.185843e-23 2.749548e-24 -6.308138e-25 -4.073097e-25 -1.327502e-25 -3.322279e-26 -6.991521e-27 -1.281878e-27 -2.083857e-28 -3.032572e-29 -3.971520e-30 -4.691022e-31 -4.994633e-32 -4.774945e-33 -4.061484e-34 -3.014515e-35 -1.866579e-36 -8.407880e-38 -8.410984e-40 3.588130e-40 5.297005e-41 5.163247e-42 4.110325e-43 2.839266e-44 1.744998e-45 9.654241e-47 4.831523e-48 2.187348e-49 8.914834e-51 3.231473e-52 1.014150e-53 2.575025e-55 4.082411e-57 -5.131409e-59 -8.036540e-60 -3.700613e-61 -3.827518e-63 -5.618860e-66 -1.451846e-69 -8.866438e-74 -1.610977e-78 -1.031684e-83 0.000000e+00
0.000000e+00 -3.797105e-82 -5.489005e-77 -2.785805e-72 -4.169796e-68 -1.448523e-64 -8.498144e-62 -6.275928e-60 -4.839232e-59 3.915115e-57 2.521358e-55 1.014150e-53 3.301613e-52 9.310175e-51 2.336064e-49 5.279397e-48 1.079868e-46 1.999054e-45 3.333045e-44 4.946993e-43 6.374101e-42 6.709009e-41 4.656987e-40 -1.160738e-39 -1.164591e-37 -2.657839e-36 -4.420987e-35 -6.141882e-34 -7.453022e-33 -8.054385e-32 -7.823036e-31 -6.855746e-30 -5.423741e-29 -3.864705e-28 -2.466942e-27 -1.396699e-26 -6.886383e-26 -2.847470e-25 -8.941398e-25 -1.290048e-24 8.069168e-24 8.953754e-23 5.438025e-22 2.554115e-21 1.005069e-20 3.419654e-20 1.022090e-19 2.709581e-19 6.415980e-19 1.365133e-18 2.625026e-18 4.588315e-18 7.332818e-18 1.077649e-17 1.464253e-17 1.848332e-17 2.176271e-17 2.397331e-17 2.475374e-17 2.397331e-17 2.176271e-17 1.848332e-17 1.464253e-17 1.077649e-17 7.332818e-18 4.588315e-18 2.625026e-18 1.365133e-18 6.415980e-19 2.709581e-19 1.022090e-19 3.419654e-20 1.005069e-20 2.554115e-21 5.438025e-22 8.953754e-23 8.069168e-24 -1.290048e-24 -8.941398e-25 -2.847470e-25 -6.886383e-26 -1.396699e-26 -2.466942e-27 -3.864705e-28 -5.423741e-29 -6.855746e-30 -7.823036e-31 -8.054385e-32 -7.453022e-33 -6.141882e-34 -4.420987e-35 -2.657839e-36 -1.164591e-37 -1.160738e-39 4.656987e-40 6.709009e-41 6.374101e-42 4.946993e-43 3.333045e-44 1.999054e-45 1.079868e-46 5.279397e-48 2.336064e-49 9.310175e-51 3.301613e-52 1.014150e-53 2.521358e-55 3.915115e-57 -4.839232e-59 -6.275928e-60 -8.498144e-62 -1.448523e-64 -4.169796e-68 -2.785805e-72 -5.489005e-77 -3.797105e-82 0.000000e+00
0.000000e+00 -1.270291e-80 -1.694279e-75 -7.867482e-71 -1.058830e-66 -3.179727e-63 -1.438711e-60 -3.927120e-59 3.600793e-57 2.366928e-55 9.719266e-54 3.231473e-52 9.310175e-51 2.387833e-49 5.518551e-48 1.154896e-46 2.188489e-45 3.737053e-44 5.683503e-43 7.507250e-42 8.102650e-41 5.762155e-40 -1.515921e-39 -1.533138e-37 -3.595170e-36 -6.154762e-35 -8.809415e-34 -1.102387e-32 -1.229650e-31 -1.233848e-30 -1.118063e-29 -9.154076e-29 -6.755976e-28 -4.469703e-27 -2.623772e-26 -1.340757e-25 -5.731678e-25 -1.840970e-24 -2.444942e-24 2.129333e-23 2.314841e-22 1.452381e-21 7.117519e-21 2.934203e-20 1.048117e-19 3.292625e-19 9.178178e-19 2.284653e-18 5.106199e-18 1.030146e-17 1.886428e-17 3.154121e-17 4.844621e-17 6.877377e-17 9.075772e-17 1.119229e-16 1.295552e-16 1.412406e-16 1.453303e-16 1.412406e-16 1.295552e-16 1.119229e-16 9.075772e-17 6.877377e-17 4.844621e-17 3.154121e-17 1.886428e-17 1.030146e-17 5.106199e-18 2.284653e-18 9.178178e-19 3.292625e-19 1.048117e-19 2.934203e-20 7.117519e-21 1.452381e-21 2.314841e-22 2.129333e-23 -2.444942e-24 -1.840970e-24 -5.731678e-25 -1.340757e-25 -2.623772e-26 -4.469703e-27 -6.755976e-28 -9.154076e-29 -1.118063e-29 -1.233848e-30 -1.229650e-31 -1.102387e-32 -8.809415e-34 -6.154762e-35 -3.595170e-36 -1.533138e-37 -1.515921e-39 5.762155e-40 8.102650e-41 7.507250e-42 5.683503e-43 3.737053e-44 2.188489e-45 1.154896e-46 5.518551e-48 2.387833e-49 9.310175e-51 3.231473e-52 9.719266e-54 2.366928e-55 3.600793e-57 -3.927120e-59 -1.438711e-60 -3.179727e-63 -1.058830e-66 -7.867482e-71 -1.694279e-75 -1.270291e-80 0.000000e+00
0.000000e+00 -3.849572e-79 -4.701810e-74 -1.966262e-69 -2.295925e-65 -5.379493e-62 -1.005041e-59 2.579333e-57 2.130942e-55 8.926465e-54 3.029808e-52 8.914834e-51 2.336064e-49 5.518551e-48 1.181037e-46 2.289784e-45 4.002410e-44 6.233962e-43 8.436945e-42 9.333103e-41 6.798444e-40 -1.875143e-39 -1.918968e-37 -4.621574e-36 -8.137362e-35 -1.199039e-33 -1.545997e-32 -1.778329e-31 -1.841690e-30 -1.723900e-29 -1.459184e-28 -1.114217e-27 -7.631826e-27 -4.639830e-26 -2.454781e-25 -1.084048e-24 -3.560239e-24 -4.295692e-24 5.115803e-23 5.527525e-22 3.585788e-21 1.831728e-20 7.898345e-20 2.956365e-19 9.740808e-19 2.848448e-18 7.434925e-18 1.740524e-17 3.671723e-17 7.015553e-17 1.220986e-16 1.947579e-16 2.865770e-16 3.915801e-16 5.000704e-16 6.004451e-16 6.814110e-16 7.338556e-16 7.519930e-16 7.338556e-16 6.814110e-16 6.004451e-16 5.000704e-16 3.915801e-16 2.865770e-16 1.947579e-16 1.220986e-16 7.015553e-17 3.671723e-17 1.740524e-17 7.434925e-18 2.848448e-18 9.740808e-19 2.956365e-19 7.898345e-20 1.831728e-20 3.585788e-21 5.527525e-22 5.115803e-23 -4.295692e-24 -3.560239e-24 -1.084048e-24 -2.454781e-25 -4.639830e-26 -7.631826e-27 -1.114217e-27 -1.459184e-28 -1.723900e-29 -1.841690e-30 -1.778329e-31 -1.545997e-32 -1.199039e-33 -8.137362e-35 -4.621574e-36 -1.918968e-37 -1.875143e-39 6.798444e-40 9.333103e-41 8.436945e-42 6.233962e-43 4.002410e-44 2.289784e-45 1.181037e-46 5.518551e-48 2.336064e-49 8.914834e-51 3.029808e-52 8.926465e-54 2.130942e-55 2.579333e-57 -1.005041e-59 -5.379493e-62 -2.295925e-65 -1.966262e-69 -4.701810e-74 -3.849572e-79 0.000000e+00
0.000000e+00 -1.049031e-77 -1.155630e-72 -4.207042e-68 -3.874098e-64 -4.155062e-61 5.053511e-58 1.519067e-55 7.859878e-54 2.721099e-52 8.173467e-51 2.187348e-49 5.279397e-48 1.154896e-46 2.289784e-45 4.094953e-44 6.528714e-43 9.048700e-42 1.025467e-40 7.649925e-40 -2.198260e-39 -2.284338e-37 -5.647814e-36 -1.022103e-34 -1.549312e-33 -2.056634e-32 -2.437525e-31 -2.603092e-30 -2.514601e-29 -2.198330e-28 -1.735004e-27 -1.229080e-26 -7.731019e-26 -4.230791e-25 -1.928595e-24 -6.475357e-24 -6.996456e-24 1.128068e-22 1.223061e-21 8.206753e-21 4.365588e-20 1.965993e-19 7.697454e-19 2.654961e-18 8.127935e-18 2.219673e-17 5.429273e-17 1.194139e-16 2.372075e-16 4.277216e-16 7.041771e-16 1.065405e-15 1.491809e-15 1.947515e-15 2.388272e-15 2.771585e-15 3.064588e-15 3.246846e-15 3.308510e-15 3.246846e-15 3.064588e-15 2.771585e-15 2.388272e-15 1.947515e-15 1.491809e-15 1.065405e-15 7.041771e-16 4.277216e-16 2.372075e-16 1.194139e-16 5.429273e-17 2.219673e-17 8.127935e-18 2.654961e-18 7.697454e-19 1.965993e-19 4.365588e-20 8.206753e-21 1.223061e-21 1.128068e-22 -6.996456e-24 -6.475357e-24 -1.928595e-24 -4.230791e-25 -7.731019e-26 -1.229080e-26 -1.735004e-27 -2.198330e-28 -2.514601e-29 -2.603092e-30 -2.437525e-31 -2.056634e-32 -1.549312e-33 -1.022103e-34 -5.647814e-36 -2.284338e-37 -2.198260e-39 7.649925e-40 1.025467e-40 9.048700e-42 6.528714e-43 4.094953e-44 2.289784e-45 1.154896e-46 5.279397e-48 2.187348e-49 8.173467e-51 2.721099e-52 7.859878e-54 1.519067e-55 5.053511e-58 -4.155062e-61 -3.874098e-64 -4.207042e-68 -1.155630e-72 -1.049031e-77 0.000000e+00
0.000000e+00 -2.533635e-76 -2.437233e-71 -7.065066e-67 -3.233797e-63 1.577895e-59 3.052466e-56 5.505987e-54 2.341965e-52 7.174670e-51 1.960092e-49 4.831523e-48 1.079868e-46 2.188489e-45 4.002410e-44 6.528714e-43 9.262245e-42 1.074877e-40 8.210766e-40 -2.443455e-39 -2.586767e-37 -6.562996e-36 -1.220036e-34 -1.901123e-33 -2.596248e-32 -3.167972e-31 -3.485728e-30 -3.471967e-29 -3.132046e-28 -2.552545e-27 -1.868347e-26 -1.214747e-25 -6.870125e-25 -3.230608e-24 -1.108914e-23 -1.055874e-23 2.295822e-22 2.514394e-21 1.745314e-20 9.658492e-20 4.536346e-19 1.854897e-18 6.685830e-18 2.138911e-17 6.099524e-17 1.555474e-16 3.557964e-16 7.324355e-16 1.362440e-15 2.301233e-15 3.549649e-15 5.033071e-15 6.608366e-15 8.101160e-15 9.358822e-15 1.029431e-14 1.089951e-14 1.122248e-14 1.132168e-14 1.122248e-14 1.089951e-14 1.029431e-14 9.358822e-15 8.101160e-15 6.608366e-15 5.033071e-15 3.549649e-15 2.301233e-15 1.362440e-15 7.324355e-16 3.557964e-16 1.555474e-16 6.099524e-17 2.138911e-17 6.685830e-18 1.854897e-18 4.536346e-19 9.658492e-20 1.745314e-20 2.514394e-21 2.295822e-22 -1.055874e-23 -1.108914e-23 -3.230608e-24 -6.870125e-25 -1.214747e-25 -1.868347e-26 -2.552545e-27 -3.132046e-28 -3.471967e-29 -3.485728e-30 -3.167972e-31 -2.596248e-32 -1.901123e-33 -1.220036e-34 -6.562996e-36 -2.586767e-37 -2.443455e-39 8.210766e-40 1.074877e-40 9.262245e-42 6.528714e-43 4.002410e-44 2.188489e-45 1.079868e-46 4.831523e-48 1.960092e-49 7.174670e-51 2.341965e-52 5.505987e-54 3.052466e-56 1.577895e-59 -3.233797e-63 -7.065066e-67 -2.437233e-71 -2.533635e-76 0.000000e+00
0.000000e+00 -5.261557e-75 -4.065239e-70 -6.257434e-66 9.413896e-62 9.903552e-58 1.096363e-54 1.607622e-52 6.032555e-51 1.680794e-49 4.229479e-48 9.654241e-47 1.999054e-45 3.737053e-44 6.233962e-43 9.048700e-42 1.074877e-40 8.406634e-40 -2.575944e-39 -2.786942e-37 -7.253335e-36 -1.384254e-34 -2.215968e-33 -3.111079e-32 -3.905386e-31 -4.423905e-30 -4.539752e-29 -4.222222e-28 -3.550102e-27 -2.682505e-26 -1.801182e-25 -1.051914e-24 -5.099756e-24 -1.789866e-23 -1.475283e-23 4.330115e-22 4.813367e-21 3.455992e-20 1.987712e-19 9.723973e-19 4.146383e-18 1.559379e-17 5.204706e-17 1.547213e-16 4.106028e-16 9.746313e-16 2.073401e-15 3.962964e-15 6.826155e-15 1.063469e-14 1.504633e-14 1.941770e-14 2.296843e-14 2.505135e-14 2.541630e-14 2.434123e-14 2.255634e-14 2.097799e-14 2.035589e-14 2.097799e-14 2.255634e-14 2.434123e-14 2.541630e-14 2.505135e-14 2.296843e-14 1.941770e-14 1.504633e-14 1.063469e-14 6.826155e-15 3.962964e-15 2.073401e-15 9.746313e-16 4.106028e-16 1.547213e-16 5.204706e-17 1.559379e-17 4.146383e-18 9.723973e-19 1.987712e-19 3.455992e-20 4.813367e-21 4.330115e-22 -1.475283e-23 -1.789866e-23 -5.099756e-24 -1.051914e-24 -1.801182e-25 -2.682505e-26 -3.550102e-27 -4.222222e-28 -4.539752e-29 -4.423905e-30 -3.905386e-31 -3.111079e-32 -2.215968e-33 -1.384254e-34 -7.253335e-36 -2.786942e-37 -2.575944e-39 8.406634e-40 1.074877e-40 9.048700e-42 6.233962e-43 3.737053e-44 1.999054e-45 9.654241e-47 4.229479e-48 1.680794e-49 6.032555e-51 1.607622e-52 1.096363e-54 9.903552e-58 9.413896e-62 -6.257434e-66 -4.065239e-70 -5.261557e-75 0.000000e+00
0.000000e+00 -8.700473e-74 -3.767446e-69 1.412062e-64 6.185520e-60 3.532735e-56 3.150825e-53 4.052365e-51 1.379872e-49 3.541084e-48 8.251575e-47 1.744998e-45 3.333045e-44 5.683503e-43 8.436945e-42 1.025467e-40 8.210766e-40 -2.575944e-39 -2.857021e-37 -7.625037e-36 -1.493117e-34 -2.454058e-33 -3.539608e-32 -4.567933e-31 -5.323155e-30 -5.623456e-29 -5.387898e-28 -4.669974e-27 -3.639706e-26 -2.521834e-25 -1.519706e-24 -7.592036e-24 -2.725303e-23 -1.906165e-23 7.592157e-22 8.596090e-21 6.382974e-20 3.811939e-19 1.940020e-18 8.615117e-18 3.375791e-17 1.173801e-16 3.632001e-16 1.001441e-15 2.462160e-15 5.399758e-15 1.056593e-14 1.844724e-14 2.871654e-14 3.974869e-14 4.856258e-14 5.143394e-14 4.510495e-14 2.817372e-14 2.080108e-15 -2.879189e-14 -5.804686e-14 -7.899592e-14 -8.660198e-14 -7.899592e-14 -5.804686e-14 -2.879189e-14 2.080108e-15 2.817372e-14 4.510495e-14 5.143394e-14 4.856258e-14 3.974869e-14 2.871654e-14 1.844724e-14 1.056593e-14 5.399758e-15 2.462160e-15 1.001441e-15 3.632001e-16 1.173801e-16 3.375791e-17 8.615117e-18 1.940020e-18 3.811939e-19 6.382974e-20 8.596090e-21 7.592157e-22 -1.906165e-23 -2.725303e-23 -7.592036e-24 -1.519706e-24 -2.521834e-25 -3.639706e-26 -4.669974e-27 -5.387898e-28 -5.623456e-29 -5.323155e-30 -4.567933e-31 -3.539608e-32 -2.454058e-33 -1.493117e-34 -7.625037e-36 -2.857021e-37 -2.575944e-39 8.210766e-40 1.025467e-40 8.436945e-42 5.683503e-43 3.333045e-44 1.744998e-45 8.251575e-47 3.541084e-48 1.379872e-49 4.052365e-51 3.150825e-53 3.532735e-56 6.185520e-60 1.412062e-64 -3.767446e-69 -8.700473e-74 0.000000e+00
0.000000e+00 -8.346209e-73 6.622645e-68 9.788318e-63 2.191570e-58 1.000103e-54 7.796724e-52 9.062837e-50 2.836883e-48 6.741537e-47 1.455443e-45 2.839266e-44 4.946993e-43 7.507250e-42 9.333103e-41 7.649925e-40 -2.443455e-39 -2.786942e-37 -7.625037e-36 -1.531259e-34 -2.582446e-33 -3.824304e-32 -5.070374e-31 -6.074264e-30 -6.601144e-29 -6.510501e-28 -5.812572e-27 -4.669096e-26 -3.335680e-25 -2.072769e-24 -1.066562e-23 -3.917536e-23 -2.274532e-23 1.240451e-21 1.434383e-20 1.101209e-19 6.822639e-19 3.608255e-18 1.666662e-17 6.795744e-17 2.458463e-16 7.907519e-16 2.262200e-15 5.751948e-15 1.297722e-14 2.590932e-14 4.556502e-14 6.996517e-14 9.203196e-14 9.883930e-14 7.347256e-14 -3.401783e-16 -1.320997e-13 -3.191474e-13 -5.442398e-13 -7.773517e-13 -9.815242e-13 -1.121227e-12 -1.170892e-12 -1.121227e-12 -9.815242e-13 -7.773517e-13 -5.442398e-13 -3.191474e-13 -1.320997e-13 -3.401783e-16 7.347256e-14 9.883930e-14 9.203196e-14 6.996517e-14 4.556502e-14 2.590932e-14 1.297722e-14 5.751948e-15 2.262200e-15 7.907519e-16 2.458463e-16 6.795744e-17 1.666662e-17 3.608255e-18 6.822639e-19 1.101209e-19 1.434383e-20 1.240451e-21 -2.274532e-23 -3.917536e-23 -1.066562e-23 -2.072769e-24 -3.335680e-25 -4.669096e-26 -5.812572e-27 -6.510501e-28 -6.601144e-29 -6.074264e-30 -5.070374e-31 -3.824304e-32 -2.582446e-33 -1.531259e-34 -7.625037e-36 -2.786942e-37 -2.443455e-39 7.649925e-40 9.333103e-41 7.507250e-42 4.946993e-43 2.839266e-44 1.455443e-45 6.741537e-47 2.836883e-48 9.062837e-50 7.796724e-52 1.000103e-54 2.191570e-58 9.788318e-63 6.622645e-68 -8.346209e-73 0.000000e+00
0.000000e+00 1.141595e-71 4.888807e-66 3.443831e-61 6.108644e-57 2.430180e-53 1.709254e-50 1.820461e-48 5.267381e-47 1.159700e-45 2.309678e-44 4.110325e-43 6.374101e-42 8.102650e-41 6.798444e-40 -2.198260e-39 -2.586767e-37 -7.253335e-36 -1.493117e-34 -2.582446e-33 -3.924159e-32 -5.341768e-31 -6.574419e-30 -7.344742e-29 -7.451484e-28 -6.847624e-27 -5.664993e-26 -4.170074e-25 -2.670298e-24 -1.414701e-23 -5.319831e-23 -2.504049e-23 1.892187e-21 2.239280e-20 1.776899e-19 1.141156e-18 6.265068e-18 3.006642e-17 1.274209e-16 4.790365e-16 1.599813e-15 4.743134e-15 1.245612e-14 2.886050e-14 5.861483e-14 1.031632e-13 1.537474e-13 1.831937e-13 1.413257e-13 -4.067537e-14 -4.349374e-13 -1.093897e-12 -2.027142e-12 -3.186519e-12 -4.465413e-12 -5.713489e-12 -6.763607e-12 -7.464353e-12 -7.710484e-12 -7.464353e-12 -6.763607e-12 -5.713489e-12 -4.465413e-12 -3.186519e-12 -2.027142e-12 -1.093897e-12 -4.349374e-13 -4.067537e-14 1.413257e-13 1.831937e-13 1.537474e-13 1.031632e-13 5.861483e-14 2.886050e-14 1.245612e-14 4.743134e-15 1.599813e-15 4.790365e-16 1.274209e-16 3.006642e-17 6.265068e-18 1.141156e-18 1.776899e-19 2.239280e-20 1.892187e-21 -2.504049e-23 -5.319831e-23 -1.414701e-23 -2.670298e-24 -4.170074e-25 -5.664993e-26 -6.847624e-27 -7.451484e-28 -7.344742e-29 -6.574419e-30 -5.341768e-31 -3.924159e-32 -2.582446e-33 -1.493117e-34 -7.253335e-36 -2.586767e-37 -2.198260e-39 6.798444e-40 8.102650e-41 6.374101e-42 4.110325e-43 2.309678e-44 1.159700e-45 5.267381e-47 1.820461e-48 1.709254e-50 2.430180e-53 6.108644e-57 3.443831e-61 4.888807e-66 1.141595e-71 0.000000e+00
0.000000e+00 9.081567e-70 1.707506e-64 9.444638e-60 1.456692e-55 5.223076e-52 3.362549e-49 3.300605e-47 8.831965e-46 1.793841e-44 3.259381e-43 5.163247e-42 6.709009e-41 5.762155e-40 -1.875143e-39 -2.284338e-37 -6.562996e-36 -1.384254e-34 -2.454058e-33 -3.824304e-32 -5.341768e-31 -6.750047e-30 -7.747101e-29 -8.079546e-28 -7.637150e-27 -6.502626e-26 -4.928773e-25 -3.250518e-24 -1.772491e-23 -6.828189e-23 -2.544962e-23 2.698774e-21 3.274179e-20 2.684530e-19 1.785719e-18 1.016753e-17 5.064408e-17 2.228427e-16 8.697098e-16 3.012741e-15 9.247830e-15 2.505778e-14 5.954093e-14 1.226873e-13 2.146559e-13 3.039893e-13 2.989949e-13 2.705362e-14 -7.586703e-13 -2.334271e-12 -4.929332e-12 -8.643735e-12 -1.338537e-11 -1.885001e-11 -2.455045e-11 -2.988781e-11 -3.424795e-11 -3.710256e-11 -3.809587e-11 -3.710256e-11 -3.424795e-11 -2.988781e-11 -2.455045e-11 -1.885001e-11 -1.338537e-11 -8.643735e-12 -4.929332e-12 -2.334271e-12 -7.586703e-13 2.705362e-14 2.989949e-13 3.039893e-13 2.146559e-13 1.226873e-13 5.954093e-14 2.505778e-14 9.247830e-15 3.012741e-15 8.697098e-16 2.228427e-16 5.064408e-17 1.016753e-17 1.785719e-18 2.684530e-19 3.274179e-20 2.698774e-21 -2.544962e-23 -6.828189e-23 -1.772491e-23 -3.250518e-24 -4.928773e-25 -6.502626e-26 -7.637150e-27 -8.079546e-28 -7.747101e-29 -6.750047e-30 -5.341768e-31 -3.824304e-32 -2.454058e-33 -1.384254e-34 -6.562996e-36 -2.284338e-37 -1.875143e-39 5.762155e-40 6.709009e-41 5.163247e-42 3.259381e-43 1.793841e-44 8.831965e-46 3.300605e-47 3.362549e-49 5.223076e-52 1.456692e-55 9.444638e-60 1.707506e-64 9.081567e-70 0.000000e+00
0.000000e+00 3.147839e-68 4.603986e-63 2.208451e-58 3.067168e-54 1.006337e-50 5.967176e-48 5.401350e-46 1.330810e-44 2.466102e-43 3.989272e-42 5.297005e-41 4.656987e-40 -1.515921e-39 -1.918968e-37 -5.647814e-36 -1.220036e-34 -2.215968e-33 -3.539608e-32 -5.070374e-31 -6.574419e-30 -7.747101e-29 -8.300346e-28 -8.065108e-27 -7.062977e-26 -5.509048e-25 -3.739875e-24 -2.098427e-23 -8.287566e-23 -2.400268e-23 3.603269e-21 4.487821e-20 3.800809e-19 2.616799e-18 1.543876e-17 7.973939e-17 3.639460e-16 1.473182e-15 5.288732e-15 1.679432e-14 4.691462e-14 1.142046e-13 2.382245e-13 4.114773e-13 5.377699e-13 3.432050e-13 -7.001375e-13 -3.374408e-12 -8.595577e-12 -1.718673e-11 -2.961621e-11 -4.579010e-11 -6.496582e-11 -8.580812e-11 -1.065651e-10 -1.253160e-10 -1.402364e-10 -1.498374e-10 -1.531498e-10 -1.498374e-10 -1.402364e-10 -1.253160e-10 -1.065651e-10 -8.580812e-11 -6.496582e-11 -4.579010e-11 -2.961621e-11 -1.718673e-11 -8.595577e-12 -3.374408e-12 -7.001375e-13 3.432050e-13 5.377699e-13 4.114773e-13 2.382245e-13 1.142046e-13 4.691462e-14 1.679432e-14 5.288732e-15 1.473182e-15 3.639460e-16 7.973939e-17 1.543876e-17 2.616799e-18 3.800809e-19 4.487821e-20 3.603269e-21 -2.400268e-23 -8.287566e-23 -2.098427e-23 -3.739875e-24 -5.509048e-25 -7.062977e-26 -8.065108e-27 -8.300346e-28 -7.747101e-29 -6.574419e-30 -5.070374e-31 -3.539608e-32 -2.215968e-33 -1.220036e-34 -5.647814e-36 -1.918968e-37 -1.515921e-39 4.656987e-40 5.297005e-41 3.989272e-42 2.466102e-43 1.330810e-44 5.401350e-46 5.967176e-48 1.006337e-50 3.067168e-54 2.208451e-58 4.603986e-63 3.147839e-68 0.000000e+00
0.000000e+00 8.338211e-67 1.054738e-61 4.551585e-57 5.783233e-53 1.747918e-49 9.555026e-47 7.940670e-45 1.781228e-43 2.939069e-42 3.986852e-41 3.588130e-40 -1.160738e-39 -1.533138e-37 -4.621574e-36 -1.022103e-34 -1.901123e-33 -3.111079e-32 -4.567933e-31 -6.074264e-30 -7.344742e-29 -8.079546e-28 -8.065108e-27 -7.260197e-26 -5.824085e-25 -4.067839e-24 -2.348042e-23 -9.515014e-23 -2.134700e-23 4.507622e-21 5.770597e-20 5.046689e-19 3.593864e-18 2.195296e-17 1.174696e-16 5.556571e-16 2.330823e-15 8.665334e-15 2.844776e-14 8.188285e-14 2.040684e-13 4.301846e-13 7.284046e-13 8.415963e-13 3.909853e-14 -3.124062e-12 -1.085384e-11 -2.581257e-11 -5.048302e-11 -8.641678e-11 -1.336445e-10 -1.904417e-10 -2.534935e-10 -3.183651e-10 -3.801215e-10 -4.339429e-10 -4.756334e-10 -5.019835e-10 -5.109929e-10 -5.019835e-10 -4.756334e-10 -4.339429e-10 -3.801215e-10 -3.183651e-10 -2.534935e-10 -1.904417e-10 -1.336445e-10 -8.641678e-11 -5.048302e-11 -2.581257e-11 -1.085384e-11 -3.124062e-12 3.909853e-14 8.415963e-13 7.284046e-13 4.301846e-13 2.040684e-13 8.188285e-14 2.844776e-14 8.665334e-15 2.330823e-15 5.556571e-16 1.174696e-16 2.195296e-17 3.593864e-18 5.046689e-19 5.770597e-20 4.507622e-21 -2.134700e-23 -9.515014e-23 -2.348042e-23 -4.067839e-24 -5.824085e-25 -7.260197e-26 -8.065108e-27 -8.079546e-28 -7.344742e-29 -6.074264e-30 -4.567933e-31 -3.111079e-32 -1.901123e-33 -1.022103e-34 -4.621574e-36 -1.533138e-37 -1.160738e-39 3.588130e-40 3.986852e-41 2.939069e-42 1.781228e-43 7.940670e-45 9.555026e-47 1.747918e-49 5.783233e-53 4.551585e-57 1.054738e-61 8.338211e-67 0.000000e+00
0.000000e+00 1.869844e-65 2.125821e-60 8.390927e-56 9.823338e-52 2.738562e-48 1.374583e-45 1.036881e-43 2.065832e-42 2.859709e-41 2.634807e-40 -8.410984e-40 -1.164591e-37 -3.595170e-36 -8.137362e-35 -1.549312e-33 -2.596248e-32 -3.905386e-31 -5.323155e-30 -6.601144e-29 -7.451484e-28 -7.637150e-27 -7.062977e-26 -5.824085e-25 -4.183374e-24 -2.483667e-23 -1.033611e-22 -1.857558e-23 5.287025e-21 6.964690e-20 6.288049e-19 4.628786e-18 2.925278e-17 1.620428e-16 7.937573e-16 3.447886e-15 1.326570e-14 4.500141e-14 1.334194e-13 3.403060e-13 7.241680e-13 1.193720e-12 1.138188e-12 -1.196904e-12 -9.376376e-12 -2.898394e-11 -6.687495e-11 -1.294673e-10 -2.207103e-10 -3.405925e-10 -4.847254e-10 -6.450348e-10 -8.111852e-10 -9.722048e-10 -1.117871e-09 -1.239621e-09 -1.330947e-09 -1.387421e-09 -1.406518e-09 -1.387421e-09 -1.330947e-09 -1.239621e-09 -1.117871e-09 -9.722048e-10 -8.111852e-10 -6.450348e-10 -4.847254e-10 -3.405925e-10 -2.207103e-10 -1.294673e-10 -6.687495e-11 -2.898394e-11 -9.376376e-12 -1.196904e-12 1.138188e-12 1.193720e-12 7.241680e-13 3.403060e-13 1.334194e-13 4.500141e-14 1.326570e-14 3.447886e-15 7.937573e-16 1.620428e-16 2.925278e-17 4.628786e-18 6.288049e-19 6.964690e-20 5.287025e-21 -1.857558e-23 -1.033611e-22 -2.483667e-23 -4.183374e-24 -5.824085e-25 -7.062977e-26 -7.637150e-27 -7.451484e-28 -6.601144e-29 -5.323155e-30 -3.905386e-31 -2.596248e-32 -1.549312e-33 -8.137362e-35 -3.595170e-36 -1.164591e-37 -8.410984e-40 2.634807e-40 2.859709e-41 2.065832e-42 1.036881e-43 1.374583e-45 2.738562e-48 9.823338e-52 8.390927e-56 2.125821e-60 1.869844e-65 0.000000e+00
