0.000000e+00 4.236985e-128 2.864924e-122 6.000790e-117 3.367143e-112 4.085662e-108 8.045518e-105 2.048719e-102 9.635166e-101 -1.169347e-99 -6.475047e-97 -7.431763e-95 -6.049507e-93 -4.028190e-91 -2.304885e-89 -1.159890e-87 -5.198811e-86 -2.090473e-84 -7.569838e-83 -2.471229e-81 -7.261720e-80 -1.911083e-78 -4.456760e-77 -9.011505e-76 -1.502386e-74 -1.762409e-73 -1.645860e-73 6.682200e-71 2.477347e-69 6.252685e-68 1.286808e-66 2.278053e-65 3.545123e-64 4.894455e-63 6.009687e-62 6.545289e-61 6.270439e-60 5.191194e-59 3.573646e-58 1.841744e-57 4.011422e-57 -5.127970e-56 -8.855518e-55 -8.653780e-54 -6.530686e-53 -4.097330e-52 -2.196825e-51 -1.018562e-50 -4.104161e-50 -1.439250e-49 -4.390991e-49 -1.164147e-48 -2.679305e-48 -5.352809e-48 -9.299828e-48 -1.411242e-47 -1.883534e-47 -2.229267e-47 -2.355941e-47 -2.229267e-47 -1.883534e-47 -1.411242e-47 -9.299828e-48 -5.352809e-48 -2.679305e-48 -1.164147e-48 -4.390991e-49 -1.439250e-49 -4.104161e-50 -1.018562e-50 -2.196825e-51 -4.097330e-52 -6.530686e-53 -8.653780e-54 -8.855518e-55 -5.127970e-56 4.011422e-57 1.841744e-57 3.573646e-58 5.191194e-59 6.270439e-60 6.545289e-61 6.009687e-62 4.894455e-63 3.545123e-64 2.278053e-65 1.286808e-66 6.252685e-68 2.477347e-69 6.682200e-71 -1.645860e-73 -1.762409e-73 -1.502386e-74 -9.011505e-76 -4.456760e-77 -1.911083e-78 -7.261720e-80 -2.471229e-81 -7.569838e-83 -2.090473e-84 -5.198811e-86 -1.159890e-87 -2.304885e-89 -4.028190e-91 -6.049507e-93 -7.431763e-95 -6.475047e-97 -1.169347e-99 9.635166e-101 2.048719e-102 8.045518e-105 4.085662e-108 3.367143e-112 6.000790e-117 2.864924e-122 4.236985e-128 0.000000e+00
0.000000e+00 4.450460e-122 2.437653e-116 4.218369e-111 1.968069e-106 1.963011e-102 3.020164e-99 4.868508e-97 -8.471262e-96 -4.249846e-93 -4.929511e-91 -4.077988e-89 -2.764711e-87 -1.612283e-85 -8.275111e-84 -3.785154e-82 -1.554079e-80 -5.748660e-79 -1.917880e-77 -5.761204e-76 -1.550187e-74 -3.695486e-73 -7.630636e-72 -1.294630e-70 -1.521357e-69 1.744344e-70 6.757119e-67 2.511534e-65 6.474609e-64 1.368157e-62 2.493476e-61 4.001832e-60 5.705725e-59 7.242884e-58 8.161688e-57 8.091762e-56 6.925973e-55 4.907733e-54 2.555658e-53 4.529696e-53 -9.843226e-52 -1.635589e-50 -1.648425e-49 -1.302623e-48 -8.621695e-48 -4.902499e-47 -2.421602e-46 -1.043880e-45 -3.931830e-45 -1.293159e-44 -3.707824e-44 -9.251240e-44 -2.006101e-43 -3.781906e-43 -6.216921e-43 -8.971569e-43 -1.148778e-42 -1.322306e-42 -1.383701e-42 -1.322306e-42 -1.148778e-42 -8.971569e-43 -6.216921e-43 -3.781906e-43 -2.006101e-43 -9.251240e-44 -3.707824e-44 -1.293159e-44 -3.931830e-45 -1.043880e-45 -2.421602e-46 -4.902499e-47 -8.621695e-48 -1.302623e-48 -1.648425e-49 -1.635589e-50 -9.843226e-52 4.529696e-53 2.555658e-53 4.907733e-54 6.925973e-55 8.091762e-56 8.161688e-57 7.242884e-58 5.705725e-59 4.001832e-60 2.493476e-61 1.368157e-62 6.474609e-64 2.511534e-65 6.757119e-67 1.744344e-70 -1.521357e-69 -1.294630e-70 -7.630636e-72 -3.695486e-73 -1.550187e-74 -5.761204e-76 -1.917880e-77 -5.748660e-79 -1.554079e-80 -3.785154e-82 -8.275111e-84 -1.612283e-85 -2.764711e-87 -4.077988e-89 -4.929511e-91 -4.249846e-93 -8.471262e-96 4.868508e-97 3.020164e-99 1.963011e-102 1.968069e-106 4.218369e-111 2.437653e-116 4.450460e-122 0.000000e+00
0.000000e+00 1.548123e-116 7.005722e-111 1.008047e-105 3.866266e-101 3.013415e-97 2.931626e-94 -1.913002e-92 -1.117522e-89 -1.309175e-87 -1.100042e-85 -7.588961e-84 -4.507924e-82 -2.358401e-80 -1.100230e-78 -4.609393e-77 -1.740594e-75 -5.930243e-74 -1.819709e-72 -5.002063e-71 -1.217845e-69 -2.565251e-68 -4.422540e-67 -5.186823e-66 7.153510e-66 2.701795e-63 1.006989e-61 2.648857e-60 5.740338e-59 1.075632e-57 1.777869e-56 2.613857e-55 3.424788e-54 3.985896e-53 4.081558e-52 3.603530e-51 2.620228e-50 1.369516e-49 1.683087e-49 -7.156541e-48 -1.159967e-46 -1.204492e-45 -9.938389e-45 -6.914488e-44 -4.152534e-43 -2.175015e-42 -9.978261e-42 -4.013381e-41 -1.413827e-40 -4.352720e-40 -1.167846e-39 -2.722991e-39 -5.506255e-39 -9.655573e-39 -1.473562e-38 -1.975804e-38 -2.368024e-38 -2.598246e-38 -2.670991e-38 -2.598246e-38 -2.368024e-38 -1.975804e-38 -1.473562e-38 -9.655573e-39 -5.506255e-39 -2.722991e-39 -1.167846e-39 -4.352720e-40 -1.413827e-40 -4.013381e-41 -9.978261e-42 -2.175015e-42 -4.152534e-43 -6.914488e-44 -9.938389e-45 -1.204492e-45 -1.159967e-46 -7.156541e-48 1.683087e-49 1.369516e-49 2.620228e-50 3.603530e-51 4.081558e-52 3.985896e-53 3.424788e-54 2.613857e-55 1.777869e-56 1.075632e-57 5.740338e-59 2.648857e-60 1.006989e-61 2.701795e-63 7.153510e-66 -5.186823e-66 -4.422540e-67 -2.565251e-68 -1.217845e-69 -5.002063e-71 -1.819709e-72 -5.930243e-74 -1.740594e-75 -4.609393e-77 -1.100230e-78 -2.358401e-80 -4.507924e-82 -7.588961e-84 -1.100042e-85 -1.309175e-87 -1.117522e-89 -1.913002e-92 2.931626e-94 3.013415e-97 3.866266e-101 1.008047e-105 7.005722e-111 1.548123e-116 0.000000e+00
0.000000e+00 1.576438e-111 5.931677e-106 7.016672e-101 2.103203e-96 1.037173e-92 -4.110032e-90 -8.365298e-87 -1.207411e-84 -1.029709e-82 -7.224695e-81 -4.368931e-79 -2.328498e-77 -1.107235e-75 -4.730448e-74 -1.822358e-72 -6.336237e-71 -1.984635e-69 -5.568786e-68 -1.383486e-66 -2.969636e-65 -5.194489e-64 -6.054649e-63 1.761244e-62 3.706286e-60 1.385392e-58 3.714951e-57 8.247026e-56 1.586892e-54 2.697703e-53 4.084058e-52 5.514802e-51 6.617854e-50 6.986095e-49 6.347832e-48 4.721496e-47 2.457903e-46 1.241692e-46 -1.722108e-44 -2.748010e-43 -2.936635e-42 -2.523403e-41 -1.839439e-40 -1.162373e-39 -6.428976e-39 -3.124345e-38 -1.335008e-37 -5.008513e-37 -1.645101e-36 -4.712084e-36 -1.171326e-35 -2.513283e-35 -4.628974e-35 -7.282590e-35 -9.765254e-35 -1.121990e-34 -1.131322e-34 -1.063129e-34 -1.022861e-34 -1.063129e-34 -1.131322e-34 -1.121990e-34 -9.765254e-35 -7.282590e-35 -4.628974e-35 -2.513283e-35 -1.171326e-35 -4.712084e-36 -1.645101e-36 -5.008513e-37 -1.335008e-37 -3.124345e-38 -6.428976e-39 -1.162373e-39 -1.839439e-40 -2.523403e-41 -2.936635e-42 -2.748010e-43 -1.722108e-44 1.241692e-46 2.457903e-46 4.721496e-47 6.347832e-48 6.986095e-49 6.617854e-50 5.514802e-51 4.084058e-52 2.697703e-53 1.586892e-54 8.247026e-56 3.714951e-57 1.385392e-58 3.706286e-60 1.761244e-62 -6.054649e-63 -5.194489e-64 -2.969636e-65 -1.383486e-66 -5.568786e-68 -1.984635e-69 -6.336237e-71 -1.822358e-72 -4.730448e-74 -1.107235e-75 -2.328498e-77 -4.368931e-79 -7.224695e-81 -1.029709e-82 -1.207411e-84 -8.365298e-87 -4.110032e-90 1.037173e-92 2.103203e-96 7.016672e-101 5.931677e-106 1.576438e-111 0.000000e+00
0.000000e+00 3.907370e-107 1.208634e-101 1.117328e-96 2.119518e-92 -4.228954e-89 -5.234003e-85 -2.629401e-82 -2.765872e-80 -1.972103e-78 -1.213425e-76 -6.584653e-75 -3.189672e-73 -1.388834e-71 -5.454907e-70 -1.934281e-68 -6.179897e-67 -1.768724e-65 -4.479927e-64 -9.788944e-63 -1.734582e-61 -1.999723e-60 9.534676e-60 1.442762e-57 5.409386e-56 1.477365e-54 3.356083e-53 6.623713e-52 1.156691e-50 1.800730e-49 2.502316e-48 3.091223e-47 3.357987e-46 3.133315e-45 2.376260e-44 1.220831e-43 -5.621565e-44 -1.140128e-41 -1.802764e-40 -1.980327e-39 -1.767866e-38 -1.346218e-37 -8.921048e-37 -5.190654e-36 -2.661021e-35 -1.202352e-34 -4.779286e-34 -1.665199e-33 -5.058514e-33 -1.330017e-32 -2.996380e-32 -5.700101e-32 -8.941005e-32 -1.104003e-31 -9.476604e-32 -2.555937e-32 8.459471e-32 1.889755e-31 2.320662e-31 1.889755e-31 8.459471e-32 -2.555937e-32 -9.476604e-32 -1.104003e-31 -8.941005e-32 -5.700101e-32 -2.996380e-32 -1.330017e-32 -5.058514e-33 -1.665199e-33 -4.779286e-34 -1.202352e-34 -2.661021e-35 -5.190654e-36 -8.921048e-37 -1.346218e-37 -1.767866e-38 -1.980327e-39 -1.802764e-40 -1.140128e-41 -5.621565e-44 1.220831e-43 2.376260e-44 3.133315e-45 3.357987e-46 3.091223e-47 2.502316e-48 1.800730e-49 1.156691e-50 6.623713e-52 3.356083e-53 1.477365e-54 5.409386e-56 1.442762e-57 9.534676e-60 -1.999723e-60 -1.734582e-61 -9.788944e-63 -4.479927e-64 -1.768724e-65 -6.179897e-67 -1.934281e-68 -5.454907e-70 -1.388834e-71 -3.189672e-73 -6.584653e-75 -1.213425e-76 -1.972103e-78 -2.765872e-80 -2.629401e-82 -5.234003e-85 -4.228954e-89 2.119518e-92 1.117328e-96 1.208634e-101 3.907370e-107 0.000000e+00
0.000000e+00 1.812314e-103 4.380453e-98 2.561970e-93 -1.967482e-89 -1.232086e-84 -3.743379e-81 -1.366925e-78 -1.201435e-76 -7.515651e-75 -4.150325e-73 -2.046971e-71 -9.078531e-70 -3.633317e-68 -1.313110e-66 -4.276496e-65 -1.247538e-63 -3.218920e-62 -7.152897e-61 -1.282029e-59 -1.454126e-58 1.021966e-57 1.240576e-55 4.666765e-54 1.297126e-52 3.012374e-51 6.091650e-50 1.091495e-48 1.745218e-47 2.492387e-46 3.164911e-45 3.531892e-44 3.377214e-43 2.602983e-42 1.305555e-41 -2.288567e-41 -1.622555e-39 -2.554777e-38 -2.881779e-37 -2.666950e-36 -2.115909e-35 -1.465974e-34 -8.942928e-34 -4.818300e-33 -2.292661e-32 -9.611252e-32 -3.533891e-31 -1.131723e-30 -3.124020e-30 -7.311664e-30 -1.408853e-29 -2.093674e-29 -1.919542e-29 6.905854e-30 7.421873e-29 1.868631e-28 3.231997e-28 4.376176e-28 4.825442e-28 4.376176e-28 3.231997e-28 1.868631e-28 7.421873e-29 6.905854e-30 -1.919542e-29 -2.093674e-29 -1.408853e-29 -7.311664e-30 -3.124020e-30 -1.131723e-30 -3.533891e-31 -9.611252e-32 -2.292661e-32 -4.818300e-33 -8.942928e-34 -1.465974e-34 -2.115909e-35 -2.666950e-36 -2.881779e-37 -2.554777e-38 -1.622555e-39 -2.288567e-41 1.305555e-41 2.602983e-42 3.377214e-43 3.531892e-44 3.164911e-45 2.492387e-46 1.745218e-47 1.091495e-48 6.091650e-50 3.012374e-51 1.297126e-52 4.666765e-54 1.240576e-55 1.021966e-57 -1.454126e-58 -1.282029e-59 -7.152897e-61 -3.218920e-62 -1.247538e-63 -4.276496e-65 -1.313110e-66 -3.633317e-68 -9.078531e-70 -2.046971e-71 -4.150325e-73 -7.515651e-75 -1.201435e-76 -1.366925e-78 -3.743379e-81 -1.232086e-84 -1.967482e-89 2.561970e-93 4.380453e-98 1.812314e-103 0.000000e+00
0.000000e+00 1.142509e-100 1.746924e-95 -4.147575e-91 -9.967487e-86 -1.533370e-81 -3.384356e-78 -1.030671e-75 -7.941769e-74 -4.460031e-72 -2.238861e-70 -1.011031e-68 -4.121248e-67 -1.517431e-65 -5.035343e-64 -1.496507e-62 -3.931552e-61 -8.879676e-60 -1.608469e-58 -1.788319e-57 1.727473e-56 1.801224e-54 6.807786e-53 1.925423e-51 4.568829e-50 9.459952e-49 1.737813e-47 2.851326e-46 4.180890e-45 5.451512e-44 6.242391e-43 6.108228e-42 4.773964e-41 2.314653e-40 -7.925050e-40 -3.805950e-38 -6.000501e-37 -6.949267e-36 -6.657810e-35 -5.492699e-34 -3.969506e-33 -2.532144e-32 -1.429561e-31 -7.139624e-31 -3.144991e-30 -1.215191e-29 -4.082471e-29 -1.175646e-28 -2.829960e-28 -5.398392e-28 -6.943429e-28 -6.514796e-29 2.789120e-27 9.917072e-27 2.298364e-26 4.162144e-26 6.224094e-26 7.868626e-26 8.499417e-26 7.868626e-26 6.224094e-26 4.162144e-26 2.298364e-26 9.917072e-27 2.789120e-27 -6.514796e-29 -6.943429e-28 -5.398392e-28 -2.829960e-28 -1.175646e-28 -4.082471e-29 -1.215191e-29 -3.144991e-30 -7.139624e-31 -1.429561e-31 -2.532144e-32 -3.969506e-33 -5.492699e-34 -6.657810e-35 -6.949267e-36 -6.000501e-37 -3.805950e-38 -7.925050e-40 2.314653e-40 4.773964e-41 6.108228e-42 6.242391e-43 5.451512e-44 4.180890e-45 2.851326e-46 1.737813e-47 9.459952e-49 4.568829e-50 1.925423e-51 6.807786e-53 1.801224e-54 1.727473e-56 -1.788319e-57 -1.608469e-58 -8.879676e-60 -3.931552e-61 -1.496507e-62 -5.035343e-64 -1.517431e-65 -4.121248e-67 -1.011031e-68 -2.238861e-70 -4.460031e-72 -7.941769e-74 -1.030671e-75 -3.384356e-78 -1.533370e-81 -9.967487e-86 -4.147575e-91 1.746924e-95 1.142509e-100 0.000000e+00
0.000000e+00 8.718531e-99 -5.193804e-94 -3.969457e-88 -2.354731e-83 -2.635872e-79 -4.855368e-76 -1.295360e-73 -8.960702e-72 -4.578906e-70 -2.106477e-68 -8.750435e-67 -3.284328e-65 -1.111207e-63 -3.367418e-62 -9.018108e-61 -2.073961e-59 -3.810305e-58 -4.198994e-57 4.971178e-56 4.818959e-54 1.843272e-52 5.319719e-51 1.291846e-49 2.741777e-48 5.168463e-47 8.709260e-46 1.312327e-44 1.758964e-43 2.069784e-42 2.077529e-41 1.654336e-40 7.852778e-40 -3.916637e-39 -1.612717e-37 -2.581113e-36 -3.082630e-35 -3.063276e-34 -2.630191e-33 -1.983298e-32 -1.322867e-31 -7.823654e-31 -4.099459e-30 -1.896542e-29 -7.697150e-29 -2.711509e-28 -8.141510e-28 -2.011549e-27 -3.750046e-27 -3.620744e-27 7.315668e-27 5.055950e-26 1.633953e-25 3.907826e-25 7.603192e-25 1.248441e-24 1.761979e-24 2.159090e-24 2.309171e-24 2.159090e-24 1.761979e-24 1.248441e-24 7.603192e-25 3.907826e-25 1.633953e-25 5.055950e-26 7.315668e-27 -3.620744e-27 -3.750046e-27 -2.011549e-27 -8.141510e-28 -2.711509e-28 -7.697150e-29 -1.896542e-29 -4.099459e-30 -7.823654e-31 -1.322867e-31 -1.983298e-32 -2.630191e-33 -3.063276e-34 -3.082630e-35 -2.581113e-36 -1.612717e-37 -3.916637e-39 7.852778e-40 1.654336e-40 2.077529e-41 2.069784e-42 1.758964e-43 1.312327e-44 8.709260e-46 5.168463e-47 2.741777e-48 1.291846e-49 5.319719e-51 1.843272e-52 4.818959e-54 4.971178e-56 -4.198994e-57 -3.810305e-58 -2.073961e-59 -9.018108e-61 -3.367418e-62 -1.111207e-63 -3.284328e-65 -8.750435e-67 -2.106477e-68 -4.578906e-70 -8.960702e-72 -1.295360e-73 -4.855368e-76 -2.635872e-79 -2.354731e-83 -3.969457e-88 -5.193804e-94 8.718531e-99 0.000000e+00
0.000000e+00 -1.181931e-97 -2.617491e-91 -4.832669e-86 -2.089510e-81 -1.955666e-77 -3.160100e-74 -7.569180e-72 -4.767555e-70 -2.236417e-68 -9.480475e-67 -3.632680e-65 -1.255255e-63 -3.886526e-62 -1.063805e-60 -2.501092e-59 -4.696445e-58 -5.270868e-57 6.580374e-56 6.444332e-54 2.523640e-52 7.470602e-51 1.862786e-49 4.062984e-48 7.877465e-47 1.366349e-45 2.120868e-44 2.930465e-43 3.556932e-42 3.683578e-41 3.022882e-40 1.462532e-39 -8.226853e-39 -3.371592e-37 -5.578647e-36 -6.922555e-35 -7.166118e-34 -6.422848e-33 -5.065064e-32 -3.539576e-31 -2.197013e-30 -1.210117e-29 -5.892542e-29 -2.518843e-28 -9.339390e-28 -2.940233e-27 -7.521505e-27 -1.385011e-26 -8.397995e-27 6.355354e-26 3.505811e-25 1.154730e-24 2.937366e-24 6.185561e-24 1.111101e-23 1.730434e-23 2.360041e-23 2.836382e-23 3.014498e-23 2.836382e-23 2.360041e-23 1.730434e-23 1.111101e-23 6.185561e-24 2.937366e-24 1.154730e-24 3.505811e-25 6.355354e-26 -8.397995e-27 -1.385011e-26 -7.521505e-27 -2.940233e-27 -9.339390e-28 -2.518843e-28 -5.892542e-29 -1.210117e-29 -2.197013e-30 -3.539576e-31 -5.065064e-32 -6.422848e-33 -7.166118e-34 -6.922555e-35 -5.578647e-36 -3.371592e-37 -8.226853e-39 1.462532e-39 3.022882e-40 3.683578e-41 3.556932e-42 2.930465e-43 2.120868e-44 1.366349e-45 7.877465e-47 4.062984e-48 1.862786e-49 7.470602e-51 2.523640e-52 6.444332e-54 6.580374e-56 -5.270868e-57 -4.696445e-58 -2.501092e-59 -1.063805e-60 -3.886526e-62 -1.255255e-63 -3.632680e-65 -9.480475e-67 -2.236417e-68 -4.767555e-70 -7.569180e-72 -3.160100e-74 -1.955666e-77 -2.089510e-81 -4.832669e-86 -2.617491e-91 -1.181931e-97 0.000000e+00
0.000000e+00 -6.321478e-95 -3.083851e-89 -4.133755e-84 -1.493281e-79 -1.225890e-75 -1.777977e-72 -3.872359e-70 -2.237369e-68 -9.673856e-67 -3.783902e-65 -1.335278e-63 -4.223946e-62 -1.181764e-60 -2.841224e-59 -5.457951e-58 -6.266512e-57 8.042829e-56 8.057713e-54 3.235124e-52 9.826289e-51 2.515785e-49 5.638178e-48 1.124030e-46 2.006201e-45 3.206847e-44 4.566502e-43 5.716327e-42 6.108593e-41 5.171852e-40 2.567235e-39 -1.562535e-38 -6.504022e-37 -1.114506e-35 -1.436854e-34 -1.548398e-33 -1.447191e-32 -1.192066e-31 -8.715467e-31 -5.668730e-30 -3.276710e-29 -1.676514e-28 -7.535256e-28 -2.936133e-27 -9.679951e-27 -2.561356e-26 -4.628689e-26 -6.025111e-27 3.832408e-25 1.990795e-24 6.827755e-24 1.852962e-23 4.209225e-23 8.213846e-23 1.397653e-22 2.094368e-22 2.782922e-22 3.294396e-22 3.483929e-22 3.294396e-22 2.782922e-22 2.094368e-22 1.397653e-22 8.213846e-23 4.209225e-23 1.852962e-23 6.827755e-24 1.990795e-24 3.832408e-25 -6.025111e-27 -4.628689e-26 -2.561356e-26 -9.679951e-27 -2.936133e-27 -7.535256e-28 -1.676514e-28 -3.276710e-29 -5.668730e-30 -8.715467e-31 -1.192066e-31 -1.447191e-32 -1.548398e-33 -1.436854e-34 -1.114506e-35 -6.504022e-37 -1.562535e-38 2.567235e-39 5.171852e-40 6.108593e-41 5.716327e-42 4.566502e-43 3.206847e-44 2.006201e-45 1.124030e-46 5.638178e-48 2.515785e-49 9.826289e-51 3.235124e-52 8.057713e-54 8.042829e-56 -6.266512e-57 -5.457951e-58 -2.841224e-59 -1.181764e-60 -4.223946e-62 -1.335278e-63 -3.783902e-65 -9.673856e-67 -2.237369e-68 -3.872359e-70 -1.777977e-72 -1.225890e-75 -1.493281e-79 -4.133755e-84 -3.083851e-89 -6.321478e-95 0.000000e+00
0.000000e+00 -7.373855e-93 -2.598411e-87 -2.906214e-82 -9.204128e-78 -6.780681e-74 -8.938371e-71 -1.782877e-68 -9.484796e-67 -3.783903e-65 -1.363057e-63 -4.403376e-62 -1.258668e-60 -3.093064e-59 -6.075651e-58 -7.133545e-57 9.400010e-56 9.632168e-54 3.962699e-52 1.234217e-50 3.242390e-49 7.461234e-48 1.528368e-46 2.804851e-45 4.613311e-44 6.764439e-43 8.725231e-42 9.612644e-41 8.389563e-40 4.271366e-39 -2.794712e-38 -1.183556e-36 -2.098293e-35 -2.806858e-34 -3.144138e-33 -3.059457e-32 -2.627735e-31 -2.006264e-30 -1.364699e-29 -8.261095e-29 -4.431501e-28 -2.089583e-27 -8.537407e-27 -2.941157e-26 -8.030505e-26 -1.409207e-25 7.246311e-26 1.899497e-24 9.776014e-24 3.515034e-23 1.016509e-22 2.480063e-22 5.224099e-22 9.633822e-22 1.570517e-21 2.279913e-21 2.963672e-21 3.463298e-21 3.646937e-21 3.463298e-21 2.963672e-21 2.279913e-21 1.570517e-21 9.633822e-22 5.224099e-22 2.480063e-22 1.016509e-22 3.515034e-23 9.776014e-24 1.899497e-24 7.246311e-26 -1.409207e-25 -8.030505e-26 -2.941157e-26 -8.537407e-27 -2.089583e-27 -4.431501e-28 -8.261095e-29 -1.364699e-29 -2.006264e-30 -2.627735e-31 -3.059457e-32 -3.144138e-33 -2.806858e-34 -2.098293e-35 -1.183556e-36 -2.794712e-38 4.271366e-39 8.389563e-40 9.612644e-41 8.725231e-42 6.764439e-43 4.613311e-44 2.804851e-45 1.528368e-46 7.461234e-48 3.242390e-49 1.234217e-50 3.962699e-52 9.632168e-54 9.400010e-56 -7.133545e-57 -6.075651e-58 -3.093064e-59 -1.258668e-60 -4.403376e-62 -1.363057e-63 -3.783903e-65 -9.484796e-67 -1.782877e-68 -8.938371e-71 -6.780681e-74 -9.204128e-78 -2.906214e-82 -2.598411e-87 -7.373855e-93 0.000000e+00
0.000000e+00 -6.116863e-91 -1.796166e-85 -1.760473e-80 -5.002698e-76 -3.349583e-72 -4.042449e-69 -7.412386e-67 -3.634449e-65 -1.335278e-63 -4.403376e-62 -1.285391e-60 -3.227175e-59 -6.479086e-58 -7.776718e-57 1.050628e-55 1.101008e-53 4.638961e-52 1.480710e-50 3.988992e-49 9.418953e-48 1.981058e-46 3.735492e-45 6.317107e-44 9.530260e-43 1.265621e-41 1.436316e-40 1.291235e-39 6.741469e-39 -4.712873e-38 -2.033708e-36 -3.726892e-35 -5.166546e-34 -6.007602e-33 -6.077146e-32 -5.433836e-31 -4.325024e-30 -3.071170e-29 -1.943228e-28 -1.090729e-27 -5.384692e-27 -2.302202e-26 -8.271950e-26 -2.325926e-25 -3.919971e-25 5.384535e-25 8.115382e-24 4.233674e-23 1.599873e-22 4.919901e-22 1.283963e-21 2.903734e-21 5.765099e-21 1.014396e-20 1.593814e-20 2.249992e-20 2.867954e-20 3.312615e-20 3.474805e-20 3.312615e-20 2.867954e-20 2.249992e-20 1.593814e-20 1.014396e-20 5.765099e-21 2.903734e-21 1.283963e-21 4.919901e-22 1.599873e-22 4.233674e-23 8.115382e-24 5.384535e-25 -3.919971e-25 -2.325926e-25 -8.271950e-26 -2.302202e-26 -5.384692e-27 -1.090729e-27 -1.943228e-28 -3.071170e-29 -4.325024e-30 -5.433836e-31 -6.077146e-32 -6.007602e-33 -5.166546e-34 -3.726892e-35 -2.033708e-36 -4.712873e-38 6.741469e-39 1.291235e-39 1.436316e-40 1.265621e-41 9.530260e-43 6.317107e-44 3.735492e-45 1.981058e-46 9.418953e-48 3.988992e-49 1.480710e-50 4.638961e-52 1.101008e-53 1.050628e-55 -7.776718e-57 -6.479086e-58 -3.227175e-59 -1.285391e-60 -4.403376e-62 -1.335278e-63 -3.634449e-65 -7.412386e-67 -4.042449e-69 -3.349583e-72 -5.002698e-76 -1.760473e-80 -1.796166e-85 -6.116863e-91 0.000000e+00
0.000000e+00 -4.155140e-89 -1.068746e-83 -9.397664e-79 -2.427168e-74 -1.487948e-70 -1.650374e-67 -2.784604e-65 -1.255908e-63 -4.223947e-62 -1.258668e-60 -3.227175e-59 -6.619389e-58 -8.119575e-57 1.123106e-55 1.203564e-53 5.190983e-52 1.697101e-50 4.685577e-49 1.134554e-47 2.448564e-46 4.740581e-45 8.236754e-44 1.277566e-42 1.745416e-41 2.038854e-40 1.886638e-39 1.009930e-38 -7.501898e-38 -3.302664e-36 -6.250739e-35 -8.970051e-34 -1.081351e-32 -1.135597e-31 -1.055505e-30 -8.744503e-30 -6.471326e-29 -4.272393e-28 -2.504688e-27 -1.292194e-26 -5.770820e-26 -2.158976e-25 -6.241510e-25 -9.984814e-25 2.508207e-24 3.061653e-23 1.637824e-22 6.508068e-22 2.123147e-21 5.904803e-21 1.427065e-20 3.033563e-20 5.723754e-20 9.658992e-20 1.467531e-19 2.018952e-19 2.526800e-19 2.886834e-19 3.017184e-19 2.886834e-19 2.526800e-19 2.018952e-19 1.467531e-19 9.658992e-20 5.723754e-20 3.033563e-20 1.427065e-20 5.904803e-21 2.123147e-21 6.508068e-22 1.637824e-22 3.061653e-23 2.508207e-24 -9.984814e-25 -6.241510e-25 -2.158976e-25 -5.770820e-26 -1.292194e-26 -2.504688e-27 -4.272393e-28 -6.471326e-29 -8.744503e-30 -1.055505e-30 -1.135597e-31 -1.081351e-32 -8.970051e-34 -6.250739e-35 -3.302664e-36 -7.501898e-38 1.009930e-38 1.886638e-39 2.038854e-40 1.745416e-41 1.277566e-42 8.236754e-44 4.740581e-45 2.448564e-46 1.134554e-47 4.685577e-49 1.697101e-50 5.190983e-52 1.203564e-53 1.123106e-55 -8.119575e-57 -6.619389e-58 -3.227175e-59 -1.258668e-60 -4.223947e-62 -1.255908e-63 -2.784604e-65 -1.650374e-67 -1.487948e-70 -2.427168e-74 -9.397664e-79 -1.068746e-83 -4.155140e-89 0.000000e+00
0.000000e+00 -2.427159e-87 -5.600053e-82 -4.475626e-77 -1.058501e-72 -5.964784e-69 -6.086720e-66 -9.430669e-64 -3.888699e-62 -1.181764e-60 -3.093064e-59 -6.479086e-58 -8.119575e-57 1.148352e-55 1.258342e-53 5.552994e-52 1.858512e-50 5.255804e-49 1.304267e-47 2.886512e-46 5.734283e-45 1.022966e-43 1.630124e-42 2.289467e-41 2.750695e-40 2.618186e-39 1.436829e-38 -1.128268e-37 -5.072829e-36 -9.907779e-35 -1.470259e-33 -1.835379e-32 -1.998430e-31 -1.928241e-30 -1.660341e-29 -1.278589e-28 -8.793597e-28 -5.375419e-27 -2.893215e-26 -1.347413e-25 -5.241002e-25 -1.555750e-24 -2.332648e-24 9.373305e-24 1.034859e-22 5.712011e-22 2.385512e-21 8.236042e-21 2.432837e-20 6.257921e-20 1.417612e-19 2.852576e-19 5.137147e-19 8.336868e-19 1.226949e-18 1.646713e-18 2.024810e-18 2.288892e-18 2.383789e-18 2.288892e-18 2.024810e-18 1.646713e-18 1.226949e-18 8.336868e-19 5.137147e-19 2.852576e-19 1.417612e-19 6.257921e-20 2.432837e-20 8.236042e-21 2.385512e-21 5.712011e-22 1.034859e-22 9.373305e-24 -2.332648e-24 -1.555750e-24 -5.241002e-25 -1.347413e-25 -2.893215e-26 -5.375419e-27 -8.793597e-28 -1.278589e-28 -1.660341e-29 -1.928241e-30 -1.998430e-31 -1.835379e-32 -1.470259e-33 -9.907779e-35 -5.072829e-36 -1.128268e-37 1.436829e-38 2.618186e-39 2.750695e-40 2.289467e-41 1.630124e-42 1.022966e-43 5.734283e-45 2.886512e-46 1.304267e-47 5.255804e-49 1.858512e-50 5.552994e-52 1.258342e-53 1.148352e-55 -8.119575e-57 -6.479086e-58 -3.093064e-59 -1.181764e-60 -3.888699e-62 -9.430669e-64 -6.086720e-66 -5.964784e-69 -1.058501e-72 -4.475626e-77 -5.600053e-82 -2.427159e-87 0.000000e+00
0.000000e+00 -1.247656e-85 -2.616462e-80 -1.915092e-75 -4.164280e-71 -2.159538e-67 -2.023499e-64 -2.861188e-62 -1.064450e-60 -2.841226e-59 -6.075651e-58 -7.776718e-57 1.123106e-55 1.258342e-53 5.679147e-52 1.944841e-50 5.630460e-49 1.431169e-47 3.246099e-46 6.612776e-45 1.210437e-43 1.980350e-42 2.857283e-41 3.528425e-40 3.452398e-39 1.942191e-38 -1.604579e-37 -7.374542e-36 -1.485225e-34 -2.276868e-33 -2.940044e-32 -3.315182e-31 -3.316387e-30 -2.963998e-29 -2.371755e-28 -1.696746e-27 -1.079836e-26 -6.054035e-26 -2.935780e-25 -1.185688e-24 -3.610229e-24 -5.003230e-24 3.011381e-23 3.164571e-22 1.808383e-21 7.929936e-21 2.890694e-20 9.041705e-20 2.466674e-19 5.930691e-19 1.266836e-18 2.421465e-18 4.170457e-18 6.515695e-18 9.293293e-18 1.216981e-17 1.470171e-17 1.644275e-17 1.706348e-17 1.644275e-17 1.470171e-17 1.216981e-17 9.293293e-18 6.515695e-18 4.170457e-18 2.421465e-18 1.266836e-18 5.930691e-19 2.466674e-19 9.041705e-20 2.890694e-20 7.929936e-21 1.808383e-21 3.164571e-22 3.011381e-23 -5.003230e-24 -3.610229e-24 -1.185688e-24 -2.935780e-25 -6.054035e-26 -1.079836e-26 -1.696746e-27 -2.371755e-28 -2.963998e-29 -3.316387e-30 -3.315182e-31 -2.940044e-32 -2.276868e-33 -1.485225e-34 -7.374542e-36 -1.604579e-37 1.942191e-38 3.452398e-39 3.528425e-40 2.857283e-41 1.980350e-42 1.210437e-43 6.612776e-45 3.246099e-46 1.431169e-47 5.630460e-49 1.944841e-50 5.679147e-52 1.258342e-53 1.123106e-55 -7.776718e-57 -6.075651e-58 -2.841226e-59 -1.064450e-60 -2.861188e-62 -2.023499e-64 -2.159538e-67 -4.164280e-71 -1.915092e-75 -2.616462e-80 -1.247656e-85 0.000000e+00
0.000000e+00 -5.715420e-84 -1.097828e-78 -7.389555e-74 -1.479216e-69 -7.046912e-66 -6.026766e-63 -7.673548e-61 -2.502774e-59 -5.457957e-58 -7.133545e-57 1.050628e-55 1.203564e-53 5.552994e-52 1.944841e-50 5.761143e-49 1.499141e-47 3.482832e-46 7.271354e-45 1.364846e-43 2.291114e-42 3.393686e-41 4.304616e-40 4.327132e-39 2.495269e-38 -2.159288e-37 -1.015233e-35 -2.106911e-34 -3.333663e-33 -4.448129e-32 -5.188496e-31 -5.374925e-30 -4.979879e-29 -4.135202e-28 -3.072964e-27 -2.033186e-26 -1.185666e-25 -5.978661e-25 -2.504258e-24 -7.815406e-24 -9.855869e-24 8.573001e-23 8.816833e-22 5.225630e-21 2.403156e-20 9.228938e-20 3.048383e-19 8.792779e-19 2.235997e-18 5.050072e-18 1.019794e-17 1.853659e-17 3.053807e-17 4.591465e-17 6.342222e-17 8.097013e-17 9.602946e-17 1.062071e-16 1.098039e-16 1.062071e-16 9.602946e-17 8.097013e-17 6.342222e-17 4.591465e-17 3.053807e-17 1.853659e-17 1.019794e-17 5.050072e-18 2.235997e-18 8.792779e-19 3.048383e-19 9.228938e-20 2.403156e-20 5.225630e-21 8.816833e-22 8.573001e-23 -9.855869e-24 -7.815406e-24 -2.504258e-24 -5.978661e-25 -1.185666e-25 -2.033186e-26 -3.072964e-27 -4.135202e-28 -4.979879e-29 -5.374925e-30 -5.188496e-31 -4.448129e-32 -3.333663e-33 -2.106911e-34 -1.015233e-35 -2.159288e-37 2.495269e-38 4.327132e-39 4.304616e-40 3.393686e-41 2.291114e-42 1.364846e-43 7.271354e-45 3.482832e-46 1.499141e-47 5.761143e-49 1.944841e-50 5.552994e-52 1.203564e-53 1.050628e-55 -7.133545e-57 -5.457957e-58 -2.502774e-59 -7.673548e-61 -6.026766e-63 -7.046912e-66 -1.479216e-69 -7.389555e-74 -1.097828e-78 -5.715420e-84 0.000000e+00
0.000000e+00 -2.350083e-82 -4.152115e-77 -2.573703e-72 -4.735133e-68 -2.060407e-64 -1.587595e-61 -1.768419e-59 -4.700164e-58 -6.266526e-57 9.400010e-56 1.101008e-53 5.190983e-52 1.858512e-50 5.630460e-49 1.499141e-47 3.565489e-46 7.624643e-45 1.466711e-43 2.524696e-42 3.836883e-41 4.995839e-40 5.156556e-39 3.048015e-38 -2.751066e-37 -1.324189e-35 -2.829865e-34 -4.617405e-33 -6.360305e-32 -7.666625e-31 -8.215439e-30 -7.881438e-29 -6.783260e-28 -5.229485e-27 -3.592420e-26 -2.176196e-25 -1.139615e-24 -4.945527e-24 -1.581129e-23 -1.782354e-23 2.198594e-22 2.250066e-21 1.384359e-20 6.667944e-20 2.692185e-19 9.367521e-19 2.848949e-18 7.639494e-18 1.818108e-17 3.863345e-17 7.375686e-17 1.273680e-16 2.003799e-16 2.893194e-16 3.861397e-16 4.795403e-16 5.572956e-16 6.087416e-16 6.267250e-16 6.087416e-16 5.572956e-16 4.795403e-16 3.861397e-16 2.893194e-16 2.003799e-16 1.273680e-16 7.375686e-17 3.863345e-17 1.818108e-17 7.639494e-18 2.848949e-18 9.367521e-19 2.692185e-19 6.667944e-20 1.384359e-20 2.250066e-21 2.198594e-22 -1.782354e-23 -1.581129e-23 -4.945527e-24 -1.139615e-24 -2.176196e-25 -3.592420e-26 -5.229485e-27 -6.783260e-28 -7.881438e-29 -8.215439e-30 -7.666625e-31 -6.360305e-32 -4.617405e-33 -2.829865e-34 -1.324189e-35 -2.751066e-37 3.048015e-38 5.156556e-39 4.995839e-40 3.836883e-41 2.524696e-42 1.466711e-43 7.624643e-45 3.565489e-46 1.499141e-47 5.630460e-49 1.858512e-50 5.190983e-52 1.101008e-53 9.400010e-56 -6.266526e-57 -4.700164e-58 -1.768419e-59 -1.587595e-61 -2.060407e-64 -4.735133e-68 -2.573703e-72 -4.152115e-77 -2.350083e-82 0.000000e+00
0.000000e+00 -8.706491e-81 -1.416999e-75 -8.076559e-71 -1.358259e-66 -5.331451e-63 -3.599477e-60 -3.261351e-58 -5.277199e-57 8.042799e-56 9.632168e-54 4.638961e-52 1.697101e-50 5.255804e-49 1.431169e-47 3.482832e-46 7.624643e-45 1.502315e-43 2.650196e-42 4.129881e-41 5.516723e-40 5.843771e-39 3.540779e-38 -3.319886e-37 -1.637033e-35 -3.600305e-34 -6.053117e-33 -8.599917e-32 -1.070197e-30 -1.185059e-29 -1.175904e-28 -1.047769e-27 -8.370112e-27 -5.962660e-26 -3.747556e-25 -2.035768e-24 -9.144572e-24 -2.994122e-23 -2.954809e-23 5.131408e-22 5.281888e-21 3.374437e-20 1.700088e-19 7.202753e-19 2.634250e-18 8.426804e-18 2.376443e-17 5.942015e-17 1.324106e-16 2.644037e-16 4.760542e-16 7.782747e-16 1.164198e-15 1.606297e-15 2.060741e-15 2.477153e-15 2.809258e-15 3.022241e-15 3.095471e-15 3.022241e-15 2.809258e-15 2.477153e-15 2.060741e-15 1.606297e-15 1.164198e-15 7.782747e-16 4.760542e-16 2.644037e-16 1.324106e-16 5.942015e-17 2.376443e-17 8.426804e-18 2.634250e-18 7.202753e-19 1.700088e-19 3.374437e-20 5.281888e-21 5.131408e-22 -2.954809e-23 -2.994122e-23 -9.144572e-24 -2.035768e-24 -3.747556e-25 -5.962660e-26 -8.370112e-27 -1.047769e-27 -1.175904e-28 -1.185059e-29 -1.070197e-30 -8.599917e-32 -6.053117e-33 -3.600305e-34 -1.637033e-35 -3.319886e-37 3.540779e-38 5.843771e-39 5.516723e-40 4.129881e-41 2.650196e-42 1.502315e-43 7.624643e-45 3.482832e-46 1.431169e-47 5.255804e-49 1.697101e-50 4.638961e-52 9.632168e-54 8.042799e-56 -5.277199e-57 -3.261351e-58 -3.599477e-60 -5.331451e-63 -1.358259e-66 -8.076559e-71 -1.416999e-75 -8.706491e-81 0.000000e+00
0.000000e+00 -2.909415e-79 -4.356087e-74 -2.271181e-69 -3.449869e-65 -1.189493e-61 -6.565443e-59 -3.641076e-57 6.575293e-56 8.057708e-54 3.962699e-52 1.480710e-50 4.685577e-49 1.304267e-47 3.246099e-46 7.271354e-45 1.466711e-43 2.650196e-42 4.232397e-41 5.797018e-40 6.298931e-39 3.912393e-38 -3.795970e-37 -1.918766e-35 -4.340292e-34 -7.513442e-33 -1.100081e-31 -1.412033e-30 -1.614187e-29 -1.655022e-28 -1.525096e-27 -1.261042e-26 -9.305263e-26 -6.061017e-25 -3.411832e-24 -1.585077e-23 -5.314522e-23 -4.478097e-23 1.097507e-21 1.144370e-20 7.591322e-20 3.995326e-19 1.773079e-18 6.802271e-18 2.283834e-17 6.757811e-17 1.770762e-16 4.125934e-16 8.586135e-16 1.604121e-15 2.707346e-15 4.157926e-15 5.858534e-15 7.640969e-15 9.312409e-15 1.070927e-14 1.173160e-14 1.234350e-14 1.254579e-14 1.234350e-14 1.173160e-14 1.070927e-14 9.312409e-15 7.640969e-15 5.858534e-15 4.157926e-15 2.707346e-15 1.604121e-15 8.586135e-16 4.125934e-16 1.770762e-16 6.757811e-17 2.283834e-17 6.802271e-18 1.773079e-18 3.995326e-19 7.591322e-20 1.144370e-20 1.097507e-21 -4.478097e-23 -5.314522e-23 -1.585077e-23 -3.411832e-24 -6.061017e-25 -9.305263e-26 -1.261042e-26 -1.525096e-27 -1.655022e-28 -1.614187e-29 -1.412033e-30 -1.100081e-31 -7.513442e-33 -4.340292e-34 -1.918766e-35 -3.795970e-37 3.912393e-38 6.298931e-39 5.797018e-40 4.232397e-41 2.650196e-42 1.466711e-43 7.271354e-45 3.246099e-46 1.304267e-47 4.685577e-49 1.480710e-50 3.962699e-52 8.057708e-54 6.575293e-56 -3.641076e-57 -6.565443e-59 -1.189493e-61 -3.449869e-65 -2.271181e-69 -4.356087e-74 -2.909415e-79 0.000000e+00
0.000000e+00 -8.755381e-78 -1.199948e-72 -5.657654e-68 -7.567620e-64 -2.147195e-60 -7.466248e-58 4.035105e-56 6.446043e-54 3.235123e-52 1.234217e-50 3.988992e-49 1.134554e-47 2.886512e-46 6.612776e-45 1.364846e-43 2.524696e-42 4.129881e-41 5.797018e-40 6.458332e-39 4.112455e-38 -4.113411e-37 -2.132769e-35 -4.959315e-34 -8.833140e-33 -1.331771e-31 -1.761703e-30 -2.077228e-29 -2.198570e-28 -2.093167e-27 -1.789605e-26 -1.366441e-25 -9.214337e-25 -5.369673e-24 -2.578254e-23 -8.852862e-23 -6.174494e-23 2.161777e-21 2.294740e-20 1.580199e-19 8.677017e-19 4.027076e-18 1.617685e-17 5.689430e-17 1.762795e-16 4.830049e-16 1.173815e-15 2.537738e-15 4.898521e-15 8.480992e-15 1.324508e-14 1.878507e-14 2.438448e-14 2.923730e-14 3.274375e-14 3.473306e-14 3.549380e-14 3.558977e-14 3.555044e-14 3.558977e-14 3.549380e-14 3.473306e-14 3.274375e-14 2.923730e-14 2.438448e-14 1.878507e-14 1.324508e-14 8.480992e-15 4.898521e-15 2.537738e-15 1.173815e-15 4.830049e-16 1.762795e-16 5.689430e-17 1.617685e-17 4.027076e-18 8.677017e-19 1.580199e-19 2.294740e-20 2.161777e-21 -6.174494e-23 -8.852862e-23 -2.578254e-23 -5.369673e-24 -9.214337e-25 -1.366441e-25 -1.789605e-26 -2.093167e-27 -2.198570e-28 -2.077228e-29 -1.761703e-30 -1.331771e-31 -8.833140e-33 -4.959315e-34 -2.132769e-35 -4.113411e-37 4.112455e-38 6.458332e-39 5.797018e-40 4.129881e-41 2.524696e-42 1.364846e-43 6.612776e-45 2.886512e-46 1.134554e-47 3.988992e-49 1.234217e-50 3.235123e-52 6.446043e-54 4.035105e-56 -7.466248e-58 -2.147195e-60 -7.567620e-64 -5.657654e-68 -1.199948e-72 -8.755381e-78 0.000000e+00
0.000000e+00 -2.360688e-76 -2.929121e-71 -1.218960e-66 -1.350098e-62 -2.489443e-59 6.290535e-57 4.053822e-54 2.524726e-52 9.826291e-51 3.242390e-49 9.418953e-48 2.448564e-46 5.734283e-45 1.210437e-43 2.291114e-42 3.836883e-41 5.516723e-40 6.298931e-39 4.112455e-38 -4.224952e-37 -2.248476e-35 -5.371931e-34 -9.838064e-33 -1.526272e-31 -2.079087e-30 -2.526391e-29 -2.757900e-28 -2.710255e-27 -2.393693e-26 -1.889353e-25 -1.317720e-24 -7.942596e-24 -3.938942e-23 -1.385451e-22 -7.683050e-23 3.936033e-21 4.268650e-20 3.050208e-19 1.745413e-18 8.458868e-18 3.552053e-17 1.306369e-16 4.230691e-16 1.209861e-15 3.060186e-15 6.854958e-15 1.361837e-14 2.403731e-14 3.777255e-14 5.293971e-14 6.622029e-14 7.379803e-14 7.284326e-14 6.289612e-14 4.645991e-14 2.843742e-14 1.455263e-14 9.349515e-15 1.455263e-14 2.843742e-14 4.645991e-14 6.289612e-14 7.284326e-14 7.379803e-14 6.622029e-14 5.293971e-14 3.777255e-14 2.403731e-14 1.361837e-14 6.854958e-15 3.060186e-15 1.209861e-15 4.230691e-16 1.306369e-16 3.552053e-17 8.458868e-18 1.745413e-18 3.050208e-19 4.268650e-20 3.936033e-21 -7.683050e-23 -1.385451e-22 -3.938942e-23 -7.942596e-24 -1.317720e-24 -1.889353e-25 -2.393693e-26 -2.710255e-27 -2.757900e-28 -2.526391e-29 -2.079087e-30 -1.526272e-31 -9.838064e-33 -5.371931e-34 -2.248476e-35 -4.224952e-37 4.112455e-38 6.298931e-39 5.516723e-40 3.836883e-41 2.291114e-42 1.210437e-43 5.734283e-45 2.448564e-46 9.418953e-48 3.242390e-49 9.826291e-51 2.524726e-52 4.053822e-54 6.290535e-57 -2.489443e-59 -1.350098e-62 -1.218960e-66 -2.929121e-71 -2.360688e-76 0.000000e+00
0.000000e+00 -5.641855e-75 -6.192049e-70 -2.145913e-65 -1.587636e-61 1.471225e-58 7.113132e-55 1.559113e-52 7.474413e-51 2.515785e-49 7.461234e-48 1.981058e-46 4.740581e-45 1.022966e-43 1.980350e-42 3.393686e-41 4.995839e-40 5.843771e-39 3.912393e-38 -4.113411e-37 -2.248476e-35 -5.516893e-34 -1.038222e-32 -1.656222e-31 -2.321523e-30 -2.904920e-29 -3.267934e-28 -3.312051e-27 -3.019063e-26 -2.461123e-25 -1.773745e-24 -1.104920e-23 -5.656469e-23 -2.038855e-22 -8.506425e-23 6.643383e-21 7.380218e-20 5.469819e-19 3.258128e-18 1.646571e-17 7.217073e-17 2.771310e-16 9.366048e-16 2.790928e-15 7.334169e-15 1.698406e-14 3.460805e-14 6.189494e-14 9.668442e-14 1.305134e-13 1.483719e-13 1.320159e-13 6.632995e-14 -5.361718e-14 -2.178981e-13 -4.017438e-13 -5.707446e-13 -6.897507e-13 -7.326323e-13 -6.897507e-13 -5.707446e-13 -4.017438e-13 -2.178981e-13 -5.361718e-14 6.632995e-14 1.320159e-13 1.483719e-13 1.305134e-13 9.668442e-14 6.189494e-14 3.460805e-14 1.698406e-14 7.334169e-15 2.790928e-15 9.366048e-16 2.771310e-16 7.217073e-17 1.646571e-17 3.258128e-18 5.469819e-19 7.380218e-20 6.643383e-21 -8.506425e-23 -2.038855e-22 -5.656469e-23 -1.104920e-23 -1.773745e-24 -2.461123e-25 -3.019063e-26 -3.312051e-27 -3.267934e-28 -2.904920e-29 -2.321523e-30 -1.656222e-31 -1.038222e-32 -5.516893e-34 -2.248476e-35 -4.113411e-37 3.912393e-38 5.843771e-39 4.995839e-40 3.393686e-41 1.980350e-42 1.022966e-43 4.740581e-45 1.981058e-46 7.461234e-48 2.515785e-49 7.474413e-51 1.559113e-52 7.113132e-55 1.471225e-58 -1.587636e-61 -2.145913e-65 -6.192049e-70 -5.641855e-75 0.000000e+00
0.000000e+00 -1.168986e-73 -1.074006e-68 -2.546345e-64 6.069004e-61 2.004128e-56 2.717674e-53 4.511620e-51 1.863838e-49 5.638181e-48 1.528368e-46 3.735492e-45 8.236754e-44 1.630124e-42 2.857283e-41 4.304616e-40 5.156556e-39 3.540779e-38 -3.795970e-37 -2.132769e-35 -5.371931e-34 -1.038222e-32 -1.701930e-31 -2.453044e-30 -3.158476e-29 -3.658809e-28 -3.821235e-27 -3.591973e-26 -3.021638e-25 -2.248472e-24 -1.446445e-23 -7.640161e-23 -2.823635e-22 -8.156876e-23 1.041766e-20 1.187853e-19 9.126872e-19 5.653165e-18 2.975468e-17 1.359436e-16 5.442708e-16 1.916936e-15 5.943792e-15 1.620373e-14 3.872027e-14 8.068585e-14 1.453302e-13 2.224207e-13 2.779255e-13 2.502654e-13 5.988913e-14 -3.674298e-13 -1.070940e-12 -2.030444e-12 -3.157275e-12 -4.305314e-12 -5.299689e-12 -5.975291e-12 -6.214647e-12 -5.975291e-12 -5.299689e-12 -4.305314e-12 -3.157275e-12 -2.030444e-12 -1.070940e-12 -3.674298e-13 5.988913e-14 2.502654e-13 2.779255e-13 2.224207e-13 1.453302e-13 8.068585e-14 3.872027e-14 1.620373e-14 5.943792e-15 1.916936e-15 5.442708e-16 1.359436e-16 2.975468e-17 5.653165e-18 9.126872e-19 1.187853e-19 1.041766e-20 -8.156876e-23 -2.823635e-22 -7.640161e-23 -1.446445e-23 -2.248472e-24 -3.021638e-25 -3.591973e-26 -3.821235e-27 -3.658809e-28 -3.158476e-29 -2.453044e-30 -1.701930e-31 -1.038222e-32 -5.371931e-34 -2.132769e-35 -3.795970e-37 3.540779e-38 5.156556e-39 4.304616e-40 2.857283e-41 1.630124e-42 8.236754e-44 3.735492e-45 1.528368e-46 5.638181e-48 1.863838e-49 4.511620e-51 2.717674e-53 2.004128e-56 6.069004e-61 -2.546345e-64 -1.074006e-68 -1.168986e-73 0.000000e+00
0.000000e+00 -1.994735e-72 -1.280166e-67 5.370579e-64 1.082625e-58 7.632820e-55 7.725905e-52 1.097628e-49 4.065457e-48 1.124031e-46 2.804851e-45 6.317107e-44 1.277566e-42 2.289467e-41 3.528425e-40 4.327132e-39 3.048015e-38 -3.319886e-37 -1.918766e-35 -4.959315e-34 -9.838064e-33 -1.656222e-31 -2.453044e-30 -3.247775e-29 -3.871275e-28 -4.163213e-27 -4.032487e-26 -3.497744e-25 -2.685253e-24 -1.782688e-23 -9.711349e-23 -3.682479e-22 -6.371921e-23 1.520415e-20 1.782152e-19 1.418891e-18 9.130060e-18 4.999039e-17 2.377810e-16 9.913384e-16 3.634155e-15 1.171141e-14 3.308188e-14 8.145449e-14 1.731454e-13 3.122115e-13 4.598126e-13 4.958433e-13 1.969253e-13 -7.416321e-13 -2.631257e-12 -5.683675e-12 -9.911755e-12 -1.507524e-11 -2.069173e-11 -2.611071e-11 -3.063032e-11 -3.362824e-11 -3.467804e-11 -3.362824e-11 -3.063032e-11 -2.611071e-11 -2.069173e-11 -1.507524e-11 -9.911755e-12 -5.683675e-12 -2.631257e-12 -7.416321e-13 1.969253e-13 4.958433e-13 4.598126e-13 3.122115e-13 1.731454e-13 8.145449e-14 3.308188e-14 1.171141e-14 3.634155e-15 9.913384e-16 2.377810e-16 4.999039e-17 9.130060e-18 1.418891e-18 1.782152e-19 1.520415e-20 -6.371921e-23 -3.682479e-22 -9.711349e-23 -1.782688e-23 -2.685253e-24 -3.497744e-25 -4.032487e-26 -4.163213e-27 -3.871275e-28 -3.247775e-29 -2.453044e-30 -1.656222e-31 -9.838064e-33 -4.959315e-34 -1.918766e-35 -3.319886e-37 3.048015e-38 4.327132e-39 3.528425e-40 2.289467e-41 1.277566e-42 6.317107e-44 2.804851e-45 1.124031e-46 4.065457e-48 1.097628e-49 7.725905e-52 7.632820e-55 1.082625e-58 5.370579e-64 -1.280166e-67 -1.994735e-72 0.000000e+00
0.000000e+00 -2.378919e-71 8.918049e-68 1.475809e-61 4.112697e-57 2.133630e-53 1.839753e-50 2.333143e-48 7.882572e-47 2.006203e-45 4.613311e-44 9.530260e-43 1.745416e-41 2.750695e-40 3.452398e-39 2.495269e-38 -2.751066e-37 -1.637033e-35 -4.340292e-34 -8.833140e-33 -1.526272e-31 -2.321523e-30 -3.158476e-29 -3.871275e-28 -4.283812e-27 -4.272410e-26 -3.818335e-25 -3.022129e-24 -2.069212e-23 -1.162136e-22 -4.524908e-22 -3.311272e-23 2.068048e-20 2.495089e-19 2.057461e-18 1.374116e-17 7.818553e-17 3.867380e-16 1.677114e-15 6.392422e-15 2.138886e-14 6.254461e-14 1.585068e-13 3.430185e-13 6.156127e-13 8.524822e-13 6.809229e-13 -6.140388e-13 -4.053238e-12 -1.074822e-11 -2.156155e-11 -3.676992e-11 -5.585504e-11 -7.749028e-11 -9.971770e-11 -1.202555e-10 -1.368565e-10 -1.476454e-10 -1.513855e-10 -1.476454e-10 -1.368565e-10 -1.202555e-10 -9.971770e-11 -7.749028e-11 -5.585504e-11 -3.676992e-11 -2.156155e-11 -1.074822e-11 -4.053238e-12 -6.140388e-13 6.809229e-13 8.524822e-13 6.156127e-13 3.430185e-13 1.585068e-13 6.254461e-14 2.138886e-14 6.392422e-15 1.677114e-15 3.867380e-16 7.818553e-17 1.374116e-17 2.057461e-18 2.495089e-19 2.068048e-20 -3.311272e-23 -4.524908e-22 -1.162136e-22 -2.069212e-23 -3.022129e-24 -3.818335e-25 -4.272410e-26 -4.283812e-27 -3.871275e-28 -3.158476e-29 -2.321523e-30 -1.526272e-31 -8.833140e-33 -4.340292e-34 -1.637033e-35 -2.751066e-37 2.495269e-38 3.452398e-39 2.750695e-40 1.745416e-41 9.530260e-43 4.613311e-44 2.006203e-45 7.882572e-47 2.333143e-48 1.839753e-50 2.133630e-53 4.112697e-57 1.475809e-61 8.918049e-68 -2.378919e-71 0.000000e+00
