0.000000e+00 -2.922867e-95 7.757240e-91 1.552078e-85 3.106103e-81 1.229913e-77 8.299681e-75 8.404813e-73 2.325110e-71 4.959428e-70 9.766659e-69 1.776149e-67 2.978466e-66 4.586119e-65 6.429991e-64 8.079272e-63 8.801085e-62 7.629828e-61 3.585408e-60 -3.979884e-59 -1.500725e-57 -2.849240e-56 -4.253651e-55 -5.474462e-54 -6.287349e-53 -6.549562e-52 -6.241334e-51 -5.465665e-50 -4.408290e-49 -3.276612e-48 -2.242937e-47 -1.411309e-46 -8.135745e-46 -4.274179e-45 -2.029288e-44 -8.584858e-44 -3.151187e-43 -9.444941e-43 -1.881199e-42 1.045734e-42 3.489642e-41 2.236362e-40 1.031746e-39 3.949967e-39 1.315577e-38 3.895604e-38 1.038009e-37 2.508019e-37 5.525292e-37 1.114717e-36 2.067116e-36 3.534933e-36 5.591137e-36 8.201216e-36 1.118237e-35 1.420139e-35 1.682529e-35 1.861810e-35 1.925566e-35 1.861810e-35 1.682529e-35 1.420139e-35 1.118237e-35 8.201216e-36 5.591137e-36 3.534933e-36 2.067116e-36 1.114717e-36 5.525292e-37 2.508019e-37 1.038009e-37 3.895604e-38 1.315577e-38 3.949967e-39 1.031746e-39 2.236362e-40 3.489642e-41 1.045734e-42 -1.881199e-42 -9.444941e-43 -3.151187e-43 -8.584858e-44 -2.029288e-44 -4.274179e-45 -8.135745e-46 -1.411309e-46 -2.242937e-47 -3.276612e-48 -4.408290e-49 -5.465665e-50 -6.241334e-51 -6.549562e-52 -6.287349e-53 -5.474462e-54 -4.253651e-55 -2.849240e-56 -1.500725e-57 -3.979884e-59 3.585408e-60 7.629828e-61 8.801085e-62 8.079272e-63 6.429991e-64 4.586119e-65 2.978466e-66 1.776149e-67 9.766659e-69 4.959428e-70 2.325110e-71 8.404813e-73 8.299681e-75 1.229913e-77 3.106103e-81 1.552078e-85 7.757240e-91 -2.922867e-95 0.000000e+00
0.000000e+00 1.198137e-90 6.305826e-85 3.901083e-80 5.951618e-76 2.036491e-72 1.239530e-69 1.154854e-67 2.975672e-66 5.946954e-65 1.098560e-63 1.871229e-62 2.925718e-61 4.161793e-60 5.294988e-59 5.811885e-58 4.997293e-57 2.071331e-56 -3.562787e-55 -1.201997e-53 -2.269994e-52 -3.425041e-51 -4.480347e-50 -5.244886e-49 -5.578713e-48 -5.434741e-47 -4.869895e-46 -4.021863e-45 -3.062598e-44 -2.148483e-43 -1.385529e-42 -8.183289e-42 -4.400395e-41 -2.133696e-40 -9.175075e-40 -3.385677e-39 -9.880560e-39 -1.615900e-38 4.649958e-38 6.056762e-37 3.645412e-36 1.682488e-35 6.569024e-35 2.250772e-34 6.889838e-34 1.903718e-33 4.780217e-33 1.096254e-32 2.305481e-32 4.462248e-32 7.974782e-32 1.320072e-31 2.029752e-31 2.906737e-31 3.886080e-31 4.860024e-31 5.694993e-31 6.260293e-31 6.460404e-31 6.260293e-31 5.694993e-31 4.860024e-31 3.886080e-31 2.906737e-31 2.029752e-31 1.320072e-31 7.974782e-32 4.462248e-32 2.305481e-32 1.096254e-32 4.780217e-33 1.903718e-33 6.889838e-34 2.250772e-34 6.569024e-35 1.682488e-35 3.645412e-36 6.056762e-37 4.649958e-38 -1.615900e-38 -9.880560e-39 -3.385677e-39 -9.175075e-40 -2.133696e-40 -4.400395e-41 -8.183289e-42 -1.385529e-42 -2.148483e-43 -3.062598e-44 -4.021863e-45 -4.869895e-46 -5.434741e-47 -5.578713e-48 -5.244886e-49 -4.480347e-50 -3.425041e-51 -2.269994e-52 -1.201997e-53 -3.562787e-55 2.071331e-56 4.997293e-57 5.811885e-58 5.294988e-59 4.161793e-60 2.925718e-61 1.871229e-62 1.098560e-63 5.946954e-65 2.975672e-66 1.154854e-67 1.239530e-69 2.036491e-72 5.951618e-76 3.901083e-80 6.305826e-85 1.198137e-90 0.000000e+00
0.000000e+00 4.004755e-85 6.483088e-80 3.054997e-75 4.026077e-71 1.242138e-67 6.948449e-65 6.009772e-63 1.447911e-61 2.713111e-60 4.691007e-59 7.442084e-58 1.073085e-56 1.380785e-55 1.524143e-54 1.293209e-53 4.442073e-53 -1.231437e-51 -3.814695e-50 -7.175157e-49 -1.093780e-47 -1.453223e-46 -1.732537e-45 -1.879852e-44 -1.870281e-43 -1.712977e-42 -1.446891e-41 -1.127366e-40 -8.094130e-40 -5.341809e-39 -3.227101e-38 -1.772697e-37 -8.756935e-37 -3.813867e-36 -1.405415e-35 -3.913838e-35 -4.202866e-35 4.024638e-34 3.874464e-33 2.251913e-32 1.045590e-31 4.166204e-31 1.466869e-30 4.632309e-30 1.323750e-29 3.443555e-29 8.191495e-29 1.788640e-28 3.597360e-28 6.686100e-28 1.152058e-27 1.845992e-27 2.758784e-27 3.855907e-27 5.052707e-27 6.220544e-27 7.207456e-27 7.869210e-27 8.102332e-27 7.869210e-27 7.207456e-27 6.220544e-27 5.052707e-27 3.855907e-27 2.758784e-27 1.845992e-27 1.152058e-27 6.686100e-28 3.597360e-28 1.788640e-28 8.191495e-29 3.443555e-29 1.323750e-29 4.632309e-30 1.466869e-30 4.166204e-31 1.045590e-31 2.251913e-32 3.874464e-33 4.024638e-34 -4.202866e-35 -3.913838e-35 -1.405415e-35 -3.813867e-36 -8.756935e-37 -1.772697e-37 -3.227101e-38 -5.341809e-39 -8.094130e-40 -1.127366e-40 -1.446891e-41 -1.712977e-42 -1.870281e-43 -1.879852e-44 -1.732537e-45 -1.453223e-46 -1.093780e-47 -7.175157e-49 -3.814695e-50 -1.231437e-51 4.442073e-53 1.293209e-53 1.524143e-54 1.380785e-55 1.073085e-56 7.442084e-58 4.691007e-59 2.713111e-60 1.447911e-61 6.009772e-63 6.948449e-65 1.242138e-67 4.026077e-71 3.054997e-75 6.483088e-80 4.004755e-85 0.000000e+00
0.000000e+00 1.457140e-80 1.797038e-75 7.314201e-71 8.690274e-67 2.463669e-63 1.278154e-60 1.030174e-58 2.321647e-57 4.068698e-56 6.544432e-55 9.556535e-54 1.242095e-52 1.375839e-51 1.144767e-50 2.884689e-50 -1.436729e-48 -4.161322e-47 -7.803917e-46 -1.201469e-44 -1.620198e-43 -1.965534e-42 -2.173526e-41 -2.206257e-40 -2.063213e-39 -1.780375e-38 -1.417672e-37 -1.040316e-36 -7.015791e-36 -4.327943e-35 -2.423741e-34 -1.216566e-33 -5.344746e-33 -1.950445e-32 -5.023958e-32 -7.467383e-33 9.740607e-31 8.069190e-30 4.600597e-29 2.155888e-28 8.766121e-28 3.167136e-27 1.029598e-26 3.034818e-26 8.153485e-26 2.004777e-25 4.527149e-25 9.419920e-25 1.811923e-24 3.232331e-24 5.365284e-24 8.313255e-24 1.206154e-23 1.643441e-23 2.108491e-23 2.552978e-23 2.922715e-23 3.168005e-23 3.253953e-23 3.168005e-23 2.922715e-23 2.552978e-23 2.108491e-23 1.643441e-23 1.206154e-23 8.313255e-24 5.365284e-24 3.232331e-24 1.811923e-24 9.419920e-25 4.527149e-25 2.004777e-25 8.153485e-26 3.034818e-26 1.029598e-26 3.167136e-27 8.766121e-28 2.155888e-28 4.600597e-29 8.069190e-30 9.740607e-31 -7.467383e-33 -5.023958e-32 -1.950445e-32 -5.344746e-33 -1.216566e-33 -2.423741e-34 -4.327943e-35 -7.015791e-36 -1.040316e-36 -1.417672e-37 -1.780375e-38 -2.063213e-39 -2.206257e-40 -2.173526e-41 -1.965534e-42 -1.620198e-43 -1.201469e-44 -7.803917e-46 -4.161322e-47 -1.436729e-48 2.884689e-50 1.144767e-50 1.375839e-51 1.242095e-52 9.556535e-54 6.544432e-55 4.068698e-56 2.321647e-57 1.030174e-58 1.278154e-60 2.463669e-63 8.690274e-67 7.314201e-71 1.797038e-75 1.457140e-80 0.000000e+00
0.000000e+00 1.180434e-76 1.257644e-71 4.615004e-67 5.038361e-63 1.324531e-59 6.397458e-57 4.805752e-55 1.010116e-53 1.644703e-52 2.429914e-51 3.185891e-50 3.532733e-49 2.859992e-48 3.798488e-48 -4.701799e-46 -1.290361e-44 -2.414857e-43 -3.753514e-42 -5.133968e-41 -6.332517e-40 -7.130426e-39 -7.377284e-38 -7.036863e-37 -6.196519e-36 -5.036457e-35 -3.772485e-34 -2.595927e-33 -1.632443e-32 -9.300726e-32 -4.729991e-31 -2.086366e-30 -7.457705e-30 -1.683891e-29 2.559692e-29 6.018037e-28 4.572294e-27 2.581508e-26 1.223105e-25 5.072365e-25 1.877535e-24 6.269372e-24 1.901004e-23 5.258477e-23 1.331757e-22 3.097870e-22 6.639145e-22 1.315024e-21 2.415155e-21 4.126849e-21 6.583586e-21 9.839826e-21 1.382509e-20 1.831901e-20 2.295980e-20 2.728889e-20 3.082310e-20 3.313805e-20 3.394396e-20 3.313805e-20 3.082310e-20 2.728889e-20 2.295980e-20 1.831901e-20 1.382509e-20 9.839826e-21 6.583586e-21 4.126849e-21 2.415155e-21 1.315024e-21 6.639145e-22 3.097870e-22 1.331757e-22 5.258477e-23 1.901004e-23 6.269372e-24 1.877535e-24 5.072365e-25 1.223105e-25 2.581508e-26 4.572294e-27 6.018037e-28 2.559692e-29 -1.683891e-29 -7.457705e-30 -2.086366e-30 -4.729991e-31 -9.300726e-32 -1.632443e-32 -2.595927e-33 -3.772485e-34 -5.036457e-35 -6.196519e-36 -7.036863e-37 -7.377284e-38 -7.130426e-39 -6.332517e-40 -5.133968e-41 -3.753514e-42 -2.414857e-43 -1.290361e-44 -4.701799e-46 3.798488e-48 2.859992e-48 3.532733e-49 3.185891e-50 2.429914e-51 1.644703e-52 1.010116e-53 4.805752e-55 6.397458e-57 1.324531e-59 5.038361e-63 4.615004e-67 1.257644e-71 1.180434e-76 0.000000e+00
0.000000e+00 1.877766e-73 1.804003e-68 6.083246e-64 6.158743e-60 1.507209e-56 6.778356e-54 4.729738e-52 9.203911e-51 1.373375e-49 1.814007e-48 2.008500e-47 1.566922e-46 -3.721250e-47 -3.369377e-44 -8.854337e-43 -1.655150e-41 -2.596699e-40 -3.600353e-39 -4.511964e-38 -5.169017e-37 -5.446223e-36 -5.293694e-35 -4.752054e-34 -3.938082e-33 -3.007197e-32 -2.108491e-31 -1.349399e-30 -7.805238e-30 -4.009803e-29 -1.766278e-28 -6.094468e-28 -1.083670e-27 5.527324e-27 7.670221e-26 5.526457e-25 3.109042e-24 1.490887e-23 6.301425e-23 2.385842e-22 8.165437e-22 2.540424e-21 7.213414e-21 1.875195e-20 4.475552e-20 9.834563e-20 1.995490e-19 3.750662e-19 6.552638e-19 1.067956e-18 1.629916e-18 2.338445e-18 3.165968e-18 4.059930e-18 4.948562e-18 5.751093e-18 6.389732e-18 6.800697e-18 6.942473e-18 6.800697e-18 6.389732e-18 5.751093e-18 4.948562e-18 4.059930e-18 3.165968e-18 2.338445e-18 1.629916e-18 1.067956e-18 6.552638e-19 3.750662e-19 1.995490e-19 9.834563e-20 4.475552e-20 1.875195e-20 7.213414e-21 2.540424e-21 8.165437e-22 2.385842e-22 6.301425e-23 1.490887e-23 3.109042e-24 5.526457e-25 7.670221e-26 5.527324e-27 -1.083670e-27 -6.094468e-28 -1.766278e-28 -4.009803e-29 -7.805238e-30 -1.349399e-30 -2.108491e-31 -3.007197e-32 -3.938082e-33 -4.752054e-34 -5.293694e-35 -5.446223e-36 -5.169017e-37 -4.511964e-38 -3.600353e-39 -2.596699e-40 -1.655150e-41 -8.854337e-43 -3.369377e-44 -3.721250e-47 1.566922e-46 2.008500e-47 1.814007e-48 1.373375e-49 9.203911e-51 4.729738e-52 6.778356e-54 1.507209e-56 6.158743e-60 6.083246e-64 1.804003e-68 1.877766e-73 0.000000e+00
0.000000e+00 4.690108e-71 4.142411e-66 1.295847e-61 1.221721e-57 2.784640e-54 1.162437e-51 7.475898e-50 1.327207e-48 1.763393e-47 1.946611e-46 1.451095e-45 -3.210742e-45 -4.049303e-43 -1.030226e-41 -1.927457e-40 -3.053705e-39 -4.292086e-38 -5.463865e-37 -6.366556e-36 -6.828423e-35 -6.760166e-34 -6.183005e-33 -5.221165e-32 -4.061862e-31 -2.899621e-30 -1.886787e-29 -1.106591e-28 -5.731141e-28 -2.510059e-27 -8.227114e-27 -8.911475e-27 1.416330e-25 1.575162e-24 1.100756e-23 6.205870e-23 3.017032e-22 1.299777e-21 5.030234e-21 1.762314e-20 5.616190e-20 1.633475e-19 4.347460e-19 1.061303e-18 2.382117e-18 4.928736e-18 9.427972e-18 1.672717e-17 2.762524e-17 4.263423e-17 6.174183e-17 8.426712e-17 1.088806e-16 1.337982e-16 1.570879e-16 1.769812e-16 1.920915e-16 2.014915e-16 2.046770e-16 2.014915e-16 1.920915e-16 1.769812e-16 1.570879e-16 1.337982e-16 1.088806e-16 8.426712e-17 6.174183e-17 4.263423e-17 2.762524e-17 1.672717e-17 9.427972e-18 4.928736e-18 2.382117e-18 1.061303e-18 4.347460e-19 1.633475e-19 5.616190e-20 1.762314e-20 5.030234e-21 1.299777e-21 3.017032e-22 6.205870e-23 1.100756e-23 1.575162e-24 1.416330e-25 -8.911475e-27 -8.227114e-27 -2.510059e-27 -5.731141e-28 -1.106591e-28 -1.886787e-29 -2.899621e-30 -4.061862e-31 -5.221165e-32 -6.183005e-33 -6.760166e-34 -6.828423e-35 -6.366556e-36 -5.463865e-37 -4.292086e-38 -3.053705e-39 -1.927457e-40 -1.030226e-41 -4.049303e-43 -3.210742e-45 1.451095e-45 1.946611e-46 1.763393e-47 1.327207e-48 7.475898e-50 1.162437e-51 2.784640e-54 1.221721e-57 1.295847e-61 4.142411e-66 4.690108e-71 0.000000e+00
0.000000e+00 2.083676e-69 1.710818e-64 4.994333e-60 4.395236e-56 9.321142e-53 3.592420e-50 2.102257e-48 3.313110e-47 3.667220e-46 2.653632e-45 -1.026945e-44 -8.932857e-43 -2.250108e-41 -4.246653e-40 -6.824358e-39 -9.753482e-38 -1.264368e-36 -1.501681e-35 -1.642849e-34 -1.659844e-33 -1.549911e-32 -1.336499e-31 -1.061762e-30 -7.737702e-30 -5.135606e-29 -3.066320e-28 -1.609698e-27 -7.065937e-27 -2.225576e-26 -8.931585e-27 5.733586e-25 5.884282e-24 4.101331e-23 2.346236e-22 1.165150e-21 5.144240e-21 2.043835e-20 7.357349e-20 2.409720e-19 7.201174e-19 1.967687e-18 4.925331e-18 1.131509e-17 2.390694e-17 4.656566e-17 8.384401e-17 1.399881e-16 2.174825e-16 3.155885e-16 4.295226e-16 5.508180e-16 6.689818e-16 7.739853e-16 8.586869e-16 9.202298e-16 9.598457e-16 9.811636e-16 9.877791e-16 9.811636e-16 9.598457e-16 9.202298e-16 8.586869e-16 7.739853e-16 6.689818e-16 5.508180e-16 4.295226e-16 3.155885e-16 2.174825e-16 1.399881e-16 8.384401e-17 4.656566e-17 2.390694e-17 1.131509e-17 4.925331e-18 1.967687e-18 7.201174e-19 2.409720e-19 7.357349e-20 2.043835e-20 5.144240e-21 1.165150e-21 2.346236e-22 4.101331e-23 5.884282e-24 5.733586e-25 -8.931585e-27 -2.225576e-26 -7.065937e-27 -1.609698e-27 -3.066320e-28 -5.135606e-29 -7.737702e-30 -1.061762e-30 -1.336499e-31 -1.549911e-32 -1.659844e-33 -1.642849e-34 -1.501681e-35 -1.264368e-36 -9.753482e-38 -6.824358e-39 -4.246653e-40 -2.250108e-41 -8.932857e-43 -1.026945e-44 2.653632e-45 3.667220e-46 3.313110e-47 2.102257e-48 3.592420e-50 9.321142e-53 4.395236e-56 4.994333e-60 1.710818e-64 2.083676e-69 0.000000e+00
0.000000e+00 4.600313e-68 3.536896e-63 9.673843e-59 7.955025e-55 1.565488e-51 5.519561e-49 2.871064e-47 3.778612e-46 2.767559e-45 -1.158341e-44 -9.898047e-43 -2.536977e-41 -4.885010e-40 -8.017736e-39 -1.171202e-37 -1.552692e-36 -1.886978e-35 -2.113440e-34 -2.187167e-33 -2.092939e-32 -1.850353e-31 -1.507757e-30 -1.127407e-29 -7.678940e-29 -4.704339e-28 -2.531525e-27 -1.135320e-26 -3.599801e-26 -5.193736e-27 1.093271e-24 1.127395e-23 8.049295e-23 4.740772e-22 2.429323e-21 1.108151e-20 4.552191e-20 1.694927e-19 5.741931e-19 1.774197e-18 5.008686e-18 1.293667e-17 3.061029e-17 6.644705e-17 1.325429e-16 2.434048e-16 4.123963e-16 6.461143e-16 9.383080e-16 1.266085e-15 1.591144e-15 1.867253e-15 2.052621e-15 2.123304e-15 2.082614e-15 1.962409e-15 1.814868e-15 1.696878e-15 1.652104e-15 1.696878e-15 1.814868e-15 1.962409e-15 2.082614e-15 2.123304e-15 2.052621e-15 1.867253e-15 1.591144e-15 1.266085e-15 9.383080e-16 6.461143e-16 4.123963e-16 2.434048e-16 1.325429e-16 6.644705e-17 3.061029e-17 1.293667e-17 5.008686e-18 1.774197e-18 5.741931e-19 1.694927e-19 4.552191e-20 1.108151e-20 2.429323e-21 4.740772e-22 8.049295e-23 1.127395e-23 1.093271e-24 -5.193736e-27 -3.599801e-26 -1.135320e-26 -2.531525e-27 -4.704339e-28 -7.678940e-29 -1.127407e-29 -1.507757e-30 -1.850353e-31 -2.092939e-32 -2.187167e-33 -2.113440e-34 -1.886978e-35 -1.552692e-36 -1.171202e-37 -8.017736e-39 -4.885010e-40 -2.536977e-41 -9.898047e-43 -1.158341e-44 2.767559e-45 3.778612e-46 2.871064e-47 5.519561e-49 1.565488e-51 7.955025e-55 9.673843e-59 3.536896e-63 4.600313e-68 0.000000e+00
0.000000e+00 9.224747e-67 6.651207e-62 1.702070e-57 1.301240e-53 2.349391e-50 7.389198e-48 3.201182e-46 2.771383e-45 -1.183104e-44 -1.031259e-42 -2.698822e-41 -5.308331e-40 -8.903663e-39 -1.329736e-37 -1.803152e-36 -2.242477e-35 -2.571400e-34 -2.725759e-33 -2.672976e-32 -2.422870e-31 -2.025059e-30 -1.553782e-29 -1.086274e-28 -6.831113e-28 -3.771494e-27 -1.731540e-26 -5.560709e-26 3.146342e-27 1.924836e-24 2.013491e-23 1.476331e-22 8.960493e-22 4.739578e-21 2.233796e-20 9.486462e-20 3.652488e-19 1.279463e-18 4.086254e-18 1.191339e-17 3.173414e-17 7.728365e-17 1.721822e-16 3.511618e-16 6.560213e-16 1.123110e-15 1.762036e-15 2.530729e-15 3.317451e-15 3.942256e-15 4.186045e-15 3.845434e-15 2.799928e-15 1.069706e-15 -1.158187e-15 -3.549289e-15 -5.686676e-15 -7.166041e-15 -7.694736e-15 -7.166041e-15 -5.686676e-15 -3.549289e-15 -1.158187e-15 1.069706e-15 2.799928e-15 3.845434e-15 4.186045e-15 3.942256e-15 3.317451e-15 2.530729e-15 1.762036e-15 1.123110e-15 6.560213e-16 3.511618e-16 1.721822e-16 7.728365e-17 3.173414e-17 1.191339e-17 4.086254e-18 1.279463e-18 3.652488e-19 9.486462e-20 2.233796e-20 4.739578e-21 8.960493e-22 1.476331e-22 2.013491e-23 1.924836e-24 3.146342e-27 -5.560709e-26 -1.731540e-26 -3.771494e-27 -6.831113e-28 -1.086274e-28 -1.553782e-29 -2.025059e-30 -2.422870e-31 -2.672976e-32 -2.725759e-33 -2.571400e-34 -2.242477e-35 -1.803152e-36 -1.329736e-37 -8.903663e-39 -5.308331e-40 -2.698822e-41 -1.031259e-42 -1.183104e-44 2.771383e-45 3.201182e-46 7.389198e-48 2.349391e-50 1.301240e-53 1.702070e-57 6.651207e-62 9.224747e-67 0.000000e+00
0.000000e+00 1.708662e-65 1.153492e-60 2.747636e-56 1.931448e-52 3.124367e-49 8.253343e-47 2.362131e-45 -1.157179e-44 -1.031256e-42 -2.754997e-41 -5.533364e-40 -9.480960e-39 -1.447040e-37 -2.006159e-36 -2.551941e-35 -2.994459e-34 -3.249686e-33 -3.264033e-32 -3.031746e-31 -2.597725e-30 -2.044131e-29 -1.466056e-28 -9.458789e-28 -5.355640e-27 -2.516696e-26 -8.190533e-26 2.098674e-26 3.198713e-24 3.401052e-23 2.560827e-22 1.600898e-21 8.734555e-21 4.250029e-20 1.864351e-19 7.416329e-19 2.683955e-18 8.851873e-18 2.662744e-17 7.307703e-17 1.829622e-16 4.177603e-16 8.693687e-16 1.647002e-15 2.834388e-15 4.412279e-15 6.160251e-15 7.574884e-15 7.854917e-15 5.995229e-15 9.982126e-16 -7.835541e-15 -2.061594e-14 -3.666651e-14 -5.450057e-14 -7.200361e-14 -8.679645e-14 -9.669908e-14 -1.001830e-13 -9.669908e-14 -8.679645e-14 -7.200361e-14 -5.450057e-14 -3.666651e-14 -2.061594e-14 -7.835541e-15 9.982126e-16 5.995229e-15 7.854917e-15 7.574884e-15 6.160251e-15 4.412279e-15 2.834388e-15 1.647002e-15 8.693687e-16 4.177603e-16 1.829622e-16 7.307703e-17 2.662744e-17 8.851873e-18 2.683955e-18 7.416329e-19 1.864351e-19 4.250029e-20 8.734555e-21 1.600898e-21 2.560827e-22 3.401052e-23 3.198713e-24 2.098674e-26 -8.190533e-26 -2.516696e-26 -5.355640e-27 -9.458789e-28 -1.466056e-28 -2.044131e-29 -2.597725e-30 -3.031746e-31 -3.264033e-32 -3.249686e-33 -2.994459e-34 -2.551941e-35 -2.006159e-36 -1.447040e-37 -9.480960e-39 -5.533364e-40 -2.754997e-41 -1.031256e-42 -1.157179e-44 2.362131e-45 8.253343e-47 3.124367e-49 1.931448e-52 2.747636e-56 1.153492e-60 1.708662e-65 0.000000e+00
0.000000e+00 2.918980e-64 1.836310e-59 4.030072e-55 2.548710e-51 3.500021e-48 6.364342e-46 -7.639869e-45 -9.903841e-43 -2.698821e-41 -5.533364e-40 -9.681534e-39 -1.509489e-37 -2.138694e-36 -2.781447e-35 -3.338289e-34 -3.707186e-33 -3.811963e-32 -3.626357e-31 -3.183757e-30 -2.567993e-29 -1.888461e-28 -1.249455e-27 -7.252446e-27 -3.487758e-26 -1.151165e-25 5.191509e-26 5.024060e-24 5.438640e-23 4.204915e-22 2.706227e-21 1.522047e-20 7.640263e-20 3.459245e-19 1.420603e-18 5.307081e-18 1.806032e-17 5.600742e-17 1.582266e-16 4.068643e-16 9.508898e-16 2.015373e-15 3.859909e-15 6.639226e-15 1.013697e-14 1.340323e-14 1.441247e-14 9.925659e-15 -4.264854e-15 -3.262678e-14 -7.879851e-14 -1.443658e-13 -2.278478e-13 -3.242227e-13 -4.252033e-13 -5.202834e-13 -5.983779e-13 -6.497223e-13 -6.676294e-13 -6.497223e-13 -5.983779e-13 -5.202834e-13 -4.252033e-13 -3.242227e-13 -2.278478e-13 -1.443658e-13 -7.879851e-14 -3.262678e-14 -4.264854e-15 9.925659e-15 1.441247e-14 1.340323e-14 1.013697e-14 6.639226e-15 3.859909e-15 2.015373e-15 9.508898e-16 4.068643e-16 1.582266e-16 5.600742e-17 1.806032e-17 5.307081e-18 1.420603e-18 3.459245e-19 7.640263e-20 1.522047e-20 2.706227e-21 4.204915e-22 5.438640e-23 5.024060e-24 5.191509e-26 -1.151165e-25 -3.487758e-26 -7.252446e-27 -1.249455e-27 -1.888461e-28 -2.567993e-29 -3.183757e-30 -3.626357e-31 -3.811963e-32 -3.707186e-33 -3.338289e-34 -2.781447e-35 -2.138694e-36 -1.509489e-37 -9.681534e-39 -5.533364e-40 -2.698821e-41 -9.903841e-43 -7.639869e-45 6.364342e-46 3.500021e-48 2.548710e-51 4.030072e-55 1.836310e-59 2.918980e-64 0.000000e+00
0.000000e+00 4.579128e-63 2.659009e-58 5.269786e-54 2.856690e-50 2.816352e-47 -7.590929e-46 -7.527212e-43 -2.538878e-41 -5.308336e-40 -9.480960e-39 -1.509489e-37 -2.184776e-36 -2.903771e-35 -3.563116e-34 -4.047158e-33 -4.258356e-32 -4.147043e-31 -3.728765e-30 -3.081376e-29 -2.322327e-28 -1.574966e-27 -9.368528e-27 -4.610365e-26 -1.544618e-25 9.844684e-26 7.466261e-24 8.239907e-23 6.540977e-22 4.331821e-21 2.509891e-20 1.298872e-19 6.065458e-19 2.569597e-18 9.902033e-18 3.474453e-17 1.109983e-16 3.225574e-16 8.511412e-16 2.033875e-15 4.382958e-15 8.460344e-15 1.445194e-14 2.131514e-14 2.554212e-14 1.986986e-14 -7.460231e-15 -7.222824e-14 -1.921415e-13 -3.832361e-13 -6.554685e-13 -1.008595e-12 -1.429495e-12 -1.891808e-12 -2.358214e-12 -2.785073e-12 -3.128611e-12 -3.351520e-12 -3.428760e-12 -3.351520e-12 -3.128611e-12 -2.785073e-12 -2.358214e-12 -1.891808e-12 -1.429495e-12 -1.008595e-12 -6.554685e-13 -3.832361e-13 -1.921415e-13 -7.222824e-14 -7.460231e-15 1.986986e-14 2.554212e-14 2.131514e-14 1.445194e-14 8.460344e-15 4.382958e-15 2.033875e-15 8.511412e-16 3.225574e-16 1.109983e-16 3.474453e-17 9.902033e-18 2.569597e-18 6.065458e-19 1.298872e-19 2.509891e-20 4.331821e-21 6.540977e-22 8.239907e-23 7.466261e-24 9.844684e-26 -1.544618e-25 -4.610365e-26 -9.368528e-27 -1.574966e-27 -2.322327e-28 -3.081376e-29 -3.728765e-30 -4.147043e-31 -4.258356e-32 -4.047158e-33 -3.563116e-34 -2.903771e-35 -2.184776e-36 -1.509489e-37 -9.480960e-39 -5.308336e-40 -2.538878e-41 -7.527212e-43 -7.590929e-46 2.816352e-47 2.856690e-50 5.269786e-54 2.659009e-58 4.579128e-63 0.000000e+00
0.000000e+00 6.540061e-62 3.440964e-57 5.894760e-53 2.374516e-49 1.742215e-47 -1.596331e-43 -1.918109e-41 -4.889014e-40 -8.903680e-39 -1.447040e-37 -2.138694e-36 -2.903771e-35 -3.641350e-34 -4.228577e-33 -4.550717e-32 -4.534746e-31 -4.173835e-30 -3.532154e-29 -2.727012e-28 -1.894917e-27 -1.154748e-26 -5.814722e-26 -1.979465e-25 1.606907e-25 1.050771e-23 1.183591e-22 9.645416e-22 6.570167e-21 3.919502e-20 2.089758e-19 1.005834e-18 4.392813e-18 1.744962e-17 6.308923e-17 2.074997e-16 6.198509e-16 1.677273e-15 4.094258e-15 8.957578e-15 1.737409e-14 2.926084e-14 4.081744e-14 4.064912e-14 5.388193e-15 -1.033743e-13 -3.386302e-13 -7.623780e-13 -1.434901e-12 -2.400742e-12 -3.674612e-12 -5.230825e-12 -6.999146e-12 -8.868439e-12 -1.069776e-11 -1.233304e-11 -1.362664e-11 -1.445658e-11 -1.474256e-11 -1.445658e-11 -1.362664e-11 -1.233304e-11 -1.069776e-11 -8.868439e-12 -6.999146e-12 -5.230825e-12 -3.674612e-12 -2.400742e-12 -1.434901e-12 -7.623780e-13 -3.386302e-13 -1.033743e-13 5.388193e-15 4.064912e-14 4.081744e-14 2.926084e-14 1.737409e-14 8.957578e-15 4.094258e-15 1.677273e-15 6.198509e-16 2.074997e-16 6.308923e-17 1.744962e-17 4.392813e-18 1.005834e-18 2.089758e-19 3.919502e-20 6.570167e-21 9.645416e-22 1.183591e-22 1.050771e-23 1.606907e-25 -1.979465e-25 -5.814722e-26 -1.154748e-26 -1.894917e-27 -2.727012e-28 -3.532154e-29 -4.173835e-30 -4.534746e-31 -4.550717e-32 -4.228577e-33 -3.641350e-34 -2.903771e-35 -2.138694e-36 -1.447040e-37 -8.903680e-39 -4.889014e-40 -1.918109e-41 -1.596331e-43 1.742215e-47 2.374516e-49 5.894760e-53 3.440964e-57 6.540061e-62 0.000000e+00
0.000000e+00 8.365532e-61 3.832561e-56 5.016926e-52 4.758930e-49 -5.402902e-45 -4.167078e-42 -3.638154e-40 -8.024651e-39 -1.329739e-37 -2.006159e-36 -2.781447e-35 -3.563116e-34 -4.228577e-33 -4.652532e-32 -4.741883e-31 -4.465792e-30 -3.868454e-29 -3.058221e-28 -2.176501e-27 -1.358395e-26 -6.998993e-26 -2.423673e-25 2.352594e-25 1.401479e-23 1.612780e-22 1.349076e-21 9.447927e-21 5.799982e-20 3.184095e-19 1.578625e-18 7.102949e-18 2.906695e-17 1.082231e-16 3.662458e-16 1.124061e-15 3.117352e-15 7.767715e-15 1.723183e-14 3.348610e-14 5.514112e-14 7.051628e-14 4.648145e-14 -8.497261e-14 -4.373903e-13 -1.170963e-12 -2.478724e-12 -4.556972e-12 -7.564782e-12 -1.158179e-11 -1.657468e-11 -2.238060e-11 -2.871160e-11 -3.517930e-11 -4.133495e-11 -4.671840e-11 -5.090832e-11 -5.356765e-11 -5.447909e-11 -5.356765e-11 -5.090832e-11 -4.671840e-11 -4.133495e-11 -3.517930e-11 -2.871160e-11 -2.238060e-11 -1.657468e-11 -1.158179e-11 -7.564782e-12 -4.556972e-12 -2.478724e-12 -1.170963e-12 -4.373903e-13 -8.497261e-14 4.648145e-14 7.051628e-14 5.514112e-14 3.348610e-14 1.723183e-14 7.767715e-15 3.117352e-15 1.124061e-15 3.662458e-16 1.082231e-16 2.906695e-17 7.102949e-18 1.578625e-18 3.184095e-19 5.799982e-20 9.447927e-21 1.349076e-21 1.612780e-22 1.401479e-23 2.352594e-25 -2.423673e-25 -6.998993e-26 -1.358395e-26 -2.176501e-27 -3.058221e-28 -3.868454e-29 -4.465792e-30 -4.741883e-31 -4.652532e-32 -4.228577e-33 -3.563116e-34 -2.781447e-35 -2.006159e-36 -1.329739e-37 -8.024651e-39 -3.638154e-40 -4.167078e-42 -5.402902e-45 4.758930e-49 5.016926e-52 3.832561e-56 8.365532e-61 0.000000e+00
0.000000e+00 9.258731e-60 3.316369e-55 1.535798e-51 -3.478233e-47 -1.466504e-43 -7.878448e-41 -5.864926e-39 -1.172248e-37 -1.803158e-36 -2.551941e-35 -3.338289e-34 -4.047158e-33 -4.550717e-32 -4.741883e-31 -4.567548e-30 -4.048336e-29 -3.275806e-28 -2.386919e-27 -1.525315e-26 -8.041573e-26 -2.836142e-25 3.149353e-25 1.772533e-23 2.085690e-22 1.790590e-21 1.288750e-20 8.137204e-20 4.597139e-19 2.346351e-18 1.087039e-17 4.580162e-17 1.755193e-16 6.108845e-16 1.925459e-15 5.470486e-15 1.390716e-14 3.125046e-14 6.067471e-14 9.674752e-14 1.078923e-13 6.847583e-15 -3.867770e-13 -1.378708e-12 -3.407725e-12 -7.012504e-12 -1.275400e-11 -2.110661e-11 -3.234412e-11 -4.644914e-11 -6.306803e-11 -8.152005e-11 -1.008563e-10 -1.199539e-10 -1.376279e-10 -1.527425e-10 -1.643102e-10 -1.715704e-10 -1.740448e-10 -1.715704e-10 -1.643102e-10 -1.527425e-10 -1.376279e-10 -1.199539e-10 -1.008563e-10 -8.152005e-11 -6.306803e-11 -4.644914e-11 -3.234412e-11 -2.110661e-11 -1.275400e-11 -7.012504e-12 -3.407725e-12 -1.378708e-12 -3.867770e-13 6.847583e-15 1.078923e-13 9.674752e-14 6.067471e-14 3.125046e-14 1.390716e-14 5.470486e-15 1.925459e-15 6.108845e-16 1.755193e-16 4.580162e-17 1.087039e-17 2.346351e-18 4.597139e-19 8.137204e-20 1.288750e-20 1.790590e-21 2.085690e-22 1.772533e-23 3.149353e-25 -2.836142e-25 -8.041573e-26 -1.525315e-26 -2.386919e-27 -3.275806e-28 -4.048336e-29 -4.567548e-30 -4.741883e-31 -4.550717e-32 -4.047158e-33 -3.338289e-34 -2.551941e-35 -1.803158e-36 -1.172248e-37 -5.864926e-39 -7.878448e-41 -1.466504e-43 -3.478233e-47 1.535798e-51 3.316369e-55 9.258731e-60 0.000000e+00
0.000000e+00 8.099732e-59 1.285765e-54 -5.592498e-50 -9.917480e-46 -2.775025e-42 -1.256317e-39 -8.402399e-38 -1.554117e-36 -2.242485e-35 -2.994459e-34 -3.707186e-33 -4.258356e-32 -4.534746e-31 -4.465792e-30 -4.048336e-29 -3.351696e-28 -2.499581e-27 -1.635081e-26 -8.820826e-26 -3.172556e-25 3.894721e-25 2.126832e-23 2.560902e-22 2.256167e-21 1.668231e-20 1.082867e-19 6.292394e-19 3.304469e-18 1.575494e-17 6.831350e-17 2.693216e-16 9.636271e-16 3.118119e-15 9.073032e-15 2.352463e-14 5.350548e-14 1.035298e-13 1.580505e-13 1.403470e-13 -1.596198e-13 -1.180706e-12 -3.677199e-12 -8.745023e-12 -1.774119e-11 -3.208555e-11 -5.298260e-11 -8.113654e-11 -1.165377e-10 -1.583738e-10 -2.050808e-10 -2.545083e-10 -3.041540e-10 -3.514151e-10 -3.938126e-10 -4.291658e-10 -4.557083e-10 -4.721529e-10 -4.777211e-10 -4.721529e-10 -4.557083e-10 -4.291658e-10 -3.938126e-10 -3.514151e-10 -3.041540e-10 -2.545083e-10 -2.050808e-10 -1.583738e-10 -1.165377e-10 -8.113654e-11 -5.298260e-11 -3.208555e-11 -1.774119e-11 -8.745023e-12 -3.677199e-12 -1.180706e-12 -1.596198e-13 1.403470e-13 1.580505e-13 1.035298e-13 5.350548e-14 2.352463e-14 9.073032e-15 3.118119e-15 9.636271e-16 2.693216e-16 6.831350e-17 1.575494e-17 3.304469e-18 6.292394e-19 1.082867e-19 1.668231e-20 2.256167e-21 2.560902e-22 2.126832e-23 3.894721e-25 -3.172556e-25 -8.820826e-26 -1.635081e-26 -2.499581e-27 -3.351696e-28 -4.048336e-29 -4.465792e-30 -4.534746e-31 -4.258356e-32 -3.707186e-33 -2.994459e-34 -2.242485e-35 -1.554117e-36 -8.402399e-38 -1.256317e-39 -2.775025e-42 -9.917480e-46 -5.592498e-50 1.285765e-54 8.099732e-59 0.000000e+00
0.000000e+00 3.654850e-58 -2.786476e-53 -1.695022e-48 -1.880571e-44 -4.385526e-41 -1.774466e-38 -1.091457e-36 -1.888747e-35 -2.571412e-34 -3.249686e-33 -3.811963e-32 -4.147043e-31 -4.173835e-30 -3.868454e-29 -3.275806e-28 -2.499581e-27 -1.673385e-26 -9.238103e-26 -3.393045e-25 4.475468e-25 2.421893e-23 2.986325e-22 2.699604e-21 2.049978e-20 1.367385e-19 8.168686e-19 4.411684e-18 2.163569e-17 9.649736e-17 3.912204e-16 1.438512e-15 4.777422e-15 1.423469e-14 3.763686e-14 8.660800e-14 1.666444e-13 2.403405e-13 1.379907e-13 -6.054712e-13 -2.974565e-12 -8.683643e-12 -2.024311e-11 -4.075789e-11 -7.342931e-11 -1.208694e-10 -1.844325e-10 -2.637715e-10 -3.567408e-10 -4.596505e-10 -5.677739e-10 -6.759593e-10 -7.792038e-10 -8.730854e-10 -9.540106e-10 -1.019283e-09 -1.067038e-09 -1.096107e-09 -1.105861e-09 -1.096107e-09 -1.067038e-09 -1.019283e-09 -9.540106e-10 -8.730854e-10 -7.792038e-10 -6.759593e-10 -5.677739e-10 -4.596505e-10 -3.567408e-10 -2.637715e-10 -1.844325e-10 -1.208694e-10 -7.342931e-11 -4.075789e-11 -2.024311e-11 -8.683643e-12 -2.974565e-12 -6.054712e-13 1.379907e-13 2.403405e-13 1.666444e-13 8.660800e-14 3.763686e-14 1.423469e-14 4.777422e-15 1.438512e-15 3.912204e-16 9.649736e-17 2.163569e-17 4.411684e-18 8.168686e-19 1.367385e-19 2.049978e-20 2.699604e-21 2.986325e-22 2.421893e-23 4.475468e-25 -3.393045e-25 -9.238103e-26 -1.673385e-26 -2.499581e-27 -3.275806e-28 -3.868454e-29 -4.173835e-30 -4.147043e-31 -3.811963e-32 -3.249686e-33 -2.571412e-34 -1.888747e-35 -1.091457e-36 -1.774466e-38 -4.385526e-41 -1.880571e-44 -1.695022e-48 -2.786476e-53 3.654850e-58 0.000000e+00
0.000000e+00 -5.037989e-57 -9.119357e-52 -3.223699e-47 -2.945292e-43 -6.113602e-40 -2.268327e-37 -1.298750e-35 -2.115457e-34 -2.725773e-33 -3.264033e-32 -3.626357e-31 -3.728765e-30 -3.532154e-29 -3.058221e-28 -2.386919e-27 -1.635081e-26 -9.238103e-26 -3.469857e-25 4.794082e-25 2.617979e-23 3.308106e-22 3.068234e-21 2.392030e-20 1.638913e-19 1.006110e-18 5.585561e-18 2.816381e-17 1.291549e-16 5.382712e-16 2.033406e-15 6.929850e-15 2.114221e-14 5.700759e-14 1.327108e-13 2.534946e-13 3.400070e-13 4.758690e-14 -1.575863e-12 -6.576220e-12 -1.855990e-11 -4.282837e-11 -8.586745e-11 -1.541206e-10 -2.523533e-10 -3.821724e-10 -5.412315e-10 -7.233765e-10 -9.196418e-10 -1.119747e-09 -1.313663e-09 -1.492883e-09 -1.651183e-09 -1.784831e-09 -1.892336e-09 -1.973877e-09 -2.030594e-09 -2.063890e-09 -2.074853e-09 -2.063890e-09 -2.030594e-09 -1.973877e-09 -1.892336e-09 -1.784831e-09 -1.651183e-09 -1.492883e-09 -1.313663e-09 -1.119747e-09 -9.196418e-10 -7.233765e-10 -5.412315e-10 -3.821724e-10 -2.523533e-10 -1.541206e-10 -8.586745e-11 -4.282837e-11 -1.855990e-11 -6.576220e-12 -1.575863e-12 4.758690e-14 3.400070e-13 2.534946e-13 1.327108e-13 5.700759e-14 2.114221e-14 6.929850e-15 2.033406e-15 5.382712e-16 1.291549e-16 2.816381e-17 5.585561e-18 1.006110e-18 1.638913e-19 2.392030e-20 3.068234e-21 3.308106e-22 2.617979e-23 4.794082e-25 -3.469857e-25 -9.238103e-26 -1.635081e-26 -2.386919e-27 -3.058221e-28 -3.532154e-29 -3.728765e-30 -3.626357e-31 -3.264033e-32 -2.725773e-33 -2.115457e-34 -1.298750e-35 -2.268327e-37 -6.113602e-40 -2.945292e-43 -3.223699e-47 -9.119357e-52 -5.037989e-57 0.000000e+00
0.000000e+00 -1.819827e-55 -1.741257e-50 -5.001940e-46 -4.050765e-42 -7.696479e-39 -2.653152e-36 -1.423406e-34 -2.189287e-33 -2.672992e-32 -3.031746e-31 -3.183757e-30 -3.081376e-29 -2.727012e-28 -2.176501e-27 -1.525315e-26 -8.820826e-26 -3.393045e-25 4.794082e-25 2.686764e-23 3.481646e-22 3.312927e-21 2.650917e-20 1.864974e-19 1.176017e-18 6.708459e-18 3.476399e-17 1.638560e-16 7.017789e-16 2.723050e-15 9.522048e-15 2.974785e-14 8.182010e-14 1.927444e-13 3.651152e-13 4.471232e-13 -2.077332e-13 -3.408937e-12 -1.310962e-11 -3.636134e-11 -8.353490e-11 -1.670543e-10 -2.984737e-10 -4.847203e-10 -7.250059e-10 -1.009725e-09 -1.321779e-09 -1.639809e-09 -1.942223e-09 -2.210858e-09 -2.433456e-09 -2.604640e-09 -2.725518e-09 -2.802312e-09 -2.844476e-09 -2.862731e-09 -2.867288e-09 -2.866434e-09 -2.865532e-09 -2.866434e-09 -2.867288e-09 -2.862731e-09 -2.844476e-09 -2.802312e-09 -2.725518e-09 -2.604640e-09 -2.433456e-09 -2.210858e-09 -1.942223e-09 -1.639809e-09 -1.321779e-09 -1.009725e-09 -7.250059e-10 -4.847203e-10 -2.984737e-10 -1.670543e-10 -8.353490e-11 -3.636134e-11 -1.310962e-11 -3.408937e-12 -2.077332e-13 4.471232e-13 3.651152e-13 1.927444e-13 8.182010e-14 2.974785e-14 9.522048e-15 2.723050e-15 7.017789e-16 1.638560e-16 3.476399e-17 6.708459e-18 1.176017e-18 1.864974e-19 2.650917e-20 3.312927e-21 3.481646e-22 2.686764e-23 4.794082e-25 -3.393045e-25 -8.820826e-26 -1.525315e-26 -2.176501e-27 -2.727012e-28 -3.081376e-29 -3.183757e-30 -3.031746e-31 -2.672992e-32 -2.189287e-33 -1.423406e-34 -2.653152e-36 -7.696479e-39 -4.050765e-42 -5.001940e-46 -1.741257e-50 -1.819827e-55 0.000000e+00
0.000000e+00 -3.492740e-54 -2.675716e-49 -6.782723e-45 -5.019313e-41 -8.853724e-38 -2.856057e-35 -1.440717e-33 -2.094994e-32 -2.422886e-31 -2.597725e-30 -2.567993e-29 -2.322327e-28 -1.894917e-27 -1.358395e-26 -8.041573e-26 -3.172556e-25 4.475468e-25 2.617979e-23 3.481646e-22 3.398714e-21 2.790593e-20 2.015181e-19 1.304801e-18 7.644965e-18 4.070099e-17 1.971091e-16 8.673115e-16 3.456108e-15 1.240001e-14 3.967509e-14 1.113604e-13 2.656370e-13 4.989479e-13 5.460763e-13 -7.178570e-13 -6.495735e-12 -2.391307e-11 -6.583305e-11 -1.511334e-10 -3.017281e-10 -5.359234e-10 -8.601781e-10 -1.263104e-09 -1.714867e-09 -2.172493e-09 -2.589004e-09 -2.923130e-09 -3.146731e-09 -3.248425e-09 -3.233353e-09 -3.120087e-09 -2.936047e-09 -2.712702e-09 -2.481428e-09 -2.270437e-09 -2.102804e-09 -1.995410e-09 -1.958474e-09 -1.995410e-09 -2.102804e-09 -2.270437e-09 -2.481428e-09 -2.712702e-09 -2.936047e-09 -3.120087e-09 -3.233353e-09 -3.248425e-09 -3.146731e-09 -2.923130e-09 -2.589004e-09 -2.172493e-09 -1.714867e-09 -1.263104e-09 -8.601781e-10 -5.359234e-10 -3.017281e-10 -1.511334e-10 -6.583305e-11 -2.391307e-11 -6.495735e-12 -7.178570e-13 5.460763e-13 4.989479e-13 2.656370e-13 1.113604e-13 3.967509e-14 1.240001e-14 3.456108e-15 8.673115e-16 1.971091e-16 4.070099e-17 7.644965e-18 1.304801e-18 2.015181e-19 2.790593e-20 3.398714e-21 3.481646e-22 2.617979e-23 4.475468e-25 -3.172556e-25 -8.041573e-26 -1.358395e-26 -1.894917e-27 -2.322327e-28 -2.567993e-29 -2.597725e-30 -2.422886e-31 -2.094994e-32 -1.440717e-33 -2.856057e-35 -8.853724e-38 -5.019313e-41 -6.782723e-45 -2.675716e-49 -3.492740e-54 0.000000e+00
0.000000e+00 -5.313605e-53 -3.574930e-48 -8.265869e-44 -5.675028e-40 -9.365406e-37 -2.837853e-34 -1.347783e-32 -1.852190e-31 -2.025074e-30 -2.044131e-29 -1.888461e-28 -1.574966e-27 -1.154748e-26 -6.998993e-26 -2.836142e-25 3.894721e-25 2.421893e-23 3.308106e-22 3.312927e-21 2.790593e-20 2.067868e-19 1.374343e-18 8.267954e-18 4.520705e-17 2.248793e-16 1.016364e-15 4.158757e-15 1.530987e-14 5.018241e-14 1.438254e-13 3.477684e-13 6.482941e-13 6.190121e-13 -1.561493e-12 -1.118717e-11 -4.027219e-11 -1.107812e-10 -2.548282e-10 -5.081514e-10 -8.958693e-10 -1.415354e-09 -2.025528e-09 -2.649932e-09 -3.193347e-09 -3.564897e-09 -3.698795e-09 -3.566502e-09 -3.178346e-09 -2.576594e-09 -1.823849e-09 -9.906902e-10 -1.454118e-10 6.527877e-10 1.357041e-09 1.933175e-09 2.358220e-09 2.618125e-09 2.705517e-09 2.618125e-09 2.358220e-09 1.933175e-09 1.357041e-09 6.527877e-10 -1.454118e-10 -9.906902e-10 -1.823849e-09 -2.576594e-09 -3.178346e-09 -3.566502e-09 -3.698795e-09 -3.564897e-09 -3.193347e-09 -2.649932e-09 -2.025528e-09 -1.415354e-09 -8.958693e-10 -5.081514e-10 -2.548282e-10 -1.107812e-10 -4.027219e-11 -1.118717e-11 -1.561493e-12 6.190121e-13 6.482941e-13 3.477684e-13 1.438254e-13 5.018241e-14 1.530987e-14 4.158757e-15 1.016364e-15 2.248793e-16 4.520705e-17 8.267954e-18 1.374343e-18 2.067868e-19 2.790593e-20 3.312927e-21 3.308106e-22 2.421893e-23 3.894721e-25 -2.836142e-25 -6.998993e-26 -1.154748e-26 -1.574966e-27 -1.888461e-28 -2.044131e-29 -2.025074e-30 -1.852190e-31 -1.347783e-32 -2.837853e-34 -9.365406e-37 -5.675028e-40 -8.265869e-44 -3.574930e-48 -5.313605e-53 0.000000e+00
0.000000e+00 -6.990013e-52 -4.281302e-47 -9.177631e-43 -5.894463e-39 -9.138863e-36 -2.605338e-33 -1.164470e-31 -1.509267e-30 -1.553795e-29 -1.466056e-28 -1.249455e-27 -9.368528e-27 -5.814722e-26 -2.423673e-25 3.149353e-25 2.126832e-23 2.986325e-22 3.068234e-21 2.650917e-20 2.015181e-19 1.374343e-18 8.486607e-18 4.764223e-17 2.433691e-16 1.129574e-15 4.745656e-15 1.792730e-14 6.021861e-14 1.763681e-13 4.329137e-13 8.026694e-13 6.516377e-13 -2.771536e-12 -1.765513e-11 -6.299158e-11 -1.739948e-10 -4.019403e-10 -8.009679e-10 -1.399477e-09 -2.166534e-09 -2.994593e-09 -3.715138e-09 -4.143724e-09 -4.132989e-09 -3.611076e-09 -2.593956e-09 -1.172528e-09 5.159311e-10 2.320063e-09 4.101450e-09 5.751652e-09 7.198734e-09 8.405452e-09 9.362153e-09 1.007744e-08 1.056878e-08 1.085457e-08 1.094821e-08 1.085457e-08 1.056878e-08 1.007744e-08 9.362153e-09 8.405452e-09 7.198734e-09 5.751652e-09 4.101450e-09 2.320063e-09 5.159311e-10 -1.172528e-09 -2.593956e-09 -3.611076e-09 -4.132989e-09 -4.143724e-09 -3.715138e-09 -2.994593e-09 -2.166534e-09 -1.399477e-09 -8.009679e-10 -4.019403e-10 -1.739948e-10 -6.299158e-11 -1.765513e-11 -2.771536e-12 6.516377e-13 8.026694e-13 4.329137e-13 1.763681e-13 6.021861e-14 1.792730e-14 4.745656e-15 1.129574e-15 2.433691e-16 4.764223e-17 8.486607e-18 1.374343e-18 2.015181e-19 2.650917e-20 3.068234e-21 2.986325e-22 2.126832e-23 3.149353e-25 -2.423673e-25 -5.814722e-26 -9.368528e-27 -1.249455e-27 -1.466056e-28 -1.553795e-29 -1.509267e-30 -1.164470e-31 -2.605338e-33 -9.138863e-36 -5.894463e-39 -9.177631e-43 -4.281302e-47 -6.990013e-52 0.000000e+00
0.000000e+00 -8.219555e-51 -4.663874e-46 -9.351485e-42 -5.644190e-38 -8.236793e-35 -2.208809e-32 -9.270574e-31 -1.128544e-29 -1.086284e-28 -9.458790e-28 -7.252446e-27 -4.610365e-26 -1.979465e-25 2.352594e-25 1.772533e-23 2.560902e-22 2.699604e-21 2.392030e-20 1.864974e-19 1.304801e-18 8.267954e-18 4.764223e-17 2.498613e-16 1.190782e-15 5.136465e-15 1.991380e-14 6.857896e-14 2.054388e-13 5.128383e-13 9.490699e-13 6.394004e-13 -4.300606e-12 -2.574273e-11 -9.189156e-11 -2.558928e-10 -5.949156e-10 -1.185592e-09 -2.050394e-09 -3.095540e-09 -4.086102e-09 -4.694750e-09 -4.611073e-09 -3.652773e-09 -1.823682e-09 6.970407e-10 3.616850e-09 6.611309e-09 9.394980e-09 1.176548e-08 1.361830e-08 1.493820e-08 1.577739e-08 1.622941e-08 1.640490e-08 1.641269e-08 1.634665e-08 1.627778e-08 1.624988e-08 1.627778e-08 1.634665e-08 1.641269e-08 1.640490e-08 1.622941e-08 1.577739e-08 1.493820e-08 1.361830e-08 1.176548e-08 9.394980e-09 6.611309e-09 3.616850e-09 6.970407e-10 -1.823682e-09 -3.652773e-09 -4.611073e-09 -4.694750e-09 -4.086102e-09 -3.095540e-09 -2.050394e-09 -1.185592e-09 -5.949156e-10 -2.558928e-10 -9.189156e-11 -2.574273e-11 -4.300606e-12 6.394004e-13 9.490699e-13 5.128383e-13 2.054388e-13 6.857896e-14 1.991380e-14 5.136465e-15 1.190782e-15 2.498613e-16 4.764223e-17 8.267954e-18 1.304801e-18 1.864974e-19 2.392030e-20 2.699604e-21 2.560902e-22 1.772533e-23 2.352594e-25 -1.979465e-25 -4.610365e-26 -7.252446e-27 -9.458790e-28 -1.086284e-28 -1.128544e-29 -9.270574e-31 -2.208809e-32 -8.236793e-35 -5.644190e-38 -9.351485e-42 -4.663874e-46 -8.219555e-51 0.000000e+00
0.000000e+00 -8.777076e-50 -4.657482e-45 -8.778048e-41 -4.989728e-37 -6.854832e-34 -1.725819e-31 -6.772166e-30 -7.686713e-29 -6.831192e-28 -5.355641e-27 -3.487758e-26 -1.544618e-25 1.606907e-25 1.401479e-23 2.085690e-22 2.256167e-21 2.049978e-20 1.638913e-19 1.176017e-18 7.644965e-18 4.520705e-17 2.433691e-16 1.190782e-15 5.273696e-15 2.098732e-14 7.413588e-14 2.273910e-13 5.785212e-13 1.073854e-12 5.911163e-13 -6.002466e-12 -3.486277e-11 -1.253989e-10 -3.532906e-10 -8.284629e-10 -1.653062e-09 -2.827737e-09 -4.143377e-09 -5.149466e-09 -5.276110e-09 -4.075415e-09 -1.435813e-09 2.360188e-09 6.741546e-09 1.103651e-08 1.465599e-08 1.721243e-08 1.855554e-08 1.874410e-08 1.798208e-08 1.654707e-08 1.473079e-08 1.279803e-08 1.096592e-08 9.397890e-09 8.207696e-09 7.467572e-09 7.216741e-09 7.467572e-09 8.207696e-09 9.397890e-09 1.096592e-08 1.279803e-08 1.473079e-08 1.654707e-08 1.798208e-08 1.874410e-08 1.855554e-08 1.721243e-08 1.465599e-08 1.103651e-08 6.741546e-09 2.360188e-09 -1.435813e-09 -4.075415e-09 -5.276110e-09 -5.149466e-09 -4.143377e-09 -2.827737e-09 -1.653062e-09 -8.284629e-10 -3.532906e-10 -1.253989e-10 -3.486277e-11 -6.002466e-12 5.911163e-13 1.073854e-12 5.785212e-13 2.273910e-13 7.413588e-14 2.098732e-14 5.273696e-15 1.190782e-15 2.433691e-16 4.520705e-17 7.644965e-18 1.176017e-18 1.638913e-19 2.049978e-20 2.256167e-21 2.085690e-22 1.401479e-23 1.606907e-25 -1.544618e-25 -3.487758e-26 -5.355641e-27 -6.831192e-28 -7.686713e-29 -6.772166e-30 -1.725819e-31 -6.854832e-34 -4.989728e-37 -8.778048e-41 -4.657482e-45 -8.777076e-50 0.000000e+00
