0.000000e+00 8.657711e-124 3.328541e-118 4.071231e-113 1.299426e-108 7.677048e-105 2.273469e-102 -3.106976e-99 -5.391008e-97 -4.911099e-95 -3.578673e-93 -2.223951e-91 -1.212550e-89 -5.888116e-88 -2.568708e-86 -1.011698e-84 -3.605488e-83 -1.162524e-81 -3.381773e-80 -8.816752e-79 -2.032814e-77 -4.031230e-76 -6.420089e-75 -6.329162e-74 4.944041e-73 4.713025e-71 1.563638e-69 3.864517e-68 7.995614e-67 1.441199e-65 2.302029e-64 3.282001e-63 4.182618e-62 4.749437e-61 4.762893e-60 4.141114e-59 2.997849e-58 1.613781e-57 3.276577e-57 -5.965428e-56 -1.055944e-54 -1.110465e-53 -9.151594e-53 -6.334789e-52 -3.782486e-51 -1.971312e-50 -9.013660e-50 -3.621893e-49 -1.278530e-48 -3.958946e-48 -1.073166e-47 -2.541764e-47 -5.254159e-47 -9.485423e-47 -1.500899e-46 -2.097467e-46 -2.619909e-46 -2.968064e-46 -3.088797e-46 -2.968064e-46 -2.619909e-46 -2.097467e-46 -1.500899e-46 -9.485423e-47 -5.254159e-47 -2.541764e-47 -1.073166e-47 -3.958946e-48 -1.278530e-48 -3.621893e-49 -9.013660e-50 -1.971312e-50 -3.782486e-51 -6.334789e-52 -9.151594e-53 -1.110465e-53 -1.055944e-54 -5.965428e-56 3.276577e-57 1.613781e-57 2.997849e-58 4.141114e-59 4.762893e-60 4.749437e-61 4.182618e-62 3.282001e-63 2.302029e-64 1.441199e-65 7.995614e-67 3.864517e-68 1.563638e-69 4.713025e-71 4.944041e-73 -6.329162e-74 -6.420089e-75 -4.031230e-76 -2.032814e-77 -8.816752e-79 -3.381773e-80 -1.162524e-81 -3.605488e-83 -1.011698e-84 -2.568708e-86 -5.888116e-88 -1.212550e-89 -2.223951e-91 -3.578673e-93 -4.911099e-95 -5.391008e-97 -3.106976e-99 2.273469e-102 7.677048e-105 1.299426e-108 4.071231e-113 3.328541e-118 8.657711e-124 0.000000e+00
0.000000e+00 5.171600e-118 1.654663e-112 1.629624e-107 3.706773e-103 5.641454e-100 -4.577991e-96 -2.771649e-93 -3.115473e-91 -2.307168e-89 -1.459120e-87 -8.102073e-86 -4.009168e-84 -1.783149e-82 -7.163210e-81 -2.604776e-79 -8.572216e-78 -2.545699e-76 -6.775431e-75 -1.594005e-73 -3.220292e-72 -5.196267e-71 -5.030610e-70 5.193076e-69 4.423494e-67 1.481549e-65 3.739050e-64 7.931031e-63 1.468749e-61 2.413907e-60 3.545065e-59 4.657850e-58 5.455909e-57 5.643800e-56 5.055068e-55 3.751363e-54 2.028451e-53 3.112131e-53 -1.013521e-51 -1.737823e-50 -1.877118e-49 -1.610459e-48 -1.168076e-47 -7.340769e-47 -4.041567e-46 -1.958730e-45 -8.368185e-45 -3.149568e-44 -1.042301e-43 -3.024506e-43 -7.670963e-43 -1.695239e-42 -3.256881e-42 -5.437845e-42 -7.918515e-42 -1.015925e-41 -1.171241e-41 -1.249453e-41 -1.270983e-41 -1.249453e-41 -1.171241e-41 -1.015925e-41 -7.918515e-42 -5.437845e-42 -3.256881e-42 -1.695239e-42 -7.670963e-43 -3.024506e-43 -1.042301e-43 -3.149568e-44 -8.368185e-45 -1.958730e-45 -4.041567e-46 -7.340769e-47 -1.168076e-47 -1.610459e-48 -1.877118e-49 -1.737823e-50 -1.013521e-51 3.112131e-53 2.028451e-53 3.751363e-54 5.055068e-55 5.643800e-56 5.455909e-57 4.657850e-58 3.545065e-59 2.413907e-60 1.468749e-61 7.931031e-63 3.739050e-64 1.481549e-65 4.423494e-67 5.193076e-69 -5.030610e-70 -5.196267e-71 -3.220292e-72 -1.594005e-73 -6.775431e-75 -2.545699e-76 -8.572216e-78 -2.604776e-79 -7.163210e-81 -1.783149e-82 -4.009168e-84 -8.102073e-86 -1.459120e-87 -2.307168e-89 -3.115473e-91 -2.771649e-93 -4.577991e-96 5.641454e-100 3.706773e-103 1.629624e-107 1.654663e-112 5.171600e-118 0.000000e+00
0.000000e+00 1.050770e-112 2.707173e-107 1.900726e-102 1.123464e-98 -4.551813e-94 -1.669964e-90 -6.523956e-88 -5.958348e-86 -3.831744e-84 -2.165713e-82 -1.091445e-80 -4.946323e-79 -2.025479e-77 -7.510491e-76 -2.521093e-74 -7.637777e-73 -2.073612e-71 -4.973531e-70 -1.022509e-68 -1.668805e-67 -1.575061e-66 2.115727e-65 1.645702e-63 5.562245e-62 1.432087e-60 3.110866e-59 5.912099e-58 9.985331e-57 1.508570e-55 2.040589e-54 2.461745e-53 2.622152e-52 2.414413e-51 1.831350e-50 9.877732e-50 8.662342e-50 -6.585587e-48 -1.105239e-46 -1.225173e-45 -1.091731e-44 -8.272967e-44 -5.453980e-43 -3.160386e-42 -1.616808e-41 -7.310803e-41 -2.919104e-40 -1.026711e-39 -3.169363e-39 -8.546144e-39 -2.001454e-38 -4.043316e-38 -6.990007e-38 -1.024599e-37 -1.260626e-37 -1.291492e-37 -1.110126e-37 -8.604375e-38 -7.453482e-38 -8.604375e-38 -1.110126e-37 -1.291492e-37 -1.260626e-37 -1.024599e-37 -6.990007e-38 -4.043316e-38 -2.001454e-38 -8.546144e-39 -3.169363e-39 -1.026711e-39 -2.919104e-40 -7.310803e-41 -1.616808e-41 -3.160386e-42 -5.453980e-43 -8.272967e-44 -1.091731e-44 -1.225173e-45 -1.105239e-46 -6.585587e-48 8.662342e-50 9.877732e-50 1.831350e-50 2.414413e-51 2.622152e-52 2.461745e-53 2.040589e-54 1.508570e-55 9.985331e-57 5.912099e-58 3.110866e-59 1.432087e-60 5.562245e-62 1.645702e-63 2.115727e-65 -1.575061e-66 -1.668805e-67 -1.022509e-68 -4.973531e-70 -2.073612e-71 -7.637777e-73 -2.521093e-74 -7.510491e-76 -2.025479e-77 -4.946323e-79 -1.091445e-80 -2.165713e-82 -3.831744e-84 -5.958348e-86 -6.523956e-88 -1.669964e-90 -4.551813e-94 1.123464e-98 1.900726e-102 2.707173e-107 1.050770e-112 0.000000e+00
0.000000e+00 6.088757e-108 1.118253e-102 2.045074e-98 -3.170790e-93 -5.894427e-89 -1.392451e-85 -4.409071e-83 -3.493624e-81 -2.008241e-79 -1.030215e-77 -4.754614e-76 -1.983512e-74 -7.495310e-73 -2.564653e-71 -7.920851e-70 -2.191976e-68 -5.355303e-67 -1.119211e-65 -1.844165e-64 -1.681874e-63 2.916936e-62 2.105364e-60 7.178193e-59 1.883720e-57 4.186252e-56 8.155458e-55 1.413854e-53 2.194608e-52 3.051979e-51 3.786361e-50 4.145798e-49 3.916184e-48 3.026941e-47 1.615143e-46 9.102007e-49 -1.426996e-44 -2.361294e-43 -2.683762e-42 -2.478480e-41 -1.957028e-40 -1.349318e-39 -8.201533e-39 -4.412552e-38 -2.103117e-37 -8.868360e-37 -3.298440e-36 -1.077021e-35 -3.067134e-35 -7.548129e-35 -1.583685e-34 -2.770970e-34 -3.873445e-34 -3.864680e-34 -1.450067e-34 3.994396e-34 1.140461e-33 1.798140e-33 2.062555e-33 1.798140e-33 1.140461e-33 3.994396e-34 -1.450067e-34 -3.864680e-34 -3.873445e-34 -2.770970e-34 -1.583685e-34 -7.548129e-35 -3.067134e-35 -1.077021e-35 -3.298440e-36 -8.868360e-37 -2.103117e-37 -4.412552e-38 -8.201533e-39 -1.349318e-39 -1.957028e-40 -2.478480e-41 -2.683762e-42 -2.361294e-43 -1.426996e-44 9.102007e-49 1.615143e-46 3.026941e-47 3.916184e-48 4.145798e-49 3.786361e-50 3.051979e-51 2.194608e-52 1.413854e-53 8.155458e-55 4.186252e-56 1.883720e-57 7.178193e-59 2.105364e-60 2.916936e-62 -1.681874e-63 -1.844165e-64 -1.119211e-65 -5.355303e-67 -2.191976e-68 -7.920851e-70 -2.564653e-71 -7.495310e-73 -1.983512e-74 -4.754614e-76 -1.030215e-77 -2.008241e-79 -3.493624e-81 -4.409071e-83 -1.392451e-85 -5.894427e-89 -3.170790e-93 2.045074e-98 1.118253e-102 6.088757e-108 0.000000e+00
0.000000e+00 7.355600e-104 3.504535e-99 -1.684965e-93 -1.203611e-88 -1.439630e-84 -2.754179e-81 -7.551052e-79 -5.342620e-77 -2.787400e-75 -1.309364e-73 -5.561744e-72 -2.140546e-70 -7.461246e-69 -2.347625e-67 -6.617236e-66 -1.645385e-64 -3.491778e-63 -5.797557e-62 -5.052752e-61 1.129663e-59 7.659516e-58 2.633486e-56 7.037907e-55 1.598547e-53 3.188998e-52 5.668360e-51 9.028917e-50 1.289220e-48 1.642459e-47 1.845592e-46 1.784856e-45 1.401345e-44 7.323209e-44 -8.480211e-44 -8.559766e-42 -1.403984e-40 -1.634532e-39 -1.561304e-38 -1.281444e-37 -9.214599e-37 -5.856988e-36 -3.302723e-35 -1.653063e-34 -7.331113e-34 -2.870116e-33 -9.861052e-33 -2.947195e-32 -7.558044e-32 -1.624573e-31 -2.789682e-31 -3.339068e-31 -9.440753e-32 8.083436e-31 2.717435e-30 5.644794e-30 9.020931e-30 1.177838e-29 1.284771e-29 1.177838e-29 9.020931e-30 5.644794e-30 2.717435e-30 8.083436e-31 -9.440753e-32 -3.339068e-31 -2.789682e-31 -1.624573e-31 -7.558044e-32 -2.947195e-32 -9.861052e-33 -2.870116e-33 -7.331113e-34 -1.653063e-34 -3.302723e-35 -5.856988e-36 -9.214599e-37 -1.281444e-37 -1.561304e-38 -1.634532e-39 -1.403984e-40 -8.559766e-42 -8.480211e-44 7.323209e-44 1.401345e-44 1.784856e-45 1.845592e-46 1.642459e-47 1.289220e-48 9.028917e-50 5.668360e-51 3.188998e-52 1.598547e-53 7.037907e-55 2.633486e-56 7.659516e-58 1.129663e-59 -5.052752e-61 -5.797557e-62 -3.491778e-63 -1.645385e-64 -6.617236e-66 -2.347625e-67 -7.461246e-69 -2.140546e-70 -5.561744e-72 -1.309364e-73 -2.787400e-75 -5.342620e-77 -7.551052e-79 -2.754179e-81 -1.439630e-84 -1.203611e-88 -1.684965e-93 3.504535e-99 7.355600e-104 0.000000e+00
0.000000e+00 5.189393e-101 -6.621332e-95 -1.456553e-89 -6.695261e-85 -6.484648e-81 -1.073581e-77 -2.623537e-75 -1.682935e-73 -8.039304e-72 -3.475143e-70 -1.361464e-68 -4.831566e-67 -1.547775e-65 -4.440589e-64 -1.122867e-62 -2.417161e-61 -4.036186e-60 -3.316080e-59 9.585684e-58 6.168065e-56 2.138136e-54 5.814818e-53 1.348675e-51 2.752477e-50 5.010997e-49 8.181706e-48 1.198053e-46 1.565262e-45 1.802236e-44 1.780898e-43 1.415717e-42 7.157619e-42 -1.950779e-41 -1.109484e-39 -1.811421e-38 -2.158355e-37 -2.128593e-36 -1.811962e-35 -1.355499e-34 -8.984816e-34 -5.293972e-33 -2.773177e-32 -1.288650e-31 -5.288175e-31 -1.902526e-30 -5.931883e-30 -1.571763e-29 -3.406204e-29 -5.474413e-29 -4.041188e-29 1.120560e-28 5.958072e-28 1.659929e-27 3.478814e-27 5.960653e-27 8.628246e-27 1.071862e-26 1.151371e-26 1.071862e-26 8.628246e-27 5.960653e-27 3.478814e-27 1.659929e-27 5.958072e-28 1.120560e-28 -4.041188e-29 -5.474413e-29 -3.406204e-29 -1.571763e-29 -5.931883e-30 -1.902526e-30 -5.288175e-31 -1.288650e-31 -2.773177e-32 -5.293972e-33 -8.984816e-34 -1.355499e-34 -1.811962e-35 -2.128593e-36 -2.158355e-37 -1.811421e-38 -1.109484e-39 -1.950779e-41 7.157619e-42 1.415717e-42 1.780898e-43 1.802236e-44 1.565262e-45 1.198053e-46 8.181706e-48 5.010997e-49 2.752477e-50 1.348675e-51 5.814818e-53 2.138136e-54 6.168065e-56 9.585684e-58 -3.316080e-59 -4.036186e-60 -2.417161e-61 -1.122867e-62 -4.440589e-64 -1.547775e-65 -4.831566e-67 -1.361464e-68 -3.475143e-70 -8.039304e-72 -1.682935e-73 -2.623537e-75 -1.073581e-77 -6.484648e-81 -6.695261e-85 -1.456553e-89 -6.621332e-95 5.189393e-101 0.000000e+00
0.000000e+00 -1.731487e-97 -9.946240e-92 -1.409544e-86 -5.248272e-82 -4.399488e-78 -6.490095e-75 -1.435651e-72 -8.423646e-71 -3.702788e-69 -1.476130e-67 -5.331332e-66 -1.738140e-64 -5.073634e-63 -1.304081e-61 -2.846033e-60 -4.774391e-59 -3.652242e-58 1.361215e-56 8.407815e-55 2.940554e-53 8.136269e-52 1.926097e-50 4.019004e-49 7.488855e-48 1.252405e-46 1.879123e-45 2.515435e-44 2.964647e-43 2.989551e-42 2.400966e-41 1.160999e-40 -5.543156e-40 -2.381439e-38 -3.889705e-37 -4.743648e-36 -4.824992e-35 -4.253286e-34 -3.303989e-33 -2.278963e-32 -1.399750e-31 -7.653780e-31 -3.715606e-30 -1.592924e-29 -5.977594e-29 -1.934627e-28 -5.255307e-28 -1.127785e-27 -1.564647e-27 4.706881e-28 1.180717e-26 4.699910e-26 1.290983e-25 2.834657e-25 5.226563e-25 8.281367e-25 1.142141e-24 1.381421e-24 1.471213e-24 1.381421e-24 1.142141e-24 8.281367e-25 5.226563e-25 2.834657e-25 1.290983e-25 4.699910e-26 1.180717e-26 4.706881e-28 -1.564647e-27 -1.127785e-27 -5.255307e-28 -1.934627e-28 -5.977594e-29 -1.592924e-29 -3.715606e-30 -7.653780e-31 -1.399750e-31 -2.278963e-32 -3.303989e-33 -4.253286e-34 -4.824992e-35 -4.743648e-36 -3.889705e-37 -2.381439e-38 -5.543156e-40 1.160999e-40 2.400966e-41 2.989551e-42 2.964647e-43 2.515435e-44 1.879123e-45 1.252405e-46 7.488855e-48 4.019004e-49 1.926097e-50 8.136269e-52 2.940554e-53 8.407815e-55 1.361215e-56 -3.652242e-58 -4.774391e-59 -2.846033e-60 -1.304081e-61 -5.073634e-63 -1.738140e-64 -5.331332e-66 -1.476130e-67 -3.702788e-69 -8.423646e-71 -1.435651e-72 -6.490095e-75 -4.399488e-78 -5.248272e-82 -1.409544e-86 -9.946240e-92 -1.731487e-97 0.000000e+00
0.000000e+00 -4.925660e-95 -1.828486e-89 -2.102342e-84 -6.783320e-80 -5.072020e-76 -6.776894e-73 -1.370226e-70 -7.396752e-69 -3.001004e-67 -1.103814e-65 -3.665348e-64 -1.089645e-62 -2.850876e-61 -6.322232e-60 -1.070784e-58 -7.780714e-58 3.490617e-56 2.122481e-54 7.529050e-53 2.124660e-51 5.141426e-50 1.098100e-48 2.096332e-47 3.594266e-46 5.531527e-45 7.596116e-44 9.179745e-43 9.472165e-42 7.726294e-41 3.624387e-40 -2.428736e-39 -9.281636e-38 -1.536660e-36 -1.926888e-35 -2.025910e-34 -1.851625e-33 -1.494653e-32 -1.073268e-31 -6.873342e-31 -3.923671e-30 -1.990277e-29 -8.916338e-29 -3.491605e-28 -1.173839e-27 -3.270183e-27 -6.910409e-27 -7.471784e-27 1.910053e-26 1.496136e-25 5.671418e-25 1.609839e-24 3.752215e-24 7.446879e-24 1.282399e-23 1.938291e-23 2.590855e-23 3.077789e-23 3.258641e-23 3.077789e-23 2.590855e-23 1.938291e-23 1.282399e-23 7.446879e-24 3.752215e-24 1.609839e-24 5.671418e-25 1.496136e-25 1.910053e-26 -7.471784e-27 -6.910409e-27 -3.270183e-27 -1.173839e-27 -3.491605e-28 -8.916338e-29 -1.990277e-29 -3.923671e-30 -6.873342e-31 -1.073268e-31 -1.494653e-32 -1.851625e-33 -2.025910e-34 -1.926888e-35 -1.536660e-36 -9.281636e-38 -2.428736e-39 3.624387e-40 7.726294e-41 9.472165e-42 9.179745e-43 7.596116e-44 5.531527e-45 3.594266e-46 2.096332e-47 1.098100e-48 5.141426e-50 2.124660e-51 7.529050e-53 2.122481e-54 3.490617e-56 -7.780714e-58 -1.070784e-58 -6.322232e-60 -2.850876e-61 -1.089645e-62 -3.665348e-64 -1.103814e-65 -3.001004e-67 -7.396752e-69 -1.370226e-70 -6.776894e-73 -5.072020e-76 -6.783320e-80 -2.102342e-84 -1.828486e-89 -4.925660e-95 0.000000e+00
0.000000e+00 -4.669686e-93 -1.409370e-87 -1.406953e-82 -4.056686e-78 -2.752190e-74 -3.365861e-71 -6.261939e-69 -3.122070e-67 -1.170786e-65 -3.967013e-64 -1.203788e-62 -3.215762e-61 -7.282195e-60 -1.258614e-58 -9.238227e-58 4.356462e-56 2.696788e-54 9.787635e-53 2.829780e-51 7.021909e-50 1.539039e-48 3.017271e-47 5.316359e-46 8.413830e-45 1.188939e-43 1.479238e-42 1.571645e-41 1.318344e-40 6.284311e-40 -4.681601e-39 -1.794508e-37 -3.065065e-36 -3.982140e-35 -4.347641e-34 -4.133575e-33 -3.476559e-32 -2.605075e-31 -1.743504e-30 -1.041559e-29 -5.535254e-29 -2.599798e-28 -1.067018e-27 -3.749811e-27 -1.082243e-26 -2.290654e-26 -1.828192e-26 1.221102e-25 8.128973e-25 3.153092e-24 9.454745e-24 2.357547e-23 5.041787e-23 9.405011e-23 1.547109e-22 2.261669e-22 2.954798e-22 3.463500e-22 3.650895e-22 3.463500e-22 2.954798e-22 2.261669e-22 1.547109e-22 9.405011e-23 5.041787e-23 2.357547e-23 9.454745e-24 3.153092e-24 8.128973e-25 1.221102e-25 -1.828192e-26 -2.290654e-26 -1.082243e-26 -3.749811e-27 -1.067018e-27 -2.599798e-28 -5.535254e-29 -1.041559e-29 -1.743504e-30 -2.605075e-31 -3.476559e-32 -4.133575e-33 -4.347641e-34 -3.982140e-35 -3.065065e-36 -1.794508e-37 -4.681601e-39 6.284311e-40 1.318344e-40 1.571645e-41 1.479238e-42 1.188939e-43 8.413830e-45 5.316359e-46 3.017271e-47 1.539039e-48 7.021909e-50 2.829780e-51 9.787635e-53 2.696788e-54 4.356462e-56 -9.238227e-58 -1.258614e-58 -7.282195e-60 -3.215762e-61 -1.203788e-62 -3.967013e-64 -1.170786e-65 -3.122070e-67 -6.261939e-69 -3.365861e-71 -2.752190e-74 -4.056686e-78 -1.406953e-82 -1.409370e-87 -4.669686e-93 0.000000e+00
0.000000e+00 -3.466387e-91 -9.082106e-86 -8.103323e-81 -2.120583e-76 -1.317294e-72 -1.482390e-69 -2.543907e-67 -1.171385e-65 -4.047906e-64 -1.253871e-62 -3.420604e-61 -7.913632e-60 -1.397837e-58 -1.048054e-57 5.069269e-56 3.210778e-54 1.193450e-52 3.536066e-51 8.997721e-50 2.023531e-48 4.073231e-47 7.373821e-46 1.199833e-44 1.744334e-43 2.234229e-42 2.444947e-41 2.111949e-40 1.030918e-39 -8.220004e-39 -3.212050e-37 -5.669976e-36 -7.633112e-35 -8.649894e-34 -8.548559e-33 -7.484114e-32 -5.845748e-31 -4.083799e-30 -2.549796e-29 -1.417817e-28 -6.972555e-28 -2.995860e-27 -1.099686e-26 -3.287430e-26 -6.961191e-26 -3.200795e-26 5.972753e-25 3.770796e-24 1.517542e-23 4.816554e-23 1.282243e-22 2.942469e-22 5.911340e-22 1.050551e-21 1.664569e-21 2.365948e-21 3.031031e-21 3.511898e-21 3.687726e-21 3.511898e-21 3.031031e-21 2.365948e-21 1.664569e-21 1.050551e-21 5.911340e-22 2.942469e-22 1.282243e-22 4.816554e-23 1.517542e-23 3.770796e-24 5.972753e-25 -3.200795e-26 -6.961191e-26 -3.287430e-26 -1.099686e-26 -2.995860e-27 -6.972555e-28 -1.417817e-28 -2.549796e-29 -4.083799e-30 -5.845748e-31 -7.484114e-32 -8.548559e-33 -8.649894e-34 -7.633112e-35 -5.669976e-36 -3.212050e-37 -8.220004e-39 1.030918e-39 2.111949e-40 2.444947e-41 2.234229e-42 1.744334e-43 1.199833e-44 7.373821e-46 4.073231e-47 2.023531e-48 8.997721e-50 3.536066e-51 1.193450e-52 3.210778e-54 5.069269e-56 -1.048054e-57 -1.397837e-58 -7.913632e-60 -3.420604e-61 -1.253871e-62 -4.047906e-64 -1.171385e-65 -2.543907e-67 -1.482390e-69 -1.317294e-72 -2.120583e-76 -8.103323e-81 -9.082106e-86 -3.466387e-91 0.000000e+00
0.000000e+00 -2.196049e-89 -5.141390e-84 -4.163379e-79 -9.976877e-75 -5.703439e-71 -5.918992e-68 -9.365546e-66 -3.969181e-64 -1.253872e-62 -3.491701e-61 -8.249348e-60 -1.488572e-58 -1.139879e-57 5.648302e-56 3.659064e-54 1.392203e-52 4.224890e-51 1.101738e-49 2.540773e-48 5.247744e-47 9.753923e-46 1.630579e-44 2.437062e-43 3.211041e-42 3.616366e-41 3.214504e-40 1.606588e-39 -1.363911e-38 -5.438389e-37 -9.912754e-36 -1.381234e-34 -1.622552e-33 -1.664539e-32 -1.514694e-31 -1.231320e-30 -8.963810e-30 -5.839177e-29 -3.391037e-28 -1.742844e-27 -7.824794e-27 -2.994711e-26 -9.256991e-26 -1.952263e-25 -7.792379e-27 2.490739e-24 1.550982e-23 6.506108e-23 2.183472e-22 6.186416e-22 1.516704e-21 3.263946e-21 6.226905e-21 1.061372e-20 1.626835e-20 2.254509e-20 2.837129e-20 3.252445e-20 3.403235e-20 3.252445e-20 2.837129e-20 2.254509e-20 1.626835e-20 1.061372e-20 6.226905e-21 3.263946e-21 1.516704e-21 6.186416e-22 2.183472e-22 6.506108e-23 1.550982e-23 2.490739e-24 -7.792379e-27 -1.952263e-25 -9.256991e-26 -2.994711e-26 -7.824794e-27 -1.742844e-27 -3.391037e-28 -5.839177e-29 -8.963810e-30 -1.231320e-30 -1.514694e-31 -1.664539e-32 -1.622552e-33 -1.381234e-34 -9.912754e-36 -5.438389e-37 -1.363911e-38 1.606588e-39 3.214504e-40 3.616366e-41 3.211041e-42 2.437062e-43 1.630579e-44 9.753923e-46 5.247744e-47 2.540773e-48 1.101738e-49 4.224890e-51 1.392203e-52 3.659064e-54 5.648302e-56 -1.139879e-57 -1.488572e-58 -8.249348e-60 -3.491701e-61 -1.253872e-62 -3.969181e-64 -9.365546e-66 -5.918992e-68 -5.703439e-71 -9.976877e-75 -4.163379e-79 -5.141390e-84 -2.196049e-89 0.000000e+00
0.000000e+00 -1.221305e-87 -2.595011e-82 -1.924414e-77 -4.244614e-73 -2.238237e-69 -2.141444e-66 -3.113194e-64 -1.204494e-62 -3.420606e-61 -8.249348e-60 -1.520098e-58 -1.188745e-57 6.026755e-56 3.991902e-54 1.553963e-52 4.827474e-51 1.289403e-49 3.047394e-48 6.454199e-47 1.230889e-45 2.112611e-44 3.243784e-43 4.393350e-42 5.088495e-41 4.651278e-40 2.380085e-39 -2.140515e-38 -8.716819e-37 -1.639296e-35 -2.361718e-34 -2.872584e-33 -3.055128e-32 -2.885710e-31 -2.437898e-30 -1.846581e-29 -1.252983e-28 -7.586892e-28 -4.068184e-27 -1.905300e-26 -7.590864e-26 -2.422762e-25 -5.068343e-25 2.384137e-25 9.139411e-24 5.726379e-23 2.508786e-22 8.888793e-22 2.672362e-21 6.972737e-21 1.600005e-20 3.259277e-20 5.938935e-20 9.744845e-20 1.448409e-19 1.960129e-19 2.425358e-19 2.752427e-19 2.870356e-19 2.752427e-19 2.425358e-19 1.960129e-19 1.448409e-19 9.744845e-20 5.938935e-20 3.259277e-20 1.600005e-20 6.972737e-21 2.672362e-21 8.888793e-22 2.508786e-22 5.726379e-23 9.139411e-24 2.384137e-25 -5.068343e-25 -2.422762e-25 -7.590864e-26 -1.905300e-26 -4.068184e-27 -7.586892e-28 -1.252983e-28 -1.846581e-29 -2.437898e-30 -2.885710e-31 -3.055128e-32 -2.872584e-33 -2.361718e-34 -1.639296e-35 -8.716819e-37 -2.140515e-38 2.380085e-39 4.651278e-40 5.088495e-41 4.393350e-42 3.243784e-43 2.112611e-44 1.230889e-45 6.454199e-47 3.047394e-48 1.289403e-49 4.827474e-51 1.553963e-52 3.991902e-54 6.026755e-56 -1.188745e-57 -1.520098e-58 -8.249348e-60 -3.420606e-61 -1.204494e-62 -3.113194e-64 -2.141444e-66 -2.238237e-69 -4.244614e-73 -1.924414e-77 -2.595011e-82 -1.221305e-87 0.000000e+00
0.000000e+00 -6.052393e-86 -1.177799e-80 -8.040762e-76 -1.636362e-71 -7.957643e-68 -6.995182e-65 -9.266534e-63 -3.217816e-61 -7.913639e-60 -1.488572e-58 -1.188745e-57 6.158417e-56 4.169421e-54 1.659836e-52 5.275837e-51 1.442556e-49 3.492045e-48 7.579551e-47 1.482247e-45 2.610231e-44 4.114601e-43 5.724486e-42 6.813933e-41 6.401087e-40 3.353510e-39 -3.180052e-38 -1.323584e-36 -2.566241e-35 -3.818924e-34 -4.804233e-33 -5.290887e-32 -5.180774e-31 -4.542458e-30 -3.574857e-29 -2.522938e-28 -1.590350e-27 -8.882945e-27 -4.333074e-26 -1.794535e-25 -5.906853e-25 -1.221330e-24 1.319457e-24 3.002968e-23 1.914345e-22 8.764710e-22 3.272670e-21 1.041140e-20 2.881248e-20 7.021880e-20 1.520344e-19 2.945921e-19 5.142631e-19 8.138586e-19 1.174401e-18 1.553098e-18 1.890272e-18 2.124012e-18 2.207698e-18 2.124012e-18 1.890272e-18 1.553098e-18 1.174401e-18 8.138586e-19 5.142631e-19 2.945921e-19 1.520344e-19 7.021880e-20 2.881248e-20 1.041140e-20 3.272670e-21 8.764710e-22 1.914345e-22 3.002968e-23 1.319457e-24 -1.221330e-24 -5.906853e-25 -1.794535e-25 -4.333074e-26 -8.882945e-27 -1.590350e-27 -2.522938e-28 -3.574857e-29 -4.542458e-30 -5.180774e-31 -5.290887e-32 -4.804233e-33 -3.818924e-34 -2.566241e-35 -1.323584e-36 -3.180052e-38 3.353510e-39 6.401087e-40 6.813933e-41 5.724486e-42 4.114601e-43 2.610231e-44 1.482247e-45 7.579551e-47 3.492045e-48 1.442556e-49 5.275837e-51 1.659836e-52 4.169421e-54 6.158417e-56 -1.188745e-57 -1.488572e-58 -7.913639e-60 -3.217816e-61 -9.266534e-63 -6.995182e-65 -7.957643e-68 -1.636362e-71 -8.040762e-76 -1.177799e-80 -6.052393e-86 0.000000e+00
0.000000e+00 -2.695867e-84 -4.830377e-79 -3.043435e-74 -5.714165e-70 -2.554471e-66 -2.046630e-63 -2.428382e-61 -7.287408e-60 -1.397838e-58 -1.139879e-57 6.026755e-56 4.169421e-54 1.696695e-52 5.515281e-51 1.542978e-49 3.823669e-48 8.500596e-47 1.703615e-45 3.076248e-44 4.975198e-43 7.105604e-42 8.686555e-41 8.381554e-40 4.495798e-39 -4.475515e-38 -1.905093e-36 -3.805392e-35 -5.844105e-34 -7.596195e-33 -8.653050e-32 -8.773380e-31 -7.973599e-30 -6.511267e-29 -4.772947e-28 -3.127669e-27 -1.817120e-26 -9.219001e-26 -3.963804e-25 -1.344227e-24 -2.738482e-24 4.926343e-24 8.933981e-23 5.832580e-22 2.790304e-21 1.096010e-20 3.680143e-20 1.076917e-19 2.777864e-19 6.367736e-19 1.306146e-18 2.412953e-18 4.040433e-18 6.170715e-18 8.646099e-18 1.117271e-17 1.337355e-17 1.487680e-17 1.541099e-17 1.487680e-17 1.337355e-17 1.117271e-17 8.646099e-18 6.170715e-18 4.040433e-18 2.412953e-18 1.306146e-18 6.367736e-19 2.777864e-19 1.076917e-19 3.680143e-20 1.096010e-20 2.790304e-21 5.832580e-22 8.933981e-23 4.926343e-24 -2.738482e-24 -1.344227e-24 -3.963804e-25 -9.219001e-26 -1.817120e-26 -3.127669e-27 -4.772947e-28 -6.511267e-29 -7.973599e-30 -8.773380e-31 -8.653050e-32 -7.596195e-33 -5.844105e-34 -3.805392e-35 -1.905093e-36 -4.475515e-38 4.495798e-39 8.381554e-40 8.686555e-41 7.105604e-42 4.975198e-43 3.076248e-44 1.703615e-45 8.500596e-47 3.823669e-48 1.542978e-49 5.515281e-51 1.696695e-52 4.169421e-54 6.026755e-56 -1.139879e-57 -1.397838e-58 -7.287408e-60 -2.428382e-61 -2.046630e-63 -2.554471e-66 -5.714165e-70 -3.043435e-74 -4.830377e-79 -2.695867e-84 0.000000e+00
0.000000e+00 -1.084598e-82 -1.793978e-77 -1.043210e-72 -1.801579e-68 -7.346824e-65 -5.276355e-62 -5.398668e-60 -1.259716e-58 -1.048058e-57 5.648302e-56 3.991902e-54 1.659836e-52 5.515281e-51 1.577970e-49 4.001018e-48 9.105675e-47 1.869117e-45 3.458796e-44 5.735779e-43 8.404204e-42 1.054537e-40 1.044537e-39 5.736767e-39 -5.970397e-38 -2.600631e-36 -5.348219e-35 -8.468959e-34 -1.136287e-32 -1.337465e-31 -1.402604e-30 -1.319802e-29 -1.116946e-28 -8.493204e-28 -5.778041e-27 -3.487081e-26 -1.837633e-25 -8.193311e-25 -2.860415e-24 -5.726536e-24 1.508574e-23 2.425153e-22 1.627877e-21 8.132922e-21 3.354556e-20 1.186073e-19 3.660162e-19 9.962590e-19 2.409681e-18 5.212018e-18 1.014304e-17 1.787215e-17 2.869748e-17 4.226486e-17 5.744687e-17 7.246492e-17 8.523221e-17 9.380855e-17 9.683049e-17 9.380855e-17 8.523221e-17 7.246492e-17 5.744687e-17 4.226486e-17 2.869748e-17 1.787215e-17 1.014304e-17 5.212018e-18 2.409681e-18 9.962590e-19 3.660162e-19 1.186073e-19 3.354556e-20 8.132922e-21 1.627877e-21 2.425153e-22 1.508574e-23 -5.726536e-24 -2.860415e-24 -8.193311e-25 -1.837633e-25 -3.487081e-26 -5.778041e-27 -8.493204e-28 -1.116946e-28 -1.319802e-29 -1.402604e-30 -1.337465e-31 -1.136287e-32 -8.468959e-34 -5.348219e-35 -2.600631e-36 -5.970397e-38 5.736767e-39 1.044537e-39 1.054537e-40 8.404204e-42 5.735779e-43 3.458796e-44 1.869117e-45 9.105675e-47 4.001018e-48 1.577970e-49 5.515281e-51 1.659836e-52 3.991902e-54 5.648302e-56 -1.048058e-57 -1.259716e-58 -5.398668e-60 -5.276355e-62 -7.346824e-65 -1.801579e-68 -1.043210e-72 -1.793978e-77 -1.084598e-82 0.000000e+00
0.000000e+00 -3.950126e-81 -6.032362e-76 -3.228312e-71 -5.090345e-67 -1.863660e-63 -1.156784e-60 -9.191141e-59 -9.254980e-58 5.069259e-56 3.659064e-54 1.553963e-52 5.275837e-51 1.542978e-49 4.001018e-48 9.316718e-47 1.957755e-45 3.710607e-44 6.305832e-43 9.473406e-42 1.219376e-40 1.239263e-39 6.969581e-39 -7.553139e-38 -3.368451e-36 -7.127474e-35 -1.162811e-33 -1.609009e-32 -1.955038e-31 -2.118444e-30 -2.061611e-29 -1.806125e-28 -1.422950e-27 -1.003788e-26 -6.285003e-26 -3.436212e-25 -1.587092e-24 -5.700412e-24 -1.119223e-23 4.021529e-23 6.040750e-22 4.179210e-21 2.178796e-20 9.420848e-20 3.499955e-19 1.136245e-18 3.254858e-18 8.282351e-18 1.882713e-17 3.844431e-17 7.093685e-17 1.190409e-16 1.829203e-16 2.591654e-16 3.408467e-16 4.186909e-16 4.829336e-16 5.252013e-16 5.399358e-16 5.252013e-16 4.829336e-16 4.186909e-16 3.408467e-16 2.591654e-16 1.829203e-16 1.190409e-16 7.093685e-17 3.844431e-17 1.882713e-17 8.282351e-18 3.254858e-18 1.136245e-18 3.499955e-19 9.420848e-20 2.178796e-20 4.179210e-21 6.040750e-22 4.021529e-23 -1.119223e-23 -5.700412e-24 -1.587092e-24 -3.436212e-25 -6.285003e-26 -1.003788e-26 -1.422950e-27 -1.806125e-28 -2.061611e-29 -2.118444e-30 -1.955038e-31 -1.609009e-32 -1.162811e-33 -7.127474e-35 -3.368451e-36 -7.553139e-38 6.969581e-39 1.239263e-39 1.219376e-40 9.473406e-42 6.305832e-43 3.710607e-44 1.957755e-45 9.316718e-47 4.001018e-48 1.542978e-49 5.275837e-51 1.553963e-52 3.659064e-54 5.069259e-56 -9.254980e-58 -9.191141e-59 -1.156784e-60 -1.863660e-63 -5.090345e-67 -3.228312e-71 -6.032362e-76 -3.950126e-81 0.000000e+00
0.000000e+00 -1.302163e-79 -1.831064e-74 -8.954788e-70 -1.269649e-65 -4.030973e-62 -1.958828e-59 -6.880137e-58 4.356054e-56 3.210777e-54 1.392203e-52 4.827474e-51 1.442556e-49 3.823669e-48 9.105675e-47 1.957755e-45 3.798522e-44 6.611593e-43 1.017861e-41 1.343224e-40 1.400009e-39 8.063526e-39 -9.065375e-38 -4.141208e-36 -9.010576e-35 -1.513390e-33 -2.157877e-32 -2.704167e-31 -3.024737e-30 -3.041257e-29 -2.755184e-28 -2.246545e-27 -1.641410e-26 -1.065039e-25 -6.034482e-25 -2.884540e-24 -1.065385e-23 -2.048700e-23 9.585835e-23 1.386720e-21 9.902685e-21 5.382528e-20 2.435815e-19 9.489945e-19 3.234087e-18 9.726998e-18 2.597290e-17 6.186968e-17 1.321061e-16 2.541807e-16 4.433495e-16 7.057707e-16 1.032923e-15 1.400432e-15 1.772347e-15 2.109044e-15 2.375205e-15 2.544906e-15 2.603085e-15 2.544906e-15 2.375205e-15 2.109044e-15 1.772347e-15 1.400432e-15 1.032923e-15 7.057707e-16 4.433495e-16 2.541807e-16 1.321061e-16 6.186968e-17 2.597290e-17 9.726998e-18 3.234087e-18 9.489945e-19 2.435815e-19 5.382528e-20 9.902685e-21 1.386720e-21 9.585835e-23 -2.048700e-23 -1.065385e-23 -2.884540e-24 -6.034482e-25 -1.065039e-25 -1.641410e-26 -2.246545e-27 -2.755184e-28 -3.041257e-29 -3.024737e-30 -2.704167e-31 -2.157877e-32 -1.513390e-33 -9.010576e-35 -4.141208e-36 -9.065375e-38 8.063526e-39 1.400009e-39 1.343224e-40 1.017861e-41 6.611593e-43 3.798522e-44 1.957755e-45 9.105675e-47 3.823669e-48 1.442556e-49 4.827474e-51 1.392203e-52 3.210777e-54 4.356054e-56 -6.880137e-58 -1.958828e-59 -4.030973e-62 -1.269649e-65 -8.954788e-70 -1.831064e-74 -1.302163e-79 0.000000e+00
0.000000e+00 -3.874315e-78 -4.982523e-73 -2.194333e-68 -2.706796e-64 -6.795280e-61 -1.573196e-58 2.899966e-56 2.697720e-54 1.193450e-52 4.224890e-51 1.289403e-49 3.492045e-48 8.500596e-47 1.869117e-45 3.710607e-44 6.611593e-43 1.042506e-41 1.409748e-40 1.506213e-39 8.885794e-39 -1.032542e-37 -4.833847e-36 -1.080937e-34 -1.867734e-33 -2.742048e-32 -3.540984e-31 -4.084885e-30 -4.239452e-29 -3.967645e-28 -3.344814e-27 -2.528508e-26 -1.698387e-25 -9.962552e-25 -4.924414e-24 -1.869654e-23 -3.519178e-23 2.073240e-22 2.943943e-21 2.171846e-20 1.229607e-19 5.815034e-19 2.371607e-18 8.467625e-18 2.668401e-17 7.460009e-17 1.857542e-16 4.135182e-16 8.265334e-16 1.490914e-15 2.441784e-15 3.656483e-15 5.045547e-15 6.470321e-15 7.781272e-15 8.858703e-15 9.636036e-15 1.009619e-14 1.024738e-14 1.009619e-14 9.636036e-15 8.858703e-15 7.781272e-15 6.470321e-15 5.045547e-15 3.656483e-15 2.441784e-15 1.490914e-15 8.265334e-16 4.135182e-16 1.857542e-16 7.460009e-17 2.668401e-17 8.467625e-18 2.371607e-18 5.815034e-19 1.229607e-19 2.171846e-20 2.943943e-21 2.073240e-22 -3.519178e-23 -1.869654e-23 -4.924414e-24 -9.962552e-25 -1.698387e-25 -2.528508e-26 -3.344814e-27 -3.967645e-28 -4.239452e-29 -4.084885e-30 -3.540984e-31 -2.742048e-32 -1.867734e-33 -1.080937e-34 -4.833847e-36 -1.032542e-37 8.885794e-39 1.506213e-39 1.409748e-40 1.042506e-41 6.611593e-43 3.710607e-44 1.869117e-45 8.500596e-47 3.492045e-48 1.289403e-49 4.224890e-51 1.193450e-52 2.697720e-54 2.899966e-56 -1.573196e-58 -6.795280e-61 -2.706796e-64 -2.194333e-68 -4.982523e-73 -3.874315e-78 0.000000e+00
0.000000e+00 -1.033430e-76 -1.198505e-71 -4.606121e-67 -4.534675e-63 -5.835870e-60 5.235975e-57 1.790000e-54 9.792234e-53 3.536067e-51 1.101738e-49 3.047394e-48 7.579551e-47 1.703615e-45 3.458796e-44 6.305832e-43 1.017861e-41 1.409748e-40 1.543362e-39 9.327594e-39 -1.116310e-37 -5.358208e-36 -1.230797e-34 -2.186396e-33 -3.302564e-32 -4.391334e-31 -5.220205e-30 -5.587227e-29 -5.396869e-28 -4.699350e-27 -3.671912e-26 -2.550706e-25 -1.547559e-24 -7.904007e-24 -3.084143e-23 -5.683941e-23 4.105662e-22 5.795919e-21 4.419370e-20 2.603703e-19 1.284968e-18 5.477032e-18 2.045177e-17 6.740288e-17 1.969077e-16 5.114100e-16 1.183943e-15 2.450228e-15 4.549427e-15 7.612547e-15 1.154189e-14 1.595638e-14 2.026082e-14 2.383337e-14 2.625326e-14 2.745749e-14 2.774360e-14 2.760983e-14 2.750556e-14 2.760983e-14 2.774360e-14 2.745749e-14 2.625326e-14 2.383337e-14 2.026082e-14 1.595638e-14 1.154189e-14 7.612547e-15 4.549427e-15 2.450228e-15 1.183943e-15 5.114100e-16 1.969077e-16 6.740288e-17 2.045177e-17 5.477032e-18 1.284968e-18 2.603703e-19 4.419370e-20 5.795919e-21 4.105662e-22 -5.683941e-23 -3.084143e-23 -7.904007e-24 -1.547559e-24 -2.550706e-25 -3.671912e-26 -4.699350e-27 -5.396869e-28 -5.587227e-29 -5.220205e-30 -4.391334e-31 -3.302564e-32 -2.186396e-33 -1.230797e-34 -5.358208e-36 -1.116310e-37 9.327594e-39 1.543362e-39 1.409748e-40 1.017861e-41 6.305832e-43 3.458796e-44 1.703615e-45 7.579551e-47 3.047394e-48 1.101738e-49 3.536067e-51 9.792234e-53 1.790000e-54 5.235975e-57 -5.835870e-60 -4.534675e-63 -4.606121e-67 -1.198505e-71 -1.033430e-76 0.000000e+00
0.000000e+00 -2.438058e-75 -2.474359e-70 -7.653527e-66 -4.104749e-62 1.498612e-58 3.336871e-55 6.376277e-53 2.831305e-51 8.997725e-50 2.540773e-48 6.454199e-47 1.482247e-45 3.076248e-44 5.735779e-43 9.473406e-42 1.343224e-40 1.506213e-39 9.327594e-39 -1.145700e-37 -5.641152e-36 -1.330417e-34 -2.428209e-33 -3.771101e-32 -5.159230e-31 -6.314911e-30 -6.964552e-29 -6.937193e-28 -6.233699e-27 -5.029943e-26 -3.610180e-25 -2.263567e-24 -1.193743e-23 -4.786644e-23 -8.648342e-23 7.489689e-22 1.060619e-20 8.360376e-20 5.120926e-19 2.633876e-18 1.171554e-17 4.567986e-17 1.571862e-16 4.790169e-16 1.295276e-15 3.111632e-15 6.648482e-15 1.265164e-14 2.147581e-14 3.256854e-14 4.416094e-14 5.347891e-14 5.755885e-14 5.440985e-14 4.402247e-14 2.872993e-14 1.268282e-14 5.745687e-16 -3.923160e-15 5.745687e-16 1.268282e-14 2.872993e-14 4.402247e-14 5.440985e-14 5.755885e-14 5.347891e-14 4.416094e-14 3.256854e-14 2.147581e-14 1.265164e-14 6.648482e-15 3.111632e-15 1.295276e-15 4.790169e-16 1.571862e-16 4.567986e-17 1.171554e-17 2.633876e-18 5.120926e-19 8.360376e-20 1.060619e-20 7.489689e-22 -8.648342e-23 -4.786644e-23 -1.193743e-23 -2.263567e-24 -3.610180e-25 -5.029943e-26 -6.233699e-27 -6.937193e-28 -6.964552e-29 -6.314911e-30 -5.159230e-31 -3.771101e-32 -2.428209e-33 -1.330417e-34 -5.641152e-36 -1.145700e-37 9.327594e-39 1.506213e-39 1.343224e-40 9.473406e-42 5.735779e-43 3.076248e-44 1.482247e-45 6.454199e-47 2.540773e-48 8.997725e-50 2.831305e-51 6.376277e-53 3.336871e-55 1.498612e-58 -4.104749e-62 -7.653527e-66 -2.474359e-70 -2.438058e-75 0.000000e+00
0.000000e+00 -4.945286e-74 -4.070122e-69 -7.211356e-65 8.157449e-61 1.002139e-56 1.176659e-53 1.803570e-51 7.026042e-50 2.023533e-48 5.247744e-47 1.230889e-45 2.610231e-44 4.975198e-43 8.404204e-42 1.219376e-40 1.400009e-39 8.885794e-39 -1.116310e-37 -5.641152e-36 -1.365369e-34 -2.558875e-33 -4.083255e-32 -5.743663e-31 -7.233343e-30 -8.213775e-29 -8.429943e-28 -7.810649e-27 -6.502711e-26 -4.818230e-25 -3.119484e-24 -1.697656e-23 -6.995187e-23 -1.241957e-22 1.264016e-21 1.807421e-20 1.472895e-19 9.371279e-19 5.017224e-18 2.325692e-17 9.455126e-17 3.392039e-16 1.076711e-15 3.026436e-15 7.530622e-15 1.657103e-14 3.218897e-14 5.501984e-14 8.222535e-14 1.059148e-13 1.134799e-13 9.060187e-14 2.631194e-14 -8.175040e-14 -2.241260e-13 -3.799580e-13 -5.212860e-13 -6.200232e-13 -6.554711e-13 -6.200232e-13 -5.212860e-13 -3.799580e-13 -2.241260e-13 -8.175040e-14 2.631194e-14 9.060187e-14 1.134799e-13 1.059148e-13 8.222535e-14 5.501984e-14 3.218897e-14 1.657103e-14 7.530622e-15 3.026436e-15 1.076711e-15 3.392039e-16 9.455126e-17 2.325692e-17 5.017224e-18 9.371279e-19 1.472895e-19 1.807421e-20 1.264016e-21 -1.241957e-22 -6.995187e-23 -1.697656e-23 -3.119484e-24 -4.818230e-25 -6.502711e-26 -7.810649e-27 -8.429943e-28 -8.213775e-29 -7.233343e-30 -5.743663e-31 -4.083255e-32 -2.558875e-33 -1.365369e-34 -5.641152e-36 -1.116310e-37 8.885794e-39 1.400009e-39 1.219376e-40 8.404204e-42 4.975198e-43 2.610231e-44 1.230889e-45 5.247744e-47 2.023533e-48 7.026042e-50 1.803570e-51 1.176659e-53 1.002139e-56 8.157449e-61 -7.211356e-65 -4.070122e-69 -4.945286e-74 0.000000e+00
0.000000e+00 -8.038708e-73 -3.952223e-68 1.110291e-63 5.782615e-59 3.506195e-55 3.270440e-52 4.371979e-50 1.540009e-48 4.073234e-47 9.753923e-46 2.112611e-44 4.114601e-43 7.105604e-42 1.054537e-40 1.239263e-39 8.063526e-39 -1.032542e-37 -5.358208e-36 -1.330417e-34 -2.558875e-33 -4.192895e-32 -6.060027e-31 -7.846722e-30 -9.167500e-29 -9.687063e-28 -9.247253e-27 -7.937102e-26 -6.066494e-25 -4.052692e-24 -2.274673e-23 -9.632397e-23 -1.686424e-22 1.979765e-21 2.872766e-20 2.420085e-19 1.598063e-18 8.895866e-18 4.291970e-17 1.817019e-16 6.787148e-16 2.241095e-15 6.539362e-15 1.682893e-14 3.805917e-14 7.518988e-14 1.284030e-13 1.855046e-13 2.148767e-13 1.645323e-13 -2.857548e-14 -4.197187e-13 -1.034006e-12 -1.848918e-12 -2.788950e-12 -3.735296e-12 -4.548556e-12 -5.098462e-12 -5.292844e-12 -5.098462e-12 -4.548556e-12 -3.735296e-12 -2.788950e-12 -1.848918e-12 -1.034006e-12 -4.197187e-13 -2.857548e-14 1.645323e-13 2.148767e-13 1.855046e-13 1.284030e-13 7.518988e-14 3.805917e-14 1.682893e-14 6.539362e-15 2.241095e-15 6.787148e-16 1.817019e-16 4.291970e-17 8.895866e-18 1.598063e-18 2.420085e-19 2.872766e-20 1.979765e-21 -1.686424e-22 -9.632397e-23 -2.274673e-23 -4.052692e-24 -6.066494e-25 -7.937102e-26 -9.247253e-27 -9.687063e-28 -9.167500e-29 -7.846722e-30 -6.060027e-31 -4.192895e-32 -2.558875e-33 -1.330417e-34 -5.358208e-36 -1.032542e-37 8.063526e-39 1.239263e-39 1.054537e-40 7.105604e-42 4.114601e-43 2.112611e-44 9.753923e-46 4.073234e-47 1.540009e-48 4.371979e-50 3.270440e-52 3.506195e-55 5.782615e-59 1.110291e-63 -3.952223e-68 -8.038708e-73 0.000000e+00
0.000000e+00 -7.979948e-72 4.692427e-67 8.437398e-62 2.007535e-57 9.582823e-54 7.767753e-51 9.351502e-49 3.019288e-47 7.373828e-46 1.630579e-44 3.243784e-43 5.724486e-42 8.686555e-41 1.044537e-39 6.969581e-39 -9.065375e-38 -4.833847e-36 -1.230797e-34 -2.428209e-33 -4.083255e-32 -6.060027e-31 -8.062426e-30 -9.684730e-29 -1.052875e-27 -1.034748e-26 -9.149567e-26 -7.208390e-25 -4.965456e-24 -2.872951e-23 -1.250494e-22 -2.169077e-22 2.884482e-21 4.264233e-20 3.713083e-19 2.542656e-18 1.470150e-17 7.374192e-17 3.247085e-16 1.261384e-15 4.327748e-15 1.309473e-14 3.481107e-14 8.077529e-14 1.617703e-13 2.737036e-13 3.723260e-13 3.458858e-13 4.627943e-15 -8.949441e-13 -2.588681e-12 -5.223814e-12 -8.787086e-12 -1.306834e-11 -1.767312e-11 -2.208176e-11 -2.573984e-11 -2.815869e-11 -2.900445e-11 -2.815869e-11 -2.573984e-11 -2.208176e-11 -1.767312e-11 -1.306834e-11 -8.787086e-12 -5.223814e-12 -2.588681e-12 -8.949441e-13 4.627943e-15 3.458858e-13 3.723260e-13 2.737036e-13 1.617703e-13 8.077529e-14 3.481107e-14 1.309473e-14 4.327748e-15 1.261384e-15 3.247085e-16 7.374192e-17 1.470150e-17 2.542656e-18 3.713083e-19 4.264233e-20 2.884482e-21 -2.169077e-22 -1.250494e-22 -2.872951e-23 -4.965456e-24 -7.208390e-25 -9.149567e-26 -1.034748e-26 -1.052875e-27 -9.684730e-29 -8.062426e-30 -6.060027e-31 -4.083255e-32 -2.428209e-33 -1.230797e-34 -4.833847e-36 -9.065375e-38 6.969581e-39 1.044537e-39 8.686555e-41 5.724486e-42 3.243784e-43 1.630579e-44 7.373828e-46 3.019288e-47 9.351502e-49 7.767753e-51 9.582823e-54 2.007535e-57 8.437398e-62 4.692427e-67 -7.979948e-72 0.000000e+00
0.000000e+00 7.221405e-71 3.877481e-65 2.905747e-60 5.392297e-56 2.230621e-52 1.625419e-49 1.787759e-47 5.320111e-46 1.199834e-44 2.437062e-43 4.393350e-42 6.813933e-41 8.381554e-40 5.736767e-39 -7.553139e-38 -4.141208e-36 -1.080937e-34 -2.186396e-33 -3.771101e-32 -5.743663e-31 -7.846722e-30 -9.684730e-29 -1.082511e-27 -1.094529e-26 -9.963358e-26 -8.085502e-25 -5.739454e-24 -3.421706e-23 -1.531224e-22 -2.646901e-22 3.916385e-21 5.917492e-20 5.325101e-19 3.778749e-18 2.267188e-17 1.181060e-16 5.403364e-16 2.180676e-15 7.766409e-15 2.434541e-14 6.679401e-14 1.588206e-13 3.215310e-13 5.341605e-13 6.582673e-13 3.449495e-13 -1.017871e-12 -4.252111e-12 -1.020870e-11 -1.950849e-11 -3.229723e-11 -4.810117e-11 -6.582839e-11 -8.390972e-11 -1.005360e-10 -1.139333e-10 -1.226242e-10 -1.256344e-10 -1.226242e-10 -1.139333e-10 -1.005360e-10 -8.390972e-11 -6.582839e-11 -4.810117e-11 -3.229723e-11 -1.950849e-11 -1.020870e-11 -4.252111e-12 -1.017871e-12 3.449495e-13 6.582673e-13 5.341605e-13 3.215310e-13 1.588206e-13 6.679401e-14 2.434541e-14 7.766409e-15 2.180676e-15 5.403364e-16 1.181060e-16 2.267188e-17 3.778749e-18 5.325101e-19 5.917492e-20 3.916385e-21 -2.646901e-22 -1.531224e-22 -3.421706e-23 -5.739454e-24 -8.085502e-25 -9.963358e-26 -1.094529e-26 -1.082511e-27 -9.684730e-29 -7.846722e-30 -5.743663e-31 -3.771101e-32 -2.186396e-33 -1.080937e-34 -4.141208e-36 -7.553139e-38 5.736767e-39 8.381554e-40 6.813933e-41 4.393350e-42 2.437062e-43 1.199834e-44 5.320111e-46 1.787759e-47 1.625419e-49 2.230621e-52 5.392297e-56 2.905747e-60 3.877481e-65 7.221405e-71 0.000000e+00
0.000000e+00 6.612909e-69 1.324229e-63 7.664359e-59 1.229209e-54 4.566342e-51 3.036845e-48 3.069564e-46 8.420092e-45 1.744337e-43 3.211041e-42 5.088495e-41 6.401087e-40 4.495798e-39 -5.970397e-38 -3.368451e-36 -9.010576e-35 -1.867734e-33 -3.302564e-32 -5.159230e-31 -7.233343e-30 -9.167500e-29 -1.052875e-27 -1.094529e-26 -1.025025e-25 -8.562921e-25 -6.260049e-24 -3.844012e-23 -1.769122e-22 -3.068866e-22 4.961835e-21 7.683444e-20 7.144529e-19 5.250046e-18 3.265789e-17 1.765188e-16 8.382587e-16 3.511358e-15 1.297034e-14 4.209115e-14 1.191036e-13 2.899555e-13 5.920483e-13 9.565684e-13 1.003611e-12 -2.357106e-13 -4.516411e-12 -1.428112e-11 -3.216329e-11 -6.022531e-11 -9.922597e-11 -1.481872e-10 -2.043855e-10 -2.637282e-10 -3.213643e-10 -3.723572e-10 -4.122848e-10 -4.376970e-10 -4.464154e-10 -4.376970e-10 -4.122848e-10 -3.723572e-10 -3.213643e-10 -2.637282e-10 -2.043855e-10 -1.481872e-10 -9.922597e-11 -6.022531e-11 -3.216329e-11 -1.428112e-11 -4.516411e-12 -2.357106e-13 1.003611e-12 9.565684e-13 5.920483e-13 2.899555e-13 1.191036e-13 4.209115e-14 1.297034e-14 3.511358e-15 8.382587e-16 1.765188e-16 3.265789e-17 5.250046e-18 7.144529e-19 7.683444e-20 4.961835e-21 -3.068866e-22 -1.769122e-22 -3.844012e-23 -6.260049e-24 -8.562921e-25 -1.025025e-25 -1.094529e-26 -1.052875e-27 -9.167500e-29 -7.233343e-30 -5.159230e-31 -3.302564e-32 -1.867734e-33 -9.010576e-35 -3.368451e-36 -5.970397e-38 4.495798e-39 6.401087e-40 5.088495e-41 3.211041e-42 1.744337e-43 8.420092e-45 3.069564e-46 3.036845e-48 4.566342e-51 1.229209e-54 7.664359e-59 1.324229e-63 6.612909e-69 0.000000e+00
