0.000000e+00 0.000000e+00 0.000000e+00 0.000000e+00 0.000000e+00 0.000000e+00 0.000000e+00 0.000000e+00 0.000000e+00 0.000000e+00 0.000000e+00 0.000000e+00 0.000000e+00 0.000000e+00 0.000000e+00 0.000000e+00 0.000000e+00 3.574510e-110 2.524426e-107 8.555067e-105 1.847214e-102 2.842168e-100 3.295026e-98 2.956205e-96 2.057220e-94 1.070306e-92 3.511316e-91 -1.200883e-90 -1.173170e-87 -1.026878e-85 -6.058684e-84 -2.827811e-82 -1.100351e-80 -3.654241e-79 -1.047633e-77 -2.605010e-76 -5.615555e-75 -1.043008e-73 -1.644344e-72 -2.127710e-71 -2.066476e-70 -9.936749e-70 1.291672e-68 4.432855e-67 7.507218e-66 9.427272e-65 9.541230e-64 7.998108e-63 5.596754e-62 3.261648e-61 1.566887e-60 6.085216e-60 1.844957e-59 4.065775e-59 5.260110e-59 -1.195744e-59 -2.285595e-58 -5.398633e-58 -6.984690e-58 -5.398633e-58 -2.285595e-58 -1.195744e-59 5.260110e-59 4.065775e-59 1.844957e-59 6.085216e-60 1.566887e-60 3.261648e-61 5.596754e-62 7.998108e-63 9.541230e-64 9.427272e-65 7.507218e-66 4.432855e-67 1.291672e-68 -9.936749e-70 -2.066476e-70 -2.127710e-71 -1.644344e-72 -1.043008e-73 -5.615555e-75 -2.605010e-76 -1.047633e-77 -3.654241e-79 -1.100351e-80 -2.827811e-82 -6.058684e-84 -1.026878e-85 -1.173170e-87 -1.200883e-90 3.511316e-91 1.070306e-92 2.057220e-94 2.956205e-96 3.295026e-98 2.842168e-100 1.847214e-102 8.555067e-105 2.524426e-107 3.574510e-110 0.000000e+00 0.000000e+00 0.000000e+00 0.000000e+00 0.000000e+00 0.000000e+00 0.000000e+00 0.000000e+00 0.000000e+00 0.000000e+00 0.000000e+00 0.000000e+00 0.000000e+00 0.000000e+00 0.000000e+00 0.000000e+00 0.000000e+00
0.000000e+00 0.000000e+00 0.000000e+00 0.000000e+00 0.000000e+00 0.000000e+00 0.000000e+00 0.000000e+00 0.000000e+00 0.000000e+00 0.000000e+00 0.000000e+00 0.000000e+00 0.000000e+00 0.000000e+00 0.000000e+00 2.744733e-106 1.982171e-103 6.872714e-101 1.519089e-98 2.393923e-96 2.844025e-94 2.615790e-92 1.866413e-90 9.948886e-89 3.325500e-87 -1.559929e-86 -1.219449e-83 -1.092345e-81 -6.636001e-80 -3.196802e-78 -1.286084e-76 -4.422344e-75 -1.314618e-73 -3.394236e-72 -7.607788e-71 -1.471030e-69 -2.416363e-68 -3.256527e-67 -3.276633e-66 -1.546675e-65 2.580164e-64 8.824615e-63 1.568053e-61 2.088842e-60 2.257608e-59 2.032652e-58 1.536425e-57 9.727388e-57 5.104211e-56 2.173273e-55 7.204584e-55 1.685520e-54 1.826516e-54 -4.711963e-54 -3.004348e-53 -8.283657e-53 -1.462603e-52 -1.761674e-52 -1.462603e-52 -8.283657e-53 -3.004348e-53 -4.711963e-54 1.826516e-54 1.685520e-54 7.204584e-55 2.173273e-55 5.104211e-56 9.727388e-57 1.536425e-57 2.032652e-58 2.257608e-59 2.088842e-60 1.568053e-61 8.824615e-63 2.580164e-64 -1.546675e-65 -3.276633e-66 -3.256527e-67 -2.416363e-68 -1.471030e-69 -7.607788e-71 -3.394236e-72 -1.314618e-73 -4.422344e-75 -1.286084e-76 -3.196802e-78 -6.636001e-80 -1.092345e-81 -1.219449e-83 -1.559929e-86 3.325500e-87 9.948886e-89 1.866413e-90 2.615790e-92 2.844025e-94 2.393923e-96 1.519089e-98 6.872714e-101 1.982171e-103 2.744733e-106 0.000000e+00 0.000000e+00 0.000000e+00 0.000000e+00 0.000000e+00 0.000000e+00 0.000000e+00 0.000000e+00 0.000000e+00 0.000000e+00 0.000000e+00 0.000000e+00 0.000000e+00 0.000000e+00 0.000000e+00 0.000000e+00
0.000000e+00 0.000000e+00 0.000000e+00 0.000000e+00 0.000000e+00 0.000000e+00 0.000000e+00 0.000000e+00 0.000000e+00 0.000000e+00 0.000000e+00 0.000000e+00 0.000000e+00 0.000000e+00 0.000000e+00 8.419021e-103 6.213294e-100 2.202655e-97 4.980346e-95 8.032693e-93 9.771483e-91 9.205833e-89 6.728764e-87 3.671088e-85 1.248354e-83 -7.634276e-83 -5.020197e-80 -4.596681e-78 -2.871723e-76 -1.426027e-74 -5.923233e-73 -2.105836e-71 -6.480743e-70 -1.734499e-68 -4.034831e-67 -8.105568e-66 -1.384175e-64 -1.937951e-63 -2.013247e-62 -9.197475e-62 1.974005e-60 6.748646e-59 1.254031e-57 1.764705e-56 2.026934e-55 1.949324e-54 1.581544e-53 1.079919e-52 6.137879e-52 2.837633e-51 1.016906e-50 2.480906e-50 1.773430e-50 -1.754031e-49 -1.030031e-48 -3.310025e-48 -7.324915e-48 -1.171400e-47 -1.368976e-47 -1.171400e-47 -7.324915e-48 -3.310025e-48 -1.030031e-48 -1.754031e-49 1.773430e-50 2.480906e-50 1.016906e-50 2.837633e-51 6.137879e-52 1.079919e-52 1.581544e-53 1.949324e-54 2.026934e-55 1.764705e-56 1.254031e-57 6.748646e-59 1.974005e-60 -9.197475e-62 -2.013247e-62 -1.937951e-63 -1.384175e-64 -8.105568e-66 -4.034831e-67 -1.734499e-68 -6.480743e-70 -2.105836e-71 -5.923233e-73 -1.426027e-74 -2.871723e-76 -4.596681e-78 -5.020197e-80 -7.634276e-83 1.248354e-83 3.671088e-85 6.728764e-87 9.205833e-89 9.771483e-91 8.032693e-93 4.980346e-95 2.202655e-97 6.213294e-100 8.419021e-103 0.000000e+00 0.000000e+00 0.000000e+00 0.000000e+00 0.000000e+00 0.000000e+00 0.000000e+00 0.000000e+00 0.000000e+00 0.000000e+00 0.000000e+00 0.000000e+00 0.000000e+00 0.000000e+00 0.000000e+00
0.000000e+00 0.000000e+00 0.000000e+00 0.000000e+00 0.000000e+00 0.000000e+00 0.000000e+00 0.000000e+00 0.000000e+00 0.000000e+00 0.000000e+00 0.000000e+00 0.000000e+00 0.000000e+00 8.946657e-100 6.743349e-97 2.442646e-94 5.645998e-92 9.313461e-90 1.159212e-87 1.117772e-85 8.362144e-84 4.664858e-82 1.611318e-80 -1.242256e-79 -7.101892e-77 -6.639625e-75 -4.260768e-73 -2.178315e-71 -9.329764e-70 -3.424709e-68 -1.089532e-66 -3.017938e-65 -7.273665e-64 -1.515285e-62 -2.684518e-61 -3.895215e-60 -4.164160e-59 -1.808903e-58 5.036109e-57 1.724681e-55 3.341423e-54 4.948760e-53 6.014999e-52 6.149043e-51 5.325553e-50 3.897397e-49 2.382195e-48 1.185957e-47 4.548654e-47 1.136446e-46 1.516320e-47 -1.581420e-45 -9.523878e-45 -3.508506e-44 -9.316067e-44 -1.855767e-43 -2.802246e-43 -3.214239e-43 -2.802246e-43 -1.855767e-43 -9.316067e-44 -3.508506e-44 -9.523878e-45 -1.581420e-45 1.516320e-47 1.136446e-46 4.548654e-47 1.185957e-47 2.382195e-48 3.897397e-49 5.325553e-50 6.149043e-51 6.014999e-52 4.948760e-53 3.341423e-54 1.724681e-55 5.036109e-57 -1.808903e-58 -4.164160e-59 -3.895215e-60 -2.684518e-61 -1.515285e-62 -7.273665e-64 -3.017938e-65 -1.089532e-66 -3.424709e-68 -9.329764e-70 -2.178315e-71 -4.260768e-73 -6.639625e-75 -7.101892e-77 -1.242256e-79 1.611318e-80 4.664858e-82 8.362144e-84 1.117772e-85 1.159212e-87 9.313461e-90 5.645998e-92 2.442646e-94 6.743349e-97 8.946657e-100 0.000000e+00 0.000000e+00 0.000000e+00 0.000000e+00 0.000000e+00 0.000000e+00 0.000000e+00 0.000000e+00 0.000000e+00 0.000000e+00 0.000000e+00 0.000000e+00 0.000000e+00 0.000000e+00
0.000000e+00 0.000000e+00 0.000000e+00 0.000000e+00 0.000000e+00 0.000000e+00 0.000000e+00 0.000000e+00 0.000000e+00 0.000000e+00 0.000000e+00 0.000000e+00 0.000000e+00 2.723368e-97 2.095179e-94 7.749979e-92 1.830075e-89 3.085423e-87 3.926528e-85 3.872187e-83 2.962463e-81 1.688179e-79 5.914243e-78 -5.612553e-77 -2.855606e-74 -2.723086e-72 -1.792978e-70 -9.426645e-69 -4.158154e-67 -1.573919e-65 -5.169135e-64 -1.479680e-62 -3.689002e-61 -7.955643e-60 -1.459379e-58 -2.189570e-57 -2.400911e-56 -9.690788e-56 3.553740e-54 1.221012e-52 2.459834e-51 3.821418e-50 4.896528e-49 5.298228e-48 4.874733e-47 3.802627e-46 2.483993e-45 1.322081e-44 5.378461e-44 1.349244e-43 -1.007221e-43 -3.314776e-42 -2.103926e-41 -8.744497e-41 -2.705629e-40 -6.452682e-40 -1.198053e-39 -1.735521e-39 -1.963219e-39 -1.735521e-39 -1.198053e-39 -6.452682e-40 -2.705629e-40 -8.744497e-41 -2.103926e-41 -3.314776e-42 -1.007221e-43 1.349244e-43 5.378461e-44 1.322081e-44 2.483993e-45 3.802627e-46 4.874733e-47 5.298228e-48 4.896528e-49 3.821418e-50 2.459834e-51 1.221012e-52 3.553740e-54 -9.690788e-56 -2.400911e-56 -2.189570e-57 -1.459379e-58 -7.955643e-60 -3.689002e-61 -1.479680e-62 -5.169135e-64 -1.573919e-65 -4.158154e-67 -9.426645e-69 -1.792978e-70 -2.723086e-72 -2.855606e-74 -5.612553e-77 5.914243e-78 1.688179e-79 2.962463e-81 3.872187e-83 3.926528e-85 3.085423e-87 1.830075e-89 7.749979e-92 2.095179e-94 2.723368e-97 0.000000e+00 0.000000e+00 0.000000e+00 0.000000e+00 0.000000e+00 0.000000e+00 0.000000e+00 0.000000e+00 0.000000e+00 0.000000e+00 0.000000e+00 0.000000e+00 0.000000e+00
0.000000e+00 0.000000e+00 0.000000e+00 0.000000e+00 0.000000e+00 0.000000e+00 0.000000e+00 0.000000e+00 0.000000e+00 0.000000e+00 0.000000e+00 0.000000e+00 1.847688e-95 1.450122e-92 5.474295e-90 1.319845e-87 2.272841e-85 2.955391e-83 2.978590e-81 2.328647e-79 1.354333e-77 4.805246e-76 -5.508928e-75 -2.540289e-72 -2.468551e-70 -1.666050e-68 -8.998285e-67 -4.083290e-65 -1.591857e-63 -5.390228e-62 -1.592373e-60 -4.100575e-59 -9.139854e-58 -1.732913e-56 -2.682743e-55 -3.007811e-54 -1.093770e-53 5.411009e-52 1.867836e-50 3.903617e-49 6.342476e-48 8.538650e-47 9.742354e-46 9.482133e-45 7.846640e-44 5.448158e-43 3.080524e-42 1.318441e-41 3.246239e-41 -6.702492e-41 -1.331980e-39 -8.976143e-39 -4.152337e-38 -1.465252e-37 -4.068345e-37 -8.973913e-37 -1.576319e-36 -2.207266e-36 -2.468319e-36 -2.207266e-36 -1.576319e-36 -8.973913e-37 -4.068345e-37 -1.465252e-37 -4.152337e-38 -8.976143e-39 -1.331980e-39 -6.702492e-41 3.246239e-41 1.318441e-41 3.080524e-42 5.448158e-43 7.846640e-44 9.482133e-45 9.742354e-46 8.538650e-47 6.342476e-48 3.903617e-49 1.867836e-50 5.411009e-52 -1.093770e-53 -3.007811e-54 -2.682743e-55 -1.732913e-56 -9.139854e-58 -4.100575e-59 -1.592373e-60 -5.390228e-62 -1.591857e-63 -4.083290e-65 -8.998285e-67 -1.666050e-68 -2.468551e-70 -2.540289e-72 -5.508928e-75 4.805246e-76 1.354333e-77 2.328647e-79 2.978590e-81 2.955391e-83 2.272841e-85 1.319845e-87 5.474295e-90 1.450122e-92 1.847688e-95 0.000000e+00 0.000000e+00 0.000000e+00 0.000000e+00 0.000000e+00 0.000000e+00 0.000000e+00 0.000000e+00 0.000000e+00 0.000000e+00 0.000000e+00 0.000000e+00
0.000000e+00 0.000000e+00 0.000000e+00 0.000000e+00 0.000000e+00 0.000000e+00 0.000000e+00 0.000000e+00 0.000000e+00 0.000000e+00 0.000000e+00 2.133955e-94 1.707794e-91 6.576704e-89 1.618175e-86 2.844843e-84 3.777748e-82 3.889051e-80 3.105207e-78 1.842108e-76 6.614485e-75 -8.968627e-74 -3.820215e-71 -3.781641e-69 -2.614295e-67 -1.449317e-65 -6.759820e-64 -2.711593e-62 -9.456874e-61 -2.880003e-59 -7.651319e-58 -1.760372e-56 -3.444978e-55 -5.494522e-54 -6.285331e-53 -1.987724e-52 1.360062e-50 4.730193e-49 1.023991e-47 1.736091e-46 2.449030e-45 2.937384e-44 3.013790e-43 2.635330e-42 1.936344e-41 1.157240e-40 5.176600e-40 1.221088e-39 -4.895406e-39 -8.092225e-38 -5.801153e-37 -2.955022e-36 -1.170216e-35 -3.705519e-35 -9.469319e-35 -1.957672e-34 -3.277553e-34 -4.453850e-34 -4.929970e-34 -4.453850e-34 -3.277553e-34 -1.957672e-34 -9.469319e-35 -3.705519e-35 -1.170216e-35 -2.955022e-36 -5.801153e-37 -8.092225e-38 -4.895406e-39 1.221088e-39 5.176600e-40 1.157240e-40 1.936344e-41 2.635330e-42 3.013790e-43 2.937384e-44 2.449030e-45 1.736091e-46 1.023991e-47 4.730193e-49 1.360062e-50 -1.987724e-52 -6.285331e-53 -5.494522e-54 -3.444978e-55 -1.760372e-56 -7.651319e-58 -2.880003e-59 -9.456874e-61 -2.711593e-62 -6.759820e-64 -1.449317e-65 -2.614295e-67 -3.781641e-69 -3.820215e-71 -8.968627e-74 6.614485e-75 1.842108e-76 3.105207e-78 3.889051e-80 3.777748e-82 2.844843e-84 1.618175e-86 6.576704e-89 1.707794e-91 2.133955e-94 0.000000e+00 0.000000e+00 0.000000e+00 0.000000e+00 0.000000e+00 0.000000e+00 0.000000e+00 0.000000e+00 0.000000e+00 0.000000e+00 0.000000e+00
0.000000e+00 0.000000e+00 0.000000e+00 0.000000e+00 0.000000e+00 0.000000e+00 0.000000e+00 0.000000e+00 0.000000e+00 0.000000e+00 4.559168e-94 3.721145e-91 1.462064e-88 3.671786e-86 6.591398e-84 8.940864e-82 9.404623e-80 7.672953e-78 4.647743e-76 1.694776e-74 -2.580303e-73 -1.056664e-70 -1.068007e-68 -7.568307e-67 -4.307978e-65 -2.065435e-63 -8.525079e-62 -3.062115e-60 -9.612793e-59 -2.634682e-57 -6.257699e-56 -1.264495e-54 -2.080286e-53 -2.437604e-52 -6.836504e-52 6.129388e-50 2.172607e-48 4.881548e-47 8.636940e-46 1.275773e-44 1.606722e-43 1.735359e-42 1.600942e-41 1.242937e-40 7.843945e-40 3.670577e-39 8.304426e-39 -5.295447e-38 -8.294660e-37 -6.361588e-36 -3.549002e-35 -1.561244e-34 -5.560504e-34 -1.617863e-33 -3.854688e-33 -7.525705e-33 -1.206306e-32 -1.594743e-32 -1.748666e-32 -1.594743e-32 -1.206306e-32 -7.525705e-33 -3.854688e-33 -1.617863e-33 -5.560504e-34 -1.561244e-34 -3.549002e-35 -6.361588e-36 -8.294660e-37 -5.295447e-38 8.304426e-39 3.670577e-39 7.843945e-40 1.242937e-40 1.600942e-41 1.735359e-42 1.606722e-43 1.275773e-44 8.636940e-46 4.881548e-47 2.172607e-48 6.129388e-50 -6.836504e-52 -2.437604e-52 -2.080286e-53 -1.264495e-54 -6.257699e-56 -2.634682e-57 -9.612793e-59 -3.062115e-60 -8.525079e-62 -2.065435e-63 -4.307978e-65 -7.568307e-67 -1.068007e-68 -1.056664e-70 -2.580303e-73 1.694776e-74 4.647743e-76 7.672953e-78 9.404623e-80 8.940864e-82 6.591398e-84 3.671786e-86 1.462064e-88 3.721145e-91 4.559168e-94 0.000000e+00 0.000000e+00 0.000000e+00 0.000000e+00 0.000000e+00 0.000000e+00 0.000000e+00 0.000000e+00 0.000000e+00 0.000000e+00
0.000000e+00 0.000000e+00 0.000000e+00 0.000000e+00 0.000000e+00 0.000000e+00 0.000000e+00 0.000000e+00 0.000000e+00 4.859949e-94 4.048337e-91 1.624074e-88 4.166281e-86 7.643268e-84 1.060023e-81 1.140556e-79 9.523018e-78 5.905257e-76 2.203441e-74 -3.491289e-73 -1.451929e-70 -1.505512e-68 -1.095855e-66 -6.413034e-65 -3.163796e-63 -1.344862e-61 -4.979331e-60 -1.612765e-58 -4.564958e-57 -1.120806e-55 -2.343368e-54 -3.991569e-53 -4.839136e-52 -1.351122e-51 1.338833e-49 4.922374e-48 1.153479e-46 2.134230e-45 3.304424e-44 4.372246e-43 4.972946e-42 4.842605e-41 3.976992e-40 2.657885e-39 1.312650e-38 2.979773e-38 -2.466914e-37 -3.963888e-36 -3.279728e-35 -2.000957e-34 -9.722562e-34 -3.861009e-33 -1.264534e-32 -3.423569e-32 -7.663047e-32 -1.419394e-31 -2.184188e-31 -2.813046e-31 -3.056905e-31 -2.813046e-31 -2.184188e-31 -1.419394e-31 -7.663047e-32 -3.423569e-32 -1.264534e-32 -3.861009e-33 -9.722562e-34 -2.000957e-34 -3.279728e-35 -3.963888e-36 -2.466914e-37 2.979773e-38 1.312650e-38 2.657885e-39 3.976992e-40 4.842605e-41 4.972946e-42 4.372246e-43 3.304424e-44 2.134230e-45 1.153479e-46 4.922374e-48 1.338833e-49 -1.351122e-51 -4.839136e-52 -3.991569e-53 -2.343368e-54 -1.120806e-55 -4.564958e-57 -1.612765e-58 -4.979331e-60 -1.344862e-61 -3.163796e-63 -6.413034e-65 -1.095855e-66 -1.505512e-68 -1.451929e-70 -3.491289e-73 2.203441e-74 5.905257e-76 9.523018e-78 1.140556e-79 1.060023e-81 7.643268e-84 4.166281e-86 1.624074e-88 4.048337e-91 4.859949e-94 0.000000e+00 0.000000e+00 0.000000e+00 0.000000e+00 0.000000e+00 0.000000e+00 0.000000e+00 0.000000e+00 0.000000e+00
0.000000e+00 0.000000e+00 0.000000e+00 0.000000e+00 0.000000e+00 0.000000e+00 0.000000e+00 0.000000e+00 4.859949e-94 4.130956e-91 1.691744e-88 4.432210e-86 8.307876e-84 1.177795e-81 1.296069e-79 1.107298e-77 7.029692e-76 2.686762e-74 -4.366649e-73 -1.861554e-70 -1.980919e-68 -1.480799e-66 -8.906017e-65 -4.518933e-63 -1.977245e-61 -7.541799e-60 -2.518732e-58 -7.357991e-57 -1.866322e-55 -4.035158e-54 -7.114284e-53 -8.931082e-52 -2.543090e-51 2.684831e-49 1.025709e-47 2.505294e-46 4.841599e-45 7.845288e-44 1.088623e-42 1.301298e-41 1.334688e-40 1.156874e-39 8.171114e-39 4.255767e-38 9.773633e-38 -9.955324e-37 -1.663199e-35 -1.480133e-34 -9.815233e-34 -5.225817e-33 -2.291745e-32 -8.354062e-32 -2.536966e-31 -6.415203e-31 -1.350269e-30 -2.370889e-30 -3.496547e-30 -4.379994e-30 -4.713829e-30 -4.379994e-30 -3.496547e-30 -2.370889e-30 -1.350269e-30 -6.415203e-31 -2.536966e-31 -8.354062e-32 -2.291745e-32 -5.225817e-33 -9.815233e-34 -1.480133e-34 -1.663199e-35 -9.955324e-37 9.773633e-38 4.255767e-38 8.171114e-39 1.156874e-39 1.334688e-40 1.301298e-41 1.088623e-42 7.845288e-44 4.841599e-45 2.505294e-46 1.025709e-47 2.684831e-49 -2.543090e-51 -8.931082e-52 -7.114284e-53 -4.035158e-54 -1.866322e-55 -7.357991e-57 -2.518732e-58 -7.541799e-60 -1.977245e-61 -4.518933e-63 -8.906017e-65 -1.480799e-66 -1.980919e-68 -1.861554e-70 -4.366649e-73 2.686762e-74 7.029692e-76 1.107298e-77 1.296069e-79 1.177795e-81 8.307876e-84 4.432210e-86 1.691744e-88 4.130956e-91 4.859949e-94 0.000000e+00 0.000000e+00 0.000000e+00 0.000000e+00 0.000000e+00 0.000000e+00 0.000000e+00 0.000000e+00
0.000000e+00 0.000000e+00 0.000000e+00 0.000000e+00 0.000000e+00 0.000000e+00 0.000000e+00 3.820426e-94 4.048447e-91 1.691744e-88 4.524546e-86 8.661389e-84 1.254602e-81 1.411261e-79 1.233102e-77 8.010243e-76 3.134217e-74 -5.221174e-73 -2.280512e-70 -2.488827e-68 -1.909357e-66 -1.179334e-64 -6.149850e-63 -2.767537e-61 -1.086571e-59 -3.738344e-58 -1.126035e-56 -2.947625e-55 -6.583304e-54 -1.200036e-52 -1.558221e-51 -4.526043e-51 5.071865e-49 2.010752e-47 5.110833e-46 1.029778e-44 1.742933e-43 2.530957e-42 3.172262e-41 3.418388e-40 3.118816e-39 2.321576e-38 1.271876e-37 2.952378e-37 -3.620188e-36 -6.302838e-35 -6.005692e-34 -4.302116e-33 -2.491404e-32 -1.196291e-31 -4.806505e-31 -1.619315e-30 -4.569481e-30 -1.078065e-29 -2.126140e-29 -3.519783e-29 -4.944151e-29 -5.992815e-29 -6.374344e-29 -5.992815e-29 -4.944151e-29 -3.519783e-29 -2.126140e-29 -1.078065e-29 -4.569481e-30 -1.619315e-30 -4.806505e-31 -1.196291e-31 -2.491404e-32 -4.302116e-33 -6.005692e-34 -6.302838e-35 -3.620188e-36 2.952378e-37 1.271876e-37 2.321576e-38 3.118816e-39 3.418388e-40 3.172262e-41 2.530957e-42 1.742933e-43 1.029778e-44 5.110833e-46 2.010752e-47 5.071865e-49 -4.526043e-51 -1.558221e-51 -1.200036e-52 -6.583304e-54 -2.947625e-55 -1.126035e-56 -3.738344e-58 -1.086571e-59 -2.767537e-61 -6.149850e-63 -1.179334e-64 -1.909357e-66 -2.488827e-68 -2.280512e-70 -5.221174e-73 3.134217e-74 8.010243e-76 1.233102e-77 1.411261e-79 1.254602e-81 8.661389e-84 4.524546e-86 1.691744e-88 4.048447e-91 3.820426e-94 0.000000e+00 0.000000e+00 0.000000e+00 0.000000e+00 0.000000e+00 0.000000e+00 0.000000e+00
0.000000e+00 0.000000e+00 0.000000e+00 0.000000e+00 0.000000e+00 0.000000e+00 8.378508e-95 3.119931e-91 1.624163e-88 4.432210e-86 8.661389e-84 1.281294e-81 1.472613e-79 1.315293e-77 8.738204e-76 3.498391e-74 -5.969181e-73 -2.669966e-70 -2.986573e-68 -2.349883e-66 -1.489568e-64 -7.977188e-63 -3.689368e-61 -1.489764e-59 -5.275732e-58 -1.637043e-56 -4.418348e-55 -1.018343e-53 -1.917208e-52 -2.572263e-51 -7.624353e-51 9.035420e-49 3.712739e-47 9.805746e-46 2.056560e-44 3.629265e-43 5.504462e-42 7.218892e-41 8.154274e-40 7.811987e-39 6.113058e-38 3.514689e-37 8.242371e-37 -1.194904e-35 -2.170118e-34 -2.205115e-33 -1.697298e-32 -1.062431e-31 -5.545509e-31 -2.435820e-30 -9.021033e-30 -2.812123e-29 -7.354436e-29 -1.608840e-28 -2.943564e-28 -4.532527e-28 -5.970243e-28 -6.908724e-28 -7.223197e-28 -6.908724e-28 -5.970243e-28 -4.532527e-28 -2.943564e-28 -1.608840e-28 -7.354436e-29 -2.812123e-29 -9.021033e-30 -2.435820e-30 -5.545509e-31 -1.062431e-31 -1.697298e-32 -2.205115e-33 -2.170118e-34 -1.194904e-35 8.242371e-37 3.514689e-37 6.113058e-38 7.811987e-39 8.154274e-40 7.218892e-41 5.504462e-42 3.629265e-43 2.056560e-44 9.805746e-46 3.712739e-47 9.035420e-49 -7.624353e-51 -2.572263e-51 -1.917208e-52 -1.018343e-53 -4.418348e-55 -1.637043e-56 -5.275732e-58 -1.489764e-59 -3.689368e-61 -7.977188e-63 -1.489568e-64 -2.349883e-66 -2.986573e-68 -2.669966e-70 -5.969181e-73 3.498391e-74 8.738204e-76 1.315293e-77 1.472613e-79 1.281294e-81 8.661389e-84 4.432210e-86 1.624163e-88 3.119931e-91 8.378508e-95 0.000000e+00 0.000000e+00 0.000000e+00 0.000000e+00 0.000000e+00 0.000000e+00
0.000000e+00 0.000000e+00 0.000000e+00 0.000000e+00 0.000000e+00 2.970101e-96 6.711985e-92 1.226548e-88 4.166628e-86 8.307876e-84 1.254602e-81 1.472613e-79 1.343881e-77 9.126442e-76 3.736746e-74 -6.525995e-73 -2.987897e-70 -3.423616e-68 -2.761027e-66 -1.795010e-64 -9.865525e-63 -4.685781e-61 -1.944543e-59 -7.082368e-58 -2.261999e-56 -6.289024e-55 -1.494412e-53 -2.902983e-52 -4.020509e-51 -1.216599e-50 1.519419e-48 6.463791e-47 1.771451e-45 3.861364e-44 7.093219e-43 1.121652e-41 1.536207e-40 1.815216e-39 1.822025e-38 1.495425e-37 9.004451e-37 2.132981e-36 -3.600557e-35 -6.822578e-34 -7.366392e-33 -6.064231e-32 -4.080828e-31 -2.301226e-30 -1.097393e-29 -4.433348e-29 -1.513824e-28 -4.348473e-28 -1.044544e-27 -2.086414e-27 -3.456593e-27 -4.776995e-27 -5.633505e-27 -5.948811e-27 -5.992710e-27 -5.948811e-27 -5.633505e-27 -4.776995e-27 -3.456593e-27 -2.086414e-27 -1.044544e-27 -4.348473e-28 -1.513824e-28 -4.433348e-29 -1.097393e-29 -2.301226e-30 -4.080828e-31 -6.064231e-32 -7.366392e-33 -6.822578e-34 -3.600557e-35 2.132981e-36 9.004451e-37 1.495425e-37 1.822025e-38 1.815216e-39 1.536207e-40 1.121652e-41 7.093219e-43 3.861364e-44 1.771451e-45 6.463791e-47 1.519419e-48 -1.216599e-50 -4.020509e-51 -2.902983e-52 -1.494412e-53 -6.289024e-55 -2.261999e-56 -7.082368e-58 -1.944543e-59 -4.685781e-61 -9.865525e-63 -1.795010e-64 -2.761027e-66 -3.423616e-68 -2.987897e-70 -6.525995e-73 3.736746e-74 9.126442e-76 1.343881e-77 1.472613e-79 1.254602e-81 8.307876e-84 4.166628e-86 1.226548e-88 6.711985e-92 2.970101e-96 0.000000e+00 0.000000e+00 0.000000e+00 0.000000e+00 0.000000e+00
0.000000e+00 0.000000e+00 0.000000e+00 0.000000e+00 2.036047e-98 2.333512e-93 2.587456e-89 3.082169e-86 7.644131e-84 1.177795e-81 1.411261e-79 1.315293e-77 9.126442e-76 3.819726e-74 -6.823434e-73 -3.196405e-70 -3.749663e-68 -3.097669e-66 -2.064166e-64 -1.163535e-62 -5.671578e-61 -2.417111e-59 -9.047394e-58 -2.971847e-56 -8.504373e-55 -2.081604e-53 -4.168416e-52 -5.953924e-51 -1.840112e-50 2.413918e-48 1.062032e-46 3.016343e-45 6.823921e-44 1.302873e-42 2.144489e-41 3.061858e-40 3.777502e-39 3.964670e-38 3.405882e-37 2.143725e-36 5.129918e-36 -9.951185e-35 -1.966799e-33 -2.249180e-32 -1.972286e-31 -1.420125e-30 -8.605876e-30 -4.429068e-29 -1.939029e-28 -7.200794e-28 -2.254476e-27 -5.897471e-27 -1.273555e-26 -2.235174e-26 -3.123603e-26 -3.383256e-26 -2.754881e-26 -1.721433e-26 -1.216812e-26 -1.721433e-26 -2.754881e-26 -3.383256e-26 -3.123603e-26 -2.235174e-26 -1.273555e-26 -5.897471e-27 -2.254476e-27 -7.200794e-28 -1.939029e-28 -4.429068e-29 -8.605876e-30 -1.420125e-30 -1.972286e-31 -2.249180e-32 -1.966799e-33 -9.951185e-35 5.129918e-36 2.143725e-36 3.405882e-37 3.964670e-38 3.777502e-39 3.061858e-40 2.144489e-41 1.302873e-42 6.823921e-44 3.016343e-45 1.062032e-46 2.413918e-48 -1.840112e-50 -5.953924e-51 -4.168416e-52 -2.081604e-53 -8.504373e-55 -2.971847e-56 -9.047394e-58 -2.417111e-59 -5.671578e-61 -1.163535e-62 -2.064166e-64 -3.097669e-66 -3.749663e-68 -3.196405e-70 -6.823434e-73 3.819726e-74 9.126442e-76 1.315293e-77 1.411261e-79 1.177795e-81 7.644131e-84 3.082169e-86 2.587456e-89 2.333512e-93 2.036047e-98 0.000000e+00 0.000000e+00 0.000000e+00 0.000000e+00
0.000000e+00 0.000000e+00 0.000000e+00 3.554222e-101 1.568059e-95 8.818865e-91 6.373228e-87 5.536477e-84 1.060176e-81 1.296069e-79 1.233102e-77 8.738204e-76 3.736746e-74 -6.823434e-73 -3.269067e-70 -3.924060e-68 -3.318887e-66 -2.265479e-64 -1.308905e-62 -6.543542e-61 -2.861977e-59 -1.100138e-57 -3.713732e-56 -1.092964e-54 -2.753393e-53 -5.678896e-52 -8.358378e-51 -2.639651e-50 3.625788e-48 1.648145e-46 4.845333e-45 1.136197e-43 2.251524e-42 3.851658e-41 5.723648e-40 7.360025e-39 8.062286e-38 7.235523e-37 4.752396e-36 1.149269e-35 -2.532385e-34 -5.217679e-33 -6.301432e-32 -5.864677e-31 -4.499758e-30 -2.916750e-29 -1.611726e-28 -7.603346e-28 -3.052023e-27 -1.034720e-26 -2.927421e-26 -6.781321e-26 -1.244515e-25 -1.685907e-25 -1.326159e-25 5.053134e-26 3.682767e-25 6.861823e-25 8.209189e-25 6.861823e-25 3.682767e-25 5.053134e-26 -1.326159e-25 -1.685907e-25 -1.244515e-25 -6.781321e-26 -2.927421e-26 -1.034720e-26 -3.052023e-27 -7.603346e-28 -1.611726e-28 -2.916750e-29 -4.499758e-30 -5.864677e-31 -6.301432e-32 -5.217679e-33 -2.532385e-34 1.149269e-35 4.752396e-36 7.235523e-37 8.062286e-38 7.360025e-39 5.723648e-40 3.851658e-41 2.251524e-42 1.136197e-43 4.845333e-45 1.648145e-46 3.625788e-48 -2.639651e-50 -8.358378e-51 -5.678896e-52 -2.753393e-53 -1.092964e-54 -3.713732e-56 -1.100138e-57 -2.861977e-59 -6.543542e-61 -1.308905e-62 -2.265479e-64 -3.318887e-66 -3.924060e-68 -3.269067e-70 -6.823434e-73 3.736746e-74 8.738204e-76 1.233102e-77 1.296069e-79 1.060176e-81 5.536477e-84 6.373228e-87 8.818865e-91 1.568059e-95 3.554222e-101 0.000000e+00 0.000000e+00 0.000000e+00
0.000000e+00 0.000000e+00 1.968405e-104 2.681707e-98 5.806538e-93 2.128670e-88 1.121738e-84 7.515144e-82 1.140762e-79 1.107298e-77 8.010243e-76 3.498391e-74 -6.525995e-73 -3.196405e-70 -3.924060e-68 -3.396056e-66 -2.373323e-64 -1.404632e-62 -7.197468e-61 -3.228584e-59 -1.273653e-57 -4.415344e-56 -1.335405e-54 -3.459712e-53 -7.343520e-52 -1.112861e-50 -3.593119e-50 5.152189e-48 2.417482e-46 7.348453e-45 1.783924e-43 3.664270e-42 6.505787e-41 1.004702e-39 1.344421e-38 1.534463e-37 1.436162e-36 9.828124e-36 2.403269e-35 -5.953089e-34 -1.277729e-32 -1.625399e-31 -1.600404e-30 -1.303694e-29 -9.002333e-29 -5.316976e-28 -2.689552e-27 -1.160769e-26 -4.237610e-26 -1.289174e-25 -3.183176e-25 -6.041549e-25 -7.517707e-25 -9.419793e-26 2.379107e-24 7.312592e-24 1.395677e-23 1.989904e-23 2.230322e-23 1.989904e-23 1.395677e-23 7.312592e-24 2.379107e-24 -9.419793e-26 -7.517707e-25 -6.041549e-25 -3.183176e-25 -1.289174e-25 -4.237610e-26 -1.160769e-26 -2.689552e-27 -5.316976e-28 -9.002333e-29 -1.303694e-29 -1.600404e-30 -1.625399e-31 -1.277729e-32 -5.953089e-34 2.403269e-35 9.828124e-36 1.436162e-36 1.534463e-37 1.344421e-38 1.004702e-39 6.505787e-41 3.664270e-42 1.783924e-43 7.348453e-45 2.417482e-46 5.152189e-48 -3.593119e-50 -1.112861e-50 -7.343520e-52 -3.459712e-53 -1.335405e-54 -4.415344e-56 -1.273653e-57 -3.228584e-59 -7.197468e-61 -1.404632e-62 -2.373323e-64 -3.396056e-66 -3.924060e-68 -3.196405e-70 -6.525995e-73 3.498391e-74 8.010243e-76 1.107298e-77 1.140762e-79 7.515144e-82 1.121738e-84 2.128670e-88 5.806538e-93 2.681707e-98 1.968405e-104 0.000000e+00 0.000000e+00
0.000000e+00 4.076015e-108 1.454180e-101 9.724420e-96 1.372723e-90 3.670173e-86 1.491457e-82 7.911236e-80 9.525155e-78 7.029693e-76 3.134217e-74 -5.969181e-73 -2.987897e-70 -3.749663e-68 -3.318887e-66 -2.373323e-64 -1.438060e-62 -7.548341e-61 -3.470526e-59 -1.404145e-57 -4.995518e-56 -1.551578e-54 -4.130873e-53 -9.016562e-52 -1.405819e-50 -4.643044e-50 6.929850e-48 3.353516e-46 1.052902e-44 2.643192e-43 5.620833e-42 1.034402e-40 1.657814e-39 2.305066e-38 2.736968e-37 2.667224e-36 1.899022e-35 4.699264e-35 -1.296292e-33 -2.895992e-32 -3.871210e-31 -4.020980e-30 -3.466297e-29 -2.540655e-28 -1.597529e-27 -8.627608e-27 -3.985015e-26 -1.558987e-25 -5.074839e-25 -1.328734e-24 -2.583675e-24 -2.730454e-24 3.530240e-24 2.675696e-23 7.949037e-23 1.659971e-22 2.709769e-22 3.595833e-22 3.944970e-22 3.595833e-22 2.709769e-22 1.659971e-22 7.949037e-23 2.675696e-23 3.530240e-24 -2.730454e-24 -2.583675e-24 -1.328734e-24 -5.074839e-25 -1.558987e-25 -3.985015e-26 -8.627608e-27 -1.597529e-27 -2.540655e-28 -3.466297e-29 -4.020980e-30 -3.871210e-31 -2.895992e-32 -1.296292e-33 4.699264e-35 1.899022e-35 2.667224e-36 2.736968e-37 2.305066e-38 1.657814e-39 1.034402e-40 5.620833e-42 2.643192e-43 1.052902e-44 3.353516e-46 6.929850e-48 -4.643044e-50 -1.405819e-50 -9.016562e-52 -4.130873e-53 -1.551578e-54 -4.995518e-56 -1.404145e-57 -3.470526e-59 -7.548341e-61 -1.438060e-62 -2.373323e-64 -3.318887e-66 -3.749663e-68 -2.987897e-70 -5.969181e-73 3.134217e-74 7.029693e-76 9.525155e-78 7.911236e-80 1.491457e-82 3.670173e-86 1.372723e-90 9.724420e-96 1.454180e-101 4.076015e-108 0.000000e+00
0.000000e+00 2.946538e-105 5.160614e-99 2.250258e-93 2.317163e-88 4.778739e-84 1.537607e-80 6.460977e-78 5.906973e-76 2.686763e-74 -5.221174e-73 -2.669966e-70 -3.423616e-68 -3.097669e-66 -2.265479e-64 -1.404632e-62 -7.548341e-61 -3.555105e-59 -1.474279e-57 -5.379280e-56 -1.714623e-54 -4.687844e-53 -1.051458e-51 -1.685486e-50 -5.697579e-50 8.826573e-48 4.401740e-46 1.426089e-44 3.698191e-43 8.132616e-42 1.549422e-40 2.573743e-39 3.713364e-38 4.580303e-37 4.640748e-36 3.433145e-35 8.605741e-35 -2.620737e-33 -6.089049e-32 -8.534709e-31 -9.327491e-30 -8.484404e-29 -6.579673e-28 -4.389062e-27 -2.521065e-26 -1.241171e-25 -5.181382e-25 -1.797118e-24 -4.968285e-24 -9.817811e-24 -7.677347e-24 3.607934e-23 2.056601e-22 6.379709e-22 1.464400e-21 2.688125e-21 4.079268e-21 5.207739e-21 5.644058e-21 5.207739e-21 4.079268e-21 2.688125e-21 1.464400e-21 6.379709e-22 2.056601e-22 3.607934e-23 -7.677347e-24 -9.817811e-24 -4.968285e-24 -1.797118e-24 -5.181382e-25 -1.241171e-25 -2.521065e-26 -4.389062e-27 -6.579673e-28 -8.484404e-29 -9.327491e-30 -8.534709e-31 -6.089049e-32 -2.620737e-33 8.605741e-35 3.433145e-35 4.640748e-36 4.580303e-37 3.713364e-38 2.573743e-39 1.549422e-40 8.132616e-42 3.698191e-43 1.426089e-44 4.401740e-46 8.826573e-48 -5.697579e-50 -1.685486e-50 -1.051458e-51 -4.687844e-53 -1.714623e-54 -5.379280e-56 -1.474279e-57 -3.555105e-59 -7.548341e-61 -1.404632e-62 -2.265479e-64 -3.097669e-66 -3.423616e-68 -2.669966e-70 -5.221174e-73 2.686763e-74 5.906973e-76 6.460977e-78 1.537607e-80 4.778739e-84 2.317163e-88 2.250258e-93 5.160614e-99 2.946538e-105 0.000000e+00
0.000000e+00 1.022702e-102 1.168136e-96 3.716390e-91 2.952749e-86 4.823625e-82 1.229913e-78 3.919567e-76 2.204454e-74 -4.366648e-73 -2.280512e-70 -2.986573e-68 -2.761027e-66 -2.064166e-64 -1.308905e-62 -7.197468e-61 -3.470526e-59 -1.474279e-57 -5.513589e-56 -1.802407e-54 -5.057128e-53 -1.164780e-51 -1.918373e-50 -6.641302e-50 1.065008e-47 5.469072e-46 1.826739e-44 4.888688e-43 1.110561e-41 2.187977e-40 3.762407e-39 5.625628e-38 7.198777e-37 7.572977e-36 5.814078e-35 1.478013e-34 -4.929091e-33 -1.190025e-31 -1.745539e-30 -2.002531e-29 -1.916990e-28 -1.568388e-27 -1.106422e-26 -6.736473e-26 -3.522296e-25 -1.563245e-24 -5.755938e-24 -1.674281e-23 -3.339232e-23 -1.367002e-23 2.326392e-22 1.246817e-21 4.116456e-21 1.034843e-20 2.109357e-20 3.590252e-20 5.192308e-20 6.451596e-20 6.931083e-20 6.451596e-20 5.192308e-20 3.590252e-20 2.109357e-20 1.034843e-20 4.116456e-21 1.246817e-21 2.326392e-22 -1.367002e-23 -3.339232e-23 -1.674281e-23 -5.755938e-24 -1.563245e-24 -3.522296e-25 -6.736473e-26 -1.106422e-26 -1.568388e-27 -1.916990e-28 -2.002531e-29 -1.745539e-30 -1.190025e-31 -4.929091e-33 1.478013e-34 5.814078e-35 7.572977e-36 7.198777e-37 5.625628e-38 3.762407e-39 2.187977e-40 1.110561e-41 4.888688e-43 1.826739e-44 5.469072e-46 1.065008e-47 -6.641302e-50 -1.918373e-50 -1.164780e-51 -5.057128e-53 -1.802407e-54 -5.513589e-56 -1.474279e-57 -3.470526e-59 -7.197468e-61 -1.308905e-62 -2.064166e-64 -2.761027e-66 -2.986573e-68 -2.280512e-70 -4.366648e-73 2.204454e-74 3.919567e-76 1.229913e-78 4.823625e-82 2.952749e-86 3.716390e-91 1.168136e-96 1.022702e-102 0.000000e+00
0.000000e+00 2.262944e-100 1.886269e-94 4.631676e-89 2.916302e-84 3.778316e-80 7.316281e-77 1.434876e-74 -3.487840e-73 -1.861554e-70 -2.488827e-68 -2.349883e-66 -1.795010e-64 -1.163535e-62 -6.543542e-61 -3.228584e-59 -1.404145e-57 -5.379280e-56 -1.802407e-54 -5.186523e-53 -1.225902e-51 -2.073138e-50 -7.354950e-50 1.217658e-47 6.434414e-46 2.213821e-44 6.108426e-43 1.432051e-41 2.914482e-40 5.182342e-39 8.020849e-38 1.063485e-36 1.160132e-35 9.233147e-35 2.383546e-34 -8.639116e-33 -2.165508e-31 -3.318069e-30 -3.987350e-29 -4.007555e-28 -3.450133e-27 -2.566725e-26 -1.651488e-25 -9.141635e-25 -4.299155e-24 -1.675091e-23 -5.111669e-23 -1.022931e-22 7.322895e-24 1.172545e-21 6.294760e-21 2.222932e-20 6.088306e-20 1.364548e-19 2.570054e-19 4.137483e-19 5.763479e-19 7.007179e-19 7.474400e-19 7.007179e-19 5.763479e-19 4.137483e-19 2.570054e-19 1.364548e-19 6.088306e-20 2.222932e-20 6.294760e-21 1.172545e-21 7.322895e-24 -1.022931e-22 -5.111669e-23 -1.675091e-23 -4.299155e-24 -9.141635e-25 -1.651488e-25 -2.566725e-26 -3.450133e-27 -4.007555e-28 -3.987350e-29 -3.318069e-30 -2.165508e-31 -8.639116e-33 2.383546e-34 9.233147e-35 1.160132e-35 1.063485e-36 8.020849e-38 5.182342e-39 2.914482e-40 1.432051e-41 6.108426e-43 2.213821e-44 6.434414e-46 1.217658e-47 -7.354950e-50 -2.073138e-50 -1.225902e-51 -5.186523e-53 -1.802407e-54 -5.379280e-56 -1.404145e-57 -3.228584e-59 -6.543542e-61 -1.163535e-62 -1.795010e-64 -2.349883e-66 -2.488827e-68 -1.861554e-70 -3.487840e-73 1.434876e-74 7.316281e-77 3.778316e-80 2.916302e-84 4.631676e-89 1.886269e-94 2.262944e-100 0.000000e+00
0.000000e+00 3.570254e-98 2.297507e-92 4.472745e-87 2.235379e-82 2.203841e-78 2.645529e-75 -2.110024e-73 -1.452014e-70 -1.980919e-68 -1.909357e-66 -1.489568e-64 -9.865525e-63 -5.671578e-61 -2.861977e-59 -1.273653e-57 -4.995518e-56 -1.714623e-54 -5.057128e-53 -1.225902e-51 -2.127428e-50 -7.739776e-50 1.319457e-47 7.169931e-46 2.539051e-44 7.216913e-43 1.744441e-41 3.663811e-40 6.729533e-39 1.076934e-37 1.477827e-36 1.669786e-35 1.376219e-34 3.613081e-34 -1.413046e-32 -3.674512e-31 -5.871645e-30 -7.376763e-29 -7.767484e-28 -7.020031e-27 -5.493577e-26 -3.725242e-25 -2.176774e-24 -1.081578e-23 -4.446889e-23 -1.420158e-22 -2.837679e-22 1.904521e-22 4.938475e-21 2.723189e-20 1.028844e-19 3.053816e-19 7.465824e-19 1.540102e-18 2.724705e-18 4.187356e-18 5.647830e-18 6.737109e-18 7.141218e-18 6.737109e-18 5.647830e-18 4.187356e-18 2.724705e-18 1.540102e-18 7.465824e-19 3.053816e-19 1.028844e-19 2.723189e-20 4.938475e-21 1.904521e-22 -2.837679e-22 -1.420158e-22 -4.446889e-23 -1.081578e-23 -2.176774e-24 -3.725242e-25 -5.493577e-26 -7.020031e-27 -7.767484e-28 -7.376763e-29 -5.871645e-30 -3.674512e-31 -1.413046e-32 3.613081e-34 1.376219e-34 1.669786e-35 1.477827e-36 1.076934e-37 6.729533e-39 3.663811e-40 1.744441e-41 7.216913e-43 2.539051e-44 7.169931e-46 1.319457e-47 -7.739776e-50 -2.127428e-50 -1.225902e-51 -5.057128e-53 -1.714623e-54 -4.995518e-56 -1.273653e-57 -2.861977e-59 -5.671578e-61 -9.865525e-63 -1.489568e-64 -1.909357e-66 -1.980919e-68 -1.452014e-70 -2.110024e-73 2.645529e-75 2.203841e-78 2.235379e-82 4.472745e-87 2.297507e-92 3.570254e-98 0.000000e+00
0.000000e+00 4.246833e-96 2.167660e-90 3.352298e-85 1.277484e-80 7.876521e-77 -3.350646e-74 -8.862379e-71 -1.505764e-68 -1.480799e-66 -1.179334e-64 -7.977188e-63 -4.685781e-61 -2.417111e-59 -1.100138e-57 -4.415344e-56 -1.551578e-54 -4.687844e-53 -1.164780e-51 -2.073138e-50 -7.739776e-50 1.355230e-47 7.568342e-46 2.756469e-44 8.064383e-43 2.008041e-41 4.348314e-40 8.242042e-39 1.362390e-37 1.932828e-36 2.259544e-35 1.926736e-34 5.152624e-34 -2.159515e-32 -5.821314e-31 -9.686272e-30 -1.269987e-28 -1.398238e-27 -1.323777e-26 -1.087188e-25 -7.750701e-25 -4.768600e-24 -2.496788e-23 -1.080542e-22 -3.604136e-22 -7.162405e-22 1.001698e-21 1.793818e-20 1.027648e-19 4.147221e-19 1.327506e-18 3.516590e-18 7.880781e-18 1.517019e-17 2.540591e-17 3.744000e-17 4.902165e-17 5.744947e-17 6.053771e-17 5.744947e-17 4.902165e-17 3.744000e-17 2.540591e-17 1.517019e-17 7.880781e-18 3.516590e-18 1.327506e-18 4.147221e-19 1.027648e-19 1.793818e-20 1.001698e-21 -7.162405e-22 -3.604136e-22 -1.080542e-22 -2.496788e-23 -4.768600e-24 -7.750701e-25 -1.087188e-25 -1.323777e-26 -1.398238e-27 -1.269987e-28 -9.686272e-30 -5.821314e-31 -2.159515e-32 5.152624e-34 1.926736e-34 2.259544e-35 1.932828e-36 1.362390e-37 8.242042e-39 4.348314e-40 2.008041e-41 8.064383e-43 2.756469e-44 7.568342e-46 1.355230e-47 -7.739776e-50 -2.073138e-50 -1.164780e-51 -4.687844e-53 -1.551578e-54 -4.415344e-56 -1.100138e-57 -2.417111e-59 -4.685781e-61 -7.977188e-63 -1.179334e-64 -1.480799e-66 -1.505764e-68 -8.862379e-71 -3.350646e-74 7.876521e-77 1.277484e-80 3.352298e-85 2.167660e-90 4.246833e-96 0.000000e+00
0.000000e+00 3.911587e-94 1.587263e-88 1.875295e-83 4.507097e-79 -8.325937e-76 -1.502050e-71 -8.980569e-69 -1.096099e-66 -8.906017e-65 -6.149850e-63 -3.689368e-61 -1.944543e-59 -9.047394e-58 -3.713732e-56 -1.335405e-54 -4.130873e-53 -1.051458e-51 -1.918373e-50 -7.354950e-50 1.319457e-47 7.568342e-46 2.832964e-44 8.524374e-43 2.184760e-41 4.873557e-40 9.524088e-39 1.624553e-37 2.380385e-36 2.876253e-35 2.535281e-34 6.918341e-34 -3.086813e-32 -8.619557e-31 -1.491384e-29 -2.037332e-28 -2.341163e-27 -2.317370e-26 -1.993198e-25 -1.490588e-24 -9.633580e-24 -5.302747e-23 -2.410247e-22 -8.382486e-22 -1.651818e-21 3.734764e-21 5.723403e-20 3.424845e-19 1.473039e-18 5.062279e-18 1.444902e-17 3.494412e-17 7.261043e-17 1.312261e-16 2.087204e-16 2.954482e-16 3.758230e-16 4.328313e-16 4.534520e-16 4.328313e-16 3.758230e-16 2.954482e-16 2.087204e-16 1.312261e-16 7.261043e-17 3.494412e-17 1.444902e-17 5.062279e-18 1.473039e-18 3.424845e-19 5.723403e-20 3.734764e-21 -1.651818e-21 -8.382486e-22 -2.410247e-22 -5.302747e-23 -9.633580e-24 -1.490588e-24 -1.993198e-25 -2.317370e-26 -2.341163e-27 -2.037332e-28 -1.491384e-29 -8.619557e-31 -3.086813e-32 6.918341e-34 2.535281e-34 2.876253e-35 2.380385e-36 1.624553e-37 9.524088e-39 4.873557e-40 2.184760e-41 8.524374e-43 2.832964e-44 7.568342e-46 1.319457e-47 -7.354950e-50 -1.918373e-50 -1.051458e-51 -4.130873e-53 -1.335405e-54 -3.713732e-56 -9.047394e-58 -1.944543e-59 -3.689368e-61 -6.149850e-63 -8.906017e-65 -1.096099e-66 -8.980569e-69 -1.502050e-71 -8.325937e-76 4.507097e-79 1.875295e-83 1.587263e-88 3.911587e-94 0.000000e+00
0.000000e+00 2.795922e-92 8.683222e-87 6.521474e-82 -3.902802e-78 -4.088916e-73 -1.493983e-69 -6.372462e-67 -6.414728e-65 -4.518933e-63 -2.767537e-61 -1.489764e-59 -7.082368e-58 -2.971847e-56 -1.092964e-54 -3.459712e-53 -9.016562e-52 -1.685486e-50 -6.641302e-50 1.217658e-47 7.169931e-46 2.756469e-44 8.524374e-43 2.247024e-41 5.159275e-40 1.038616e-38 1.826488e-37 2.761500e-36 3.445633e-35 3.137025e-34 8.751160e-34 -4.130287e-32 -1.193920e-30 -2.145308e-29 -3.048890e-28 -3.650772e-27 -3.771423e-26 -3.390758e-25 -2.654584e-24 -1.798416e-23 -1.038488e-22 -4.947733e-22 -1.791715e-21 -3.493959e-21 1.139876e-20 1.623523e-19 1.017251e-18 4.651481e-18 1.709403e-17 5.231866e-17 1.357958e-16 3.026324e-16 5.855724e-16 9.951622e-16 1.503405e-15 2.042671e-15 2.521917e-15 2.852093e-15 2.969752e-15 2.852093e-15 2.521917e-15 2.042671e-15 1.503405e-15 9.951622e-16 5.855724e-16 3.026324e-16 1.357958e-16 5.231866e-17 1.709403e-17 4.651481e-18 1.017251e-18 1.623523e-19 1.139876e-20 -3.493959e-21 -1.791715e-21 -4.947733e-22 -1.038488e-22 -1.798416e-23 -2.654584e-24 -3.390758e-25 -3.771423e-26 -3.650772e-27 -3.048890e-28 -2.145308e-29 -1.193920e-30 -4.130287e-32 8.751160e-34 3.137025e-34 3.445633e-35 2.761500e-36 1.826488e-37 1.038616e-38 5.159275e-40 2.247024e-41 8.524374e-43 2.756469e-44 7.169931e-46 1.217658e-47 -6.641302e-50 -1.685486e-50 -9.016562e-52 -3.459712e-53 -1.092964e-54 -2.971847e-56 -7.082368e-58 -1.489764e-59 -2.767537e-61 -4.518933e-63 -6.414728e-65 -6.372462e-67 -1.493983e-69 -4.088916e-73 -3.902802e-78 6.521474e-82 8.683222e-87 2.795922e-92 0.000000e+00
0.000000e+00 1.494281e-90 2.971901e-85 -4.528955e-81 -2.137401e-75 -3.994156e-71 -1.035340e-67 -3.630921e-65 -3.164744e-63 -1.977245e-61 -1.086571e-59 -5.275732e-58 -2.261999e-56 -8.504373e-55 -2.753393e-53 -7.343520e-52 -1.405819e-50 -5.697579e-50 1.065008e-47 6.434414e-46 2.539051e-44 8.064383e-43 2.184760e-41 5.159275e-40 1.069035e-38 1.936585e-37 3.018555e-36 3.885855e-35 3.651448e-34 1.043352e-33 -5.176719e-32 -1.548116e-30 -2.885441e-29 -4.260350e-28 -5.307671e-27 -5.713098e-26 -5.359720e-25 -4.384623e-24 -3.107821e-23 -1.879011e-22 -9.367236e-22 -3.528047e-21 -6.801743e-21 2.993953e-20 4.129637e-19 2.711798e-18 1.315053e-17 5.149586e-17 1.683082e-16 4.666803e-16 1.109572e-15 2.283827e-15 4.112368e-15 6.556054e-15 9.374425e-15 1.217809e-14 1.454070e-14 1.610705e-14 1.665398e-14 1.610705e-14 1.454070e-14 1.217809e-14 9.374425e-15 6.556054e-15 4.112368e-15 2.283827e-15 1.109572e-15 4.666803e-16 1.683082e-16 5.149586e-17 1.315053e-17 2.711798e-18 4.129637e-19 2.993953e-20 -6.801743e-21 -3.528047e-21 -9.367236e-22 -1.879011e-22 -3.107821e-23 -4.384623e-24 -5.359720e-25 -5.713098e-26 -5.307671e-27 -4.260350e-28 -2.885441e-29 -1.548116e-30 -5.176719e-32 1.043352e-33 3.651448e-34 3.885855e-35 3.018555e-36 1.936585e-37 1.069035e-38 5.159275e-40 2.184760e-41 8.064383e-43 2.539051e-44 6.434414e-46 1.065008e-47 -5.697579e-50 -1.405819e-50 -7.343520e-52 -2.753393e-53 -8.504373e-55 -2.261999e-56 -5.275732e-58 -1.086571e-59 -1.977245e-61 -3.164744e-63 -3.630921e-65 -1.035340e-67 -3.994156e-71 -2.137401e-75 -4.528955e-81 2.971901e-85 1.494281e-90 0.000000e+00
