0.000000e+00 1.828483e-131 2.139828e-125 7.040157e-120 5.865868e-115 1.027996e-110 2.930739e-107 1.143164e-104 1.046752e-102 5.960100e-101 1.926720e-99 -6.932215e-98 -1.799644e-95 -1.843350e-93 -1.396766e-91 -8.754878e-90 -4.733221e-88 -2.252749e-86 -9.545559e-85 -3.623741e-83 -1.236187e-81 -3.790349e-80 -1.041651e-78 -2.547654e-77 -5.465047e-76 -9.966409e-75 -1.425931e-73 -1.135297e-72 1.580142e-71 9.895375e-70 2.845238e-68 6.229204e-67 1.143957e-65 1.823935e-64 2.561698e-63 3.186327e-62 3.508288e-61 3.399211e-60 2.859435e-59 2.029909e-58 1.134997e-57 3.865843e-57 -9.562105e-57 -3.071177e-55 -3.245689e-54 -2.475522e-53 -1.530791e-52 -7.975566e-52 -3.556684e-51 -1.366534e-50 -4.533607e-50 -1.298798e-49 -3.210665e-49 -6.845432e-49 -1.259742e-48 -2.006340e-48 -2.778729e-48 -3.366657e-48 -3.586643e-48 -3.366657e-48 -2.778729e-48 -2.006340e-48 -1.259742e-48 -6.845432e-49 -3.210665e-49 -1.298798e-49 -4.533607e-50 -1.366534e-50 -3.556684e-51 -7.975566e-52 -1.530791e-52 -2.475522e-53 -3.245689e-54 -3.071177e-55 -9.562105e-57 3.865843e-57 1.134997e-57 2.029909e-58 2.859435e-59 3.399211e-60 3.508288e-61 3.186327e-62 2.561698e-63 1.823935e-64 1.143957e-65 6.229204e-67 2.845238e-68 9.895375e-70 1.580142e-71 -1.135297e-72 -1.425931e-73 -9.966409e-75 -5.465047e-76 -2.547654e-77 -1.041651e-78 -3.790349e-80 -1.236187e-81 -3.623741e-83 -9.545559e-85 -2.252749e-86 -4.733221e-88 -8.754878e-90 -1.396766e-91 -1.843350e-93 -1.799644e-95 -6.932215e-98 1.926720e-99 5.960100e-101 1.046752e-102 1.143164e-104 2.930739e-107 1.027996e-110 5.865868e-115 7.040157e-120 2.139828e-125 1.828483e-131 0.000000e+00
0.000000e+00 3.323734e-125 2.859121e-119 7.345454e-114 4.948434e-109 7.143950e-105 1.684970e-101 5.350798e-99 3.743073e-97 1.209735e-95 -4.845689e-94 -1.227996e-91 -1.274649e-89 -9.829006e-88 -6.279680e-86 -3.463870e-84 -1.683250e-82 -7.286750e-81 -2.827642e-79 -9.865072e-78 -3.094775e-76 -8.704443e-75 -2.179050e-73 -4.782517e-72 -8.908545e-71 -1.293670e-69 -1.000121e-68 1.761618e-67 1.048739e-65 3.065859e-64 6.888807e-63 1.303224e-61 2.145315e-60 3.116072e-59 4.013821e-58 4.581624e-57 4.605159e-56 4.017845e-55 2.950889e-54 1.689353e-53 5.521137e-53 -2.369449e-52 -6.160888e-51 -6.658082e-50 -5.321191e-49 -3.482217e-48 -1.932561e-47 -9.230199e-47 -3.817394e-46 -1.369831e-45 -4.264180e-45 -1.150216e-44 -2.685384e-44 -5.425525e-44 -9.503038e-44 -1.449612e-43 -1.940179e-43 -2.299006e-43 -2.430340e-43 -2.299006e-43 -1.940179e-43 -1.449612e-43 -9.503038e-44 -5.425525e-44 -2.685384e-44 -1.150216e-44 -4.264180e-45 -1.369831e-45 -3.817394e-46 -9.230199e-47 -1.932561e-47 -3.482217e-48 -5.321191e-49 -6.658082e-50 -6.160888e-51 -2.369449e-52 5.521137e-53 1.689353e-53 2.950889e-54 4.017845e-55 4.605159e-56 4.581624e-57 4.013821e-58 3.116072e-59 2.145315e-60 1.303224e-61 6.888807e-63 3.065859e-64 1.048739e-65 1.761618e-67 -1.000121e-68 -1.293670e-69 -8.908545e-71 -4.782517e-72 -2.179050e-73 -8.704443e-75 -3.094775e-76 -9.865072e-78 -2.827642e-79 -7.286750e-81 -1.683250e-82 -3.463870e-84 -6.279680e-86 -9.829006e-88 -1.274649e-89 -1.227996e-91 -4.845689e-94 1.209735e-95 3.743073e-97 5.350798e-99 1.684970e-101 7.143950e-105 4.948434e-109 7.345454e-114 2.859121e-119 3.323734e-125 0.000000e+00
0.000000e+00 1.815867e-119 1.219761e-113 2.533762e-108 1.406168e-103 1.679482e-99 3.223308e-96 7.788189e-94 3.037950e-92 -1.354280e-90 -3.353933e-88 -3.525839e-86 -2.765195e-84 -1.799673e-82 -1.012203e-80 -5.018898e-79 -2.218207e-77 -8.792763e-76 -3.134962e-74 -1.005443e-72 -2.891863e-71 -7.403196e-70 -1.660740e-68 -3.155827e-67 -4.642026e-66 -3.446876e-65 7.696350e-64 4.390169e-62 1.303825e-60 3.003009e-59 5.844353e-58 9.918378e-57 1.487531e-55 1.980886e-54 2.339730e-53 2.434645e-52 2.197900e-51 1.665204e-50 9.714748e-50 2.972147e-49 -2.063462e-48 -4.715410e-47 -5.215112e-46 -4.355033e-45 -3.004148e-44 -1.767669e-43 -8.994121e-43 -3.980060e-42 -1.534433e-41 -5.151438e-41 -1.503558e-40 -3.807707e-40 -8.354553e-40 -1.588341e-39 -2.624228e-39 -3.794429e-39 -4.857267e-39 -5.584594e-39 -5.840458e-39 -5.584594e-39 -4.857267e-39 -3.794429e-39 -2.624228e-39 -1.588341e-39 -8.354553e-40 -3.807707e-40 -1.503558e-40 -5.151438e-41 -1.534433e-41 -3.980060e-42 -8.994121e-43 -1.767669e-43 -3.004148e-44 -4.355033e-45 -5.215112e-46 -4.715410e-47 -2.063462e-48 2.972147e-49 9.714748e-50 1.665204e-50 2.197900e-51 2.434645e-52 2.339730e-53 1.980886e-54 1.487531e-55 9.918378e-57 5.844353e-58 3.003009e-59 1.303825e-60 4.390169e-62 7.696350e-64 -3.446876e-65 -4.642026e-66 -3.155827e-67 -1.660740e-68 -7.403196e-70 -2.891863e-71 -1.005443e-72 -3.134962e-74 -8.792763e-76 -2.218207e-77 -5.018898e-79 -1.012203e-80 -1.799673e-82 -2.765195e-84 -3.525839e-86 -3.353933e-88 -1.354280e-90 3.037950e-92 7.788189e-94 3.223308e-96 1.679482e-99 1.406168e-103 2.533762e-108 1.219761e-113 1.815867e-119 0.000000e+00
0.000000e+00 2.745301e-114 1.491025e-108 2.551540e-103 1.171527e-98 1.138589e-94 1.661315e-91 2.206620e-89 -1.311926e-87 -3.179531e-85 -3.383272e-83 -2.697079e-81 -1.787099e-79 -1.024268e-77 -5.178936e-76 -2.335415e-74 -9.449932e-73 -3.440804e-71 -1.127344e-69 -3.313111e-68 -8.665869e-67 -1.984974e-65 -3.843128e-64 -5.713892e-63 -4.019102e-62 1.145112e-60 6.298540e-59 1.898913e-57 4.478014e-56 8.953854e-55 1.564382e-53 2.418953e-52 3.324774e-51 4.056462e-50 4.361262e-49 4.064710e-48 3.167700e-47 1.873714e-46 5.177593e-46 -5.712922e-45 -1.199246e-43 -1.357574e-42 -1.181443e-41 -8.560102e-41 -5.318021e-40 -2.869040e-39 -1.351276e-38 -5.564127e-38 -2.001390e-37 -6.274489e-37 -1.709353e-36 -4.033868e-36 -8.225634e-36 -1.448516e-35 -2.209953e-35 -2.949431e-35 -3.508129e-35 -3.820826e-35 -3.915528e-35 -3.820826e-35 -3.508129e-35 -2.949431e-35 -2.209953e-35 -1.448516e-35 -8.225634e-36 -4.033868e-36 -1.709353e-36 -6.274489e-37 -2.001390e-37 -5.564127e-38 -1.351276e-38 -2.869040e-39 -5.318021e-40 -8.560102e-41 -1.181443e-41 -1.357574e-42 -1.199246e-43 -5.712922e-45 5.177593e-46 1.873714e-46 3.167700e-47 4.064710e-48 4.361262e-49 4.056462e-50 3.324774e-51 2.418953e-52 1.564382e-53 8.953854e-55 4.478014e-56 1.898913e-57 6.298540e-59 1.145112e-60 -4.019102e-62 -5.713892e-63 -3.843128e-64 -1.984974e-65 -8.665869e-67 -3.313111e-68 -1.127344e-69 -3.440804e-71 -9.449932e-73 -2.335415e-74 -5.178936e-76 -1.024268e-77 -1.787099e-79 -2.697079e-81 -3.383272e-83 -3.179531e-85 -1.311926e-87 2.206620e-89 1.661315e-91 1.138589e-94 1.171527e-98 2.551540e-103 1.491025e-108 2.745301e-114 0.000000e+00
0.000000e+00 9.826002e-110 4.396354e-104 6.224260e-99 2.325540e-94 1.718334e-90 1.374717e-87 -2.946406e-85 -8.650245e-83 -9.310677e-81 -7.540314e-79 -5.083788e-77 -2.967517e-75 -1.529143e-73 -7.031258e-72 -2.902405e-70 -1.078494e-68 -3.607215e-67 -1.082366e-65 -2.890116e-64 -6.752970e-63 -1.330459e-61 -1.994911e-60 -1.305318e-59 4.804869e-58 2.561769e-56 7.834816e-55 1.889640e-53 3.877217e-52 6.964845e-51 1.108773e-49 1.570565e-48 1.976043e-47 2.191033e-46 2.103631e-45 1.681514e-44 1.002868e-43 2.364887e-43 -4.245218e-42 -8.408414e-41 -9.740817e-40 -8.812602e-39 -6.685087e-38 -4.368616e-37 -2.488440e-36 -1.241557e-35 -5.431744e-35 -2.081117e-34 -6.962508e-34 -2.025401e-33 -5.096054e-33 -1.102187e-32 -2.035311e-32 -3.187151e-32 -4.210110e-32 -4.696127e-32 -4.514810e-32 -4.007212e-32 -3.744328e-32 -4.007212e-32 -4.514810e-32 -4.696127e-32 -4.210110e-32 -3.187151e-32 -2.035311e-32 -1.102187e-32 -5.096054e-33 -2.025401e-33 -6.962508e-34 -2.081117e-34 -5.431744e-35 -1.241557e-35 -2.488440e-36 -4.368616e-37 -6.685087e-38 -8.812602e-39 -9.740817e-40 -8.408414e-41 -4.245218e-42 2.364887e-43 1.002868e-43 1.681514e-44 2.103631e-45 2.191033e-46 1.976043e-47 1.570565e-48 1.108773e-49 6.964845e-51 3.877217e-52 1.889640e-53 7.834816e-55 2.561769e-56 4.804869e-58 -1.305318e-59 -1.994911e-60 -1.330459e-61 -6.752970e-63 -2.890116e-64 -1.082366e-65 -3.607215e-67 -1.078494e-68 -2.902405e-70 -7.031258e-72 -1.529143e-73 -2.967517e-75 -5.083788e-77 -7.540314e-79 -9.310677e-81 -8.650245e-83 -2.946406e-85 1.374717e-87 1.718334e-90 2.325540e-94 6.224260e-99 4.396354e-104 9.826002e-110 0.000000e+00
0.000000e+00 6.596852e-106 2.441872e-100 2.813185e-95 7.991163e-91 3.237814e-87 -4.217124e-84 -4.311003e-81 -5.719024e-79 -4.701877e-77 -3.223938e-75 -1.915583e-73 -1.005411e-71 -4.711279e-70 -1.982721e-68 -7.514046e-67 -2.563850e-65 -7.848786e-64 -2.137783e-62 -5.090759e-61 -1.019411e-59 -1.538014e-58 -9.139670e-58 4.428704e-56 2.299563e-54 7.130480e-53 1.757188e-51 3.695689e-50 6.817469e-49 1.115931e-47 1.626741e-46 2.107392e-45 2.405672e-44 2.374525e-43 1.941431e-42 1.160503e-41 2.110330e-41 -6.667375e-40 -1.268604e-38 -1.503540e-37 -1.411034e-36 -1.117460e-35 -7.655778e-35 -4.587154e-34 -2.414364e-33 -1.117071e-32 -4.535423e-32 -1.609874e-31 -4.967552e-31 -1.321943e-30 -2.999933e-30 -5.707455e-30 -8.840689e-30 -1.047191e-29 -7.740619e-30 1.221247e-30 1.482282e-29 2.750428e-29 3.270923e-29 2.750428e-29 1.482282e-29 1.221247e-30 -7.740619e-30 -1.047191e-29 -8.840689e-30 -5.707455e-30 -2.999933e-30 -1.321943e-30 -4.967552e-31 -1.609874e-31 -4.535423e-32 -1.117071e-32 -2.414364e-33 -4.587154e-34 -7.655778e-35 -1.117460e-35 -1.411034e-36 -1.503540e-37 -1.268604e-38 -6.667375e-40 2.110330e-41 1.160503e-41 1.941431e-42 2.374525e-43 2.405672e-44 2.107392e-45 1.626741e-46 1.115931e-47 6.817469e-49 3.695689e-50 1.757188e-51 7.130480e-53 2.299563e-54 4.428704e-56 -9.139670e-58 -1.538014e-58 -1.019411e-59 -5.090759e-61 -2.137783e-62 -7.848786e-64 -2.563850e-65 -7.514046e-67 -1.982721e-68 -4.711279e-70 -1.005411e-71 -1.915583e-73 -3.223938e-75 -4.701877e-77 -5.719024e-79 -4.311003e-81 -4.217124e-84 3.237814e-87 7.991163e-91 2.813185e-95 2.441872e-100 6.596852e-106 0.000000e+00
0.000000e+00 6.373767e-103 1.920099e-97 1.682171e-92 2.622322e-88 -1.724497e-84 -1.068528e-80 -4.931196e-78 -5.000828e-76 -3.485188e-74 -2.107161e-72 -1.126066e-70 -5.375217e-69 -2.305331e-67 -8.906448e-66 -3.098738e-64 -9.673620e-63 -2.686233e-61 -6.515635e-60 -1.325226e-58 -2.009225e-57 -1.056878e-56 6.848006e-55 3.484918e-53 1.095869e-51 2.758075e-50 5.941753e-49 1.124648e-47 1.891071e-46 2.834079e-45 3.776062e-44 4.432330e-43 4.491324e-42 3.748925e-41 2.235535e-40 2.559353e-40 -1.702422e-38 -3.159780e-37 -3.833909e-36 -3.727273e-35 -3.075132e-34 -2.203049e-33 -1.384400e-32 -7.661080e-32 -3.734651e-31 -1.600114e-30 -5.997651e-30 -1.952358e-29 -5.457801e-29 -1.286710e-28 -2.474083e-28 -3.586964e-28 -2.880363e-28 2.818498e-28 1.690256e-27 4.018269e-27 6.822693e-27 9.171594e-27 1.009320e-26 9.171594e-27 6.822693e-27 4.018269e-27 1.690256e-27 2.818498e-28 -2.880363e-28 -3.586964e-28 -2.474083e-28 -1.286710e-28 -5.457801e-29 -1.952358e-29 -5.997651e-30 -1.600114e-30 -3.734651e-31 -7.661080e-32 -1.384400e-32 -2.203049e-33 -3.075132e-34 -3.727273e-35 -3.833909e-36 -3.159780e-37 -1.702422e-38 2.559353e-40 2.235535e-40 3.748925e-41 4.491324e-42 4.432330e-43 3.776062e-44 2.834079e-45 1.891071e-46 1.124648e-47 5.941753e-49 2.758075e-50 1.095869e-51 3.484918e-53 6.848006e-55 -1.056878e-56 -2.009225e-57 -1.325226e-58 -6.515635e-60 -2.686233e-61 -9.673620e-63 -3.098738e-64 -8.906448e-66 -2.305331e-67 -5.375217e-69 -1.126066e-70 -2.107161e-72 -3.485188e-74 -5.000828e-76 -4.931196e-78 -1.068528e-80 -1.724497e-84 2.622322e-88 1.682171e-92 1.920099e-97 6.373767e-103 0.000000e+00
0.000000e+00 9.533222e-101 2.188847e-95 1.060511e-90 -2.605608e-86 -8.285230e-82 -2.318775e-78 -8.173699e-76 -7.030263e-74 -4.326427e-72 -2.355299e-70 -1.145851e-68 -5.010629e-67 -1.974456e-65 -7.008762e-64 -2.232762e-62 -6.326832e-61 -1.565207e-59 -3.240919e-58 -4.964162e-57 -2.367373e-56 1.923669e-54 9.761693e-53 3.126340e-51 8.051940e-50 1.778983e-48 3.458083e-47 5.977683e-46 9.216900e-45 1.264117e-43 1.527515e-42 1.591907e-41 1.361146e-40 8.163282e-40 4.604705e-40 -7.712981e-38 -1.432412e-36 -1.790116e-35 -1.806954e-34 -1.554414e-33 -1.164613e-32 -7.672885e-32 -4.461462e-31 -2.289517e-30 -1.034107e-29 -4.088515e-29 -1.402326e-28 -4.112000e-28 -1.004171e-27 -1.930365e-27 -2.449491e-27 8.740918e-29 1.136769e-26 3.958745e-26 9.153192e-26 1.659069e-25 2.484281e-25 3.143676e-25 3.396831e-25 3.143676e-25 2.484281e-25 1.659069e-25 9.153192e-26 3.958745e-26 1.136769e-26 8.740918e-29 -2.449491e-27 -1.930365e-27 -1.004171e-27 -4.112000e-28 -1.402326e-28 -4.088515e-29 -1.034107e-29 -2.289517e-30 -4.461462e-31 -7.672885e-32 -1.164613e-32 -1.554414e-33 -1.806954e-34 -1.790116e-35 -1.432412e-36 -7.712981e-38 4.604705e-40 8.163282e-40 1.361146e-40 1.591907e-41 1.527515e-42 1.264117e-43 9.216900e-45 5.977683e-46 3.458083e-47 1.778983e-48 8.051940e-50 3.126340e-51 9.761693e-53 1.923669e-54 -2.367373e-56 -4.964162e-57 -3.240919e-58 -1.565207e-59 -6.326832e-61 -2.232762e-62 -7.008762e-64 -1.974456e-65 -5.010629e-67 -1.145851e-68 -2.355299e-70 -4.326427e-72 -7.030263e-74 -8.173699e-76 -2.318775e-78 -8.285230e-82 -2.605608e-86 1.060511e-90 2.188847e-95 9.533222e-101 0.000000e+00
0.000000e+00 5.641935e-99 7.297591e-94 -5.115981e-89 -6.491162e-84 -9.269878e-80 -1.983505e-76 -5.929333e-74 -4.507131e-72 -2.502086e-70 -1.242211e-68 -5.545681e-67 -2.231989e-65 -8.095748e-64 -2.636437e-62 -7.640128e-61 -1.933646e-59 -4.096579e-58 -6.414540e-57 -3.064251e-56 2.650002e-54 1.374152e-52 4.515293e-51 1.194811e-49 2.714902e-48 5.432396e-47 9.674734e-46 1.538195e-44 2.177167e-43 2.716995e-42 2.925701e-41 2.583833e-40 1.592991e-39 6.170422e-40 -1.691126e-37 -3.237789e-36 -4.207668e-35 -4.431447e-34 -3.987021e-33 -3.130942e-32 -2.166455e-31 -1.325623e-30 -7.171964e-30 -3.420504e-29 -1.429361e-28 -5.180219e-28 -1.599932e-27 -4.072315e-27 -7.879359e-27 -8.341716e-27 1.301916e-26 1.021733e-25 3.409382e-25 8.305079e-25 1.636112e-24 2.709854e-24 3.846573e-24 4.729033e-24 5.063175e-24 4.729033e-24 3.846573e-24 2.709854e-24 1.636112e-24 8.305079e-25 3.409382e-25 1.021733e-25 1.301916e-26 -8.341716e-27 -7.879359e-27 -4.072315e-27 -1.599932e-27 -5.180219e-28 -1.429361e-28 -3.420504e-29 -7.171964e-30 -1.325623e-30 -2.166455e-31 -3.130942e-32 -3.987021e-33 -4.431447e-34 -4.207668e-35 -3.237789e-36 -1.691126e-37 6.170422e-40 1.592991e-39 2.583833e-40 2.925701e-41 2.716995e-42 2.177167e-43 1.538195e-44 9.674734e-46 5.432396e-47 2.714902e-48 1.194811e-49 4.515293e-51 1.374152e-52 2.650002e-54 -3.064251e-56 -6.414540e-57 -4.096579e-58 -1.933646e-59 -7.640128e-61 -2.636437e-62 -8.095748e-64 -2.231989e-65 -5.545681e-67 -1.242211e-68 -2.502086e-70 -4.507131e-72 -5.929333e-74 -1.983505e-76 -9.269878e-80 -6.491162e-84 -5.115981e-89 7.297591e-94 5.641935e-99 0.000000e+00
0.000000e+00 1.844971e-97 -3.102687e-92 -1.267701e-86 -7.019603e-82 -7.642399e-78 -1.385240e-74 -3.653196e-72 -2.503010e-70 -1.267554e-68 -5.776596e-67 -2.374327e-65 -8.798906e-64 -2.928946e-62 -8.680039e-61 -2.247676e-59 -4.874342e-58 -7.815230e-57 -3.812592e-56 3.400554e-54 1.808264e-52 6.100185e-51 1.658567e-49 3.875229e-48 7.979599e-47 1.463599e-45 2.398521e-44 3.502136e-43 4.512210e-42 5.019821e-41 4.581213e-40 2.912181e-39 8.293649e-40 -3.405797e-37 -6.746324e-36 -9.118410e-35 -1.001275e-33 -9.411243e-33 -7.735226e-32 -5.612301e-31 -3.607309e-30 -2.053573e-29 -1.032065e-28 -4.548964e-28 -1.738514e-27 -5.645669e-27 -1.495282e-26 -2.896205e-26 -2.236763e-26 1.141513e-25 6.882788e-25 2.342525e-24 6.081400e-24 1.299278e-23 2.358627e-23 3.701178e-23 5.073485e-23 6.115305e-23 6.505515e-23 6.115305e-23 5.073485e-23 3.701178e-23 2.358627e-23 1.299278e-23 6.081400e-24 2.342525e-24 6.882788e-25 1.141513e-25 -2.236763e-26 -2.896205e-26 -1.495282e-26 -5.645669e-27 -1.738514e-27 -4.548964e-28 -1.032065e-28 -2.053573e-29 -3.607309e-30 -5.612301e-31 -7.735226e-32 -9.411243e-33 -1.001275e-33 -9.118410e-35 -6.746324e-36 -3.405797e-37 8.293649e-40 2.912181e-39 4.581213e-40 5.019821e-41 4.512210e-42 3.502136e-43 2.398521e-44 1.463599e-45 7.979599e-47 3.875229e-48 1.658567e-49 6.100185e-51 1.808264e-52 3.400554e-54 -3.812592e-56 -7.815230e-57 -4.874342e-58 -2.247676e-59 -8.680039e-61 -2.928946e-62 -8.798906e-64 -2.374327e-65 -5.776596e-67 -1.267554e-68 -2.503010e-70 -3.653196e-72 -1.385240e-74 -7.642399e-78 -7.019603e-82 -1.267701e-86 -3.102687e-92 1.844971e-97 0.000000e+00
0.000000e+00 -7.040996e-96 -7.868399e-90 -1.355139e-84 -5.699522e-80 -5.250455e-76 -8.388647e-73 -1.990421e-70 -1.242707e-68 -5.776597e-67 -2.423740e-65 -9.172851e-64 -3.119667e-62 -9.450113e-61 -2.502469e-59 -5.552231e-58 -9.110883e-57 -4.539226e-56 4.168838e-54 2.272093e-52 7.864293e-51 2.195461e-49 5.270830e-48 1.116017e-46 2.106434e-45 3.555024e-44 5.349910e-43 7.109674e-42 8.163612e-41 7.691600e-40 5.037730e-39 9.321467e-40 -6.457569e-37 -1.322380e-35 -1.856413e-34 -2.122016e-33 -2.080039e-32 -1.785955e-31 -1.355944e-30 -9.134883e-30 -5.459170e-29 -2.884058e-28 -1.337402e-27 -5.376215e-27 -1.831066e-26 -5.032585e-26 -9.680873e-26 -3.710271e-26 6.933741e-25 3.860730e-24 1.366181e-23 3.785402e-23 8.731805e-23 1.723783e-22 2.958690e-22 4.461369e-22 5.953081e-22 7.064244e-22 7.476548e-22 7.064244e-22 5.953081e-22 4.461369e-22 2.958690e-22 1.723783e-22 8.731805e-23 3.785402e-23 1.366181e-23 3.860730e-24 6.933741e-25 -3.710271e-26 -9.680873e-26 -5.032585e-26 -1.831066e-26 -5.376215e-27 -1.337402e-27 -2.884058e-28 -5.459170e-29 -9.134883e-30 -1.355944e-30 -1.785955e-31 -2.080039e-32 -2.122016e-33 -1.856413e-34 -1.322380e-35 -6.457569e-37 9.321467e-40 5.037730e-39 7.691600e-40 8.163612e-41 7.109674e-42 5.349910e-43 3.555024e-44 2.106434e-45 1.116017e-46 5.270830e-48 2.195461e-49 7.864293e-51 2.272093e-52 4.168838e-54 -4.539226e-56 -9.110883e-57 -5.552231e-58 -2.502469e-59 -9.450113e-61 -3.119667e-62 -9.172851e-64 -2.423740e-65 -5.776597e-67 -1.242707e-68 -1.990421e-70 -8.388647e-73 -5.250455e-76 -5.699522e-80 -1.355139e-84 -7.868399e-90 -7.040996e-96 0.000000e+00
0.000000e+00 -1.829463e-93 -8.309758e-88 -1.083051e-82 -3.850225e-78 -3.125047e-74 -4.489658e-71 -9.691175e-69 -5.548061e-67 -2.374327e-65 -9.172851e-64 -3.185942e-62 -9.860215e-61 -2.668902e-59 -6.055351e-58 -1.016483e-56 -5.172976e-56 4.883442e-54 2.726676e-52 9.677399e-51 2.772152e-49 6.833731e-48 1.486754e-46 2.885470e-45 5.011081e-44 7.765684e-43 1.063517e-41 1.259262e-40 1.223793e-39 8.253387e-39 7.375271e-40 -1.154056e-36 -2.441406e-35 -3.555320e-34 -4.224331e-33 -4.311327e-32 -3.860343e-31 -3.061167e-30 -2.157244e-29 -1.350516e-28 -7.483297e-28 -3.642589e-27 -1.536663e-26 -5.476932e-26 -1.558515e-25 -2.954847e-25 3.793970e-26 3.419108e-24 1.868723e-23 6.927912e-23 2.046480e-22 5.074139e-22 1.082276e-21 2.015082e-21 3.308690e-21 4.828037e-21 6.297633e-21 7.373795e-21 7.769746e-21 7.373795e-21 6.297633e-21 4.828037e-21 3.308690e-21 2.015082e-21 1.082276e-21 5.074139e-22 2.046480e-22 6.927912e-23 1.868723e-23 3.419108e-24 3.793970e-26 -2.954847e-25 -1.558515e-25 -5.476932e-26 -1.536663e-26 -3.642589e-27 -7.483297e-28 -1.350516e-28 -2.157244e-29 -3.061167e-30 -3.860343e-31 -4.311327e-32 -4.224331e-33 -3.555320e-34 -2.441406e-35 -1.154056e-36 7.375271e-40 8.253387e-39 1.223793e-39 1.259262e-40 1.063517e-41 7.765684e-43 5.011081e-44 2.885470e-45 1.486754e-46 6.833731e-48 2.772152e-49 9.677399e-51 2.726676e-52 4.883442e-54 -5.172976e-56 -1.016483e-56 -6.055351e-58 -2.668902e-59 -9.860215e-61 -3.185942e-62 -9.172851e-64 -2.374327e-65 -5.548061e-67 -9.691175e-69 -4.489658e-71 -3.125047e-74 -3.850225e-78 -1.083051e-82 -8.309758e-88 -1.829463e-93 0.000000e+00
0.000000e+00 -1.907706e-91 -6.533542e-86 -7.190228e-81 -2.251299e-76 -1.642858e-72 -2.146302e-69 -4.241272e-67 -2.233016e-65 -8.798908e-64 -3.119667e-62 -9.860215e-61 -2.726786e-59 -6.323629e-58 -1.085440e-56 -5.643519e-56 5.467068e-54 3.125840e-52 1.136938e-50 3.339784e-49 8.448142e-48 1.887253e-46 3.763491e-45 6.720361e-44 1.071609e-42 1.511124e-41 1.843484e-40 1.846413e-39 1.281466e-38 -1.892574e-41 -1.945982e-36 -4.249891e-35 -6.412520e-34 -7.909068e-33 -8.391955e-32 -7.823423e-31 -6.468461e-30 -4.759580e-29 -3.115334e-28 -1.806903e-27 -9.213161e-27 -4.070372e-26 -1.515222e-25 -4.455623e-25 -8.264266e-25 6.503040e-25 1.445201e-23 7.964622e-23 3.102354e-22 9.749893e-22 2.587704e-21 5.930496e-21 1.189738e-20 2.110067e-20 3.334810e-20 4.727291e-20 6.042061e-20 6.989572e-20 7.335421e-20 6.989572e-20 6.042061e-20 4.727291e-20 3.334810e-20 2.110067e-20 1.189738e-20 5.930496e-21 2.587704e-21 9.749893e-22 3.102354e-22 7.964622e-23 1.445201e-23 6.503040e-25 -8.264266e-25 -4.455623e-25 -1.515222e-25 -4.070372e-26 -9.213161e-27 -1.806903e-27 -3.115334e-28 -4.759580e-29 -6.468461e-30 -7.823423e-31 -8.391955e-32 -7.909068e-33 -6.412520e-34 -4.249891e-35 -1.945982e-36 -1.892574e-41 1.281466e-38 1.846413e-39 1.843484e-40 1.511124e-41 1.071609e-42 6.720361e-44 3.763491e-45 1.887253e-46 8.448142e-48 3.339784e-49 1.136938e-50 3.125840e-52 5.467068e-54 -5.643519e-56 -1.085440e-56 -6.323629e-58 -2.726786e-59 -9.860215e-61 -3.119667e-62 -8.798908e-64 -2.233016e-65 -4.241272e-67 -2.146302e-69 -1.642858e-72 -2.251299e-76 -7.190228e-81 -6.533542e-86 -1.907706e-91 0.000000e+00
0.000000e+00 -1.474741e-89 -4.260325e-84 -4.127976e-79 -1.161942e-74 -7.710555e-71 -9.219032e-68 -1.672722e-65 -8.099731e-64 -2.928947e-62 -9.450113e-61 -2.668902e-59 -6.323629e-58 -1.109443e-56 -5.894485e-56 5.849938e-54 3.423640e-52 1.275463e-50 3.839884e-49 9.960742e-48 2.283299e-46 4.675265e-45 8.577881e-44 1.406340e-42 2.040381e-41 2.562534e-40 2.643132e-39 1.886768e-38 -1.636394e-39 -3.098803e-36 -6.981886e-35 -1.090342e-33 -1.394219e-32 -1.535876e-31 -1.488555e-30 -1.281220e-29 -9.826871e-29 -6.712986e-28 -4.067978e-27 -2.168636e-26 -1.001513e-25 -3.887140e-25 -1.179335e-24 -2.124476e-24 3.444852e-24 5.376669e-23 3.028556e-22 1.240332e-21 4.137265e-21 1.170967e-20 2.869881e-20 6.168532e-20 1.173870e-19 1.993616e-19 3.042894e-19 4.199400e-19 5.266223e-19 6.023193e-19 6.297352e-19 6.023193e-19 5.266223e-19 4.199400e-19 3.042894e-19 1.993616e-19 1.173870e-19 6.168532e-20 2.869881e-20 1.170967e-20 4.137265e-21 1.240332e-21 3.028556e-22 5.376669e-23 3.444852e-24 -2.124476e-24 -1.179335e-24 -3.887140e-25 -1.001513e-25 -2.168636e-26 -4.067978e-27 -6.712986e-28 -9.826871e-29 -1.281220e-29 -1.488555e-30 -1.535876e-31 -1.394219e-32 -1.090342e-33 -6.981886e-35 -3.098803e-36 -1.636394e-39 1.886768e-38 2.643132e-39 2.562534e-40 2.040381e-41 1.406340e-42 8.577881e-44 4.675265e-45 2.283299e-46 9.960742e-48 3.839884e-49 1.275463e-50 3.423640e-52 5.849938e-54 -5.894485e-56 -1.109443e-56 -6.323629e-58 -2.668902e-59 -9.450113e-61 -2.928947e-62 -8.099731e-64 -1.672722e-65 -9.219032e-68 -7.710555e-71 -1.161942e-74 -4.127976e-79 -4.260325e-84 -1.474741e-89 0.000000e+00
0.000000e+00 -9.439681e-88 -2.400124e-82 -2.090491e-77 -5.351233e-73 -3.250204e-69 -3.567355e-66 -5.943205e-64 -2.637829e-62 -8.680042e-61 -2.502469e-59 -6.055351e-58 -1.085440e-56 -5.894485e-56 5.983383e-54 3.582932e-52 1.366488e-50 4.213875e-49 1.120286e-47 2.633485e-46 5.533151e-45 1.042366e-43 1.755844e-42 2.619039e-41 3.383691e-40 3.591558e-39 2.635666e-38 -4.365801e-39 -4.663691e-36 -1.083371e-34 -1.749301e-33 -2.316312e-32 -2.645788e-31 -2.662212e-30 -2.381881e-29 -1.901348e-28 -1.353372e-27 -8.554117e-27 -4.759542e-26 -2.293727e-25 -9.267823e-25 -2.897366e-24 -5.033353e-24 1.342700e-23 1.788238e-22 1.037072e-21 4.464070e-21 1.576587e-20 4.742227e-20 1.237827e-19 2.837007e-19 5.760686e-19 1.044470e-18 1.703223e-18 2.514855e-18 3.382266e-18 4.163954e-18 4.709978e-18 4.906186e-18 4.709978e-18 4.163954e-18 3.382266e-18 2.514855e-18 1.703223e-18 1.044470e-18 5.760686e-19 2.837007e-19 1.237827e-19 4.742227e-20 1.576587e-20 4.464070e-21 1.037072e-21 1.788238e-22 1.342700e-23 -5.033353e-24 -2.897366e-24 -9.267823e-25 -2.293727e-25 -4.759542e-26 -8.554117e-27 -1.353372e-27 -1.901348e-28 -2.381881e-29 -2.662212e-30 -2.645788e-31 -2.316312e-32 -1.749301e-33 -1.083371e-34 -4.663691e-36 -4.365801e-39 2.635666e-38 3.591558e-39 3.383691e-40 2.619039e-41 1.755844e-42 1.042366e-43 5.533151e-45 2.633485e-46 1.120286e-47 4.213875e-49 1.366488e-50 3.582932e-52 5.983383e-54 -5.894485e-56 -1.085440e-56 -6.055351e-58 -2.502469e-59 -8.680042e-61 -2.637829e-62 -5.943205e-64 -3.567355e-66 -3.250204e-69 -5.351233e-73 -2.090491e-77 -2.400124e-82 -9.439681e-88 0.000000e+00
0.000000e+00 -5.215380e-86 -1.191916e-80 -9.441557e-76 -2.212454e-71 -1.233840e-67 -1.243295e-64 -1.895296e-62 -7.644478e-61 -2.247678e-59 -5.552231e-58 -1.016483e-56 -5.643519e-56 5.849938e-54 3.582932e-52 1.398239e-50 4.414206e-49 1.202067e-47 2.896038e-46 6.239851e-45 1.206184e-43 2.086126e-42 3.196885e-41 4.245773e-40 4.634409e-39 3.494731e-38 -8.298237e-39 -6.637974e-36 -1.588896e-34 -2.650135e-33 -3.629876e-32 -4.294051e-31 -4.480024e-30 -4.160903e-29 -3.451883e-28 -2.556306e-27 -1.682623e-26 -9.755941e-26 -4.898688e-25 -2.057698e-24 -6.621914e-24 -1.101749e-23 4.371267e-23 5.371897e-22 3.220615e-21 1.455768e-20 5.430844e-20 1.730731e-19 4.794114e-19 1.166849e-18 2.516271e-18 4.843662e-18 8.383185e-18 1.313875e-17 1.877376e-17 2.460674e-17 2.973630e-17 3.326052e-17 3.451635e-17 3.326052e-17 2.973630e-17 2.460674e-17 1.877376e-17 1.313875e-17 8.383185e-18 4.843662e-18 2.516271e-18 1.166849e-18 4.794114e-19 1.730731e-19 5.430844e-20 1.455768e-20 3.220615e-21 5.371897e-22 4.371267e-23 -1.101749e-23 -6.621914e-24 -2.057698e-24 -4.898688e-25 -9.755941e-26 -1.682623e-26 -2.556306e-27 -3.451883e-28 -4.160903e-29 -4.480024e-30 -4.294051e-31 -3.629876e-32 -2.650135e-33 -1.588896e-34 -6.637974e-36 -8.298237e-39 3.494731e-38 4.634409e-39 4.245773e-40 3.196885e-41 2.086126e-42 1.206184e-43 6.239851e-45 2.896038e-46 1.202067e-47 4.414206e-49 1.398239e-50 3.582932e-52 5.849938e-54 -5.643519e-56 -1.016483e-56 -5.552231e-58 -2.247678e-59 -7.644478e-61 -1.895296e-62 -1.243295e-64 -1.233840e-67 -2.212454e-71 -9.441557e-76 -1.191916e-80 -5.215380e-86 0.000000e+00
0.000000e+00 -2.538231e-84 -5.275909e-79 -3.826396e-74 -8.234973e-70 -4.217683e-66 -3.888864e-63 -5.377327e-61 -1.934852e-59 -4.874345e-58 -9.110883e-57 -5.172976e-56 5.467068e-54 3.423640e-52 1.366488e-50 4.414206e-49 1.230622e-47 3.036892e-46 6.706120e-45 1.329336e-43 2.359089e-42 3.711705e-41 5.063981e-40 5.680617e-39 4.399947e-38 -1.326007e-38 -8.940382e-36 -2.203882e-34 -3.793676e-33 -5.369504e-32 -6.571230e-31 -7.100207e-30 -6.836935e-29 -5.886805e-28 -4.529318e-27 -3.100252e-26 -1.870412e-25 -9.771650e-25 -4.261893e-24 -1.410716e-23 -2.233072e-23 1.244195e-22 1.468273e-21 9.120548e-21 4.324175e-20 1.700199e-19 5.724778e-19 1.677532e-18 4.320657e-18 9.855446e-18 2.004657e-17 3.661568e-17 6.049259e-17 9.106217e-17 1.257957e-16 1.605120e-16 1.902203e-16 2.102520e-16 2.173223e-16 2.102520e-16 1.902203e-16 1.605120e-16 1.257957e-16 9.106217e-17 6.049259e-17 3.661568e-17 2.004657e-17 9.855446e-18 4.320657e-18 1.677532e-18 5.724778e-19 1.700199e-19 4.324175e-20 9.120548e-21 1.468273e-21 1.244195e-22 -2.233072e-23 -1.410716e-23 -4.261893e-24 -9.771650e-25 -1.870412e-25 -3.100252e-26 -4.529318e-27 -5.886805e-28 -6.836935e-29 -7.100207e-30 -6.571230e-31 -5.369504e-32 -3.793676e-33 -2.203882e-34 -8.940382e-36 -1.326007e-38 4.399947e-38 5.680617e-39 5.063981e-40 3.711705e-41 2.359089e-42 1.329336e-43 6.706120e-45 3.036892e-46 1.230622e-47 4.414206e-49 1.366488e-50 3.423640e-52 5.467068e-54 -5.172976e-56 -9.110883e-57 -4.874345e-58 -1.934852e-59 -5.377327e-61 -3.888864e-63 -4.217683e-66 -8.234973e-70 -3.826396e-74 -5.275909e-79 -2.538231e-84 0.000000e+00
0.000000e+00 -1.100427e-82 -2.094536e-77 -1.395513e-72 -2.759326e-68 -1.293843e-64 -1.082403e-61 -1.332514e-59 -4.099471e-58 -7.815240e-57 -4.539226e-56 4.883442e-54 3.125840e-52 1.275463e-50 4.213875e-49 1.202067e-47 3.036892e-46 6.869098e-45 1.395510e-43 2.539575e-42 4.099780e-41 5.742385e-40 6.616053e-39 5.261627e-38 -1.876291e-38 -1.139972e-35 -2.892504e-34 -5.134345e-33 -7.502340e-32 -9.488512e-31 -1.060607e-29 -1.057595e-28 -9.439559e-28 -7.536002e-27 -5.356941e-26 -3.358390e-25 -1.823136e-24 -8.247264e-24 -2.806286e-23 -4.199932e-23 3.166070e-22 3.671652e-21 2.365855e-20 1.175029e-19 4.859186e-19 1.724397e-18 5.330601e-18 1.448430e-17 3.482665e-17 7.455444e-17 1.430075e-16 2.475198e-16 3.895086e-16 5.616851e-16 7.479974e-16 9.265506e-16 1.074276e-15 1.171544e-15 1.205455e-15 1.171544e-15 1.074276e-15 9.265506e-16 7.479974e-16 5.616851e-16 3.895086e-16 2.475198e-16 1.430075e-16 7.455444e-17 3.482665e-17 1.448430e-17 5.330601e-18 1.724397e-18 4.859186e-19 1.175029e-19 2.365855e-20 3.671652e-21 3.166070e-22 -4.199932e-23 -2.806286e-23 -8.247264e-24 -1.823136e-24 -3.358390e-25 -5.356941e-26 -7.536002e-27 -9.439559e-28 -1.057595e-28 -1.060607e-29 -9.488512e-31 -7.502340e-32 -5.134345e-33 -2.892504e-34 -1.139972e-35 -1.876291e-38 5.261627e-38 6.616053e-39 5.742385e-40 4.099780e-41 2.539575e-42 1.395510e-43 6.869098e-45 3.036892e-46 1.202067e-47 4.213875e-49 1.275463e-50 3.125840e-52 4.883442e-54 -4.539226e-56 -7.815240e-57 -4.099471e-58 -1.332514e-59 -1.082403e-61 -1.293843e-64 -2.759326e-68 -1.395513e-72 -2.094536e-77 -1.100427e-82 0.000000e+00
0.000000e+00 -4.276659e-81 -7.479820e-76 -4.580354e-71 -8.296390e-67 -3.532761e-63 -2.633499e-60 -2.766261e-58 -6.420236e-57 -3.812615e-56 4.168838e-54 2.726676e-52 1.136938e-50 3.839884e-49 1.120286e-47 2.896038e-46 6.706120e-45 1.395510e-43 2.602730e-42 4.308647e-41 6.191922e-40 7.322989e-39 5.977649e-38 -2.404903e-38 -1.376617e-35 -3.593616e-34 -6.572714e-33 -9.906233e-32 -1.293540e-30 -1.494241e-29 -1.541299e-28 -1.424409e-27 -1.178529e-26 -8.689443e-26 -5.653802e-25 -3.185448e-24 -1.493106e-23 -5.220709e-23 -7.345360e-23 7.296541e-22 8.436541e-21 5.641969e-20 2.931609e-19 1.272631e-18 4.749146e-18 1.544940e-17 4.416883e-17 1.116174e-16 2.506082e-16 5.026793e-16 9.064939e-16 1.480408e-15 2.207289e-15 3.030670e-15 3.865667e-15 4.619655e-15 5.212592e-15 5.588580e-15 5.717037e-15 5.588580e-15 5.212592e-15 4.619655e-15 3.865667e-15 3.030670e-15 2.207289e-15 1.480408e-15 9.064939e-16 5.026793e-16 2.506082e-16 1.116174e-16 4.416883e-17 1.544940e-17 4.749146e-18 1.272631e-18 2.931609e-19 5.641969e-20 8.436541e-21 7.296541e-22 -7.345360e-23 -5.220709e-23 -1.493106e-23 -3.185448e-24 -5.653802e-25 -8.689443e-26 -1.178529e-26 -1.424409e-27 -1.541299e-28 -1.494241e-29 -1.293540e-30 -9.906233e-32 -6.572714e-33 -3.593616e-34 -1.376617e-35 -2.404903e-38 5.977649e-38 7.322989e-39 6.191922e-40 4.308647e-41 2.602730e-42 1.395510e-43 6.706120e-45 2.896038e-46 1.120286e-47 3.839884e-49 1.136938e-50 2.726676e-52 4.168838e-54 -3.812615e-56 -6.420236e-57 -2.766261e-58 -2.633499e-60 -3.532761e-63 -8.296390e-67 -4.580354e-71 -7.479820e-76 -4.276659e-81 0.000000e+00
0.000000e+00 -1.494380e-79 -2.403070e-74 -1.348778e-69 -2.220661e-65 -8.439852e-62 -5.381837e-59 -4.261615e-57 -3.071985e-56 3.400550e-54 2.272093e-52 9.677399e-51 3.339784e-49 9.960742e-48 2.633485e-46 6.239851e-45 1.329336e-43 2.539575e-42 4.308647e-41 6.349390e-40 7.704053e-39 6.452807e-38 -2.824174e-38 -1.574847e-35 -4.227688e-34 -7.961639e-33 -1.236680e-31 -1.665737e-30 -1.986616e-29 -2.117576e-28 -2.024130e-27 -1.733711e-26 -1.324363e-25 -8.932879e-25 -5.217826e-24 -2.531963e-23 -9.095340e-23 -1.197188e-22 1.535660e-21 1.787378e-20 1.240722e-19 6.736114e-19 3.064188e-18 1.200013e-17 4.099098e-17 1.230157e-16 3.258904e-16 7.651731e-16 1.599075e-15 2.989602e-15 5.031650e-15 7.680635e-15 1.072459e-14 1.382871e-14 1.663784e-14 1.888556e-14 2.045278e-14 2.134934e-14 2.163742e-14 2.134934e-14 2.045278e-14 1.888556e-14 1.663784e-14 1.382871e-14 1.072459e-14 7.680635e-15 5.031650e-15 2.989602e-15 1.599075e-15 7.651731e-16 3.258904e-16 1.230157e-16 4.099098e-17 1.200013e-17 3.064188e-18 6.736114e-19 1.240722e-19 1.787378e-20 1.535660e-21 -1.197188e-22 -9.095340e-23 -2.531963e-23 -5.217826e-24 -8.932879e-25 -1.324363e-25 -1.733711e-26 -2.024130e-27 -2.117576e-28 -1.986616e-29 -1.665737e-30 -1.236680e-31 -7.961639e-33 -4.227688e-34 -1.574847e-35 -2.824174e-38 6.452807e-38 7.704053e-39 6.349390e-40 4.308647e-41 2.539575e-42 1.329336e-43 6.239851e-45 2.633485e-46 9.960742e-48 3.339784e-49 9.677399e-51 2.272093e-52 3.400550e-54 -3.071985e-56 -4.261615e-57 -5.381837e-59 -8.439852e-62 -2.220661e-65 -1.348778e-69 -2.403070e-74 -1.494380e-79 0.000000e+00
0.000000e+00 -4.695931e-78 -6.925091e-73 -3.536211e-68 -5.205096e-64 -1.698438e-60 -8.244530e-58 -2.135297e-56 2.650049e-54 1.808263e-52 7.864293e-51 2.772152e-49 8.448142e-48 2.283299e-46 5.533151e-45 1.206184e-43 2.359089e-42 4.099780e-41 6.191922e-40 7.704053e-39 6.619372e-38 -3.056582e-38 -1.707097e-35 -4.710778e-34 -9.128170e-33 -1.460128e-31 -2.026987e-30 -2.493639e-29 -2.744130e-28 -2.710332e-27 -2.400730e-26 -1.897975e-25 -1.325711e-24 -8.020102e-24 -4.025819e-23 -1.485632e-22 -1.822750e-22 2.968646e-21 3.501387e-20 2.522521e-19 1.429201e-18 6.801391e-18 2.790155e-17 9.988230e-17 3.140069e-16 8.701478e-16 2.131180e-15 4.625634e-15 8.925881e-15 1.537717e-14 2.377528e-14 3.319822e-14 4.216976e-14 4.915402e-14 5.316993e-14 5.421392e-14 5.325648e-14 5.178948e-14 5.112730e-14 5.178948e-14 5.325648e-14 5.421392e-14 5.316993e-14 4.915402e-14 4.216976e-14 3.319822e-14 2.377528e-14 1.537717e-14 8.925881e-15 4.625634e-15 2.131180e-15 8.701478e-16 3.140069e-16 9.988230e-17 2.790155e-17 6.801391e-18 1.429201e-18 2.522521e-19 3.501387e-20 2.968646e-21 -1.822750e-22 -1.485632e-22 -4.025819e-23 -8.020102e-24 -1.325711e-24 -1.897975e-25 -2.400730e-26 -2.710332e-27 -2.744130e-28 -2.493639e-29 -2.026987e-30 -1.460128e-31 -9.128170e-33 -4.710778e-34 -1.707097e-35 -3.056582e-38 6.619372e-38 7.704053e-39 6.191922e-40 4.099780e-41 2.359089e-42 1.206184e-43 5.533151e-45 2.283299e-46 8.448142e-48 2.772152e-49 7.864293e-51 1.808263e-52 2.650049e-54 -2.135297e-56 -8.244530e-58 -1.698438e-60 -5.205096e-64 -3.536211e-68 -6.925091e-73 -4.695931e-78 0.000000e+00
0.000000e+00 -1.323277e-76 -1.776880e-71 -8.124574e-67 -1.030401e-62 -2.589485e-59 -4.680070e-57 1.605150e-54 1.374639e-52 6.100185e-51 2.195461e-49 6.833731e-48 1.887253e-46 4.675265e-45 1.042366e-43 2.086126e-42 3.711705e-41 5.742385e-40 7.322989e-39 6.452807e-38 -3.056582e-38 -1.753580e-35 -4.972448e-34 -9.907799e-33 -1.630870e-31 -2.331556e-30 -2.956224e-29 -3.355583e-28 -3.421367e-27 -3.131002e-26 -2.559282e-25 -1.849365e-24 -1.157673e-23 -6.007065e-23 -2.277443e-22 -2.599561e-22 5.293316e-21 6.356854e-20 4.751743e-19 2.806249e-18 1.395003e-17 5.984710e-17 2.241313e-16 7.368003e-16 2.131711e-15 5.434753e-15 1.221826e-14 2.423778e-14 4.245493e-14 6.568706e-14 8.968164e-14 1.075364e-13 1.117779e-13 9.742994e-14 6.470693e-14 1.998184e-14 -2.561158e-14 -5.955941e-14 -7.210098e-14 -5.955941e-14 -2.561158e-14 1.998184e-14 6.470693e-14 9.742994e-14 1.117779e-13 1.075364e-13 8.968164e-14 6.568706e-14 4.245493e-14 2.423778e-14 1.221826e-14 5.434753e-15 2.131711e-15 7.368003e-16 2.241313e-16 5.984710e-17 1.395003e-17 2.806249e-18 4.751743e-19 6.356854e-20 5.293316e-21 -2.599561e-22 -2.277443e-22 -6.007065e-23 -1.157673e-23 -1.849365e-24 -2.559282e-25 -3.131002e-26 -3.421367e-27 -3.355583e-28 -2.956224e-29 -2.331556e-30 -1.630870e-31 -9.907799e-33 -4.972448e-34 -1.753580e-35 -3.056582e-38 6.452807e-38 7.322989e-39 5.742385e-40 3.711705e-41 2.086126e-42 1.042366e-43 4.675265e-45 1.887253e-46 6.833731e-48 2.195461e-49 6.100185e-51 1.374639e-52 1.605150e-54 -4.680070e-57 -2.589485e-59 -1.030401e-62 -8.124574e-67 -1.776880e-71 -1.323277e-76 0.000000e+00
0.000000e+00 -3.320006e-75 -3.997734e-70 -1.580187e-65 -1.560279e-61 -1.643073e-58 2.659612e-55 8.236646e-53 4.517393e-51 1.658568e-49 5.270830e-48 1.486754e-46 3.763491e-45 8.577881e-44 1.755844e-42 3.196885e-41 5.063981e-40 6.616053e-39 5.977649e-38 -2.824174e-38 -1.707097e-35 -4.972448e-34 -1.018206e-32 -1.723517e-31 -2.535628e-30 -3.310870e-29 -3.873204e-28 -4.073219e-27 -3.847625e-26 -3.248742e-25 -2.426437e-24 -1.570348e-23 -8.417908e-23 -3.279482e-22 -3.484149e-22 8.733143e-21 1.071656e-19 8.308541e-19 5.108972e-18 2.649276e-17 1.186798e-16 4.642548e-16 1.593356e-15 4.805247e-15 1.273002e-14 2.957802e-14 6.010717e-14 1.063308e-13 1.622882e-13 2.095315e-13 2.173285e-13 1.499929e-13 -2.015342e-14 -2.991715e-13 -6.632250e-13 -1.059714e-12 -1.418257e-12 -1.668318e-12 -1.758020e-12 -1.668318e-12 -1.418257e-12 -1.059714e-12 -6.632250e-13 -2.991715e-13 -2.015342e-14 1.499929e-13 2.173285e-13 2.095315e-13 1.622882e-13 1.063308e-13 6.010717e-14 2.957802e-14 1.273002e-14 4.805247e-15 1.593356e-15 4.642548e-16 1.186798e-16 2.649276e-17 5.108972e-18 8.308541e-19 1.071656e-19 8.733143e-21 -3.484149e-22 -3.279482e-22 -8.417908e-23 -1.570348e-23 -2.426437e-24 -3.248742e-25 -3.847625e-26 -4.073219e-27 -3.873204e-28 -3.310870e-29 -2.535628e-30 -1.723517e-31 -1.018206e-32 -4.972448e-34 -1.707097e-35 -2.824174e-38 5.977649e-38 6.616053e-39 5.063981e-40 3.196885e-41 1.755844e-42 8.577881e-44 3.763491e-45 1.486754e-46 5.270830e-48 1.658568e-49 4.517393e-51 8.236646e-53 2.659612e-55 -1.643073e-58 -1.560279e-61 -1.580187e-65 -3.997734e-70 -3.320006e-75 0.000000e+00
0.000000e+00 -7.307308e-74 -7.629815e-69 -2.371039e-64 -1.077273e-60 7.011833e-57 1.384581e-53 2.647568e-51 1.195444e-49 3.875231e-48 1.116017e-46 2.885470e-45 6.720361e-44 1.406340e-42 2.619039e-41 4.245773e-40 5.680617e-39 5.261627e-38 -2.404903e-38 -1.574847e-35 -4.710778e-34 -9.907799e-33 -1.723517e-31 -2.607510e-30 -3.503686e-29 -4.220967e-28 -4.574687e-27 -4.456786e-26 -3.883825e-25 -2.995675e-24 -2.002843e-23 -1.108529e-22 -4.439155e-22 -4.405702e-22 1.336389e-20 1.680229e-19 1.350582e-18 8.638094e-18 4.666661e-17 2.179931e-16 8.894742e-16 3.182690e-15 9.991363e-15 2.746481e-14 6.583314e-14 1.366330e-13 2.424765e-13 3.586485e-13 4.139774e-13 2.858481e-13 -1.782418e-13 -1.113799e-12 -2.583208e-12 -4.532685e-12 -6.780179e-12 -9.040398e-12 -1.098048e-11 -1.229105e-11 -1.275406e-11 -1.229105e-11 -1.098048e-11 -9.040398e-12 -6.780179e-12 -4.532685e-12 -2.583208e-12 -1.113799e-12 -1.782418e-13 2.858481e-13 4.139774e-13 3.586485e-13 2.424765e-13 1.366330e-13 6.583314e-14 2.746481e-14 9.991363e-15 3.182690e-15 8.894742e-16 2.179931e-16 4.666661e-17 8.638094e-18 1.350582e-18 1.680229e-19 1.336389e-20 -4.405702e-22 -4.439155e-22 -1.108529e-22 -2.002843e-23 -2.995675e-24 -3.883825e-25 -4.456786e-26 -4.574687e-27 -4.220967e-28 -3.503686e-29 -2.607510e-30 -1.723517e-31 -9.907799e-33 -4.710778e-34 -1.574847e-35 -2.404903e-38 5.261627e-38 5.680617e-39 4.245773e-40 2.619039e-41 1.406340e-42 6.720361e-44 2.885470e-45 1.116017e-46 3.875231e-48 1.195444e-49 2.647568e-51 1.384581e-53 7.011833e-57 -1.077273e-60 -2.371039e-64 -7.629815e-69 -7.307308e-74 0.000000e+00
0.000000e+00 -1.366827e-72 -1.131949e-67 -1.744059e-63 3.524296e-59 3.741104e-55 4.385024e-52 6.833635e-50 2.716475e-48 7.979604e-47 2.106434e-45 5.011081e-44 1.071609e-42 2.040381e-41 3.383691e-40 4.634409e-39 4.399947e-38 -1.876291e-38 -1.376617e-35 -4.227688e-34 -9.128170e-33 -1.630870e-31 -2.535628e-30 -3.503686e-29 -4.343628e-28 -4.847889e-27 -4.867175e-26 -4.374047e-25 -3.481435e-24 -2.402838e-23 -1.372480e-22 -5.651867e-22 -5.280294e-22 1.900298e-20 2.453275e-19 2.043631e-18 1.358228e-17 7.635757e-17 3.714803e-16 1.579033e-15 5.883369e-15 1.920344e-14 5.471048e-14 1.351027e-13 2.856505e-13 5.051563e-13 7.076524e-13 6.520155e-13 -9.251313e-14 -2.093543e-12 -5.906129e-12 -1.187484e-11 -1.996366e-11 -2.967796e-11 -4.010571e-11 -5.006328e-11 -5.830460e-11 -6.374331e-11 -6.564293e-11 -6.374331e-11 -5.830460e-11 -5.006328e-11 -4.010571e-11 -2.967796e-11 -1.996366e-11 -1.187484e-11 -5.906129e-12 -2.093543e-12 -9.251313e-14 6.520155e-13 7.076524e-13 5.051563e-13 2.856505e-13 1.351027e-13 5.471048e-14 1.920344e-14 5.883369e-15 1.579033e-15 3.714803e-16 7.635757e-17 1.358228e-17 2.043631e-18 2.453275e-19 1.900298e-20 -5.280294e-22 -5.651867e-22 -1.372480e-22 -2.402838e-23 -3.481435e-24 -4.374047e-25 -4.867175e-26 -4.847889e-27 -4.343628e-28 -3.503686e-29 -2.535628e-30 -1.630870e-31 -9.128170e-33 -4.227688e-34 -1.376617e-35 -1.876291e-38 4.399947e-38 4.634409e-39 3.383691e-40 2.040381e-41 1.071609e-42 5.011081e-44 2.106434e-45 7.979604e-47 2.716475e-48 6.833635e-50 4.385024e-52 3.741104e-55 3.524296e-59 -1.744059e-63 -1.131949e-67 -1.366827e-72 0.000000e+00
