0.000000e+00 -8.808822e-96 -2.975923e-91 1.072791e-86 3.696439e-82 1.748765e-78 1.310372e-75 1.433102e-73 4.217673e-72 9.497537e-71 1.968281e-69 3.762281e-68 6.634596e-67 1.076996e-65 1.600829e-64 2.156600e-63 2.581491e-62 2.628736e-61 2.006944e-60 4.629101e-60 -2.109055e-58 -5.571074e-57 -9.508398e-56 -1.329322e-54 -1.624087e-53 -1.780806e-52 -1.775584e-51 -1.621064e-50 -1.360110e-49 -1.050396e-48 -7.467699e-48 -4.881791e-47 -2.927343e-46 -1.603692e-45 -7.975593e-45 -3.564015e-44 -1.405595e-43 -4.719555e-43 -1.229790e-42 -1.604336e-42 6.656211e-42 6.708861e-41 3.563580e-40 1.474526e-39 5.181080e-39 1.598861e-38 4.407125e-38 1.095937e-37 2.475220e-37 5.102958e-37 9.642500e-37 1.675911e-36 2.687607e-36 3.987887e-36 5.488321e-36 7.020206e-36 8.359676e-36 9.278566e-36 9.605995e-36 9.278566e-36 8.359676e-36 7.020206e-36 5.488321e-36 3.987887e-36 2.687607e-36 1.675911e-36 9.642500e-37 5.102958e-37 2.475220e-37 1.095937e-37 4.407125e-38 1.598861e-38 5.181080e-39 1.474526e-39 3.563580e-40 6.708861e-41 6.656211e-42 -1.604336e-42 -1.229790e-42 -4.719555e-43 -1.405595e-43 -3.564015e-44 -7.975593e-45 -1.603692e-45 -2.927343e-46 -4.881791e-47 -7.467699e-48 -1.050396e-48 -1.360110e-49 -1.621064e-50 -1.775584e-51 -1.780806e-52 -1.624087e-53 -1.329322e-54 -9.508398e-56 -5.571074e-57 -2.109055e-58 4.629101e-60 2.006944e-60 2.628736e-61 2.581491e-62 2.156600e-63 1.600829e-64 1.076996e-65 6.634596e-67 3.762281e-68 1.968281e-69 9.497537e-71 4.217673e-72 1.433102e-73 1.310372e-75 1.748765e-78 3.696439e-82 1.072791e-86 -2.975923e-91 -8.808822e-96 0.000000e+00
0.000000e+00 -4.642456e-91 4.338613e-86 4.635417e-81 8.453413e-77 3.212616e-73 2.113462e-70 2.100165e-68 5.720852e-67 1.203245e-65 2.336614e-64 4.186815e-63 6.905297e-62 1.042375e-60 1.424564e-59 1.725415e-58 1.765721e-57 1.320500e-56 1.752936e-56 -1.790667e-54 -4.520893e-53 -7.736413e-52 -1.096246e-50 -1.363485e-49 -1.525673e-48 -1.554758e-47 -1.452392e-46 -1.247936e-45 -9.876287e-45 -7.198760e-44 -4.826070e-43 -2.967643e-42 -1.666294e-41 -8.481778e-41 -3.867633e-40 -1.546178e-39 -5.176033e-39 -1.270534e-38 -8.184936e-39 1.444421e-37 1.157837e-36 5.992941e-36 2.507610e-35 9.033765e-35 2.878073e-34 8.224003e-34 2.125977e-33 5.001788e-33 1.075954e-32 2.124523e-32 3.864093e-32 6.494581e-32 1.011735e-31 1.464797e-31 1.975758e-31 2.487908e-31 2.929556e-31 3.229732e-31 3.336198e-31 3.229732e-31 2.929556e-31 2.487908e-31 1.975758e-31 1.464797e-31 1.011735e-31 6.494581e-32 3.864093e-32 2.124523e-32 1.075954e-32 5.001788e-33 2.125977e-33 8.224003e-34 2.878073e-34 9.033765e-35 2.507610e-35 5.992941e-36 1.157837e-36 1.444421e-37 -8.184936e-39 -1.270534e-38 -5.176033e-39 -1.546178e-39 -3.867633e-40 -8.481778e-41 -1.666294e-41 -2.967643e-42 -4.826070e-43 -7.198760e-44 -9.876287e-45 -1.247936e-45 -1.452392e-46 -1.554758e-47 -1.525673e-48 -1.363485e-49 -1.096246e-50 -7.736413e-52 -4.520893e-53 -1.790667e-54 1.752936e-56 1.320500e-56 1.765721e-57 1.725415e-58 1.424564e-59 1.042375e-60 6.905297e-62 4.186815e-63 2.336614e-64 1.203245e-65 5.720852e-67 2.100165e-68 2.113462e-70 3.212616e-73 8.453413e-77 4.635417e-81 4.338613e-86 -4.642456e-91 0.000000e+00
0.000000e+00 2.757614e-86 7.700372e-81 4.337010e-76 6.347743e-72 2.116808e-68 1.263774e-65 1.158409e-63 2.941569e-62 5.795602e-61 1.054501e-59 1.765779e-58 2.704819e-57 3.746314e-56 4.585000e-55 4.703876e-54 3.416806e-53 1.696428e-54 -5.976839e-51 -1.454252e-49 -2.496163e-48 -3.583055e-47 -4.533287e-46 -5.171661e-45 -5.381142e-44 -5.137990e-43 -4.515851e-42 -3.657897e-41 -2.729938e-40 -1.874168e-39 -1.179938e-38 -6.778046e-38 -3.523615e-37 -1.634872e-36 -6.595317e-36 -2.179712e-35 -4.833731e-35 2.425001e-35 1.046534e-33 7.471337e-33 3.823228e-32 1.622645e-31 5.992043e-31 1.967631e-30 5.814449e-30 1.557865e-29 3.804782e-29 8.506645e-29 1.747550e-28 3.310089e-28 5.799856e-28 9.430482e-28 1.427222e-27 2.016034e-27 2.664622e-27 3.302449e-27 3.844603e-27 4.209543e-27 4.338352e-27 4.209543e-27 3.844603e-27 3.302449e-27 2.664622e-27 2.016034e-27 1.427222e-27 9.430482e-28 5.799856e-28 3.310089e-28 1.747550e-28 8.506645e-29 3.804782e-29 1.557865e-29 5.814449e-30 1.967631e-30 5.992043e-31 1.622645e-31 3.823228e-32 7.471337e-33 1.046534e-33 2.425001e-35 -4.833731e-35 -2.179712e-35 -6.595317e-36 -1.634872e-36 -3.523615e-37 -6.778046e-38 -1.179938e-38 -1.874168e-39 -2.729938e-40 -3.657897e-41 -4.515851e-42 -5.137990e-43 -5.381142e-44 -5.171661e-45 -4.533287e-46 -3.583055e-47 -2.496163e-48 -1.454252e-49 -5.976839e-51 1.696428e-54 3.416806e-53 4.703876e-54 4.585000e-55 3.746314e-56 2.704819e-57 1.765779e-58 1.054501e-59 5.795602e-61 2.941569e-62 1.158409e-63 1.263774e-65 2.116808e-68 6.347743e-72 4.337010e-76 7.700372e-81 2.757614e-86 0.000000e+00
0.000000e+00 1.732006e-81 2.551373e-76 1.153027e-71 1.480539e-67 4.479448e-64 2.464375e-61 2.098752e-59 4.981587e-58 9.190856e-57 1.561443e-55 2.425116e-54 3.400688e-53 4.199501e-52 4.307174e-51 3.005546e-50 -4.962183e-50 -6.814826e-48 -1.608412e-46 -2.769985e-45 -4.025669e-44 -5.176991e-43 -6.016067e-42 -6.385255e-41 -6.225034e-40 -5.590380e-39 -4.629172e-38 -3.532800e-37 -2.480151e-36 -1.596147e-35 -9.363226e-35 -4.959932e-34 -2.334290e-33 -9.452604e-33 -3.043777e-32 -5.639307e-32 1.560620e-31 2.365500e-30 1.581200e-29 8.067179e-29 3.478071e-28 1.315525e-27 4.444362e-27 1.354820e-26 3.751097e-26 9.477854e-26 2.193964e-25 4.669163e-25 9.166388e-25 1.665523e-24 2.810173e-24 4.417321e-24 6.489186e-24 8.935148e-24 1.156234e-23 1.409344e-23 1.621154e-23 1.762238e-23 1.811772e-23 1.762238e-23 1.621154e-23 1.409344e-23 1.156234e-23 8.935148e-24 6.489186e-24 4.417321e-24 2.810173e-24 1.665523e-24 9.166388e-25 4.669163e-25 2.193964e-25 9.477854e-26 3.751097e-26 1.354820e-26 4.444362e-27 1.315525e-27 3.478071e-28 8.067179e-29 1.581200e-29 2.365500e-30 1.560620e-31 -5.639307e-32 -3.043777e-32 -9.452604e-33 -2.334290e-33 -4.959932e-34 -9.363226e-35 -1.596147e-35 -2.480151e-36 -3.532800e-37 -4.629172e-38 -5.590380e-39 -6.225034e-40 -6.385255e-41 -6.016067e-42 -5.176991e-43 -4.025669e-44 -2.769985e-45 -1.608412e-46 -6.814826e-48 -4.962183e-50 3.005546e-50 4.307174e-51 4.199501e-52 3.400688e-53 2.425116e-54 1.561443e-55 9.190856e-57 4.981587e-58 2.098752e-59 2.464375e-61 4.479448e-64 1.480539e-67 1.153027e-71 2.551373e-76 1.732006e-81 0.000000e+00
0.000000e+00 1.677052e-77 1.983104e-72 7.862828e-68 9.159772e-64 2.553385e-60 1.303909e-57 1.034400e-55 2.293419e-54 3.947137e-53 6.210585e-52 8.808072e-51 1.095809e-49 1.120006e-48 7.397959e-48 -2.941727e-47 -2.197759e-45 -5.057740e-44 -8.741477e-43 -1.285582e-41 -1.679162e-40 -1.985963e-39 -2.148071e-38 -2.136077e-37 -1.957932e-36 -1.655470e-35 -1.290265e-34 -9.249791e-34 -6.075488e-33 -3.632691e-32 -1.956200e-31 -9.306358e-31 -3.758844e-30 -1.157414e-29 -1.487580e-29 1.302900e-28 1.422385e-27 9.140812e-27 4.673451e-26 2.047948e-25 7.925184e-25 2.749253e-24 8.623921e-24 2.460087e-23 6.408878e-23 1.530130e-22 3.358956e-22 6.801605e-22 1.274634e-21 2.218237e-21 3.597407e-21 5.455584e-21 7.763098e-21 1.039831e-20 1.314905e-20 1.573758e-20 1.786495e-20 1.926467e-20 1.975307e-20 1.926467e-20 1.786495e-20 1.573758e-20 1.314905e-20 1.039831e-20 7.763098e-21 5.455584e-21 3.597407e-21 2.218237e-21 1.274634e-21 6.801605e-22 3.358956e-22 1.530130e-22 6.408878e-23 2.460087e-23 8.623921e-24 2.749253e-24 7.925184e-25 2.047948e-25 4.673451e-26 9.140812e-27 1.422385e-27 1.302900e-28 -1.487580e-29 -1.157414e-29 -3.758844e-30 -9.306358e-31 -1.956200e-31 -3.632691e-32 -6.075488e-33 -9.249791e-34 -1.290265e-34 -1.655470e-35 -1.957932e-36 -2.136077e-37 -2.148071e-38 -1.985963e-39 -1.679162e-40 -1.285582e-41 -8.741477e-43 -5.057740e-44 -2.197759e-45 -2.941727e-47 7.397959e-48 1.120006e-48 1.095809e-49 8.808072e-51 6.210585e-52 3.947137e-53 2.293419e-54 1.034400e-55 1.303909e-57 2.553385e-60 9.159772e-64 7.862828e-68 1.983104e-72 1.677052e-77 0.000000e+00
0.000000e+00 2.962801e-74 3.074668e-69 1.106122e-64 1.187279e-60 3.071821e-57 1.459856e-54 1.077739e-52 2.222369e-51 3.536835e-50 5.067989e-49 6.342090e-48 6.437005e-47 3.945461e-46 -2.862674e-45 -1.561704e-43 -3.520244e-42 -6.107832e-41 -9.086059e-40 -1.204584e-38 -1.448846e-37 -1.595655e-36 -1.616991e-35 -1.511239e-34 -1.303303e-33 -1.036162e-32 -7.575283e-32 -5.070407e-31 -3.084534e-30 -1.684463e-29 -8.070465e-29 -3.226406e-28 -9.239780e-28 -3.450797e-28 1.941683e-26 1.799881e-25 1.129731e-24 5.807377e-24 2.586820e-23 1.022971e-22 3.636882e-22 1.171067e-21 3.432020e-21 9.188057e-21 2.253996e-20 5.081806e-20 1.056156e-19 2.029893e-19 3.620278e-19 6.013261e-19 9.337177e-19 1.360572e-18 1.867556e-18 2.423580e-18 2.983651e-18 3.495110e-18 3.905681e-18 4.171478e-18 4.263457e-18 4.171478e-18 3.905681e-18 3.495110e-18 2.983651e-18 2.423580e-18 1.867556e-18 1.360572e-18 9.337177e-19 6.013261e-19 3.620278e-19 2.029893e-19 1.056156e-19 5.081806e-20 2.253996e-20 9.188057e-21 3.432020e-21 1.171067e-21 3.636882e-22 1.022971e-22 2.586820e-23 5.807377e-24 1.129731e-24 1.799881e-25 1.941683e-26 -3.450797e-28 -9.239780e-28 -3.226406e-28 -8.070465e-29 -1.684463e-29 -3.084534e-30 -5.070407e-31 -7.575283e-32 -1.036162e-32 -1.303303e-33 -1.511239e-34 -1.616991e-35 -1.595655e-36 -1.448846e-37 -1.204584e-38 -9.086059e-40 -6.107832e-41 -3.520244e-42 -1.561704e-43 -2.862674e-45 3.945461e-46 6.437005e-47 6.342090e-48 5.067989e-49 3.536835e-50 2.222369e-51 1.077739e-52 1.459856e-54 3.071821e-57 1.187279e-60 1.106122e-64 3.074668e-69 2.962801e-74 0.000000e+00
0.000000e+00 7.996675e-72 7.533644e-67 2.498211e-62 2.489686e-58 5.996195e-55 2.650125e-52 1.812453e-50 3.443762e-49 4.979234e-48 6.262689e-47 6.297727e-46 3.506024e-45 -4.147010e-44 -1.872043e-42 -4.156987e-41 -7.249849e-40 -1.091219e-38 -1.468263e-37 -1.795474e-36 -2.012662e-35 -2.077501e-34 -1.978717e-33 -1.739522e-32 -1.409782e-31 -1.050313e-30 -7.157830e-30 -4.425458e-29 -2.447112e-28 -1.177574e-27 -4.627245e-27 -1.187521e-26 1.317517e-26 4.384093e-25 3.715062e-24 2.305377e-23 1.195682e-22 5.418376e-22 2.188874e-21 7.967030e-21 2.629319e-20 7.900839e-20 2.168369e-19 5.449653e-19 1.257434e-18 2.670823e-18 5.237544e-18 9.513800e-18 1.606528e-17 2.531759e-17 3.738950e-17 5.196815e-17 6.827994e-17 8.517838e-17 1.013237e-16 1.153942e-16 1.262651e-16 1.331128e-16 1.354488e-16 1.331128e-16 1.262651e-16 1.153942e-16 1.013237e-16 8.517838e-17 6.827994e-17 5.196815e-17 3.738950e-17 2.531759e-17 1.606528e-17 9.513800e-18 5.237544e-18 2.670823e-18 1.257434e-18 5.449653e-19 2.168369e-19 7.900839e-20 2.629319e-20 7.967030e-21 2.188874e-21 5.418376e-22 1.195682e-22 2.305377e-23 3.715062e-24 4.384093e-25 1.317517e-26 -1.187521e-26 -4.627245e-27 -1.177574e-27 -2.447112e-28 -4.425458e-29 -7.157830e-30 -1.050313e-30 -1.409782e-31 -1.739522e-32 -1.978717e-33 -2.077501e-34 -2.012662e-35 -1.795474e-36 -1.468263e-37 -1.091219e-38 -7.249849e-40 -4.156987e-41 -1.872043e-42 -4.147010e-44 3.506024e-45 6.297727e-46 6.262689e-47 4.979234e-48 3.443762e-49 1.812453e-50 2.650125e-52 5.996195e-55 2.489686e-58 2.498211e-62 7.533644e-67 7.996675e-72 0.000000e+00
0.000000e+00 3.785097e-70 3.293993e-65 1.016282e-60 9.448113e-57 2.120855e-53 8.696530e-51 5.468618e-49 9.422695e-48 1.195379e-46 1.200848e-45 6.205523e-45 -1.002089e-43 -4.162193e-42 -9.239338e-41 -1.629871e-39 -2.491670e-38 -3.412176e-37 -4.252097e-36 -4.861505e-35 -5.121520e-34 -4.980932e-33 -4.472730e-32 -3.703238e-31 -2.818381e-30 -1.961122e-29 -1.236522e-28 -6.954242e-28 -3.382062e-27 -1.318626e-26 -3.050283e-26 8.667974e-26 1.719378e-24 1.414219e-23 8.841475e-23 4.671976e-22 2.167649e-21 8.988260e-21 3.362569e-20 1.141296e-19 3.527123e-19 9.950966e-19 2.568419e-18 6.077368e-18 1.321193e-17 2.645410e-17 4.892455e-17 8.384316e-17 1.336222e-16 1.988279e-16 2.774155e-16 3.646383e-16 4.538062e-16 5.377069e-16 6.101833e-16 6.672619e-16 7.074077e-16 7.308778e-16 7.385552e-16 7.308778e-16 7.074077e-16 6.672619e-16 6.101833e-16 5.377069e-16 4.538062e-16 3.646383e-16 2.774155e-16 1.988279e-16 1.336222e-16 8.384316e-17 4.892455e-17 2.645410e-17 1.321193e-17 6.077368e-18 2.568419e-18 9.950966e-19 3.527123e-19 1.141296e-19 3.362569e-20 8.988260e-21 2.167649e-21 4.671976e-22 8.841475e-23 1.414219e-23 1.719378e-24 8.667974e-26 -3.050283e-26 -1.318626e-26 -3.382062e-27 -6.954242e-28 -1.236522e-28 -1.961122e-29 -2.818381e-30 -3.703238e-31 -4.472730e-32 -4.980932e-33 -5.121520e-34 -4.861505e-35 -4.252097e-36 -3.412176e-37 -2.491670e-38 -1.629871e-39 -9.239338e-41 -4.162193e-42 -1.002089e-43 6.205523e-45 1.200848e-45 1.195379e-46 9.422695e-48 5.468618e-49 8.696530e-51 2.120855e-53 9.448113e-57 1.016282e-60 3.293993e-65 3.785097e-70 0.000000e+00
0.000000e+00 8.825192e-69 7.169530e-64 2.070758e-59 1.801297e-55 3.768078e-52 1.426847e-49 8.143214e-48 1.233677e-46 1.259565e-45 6.550935e-45 -1.122574e-43 -4.704019e-42 -1.064125e-40 -1.916552e-39 -2.994177e-38 -4.193087e-37 -5.346591e-36 -6.258281e-35 -6.753420e-34 -6.731307e-33 -6.197833e-32 -5.264143e-31 -4.111492e-30 -2.936864e-29 -1.901032e-28 -1.097141e-27 -5.466266e-27 -2.170206e-26 -4.920255e-26 1.809576e-25 3.341064e-24 2.795080e-23 1.795634e-22 9.785029e-22 4.690286e-21 2.011350e-20 7.786452e-20 2.735377e-19 8.748333e-19 2.552805e-18 6.808178e-18 1.662008e-17 3.719824e-17 7.646993e-17 1.446970e-16 2.526331e-16 4.081072e-16 6.118105e-16 8.539415e-16 1.113631e-15 1.362337e-15 1.570830e-15 1.717627e-15 1.795759e-15 1.814989e-15 1.798234e-15 1.773172e-15 1.762000e-15 1.773172e-15 1.798234e-15 1.814989e-15 1.795759e-15 1.717627e-15 1.570830e-15 1.362337e-15 1.113631e-15 8.539415e-16 6.118105e-16 4.081072e-16 2.526331e-16 1.446970e-16 7.646993e-17 3.719824e-17 1.662008e-17 6.808178e-18 2.552805e-18 8.748333e-19 2.735377e-19 7.786452e-20 2.011350e-20 4.690286e-21 9.785029e-22 1.795634e-22 2.795080e-23 3.341064e-24 1.809576e-25 -4.920255e-26 -2.170206e-26 -5.466266e-27 -1.097141e-27 -1.901032e-28 -2.936864e-29 -4.111492e-30 -5.264143e-31 -6.197833e-32 -6.731307e-33 -6.753420e-34 -6.258281e-35 -5.346591e-36 -4.193087e-37 -2.994177e-38 -1.916552e-39 -1.064125e-40 -4.704019e-42 -1.122574e-43 6.550935e-45 1.259565e-45 1.233677e-46 8.143214e-48 1.426847e-49 3.768078e-52 1.801297e-55 2.070758e-59 7.169530e-64 8.825192e-69 0.000000e+00
0.000000e+00 1.862343e-67 1.417459e-62 3.834749e-58 3.113189e-54 6.026584e-51 2.075422e-48 1.038229e-46 1.261000e-45 6.681127e-45 -1.170260e-43 -5.005088e-42 -1.156499e-40 -2.128594e-39 -3.399921e-38 -4.870182e-37 -6.354962e-36 -7.615949e-35 -8.418550e-34 -8.599449e-33 -8.118594e-32 -7.073664e-31 -5.670001e-30 -4.158094e-29 -2.763887e-28 -1.637791e-27 -8.369615e-27 -3.393871e-26 -7.631171e-26 3.361658e-25 6.024064e-24 5.151949e-23 3.406648e-22 1.915595e-21 9.487600e-21 4.207363e-20 1.685085e-19 6.125131e-19 2.026500e-18 6.113584e-18 1.683804e-17 4.237896e-17 9.755883e-17 2.056205e-16 3.972156e-16 7.041333e-16 1.146650e-15 1.716688e-15 2.362999e-15 2.986808e-15 3.454720e-15 3.629736e-15 3.413321e-15 2.784994e-15 1.824360e-15 7.048541e-16 -3.423789e-16 -1.085663e-15 -1.354332e-15 -1.085663e-15 -3.423789e-16 7.048541e-16 1.824360e-15 2.784994e-15 3.413321e-15 3.629736e-15 3.454720e-15 2.986808e-15 2.362999e-15 1.716688e-15 1.146650e-15 7.041333e-16 3.972156e-16 2.056205e-16 9.755883e-17 4.237896e-17 1.683804e-17 6.113584e-18 2.026500e-18 6.125131e-19 1.685085e-19 4.207363e-20 9.487600e-21 1.915595e-21 3.406648e-22 5.151949e-23 6.024064e-24 3.361658e-25 -7.631171e-26 -3.393871e-26 -8.369615e-27 -1.637791e-27 -2.763887e-28 -4.158094e-29 -5.670001e-30 -7.073664e-31 -8.118594e-32 -8.599449e-33 -8.418550e-34 -7.615949e-35 -6.354962e-36 -4.870182e-37 -3.399921e-38 -2.128594e-39 -1.156499e-40 -5.005088e-42 -1.170260e-43 6.681127e-45 1.261000e-45 1.038229e-46 2.075422e-48 6.026584e-51 3.113189e-54 3.834749e-58 1.417459e-62 1.862343e-67 0.000000e+00
0.000000e+00 3.625996e-66 2.586376e-61 6.536078e-57 4.917881e-53 8.681387e-50 2.630483e-47 1.051602e-45 6.562358e-45 -1.170246e-43 -5.109628e-42 -1.205614e-40 -2.266788e-39 -3.700185e-38 -5.419074e-37 -7.232902e-36 -8.870390e-35 -1.003872e-33 -1.050362e-32 -1.016206e-31 -9.077738e-31 -7.463391e-30 -5.615997e-29 -3.831183e-28 -2.329794e-27 -1.220735e-26 -5.055815e-26 -1.128598e-25 5.827960e-25 1.025831e-23 8.975174e-23 6.106523e-22 3.541020e-21 1.810758e-20 8.296799e-20 3.434749e-19 1.290642e-18 4.413194e-18 1.375122e-17 3.907321e-17 1.012758e-16 2.394755e-16 5.165509e-16 1.016085e-15 1.821281e-15 2.969516e-15 4.387282e-15 5.826464e-15 6.835495e-15 6.797869e-15 5.051683e-15 1.072642e-15 -5.327855e-15 -1.385423e-14 -2.368609e-14 -3.357532e-14 -4.206977e-14 -4.781294e-14 -4.984312e-14 -4.781294e-14 -4.206977e-14 -3.357532e-14 -2.368609e-14 -1.385423e-14 -5.327855e-15 1.072642e-15 5.051683e-15 6.797869e-15 6.835495e-15 5.826464e-15 4.387282e-15 2.969516e-15 1.821281e-15 1.016085e-15 5.165509e-16 2.394755e-16 1.012758e-16 3.907321e-17 1.375122e-17 4.413194e-18 1.290642e-18 3.434749e-19 8.296799e-20 1.810758e-20 3.541020e-21 6.106523e-22 8.975174e-23 1.025831e-23 5.827960e-25 -1.128598e-25 -5.055815e-26 -1.220735e-26 -2.329794e-27 -3.831183e-28 -5.615997e-29 -7.463391e-30 -9.077738e-31 -1.016206e-31 -1.050362e-32 -1.003872e-33 -8.870390e-35 -7.232902e-36 -5.419074e-37 -3.700185e-38 -2.266788e-39 -1.205614e-40 -5.109628e-42 -1.170246e-43 6.562358e-45 1.051602e-45 2.630483e-47 8.681387e-50 4.917881e-53 6.536078e-57 2.586376e-61 3.625996e-66 0.000000e+00
0.000000e+00 6.515076e-65 4.344514e-60 1.019000e-55 7.010125e-52 1.094915e-48 2.685502e-46 5.643166e-45 -1.122729e-43 -5.005078e-42 -1.205614e-40 -2.314804e-39 -3.860047e-38 -5.777452e-37 -7.884072e-36 -9.890041e-35 -1.145371e-33 -1.226923e-32 -1.215819e-31 -1.112932e-30 -9.380264e-30 -7.238589e-29 -5.065433e-28 -3.159708e-27 -1.696943e-26 -7.178813e-26 -1.593484e-25 9.467386e-25 1.651755e-23 1.479261e-22 1.035271e-21 6.187108e-21 3.264269e-20 1.544154e-19 6.602222e-19 2.562437e-18 9.047897e-18 2.909383e-17 8.521055e-17 2.272283e-16 5.512442e-16 1.214921e-15 2.427389e-15 4.380759e-15 7.094697e-15 1.017860e-14 1.257445e-14 1.239982e-14 7.025767e-15 -6.526821e-15 -3.089659e-14 -6.754418e-14 -1.160016e-13 -1.734540e-13 -2.348286e-13 -2.934340e-13 -3.420453e-13 -3.742063e-13 -3.854571e-13 -3.742063e-13 -3.420453e-13 -2.934340e-13 -2.348286e-13 -1.734540e-13 -1.160016e-13 -6.754418e-14 -3.089659e-14 -6.526821e-15 7.025767e-15 1.239982e-14 1.257445e-14 1.017860e-14 7.094697e-15 4.380759e-15 2.427389e-15 1.214921e-15 5.512442e-16 2.272283e-16 8.521055e-17 2.909383e-17 9.047897e-18 2.562437e-18 6.602222e-19 1.544154e-19 3.264269e-20 6.187108e-21 1.035271e-21 1.479261e-22 1.651755e-23 9.467386e-25 -1.593484e-25 -7.178813e-26 -1.696943e-26 -3.159708e-27 -5.065433e-28 -7.238589e-29 -9.380264e-30 -1.112932e-30 -1.215819e-31 -1.226923e-32 -1.145371e-33 -9.890041e-35 -7.884072e-36 -5.777452e-37 -3.860047e-38 -2.314804e-39 -1.205614e-40 -5.005078e-42 -1.122729e-43 5.643166e-45 2.685502e-46 1.094915e-48 7.010125e-52 1.019000e-55 4.344514e-60 6.515076e-65 0.000000e+00
0.000000e+00 1.077785e-63 6.679220e-59 1.435807e-54 8.785582e-51 1.127871e-47 1.588956e-45 -8.180031e-44 -4.707095e-42 -1.156500e-40 -2.266788e-39 -3.860047e-38 -5.902066e-37 -8.231161e-36 -1.055684e-34 -1.250532e-33 -1.370788e-32 -1.390652e-31 -1.303782e-30 -1.125952e-29 -8.906117e-29 -6.389948e-28 -4.086830e-27 -2.249042e-26 -9.719850e-26 -2.149895e-25 1.445403e-24 2.517148e-23 2.308505e-22 1.661341e-21 1.022695e-20 5.563098e-20 2.714921e-19 1.197957e-18 4.798676e-18 1.748351e-17 5.797135e-17 1.748725e-16 4.793673e-16 1.191893e-15 2.680250e-15 5.426463e-15 9.816201e-15 1.564032e-14 2.128547e-14 2.278094e-14 1.308705e-14 -1.788154e-14 -8.211970e-14 -1.912411e-13 -3.534253e-13 -5.703467e-13 -8.349550e-13 -1.130828e-12 -1.433451e-12 -1.713303e-12 -1.940218e-12 -2.088169e-12 -2.139559e-12 -2.088169e-12 -1.940218e-12 -1.713303e-12 -1.433451e-12 -1.130828e-12 -8.349550e-13 -5.703467e-13 -3.534253e-13 -1.912411e-13 -8.211970e-14 -1.788154e-14 1.308705e-14 2.278094e-14 2.128547e-14 1.564032e-14 9.816201e-15 5.426463e-15 2.680250e-15 1.191893e-15 4.793673e-16 1.748725e-16 5.797135e-17 1.748351e-17 4.798676e-18 1.197957e-18 2.714921e-19 5.563098e-20 1.022695e-20 1.661341e-21 2.308505e-22 2.517148e-23 1.445403e-24 -2.149895e-25 -9.719850e-26 -2.249042e-26 -4.086830e-27 -6.389948e-28 -8.906117e-29 -1.125952e-29 -1.303782e-30 -1.390652e-31 -1.370788e-32 -1.250532e-33 -1.055684e-34 -8.231161e-36 -5.902066e-37 -3.860047e-38 -2.266788e-39 -1.156500e-40 -4.707095e-42 -8.180031e-44 1.588956e-45 1.127871e-47 8.785582e-51 1.435807e-54 6.679220e-59 1.077785e-63 0.000000e+00
0.000000e+00 1.632651e-62 9.293389e-58 1.785266e-53 9.100643e-50 7.280726e-47 -1.506095e-44 -3.525213e-42 -1.064947e-40 -2.128596e-39 -3.700185e-38 -5.777452e-37 -8.231161e-36 -1.078888e-34 -1.306653e-33 -1.465021e-32 -1.520853e-31 -1.459670e-30 -1.291010e-29 -1.046216e-28 -7.692703e-28 -5.042585e-27 -2.842781e-26 -1.255350e-25 -2.774093e-25 2.078505e-24 3.633370e-23 3.413543e-22 2.525311e-21 1.600381e-20 8.969968e-20 4.513055e-19 2.053681e-18 8.484434e-18 3.187419e-17 1.089078e-16 3.381339e-16 9.521516e-16 2.424358e-15 5.555682e-15 1.137292e-14 2.052396e-14 3.179222e-14 3.955318e-14 3.055673e-14 -1.883120e-14 -1.432984e-13 -3.857375e-13 -7.904283e-13 -1.393200e-12 -2.210754e-12 -3.231882e-12 -4.413026e-12 -5.679614e-12 -6.933288e-12 -8.063865e-12 -8.963975e-12 -9.543890e-12 -9.744132e-12 -9.543890e-12 -8.963975e-12 -8.063865e-12 -6.933288e-12 -5.679614e-12 -4.413026e-12 -3.231882e-12 -2.210754e-12 -1.393200e-12 -7.904283e-13 -3.857375e-13 -1.432984e-13 -1.883120e-14 3.055673e-14 3.955318e-14 3.179222e-14 2.052396e-14 1.137292e-14 5.555682e-15 2.424358e-15 9.521516e-16 3.381339e-16 1.089078e-16 3.187419e-17 8.484434e-18 2.053681e-18 4.513055e-19 8.969968e-20 1.600381e-20 2.525311e-21 3.413543e-22 3.633370e-23 2.078505e-24 -2.774093e-25 -1.255350e-25 -2.842781e-26 -5.042585e-27 -7.692703e-28 -1.046216e-28 -1.291010e-29 -1.459670e-30 -1.520853e-31 -1.465021e-32 -1.306653e-33 -1.078888e-34 -8.231161e-36 -5.777452e-37 -3.700185e-38 -2.128596e-39 -1.064947e-40 -3.525213e-42 -1.506095e-44 7.280726e-47 9.100643e-50 1.785266e-53 9.293389e-58 1.632651e-62 0.000000e+00
0.000000e+00 2.240979e-61 1.144697e-56 1.853282e-52 6.267371e-49 -4.010204e-46 -7.466620e-43 -7.890224e-41 -1.918146e-39 -3.399928e-38 -5.419074e-37 -7.884072e-36 -1.055684e-34 -1.306653e-33 -1.497840e-32 -1.590421e-31 -1.561943e-30 -1.414177e-29 -1.173610e-28 -8.839828e-28 -5.936649e-27 -3.427776e-26 -1.547024e-25 -3.426095e-25 2.819913e-24 4.970925e-23 4.785520e-22 3.638203e-21 2.372453e-20 1.369319e-19 7.098190e-19 3.328933e-18 1.417498e-17 5.487487e-17 1.930925e-16 6.166873e-16 1.782788e-15 4.645353e-15 1.083731e-14 2.238586e-14 4.010096e-14 5.947754e-14 6.333588e-14 1.193385e-14 -1.663786e-13 -5.790252e-13 -1.362812e-12 -2.665231e-12 -4.615701e-12 -7.292868e-12 -1.069601e-11 -1.472781e-11 -1.919295e-11 -2.381318e-11 -2.825627e-11 -3.217361e-11 -3.524079e-11 -3.719522e-11 -3.786639e-11 -3.719522e-11 -3.524079e-11 -3.217361e-11 -2.825627e-11 -2.381318e-11 -1.919295e-11 -1.472781e-11 -1.069601e-11 -7.292868e-12 -4.615701e-12 -2.665231e-12 -1.362812e-12 -5.790252e-13 -1.663786e-13 1.193385e-14 6.333588e-14 5.947754e-14 4.010096e-14 2.238586e-14 1.083731e-14 4.645353e-15 1.782788e-15 6.166873e-16 1.930925e-16 5.487487e-17 1.417498e-17 3.328933e-18 7.098190e-19 1.369319e-19 2.372453e-20 3.638203e-21 4.785520e-22 4.970925e-23 2.819913e-24 -3.426095e-25 -1.547024e-25 -3.427776e-26 -5.936649e-27 -8.839828e-28 -1.173610e-28 -1.414177e-29 -1.561943e-30 -1.590421e-31 -1.497840e-32 -1.306653e-33 -1.055684e-34 -7.884072e-36 -5.419074e-37 -3.399928e-38 -1.918146e-39 -7.890224e-41 -7.466620e-43 -4.010204e-46 6.267371e-49 1.853282e-52 1.144697e-56 2.240979e-61 0.000000e+00
0.000000e+00 2.730599e-60 1.187305e-55 1.338217e-51 -1.704325e-48 -2.542660e-44 -1.687915e-41 -1.397694e-39 -2.996783e-38 -4.870196e-37 -7.232902e-36 -9.890041e-35 -1.250532e-33 -1.465021e-32 -1.590421e-31 -1.597591e-30 -1.480066e-29 -1.257318e-28 -9.697353e-28 -6.669973e-27 -3.943575e-26 -1.819532e-25 -4.052777e-25 3.613981e-24 6.449558e-23 6.363880e-22 4.970513e-21 3.333565e-20 1.980227e-19 1.056975e-18 5.105702e-18 2.239454e-17 8.928527e-17 3.233792e-16 1.061864e-15 3.150065e-15 8.395466e-15 1.992353e-14 4.145348e-14 7.332412e-14 1.020415e-13 8.066142e-14 -9.895294e-14 -6.342760e-13 -1.826743e-12 -4.068297e-12 -7.792720e-12 -1.339729e-11 -2.115203e-11 -3.111916e-11 -4.310295e-11 -5.664120e-11 -7.103907e-11 -8.543682e-11 -9.889800e-11 -1.105035e-10 -1.194394e-10 -1.250703e-10 -1.269933e-10 -1.250703e-10 -1.194394e-10 -1.105035e-10 -9.889800e-11 -8.543682e-11 -7.103907e-11 -5.664120e-11 -4.310295e-11 -3.111916e-11 -2.115203e-11 -1.339729e-11 -7.792720e-12 -4.068297e-12 -1.826743e-12 -6.342760e-13 -9.895294e-14 8.066142e-14 1.020415e-13 7.332412e-14 4.145348e-14 1.992353e-14 8.395466e-15 3.150065e-15 1.061864e-15 3.233792e-16 8.928527e-17 2.239454e-17 5.105702e-18 1.056975e-18 1.980227e-19 3.333565e-20 4.970513e-21 6.363880e-22 6.449558e-23 3.613981e-24 -4.052777e-25 -1.819532e-25 -3.943575e-26 -6.669973e-27 -9.697353e-28 -1.257318e-28 -1.480066e-29 -1.597591e-30 -1.590421e-31 -1.465021e-32 -1.250532e-33 -9.890041e-35 -7.232902e-36 -4.870196e-37 -2.996783e-38 -1.397694e-39 -1.687915e-41 -2.542660e-44 -1.704325e-48 1.338217e-51 1.187305e-55 2.730599e-60 0.000000e+00
0.000000e+00 2.822454e-59 8.875016e-55 -9.558662e-52 -1.656542e-46 -5.857198e-43 -2.969443e-40 -2.142791e-38 -4.196857e-37 -6.354984e-36 -8.870390e-35 -1.145371e-33 -1.370788e-32 -1.520853e-31 -1.561943e-30 -1.480066e-29 -1.286518e-28 -1.015659e-27 -7.152420e-27 -4.329523e-26 -2.042835e-25 -4.594455e-25 4.379331e-24 7.939273e-23 8.030929e-22 6.442399e-21 4.441818e-20 2.714203e-19 1.490941e-18 7.413835e-18 3.347822e-17 1.373927e-16 5.119573e-16 1.727710e-15 5.257571e-15 1.432734e-14 3.456729e-14 7.233556e-14 1.256486e-13 1.595061e-13 5.762894e-14 -4.489201e-13 -1.858058e-12 -4.941065e-12 -1.071373e-11 -2.031264e-11 -3.479172e-11 -5.488799e-11 -8.081974e-11 -1.121695e-10 -1.478770e-10 -1.863354e-10 -2.255616e-10 -2.634000e-10 -2.977228e-10 -3.265999e-10 -3.484274e-10 -3.620124e-10 -3.666228e-10 -3.620124e-10 -3.484274e-10 -3.265999e-10 -2.977228e-10 -2.634000e-10 -2.255616e-10 -1.863354e-10 -1.478770e-10 -1.121695e-10 -8.081974e-11 -5.488799e-11 -3.479172e-11 -2.031264e-11 -1.071373e-11 -4.941065e-12 -1.858058e-12 -4.489201e-13 5.762894e-14 1.595061e-13 1.256486e-13 7.233556e-14 3.456729e-14 1.432734e-14 5.257571e-15 1.727710e-15 5.119573e-16 1.373927e-16 3.347822e-17 7.413835e-18 1.490941e-18 2.714203e-19 4.441818e-20 6.442399e-21 8.030929e-22 7.939273e-23 4.379331e-24 -4.594455e-25 -2.042835e-25 -4.329523e-26 -7.152420e-27 -1.015659e-27 -1.286518e-28 -1.480066e-29 -1.561943e-30 -1.520853e-31 -1.370788e-32 -1.145371e-33 -8.870390e-35 -6.354984e-36 -4.196857e-37 -2.142791e-38 -2.969443e-40 -5.857198e-43 -1.656542e-46 -9.558662e-52 8.875016e-55 2.822454e-59 0.000000e+00
0.000000e+00 2.163025e-58 6.853498e-55 -2.715005e-49 -3.906948e-45 -1.026447e-41 -4.495529e-39 -2.941039e-37 -5.351522e-36 -7.615980e-35 -1.003872e-33 -1.226923e-32 -1.390652e-31 -1.459670e-30 -1.414177e-29 -1.257318e-28 -1.015659e-27 -7.320811e-27 -4.536328e-26 -2.189650e-25 -4.993913e-25 5.021068e-24 9.275560e-23 9.620703e-22 7.924680e-21 5.614650e-20 3.527541e-19 1.993140e-18 1.019740e-17 4.738338e-17 2.000740e-16 7.666954e-16 2.658259e-15 8.296010e-15 2.311121e-14 5.667216e-14 1.191384e-13 2.020861e-13 2.245115e-13 -7.703508e-14 -1.317620e-12 -4.652213e-12 -1.189083e-11 -2.543015e-11 -4.794147e-11 -8.185873e-11 -1.288064e-10 -1.891406e-10 -2.617344e-10 -3.440529e-10 -4.324737e-10 -5.227489e-10 -6.104916e-10 -6.915907e-10 -7.624969e-10 -8.203688e-10 -8.631013e-10 -8.892769e-10 -8.980889e-10 -8.892769e-10 -8.631013e-10 -8.203688e-10 -7.624969e-10 -6.915907e-10 -6.104916e-10 -5.227489e-10 -4.324737e-10 -3.440529e-10 -2.617344e-10 -1.891406e-10 -1.288064e-10 -8.185873e-11 -4.794147e-11 -2.543015e-11 -1.189083e-11 -4.652213e-12 -1.317620e-12 -7.703508e-14 2.245115e-13 2.020861e-13 1.191384e-13 5.667216e-14 2.311121e-14 8.296010e-15 2.658259e-15 7.666954e-16 2.000740e-16 4.738338e-17 1.019740e-17 1.993140e-18 3.527541e-19 5.614650e-20 7.924680e-21 9.620703e-22 9.275560e-23 5.021068e-24 -4.993913e-25 -2.189650e-25 -4.536328e-26 -7.320811e-27 -1.015659e-27 -1.257318e-28 -1.414177e-29 -1.459670e-30 -1.390652e-31 -1.226923e-32 -1.003872e-33 -7.615980e-35 -5.351522e-36 -2.941039e-37 -4.495529e-39 -1.026447e-41 -3.906948e-45 -2.715005e-49 6.853498e-55 2.163025e-58 0.000000e+00
0.000000e+00 4.111223e-58 -1.392917e-52 -6.587725e-48 -6.824351e-44 -1.536898e-40 -6.076674e-38 -3.672242e-36 -6.264174e-35 -8.418589e-34 -1.050362e-32 -1.215819e-31 -1.303782e-30 -1.291010e-29 -1.173610e-28 -9.697353e-28 -7.152420e-27 -4.536328e-26 -2.240877e-25 -5.206067e-25 5.449437e-24 1.028772e-22 1.094352e-21 9.253932e-21 6.734902e-20 4.348668e-19 2.526191e-18 1.329176e-17 6.352426e-17 2.758600e-16 1.086756e-15 3.870192e-15 1.238511e-14 3.527055e-14 8.790016e-14 1.855063e-13 3.055660e-13 2.780639e-13 -4.465499e-13 -3.168250e-12 -1.036361e-11 -2.594902e-11 -5.510152e-11 -1.034795e-10 -1.759688e-10 -2.753483e-10 -4.013383e-10 -5.503467e-10 -7.159600e-10 -8.899820e-10 -1.063694e-09 -1.229012e-09 -1.379314e-09 -1.509843e-09 -1.617698e-09 -1.701526e-09 -1.761043e-09 -1.796507e-09 -1.808277e-09 -1.796507e-09 -1.761043e-09 -1.701526e-09 -1.617698e-09 -1.509843e-09 -1.379314e-09 -1.229012e-09 -1.063694e-09 -8.899820e-10 -7.159600e-10 -5.503467e-10 -4.013383e-10 -2.753483e-10 -1.759688e-10 -1.034795e-10 -5.510152e-11 -2.594902e-11 -1.036361e-11 -3.168250e-12 -4.465499e-13 2.780639e-13 3.055660e-13 1.855063e-13 8.790016e-14 3.527055e-14 1.238511e-14 3.870192e-15 1.086756e-15 2.758600e-16 6.352426e-17 1.329176e-17 2.526191e-18 4.348668e-19 6.734902e-20 9.253932e-21 1.094352e-21 1.028772e-22 5.449437e-24 -5.206067e-25 -2.240877e-25 -4.536328e-26 -7.152420e-27 -9.697353e-28 -1.173610e-28 -1.291010e-29 -1.303782e-30 -1.215819e-31 -1.050362e-32 -8.418589e-34 -6.264174e-35 -3.672242e-36 -6.076674e-38 -1.536898e-40 -6.824351e-44 -6.587725e-48 -1.392917e-52 4.111223e-58 0.000000e+00
0.000000e+00 -2.632047e-56 -3.497563e-51 -1.147221e-46 -1.010372e-42 -2.047860e-39 -7.460745e-37 -4.206298e-35 -6.759892e-34 -8.599495e-33 -1.016206e-31 -1.112932e-30 -1.125952e-29 -1.046216e-28 -8.839828e-28 -6.669973e-27 -4.329523e-26 -2.189650e-25 -5.206067e-25 5.600034e-24 1.083404e-22 1.182213e-21 1.026059e-20 7.668170e-20 5.086457e-19 3.036561e-18 1.642388e-17 8.070033e-17 3.602884e-16 1.458738e-15 5.334834e-15 1.750499e-14 5.096650e-14 1.291201e-13 2.735042e-13 4.352215e-13 2.874250e-13 -1.230516e-12 -6.668117e-12 -2.095506e-11 -5.194156e-11 -1.099179e-10 -2.057170e-10 -3.477430e-10 -5.389953e-10 -7.753031e-10 -1.045468e-09 -1.333220e-09 -1.620276e-09 -1.889536e-09 -2.127622e-09 -2.326295e-09 -2.482702e-09 -2.598661e-09 -2.679329e-09 -2.731629e-09 -2.762713e-09 -2.778659e-09 -2.783504e-09 -2.778659e-09 -2.762713e-09 -2.731629e-09 -2.679329e-09 -2.598661e-09 -2.482702e-09 -2.326295e-09 -2.127622e-09 -1.889536e-09 -1.620276e-09 -1.333220e-09 -1.045468e-09 -7.753031e-10 -5.389953e-10 -3.477430e-10 -2.057170e-10 -1.099179e-10 -5.194156e-11 -2.095506e-11 -6.668117e-12 -1.230516e-12 2.874250e-13 4.352215e-13 2.735042e-13 1.291201e-13 5.096650e-14 1.750499e-14 5.334834e-15 1.458738e-15 3.602884e-16 8.070033e-17 1.642388e-17 3.036561e-18 5.086457e-19 7.668170e-20 1.026059e-20 1.182213e-21 1.083404e-22 5.600034e-24 -5.206067e-25 -2.189650e-25 -4.329523e-26 -6.669973e-27 -8.839828e-28 -1.046216e-28 -1.125952e-29 -1.112932e-30 -1.016206e-31 -8.599495e-33 -6.759892e-34 -4.206298e-35 -7.460745e-37 -2.047860e-39 -1.010372e-42 -1.147221e-46 -3.497563e-51 -2.632047e-56 0.000000e+00
0.000000e+00 -6.890235e-55 -6.074132e-50 -1.678688e-45 -1.326464e-41 -2.473902e-38 -8.394536e-36 -4.439244e-34 -6.737854e-33 -8.118644e-32 -9.077738e-31 -9.380264e-30 -8.906117e-29 -7.692703e-28 -5.936649e-27 -3.943575e-26 -2.042835e-25 -4.993913e-25 5.449437e-24 1.083404e-22 1.213026e-21 1.080390e-20 8.288546e-20 5.645973e-19 3.462505e-18 1.924377e-17 9.717891e-17 4.458956e-16 1.854973e-15 6.965766e-15 2.343690e-14 6.978260e-14 1.798078e-13 3.824293e-13 5.853149e-13 2.091113e-13 -2.647332e-12 -1.263937e-11 -3.890941e-11 -9.609795e-11 -2.031164e-10 -3.787279e-10 -6.348003e-10 -9.700032e-10 -1.367029e-09 -1.794765e-09 -2.214567e-09 -2.588302e-09 -2.885595e-09 -3.088484e-09 -3.192891e-09 -3.207315e-09 -3.149693e-09 -3.043529e-09 -2.914136e-09 -2.785525e-09 -2.678134e-09 -2.607356e-09 -2.582694e-09 -2.607356e-09 -2.678134e-09 -2.785525e-09 -2.914136e-09 -3.043529e-09 -3.149693e-09 -3.207315e-09 -3.192891e-09 -3.088484e-09 -2.885595e-09 -2.588302e-09 -2.214567e-09 -1.794765e-09 -1.367029e-09 -9.700032e-10 -6.348003e-10 -3.787279e-10 -2.031164e-10 -9.609795e-11 -3.890941e-11 -1.263937e-11 -2.647332e-12 2.091113e-13 5.853149e-13 3.824293e-13 1.798078e-13 6.978260e-14 2.343690e-14 6.965766e-15 1.854973e-15 4.458956e-16 9.717891e-17 1.924377e-17 3.462505e-18 5.645973e-19 8.288546e-20 1.080390e-20 1.213026e-21 1.083404e-22 5.449437e-24 -4.993913e-25 -2.042835e-25 -3.943575e-26 -5.936649e-27 -7.692703e-28 -8.906117e-29 -9.380264e-30 -9.077738e-31 -8.118644e-32 -6.737854e-33 -4.439244e-34 -8.394536e-36 -2.473902e-38 -1.326464e-41 -1.678688e-45 -6.074132e-50 -6.890235e-55 0.000000e+00
0.000000e+00 -1.193760e-53 -8.779791e-49 -2.169877e-44 -1.575702e-40 -2.735616e-37 -8.696614e-35 -4.325218e-33 -6.203939e-32 -7.073713e-31 -7.463391e-30 -7.238589e-29 -6.389948e-28 -5.042585e-27 -3.427776e-26 -1.819532e-25 -4.594455e-25 5.021068e-24 1.028772e-22 1.182213e-21 1.080390e-20 8.506201e-20 5.948203e-19 3.745983e-18 2.138537e-17 1.109524e-16 5.230729e-16 2.235416e-15 8.618791e-15 2.973850e-14 9.058625e-14 2.375825e-13 5.079117e-13 7.454910e-13 -9.160732e-16 -4.905673e-12 -2.190541e-11 -6.684760e-11 -1.652394e-10 -3.493691e-10 -6.486048e-10 -1.074858e-09 -1.609996e-09 -2.202723e-09 -2.777635e-09 -3.252722e-09 -3.558336e-09 -3.651317e-09 -3.520964e-09 -3.187009e-09 -2.692072e-09 -2.091788e-09 -1.445386e-09 -8.084252e-10 -2.282931e-10 2.577234e-10 6.224996e-10 8.480707e-10 9.243413e-10 8.480707e-10 6.224996e-10 2.577234e-10 -2.282931e-10 -8.084252e-10 -1.445386e-09 -2.091788e-09 -2.692072e-09 -3.187009e-09 -3.520964e-09 -3.651317e-09 -3.558336e-09 -3.252722e-09 -2.777635e-09 -2.202723e-09 -1.609996e-09 -1.074858e-09 -6.486048e-10 -3.493691e-10 -1.652394e-10 -6.684760e-11 -2.190541e-11 -4.905673e-12 -9.160732e-16 7.454910e-13 5.079117e-13 2.375825e-13 9.058625e-14 2.973850e-14 8.618791e-15 2.235416e-15 5.230729e-16 1.109524e-16 2.138537e-17 3.745983e-18 5.948203e-19 8.506201e-20 1.080390e-20 1.182213e-21 1.028772e-22 5.021068e-24 -4.594455e-25 -1.819532e-25 -3.427776e-26 -5.042585e-27 -6.389948e-28 -7.238589e-29 -7.463391e-30 -7.073713e-31 -6.203939e-32 -4.325218e-33 -8.696614e-35 -2.735616e-37 -1.575702e-40 -2.169877e-44 -8.779791e-49 -1.193760e-53 0.000000e+00
0.000000e+00 -1.703600e-52 -1.116534e-47 -2.532515e-43 -1.711182e-39 -2.783091e-36 -8.313644e-34 -3.891231e-32 -5.269385e-31 -5.670045e-30 -5.615997e-29 -5.065433e-28 -4.086830e-27 -2.842781e-26 -1.547024e-25 -4.052777e-25 4.379331e-24 9.275560e-23 1.094352e-21 1.026059e-20 8.288546e-20 5.948203e-19 3.845499e-18 2.254318e-17 1.201283e-16 5.817419e-16 2.553590e-15 1.010853e-14 3.577544e-14 1.115449e-13 2.980879e-13 6.416730e-13 9.026006e-13 -3.706358e-13 -8.126896e-12 -3.502855e-11 -1.068224e-10 -2.651802e-10 -5.615741e-10 -1.037388e-09 -1.694400e-09 -2.471167e-09 -3.242986e-09 -3.850179e-09 -4.142027e-09 -4.016762e-09 -3.443570e-09 -2.462598e-09 -1.167656e-09 3.191840e-10 1.872507e-09 3.382309e-09 4.764377e-09 5.962962e-09 6.947739e-09 7.707585e-09 8.243291e-09 8.560789e-09 8.665855e-09 8.560789e-09 8.243291e-09 7.707585e-09 6.947739e-09 5.962962e-09 4.764377e-09 3.382309e-09 1.872507e-09 3.191840e-10 -1.167656e-09 -2.462598e-09 -3.443570e-09 -4.016762e-09 -4.142027e-09 -3.850179e-09 -3.242986e-09 -2.471167e-09 -1.694400e-09 -1.037388e-09 -5.615741e-10 -2.651802e-10 -1.068224e-10 -3.502855e-11 -8.126896e-12 -3.706358e-13 9.026006e-13 6.416730e-13 2.980879e-13 1.115449e-13 3.577544e-14 1.010853e-14 2.553590e-15 5.817419e-16 1.201283e-16 2.254318e-17 3.845499e-18 5.948203e-19 8.288546e-20 1.026059e-20 1.094352e-21 9.275560e-23 4.379331e-24 -4.052777e-25 -1.547024e-25 -2.842781e-26 -4.086830e-27 -5.065433e-28 -5.615997e-29 -5.670045e-30 -5.269385e-31 -3.891231e-32 -8.313644e-34 -2.783091e-36 -1.711182e-39 -2.532515e-43 -1.116534e-47 -1.703600e-52 0.000000e+00
0.000000e+00 -2.129819e-51 -1.279237e-46 -2.698559e-42 -1.708231e-38 -2.611352e-35 -7.336685e-33 -3.228257e-31 -4.115621e-30 -4.158131e-29 -3.831184e-28 -3.159708e-27 -2.249042e-26 -1.255350e-25 -3.426095e-25 3.613981e-24 7.939273e-23 9.620703e-22 9.253932e-21 7.668170e-20 5.645973e-19 3.745983e-18 2.254318e-17 1.233512e-16 6.134781e-16 2.765638e-15 1.124071e-14 4.081563e-14 1.303425e-13 3.553678e-13 7.721795e-13 1.043599e-12 -8.937466e-13 -1.225698e-11 -5.198779e-11 -1.593856e-10 -3.985172e-10 -8.464220e-10 -1.555214e-09 -2.495776e-09 -3.516162e-09 -4.354218e-09 -4.712771e-09 -4.360420e-09 -3.205991e-09 -1.318532e-09 1.104156e-09 3.797128e-09 6.493450e-09 8.973643e-09 1.109199e-08 1.278069e-08 1.403853e-08 1.491178e-08 1.547332e-08 1.580435e-08 1.598016e-08 1.606036e-08 1.608277e-08 1.606036e-08 1.598016e-08 1.580435e-08 1.547332e-08 1.491178e-08 1.403853e-08 1.278069e-08 1.109199e-08 8.973643e-09 6.493450e-09 3.797128e-09 1.104156e-09 -1.318532e-09 -3.205991e-09 -4.360420e-09 -4.712771e-09 -4.354218e-09 -3.516162e-09 -2.495776e-09 -1.555214e-09 -8.464220e-10 -3.985172e-10 -1.593856e-10 -5.198779e-11 -1.225698e-11 -8.937466e-13 1.043599e-12 7.721795e-13 3.553678e-13 1.303425e-13 4.081563e-14 1.124071e-14 2.765638e-15 6.134781e-16 1.233512e-16 2.254318e-17 3.745983e-18 5.645973e-19 7.668170e-20 9.253932e-21 9.620703e-22 7.939273e-23 3.613981e-24 -3.426095e-25 -1.255350e-25 -2.249042e-26 -3.159708e-27 -3.831184e-28 -4.158131e-29 -4.115621e-30 -3.228257e-31 -7.336685e-33 -2.611352e-35 -1.708231e-38 -2.698559e-42 -1.279237e-46 -2.129819e-51 0.000000e+00
0.000000e+00 -2.393304e-50 -1.336220e-45 -2.640814e-41 -1.571843e-37 -2.261258e-34 -5.970345e-32 -2.462334e-30 -2.939832e-29 -2.763916e-28 -2.329794e-27 -1.696943e-26 -9.719850e-26 -2.774093e-25 2.819913e-24 6.449558e-23 8.030929e-22 7.924680e-21 6.734902e-20 5.086457e-19 3.462505e-18 2.138537e-17 1.201283e-16 6.134781e-16 2.840129e-15 1.185304e-14 4.417077e-14 1.445783e-13 4.027529e-13 8.861758e-13 1.158377e-12 -1.517861e-12 -1.700203e-11 -7.190229e-11 -2.226894e-10 -5.623560e-10 -1.199835e-09 -2.193009e-09 -3.447943e-09 -4.649662e-09 -5.308038e-09 -4.934773e-09 -3.256552e-09 -3.343587e-10 3.462691e-09 7.587481e-09 1.147711e-08 1.468515e-08 1.695015e-08 1.820240e-08 1.852833e-08 1.811501e-08 1.719574e-08 1.600646e-08 1.475776e-08 1.362081e-08 1.272336e-08 1.215201e-08 1.195620e-08 1.215201e-08 1.272336e-08 1.362081e-08 1.475776e-08 1.600646e-08 1.719574e-08 1.811501e-08 1.852833e-08 1.820240e-08 1.695015e-08 1.468515e-08 1.147711e-08 7.587481e-09 3.462691e-09 -3.343587e-10 -3.256552e-09 -4.934773e-09 -5.308038e-09 -4.649662e-09 -3.447943e-09 -2.193009e-09 -1.199835e-09 -5.623560e-10 -2.226894e-10 -7.190229e-11 -1.700203e-11 -1.517861e-12 1.158377e-12 8.861758e-13 4.027529e-13 1.445783e-13 4.417077e-14 1.185304e-14 2.840129e-15 6.134781e-16 1.201283e-16 2.138537e-17 3.462505e-18 5.086457e-19 6.734902e-20 7.924680e-21 8.030929e-22 6.449558e-23 2.819913e-24 -2.774093e-25 -9.719850e-26 -1.696943e-26 -2.329794e-27 -2.763916e-28 -2.939832e-29 -2.462334e-30 -5.970345e-32 -2.261258e-34 -1.571843e-37 -2.640814e-41 -1.336220e-45 -2.393304e-50 0.000000e+00
