0.000000e+00 -6.884668e-118 -1.843480e-111 -3.257530e-106 -1.342873e-101 -1.201819e-97 -1.865029e-94 -4.311966e-92 -2.637224e-90 -1.208703e-88 -5.039585e-87 -1.914505e-85 -6.626693e-84 -2.085152e-82 -5.932756e-81 -1.510364e-79 -3.369059e-78 -6.280178e-77 -8.467612e-76 -2.044375e-75 3.586749e-73 1.581173e-71 4.667797e-70 1.127805e-68 2.362984e-67 4.396348e-66 7.342237e-65 1.105464e-63 1.500428e-62 1.828166e-61 1.980157e-60 1.869004e-59 1.470590e-58 8.472871e-58 1.353136e-57 -5.023969e-56 -9.361287e-55 -1.112283e-53 -1.059742e-52 -8.617696e-52 -6.132854e-51 -3.864102e-50 -2.167184e-49 -1.084137e-48 -4.836979e-48 -1.921623e-47 -6.778449e-47 -2.114557e-46 -5.802885e-46 -1.391286e-45 -2.887530e-45 -5.119414e-45 -7.590805e-45 -9.042196e-45 -7.824348e-45 -3.023481e-45 4.318973e-45 1.112087e-44 1.389908e-44 1.112087e-44 4.318973e-45 -3.023481e-45 -7.824348e-45 -9.042196e-45 -7.590805e-45 -5.119414e-45 -2.887530e-45 -1.391286e-45 -5.802885e-46 -2.114557e-46 -6.778449e-47 -1.921623e-47 -4.836979e-48 -1.084137e-48 -2.167184e-49 -3.864102e-50 -6.132854e-51 -8.617696e-52 -1.059742e-52 -1.112283e-53 -9.361287e-55 -5.023969e-56 1.353136e-57 8.472871e-58 1.470590e-58 1.869004e-59 1.980157e-60 1.828166e-61 1.500428e-62 1.105464e-63 7.342237e-65 4.396348e-66 2.362984e-67 1.127805e-68 4.667797e-70 1.581173e-71 3.586749e-73 -2.044375e-75 -8.467612e-76 -6.280178e-77 -3.369059e-78 -1.510364e-79 -5.932756e-81 -2.085152e-82 -6.626693e-84 -1.914505e-85 -5.039585e-87 -1.208703e-88 -2.637224e-90 -4.311966e-92 -1.865029e-94 -1.201819e-97 -1.342873e-101 -3.257530e-106 -1.843480e-111 -6.884668e-118 0.000000e+00
0.000000e+00 -2.863229e-111 -1.323462e-105 -1.683198e-100 -5.793793e-96 -4.554121e-92 -6.356766e-89 -1.339915e-86 -7.541578e-85 -3.198681e-83 -1.237024e-81 -4.359769e-80 -1.397029e-78 -4.047667e-77 -1.048906e-75 -2.378699e-74 -4.491564e-73 -6.043099e-72 -8.138405e-72 2.986543e-69 1.306627e-67 3.912408e-66 9.640898e-65 2.065250e-63 3.934397e-62 6.735059e-61 1.040204e-59 1.449024e-58 1.812340e-57 2.014158e-56 1.947009e-55 1.559684e-54 8.928406e-54 7.963801e-54 -6.956496e-52 -1.264394e-50 -1.533215e-49 -1.507590e-48 -1.271900e-47 -9.422957e-47 -6.197195e-46 -3.636298e-45 -1.906996e-44 -8.935407e-44 -3.733350e-43 -1.386148e-42 -4.550480e-42 -1.311412e-41 -3.283474e-41 -7.026177e-41 -1.247563e-40 -1.719764e-40 -1.458232e-40 5.966200e-41 5.441378e-40 1.315192e-39 2.218728e-39 2.962101e-39 3.251231e-39 2.962101e-39 2.218728e-39 1.315192e-39 5.441378e-40 5.966200e-41 -1.458232e-40 -1.719764e-40 -1.247563e-40 -7.026177e-41 -3.283474e-41 -1.311412e-41 -4.550480e-42 -1.386148e-42 -3.733350e-43 -8.935407e-44 -1.906996e-44 -3.636298e-45 -6.197195e-46 -9.422957e-47 -1.271900e-47 -1.507590e-48 -1.533215e-49 -1.264394e-50 -6.956496e-52 7.963801e-54 8.928406e-54 1.559684e-54 1.947009e-55 2.014158e-56 1.812340e-57 1.449024e-58 1.040204e-59 6.735059e-61 3.934397e-62 2.065250e-63 9.640898e-65 3.912408e-66 1.306627e-67 2.986543e-69 -8.138405e-72 -6.043099e-72 -4.491564e-73 -2.378699e-74 -1.048906e-75 -4.047667e-77 -1.397029e-78 -4.359769e-80 -1.237024e-81 -3.198681e-83 -7.541578e-85 -1.339915e-86 -6.356766e-89 -4.554121e-92 -5.793793e-96 -1.683198e-100 -1.323462e-105 -2.863229e-111 0.000000e+00
0.000000e+00 -8.404969e-106 -2.795769e-100 -2.968705e-95 -8.974415e-91 -6.344411e-87 -8.069835e-84 -1.562667e-81 -8.129468e-80 -3.197349e-78 -1.146779e-76 -3.739954e-75 -1.102726e-73 -2.906650e-72 -6.695623e-71 -1.279039e-69 -1.711286e-68 -1.072977e-69 9.881275e-66 4.294316e-64 1.303372e-62 3.272912e-61 7.161894e-60 1.395705e-58 2.446493e-57 3.871792e-56 5.529013e-55 7.089516e-54 8.072405e-53 7.977243e-52 6.487922e-51 3.660706e-50 -1.279634e-51 -3.731151e-48 -6.660986e-47 -8.238561e-46 -8.346804e-45 -7.291012e-44 -5.610346e-43 -3.841691e-42 -2.351817e-41 -1.289092e-40 -6.322481e-40 -2.768102e-39 -1.077411e-38 -3.704884e-38 -1.115006e-37 -2.893157e-37 -6.300385e-37 -1.085426e-36 -1.220741e-36 2.090196e-37 5.540493e-36 1.777296e-35 3.899988e-35 6.814248e-35 9.955243e-35 1.241978e-34 1.335769e-34 1.241978e-34 9.955243e-35 6.814248e-35 3.899988e-35 1.777296e-35 5.540493e-36 2.090196e-37 -1.220741e-36 -1.085426e-36 -6.300385e-37 -2.893157e-37 -1.115006e-37 -3.704884e-38 -1.077411e-38 -2.768102e-39 -6.322481e-40 -1.289092e-40 -2.351817e-41 -3.841691e-42 -5.610346e-43 -7.291012e-44 -8.346804e-45 -8.238561e-46 -6.660986e-47 -3.731151e-48 -1.279634e-51 3.660706e-50 6.487922e-51 7.977243e-52 8.072405e-53 7.089516e-54 5.529013e-55 3.871792e-56 2.446493e-57 1.395705e-58 7.161894e-60 3.272912e-61 1.303372e-62 4.294316e-64 9.881275e-66 -1.072977e-69 -1.711286e-68 -1.279039e-69 -6.695623e-71 -2.906650e-72 -1.102726e-73 -3.739954e-75 -1.146779e-76 -3.197349e-78 -8.129468e-80 -1.562667e-81 -8.069835e-84 -6.344411e-87 -8.974415e-91 -2.968705e-95 -2.795769e-100 -8.404969e-106 0.000000e+00
0.000000e+00 -6.289617e-101 -1.746779e-95 -1.628956e-90 -4.428777e-86 -2.852857e-82 -3.332032e-79 -5.953140e-77 -2.868057e-75 -1.045774e-73 -3.469104e-72 -1.040271e-70 -2.787109e-69 -6.515746e-68 -1.257493e-66 -1.666505e-65 2.478654e-65 1.126847e-62 4.868462e-61 1.496864e-59 3.827331e-58 8.547777e-57 1.702475e-55 3.052772e-54 4.945382e-53 7.231413e-52 9.494094e-51 1.105975e-49 1.115257e-48 9.181733e-48 5.055961e-47 -6.402969e-47 -6.743880e-45 -1.188627e-43 -1.498572e-42 -1.561946e-41 -1.409963e-40 -1.124476e-39 -7.998124e-39 -5.095329e-38 -2.910896e-37 -1.489829e-36 -6.811921e-36 -2.768887e-35 -9.929411e-35 -3.103426e-34 -8.277773e-34 -1.805471e-33 -2.867096e-33 -1.636284e-33 9.040407e-33 4.433408e-32 1.280599e-31 2.861916e-31 5.314213e-31 8.446115e-31 1.166532e-30 1.411864e-30 1.503935e-30 1.411864e-30 1.166532e-30 8.446115e-31 5.314213e-31 2.861916e-31 1.280599e-31 4.433408e-32 9.040407e-33 -1.636284e-33 -2.867096e-33 -1.805471e-33 -8.277773e-34 -3.103426e-34 -9.929411e-35 -2.768887e-35 -6.811921e-36 -1.489829e-36 -2.910896e-37 -5.095329e-38 -7.998124e-39 -1.124476e-39 -1.409963e-40 -1.561946e-41 -1.498572e-42 -1.188627e-43 -6.743880e-45 -6.402969e-47 5.055961e-47 9.181733e-48 1.115257e-48 1.105975e-49 9.494094e-51 7.231413e-52 4.945382e-53 3.052772e-54 1.702475e-55 8.547777e-57 3.827331e-58 1.496864e-59 4.868462e-61 1.126847e-62 2.478654e-65 -1.666505e-65 -1.257493e-66 -6.515746e-68 -2.787109e-69 -1.040271e-70 -3.469104e-72 -1.045774e-73 -2.868057e-75 -5.953140e-77 -3.332032e-79 -2.852857e-82 -4.428777e-86 -1.628956e-90 -1.746779e-95 -6.289617e-101 0.000000e+00
0.000000e+00 -1.150091e-96 -2.805199e-91 -2.352732e-86 -5.828480e-82 -3.447314e-78 -3.713096e-75 -6.131921e-73 -2.734729e-71 -9.217636e-70 -2.809359e-68 -7.645209e-67 -1.812279e-65 -3.528587e-64 -4.610881e-63 1.552914e-62 3.662598e-60 1.574272e-58 4.900445e-57 1.274876e-55 2.903551e-54 5.905219e-53 1.082196e-51 1.792719e-50 2.681318e-49 3.600073e-48 4.284396e-47 4.400402e-46 3.655482e-45 1.939802e-44 -5.685639e-44 -3.404422e-42 -5.947425e-41 -7.638328e-40 -8.178544e-39 -7.615907e-38 -6.282598e-37 -4.631616e-36 -3.063250e-35 -1.819189e-34 -9.688356e-34 -4.611487e-33 -1.950501e-32 -7.263211e-32 -2.344364e-31 -6.370420e-31 -1.362522e-30 -1.803516e-30 1.346482e-30 1.853001e-29 7.418486e-29 2.126572e-28 4.952361e-28 9.795319e-28 1.681125e-27 2.534415e-27 3.381999e-27 4.013973e-27 4.248630e-27 4.013973e-27 3.381999e-27 2.534415e-27 1.681125e-27 9.795319e-28 4.952361e-28 2.126572e-28 7.418486e-29 1.853001e-29 1.346482e-30 -1.803516e-30 -1.362522e-30 -6.370420e-31 -2.344364e-31 -7.263211e-32 -1.950501e-32 -4.611487e-33 -9.688356e-34 -1.819189e-34 -3.063250e-35 -4.631616e-36 -6.282598e-37 -7.615907e-38 -8.178544e-39 -7.638328e-40 -5.947425e-41 -3.404422e-42 -5.685639e-44 1.939802e-44 3.655482e-45 4.400402e-46 4.284396e-47 3.600073e-48 2.681318e-49 1.792719e-50 1.082196e-51 5.905219e-53 2.903551e-54 1.274876e-55 4.900445e-57 1.574272e-58 3.662598e-60 1.552914e-62 -4.610881e-63 -3.528587e-64 -1.812279e-65 -7.645209e-67 -2.809359e-68 -9.217636e-70 -2.734729e-71 -6.131921e-73 -3.713096e-75 -3.447314e-78 -5.828480e-82 -2.352732e-86 -2.805199e-91 -1.150091e-96 0.000000e+00
0.000000e+00 -4.203764e-93 -9.221999e-88 -7.047808e-83 -1.603148e-78 -8.743948e-75 -8.701111e-72 -1.327457e-69 -5.463119e-68 -1.690440e-66 -4.669465e-65 -1.121401e-63 -2.199708e-62 -2.819879e-61 1.593394e-60 2.640491e-58 1.130073e-56 3.559804e-55 9.416416e-54 2.185370e-52 4.534811e-51 8.486113e-50 1.436187e-48 2.194917e-47 3.010360e-46 3.655082e-45 3.816677e-44 3.188454e-43 1.604385e-42 -8.384520e-42 -3.742500e-40 -6.501771e-39 -8.501673e-38 -9.339241e-37 -8.957068e-36 -7.629098e-35 -5.817764e-34 -3.985884e-33 -2.454844e-32 -1.356799e-31 -6.703279e-31 -2.940313e-30 -1.132264e-29 -3.752665e-29 -1.028232e-28 -2.092135e-28 -1.751549e-28 9.230173e-28 6.139915e-27 2.323716e-26 6.797681e-26 1.658892e-25 3.485753e-25 6.413917e-25 1.044417e-24 1.515945e-24 1.971362e-24 2.304775e-24 2.427460e-24 2.304775e-24 1.971362e-24 1.515945e-24 1.044417e-24 6.413917e-25 3.485753e-25 1.658892e-25 6.797681e-26 2.323716e-26 6.139915e-27 9.230173e-28 -1.751549e-28 -2.092135e-28 -1.028232e-28 -3.752665e-29 -1.132264e-29 -2.940313e-30 -6.703279e-31 -1.356799e-31 -2.454844e-32 -3.985884e-33 -5.817764e-34 -7.629098e-35 -8.957068e-36 -9.339241e-37 -8.501673e-38 -6.501771e-39 -3.742500e-40 -8.384520e-42 1.604385e-42 3.188454e-43 3.816677e-44 3.655082e-45 3.010360e-46 2.194917e-47 1.436187e-48 8.486113e-50 4.534811e-51 2.185370e-52 9.416416e-54 3.559804e-55 1.130073e-56 2.640491e-58 1.593394e-60 -2.819879e-61 -2.199708e-62 -1.121401e-63 -4.669465e-65 -1.690440e-66 -5.463119e-68 -1.327457e-69 -8.701111e-72 -8.743948e-75 -1.603148e-78 -7.047808e-83 -9.221999e-88 -4.203764e-93 0.000000e+00
0.000000e+00 -2.404761e-90 -4.807955e-85 -3.374459e-80 -7.079607e-76 -3.567880e-72 -3.278776e-69 -4.606134e-67 -1.736849e-65 -4.865297e-64 -1.183257e-62 -2.336763e-61 -2.928533e-60 2.430499e-59 3.226832e-57 1.377938e-55 4.393245e-54 1.181329e-52 2.792666e-51 5.909818e-50 1.128678e-48 1.950344e-47 3.043750e-46 4.261250e-45 5.274219e-44 5.593136e-43 4.688305e-42 2.200670e-41 -1.833215e-40 -6.862230e-39 -1.190714e-37 -1.585724e-36 -1.786077e-35 -1.762491e-34 -1.548043e-33 -1.219365e-32 -8.640215e-32 -5.508785e-31 -3.153626e-30 -1.613613e-29 -7.321294e-29 -2.906092e-28 -9.842358e-28 -2.691411e-27 -4.989657e-27 2.319396e-28 5.321648e-26 2.932661e-25 1.100718e-24 3.322947e-24 8.507074e-24 1.892587e-23 3.710666e-23 6.472309e-23 1.011348e-22 1.423324e-22 1.811519e-22 2.091125e-22 2.193182e-22 2.091125e-22 1.811519e-22 1.423324e-22 1.011348e-22 6.472309e-23 3.710666e-23 1.892587e-23 8.507074e-24 3.322947e-24 1.100718e-24 2.932661e-25 5.321648e-26 2.319396e-28 -4.989657e-27 -2.691411e-27 -9.842358e-28 -2.906092e-28 -7.321294e-29 -1.613613e-29 -3.153626e-30 -5.508785e-31 -8.640215e-32 -1.219365e-32 -1.548043e-33 -1.762491e-34 -1.786077e-35 -1.585724e-36 -1.190714e-37 -6.862230e-39 -1.833215e-40 2.200670e-41 4.688305e-42 5.593136e-43 5.274219e-44 4.261250e-45 3.043750e-46 1.950344e-47 1.128678e-48 5.909818e-50 2.792666e-51 1.181329e-52 4.393245e-54 1.377938e-55 3.226832e-57 2.430499e-59 -2.928533e-60 -2.336763e-61 -1.183257e-62 -4.865297e-64 -1.736849e-65 -4.606134e-67 -3.278776e-69 -3.567880e-72 -7.079607e-76 -3.374459e-80 -4.807955e-85 -2.404761e-90 0.000000e+00
0.000000e+00 -2.393650e-88 -4.399667e-83 -2.851140e-78 -5.533317e-74 -2.578303e-70 -2.183525e-67 -2.807314e-65 -9.573592e-64 -2.361268e-62 -4.712817e-61 -5.839359e-60 6.100283e-59 7.291793e-57 3.133679e-55 1.014648e-53 2.779005e-52 6.701504e-51 1.448010e-49 2.825535e-48 4.990886e-47 7.963775e-46 1.139853e-44 1.441209e-43 1.557261e-42 1.318130e-41 5.872054e-41 -6.643385e-40 -2.303917e-38 -4.041966e-37 -5.508734e-36 -6.378853e-35 -6.487825e-34 -5.883894e-33 -4.792257e-32 -3.515300e-31 -2.322349e-30 -1.378412e-29 -7.313084e-29 -3.437409e-28 -1.409339e-27 -4.891164e-27 -1.338113e-26 -2.209094e-26 3.024809e-26 4.524666e-25 2.372703e-24 9.096229e-24 2.863555e-23 7.718111e-23 1.817973e-22 3.788876e-22 7.048016e-22 1.178197e-21 1.779914e-21 2.441277e-21 3.051156e-21 3.484188e-21 3.641118e-21 3.484188e-21 3.051156e-21 2.441277e-21 1.779914e-21 1.178197e-21 7.048016e-22 3.788876e-22 1.817973e-22 7.718111e-23 2.863555e-23 9.096229e-24 2.372703e-24 4.524666e-25 3.024809e-26 -2.209094e-26 -1.338113e-26 -4.891164e-27 -1.409339e-27 -3.437409e-28 -7.313084e-29 -1.378412e-29 -2.322349e-30 -3.515300e-31 -4.792257e-32 -5.883894e-33 -6.487825e-34 -6.378853e-35 -5.508734e-36 -4.041966e-37 -2.303917e-38 -6.643385e-40 5.872054e-41 1.318130e-41 1.557261e-42 1.441209e-43 1.139853e-44 7.963775e-46 4.990886e-47 2.825535e-48 1.448010e-49 6.701504e-51 2.779005e-52 1.014648e-53 3.133679e-55 7.291793e-57 6.100283e-59 -5.839359e-60 -4.712817e-61 -2.361268e-62 -9.573592e-64 -2.807314e-65 -2.183525e-67 -2.578303e-70 -5.533317e-74 -2.851140e-78 -4.399667e-83 -2.393650e-88 0.000000e+00
0.000000e+00 -1.140856e-86 -1.939825e-81 -1.165191e-76 -2.095422e-72 -9.020148e-69 -7.007617e-66 -8.151936e-64 -2.450358e-62 -4.979390e-61 -6.266529e-60 6.883688e-59 8.265568e-57 3.622476e-55 1.198171e-53 3.355170e-52 8.277592e-51 1.830910e-49 3.659378e-48 6.624237e-47 1.083828e-45 1.591414e-44 2.064943e-43 2.289712e-42 1.986018e-41 8.936337e-41 -1.104863e-39 -3.872498e-38 -6.984690e-37 -9.818163e-36 -1.174614e-34 -1.235981e-33 -1.161093e-32 -9.806974e-32 -7.468514e-31 -5.127794e-30 -3.166007e-29 -1.748431e-28 -8.555464e-28 -3.647655e-27 -1.310825e-26 -3.657135e-26 -5.604125e-26 1.494515e-25 1.752373e-24 9.326132e-24 3.730411e-23 1.237024e-22 3.529006e-22 8.824228e-22 1.956279e-21 3.877125e-21 6.915581e-21 1.116609e-20 1.640306e-20 2.201789e-20 2.710017e-20 3.066425e-20 3.194789e-20 3.066425e-20 2.710017e-20 2.201789e-20 1.640306e-20 1.116609e-20 6.915581e-21 3.877125e-21 1.956279e-21 8.824228e-22 3.529006e-22 1.237024e-22 3.730411e-23 9.326132e-24 1.752373e-24 1.494515e-25 -5.604125e-26 -3.657135e-26 -1.310825e-26 -3.647655e-27 -8.555464e-28 -1.748431e-28 -3.166007e-29 -5.127794e-30 -7.468514e-31 -9.806974e-32 -1.161093e-32 -1.235981e-33 -1.174614e-34 -9.818163e-36 -6.984690e-37 -3.872498e-38 -1.104863e-39 8.936337e-41 1.986018e-41 2.289712e-42 2.064943e-43 1.591414e-44 1.083828e-45 6.624237e-47 3.659378e-48 1.830910e-49 8.277592e-51 3.355170e-52 1.198171e-53 3.622476e-55 8.265568e-57 6.883688e-59 -6.266529e-60 -4.979390e-61 -2.450358e-62 -8.151936e-64 -7.007617e-66 -9.020148e-69 -2.095422e-72 -1.165191e-76 -1.939825e-81 -1.140856e-86 0.000000e+00
0.000000e+00 -4.848097e-85 -7.645022e-80 -4.258101e-75 -7.080493e-71 -2.799197e-67 -1.969645e-64 -2.016250e-62 -4.983505e-61 -6.393838e-60 7.173829e-59 8.793863e-57 3.937382e-55 1.331144e-53 3.811834e-52 9.621699e-51 2.178540e-49 4.459496e-48 8.272380e-47 1.387750e-45 2.090399e-44 2.784026e-43 3.169788e-42 2.822484e-41 1.296466e-40 -1.690668e-39 -6.058864e-38 -1.125486e-36 -1.632301e-35 -2.017336e-34 -2.195263e-33 -2.134992e-32 -1.868864e-31 -1.476528e-30 -1.052779e-29 -6.756313e-29 -3.880952e-28 -1.975735e-27 -8.756738e-27 -3.259455e-26 -9.288908e-26 -1.312363e-25 5.678218e-25 6.006194e-24 3.280728e-23 1.372072e-22 4.790101e-22 1.443857e-21 3.822895e-21 8.986472e-21 1.890228e-20 3.580953e-20 6.145866e-20 9.607287e-20 1.374563e-19 1.807649e-19 2.192572e-19 2.459233e-19 2.554688e-19 2.459233e-19 2.192572e-19 1.807649e-19 1.374563e-19 9.607287e-20 6.145866e-20 3.580953e-20 1.890228e-20 8.986472e-21 3.822895e-21 1.443857e-21 4.790101e-22 1.372072e-22 3.280728e-23 6.006194e-24 5.678218e-25 -1.312363e-25 -9.288908e-26 -3.259455e-26 -8.756738e-27 -1.975735e-27 -3.880952e-28 -6.756313e-29 -1.052779e-29 -1.476528e-30 -1.868864e-31 -2.134992e-32 -2.195263e-33 -2.017336e-34 -1.632301e-35 -1.125486e-36 -6.058864e-38 -1.690668e-39 1.296466e-40 2.822484e-41 3.169788e-42 2.784026e-43 2.090399e-44 1.387750e-45 8.272380e-47 4.459496e-48 2.178540e-49 9.621699e-51 3.811834e-52 1.331144e-53 3.937382e-55 8.793863e-57 7.173829e-59 -6.393838e-60 -4.983505e-61 -2.016250e-62 -1.969645e-64 -2.799197e-67 -7.080493e-71 -4.258101e-75 -7.645022e-80 -4.848097e-85 0.000000e+00
0.000000e+00 -1.877802e-83 -2.746661e-78 -1.415251e-73 -2.162976e-69 -7.754954e-66 -4.809334e-63 -4.039961e-61 -6.274124e-60 7.173790e-59 8.977328e-57 4.104870e-55 1.417847e-53 4.149999e-52 1.071223e-50 2.481534e-49 5.199798e-48 9.878776e-47 1.698190e-45 2.622630e-44 3.582872e-43 4.186060e-42 3.824472e-41 1.793575e-40 -2.457366e-39 -9.006807e-38 -1.721917e-36 -2.574385e-35 -3.283585e-34 -3.691476e-33 -3.712680e-32 -3.364163e-31 -2.754064e-30 -2.036625e-29 -1.356737e-28 -8.095111e-28 -4.281684e-27 -1.970170e-26 -7.587177e-26 -2.206212e-25 -2.816355e-25 1.867821e-24 1.873981e-23 1.054650e-22 4.609559e-22 1.691168e-21 5.372794e-21 1.501921e-20 3.731177e-20 8.298143e-20 1.662478e-19 3.017725e-19 4.990675e-19 7.559450e-19 1.053883e-18 1.358103e-18 1.623487e-18 1.805038e-18 1.869616e-18 1.805038e-18 1.623487e-18 1.358103e-18 1.053883e-18 7.559450e-19 4.990675e-19 3.017725e-19 1.662478e-19 8.298143e-20 3.731177e-20 1.501921e-20 5.372794e-21 1.691168e-21 4.609559e-22 1.054650e-22 1.873981e-23 1.867821e-24 -2.816355e-25 -2.206212e-25 -7.587177e-26 -1.970170e-26 -4.281684e-27 -8.095111e-28 -1.356737e-28 -2.036625e-29 -2.754064e-30 -3.364163e-31 -3.712680e-32 -3.691476e-33 -3.283585e-34 -2.574385e-35 -1.721917e-36 -9.006807e-38 -2.457366e-39 1.793575e-40 3.824472e-41 4.186060e-42 3.582872e-43 2.622630e-44 1.698190e-45 9.878776e-47 5.199798e-48 2.481534e-49 1.071223e-50 4.149999e-52 1.417847e-53 4.104870e-55 8.977328e-57 7.173790e-59 -6.274124e-60 -4.039961e-61 -4.809334e-63 -7.754954e-66 -2.162976e-69 -1.415251e-73 -2.746661e-78 -1.877802e-83 0.000000e+00
0.000000e+00 -6.629091e-82 -8.974436e-77 -4.253385e-72 -5.903132e-68 -1.870161e-64 -9.565732e-62 -5.070195e-60 6.876853e-59 8.793856e-57 4.104870e-55 1.447977e-53 4.330087e-52 1.142457e-50 2.706412e-49 5.802089e-48 1.128346e-46 1.986497e-45 3.143574e-44 4.402665e-43 5.275430e-42 4.942837e-41 2.367317e-40 -3.394326e-39 -1.272785e-37 -2.502722e-36 -3.854126e-35 -5.068853e-34 -5.881494e-33 -6.110950e-32 -5.725807e-31 -4.851460e-30 -3.716504e-29 -2.566823e-28 -1.588818e-27 -8.720106e-27 -4.160742e-26 -1.656102e-25 -4.909634e-25 -5.524189e-25 5.476291e-24 5.357639e-23 3.113593e-22 1.421098e-21 5.469504e-21 1.827323e-20 5.379117e-20 1.408139e-19 3.300416e-19 6.966455e-19 1.331648e-18 2.318001e-18 3.694839e-18 5.422305e-18 7.363357e-18 9.294422e-18 1.094569e-17 1.206014e-17 1.245386e-17 1.206014e-17 1.094569e-17 9.294422e-18 7.363357e-18 5.422305e-18 3.694839e-18 2.318001e-18 1.331648e-18 6.966455e-19 3.300416e-19 1.408139e-19 5.379117e-20 1.827323e-20 5.469504e-21 1.421098e-21 3.113593e-22 5.357639e-23 5.476291e-24 -5.524189e-25 -4.909634e-25 -1.656102e-25 -4.160742e-26 -8.720106e-27 -1.588818e-27 -2.566823e-28 -3.716504e-29 -4.851460e-30 -5.725807e-31 -6.110950e-32 -5.881494e-33 -5.068853e-34 -3.854126e-35 -2.502722e-36 -1.272785e-37 -3.394326e-39 2.367317e-40 4.942837e-41 5.275430e-42 4.402665e-43 3.143574e-44 1.986497e-45 1.128346e-46 5.802089e-48 2.706412e-49 1.142457e-50 4.330087e-52 1.447977e-53 4.104870e-55 8.793856e-57 6.876853e-59 -5.070195e-60 -9.565732e-62 -1.870161e-64 -5.903132e-68 -4.253385e-72 -8.974436e-77 -6.629091e-82 0.000000e+00
0.000000e+00 -2.128091e-80 -2.651870e-75 -1.142746e-70 -1.404968e-66 -3.695413e-63 -1.225889e-60 4.899011e-59 8.267869e-57 3.937381e-55 1.417847e-53 4.330087e-52 1.167231e-50 2.826325e-49 6.196195e-48 1.232831e-46 2.221692e-45 3.600554e-44 5.166772e-43 6.345912e-42 6.094883e-41 2.981980e-40 -4.457768e-39 -1.710554e-37 -3.457411e-36 -5.480089e-35 -7.425338e-34 -8.884414e-33 -9.527245e-32 -9.221350e-31 -8.078072e-30 -6.403441e-29 -4.579867e-28 -2.937473e-27 -1.670988e-26 -8.258665e-26 -3.394560e-25 -1.025403e-24 -9.848722e-25 1.454048e-23 1.410547e-22 8.475444e-22 4.035833e-21 1.626765e-20 5.703596e-20 1.763926e-19 4.853238e-19 1.195362e-18 2.649720e-18 5.313595e-18 9.691713e-18 1.616891e-17 2.481612e-17 3.524002e-17 4.655125e-17 5.748125e-17 6.661791e-17 7.268899e-17 7.481681e-17 7.268899e-17 6.661791e-17 5.748125e-17 4.655125e-17 3.524002e-17 2.481612e-17 1.616891e-17 9.691713e-18 5.313595e-18 2.649720e-18 1.195362e-18 4.853238e-19 1.763926e-19 5.703596e-20 1.626765e-20 4.035833e-21 8.475444e-22 1.410547e-22 1.454048e-23 -9.848722e-25 -1.025403e-24 -3.394560e-25 -8.258665e-26 -1.670988e-26 -2.937473e-27 -4.579867e-28 -6.403441e-29 -8.078072e-30 -9.221350e-31 -9.527245e-32 -8.884414e-33 -7.425338e-34 -5.480089e-35 -3.457411e-36 -1.710554e-37 -4.457768e-39 2.981980e-40 6.094883e-41 6.345912e-42 5.166772e-43 3.600554e-44 2.221692e-45 1.232831e-46 6.196195e-48 2.826325e-49 1.167231e-50 4.330087e-52 1.417847e-53 3.937381e-55 8.267869e-57 4.899011e-59 -1.225889e-60 -3.695413e-63 -1.404968e-66 -1.142746e-70 -2.651870e-75 -2.128091e-80 0.000000e+00
0.000000e+00 -6.178826e-79 -7.008806e-74 -2.681861e-69 -2.754644e-65 -4.841090e-62 8.591648e-60 6.133207e-57 3.624119e-55 1.331144e-53 4.149999e-52 1.142457e-50 2.826325e-49 6.333381e-48 1.288621e-46 2.375867e-45 3.941244e-44 5.791805e-43 7.287828e-42 7.171922e-41 3.585701e-40 -5.568436e-39 -2.187151e-37 -4.541561e-36 -7.403822e-35 -1.032730e-33 -1.273111e-32 -1.407771e-31 -1.406199e-30 -1.272348e-29 -1.042570e-28 -7.713625e-28 -5.120941e-27 -3.016016e-26 -1.542497e-25 -6.542123e-25 -2.012951e-24 -1.579379e-24 3.531057e-23 3.433328e-22 2.134264e-21 1.059239e-20 4.464417e-20 1.639548e-19 5.315942e-19 1.533753e-18 3.959840e-18 9.191927e-18 1.927391e-17 3.668905e-17 6.374970e-17 1.017069e-16 1.499067e-16 2.053855e-16 2.631375e-16 3.169832e-16 3.607237e-16 3.892094e-16 3.990898e-16 3.892094e-16 3.607237e-16 3.169832e-16 2.631375e-16 2.053855e-16 1.499067e-16 1.017069e-16 6.374970e-17 3.668905e-17 1.927391e-17 9.191927e-18 3.959840e-18 1.533753e-18 5.315942e-19 1.639548e-19 4.464417e-20 1.059239e-20 2.134264e-21 3.433328e-22 3.531057e-23 -1.579379e-24 -2.012951e-24 -6.542123e-25 -1.542497e-25 -3.016016e-26 -5.120941e-27 -7.713625e-28 -1.042570e-28 -1.272348e-29 -1.406199e-30 -1.407771e-31 -1.273111e-32 -1.032730e-33 -7.403822e-35 -4.541561e-36 -2.187151e-37 -5.568436e-39 3.585701e-40 7.171922e-41 7.287828e-42 5.791805e-43 3.941244e-44 2.375867e-45 1.288621e-46 6.333381e-48 2.826325e-49 1.142457e-50 4.149999e-52 1.331144e-53 3.624119e-55 6.133207e-57 8.591648e-60 -4.841090e-62 -2.754644e-65 -2.681861e-69 -7.008806e-74 -6.178826e-79 0.000000e+00
0.000000e+00 -1.605336e-77 -1.620500e-72 -5.209879e-68 -3.670708e-64 2.166880e-61 1.273629e-57 2.651934e-55 1.198813e-53 3.811835e-52 1.071223e-50 2.706412e-49 6.196195e-48 1.288621e-46 2.429583e-45 4.123401e-44 6.202267e-43 7.991584e-42 8.054922e-41 4.116716e-40 -6.618183e-39 -2.661427e-37 -5.674449e-36 -9.508185e-35 -1.364296e-33 -1.731444e-32 -1.972580e-31 -2.031660e-30 -1.896933e-29 -1.605182e-28 -1.227319e-27 -8.425174e-27 -5.132322e-26 -2.713693e-25 -1.186808e-24 -3.719177e-24 -2.231842e-24 7.895358e-23 7.750676e-22 4.985746e-21 2.576369e-20 1.133738e-19 4.353677e-19 1.477118e-18 4.459960e-18 1.204340e-17 2.920347e-17 6.384384e-17 1.263868e-16 2.276925e-16 3.754173e-16 5.700352e-16 8.024055e-16 1.054318e-15 1.302025e-15 1.521274e-15 1.691706e-15 1.799163e-15 1.835797e-15 1.799163e-15 1.691706e-15 1.521274e-15 1.302025e-15 1.054318e-15 8.024055e-16 5.700352e-16 3.754173e-16 2.276925e-16 1.263868e-16 6.384384e-17 2.920347e-17 1.204340e-17 4.459960e-18 1.477118e-18 4.353677e-19 1.133738e-19 2.576369e-20 4.985746e-21 7.750676e-22 7.895358e-23 -2.231842e-24 -3.719177e-24 -1.186808e-24 -2.713693e-25 -5.132322e-26 -8.425174e-27 -1.227319e-27 -1.605182e-28 -1.896933e-29 -2.031660e-30 -1.972580e-31 -1.731444e-32 -1.364296e-33 -9.508185e-35 -5.674449e-36 -2.661427e-37 -6.618183e-39 4.116716e-40 8.054922e-41 7.991584e-42 6.202267e-43 4.123401e-44 2.429583e-45 1.288621e-46 6.196195e-48 2.706412e-49 1.071223e-50 3.811835e-52 1.198813e-53 2.651934e-55 1.273629e-57 2.166880e-61 -3.670708e-64 -5.209879e-68 -1.620500e-72 -1.605336e-77 0.000000e+00
0.000000e+00 -3.653512e-76 -3.114808e-71 -7.027206e-67 8.702039e-64 4.262065e-59 5.505479e-56 8.611283e-54 3.357150e-52 9.621705e-51 2.481534e-49 5.802089e-48 1.232831e-46 2.375867e-45 4.123401e-44 6.345403e-43 8.368350e-42 8.635664e-41 4.513358e-40 -7.485824e-39 -3.082833e-37 -6.745691e-36 -1.161046e-34 -1.712523e-33 -2.235792e-32 -2.622244e-31 -2.782457e-30 -2.678501e-29 -2.338532e-28 -1.846082e-27 -1.309157e-26 -8.240912e-26 -4.501033e-25 -2.028613e-24 -6.475230e-24 -2.653409e-24 1.633326e-22 1.627048e-21 1.083025e-20 5.821173e-20 2.670827e-19 1.070744e-18 3.794940e-18 1.196943e-17 3.373990e-17 8.528103e-17 1.938948e-16 3.979252e-16 7.402082e-16 1.254172e-15 1.946634e-15 2.785633e-15 3.701312e-15 4.602038e-15 5.399652e-15 6.032305e-15 6.474295e-15 6.729206e-15 6.811704e-15 6.729206e-15 6.474295e-15 6.032305e-15 5.399652e-15 4.602038e-15 3.701312e-15 2.785633e-15 1.946634e-15 1.254172e-15 7.402082e-16 3.979252e-16 1.938948e-16 8.528103e-17 3.373990e-17 1.196943e-17 3.794940e-18 1.070744e-18 2.670827e-19 5.821173e-20 1.083025e-20 1.627048e-21 1.633326e-22 -2.653409e-24 -6.475230e-24 -2.028613e-24 -4.501033e-25 -8.240912e-26 -1.309157e-26 -1.846082e-27 -2.338532e-28 -2.678501e-29 -2.782457e-30 -2.622244e-31 -2.235792e-32 -1.712523e-33 -1.161046e-34 -6.745691e-36 -3.082833e-37 -7.485824e-39 4.513358e-40 8.635664e-41 8.368350e-42 6.345403e-43 4.123401e-44 2.375867e-45 1.232831e-46 5.802089e-48 2.481534e-49 9.621705e-51 3.357150e-52 8.611283e-54 5.505479e-56 4.262065e-59 8.702039e-64 -7.027206e-67 -3.114808e-71 -3.653512e-76 0.000000e+00
0.000000e+00 -6.939246e-75 -4.234480e-70 4.495252e-67 2.745194e-61 1.849881e-57 1.765107e-54 2.363099e-52 8.282834e-51 2.178541e-49 5.199798e-48 1.128346e-46 2.221692e-45 3.941244e-44 6.202267e-43 8.368350e-42 8.838333e-41 4.725672e-40 -8.059545e-39 -3.399881e-37 -7.631430e-36 -1.348402e-34 -2.043130e-33 -2.742074e-32 -3.308352e-31 -3.613807e-30 -3.583725e-29 -3.225491e-28 -2.626629e-27 -1.922541e-26 -1.249491e-25 -7.044069e-25 -3.270045e-24 -1.063459e-23 -2.306234e-24 3.137476e-22 3.183094e-21 2.192074e-20 1.224321e-19 5.849256e-19 2.444590e-18 9.036778e-18 2.972557e-17 8.731935e-17 2.296313e-16 5.417866e-16 1.149512e-15 2.199432e-15 3.808247e-15 5.991728e-15 8.607020e-15 1.134877e-14 1.381998e-14 1.566004e-14 1.667739e-14 1.692449e-14 1.667507e-14 1.630776e-14 1.614363e-14 1.630776e-14 1.667507e-14 1.692449e-14 1.667739e-14 1.566004e-14 1.381998e-14 1.134877e-14 8.607020e-15 5.991728e-15 3.808247e-15 2.199432e-15 1.149512e-15 5.417866e-16 2.296313e-16 8.731935e-17 2.972557e-17 9.036778e-18 2.444590e-18 5.849256e-19 1.224321e-19 2.192074e-20 3.183094e-21 3.137476e-22 -2.306234e-24 -1.063459e-23 -3.270045e-24 -7.044069e-25 -1.249491e-25 -1.922541e-26 -2.626629e-27 -3.225491e-28 -3.583725e-29 -3.613807e-30 -3.308352e-31 -2.742074e-32 -2.043130e-33 -1.348402e-34 -7.631430e-36 -3.399881e-37 -8.059545e-39 4.725672e-40 8.838333e-41 8.368350e-42 6.202267e-43 3.941244e-44 2.221692e-45 1.128346e-46 5.199798e-48 2.178541e-49 8.282834e-51 2.363099e-52 1.765107e-54 1.849881e-57 2.745194e-61 4.495252e-67 -4.234480e-70 -6.939246e-75 0.000000e+00
0.000000e+00 -9.473047e-74 -3.344202e-70 4.480396e-64 1.197820e-59 5.863422e-56 4.764016e-53 5.707512e-51 1.832139e-49 4.459500e-48 9.878776e-47 1.986497e-45 3.600554e-44 5.791805e-43 7.991584e-42 8.635664e-41 4.725672e-40 -8.260302e-39 -3.570323e-37 -8.217269e-36 -1.489664e-34 -2.317312e-33 -3.194966e-32 -3.962630e-31 -4.452600e-30 -4.545220e-29 -4.213851e-28 -3.536890e-27 -2.669786e-26 -1.790028e-25 -1.040864e-24 -4.974780e-24 -1.649116e-23 -4.094101e-25 5.611935e-22 5.814164e-21 4.141305e-20 2.401251e-19 1.193140e-18 5.191404e-18 1.998807e-17 6.847082e-17 2.092867e-16 5.717055e-16 1.397142e-15 3.057202e-15 5.995655e-15 1.054946e-14 1.666785e-14 2.364845e-14 3.007110e-14 3.406339e-14 3.388021e-14 2.860431e-14 1.867637e-14 5.999776e-15 -6.477110e-15 -1.559106e-14 -1.892918e-14 -1.559106e-14 -6.477110e-15 5.999776e-15 1.867637e-14 2.860431e-14 3.388021e-14 3.406339e-14 3.007110e-14 2.364845e-14 1.666785e-14 1.054946e-14 5.995655e-15 3.057202e-15 1.397142e-15 5.717055e-16 2.092867e-16 6.847082e-17 1.998807e-17 5.191404e-18 1.193140e-18 2.401251e-19 4.141305e-20 5.814164e-21 5.611935e-22 -4.094101e-25 -1.649116e-23 -4.974780e-24 -1.040864e-24 -1.790028e-25 -2.669786e-26 -3.536890e-27 -4.213851e-28 -4.545220e-29 -4.452600e-30 -3.962630e-31 -3.194966e-32 -2.317312e-33 -1.489664e-34 -8.217269e-36 -3.570323e-37 -8.260302e-39 4.725672e-40 8.635664e-41 7.991584e-42 5.791805e-43 3.600554e-44 1.986497e-45 9.878776e-47 4.459500e-48 1.832139e-49 5.707512e-51 4.764016e-53 5.863422e-56 1.197820e-59 4.480396e-64 -3.344202e-70 -9.473047e-74 0.000000e+00
0.000000e+00 -1.871963e-73 2.308175e-67 1.966822e-62 3.752430e-58 1.557319e-54 1.129607e-51 1.234991e-49 3.661964e-48 8.272390e-47 1.698190e-45 3.143574e-44 5.166772e-43 7.287828e-42 8.054922e-41 4.513358e-40 -8.059545e-39 -3.570323e-37 -8.422294e-36 -1.565704e-34 -2.499023e-33 -3.537344e-32 -4.507035e-31 -5.205896e-30 -5.466300e-29 -5.216208e-28 -4.509241e-27 -3.507531e-26 -2.424301e-25 -1.453046e-24 -7.147337e-24 -2.416597e-23 3.929193e-24 9.367683e-22 9.930923e-21 7.313663e-20 4.398536e-19 2.270531e-18 1.027255e-17 4.114241e-17 1.465810e-16 4.655805e-16 1.319264e-15 3.334123e-15 7.508586e-15 1.504479e-14 2.674806e-14 4.197762e-14 5.751410e-14 6.705096e-14 6.198359e-14 3.365929e-14 -2.348373e-14 -1.090114e-13 -2.150191e-13 -3.268398e-13 -4.259370e-13 -4.942270e-13 -5.185869e-13 -4.942270e-13 -4.259370e-13 -3.268398e-13 -2.150191e-13 -1.090114e-13 -2.348373e-14 3.365929e-14 6.198359e-14 6.705096e-14 5.751410e-14 4.197762e-14 2.674806e-14 1.504479e-14 7.508586e-15 3.334123e-15 1.319264e-15 4.655805e-16 1.465810e-16 4.114241e-17 1.027255e-17 2.270531e-18 4.398536e-19 7.313663e-20 9.930923e-21 9.367683e-22 3.929193e-24 -2.416597e-23 -7.147337e-24 -1.453046e-24 -2.424301e-25 -3.507531e-26 -4.509241e-27 -5.216208e-28 -5.466300e-29 -5.205896e-30 -4.507035e-31 -3.537344e-32 -2.499023e-33 -1.565704e-34 -8.422294e-36 -3.570323e-37 -8.059545e-39 4.513358e-40 8.054922e-41 7.287828e-42 5.166772e-43 3.143574e-44 1.698190e-45 8.272390e-47 3.661964e-48 1.234991e-49 1.129607e-51 1.557319e-54 3.752430e-58 1.966822e-62 2.308175e-67 -1.871963e-73 0.000000e+00
0.000000e+00 4.422918e-71 1.020209e-65 6.086542e-61 9.802389e-57 3.626028e-53 2.396974e-50 2.413214e-48 6.629154e-47 1.387752e-45 2.622630e-44 4.402665e-43 6.345912e-42 7.171922e-41 4.116716e-40 -7.485824e-39 -3.399881e-37 -8.217269e-36 -1.565704e-34 -2.562679e-33 -3.721936e-32 -4.868627e-31 -5.776975e-30 -6.235317e-29 -6.119996e-28 -5.444941e-27 -4.361350e-26 -3.105315e-25 -1.917326e-24 -9.703013e-24 -3.348790e-23 1.143489e-23 1.461869e-21 1.588278e-20 1.208943e-19 7.535057e-19 4.036676e-18 1.896908e-17 7.893690e-17 2.921567e-16 9.631838e-16 2.827726e-15 7.380642e-15 1.707656e-14 3.485620e-14 6.225558e-14 9.577173e-14 1.224260e-13 1.169612e-13 4.351288e-14 -1.368872e-13 -4.543213e-13 -9.172579e-13 -1.503679e-12 -2.159607e-12 -2.806240e-12 -3.354222e-12 -3.721584e-12 -3.850909e-12 -3.721584e-12 -3.354222e-12 -2.806240e-12 -2.159607e-12 -1.503679e-12 -9.172579e-13 -4.543213e-13 -1.368872e-13 4.351288e-14 1.169612e-13 1.224260e-13 9.577173e-14 6.225558e-14 3.485620e-14 1.707656e-14 7.380642e-15 2.827726e-15 9.631838e-16 2.921567e-16 7.893690e-17 1.896908e-17 4.036676e-18 7.535057e-19 1.208943e-19 1.588278e-20 1.461869e-21 1.143489e-23 -3.348790e-23 -9.703013e-24 -1.917326e-24 -3.105315e-25 -4.361350e-26 -5.444941e-27 -6.119996e-28 -6.235317e-29 -5.776975e-30 -4.868627e-31 -3.721936e-32 -2.562679e-33 -1.565704e-34 -8.217269e-36 -3.399881e-37 -7.485824e-39 4.116716e-40 7.171922e-41 6.345912e-42 4.402665e-43 2.622630e-44 1.387752e-45 6.629154e-47 2.413214e-48 2.396974e-50 3.626028e-53 9.802389e-57 6.086542e-61 1.020209e-65 4.422918e-71 0.000000e+00
0.000000e+00 1.970100e-69 3.116918e-64 1.562687e-59 2.239802e-55 7.546337e-52 4.589982e-49 4.268713e-47 1.084673e-45 2.090403e-44 3.582872e-43 5.275430e-42 6.094883e-41 3.585701e-40 -6.618183e-39 -3.082833e-37 -7.631430e-36 -1.489664e-34 -2.499023e-33 -3.721936e-32 -4.995438e-31 -6.085386e-30 -6.747254e-29 -6.807111e-28 -6.228808e-27 -5.134158e-26 -3.763335e-25 -2.392326e-24 -1.245266e-23 -4.391003e-23 2.229475e-23 2.135794e-21 2.381095e-20 1.872514e-19 1.208568e-18 6.712941e-18 3.273109e-17 1.413709e-16 5.429883e-16 1.856175e-15 5.640314e-15 1.518798e-14 3.605080e-14 7.477057e-14 1.333644e-13 1.977914e-13 2.223018e-13 1.171040e-13 -2.502469e-13 -1.032959e-12 -2.364958e-12 -4.314120e-12 -6.844306e-12 -9.799337e-12 -1.291499e-11 -1.585682e-11 -1.827515e-11 -1.986505e-11 -2.041945e-11 -1.986505e-11 -1.827515e-11 -1.585682e-11 -1.291499e-11 -9.799337e-12 -6.844306e-12 -4.314120e-12 -2.364958e-12 -1.032959e-12 -2.502469e-13 1.171040e-13 2.223018e-13 1.977914e-13 1.333644e-13 7.477057e-14 3.605080e-14 1.518798e-14 5.640314e-15 1.856175e-15 5.429883e-16 1.413709e-16 3.273109e-17 6.712941e-18 1.208568e-18 1.872514e-19 2.381095e-20 2.135794e-21 2.229475e-23 -4.391003e-23 -1.245266e-23 -2.392326e-24 -3.763335e-25 -5.134158e-26 -6.228808e-27 -6.807111e-28 -6.747254e-29 -6.085386e-30 -4.995438e-31 -3.721936e-32 -2.499023e-33 -1.489664e-34 -7.631430e-36 -3.082833e-37 -6.618183e-39 3.585701e-40 6.094883e-41 5.275430e-42 3.582872e-43 2.090403e-44 1.084673e-45 4.268713e-47 4.589982e-49 7.546337e-52 2.239802e-55 1.562687e-59 3.116918e-64 1.970100e-69 0.000000e+00
0.000000e+00 5.938688e-68 7.859179e-63 3.501323e-58 4.568575e-54 1.416184e-50 7.953241e-48 6.822164e-46 1.592721e-44 2.784032e-43 4.186060e-42 4.942837e-41 2.981980e-40 -5.568436e-39 -2.661427e-37 -6.745691e-36 -1.348402e-34 -2.317312e-33 -3.537344e-32 -4.868627e-31 -6.085386e-30 -6.926994e-29 -7.178819e-28 -6.751803e-27 -5.723297e-26 -4.316261e-25 -2.823533e-24 -1.511377e-23 -5.450641e-23 3.582807e-23 2.924682e-21 3.349176e-20 2.720154e-19 1.816714e-18 1.045324e-17 5.283420e-17 2.366278e-16 9.422917e-16 3.337066e-15 1.048681e-14 2.910811e-14 7.080411e-14 1.488893e-13 2.636044e-13 3.687699e-13 3.222263e-13 -1.597384e-13 -1.510015e-12 -4.253278e-12 -8.885267e-12 -1.572240e-11 -2.477078e-11 -3.565697e-11 -4.764088e-11 -5.970574e-11 -7.070154e-11 -7.951058e-11 -8.520514e-11 -8.717430e-11 -8.520514e-11 -7.951058e-11 -7.070154e-11 -5.970574e-11 -4.764088e-11 -3.565697e-11 -2.477078e-11 -1.572240e-11 -8.885267e-12 -4.253278e-12 -1.510015e-12 -1.597384e-13 3.222263e-13 3.687699e-13 2.636044e-13 1.488893e-13 7.080411e-14 2.910811e-14 1.048681e-14 3.337066e-15 9.422917e-16 2.366278e-16 5.283420e-17 1.045324e-17 1.816714e-18 2.720154e-19 3.349176e-20 2.924682e-21 3.582807e-23 -5.450641e-23 -1.511377e-23 -2.823533e-24 -4.316261e-25 -5.723297e-26 -6.751803e-27 -7.178819e-28 -6.926994e-29 -6.085386e-30 -4.868627e-31 -3.537344e-32 -2.317312e-33 -1.348402e-34 -6.745691e-36 -2.661427e-37 -5.568436e-39 2.981980e-40 4.942837e-41 4.186060e-42 2.784032e-43 1.592721e-44 6.822164e-46 7.953241e-48 1.416184e-50 4.568575e-54 3.501323e-58 7.859179e-63 5.938688e-68 0.000000e+00
0.000000e+00 1.469427e-66 1.725275e-61 6.993654e-57 8.395989e-53 2.403773e-49 1.244937e-46 9.782566e-45 2.066745e-43 3.169798e-42 3.824472e-41 2.367317e-40 -4.457768e-39 -2.187151e-37 -5.674449e-36 -1.161046e-34 -2.043130e-33 -3.194966e-32 -4.507035e-31 -5.776975e-30 -6.747254e-29 -7.178819e-28 -6.935632e-27 -6.042523e-26 -4.685920e-25 -3.152950e-24 -1.735256e-23 -6.407835e-23 5.037560e-23 3.757124e-21 4.423192e-20 3.708897e-19 2.561473e-18 1.525546e-17 7.986052e-17 3.705589e-16 1.528637e-15 5.604047e-15 1.820035e-14 5.204190e-14 1.296259e-13 2.758882e-13 4.819015e-13 6.171428e-13 2.882938e-13 -1.306424e-12 -5.427109e-12 -1.365208e-11 -2.753868e-11 -4.818380e-11 -7.583546e-11 -1.096825e-10 -1.478766e-10 -1.877602e-10 -2.262261e-10 -2.601166e-10 -2.865918e-10 -3.034226e-10 -3.091942e-10 -3.034226e-10 -2.865918e-10 -2.601166e-10 -2.262261e-10 -1.877602e-10 -1.478766e-10 -1.096825e-10 -7.583546e-11 -4.818380e-11 -2.753868e-11 -1.365208e-11 -5.427109e-12 -1.306424e-12 2.882938e-13 6.171428e-13 4.819015e-13 2.758882e-13 1.296259e-13 5.204190e-14 1.820035e-14 5.604047e-15 1.528637e-15 3.705589e-16 7.986052e-17 1.525546e-17 2.561473e-18 3.708897e-19 4.423192e-20 3.757124e-21 5.037560e-23 -6.407835e-23 -1.735256e-23 -3.152950e-24 -4.685920e-25 -6.042523e-26 -6.935632e-27 -7.178819e-28 -6.747254e-29 -5.776975e-30 -4.507035e-31 -3.194966e-32 -2.043130e-33 -1.161046e-34 -5.674449e-36 -2.187151e-37 -4.457768e-39 2.367317e-40 3.824472e-41 3.169798e-42 2.066745e-43 9.782566e-45 1.244937e-46 2.403773e-49 8.395989e-53 6.993654e-57 1.725275e-61 1.469427e-66 0.000000e+00
0.000000e+00 3.157735e-65 3.371685e-60 1.257517e-55 1.394861e-51 3.685415e-48 1.749045e-45 1.239823e-43 2.291880e-42 2.822497e-41 1.793575e-40 -3.394326e-39 -1.710554e-37 -4.541561e-36 -9.508185e-35 -1.712523e-33 -2.742074e-32 -3.962630e-31 -5.205896e-30 -6.235317e-29 -6.807111e-28 -6.751803e-27 -6.042523e-26 -4.815983e-25 -3.331671e-24 -1.885050e-23 -7.136460e-23 6.353829e-23 4.530936e-21 5.488188e-20 4.749523e-19 3.389813e-18 2.088142e-17 1.131273e-16 5.434084e-16 2.320484e-15 8.800517e-15 2.952236e-14 8.692520e-14 2.216089e-13 4.768006e-13 8.167996e-13 9.167122e-13 -2.010542e-13 -4.577546e-12 -1.550504e-11 -3.719669e-11 -7.387515e-11 -1.285675e-10 -2.020724e-10 -2.924667e-10 -3.952679e-10 -5.041231e-10 -6.117576e-10 -7.109132e-10 -7.950896e-10 -8.590184e-10 -8.988934e-10 -9.124370e-10 -8.988934e-10 -8.590184e-10 -7.950896e-10 -7.109132e-10 -6.117576e-10 -5.041231e-10 -3.952679e-10 -2.924667e-10 -2.020724e-10 -1.285675e-10 -7.387515e-11 -3.719669e-11 -1.550504e-11 -4.577546e-12 -2.010542e-13 9.167122e-13 8.167996e-13 4.768006e-13 2.216089e-13 8.692520e-14 2.952236e-14 8.800517e-15 2.320484e-15 5.434084e-16 1.131273e-16 2.088142e-17 3.389813e-18 4.749523e-19 5.488188e-20 4.530936e-21 6.353829e-23 -7.136460e-23 -1.885050e-23 -3.331671e-24 -4.815983e-25 -6.042523e-26 -6.751803e-27 -6.807111e-28 -6.235317e-29 -5.205896e-30 -3.962630e-31 -2.742074e-32 -1.712523e-33 -9.508185e-35 -4.541561e-36 -1.710554e-37 -3.394326e-39 1.793575e-40 2.822497e-41 2.291880e-42 1.239823e-43 1.749045e-45 3.685415e-48 1.394861e-51 1.257517e-55 3.371685e-60 3.157735e-65 0.000000e+00
0.000000e+00 6.032304e-64 5.926069e-59 2.042868e-54 2.092788e-50 5.073362e-47 2.174562e-44 1.344395e-42 1.988183e-41 1.296481e-40 -2.457365e-39 -1.272785e-37 -3.457411e-36 -7.403822e-35 -1.364296e-33 -2.235792e-32 -3.308352e-31 -4.452600e-30 -5.466300e-29 -6.119996e-28 -6.228808e-27 -5.723297e-26 -4.685920e-25 -3.331671e-24 -1.937775e-23 -7.530909e-23 7.276018e-23 5.132068e-21 6.400511e-20 5.715070e-19 4.212896e-18 2.682371e-17 1.502851e-16 7.467933e-16 3.298923e-15 1.293572e-14 4.480435e-14 1.358119e-13 3.543517e-13 7.702335e-13 1.286941e-12 1.181588e-12 -1.744654e-12 -1.220279e-11 -3.797168e-11 -8.912721e-11 -1.756733e-10 -3.043773e-10 -4.762290e-10 -6.855698e-10 -9.210658e-10 -1.167964e-09 -1.410733e-09 -1.635291e-09 -1.830381e-09 -1.988010e-09 -2.103159e-09 -2.173075e-09 -2.196497e-09 -2.173075e-09 -2.103159e-09 -1.988010e-09 -1.830381e-09 -1.635291e-09 -1.410733e-09 -1.167964e-09 -9.210658e-10 -6.855698e-10 -4.762290e-10 -3.043773e-10 -1.756733e-10 -8.912721e-11 -3.797168e-11 -1.220279e-11 -1.744654e-12 1.181588e-12 1.286941e-12 7.702335e-13 3.543517e-13 1.358119e-13 4.480435e-14 1.293572e-14 3.298923e-15 7.467933e-16 1.502851e-16 2.682371e-17 4.212896e-18 5.715070e-19 6.400511e-20 5.132068e-21 7.276018e-23 -7.530909e-23 -1.937775e-23 -3.331671e-24 -4.685920e-25 -5.723297e-26 -6.228808e-27 -6.119996e-28 -5.466300e-29 -4.452600e-30 -3.308352e-31 -2.235792e-32 -1.364296e-33 -7.403822e-35 -3.457411e-36 -1.272785e-37 -2.457365e-39 1.296481e-40 1.988183e-41 1.344395e-42 2.174562e-44 5.073362e-47 2.092788e-50 2.042868e-54 5.926069e-59 6.032304e-64 0.000000e+00
