0.000000e+00 1.019552e-129 8.794090e-124 2.266761e-118 1.533419e-113 2.226085e-109 5.292740e-106 1.703032e-103 1.223918e-101 4.367497e-100 -9.935565e-99 -3.445750e-96 -3.728917e-94 -2.927835e-92 -1.891636e-90 -1.052310e-88 -5.151290e-87 -2.245610e-85 -8.776719e-84 -3.085943e-82 -9.767842e-81 -2.777321e-79 -7.051328e-78 -1.578815e-76 -3.037617e-75 -4.715621e-74 -4.712216e-73 2.168950e-72 2.653452e-70 8.551558e-69 2.005621e-67 3.897614e-66 6.550026e-65 9.689442e-64 1.270820e-62 1.479226e-61 1.521712e-60 1.368785e-59 1.052801e-58 6.580675e-58 2.854828e-57 1.143829e-57 -1.364217e-55 -1.765710e-54 -1.516044e-53 -1.035226e-52 -5.925645e-52 -2.903056e-51 -1.228203e-50 -4.502684e-50 -1.431336e-49 -3.942655e-49 -9.401554e-49 -1.940193e-48 -3.469508e-48 -5.394921e-48 -7.336869e-48 -8.787850e-48 -9.325421e-48 -8.787850e-48 -7.336869e-48 -5.394921e-48 -3.469508e-48 -1.940193e-48 -9.401554e-49 -3.942655e-49 -1.431336e-49 -4.502684e-50 -1.228203e-50 -2.903056e-51 -5.925645e-52 -1.035226e-52 -1.516044e-53 -1.765710e-54 -1.364217e-55 1.143829e-57 2.854828e-57 6.580675e-58 1.052801e-58 1.368785e-59 1.521712e-60 1.479226e-61 1.270820e-62 9.689442e-64 6.550026e-65 3.897614e-66 2.005621e-67 8.551558e-69 2.653452e-70 2.168950e-72 -4.712216e-73 -4.715621e-74 -3.037617e-75 -1.578815e-76 -7.051328e-78 -2.777321e-79 -9.767842e-81 -3.085943e-82 -8.776719e-84 -2.245610e-85 -5.151290e-87 -1.052310e-88 -1.891636e-90 -2.927835e-92 -3.728917e-94 -3.445750e-96 -9.935565e-99 4.367497e-100 1.223918e-101 1.703032e-103 5.292740e-106 2.226085e-109 1.533419e-113 2.266761e-118 8.794090e-124 1.019552e-129 0.000000e+00
0.000000e+00 1.366029e-123 9.206846e-118 1.920620e-112 1.071912e-107 1.290694e-103 2.510341e-100 6.235556e-98 2.698807e-96 -6.965555e-95 -2.305220e-92 -2.524778e-90 -2.016031e-88 -1.326914e-86 -7.527137e-85 -3.760064e-83 -1.673663e-81 -6.682703e-80 -2.401610e-78 -7.772996e-77 -2.260621e-75 -5.871351e-74 -1.344441e-72 -2.641942e-71 -4.169600e-70 -4.131219e-69 2.667171e-68 2.741082e-66 8.930708e-65 2.144804e-63 4.286753e-62 7.426920e-61 1.134597e-59 1.538838e-58 1.854305e-57 1.976213e-56 1.841667e-55 1.465227e-54 9.410475e-54 4.060494e-53 -1.693605e-53 -2.643180e-51 -3.426499e-50 -3.060540e-49 -2.199966e-48 -1.334670e-47 -6.967079e-47 -3.155572e-46 -1.244042e-45 -4.270800e-45 -1.275451e-44 -3.308524e-44 -7.445631e-44 -1.453783e-43 -2.468704e-43 -3.666397e-43 -4.804855e-43 -5.616270e-43 -5.908952e-43 -5.616270e-43 -4.804855e-43 -3.666397e-43 -2.468704e-43 -1.453783e-43 -7.445631e-44 -3.308524e-44 -1.275451e-44 -4.270800e-45 -1.244042e-45 -3.155572e-46 -6.967079e-47 -1.334670e-47 -2.199966e-48 -3.060540e-49 -3.426499e-50 -2.643180e-51 -1.693605e-53 4.060494e-53 9.410475e-54 1.465227e-54 1.841667e-55 1.976213e-56 1.854305e-57 1.538838e-58 1.134597e-59 7.426920e-61 4.286753e-62 2.144804e-63 8.930708e-65 2.741082e-66 2.667171e-68 -4.131219e-69 -4.169600e-70 -2.641942e-71 -1.344441e-72 -5.871351e-74 -2.260621e-75 -7.772996e-77 -2.401610e-78 -6.682703e-80 -1.673663e-81 -3.760064e-83 -7.527137e-85 -1.326914e-86 -2.016031e-88 -2.524778e-90 -2.305220e-92 -6.965555e-95 2.698807e-96 6.235556e-98 2.510341e-100 1.290694e-103 1.071912e-107 1.920620e-112 9.206846e-118 1.366029e-123 0.000000e+00
0.000000e+00 5.847278e-118 3.189499e-112 5.489384e-107 2.541221e-102 2.503190e-98 3.755864e-95 5.556583e-93 -1.947608e-91 -6.175603e-89 -6.841529e-87 -5.552463e-85 -3.720776e-83 -2.151013e-81 -1.095810e-79 -4.977204e-78 -2.028926e-76 -7.447439e-75 -2.462897e-73 -7.320715e-72 -1.943377e-70 -4.546609e-69 -9.114844e-68 -1.459972e-66 -1.426004e-65 1.243382e-64 1.119250e-62 3.684934e-61 9.051974e-60 1.858319e-58 3.314648e-57 5.221592e-56 7.311835e-55 9.105392e-54 1.003407e-52 9.667088e-52 7.935116e-51 5.217040e-50 2.214110e-49 -3.365956e-49 -1.952960e-47 -2.547017e-46 -2.361849e-45 -1.781133e-44 -1.140596e-43 -6.314347e-43 -3.045616e-42 -1.283582e-41 -4.727633e-41 -1.519568e-40 -4.252887e-40 -1.033983e-39 -2.180186e-39 -3.987425e-39 -6.347390e-39 -8.867418e-39 -1.102524e-38 -1.242354e-38 -1.289854e-38 -1.242354e-38 -1.102524e-38 -8.867418e-39 -6.347390e-39 -3.987425e-39 -2.180186e-39 -1.033983e-39 -4.252887e-40 -1.519568e-40 -4.727633e-41 -1.283582e-41 -3.045616e-42 -6.314347e-43 -1.140596e-43 -1.781133e-44 -2.361849e-45 -2.547017e-46 -1.952960e-47 -3.365956e-49 2.214110e-49 5.217040e-50 7.935116e-51 9.667088e-52 1.003407e-52 9.105392e-54 7.311835e-55 5.221592e-56 3.314648e-57 1.858319e-58 9.051974e-60 3.684934e-61 1.119250e-62 1.243382e-64 -1.426004e-65 -1.459972e-66 -9.114844e-68 -4.546609e-69 -1.943377e-70 -7.320715e-72 -2.462897e-73 -7.447439e-75 -2.028926e-76 -4.977204e-78 -1.095810e-79 -2.151013e-81 -3.720776e-83 -5.552463e-85 -6.841529e-87 -6.175603e-89 -1.947608e-91 5.556583e-93 3.755864e-95 2.503190e-98 2.541221e-102 5.489384e-107 3.189499e-112 5.847278e-118 0.000000e+00
0.000000e+00 7.177845e-113 3.230222e-107 4.611483e-102 1.746501e-97 1.327302e-93 1.184139e-90 -1.512564e-88 -5.745423e-86 -6.433950e-84 -5.304263e-82 -3.616847e-80 -2.129670e-78 -1.105792e-76 -5.121926e-75 -2.130253e-73 -7.981199e-72 -2.694943e-70 -8.180737e-69 -2.217826e-67 -5.296370e-66 -1.081990e-64 -1.755799e-63 -1.679134e-62 1.933033e-61 1.567379e-59 5.212329e-58 1.308270e-56 2.755410e-55 5.053277e-54 8.197149e-53 1.183320e-51 1.520359e-50 1.729279e-49 1.718827e-48 1.451981e-47 9.734518e-47 4.007075e-46 -1.214626e-45 -4.795377e-44 -6.310109e-43 -6.062832e-42 -4.781982e-41 -3.220482e-40 -1.882856e-39 -9.625976e-39 -4.314344e-38 -1.694949e-37 -5.825650e-37 -1.746416e-36 -4.549110e-36 -1.025519e-35 -1.993768e-35 -3.336840e-35 -4.817569e-35 -6.058605e-35 -6.789287e-35 -7.047434e-35 -7.085367e-35 -7.047434e-35 -6.789287e-35 -6.058605e-35 -4.817569e-35 -3.336840e-35 -1.993768e-35 -1.025519e-35 -4.549110e-36 -1.746416e-36 -5.825650e-37 -1.694949e-37 -4.314344e-38 -9.625976e-39 -1.882856e-39 -3.220482e-40 -4.781982e-41 -6.062832e-42 -6.310109e-43 -4.795377e-44 -1.214626e-45 4.007075e-46 9.734518e-47 1.451981e-47 1.718827e-48 1.729279e-49 1.520359e-50 1.183320e-51 8.197149e-53 5.053277e-54 2.755410e-55 1.308270e-56 5.212329e-58 1.567379e-59 1.933033e-61 -1.679134e-62 -1.755799e-63 -1.081990e-64 -5.296370e-66 -2.217826e-67 -8.180737e-69 -2.694943e-70 -7.981199e-72 -2.130253e-73 -5.121926e-75 -1.105792e-76 -2.129670e-78 -3.616847e-80 -5.304263e-82 -6.433950e-84 -5.745423e-86 -1.512564e-88 1.184139e-90 1.327302e-93 1.746501e-97 4.611483e-102 3.230222e-107 7.177845e-113 0.000000e+00
0.000000e+00 2.128325e-108 7.944646e-103 9.278757e-98 2.711393e-93 1.225647e-89 -9.511805e-87 -1.258274e-83 -1.736376e-81 -1.453059e-79 -1.007648e-77 -6.039795e-76 -3.194503e-74 -1.508045e-72 -6.395272e-71 -2.444042e-69 -8.420386e-68 -2.608488e-66 -7.216136e-65 -1.757431e-63 -3.654376e-62 -5.996819e-61 -5.569475e-60 8.355994e-59 6.226460e-57 2.090660e-55 5.356345e-54 1.156041e-52 2.177178e-51 3.631888e-50 5.397190e-49 7.143459e-48 8.371841e-47 8.568000e-46 7.430232e-45 5.058990e-44 1.983313e-43 -1.022107e-42 -3.247643e-41 -4.320077e-40 -4.292740e-39 -3.531300e-38 -2.492745e-37 -1.533336e-36 -8.274095e-36 -3.925406e-35 -1.636431e-34 -5.979834e-34 -1.907685e-33 -5.283959e-33 -1.261727e-32 -2.573809e-32 -4.431760e-32 -6.332982e-32 -7.314206e-32 -6.508273e-32 -4.012363e-32 -1.222369e-32 -3.331121e-35 -1.222369e-32 -4.012363e-32 -6.508273e-32 -7.314206e-32 -6.332982e-32 -4.431760e-32 -2.573809e-32 -1.261727e-32 -5.283959e-33 -1.907685e-33 -5.979834e-34 -1.636431e-34 -3.925406e-35 -8.274095e-36 -1.533336e-36 -2.492745e-37 -3.531300e-38 -4.292740e-39 -4.320077e-40 -3.247643e-41 -1.022107e-42 1.983313e-43 5.058990e-44 7.430232e-45 8.568000e-46 8.371841e-47 7.143459e-48 5.397190e-49 3.631888e-50 2.177178e-51 1.156041e-52 5.356345e-54 2.090660e-55 6.226460e-57 8.355994e-59 -5.569475e-60 -5.996819e-61 -3.654376e-62 -1.757431e-63 -7.216136e-65 -2.608488e-66 -8.420386e-68 -2.444042e-69 -6.395272e-71 -1.508045e-72 -3.194503e-74 -6.039795e-76 -1.007648e-77 -1.453059e-79 -1.736376e-81 -1.258274e-83 -9.511805e-87 1.225647e-89 2.711393e-93 9.278757e-98 7.944646e-103 2.128325e-108 0.000000e+00
0.000000e+00 1.191743e-104 3.639204e-99 3.279216e-94 5.699600e-90 -2.237684e-86 -1.793135e-82 -8.608107e-80 -8.884274e-78 -6.260924e-76 -3.818198e-74 -2.056020e-72 -9.886629e-71 -4.272555e-69 -1.664504e-67 -5.847490e-66 -1.847311e-64 -5.210852e-63 -1.293100e-61 -2.733936e-60 -4.528568e-59 -4.045471e-58 7.853489e-57 5.462085e-55 1.851317e-53 4.837330e-52 1.068753e-50 2.064624e-49 3.537520e-48 5.404532e-47 7.358212e-46 8.871266e-45 9.331109e-44 8.287393e-43 5.706275e-42 2.079277e-41 -1.712091e-40 -4.735543e-39 -6.377224e-38 -6.542633e-37 -5.599283e-36 -4.130625e-35 -2.664281e-34 -1.511799e-33 -7.560475e-33 -3.329132e-32 -1.286738e-31 -4.342943e-31 -1.270332e-30 -3.184634e-30 -6.724576e-30 -1.159546e-29 -1.523416e-29 -1.192763e-29 5.422922e-30 4.000028e-29 8.529391e-29 1.248753e-28 1.406949e-28 1.248753e-28 8.529391e-29 4.000028e-29 5.422922e-30 -1.192763e-29 -1.523416e-29 -1.159546e-29 -6.724576e-30 -3.184634e-30 -1.270332e-30 -4.342943e-31 -1.286738e-31 -3.329132e-32 -7.560475e-33 -1.511799e-33 -2.664281e-34 -4.130625e-35 -5.599283e-36 -6.542633e-37 -6.377224e-38 -4.735543e-39 -1.712091e-40 2.079277e-41 5.706275e-42 8.287393e-43 9.331109e-44 8.871266e-45 7.358212e-46 5.404532e-47 3.537520e-48 2.064624e-49 1.068753e-50 4.837330e-52 1.851317e-53 5.462085e-55 7.853489e-57 -4.045471e-58 -4.528568e-59 -2.733936e-60 -1.293100e-61 -5.210852e-63 -1.847311e-64 -5.847490e-66 -1.664504e-67 -4.272555e-69 -9.886629e-71 -2.056020e-72 -3.818198e-74 -6.260924e-76 -8.884274e-78 -8.608107e-80 -1.793135e-82 -2.237684e-86 5.699600e-90 3.279216e-94 3.639204e-99 1.191743e-104 0.000000e+00
0.000000e+00 9.496131e-102 2.237551e-96 1.199555e-91 -1.807876e-87 -7.342750e-83 -2.132144e-79 -7.638621e-77 -6.636140e-75 -4.115000e-73 -2.255129e-71 -1.104173e-69 -4.860677e-68 -1.929559e-66 -6.908936e-65 -2.224810e-63 -6.395883e-62 -1.616379e-60 -3.472592e-59 -5.800374e-58 -4.944843e-57 1.226927e-55 8.091514e-54 2.770344e-52 7.379994e-51 1.668117e-49 3.302960e-48 5.807735e-47 9.113359e-46 1.275019e-44 1.579563e-43 1.705358e-42 1.548673e-41 1.075087e-40 3.541677e-40 -4.506593e-39 -1.140130e-37 -1.558046e-36 -1.649010e-35 -1.465626e-34 -1.127382e-33 -7.605026e-33 -4.524340e-32 -2.377156e-31 -1.101532e-30 -4.484511e-30 -1.593735e-29 -4.894803e-29 -1.278248e-28 -2.755996e-28 -4.593350e-28 -4.714386e-28 2.081156e-28 2.403482e-27 6.882610e-27 1.366434e-26 2.144488e-26 2.778494e-26 3.024137e-26 2.778494e-26 2.144488e-26 1.366434e-26 6.882610e-27 2.403482e-27 2.081156e-28 -4.714386e-28 -4.593350e-28 -2.755996e-28 -1.278248e-28 -4.894803e-29 -1.593735e-29 -4.484511e-30 -1.101532e-30 -2.377156e-31 -4.524340e-32 -7.605026e-33 -1.127382e-33 -1.465626e-34 -1.649010e-35 -1.558046e-36 -1.140130e-37 -4.506593e-39 3.541677e-40 1.075087e-40 1.548673e-41 1.705358e-42 1.579563e-43 1.275019e-44 9.113359e-46 5.807735e-47 3.302960e-48 1.668117e-49 7.379994e-51 2.770344e-52 8.091514e-54 1.226927e-55 -4.944843e-57 -5.800374e-58 -3.472592e-59 -1.616379e-60 -6.395883e-62 -2.224810e-63 -6.908936e-65 -1.929559e-66 -4.860677e-68 -1.104173e-69 -2.255129e-71 -4.115000e-73 -6.636140e-75 -7.638621e-77 -2.132144e-79 -7.342750e-83 -1.807876e-87 1.199555e-91 2.237551e-96 9.496131e-102 0.000000e+00
0.000000e+00 1.112594e-99 1.568804e-94 -7.068446e-90 -1.124218e-84 -1.657856e-80 -3.595559e-77 -1.083463e-74 -8.283619e-73 -4.621109e-71 -2.305030e-69 -1.034130e-67 -4.185324e-66 -1.528283e-64 -5.019902e-63 -1.472049e-61 -3.793344e-60 -8.297913e-59 -1.403663e-57 -1.160736e-56 3.430148e-55 2.212998e-53 7.695622e-52 2.095030e-50 4.851382e-49 9.855683e-48 1.779891e-46 2.870910e-45 4.131035e-44 5.264618e-43 5.843628e-42 5.441370e-41 3.831674e-40 1.158301e-39 -2.037701e-38 -4.983908e-37 -6.973033e-36 -7.637968e-35 -7.059674e-34 -5.665111e-33 -3.996678e-32 -2.492009e-31 -1.374861e-30 -6.699650e-30 -2.870730e-29 -1.073381e-28 -3.458505e-28 -9.394879e-28 -2.057911e-27 -3.216526e-27 -1.618443e-27 1.055230e-26 4.818315e-26 1.308103e-25 2.724701e-25 4.664431e-25 6.755183e-25 8.396528e-25 9.021378e-25 8.396528e-25 6.755183e-25 4.664431e-25 2.724701e-25 1.308103e-25 4.818315e-26 1.055230e-26 -1.618443e-27 -3.216526e-27 -2.057911e-27 -9.394879e-28 -3.458505e-28 -1.073381e-28 -2.870730e-29 -6.699650e-30 -1.374861e-30 -2.492009e-31 -3.996678e-32 -5.665111e-33 -7.059674e-34 -7.637968e-35 -6.973033e-36 -4.983908e-37 -2.037701e-38 1.158301e-39 3.831674e-40 5.441370e-41 5.843628e-42 5.264618e-43 4.131035e-44 2.870910e-45 1.779891e-46 9.855683e-48 4.851382e-49 2.095030e-50 7.695622e-52 2.212998e-53 3.430148e-55 -1.160736e-56 -1.403663e-57 -8.297913e-59 -3.793344e-60 -1.472049e-61 -5.019902e-63 -1.528283e-64 -4.185324e-66 -1.034130e-67 -2.305030e-69 -4.621109e-71 -8.283619e-73 -1.083463e-74 -3.595559e-77 -1.657856e-80 -1.124218e-84 -7.068446e-90 1.568804e-94 1.112594e-99 0.000000e+00
0.000000e+00 4.105037e-98 -4.414236e-93 -2.288912e-87 -1.308510e-82 -1.443466e-78 -2.636599e-75 -6.991980e-73 -4.812793e-71 -2.447951e-69 -1.120755e-67 -4.630778e-66 -1.727031e-64 -5.796226e-63 -1.737408e-61 -4.578100e-60 -1.024232e-58 -1.771125e-57 -1.486270e-56 4.619694e-55 3.035024e-53 1.081740e-51 3.023116e-50 7.193783e-49 1.503097e-47 2.794249e-46 4.643215e-45 6.888629e-44 9.058078e-43 1.037985e-41 9.978346e-41 7.237050e-40 2.183321e-39 -4.331025e-38 -1.082117e-36 -1.570151e-35 -1.790697e-34 -1.727516e-33 -1.449912e-32 -1.071951e-31 -7.017545e-31 -4.072214e-30 -2.090509e-29 -9.447810e-29 -3.726980e-28 -1.264828e-27 -3.595604e-27 -8.072069e-27 -1.182011e-26 2.472821e-27 8.904575e-26 3.683792e-25 1.038132e-24 2.323877e-24 4.347617e-24 6.962033e-24 9.670815e-24 1.174525e-23 1.252555e-23 1.174525e-23 9.670815e-24 6.962033e-24 4.347617e-24 2.323877e-24 1.038132e-24 3.683792e-25 8.904575e-26 2.472821e-27 -1.182011e-26 -8.072069e-27 -3.595604e-27 -1.264828e-27 -3.726980e-28 -9.447810e-29 -2.090509e-29 -4.072214e-30 -7.017545e-31 -1.071951e-31 -1.449912e-32 -1.727516e-33 -1.790697e-34 -1.570151e-35 -1.082117e-36 -4.331025e-38 2.183321e-39 7.237050e-40 9.978346e-41 1.037985e-41 9.058078e-43 6.888629e-44 4.643215e-45 2.794249e-46 1.503097e-47 7.193783e-49 3.023116e-50 1.081740e-51 3.035024e-53 4.619694e-55 -1.486270e-56 -1.771125e-57 -1.024232e-58 -4.578100e-60 -1.737408e-61 -5.796226e-63 -1.727031e-64 -4.630778e-66 -1.120755e-67 -2.447951e-69 -4.812793e-71 -6.991980e-73 -2.636599e-75 -1.443466e-78 -1.308510e-82 -2.288912e-87 -4.414236e-93 4.105037e-98 0.000000e+00
0.000000e+00 -9.992009e-97 -1.447776e-90 -2.576407e-85 -1.098174e-80 -1.019544e-76 -1.638066e-73 -3.905067e-71 -2.448924e-69 -1.143617e-67 -4.823574e-66 -1.837150e-64 -6.299560e-63 -1.930121e-61 -5.201007e-60 -1.190472e-58 -2.106959e-57 -1.808610e-56 5.782296e-55 3.891785e-53 1.423096e-51 4.083498e-50 9.984339e-49 2.145136e-47 4.103638e-46 7.022604e-45 1.073823e-43 1.456458e-42 1.722758e-41 1.710214e-40 1.279810e-39 3.914277e-39 -8.428920e-38 -2.167452e-36 -3.264273e-35 -3.874475e-34 -3.897707e-33 -3.417426e-32 -2.643971e-31 -1.814402e-30 -1.105506e-29 -5.967764e-29 -2.839294e-28 -1.179510e-27 -4.209207e-27 -1.250550e-26 -2.871631e-26 -3.833997e-26 5.063973e-26 5.571403e-25 2.285430e-24 6.790361e-24 1.634582e-23 3.322981e-23 5.825728e-23 8.919906e-23 1.202735e-22 1.435978e-22 1.522853e-22 1.435978e-22 1.202735e-22 8.919906e-23 5.825728e-23 3.322981e-23 1.634582e-23 6.790361e-24 2.285430e-24 5.571403e-25 5.063973e-26 -3.833997e-26 -2.871631e-26 -1.250550e-26 -4.209207e-27 -1.179510e-27 -2.839294e-28 -5.967764e-29 -1.105506e-29 -1.814402e-30 -2.643971e-31 -3.417426e-32 -3.897707e-33 -3.874475e-34 -3.264273e-35 -2.167452e-36 -8.428920e-38 3.914277e-39 1.279810e-39 1.710214e-40 1.722758e-41 1.456458e-42 1.073823e-43 7.022604e-45 4.103638e-46 2.145136e-47 9.984339e-49 4.083498e-50 1.423096e-51 3.891785e-53 5.782296e-55 -1.808610e-56 -2.106959e-57 -1.190472e-58 -5.201007e-60 -1.930121e-61 -6.299560e-63 -1.837150e-64 -4.823574e-66 -1.143617e-67 -2.448924e-69 -3.905067e-71 -1.638066e-73 -1.019544e-76 -1.098174e-80 -2.576407e-85 -1.447776e-90 -9.992009e-97 0.000000e+00
0.000000e+00 -3.431824e-94 -1.612014e-88 -2.129705e-83 -7.630713e-79 -6.228436e-75 -8.990632e-72 -1.949430e-69 -1.121234e-67 -4.823575e-66 -1.875377e-64 -6.567228e-63 -2.055769e-61 -5.662256e-60 -1.325341e-58 -2.399605e-57 -2.106399e-56 6.918017e-55 4.768166e-53 1.787727e-51 5.263580e-50 1.321447e-48 2.917233e-47 5.738309e-46 1.010493e-44 1.591166e-43 2.224091e-42 2.712984e-41 2.778620e-40 2.143709e-39 6.650490e-39 -1.545681e-37 -4.090006e-36 -6.385785e-35 -7.876956e-34 -8.249969e-33 -7.543151e-32 -6.095595e-31 -4.376057e-30 -2.793574e-29 -1.582184e-28 -7.905929e-28 -3.450395e-27 -1.291706e-26 -4.001371e-26 -9.363795e-26 -1.090870e-25 3.454212e-25 2.906029e-24 1.216966e-23 3.826752e-23 9.879110e-23 2.169604e-22 4.130564e-22 6.899713e-22 1.019894e-21 1.342441e-21 1.580324e-21 1.668160e-21 1.580324e-21 1.342441e-21 1.019894e-21 6.899713e-22 4.130564e-22 2.169604e-22 9.879110e-23 3.826752e-23 1.216966e-23 2.906029e-24 3.454212e-25 -1.090870e-25 -9.363795e-26 -4.001371e-26 -1.291706e-26 -3.450395e-27 -7.905929e-28 -1.582184e-28 -2.793574e-29 -4.376057e-30 -6.095595e-31 -7.543151e-32 -8.249969e-33 -7.876956e-34 -6.385785e-35 -4.090006e-36 -1.545681e-37 6.650490e-39 2.143709e-39 2.778620e-40 2.712984e-41 2.224091e-42 1.591166e-43 1.010493e-44 5.738309e-46 2.917233e-47 1.321447e-48 5.263580e-50 1.787727e-51 4.768166e-53 6.918017e-55 -2.106399e-56 -2.399605e-57 -1.325341e-58 -5.662256e-60 -2.055769e-61 -6.567228e-63 -1.875377e-64 -4.823575e-66 -1.121234e-67 -1.949430e-69 -8.990632e-72 -6.228436e-75 -7.630713e-79 -2.129705e-83 -1.612014e-88 -3.431824e-94 0.000000e+00
0.000000e+00 -3.777756e-92 -1.311741e-86 -1.455063e-81 -4.581709e-77 -3.359320e-73 -4.408590e-70 -8.753043e-68 -4.632897e-66 -1.837150e-64 -6.567228e-63 -2.099430e-61 -5.907887e-60 -1.413435e-58 -2.616775e-57 -2.348440e-56 7.912659e-55 5.582900e-53 2.145021e-51 6.476276e-50 1.668362e-48 3.781774e-47 7.643444e-46 1.383963e-44 2.242354e-43 3.227366e-42 4.056347e-41 4.282506e-40 3.403754e-39 1.071882e-38 -2.673690e-37 -7.279031e-36 -1.176903e-34 -1.506690e-33 -1.640486e-32 -1.561659e-31 -1.315846e-30 -9.864176e-30 -6.584724e-29 -3.904688e-28 -2.044808e-27 -9.355236e-27 -3.666333e-26 -1.181821e-25 -2.809665e-25 -2.675453e-25 1.727520e-24 1.311853e-23 5.680698e-23 1.891517e-22 5.220141e-22 1.232113e-21 2.530469e-21 4.574135e-21 7.340312e-21 1.052871e-20 1.357058e-20 1.577811e-20 1.658671e-20 1.577811e-20 1.357058e-20 1.052871e-20 7.340312e-21 4.574135e-21 2.530469e-21 1.232113e-21 5.220141e-22 1.891517e-22 5.680698e-23 1.311853e-23 1.727520e-24 -2.675453e-25 -2.809665e-25 -1.181821e-25 -3.666333e-26 -9.355236e-27 -2.044808e-27 -3.904688e-28 -6.584724e-29 -9.864176e-30 -1.315846e-30 -1.561659e-31 -1.640486e-32 -1.506690e-33 -1.176903e-34 -7.279031e-36 -2.673690e-37 1.071882e-38 3.403754e-39 4.282506e-40 4.056347e-41 3.227366e-42 2.242354e-43 1.383963e-44 7.643444e-46 3.781774e-47 1.668362e-48 6.476276e-50 2.145021e-51 5.582900e-53 7.912659e-55 -2.348440e-56 -2.616775e-57 -1.413435e-58 -5.907887e-60 -2.099430e-61 -6.567228e-63 -1.837150e-64 -4.632897e-66 -8.753043e-68 -4.408590e-70 -3.359320e-73 -4.581709e-77 -1.455063e-81 -1.311741e-86 -3.777756e-92 0.000000e+00
0.000000e+00 -3.024429e-90 -8.807258e-85 -8.582257e-80 -2.427209e-75 -1.617934e-71 -1.943624e-68 -3.545528e-66 -1.727877e-64 -6.299561e-63 -2.055769e-61 -5.907887e-60 -1.444072e-58 -2.732568e-57 -2.506716e-56 8.653327e-55 6.248053e-53 2.458711e-51 7.607832e-50 2.009792e-48 4.674711e-47 9.701262e-46 1.804821e-44 3.006635e-43 4.452332e-42 5.761196e-41 6.264770e-40 5.126161e-39 1.639975e-38 -4.366949e-37 -1.222972e-35 -2.045575e-34 -2.714564e-33 -3.068375e-32 -3.036619e-31 -2.663629e-30 -2.081527e-29 -1.450370e-28 -8.987968e-28 -4.923259e-27 -2.356622e-26 -9.650064e-26 -3.231294e-25 -7.784005e-25 -5.414474e-25 7.167815e-24 5.231971e-23 2.356849e-22 8.302622e-22 2.441585e-21 6.165665e-21 1.358413e-20 2.639613e-20 4.562558e-20 7.065624e-20 9.862743e-20 1.247033e-19 1.433384e-19 1.501121e-19 1.433384e-19 1.247033e-19 9.862743e-20 7.065624e-20 4.562558e-20 2.639613e-20 1.358413e-20 6.165665e-21 2.441585e-21 8.302622e-22 2.356849e-22 5.231971e-23 7.167815e-24 -5.414474e-25 -7.784005e-25 -3.231294e-25 -9.650064e-26 -2.356622e-26 -4.923259e-27 -8.987968e-28 -1.450370e-28 -2.081527e-29 -2.663629e-30 -3.036619e-31 -3.068375e-32 -2.714564e-33 -2.045575e-34 -1.222972e-35 -4.366949e-37 1.639975e-38 5.126161e-39 6.264770e-40 5.761196e-41 4.452332e-42 3.006635e-43 1.804821e-44 9.701262e-46 4.674711e-47 2.009792e-48 7.607832e-50 2.458711e-51 6.248053e-53 8.653327e-55 -2.506716e-56 -2.732568e-57 -1.444072e-58 -5.907887e-60 -2.055769e-61 -6.299561e-63 -1.727877e-64 -3.545528e-66 -1.943624e-68 -1.617934e-71 -2.427209e-75 -8.582257e-80 -8.807258e-85 -3.024429e-90 0.000000e+00
0.000000e+00 -1.994442e-88 -5.100058e-83 -4.463230e-78 -1.147629e-73 -7.003219e-70 -7.727782e-67 -1.295839e-64 -5.799263e-63 -1.930122e-61 -5.662256e-60 -1.413435e-58 -2.732568e-57 -2.561794e-56 9.049060e-55 6.684296e-53 2.692718e-51 8.534189e-50 2.310579e-48 5.511264e-47 1.173599e-45 2.241801e-44 3.837059e-43 5.841756e-42 7.776305e-41 8.702921e-40 7.326603e-39 2.383376e-38 -6.740552e-37 -1.941415e-35 -3.356087e-34 -4.611256e-33 -5.404241e-32 -5.552498e-31 -5.062883e-30 -4.117938e-29 -2.990055e-28 -1.933062e-27 -1.105576e-26 -5.526950e-26 -2.360759e-25 -8.199379e-25 -1.997125e-24 -7.876908e-25 2.582803e-23 1.867796e-22 8.777098e-22 3.266332e-21 1.020395e-20 2.745899e-20 6.459164e-20 1.341752e-19 2.481816e-19 4.117672e-19 6.168615e-19 8.392505e-19 1.041923e-18 1.184583e-18 1.236046e-18 1.184583e-18 1.041923e-18 8.392505e-19 6.168615e-19 4.117672e-19 2.481816e-19 1.341752e-19 6.459164e-20 2.745899e-20 1.020395e-20 3.266332e-21 8.777098e-22 1.867796e-22 2.582803e-23 -7.876908e-25 -1.997125e-24 -8.199379e-25 -2.360759e-25 -5.526950e-26 -1.105576e-26 -1.933062e-27 -2.990055e-28 -4.117938e-29 -5.062883e-30 -5.552498e-31 -5.404241e-32 -4.611256e-33 -3.356087e-34 -1.941415e-35 -6.740552e-37 2.383376e-38 7.326603e-39 8.702921e-40 7.776305e-41 5.841756e-42 3.837059e-43 2.241801e-44 1.173599e-45 5.511264e-47 2.310579e-48 8.534189e-50 2.692718e-51 6.684296e-53 9.049060e-55 -2.561794e-56 -2.732568e-57 -1.413435e-58 -5.662256e-60 -1.930122e-61 -5.799263e-63 -1.295839e-64 -7.727782e-67 -7.003219e-70 -1.147629e-73 -4.463230e-78 -5.100058e-83 -1.994442e-88 0.000000e+00
0.000000e+00 -1.133237e-86 -2.602202e-81 -2.070522e-76 -4.874578e-72 -2.732889e-68 -2.771670e-65 -4.260737e-63 -1.738388e-61 -5.201010e-60 -1.325341e-58 -2.616775e-57 -2.506716e-56 9.049060e-55 6.836326e-53 2.817879e-51 9.142861e-50 2.535504e-48 6.198179e-47 1.353496e-45 2.652912e-44 4.662122e-43 7.292221e-42 9.978840e-41 1.148578e-39 9.942393e-39 3.291885e-38 -9.839765e-37 -2.914058e-35 -5.201629e-34 -7.391975e-33 -8.971589e-32 -9.557428e-31 -9.046597e-30 -7.647391e-29 -5.777688e-28 -3.890575e-27 -2.319522e-26 -1.209058e-25 -5.378657e-25 -1.935237e-24 -4.758102e-24 -2.324344e-25 8.269705e-23 6.023535e-22 2.955989e-21 1.160064e-20 3.838847e-20 1.096972e-19 2.743801e-19 6.064442e-19 1.193806e-18 2.108336e-18 3.363744e-18 4.879843e-18 6.474552e-18 7.894679e-18 8.878852e-18 9.231110e-18 8.878852e-18 7.894679e-18 6.474552e-18 4.879843e-18 3.363744e-18 2.108336e-18 1.193806e-18 6.064442e-19 2.743801e-19 1.096972e-19 3.838847e-20 1.160064e-20 2.955989e-21 6.023535e-22 8.269705e-23 -2.324344e-25 -4.758102e-24 -1.935237e-24 -5.378657e-25 -1.209058e-25 -2.319522e-26 -3.890575e-27 -5.777688e-28 -7.647391e-29 -9.046597e-30 -9.557428e-31 -8.971589e-32 -7.391975e-33 -5.201629e-34 -2.914058e-35 -9.839765e-37 3.291885e-38 9.942393e-39 1.148578e-39 9.978840e-41 7.292221e-42 4.662122e-43 2.652912e-44 1.353496e-45 6.198179e-47 2.535504e-48 9.142861e-50 2.817879e-51 6.836326e-53 9.049060e-55 -2.506716e-56 -2.616775e-57 -1.325341e-58 -5.201010e-60 -1.738388e-61 -4.260737e-63 -2.771670e-65 -2.732889e-68 -4.874578e-72 -2.070522e-76 -2.602202e-81 -1.133237e-86 0.000000e+00
0.000000e+00 -5.669532e-85 -1.183718e-79 -8.624917e-75 -1.865977e-70 -9.618081e-67 -8.942191e-64 -1.250933e-61 -4.580912e-60 -1.190473e-58 -2.399605e-57 -2.348440e-56 8.653327e-55 6.684296e-53 2.817879e-51 9.355174e-50 2.655983e-48 6.650427e-47 1.488367e-45 2.991548e-44 5.394310e-43 8.662700e-42 1.217775e-40 1.440601e-39 1.281525e-38 4.323066e-38 -1.359312e-36 -4.138372e-35 -7.621365e-34 -1.119061e-32 -1.405003e-31 -1.550072e-30 -1.521184e-29 -1.334672e-28 -1.047720e-27 -7.337720e-27 -4.553391e-26 -2.471078e-25 -1.143331e-24 -4.256879e-24 -1.055221e-23 3.587316e-24 2.385046e-22 1.766798e-21 9.056175e-21 3.741176e-20 1.307968e-19 3.956526e-19 1.048567e-18 2.456000e-18 5.121432e-18 9.574638e-18 1.616107e-17 2.480103e-17 3.483575e-17 4.505685e-17 5.393652e-17 5.998751e-17 6.213489e-17 5.998751e-17 5.393652e-17 4.505685e-17 3.483575e-17 2.480103e-17 1.616107e-17 9.574638e-18 5.121432e-18 2.456000e-18 1.048567e-18 3.956526e-19 1.307968e-19 3.741176e-20 9.056175e-21 1.766798e-21 2.385046e-22 3.587316e-24 -1.055221e-23 -4.256879e-24 -1.143331e-24 -2.471078e-25 -4.553391e-26 -7.337720e-27 -1.047720e-27 -1.334672e-28 -1.521184e-29 -1.550072e-30 -1.405003e-31 -1.119061e-32 -7.621365e-34 -4.138372e-35 -1.359312e-36 4.323066e-38 1.281525e-38 1.440601e-39 1.217775e-40 8.662700e-42 5.394310e-43 2.991548e-44 1.488367e-45 6.650427e-47 2.655983e-48 9.355174e-50 2.817879e-51 6.684296e-53 8.653327e-55 -2.348440e-56 -2.399605e-57 -1.190473e-58 -4.580912e-60 -1.250933e-61 -8.942191e-64 -9.618081e-67 -1.865977e-70 -8.624917e-75 -1.183718e-79 -5.669532e-85 0.000000e+00
0.000000e+00 -2.527341e-83 -4.832726e-78 -3.236655e-73 -6.440237e-69 -3.044612e-65 -2.576442e-62 -3.228538e-60 -1.024936e-58 -2.106962e-57 -2.106399e-56 7.912659e-55 6.248053e-53 2.692718e-51 9.142861e-50 2.655983e-48 6.808335e-47 1.560720e-45 3.214963e-44 5.944697e-43 9.795206e-42 1.413645e-40 1.717663e-39 1.569463e-38 5.400071e-38 -1.777981e-36 -5.563454e-35 -1.056256e-33 -1.600970e-32 -2.077182e-31 -2.370674e-30 -2.409222e-29 -2.191264e-28 -1.784961e-27 -1.298409e-26 -8.374759e-26 -4.725320e-25 -2.271065e-24 -8.741914e-24 -2.183164e-23 1.680367e-23 6.252090e-22 4.738396e-21 2.536002e-20 1.100833e-19 4.056365e-19 1.295297e-18 3.626035e-18 8.969191e-18 1.973362e-17 3.886912e-17 6.900871e-17 1.112308e-16 1.639660e-16 2.226298e-16 2.802523e-16 3.289039e-16 3.614089e-16 3.728281e-16 3.614089e-16 3.289039e-16 2.802523e-16 2.226298e-16 1.639660e-16 1.112308e-16 6.900871e-17 3.886912e-17 1.973362e-17 8.969191e-18 3.626035e-18 1.295297e-18 4.056365e-19 1.100833e-19 2.536002e-20 4.738396e-21 6.252090e-22 1.680367e-23 -2.183164e-23 -8.741914e-24 -2.271065e-24 -4.725320e-25 -8.374759e-26 -1.298409e-26 -1.784961e-27 -2.191264e-28 -2.409222e-29 -2.370674e-30 -2.077182e-31 -1.600970e-32 -1.056256e-33 -5.563454e-35 -1.777981e-36 5.400071e-38 1.569463e-38 1.717663e-39 1.413645e-40 9.795206e-42 5.944697e-43 3.214963e-44 1.560720e-45 6.808335e-47 2.655983e-48 9.142861e-50 2.692718e-51 6.248053e-53 7.912659e-55 -2.106399e-56 -2.106962e-57 -1.024936e-58 -3.228538e-60 -2.576442e-62 -3.044612e-65 -6.440237e-69 -3.236655e-73 -4.832726e-78 -2.527341e-83 0.000000e+00
0.000000e+00 -1.010641e-81 -1.776730e-76 -1.094795e-71 -1.999029e-67 -8.608513e-64 -6.529907e-61 -7.078708e-59 -1.772600e-57 -1.808616e-56 6.918017e-55 5.582900e-53 2.458711e-51 8.534189e-50 2.535504e-48 6.650427e-47 1.560720e-45 3.293053e-44 6.240428e-43 1.054398e-41 1.561274e-40 1.947323e-39 1.826725e-38 6.418025e-38 -2.202901e-36 -7.083309e-35 -1.385361e-33 -2.165657e-32 -2.900888e-31 -3.421394e-30 -3.596726e-29 -3.387257e-28 -2.859692e-27 -2.157861e-26 -1.444823e-25 -8.465122e-25 -4.221322e-24 -1.678587e-23 -4.222055e-23 5.221231e-23 1.499209e-21 1.166870e-20 6.516738e-20 2.967325e-19 1.149886e-18 3.866564e-18 1.140219e-17 2.969598e-17 6.870043e-17 1.419890e-16 2.638156e-16 4.437448e-16 6.808621e-16 9.605528e-16 1.255842e-15 1.532894e-15 1.758226e-15 1.904804e-15 1.955583e-15 1.904804e-15 1.758226e-15 1.532894e-15 1.255842e-15 9.605528e-16 6.808621e-16 4.437448e-16 2.638156e-16 1.419890e-16 6.870043e-17 2.969598e-17 1.140219e-17 3.866564e-18 1.149886e-18 2.967325e-19 6.516738e-20 1.166870e-20 1.499209e-21 5.221231e-23 -4.222055e-23 -1.678587e-23 -4.221322e-24 -8.465122e-25 -1.444823e-25 -2.157861e-26 -2.859692e-27 -3.387257e-28 -3.596726e-29 -3.421394e-30 -2.900888e-31 -2.165657e-32 -1.385361e-33 -7.083309e-35 -2.202901e-36 6.418025e-38 1.826725e-38 1.947323e-39 1.561274e-40 1.054398e-41 6.240428e-43 3.293053e-44 1.560720e-45 6.650427e-47 2.535504e-48 8.534189e-50 2.458711e-51 5.582900e-53 6.918017e-55 -1.808616e-56 -1.772600e-57 -7.078708e-59 -6.529907e-61 -8.608513e-64 -1.999029e-67 -1.094795e-71 -1.776730e-76 -1.010641e-81 0.000000e+00
0.000000e+00 -3.637646e-80 -5.885692e-75 -3.329774e-70 -5.542991e-66 -2.142709e-62 -1.408836e-59 -1.202949e-57 -1.488541e-56 5.782284e-55 4.768166e-53 2.145021e-51 7.607832e-50 2.310579e-48 6.198179e-47 1.488367e-45 3.214963e-44 6.240428e-43 1.080597e-41 1.640723e-40 2.099478e-39 2.021045e-38 7.259405e-38 -2.586246e-36 -8.543977e-35 -1.720247e-33 -2.771236e-32 -3.828898e-31 -4.662317e-30 -5.064785e-29 -4.933520e-28 -4.311971e-27 -3.371279e-26 -2.340461e-25 -1.422246e-24 -7.351157e-24 -3.017770e-23 -7.646003e-23 1.327044e-22 3.304412e-21 2.647657e-20 1.541779e-19 7.352145e-19 2.990256e-18 1.056459e-17 3.273984e-17 8.954579e-17 2.171922e-16 4.693707e-16 9.085917e-16 1.585368e-15 2.511709e-15 3.642752e-15 4.878797e-15 6.089129e-15 7.146175e-15 7.953055e-15 8.453037e-15 8.621687e-15 8.453037e-15 7.953055e-15 7.146175e-15 6.089129e-15 4.878797e-15 3.642752e-15 2.511709e-15 1.585368e-15 9.085917e-16 4.693707e-16 2.171922e-16 8.954579e-17 3.273984e-17 1.056459e-17 2.990256e-18 7.352145e-19 1.541779e-19 2.647657e-20 3.304412e-21 1.327044e-22 -7.646003e-23 -3.017770e-23 -7.351157e-24 -1.422246e-24 -2.340461e-25 -3.371279e-26 -4.311971e-27 -4.933520e-28 -5.064785e-29 -4.662317e-30 -3.828898e-31 -2.771236e-32 -1.720247e-33 -8.543977e-35 -2.586246e-36 7.259405e-38 2.021045e-38 2.099478e-39 1.640723e-40 1.080597e-41 6.240428e-43 3.214963e-44 1.488367e-45 6.198179e-47 2.310579e-48 7.607832e-50 2.145021e-51 4.768166e-53 5.782284e-55 -1.488541e-56 -1.202949e-57 -1.408836e-59 -2.142709e-62 -5.542991e-66 -3.329774e-70 -5.885692e-75 -3.637646e-80 0.000000e+00
0.000000e+00 -1.179303e-78 -1.752759e-73 -9.047548e-69 -1.353939e-64 -4.550337e-61 -2.372907e-58 -1.016641e-56 4.618699e-55 3.891783e-53 1.787727e-51 6.476276e-50 2.009792e-48 5.511264e-47 1.353496e-45 2.991548e-44 5.944697e-43 1.054398e-41 1.640723e-40 2.152772e-39 2.125758e-38 7.815768e-38 -2.877795e-36 -9.766424e-35 -2.022981e-33 -3.355801e-32 -4.778473e-31 -6.001792e-30 -6.731004e-29 -6.774761e-28 -6.123572e-27 -4.955271e-26 -3.562968e-25 -2.243231e-24 -1.200633e-23 -5.085600e-23 -1.298738e-22 2.934657e-22 6.719523e-21 5.551299e-20 3.367735e-19 1.679287e-18 7.155364e-18 2.650840e-17 8.614869e-17 2.468856e-16 6.262434e-16 1.410877e-15 2.834299e-15 5.101976e-15 8.279404e-15 1.220023e-14 1.646145e-14 2.053157e-14 2.392962e-14 2.638523e-14 2.789547e-14 2.865011e-14 2.886998e-14 2.865011e-14 2.789547e-14 2.638523e-14 2.392962e-14 2.053157e-14 1.646145e-14 1.220023e-14 8.279404e-15 5.101976e-15 2.834299e-15 1.410877e-15 6.262434e-16 2.468856e-16 8.614869e-17 2.650840e-17 7.155364e-18 1.679287e-18 3.367735e-19 5.551299e-20 6.719523e-21 2.934657e-22 -1.298738e-22 -5.085600e-23 -1.200633e-23 -2.243231e-24 -3.562968e-25 -4.955271e-26 -6.123572e-27 -6.774761e-28 -6.731004e-29 -6.001792e-30 -4.778473e-31 -3.355801e-32 -2.022981e-33 -9.766424e-35 -2.877795e-36 7.815768e-38 2.125758e-38 2.152772e-39 1.640723e-40 1.054398e-41 5.944697e-43 2.991548e-44 1.353496e-45 5.511264e-47 2.009792e-48 6.476276e-50 1.787727e-51 3.891783e-53 4.618699e-55 -1.016641e-56 -2.372907e-58 -4.550337e-61 -1.353939e-64 -9.047548e-69 -1.752759e-73 -1.179303e-78 0.000000e+00
0.000000e+00 -3.436061e-77 -4.663137e-72 -2.166810e-67 -2.827448e-63 -7.601704e-60 -2.098207e-57 2.839374e-55 3.035983e-53 1.423096e-51 5.263580e-50 1.668362e-48 4.674711e-47 1.173599e-45 2.652912e-44 5.394310e-43 9.795206e-42 1.561274e-40 2.099478e-39 2.125758e-38 8.010451e-38 -3.035548e-36 -1.058150e-34 -2.253558e-33 -3.846642e-32 -5.640581e-31 -7.301497e-30 -8.446210e-29 -8.775789e-28 -8.195276e-27 -6.856958e-26 -5.101177e-25 -3.324231e-24 -1.840810e-23 -8.041799e-23 -2.072134e-22 5.802107e-22 1.264385e-20 1.078108e-19 6.807837e-19 3.544654e-18 1.579683e-17 6.125617e-17 2.083729e-16 6.244726e-16 1.653024e-15 3.872519e-15 8.045751e-15 1.486465e-14 2.450405e-14 3.618935e-14 4.809738e-14 5.779648e-14 6.313053e-14 6.316235e-14 5.870222e-14 5.211808e-14 4.645907e-14 4.424814e-14 4.645907e-14 5.211808e-14 5.870222e-14 6.316235e-14 6.313053e-14 5.779648e-14 4.809738e-14 3.618935e-14 2.450405e-14 1.486465e-14 8.045751e-15 3.872519e-15 1.653024e-15 6.244726e-16 2.083729e-16 6.125617e-17 1.579683e-17 3.544654e-18 6.807837e-19 1.078108e-19 1.264385e-20 5.802107e-22 -2.072134e-22 -8.041799e-23 -1.840810e-23 -3.324231e-24 -5.101177e-25 -6.856958e-26 -8.195276e-27 -8.775789e-28 -8.446210e-29 -7.301497e-30 -5.640581e-31 -3.846642e-32 -2.253558e-33 -1.058150e-34 -3.035548e-36 8.010451e-38 2.125758e-38 2.099478e-39 1.561274e-40 9.795206e-42 5.394310e-43 2.652912e-44 1.173599e-45 4.674711e-47 1.668362e-48 5.263580e-50 1.423096e-51 3.035983e-53 2.839374e-55 -2.098207e-57 -7.601704e-60 -2.827448e-63 -2.166810e-67 -4.663137e-72 -3.436061e-77 0.000000e+00
0.000000e+00 -8.943275e-76 -1.093971e-70 -4.444758e-66 -4.677348e-62 -7.027244e-59 4.682730e-56 1.864847e-53 1.082225e-51 4.083499e-50 1.321447e-48 3.781774e-47 9.701262e-46 2.241801e-44 4.662122e-43 8.662700e-42 1.413645e-40 1.947323e-39 2.021045e-38 7.815768e-38 -3.035548e-36 -1.086790e-34 -2.378429e-33 -4.174632e-32 -6.299222e-31 -8.397048e-30 -1.001068e-28 -1.072793e-27 -1.034101e-26 -8.937734e-26 -6.873040e-25 -4.631594e-24 -2.651489e-23 -1.194258e-22 -3.109481e-22 1.040618e-21 2.206741e-20 1.943297e-19 1.276185e-18 6.929200e-18 3.224842e-17 1.306815e-16 4.645235e-16 1.453323e-15 4.007344e-15 9.741175e-15 2.086988e-14 3.938371e-14 6.537583e-14 9.513957e-14 1.203477e-13 1.294961e-13 1.116714e-13 6.131223e-14 -1.813934e-14 -1.135089e-13 -2.047245e-13 -2.704077e-13 -2.943182e-13 -2.704077e-13 -2.047245e-13 -1.135089e-13 -1.813934e-14 6.131223e-14 1.116714e-13 1.294961e-13 1.203477e-13 9.513957e-14 6.537583e-14 3.938371e-14 2.086988e-14 9.741175e-15 4.007344e-15 1.453323e-15 4.645235e-16 1.306815e-16 3.224842e-17 6.929200e-18 1.276185e-18 1.943297e-19 2.206741e-20 1.040618e-21 -3.109481e-22 -1.194258e-22 -2.651489e-23 -4.631594e-24 -6.873040e-25 -8.937734e-26 -1.034101e-26 -1.072793e-27 -1.001068e-28 -8.397048e-30 -6.299222e-31 -4.174632e-32 -2.378429e-33 -1.086790e-34 -3.035548e-36 7.815768e-38 2.021045e-38 1.947323e-39 1.413645e-40 8.662700e-42 4.662122e-43 2.241801e-44 9.701262e-46 3.781774e-47 1.321447e-48 4.083499e-50 1.082225e-51 1.864847e-53 4.682730e-56 -7.027244e-59 -4.677348e-62 -4.444758e-66 -1.093971e-70 -8.943275e-76 0.000000e+00
0.000000e+00 -2.053324e-74 -2.201780e-69 -7.267467e-65 -4.476234e-61 1.215284e-57 3.206519e-54 6.513496e-52 3.024691e-50 9.984342e-49 2.917233e-47 7.643444e-46 1.804821e-44 3.837059e-43 7.292221e-42 1.217775e-40 1.717663e-39 1.826725e-38 7.259405e-38 -2.877795e-36 -1.058150e-34 -2.378429e-33 -4.290006e-32 -6.656570e-31 -9.131001e-30 -1.120987e-28 -1.238010e-27 -1.230747e-26 -1.097865e-25 -8.719067e-25 -6.070785e-24 -3.590348e-23 -1.666851e-22 -4.393692e-22 1.707982e-21 3.579276e-20 3.256574e-19 2.222280e-18 1.256732e-17 6.099513e-17 2.579244e-16 9.566309e-16 3.119866e-15 8.947331e-15 2.252808e-14 4.964639e-14 9.527033e-14 1.577476e-13 2.211614e-13 2.504997e-13 1.950882e-13 2.236609e-15 -3.626706e-13 -8.974687e-13 -1.553933e-12 -2.242514e-12 -2.850509e-12 -3.268509e-12 -3.417441e-12 -3.268509e-12 -2.850509e-12 -2.242514e-12 -1.553933e-12 -8.974687e-13 -3.626706e-13 2.236609e-15 1.950882e-13 2.504997e-13 2.211614e-13 1.577476e-13 9.527033e-14 4.964639e-14 2.252808e-14 8.947331e-15 3.119866e-15 9.566309e-16 2.579244e-16 6.099513e-17 1.256732e-17 2.222280e-18 3.256574e-19 3.579276e-20 1.707982e-21 -4.393692e-22 -1.666851e-22 -3.590348e-23 -6.070785e-24 -8.719067e-25 -1.097865e-25 -1.230747e-26 -1.238010e-27 -1.120987e-28 -9.131001e-30 -6.656570e-31 -4.290006e-32 -2.378429e-33 -1.058150e-34 -2.877795e-36 7.259405e-38 1.826725e-38 1.717663e-39 1.217775e-40 7.292221e-42 3.837059e-43 1.804821e-44 7.643444e-46 2.917233e-47 9.984342e-49 3.024691e-50 6.513496e-52 3.206519e-54 1.215284e-57 -4.476234e-61 -7.267467e-65 -2.201780e-69 -2.053324e-74 0.000000e+00
0.000000e+00 -4.050185e-73 -3.551861e-68 -7.135363e-64 5.956610e-60 8.859765e-56 1.107333e-52 1.777441e-50 7.197898e-49 2.145137e-47 5.738309e-46 1.383963e-44 3.006635e-43 5.841756e-42 9.978840e-41 1.440601e-39 1.569463e-38 6.418025e-38 -2.586246e-36 -9.766424e-35 -2.253558e-33 -4.174632e-32 -6.656570e-31 -9.389507e-30 -1.186179e-28 -1.348992e-27 -1.381990e-26 -1.271291e-25 -1.041860e-24 -7.489237e-24 -4.572790e-23 -2.187841e-22 -5.851597e-22 2.580095e-21 5.403725e-20 5.080918e-19 3.599956e-18 2.118004e-17 1.070673e-16 4.718163e-16 1.823520e-15 6.191263e-15 1.844360e-14 4.803304e-14 1.086621e-13 2.111812e-13 3.451735e-13 4.513907e-13 3.992833e-13 -9.153212e-15 -9.968360e-13 -2.738977e-12 -5.286561e-12 -8.515778e-12 -1.212355e-11 -1.567242e-11 -1.867263e-11 -2.067997e-11 -2.138585e-11 -2.067997e-11 -1.867263e-11 -1.567242e-11 -1.212355e-11 -8.515778e-12 -5.286561e-12 -2.738977e-12 -9.968360e-13 -9.153212e-15 3.992833e-13 4.513907e-13 3.451735e-13 2.111812e-13 1.086621e-13 4.803304e-14 1.844360e-14 6.191263e-15 1.823520e-15 4.718163e-16 1.070673e-16 2.118004e-17 3.599956e-18 5.080918e-19 5.403725e-20 2.580095e-21 -5.851597e-22 -2.187841e-22 -4.572790e-23 -7.489237e-24 -1.041860e-24 -1.271291e-25 -1.381990e-26 -1.348992e-27 -1.186179e-28 -9.389507e-30 -6.656570e-31 -4.174632e-32 -2.253558e-33 -9.766424e-35 -2.586246e-36 6.418025e-38 1.569463e-38 1.440601e-39 9.978840e-41 5.841756e-42 3.006635e-43 1.383963e-44 5.738309e-46 2.145137e-47 7.197898e-49 1.777441e-50 1.107333e-52 8.859765e-56 5.956610e-60 -7.135363e-64 -3.551861e-68 -4.050185e-73 0.000000e+00
0.000000e+00 -6.435094e-72 -3.550970e-67 7.236455e-63 4.692820e-58 3.032289e-54 2.963406e-51 4.123119e-49 1.504021e-47 4.103641e-46 1.010493e-44 2.242354e-43 4.452332e-42 7.776305e-41 1.148578e-39 1.281525e-38 5.400071e-38 -2.202901e-36 -8.543977e-35 -2.022981e-33 -3.846642e-32 -6.299222e-31 -9.131001e-30 -1.186179e-28 -1.388134e-27 -1.464376e-26 -1.388100e-25 -1.172998e-24 -8.698913e-24 -5.480333e-23 -2.701893e-22 -7.351669e-22 3.601037e-21 7.603200e-20 7.389126e-19 5.431755e-18 3.321285e-17 1.746679e-16 8.011807e-16 3.222882e-15 1.137907e-14 3.517444e-14 9.464875e-14 2.194571e-13 4.303986e-13 6.864079e-13 7.958813e-13 3.299152e-13 -1.390742e-12 -5.178853e-12 -1.174789e-11 -2.144639e-11 -3.406067e-11 -4.875638e-11 -6.417454e-11 -7.864851e-11 -9.048269e-11 -9.823118e-11 -1.009271e-10 -9.823118e-11 -9.048269e-11 -7.864851e-11 -6.417454e-11 -4.875638e-11 -3.406067e-11 -2.144639e-11 -1.174789e-11 -5.178853e-12 -1.390742e-12 3.299152e-13 7.958813e-13 6.864079e-13 4.303986e-13 2.194571e-13 9.464875e-14 3.517444e-14 1.137907e-14 3.222882e-15 8.011807e-16 1.746679e-16 3.321285e-17 5.431755e-18 7.389126e-19 7.603200e-20 3.601037e-21 -7.351669e-22 -2.701893e-22 -5.480333e-23 -8.698913e-24 -1.172998e-24 -1.388100e-25 -1.464376e-26 -1.388134e-27 -1.186179e-28 -9.131001e-30 -6.299222e-31 -3.846642e-32 -2.022981e-33 -8.543977e-35 -2.202901e-36 5.400071e-38 1.281525e-38 1.148578e-39 7.776305e-41 4.452332e-42 2.242354e-43 1.010493e-44 4.103641e-46 1.504021e-47 4.123119e-49 2.963406e-51 3.032289e-54 4.692820e-58 7.236455e-63 -3.550970e-67 -6.435094e-72 0.000000e+00
