0.000000e+00 1.687942e-122 5.454213e-117 5.466691e-112 1.298723e-107 2.956615e-104 -1.259277e-100 -8.331594e-98 -9.612565e-96 -7.217276e-94 -4.607939e-92 -2.578314e-90 -1.284642e-88 -5.752089e-87 -2.326816e-85 -8.525509e-84 -2.830257e-82 -8.494020e-81 -2.291532e-79 -5.494139e-78 -1.143719e-76 -1.957691e-75 -2.303841e-74 1.921403e-74 1.138158e-71 4.283054e-70 1.133008e-68 2.472033e-67 4.674872e-66 7.822498e-65 1.168724e-63 1.563457e-62 1.869237e-61 1.983594e-60 1.841044e-59 1.448764e-58 8.936798e-58 3.124982e-57 -1.618968e-56 -4.494591e-55 -5.427547e-54 -4.919915e-53 -3.699803e-52 -2.391038e-51 -1.348422e-50 -6.681857e-50 -2.917171e-49 -1.122359e-48 -3.800860e-48 -1.130609e-47 -2.946912e-47 -6.715448e-47 -1.336189e-46 -2.322888e-46 -3.542327e-46 -4.780867e-46 -5.794909e-46 -6.428128e-46 -6.638444e-46 -6.428128e-46 -5.794909e-46 -4.780867e-46 -3.542327e-46 -2.322888e-46 -1.336189e-46 -6.715448e-47 -2.946912e-47 -1.130609e-47 -3.800860e-48 -1.122359e-48 -2.917171e-49 -6.681857e-50 -1.348422e-50 -2.391038e-51 -3.699803e-52 -4.919915e-53 -5.427547e-54 -4.494591e-55 -1.618968e-56 3.124982e-57 8.936798e-58 1.448764e-58 1.841044e-59 1.983594e-60 1.869237e-61 1.563457e-62 1.168724e-63 7.822498e-65 4.674872e-66 2.472033e-67 1.133008e-68 4.283054e-70 1.138158e-71 1.921403e-74 -2.303841e-74 -1.957691e-75 -1.143719e-76 -5.494139e-78 -2.291532e-79 -8.494020e-81 -2.830257e-82 -8.525509e-84 -2.326816e-85 -5.752089e-87 -1.284642e-88 -2.578314e-90 -4.607939e-92 -7.217276e-94 -9.612565e-96 -8.331594e-98 -1.259277e-100 2.956615e-104 1.298723e-107 5.466691e-112 5.454213e-117 1.687942e-122 0.000000e+00
0.000000e+00 8.474959e-117 2.222410e-111 1.630090e-106 1.437996e-102 -3.058962e-98 -1.227912e-94 -4.926129e-92 -4.562164e-90 -2.962018e-88 -1.687138e-86 -8.562111e-85 -3.906776e-83 -1.611144e-81 -6.020527e-80 -2.038995e-78 -6.244105e-77 -1.718937e-75 -4.203945e-74 -8.915586e-73 -1.548351e-71 -1.813795e-70 4.024462e-70 1.047358e-67 3.950512e-66 1.064733e-64 2.378235e-63 4.615271e-62 7.937280e-61 1.220220e-59 1.681114e-58 2.071191e-57 2.265227e-56 2.165026e-55 1.748551e-54 1.093285e-53 3.553997e-53 -2.892521e-52 -7.125465e-51 -8.748717e-50 -8.216580e-49 -6.450522e-48 -4.372457e-47 -2.595850e-46 -1.358503e-45 -6.282231e-45 -2.567094e-44 -9.254667e-44 -2.935657e-43 -8.165186e-43 -1.983434e-42 -4.190616e-42 -7.673003e-42 -1.214997e-41 -1.666502e-41 -1.998665e-41 -2.146566e-41 -2.157443e-41 -2.141902e-41 -2.157443e-41 -2.146566e-41 -1.998665e-41 -1.666502e-41 -1.214997e-41 -7.673003e-42 -4.190616e-42 -1.983434e-42 -8.165186e-43 -2.935657e-43 -9.254667e-44 -2.567094e-44 -6.282231e-45 -1.358503e-45 -2.595850e-46 -4.372457e-47 -6.450522e-48 -8.216580e-49 -8.748717e-50 -7.125465e-51 -2.892521e-52 3.553997e-53 1.093285e-53 1.748551e-54 2.165026e-55 2.265227e-56 2.071191e-57 1.681114e-58 1.220220e-59 7.937280e-61 4.615271e-62 2.378235e-63 1.064733e-64 3.950512e-66 1.047358e-67 4.024462e-70 -1.813795e-70 -1.548351e-71 -8.915586e-73 -4.203945e-74 -1.718937e-75 -6.244105e-77 -2.038995e-78 -6.020527e-80 -1.611144e-81 -3.906776e-83 -8.562111e-85 -1.687138e-86 -2.962018e-88 -4.562164e-90 -4.926129e-92 -1.227912e-94 -3.058962e-98 1.437996e-102 1.630090e-106 2.222410e-111 8.474959e-117 0.000000e+00
0.000000e+00 1.411250e-111 2.708540e-106 7.398827e-102 -6.007123e-97 -1.222951e-92 -2.967748e-89 -9.531925e-87 -7.626573e-85 -4.418389e-83 -2.282693e-81 -1.060818e-79 -4.457455e-78 -1.697726e-76 -5.862055e-75 -1.830529e-73 -5.138361e-72 -1.280817e-70 -2.764530e-69 -4.864034e-68 -5.647177e-67 2.198180e-66 3.821596e-64 1.444992e-62 3.964512e-61 9.056410e-60 1.801564e-58 3.180646e-57 5.025030e-56 7.120299e-55 9.026714e-54 1.015819e-52 9.978916e-52 8.250858e-51 5.204550e-50 1.516440e-49 -1.927022e-48 -4.370318e-47 -5.458086e-46 -5.301050e-45 -4.333436e-44 -3.071778e-43 -1.913409e-42 -1.053640e-41 -5.139993e-41 -2.220728e-40 -8.480555e-40 -2.852834e-39 -8.414087e-39 -2.162438e-38 -4.804128e-38 -9.127530e-38 -1.460214e-37 -1.917916e-37 -1.968492e-37 -1.383200e-37 -2.793043e-38 8.209102e-38 1.283036e-37 8.209102e-38 -2.793043e-38 -1.383200e-37 -1.968492e-37 -1.917916e-37 -1.460214e-37 -9.127530e-38 -4.804128e-38 -2.162438e-38 -8.414087e-39 -2.852834e-39 -8.480555e-40 -2.220728e-40 -5.139993e-41 -1.053640e-41 -1.913409e-42 -3.071778e-43 -4.333436e-44 -5.301050e-45 -5.458086e-46 -4.370318e-47 -1.927022e-48 1.516440e-49 5.204550e-50 8.250858e-51 9.978916e-52 1.015819e-52 9.026714e-54 7.120299e-55 5.025030e-56 3.180646e-57 1.801564e-58 9.056410e-60 3.964512e-61 1.444992e-62 3.821596e-64 2.198180e-66 -5.647177e-67 -4.864034e-68 -2.764530e-69 -1.280817e-70 -5.138361e-72 -1.830529e-73 -5.862055e-75 -1.697726e-76 -4.457455e-78 -1.060818e-79 -2.282693e-81 -4.418389e-83 -7.626573e-85 -9.531925e-87 -2.967748e-89 -1.222951e-92 -6.007123e-97 7.398827e-102 2.708540e-106 1.411250e-111 0.000000e+00
0.000000e+00 6.089480e-107 4.350598e-102 -1.089317e-96 -8.527022e-92 -1.047967e-87 -2.034043e-84 -5.632555e-82 -4.017191e-80 -2.110974e-78 -9.986180e-77 -4.273011e-75 -1.657837e-73 -5.832521e-72 -1.855962e-70 -5.308399e-69 -1.347534e-67 -2.957212e-66 -5.263171e-65 -6.025612e-64 3.572501e-63 4.796441e-61 1.818217e-59 5.074040e-58 1.184274e-56 2.412364e-55 4.367320e-54 7.082343e-53 1.030810e-51 1.342791e-50 1.552412e-49 1.564520e-48 1.320983e-47 8.362158e-47 2.058955e-46 -4.217620e-45 -9.014721e-44 -1.145303e-42 -1.148268e-41 -9.751002e-41 -7.208497e-40 -4.696791e-39 -2.712229e-38 -1.390606e-37 -6.326568e-37 -2.547673e-36 -9.042839e-36 -2.811728e-35 -7.590966e-35 -1.755824e-34 -3.403110e-34 -5.288883e-34 -5.853467e-34 -2.215589e-34 8.728399e-34 2.781893e-33 5.130492e-33 7.115769e-33 7.897525e-33 7.115769e-33 5.130492e-33 2.781893e-33 8.728399e-34 -2.215589e-34 -5.853467e-34 -5.288883e-34 -3.403110e-34 -1.755824e-34 -7.590966e-35 -2.811728e-35 -9.042839e-36 -2.547673e-36 -6.326568e-37 -1.390606e-37 -2.712229e-38 -4.696791e-39 -7.208497e-40 -9.751002e-41 -1.148268e-41 -1.145303e-42 -9.014721e-44 -4.217620e-45 2.058955e-46 8.362158e-47 1.320983e-47 1.564520e-48 1.552412e-49 1.342791e-50 1.030810e-51 7.082343e-53 4.367320e-54 2.412364e-55 1.184274e-56 5.074040e-58 1.818217e-59 4.796441e-61 3.572501e-63 -6.025612e-64 -5.263171e-65 -2.957212e-66 -1.347534e-67 -5.308399e-69 -1.855962e-70 -5.832521e-72 -1.657837e-73 -4.273011e-75 -9.986180e-77 -2.110974e-78 -4.017191e-80 -5.632555e-82 -2.034043e-84 -1.047967e-87 -8.527022e-92 -1.089317e-96 4.350598e-102 6.089480e-107 0.000000e+00
0.000000e+00 2.849010e-103 -1.878968e-97 -4.530654e-92 -2.140204e-87 -2.103272e-83 -3.517464e-80 -8.666521e-78 -5.600308e-76 -2.694394e-74 -1.173409e-72 -4.634874e-71 -1.660446e-69 -5.380777e-68 -1.567044e-66 -4.047847e-65 -9.022822e-64 -1.621816e-62 -1.820100e-61 1.533813e-60 1.712465e-58 6.508700e-57 1.846091e-55 4.398291e-54 9.165134e-53 1.699633e-51 2.825928e-50 4.219593e-49 5.640448e-48 6.689028e-47 6.903164e-46 5.936541e-45 3.748588e-44 6.990179e-44 -2.531371e-42 -5.180797e-41 -6.695218e-40 -6.917703e-39 -6.089063e-38 -4.682634e-37 -3.182508e-36 -1.921305e-35 -1.031833e-34 -4.924726e-34 -2.082585e-33 -7.763172e-33 -2.530837e-32 -7.127667e-32 -1.698590e-31 -3.287832e-31 -4.642062e-31 -2.661030e-31 9.233978e-31 4.035110e-30 9.822025e-30 1.812029e-29 2.732071e-29 3.466545e-29 3.748370e-29 3.466545e-29 2.732071e-29 1.812029e-29 9.822025e-30 4.035110e-30 9.233978e-31 -2.661030e-31 -4.642062e-31 -3.287832e-31 -1.698590e-31 -7.127667e-32 -2.530837e-32 -7.763172e-33 -2.082585e-33 -4.924726e-34 -1.031833e-34 -1.921305e-35 -3.182508e-36 -4.682634e-37 -6.089063e-38 -6.917703e-39 -6.695218e-40 -5.180797e-41 -2.531371e-42 6.990179e-44 3.748588e-44 5.936541e-45 6.903164e-46 6.689028e-47 5.640448e-48 4.219593e-49 2.825928e-50 1.699633e-51 9.165134e-53 4.398291e-54 1.846091e-55 6.508700e-57 1.712465e-58 1.533813e-60 -1.820100e-61 -1.621816e-62 -9.022822e-64 -4.047847e-65 -1.567044e-66 -5.380777e-68 -1.660446e-69 -4.634874e-71 -1.173409e-72 -2.694394e-74 -5.600308e-76 -8.666521e-78 -3.517464e-80 -2.103272e-83 -2.140204e-87 -4.530654e-92 -1.878968e-97 2.849010e-103 0.000000e+00
0.000000e+00 -2.826853e-99 -1.778382e-93 -2.589418e-88 -9.781535e-84 -8.282062e-80 -1.231764e-76 -2.744957e-74 -1.622169e-72 -7.183582e-71 -2.887224e-69 -1.052679e-67 -3.471872e-66 -1.028862e-64 -2.702347e-63 -6.112561e-62 -1.107870e-60 -1.210574e-59 1.392861e-58 1.353640e-56 5.159680e-55 1.486446e-53 3.612044e-52 7.692663e-51 1.459862e-49 2.486018e-48 3.803881e-47 5.211209e-46 6.330232e-45 6.678175e-44 5.834273e-43 3.649884e-42 3.950498e-42 -3.261911e-40 -6.467462e-39 -8.500935e-38 -9.038437e-37 -8.230165e-36 -6.569111e-35 -4.645268e-34 -2.923676e-33 -1.639629e-32 -8.181938e-32 -3.619771e-31 -1.410980e-30 -4.797978e-30 -1.399912e-29 -3.397589e-29 -6.379486e-29 -7.062414e-29 6.683204e-29 6.356705e-28 2.125473e-27 5.116702e-27 9.955093e-27 1.632083e-26 2.299909e-26 2.815424e-26 3.010095e-26 2.815424e-26 2.299909e-26 1.632083e-26 9.955093e-27 5.116702e-27 2.125473e-27 6.356705e-28 6.683204e-29 -7.062414e-29 -6.379486e-29 -3.397589e-29 -1.399912e-29 -4.797978e-30 -1.410980e-30 -3.619771e-31 -8.181938e-32 -1.639629e-32 -2.923676e-33 -4.645268e-34 -6.569111e-35 -8.230165e-36 -9.038437e-37 -8.500935e-38 -6.467462e-39 -3.261911e-40 3.950498e-42 3.649884e-42 5.834273e-43 6.678175e-44 6.330232e-45 5.211209e-46 3.803881e-47 2.486018e-48 1.459862e-49 7.692663e-51 3.612044e-52 1.486446e-53 5.159680e-55 1.353640e-56 1.392861e-58 -1.210574e-59 -1.107870e-60 -6.112561e-62 -2.702347e-63 -1.028862e-64 -3.471872e-66 -1.052679e-67 -2.887224e-69 -7.183582e-71 -1.622169e-72 -2.744957e-74 -1.231764e-76 -8.282062e-80 -9.781535e-84 -2.589418e-88 -1.778382e-93 -2.826853e-99 0.000000e+00
0.000000e+00 -4.644644e-96 -1.767739e-90 -2.059209e-85 -6.703477e-81 -5.048250e-77 -6.788780e-74 -1.381349e-71 -7.505791e-70 -3.067229e-68 -1.137715e-66 -3.817537e-65 -1.150694e-63 -3.071834e-62 -7.047335e-61 -1.286885e-59 -1.362273e-58 2.064454e-57 1.811038e-55 6.931991e-54 2.028247e-52 5.024846e-51 1.093143e-49 2.121552e-48 3.697643e-47 5.793274e-46 8.127110e-45 1.010273e-43 1.088280e-42 9.642266e-42 5.943701e-41 6.577691e-42 -6.921612e-39 -1.344544e-37 -1.799099e-36 -1.966959e-35 -1.850410e-34 -1.530414e-33 -1.123856e-32 -7.358525e-32 -4.299086e-31 -2.237045e-30 -1.032319e-29 -4.193459e-29 -1.481146e-28 -4.450324e-28 -1.087114e-27 -1.901190e-27 -9.771288e-28 8.874762e-27 4.629677e-26 1.478258e-25 3.675006e-25 7.603790e-25 1.347793e-24 2.078877e-24 2.816856e-24 3.372739e-24 3.580163e-24 3.372739e-24 2.816856e-24 2.078877e-24 1.347793e-24 7.603790e-25 3.675006e-25 1.478258e-25 4.629677e-26 8.874762e-27 -9.771288e-28 -1.901190e-27 -1.087114e-27 -4.450324e-28 -1.481146e-28 -4.193459e-29 -1.032319e-29 -2.237045e-30 -4.299086e-31 -7.358525e-32 -1.123856e-32 -1.530414e-33 -1.850410e-34 -1.966959e-35 -1.799099e-36 -1.344544e-37 -6.921612e-39 6.577691e-42 5.943701e-41 9.642266e-42 1.088280e-42 1.010273e-43 8.127110e-45 5.793274e-46 3.697643e-47 2.121552e-48 1.093143e-49 5.024846e-51 2.028247e-52 6.931991e-54 1.811038e-55 2.064454e-57 -1.362273e-58 -1.286885e-59 -7.047335e-61 -3.071834e-62 -1.150694e-63 -3.817537e-65 -1.137715e-66 -3.067229e-68 -7.505791e-70 -1.381349e-71 -6.788780e-74 -5.048250e-77 -6.703477e-81 -2.059209e-85 -1.767739e-90 -4.644644e-96 0.000000e+00
0.000000e+00 -8.766928e-94 -2.674124e-88 -2.687933e-83 -7.791374e-79 -5.310728e-75 -6.524763e-72 -1.219812e-69 -6.114908e-68 -2.307987e-66 -7.884976e-65 -2.419788e-63 -6.574141e-62 -1.532862e-60 -2.831569e-59 -2.942942e-58 5.362027e-57 4.479155e-55 1.733449e-53 5.165966e-52 1.307044e-50 2.908115e-49 5.778028e-48 1.031703e-46 1.656827e-45 2.382941e-44 3.036163e-43 3.347503e-42 3.020776e-41 1.853602e-40 -1.347969e-40 -2.640975e-38 -5.135700e-37 -7.039018e-36 -7.936033e-35 -7.725388e-34 -6.627094e-33 -5.057000e-32 -3.446042e-31 -2.098066e-30 -1.138795e-29 -5.483726e-29 -2.322812e-28 -8.529465e-28 -2.642064e-27 -6.490785e-27 -1.027359e-26 4.538325e-27 1.109357e-25 5.154531e-25 1.673054e-24 4.372938e-24 9.658603e-24 1.844910e-23 3.089242e-23 4.575633e-23 6.032373e-23 7.108803e-23 7.506682e-23 7.108803e-23 6.032373e-23 4.575633e-23 3.089242e-23 1.844910e-23 9.658603e-24 4.372938e-24 1.673054e-24 5.154531e-25 1.109357e-25 4.538325e-27 -1.027359e-26 -6.490785e-27 -2.642064e-27 -8.529465e-28 -2.322812e-28 -5.483726e-29 -1.138795e-29 -2.098066e-30 -3.446042e-31 -5.057000e-32 -6.627094e-33 -7.725388e-34 -7.936033e-35 -7.039018e-36 -5.135700e-37 -2.640975e-38 -1.347969e-40 1.853602e-40 3.020776e-41 3.347503e-42 3.036163e-43 2.382941e-44 1.656827e-45 1.031703e-46 5.778028e-48 2.908115e-49 1.307044e-50 5.165966e-52 1.733449e-53 4.479155e-55 5.362027e-57 -2.942942e-58 -2.831569e-59 -1.532862e-60 -6.574141e-62 -2.419788e-63 -7.884976e-65 -2.307987e-66 -6.114908e-68 -1.219812e-69 -6.524763e-72 -5.310728e-75 -7.791374e-79 -2.687933e-83 -2.674124e-88 -8.766928e-94 0.000000e+00
0.000000e+00 -6.851643e-92 -1.806931e-86 -1.620250e-81 -4.258606e-77 -2.656712e-73 -3.003298e-70 -5.180745e-68 -2.400384e-66 -8.360375e-65 -2.617840e-63 -7.258924e-62 -1.727710e-60 -3.256631e-59 -3.437953e-58 6.570631e-57 5.559229e-55 2.199135e-53 6.709825e-52 1.739663e-50 3.969417e-49 8.093509e-48 1.484045e-46 2.449014e-45 3.621768e-44 4.747419e-43 5.386415e-42 4.999095e-41 3.138206e-40 -3.079369e-40 -4.942148e-38 -9.879397e-37 -1.400383e-35 -1.636905e-34 -1.655001e-33 -1.476857e-32 -1.174054e-31 -8.346679e-31 -5.308768e-30 -3.013811e-29 -1.519197e-28 -6.737386e-28 -2.586643e-27 -8.332483e-27 -2.089828e-26 -3.053337e-26 4.724973e-26 5.699119e-25 2.644923e-24 8.989403e-24 2.498120e-23 5.911875e-23 1.216077e-22 2.201848e-22 3.540277e-22 5.088431e-22 6.570338e-22 7.648534e-22 8.044017e-22 7.648534e-22 6.570338e-22 5.088431e-22 3.540277e-22 2.201848e-22 1.216077e-22 5.911875e-23 2.498120e-23 8.989403e-24 2.644923e-24 5.699119e-25 4.724973e-26 -3.053337e-26 -2.089828e-26 -8.332483e-27 -2.586643e-27 -6.737386e-28 -1.519197e-28 -3.013811e-29 -5.308768e-30 -8.346679e-31 -1.174054e-31 -1.476857e-32 -1.655001e-33 -1.636905e-34 -1.400383e-35 -9.879397e-37 -4.942148e-38 -3.079369e-40 3.138206e-40 4.999095e-41 5.386415e-42 4.747419e-43 3.621768e-44 2.449014e-45 1.484045e-46 8.093509e-48 3.969417e-49 1.739663e-50 6.709825e-52 2.199135e-53 5.559229e-55 6.570631e-57 -3.437953e-58 -3.256631e-59 -1.727710e-60 -7.258924e-62 -2.617840e-63 -8.360375e-65 -2.400384e-66 -5.180745e-68 -3.003298e-70 -2.656712e-73 -4.258606e-77 -1.620250e-81 -1.806931e-86 -6.851643e-92 0.000000e+00
0.000000e+00 -4.457605e-90 -1.048845e-84 -8.530401e-80 -2.052868e-75 -1.178869e-71 -1.229768e-68 -1.958114e-66 -8.364912e-65 -2.671213e-63 -7.560847e-62 -1.837712e-60 -3.538730e-59 -3.816590e-58 7.474463e-57 6.465220e-55 2.617805e-53 8.180606e-52 2.173632e-50 5.085753e-49 1.064001e-47 2.003112e-46 3.396142e-45 5.163412e-44 6.962583e-43 8.130925e-42 7.768164e-41 5.009142e-40 -5.656048e-40 -8.556230e-38 -1.763802e-36 -2.586907e-35 -3.134219e-34 -3.289271e-33 -3.050871e-32 -2.524271e-31 -1.870226e-30 -1.241236e-29 -7.361234e-29 -3.879693e-28 -1.799440e-27 -7.217025e-27 -2.417072e-26 -6.190781e-26 -8.197285e-26 2.555484e-25 2.491634e-24 1.181311e-23 4.221313e-23 1.246223e-22 3.150275e-22 6.946715e-22 1.352100e-21 2.343056e-21 3.639773e-21 5.096791e-21 6.461784e-21 7.440880e-21 7.797475e-21 7.440880e-21 6.461784e-21 5.096791e-21 3.639773e-21 2.343056e-21 1.352100e-21 6.946715e-22 3.150275e-22 1.246223e-22 4.221313e-23 1.181311e-23 2.491634e-24 2.555484e-25 -8.197285e-26 -6.190781e-26 -2.417072e-26 -7.217025e-27 -1.799440e-27 -3.879693e-28 -7.361234e-29 -1.241236e-29 -1.870226e-30 -2.524271e-31 -3.050871e-32 -3.289271e-33 -3.134219e-34 -2.586907e-35 -1.763802e-36 -8.556230e-38 -5.656048e-40 5.009142e-40 7.768164e-41 8.130925e-42 6.962583e-43 5.163412e-44 3.396142e-45 2.003112e-46 1.064001e-47 5.085753e-49 2.173632e-50 8.180606e-52 2.617805e-53 6.465220e-55 7.474463e-57 -3.816590e-58 -3.538730e-59 -1.837712e-60 -7.560847e-62 -2.671213e-63 -8.364912e-65 -1.958114e-66 -1.229768e-68 -1.178869e-71 -2.052868e-75 -8.530401e-80 -1.048845e-84 -4.457605e-90 0.000000e+00
0.000000e+00 -2.543003e-88 -5.426927e-83 -4.041563e-78 -8.954422e-74 -4.746042e-70 -4.569244e-67 -6.696473e-65 -2.619363e-63 -7.560851e-62 -1.875889e-60 -3.688691e-59 -4.063200e-58 8.144824e-57 7.200716e-55 2.982886e-53 9.542057e-52 2.596826e-50 6.226736e-49 1.335830e-47 2.580372e-46 4.491597e-45 7.015555e-44 9.724562e-43 1.167990e-41 1.147864e-40 7.599612e-40 -9.668111e-40 -1.402560e-37 -2.979568e-36 -4.517057e-35 -5.665897e-34 -6.164261e-33 -5.934646e-32 -5.103115e-31 -3.934167e-30 -2.720089e-29 -1.682330e-28 -9.254239e-28 -4.480961e-27 -1.874215e-26 -6.515575e-26 -1.700776e-25 -1.971544e-25 1.090193e-24 9.669971e-24 4.724062e-23 1.775111e-22 5.554101e-22 1.494313e-21 3.516536e-21 7.318636e-21 1.358343e-20 2.263941e-20 3.408734e-20 4.660177e-20 5.808731e-20 6.621382e-20 6.915341e-20 6.621382e-20 5.808731e-20 4.660177e-20 3.408734e-20 2.263941e-20 1.358343e-20 7.318636e-21 3.516536e-21 1.494313e-21 5.554101e-22 1.775111e-22 4.724062e-23 9.669971e-24 1.090193e-24 -1.971544e-25 -1.700776e-25 -6.515575e-26 -1.874215e-26 -4.480961e-27 -9.254239e-28 -1.682330e-28 -2.720089e-29 -3.934167e-30 -5.103115e-31 -5.934646e-32 -6.164261e-33 -5.665897e-34 -4.517057e-35 -2.979568e-36 -1.402560e-37 -9.668111e-40 7.599612e-40 1.147864e-40 1.167990e-41 9.724562e-43 7.015555e-44 4.491597e-45 2.580372e-46 1.335830e-47 6.226736e-49 2.596826e-50 9.542057e-52 2.982886e-53 7.200716e-55 8.144824e-57 -4.063200e-58 -3.688691e-59 -1.875889e-60 -7.560851e-62 -2.619363e-63 -6.696473e-65 -4.569244e-67 -4.746042e-70 -8.954422e-74 -4.041563e-78 -5.426927e-83 -2.543003e-88 0.000000e+00
0.000000e+00 -1.292479e-86 -2.525789e-81 -1.732042e-76 -3.542786e-72 -1.733522e-68 -1.536082e-65 -2.057510e-63 -7.263498e-62 -1.837713e-60 -3.688691e-59 -4.148870e-58 8.502050e-57 7.681282e-55 3.253916e-53 1.065003e-51 2.967009e-50 7.286846e-49 1.602053e-47 3.173265e-46 5.667362e-45 9.087816e-44 1.294016e-42 1.597357e-41 1.613748e-40 1.096540e-39 -1.544715e-39 -2.178464e-37 -4.766328e-36 -7.461849e-35 -9.679526e-34 -1.090425e-32 -1.088301e-31 -9.712520e-31 -7.780150e-30 -5.595451e-29 -3.603404e-28 -2.065493e-27 -1.042416e-26 -4.539864e-26 -1.635989e-25 -4.345171e-25 -4.201666e-25 3.970959e-24 3.374817e-23 1.706571e-22 6.738562e-22 2.229280e-21 6.362862e-21 1.591729e-20 3.526097e-20 6.972481e-20 1.239183e-19 1.991806e-19 2.911881e-19 3.890962e-19 4.771509e-19 5.386136e-19 5.606957e-19 5.386136e-19 4.771509e-19 3.890962e-19 2.911881e-19 1.991806e-19 1.239183e-19 6.972481e-20 3.526097e-20 1.591729e-20 6.362862e-21 2.229280e-21 6.738562e-22 1.706571e-22 3.374817e-23 3.970959e-24 -4.201666e-25 -4.345171e-25 -1.635989e-25 -4.539864e-26 -1.042416e-26 -2.065493e-27 -3.603404e-28 -5.595451e-29 -7.780150e-30 -9.712520e-31 -1.088301e-31 -1.090425e-32 -9.679526e-34 -7.461849e-35 -4.766328e-36 -2.178464e-37 -1.544715e-39 1.096540e-39 1.613748e-40 1.597357e-41 1.294016e-42 9.087816e-44 5.667362e-45 3.173265e-46 1.602053e-47 7.286846e-49 2.967009e-50 1.065003e-51 3.253916e-53 7.681282e-55 8.502050e-57 -4.148870e-58 -3.688691e-59 -1.837713e-60 -7.263498e-62 -2.057510e-63 -1.536082e-65 -1.733522e-68 -3.542786e-72 -1.732042e-76 -2.525789e-81 -1.292479e-86 0.000000e+00
0.000000e+00 -5.906058e-85 -1.062926e-79 -6.730846e-75 -1.271464e-70 -5.728875e-67 -4.640402e-64 -5.598413e-62 -1.728919e-60 -3.538734e-59 -4.063200e-58 8.502050e-57 7.848442e-55 3.398461e-53 1.137516e-51 3.242437e-50 8.151952e-49 1.835696e-47 3.726251e-46 6.823949e-45 1.122675e-43 1.641042e-42 2.080590e-41 2.159380e-40 1.505404e-39 -2.315099e-39 -3.208125e-37 -7.224993e-36 -1.167013e-34 -1.564006e-33 -1.822348e-32 -1.883266e-31 -1.742177e-30 -1.448143e-29 -1.081859e-28 -7.243834e-28 -4.320307e-27 -2.269202e-26 -1.027583e-25 -3.833868e-25 -1.034774e-24 -7.744901e-25 1.277101e-23 1.068636e-22 5.606794e-22 2.323907e-21 8.110180e-21 2.448508e-20 6.488906e-20 1.524066e-19 3.196357e-19 6.025894e-19 1.027654e-18 1.594975e-18 2.265596e-18 2.960019e-18 3.571746e-18 3.992818e-18 4.143039e-18 3.992818e-18 3.571746e-18 2.960019e-18 2.265596e-18 1.594975e-18 1.027654e-18 6.025894e-19 3.196357e-19 1.524066e-19 6.488906e-20 2.448508e-20 8.110180e-21 2.323907e-21 5.606794e-22 1.068636e-22 1.277101e-23 -7.744901e-25 -1.034774e-24 -3.833868e-25 -1.027583e-25 -2.269202e-26 -4.320307e-27 -7.243834e-28 -1.081859e-28 -1.448143e-29 -1.742177e-30 -1.883266e-31 -1.822348e-32 -1.564006e-33 -1.167013e-34 -7.224993e-36 -3.208125e-37 -2.315099e-39 1.505404e-39 2.159380e-40 2.080590e-41 1.641042e-42 1.122675e-43 6.823949e-45 3.726251e-46 1.835696e-47 8.151952e-49 3.242437e-50 1.137516e-51 3.398461e-53 7.848442e-55 8.502050e-57 -4.063200e-58 -3.538734e-59 -1.728919e-60 -5.598413e-62 -4.640402e-64 -5.728875e-67 -1.271464e-70 -6.730846e-75 -1.062926e-79 -5.906058e-85 0.000000e+00
0.000000e+00 -2.439266e-83 -4.054819e-78 -2.372133e-73 -4.128423e-69 -1.701711e-65 -1.242283e-62 -1.308263e-60 -3.259331e-59 -3.816600e-58 8.144824e-57 7.681282e-55 3.398461e-53 1.162760e-51 3.389521e-50 8.719174e-49 2.009940e-47 4.178813e-46 7.842452e-45 1.322959e-43 1.983931e-42 2.581809e-41 2.751179e-40 1.967160e-39 -3.262969e-39 -4.481951e-37 -1.038414e-35 -1.729114e-34 -2.391830e-33 -2.879572e-32 -3.077923e-31 -2.948011e-30 -2.539663e-29 -1.968276e-28 -1.368426e-27 -8.480196e-27 -4.629267e-26 -2.176916e-25 -8.400223e-25 -2.301857e-24 -1.163085e-24 3.692231e-23 3.090394e-22 1.684223e-21 7.318318e-21 2.688427e-20 8.562502e-20 2.396682e-19 5.948020e-19 1.317956e-18 2.623812e-18 4.722416e-18 7.732211e-18 1.158825e-17 1.598919e-17 2.041673e-17 2.423151e-17 2.681809e-17 2.773388e-17 2.681809e-17 2.423151e-17 2.041673e-17 1.598919e-17 1.158825e-17 7.732211e-18 4.722416e-18 2.623812e-18 1.317956e-18 5.948020e-19 2.396682e-19 8.562502e-20 2.688427e-20 7.318318e-21 1.684223e-21 3.090394e-22 3.692231e-23 -1.163085e-24 -2.301857e-24 -8.400223e-25 -2.176916e-25 -4.629267e-26 -8.480196e-27 -1.368426e-27 -1.968276e-28 -2.539663e-29 -2.948011e-30 -3.077923e-31 -2.879572e-32 -2.391830e-33 -1.729114e-34 -1.038414e-35 -4.481951e-37 -3.262969e-39 1.967160e-39 2.751179e-40 2.581809e-41 1.983931e-42 1.322959e-43 7.842452e-45 4.178813e-46 2.009940e-47 8.719174e-49 3.389521e-50 1.162760e-51 3.398461e-53 7.681282e-55 8.144824e-57 -3.816600e-58 -3.259331e-59 -1.308263e-60 -1.242283e-62 -1.701711e-65 -4.128423e-69 -2.372133e-73 -4.054819e-78 -2.439266e-83 0.000000e+00
0.000000e+00 -9.129171e-82 -1.402459e-76 -7.562934e-72 -1.205106e-67 -4.482955e-64 -2.861739e-61 -2.426913e-59 -3.442528e-58 7.474439e-57 7.200716e-55 3.253916e-53 1.137516e-51 3.389521e-50 8.916821e-49 2.103121e-47 4.476109e-46 8.603866e-45 1.487354e-43 2.286927e-42 3.052966e-41 3.338311e-40 2.447483e-39 -4.333031e-39 -5.942976e-37 -1.415806e-35 -2.428472e-34 -3.464162e-33 -4.305092e-32 -4.754612e-31 -4.709820e-30 -4.200305e-29 -3.373031e-28 -2.431934e-27 -1.563950e-26 -8.861964e-26 -4.322527e-25 -1.723541e-24 -4.792131e-24 -1.148535e-24 9.702564e-23 8.203498e-22 4.645806e-21 2.113470e-20 8.156084e-20 2.733856e-19 8.060501e-19 2.107482e-18 4.917182e-18 1.029746e-17 1.946972e-17 3.344229e-17 5.252140e-17 7.590783e-17 1.015860e-16 1.265947e-16 1.476024e-16 1.615995e-16 1.665111e-16 1.615995e-16 1.476024e-16 1.265947e-16 1.015860e-16 7.590783e-17 5.252140e-17 3.344229e-17 1.946972e-17 1.029746e-17 4.917182e-18 2.107482e-18 8.060501e-19 2.733856e-19 8.156084e-20 2.113470e-20 4.645806e-21 8.203498e-22 9.702564e-23 -1.148535e-24 -4.792131e-24 -1.723541e-24 -4.322527e-25 -8.861964e-26 -1.563950e-26 -2.431934e-27 -3.373031e-28 -4.200305e-29 -4.709820e-30 -4.754612e-31 -4.305092e-32 -3.464162e-33 -2.428472e-34 -1.415806e-35 -5.942976e-37 -4.333031e-39 2.447483e-39 3.338311e-40 3.052966e-41 2.286927e-42 1.487354e-43 8.603866e-45 4.476109e-46 2.103121e-47 8.916821e-49 3.389521e-50 1.137516e-51 3.253916e-53 7.200716e-55 7.474439e-57 -3.442528e-58 -2.426913e-59 -2.861739e-61 -4.482955e-64 -1.205106e-67 -7.562934e-72 -1.402459e-76 -9.129171e-82 0.000000e+00
0.000000e+00 -3.096934e-80 -4.387663e-75 -2.168010e-70 -3.121999e-66 -1.018378e-62 -5.266000e-60 -2.563627e-58 6.567532e-57 6.465216e-55 2.982886e-53 1.065003e-51 3.242437e-50 8.719174e-49 2.103121e-47 4.579800e-46 9.011640e-45 1.595560e-43 2.513997e-42 3.440821e-41 3.858771e-40 2.900033e-39 -5.428824e-39 -7.482267e-37 -1.831985e-35 -3.234521e-34 -4.754140e-33 -6.093275e-32 -6.946542e-31 -7.109410e-30 -6.556543e-29 -5.449518e-28 -4.069895e-27 -2.712870e-26 -1.593792e-25 -8.054794e-25 -3.316136e-24 -9.352674e-24 4.249909e-25 2.334867e-22 2.006944e-21 1.181023e-20 5.617350e-20 2.273017e-19 8.001068e-19 2.479002e-18 6.810645e-18 1.668420e-17 3.663069e-17 7.246371e-17 1.299204e-16 2.124758e-16 3.191461e-16 4.433570e-16 5.735449e-16 6.953230e-16 7.943370e-16 8.588035e-16 8.811551e-16 8.588035e-16 7.943370e-16 6.953230e-16 5.735449e-16 4.433570e-16 3.191461e-16 2.124758e-16 1.299204e-16 7.246371e-17 3.663069e-17 1.668420e-17 6.810645e-18 2.479002e-18 8.001068e-19 2.273017e-19 5.617350e-20 1.181023e-20 2.006944e-21 2.334867e-22 4.249909e-25 -9.352674e-24 -3.316136e-24 -8.054794e-25 -1.593792e-25 -2.712870e-26 -4.069895e-27 -5.449518e-28 -6.556543e-29 -7.109410e-30 -6.946542e-31 -6.093275e-32 -4.754140e-33 -3.234521e-34 -1.831985e-35 -7.482267e-37 -5.428824e-39 2.900033e-39 3.858771e-40 3.440821e-41 2.513997e-42 1.595560e-43 9.011640e-45 4.579800e-46 2.103121e-47 8.719174e-49 3.242437e-50 1.065003e-51 2.982886e-53 6.465216e-55 6.567532e-57 -2.563627e-58 -5.266000e-60 -1.018378e-62 -3.121999e-66 -2.168010e-70 -4.387663e-75 -3.096934e-80 0.000000e+00
0.000000e+00 -9.501259e-79 -1.234325e-73 -5.519000e-69 -6.988004e-65 -1.860333e-61 -5.731940e-59 4.395201e-57 5.560899e-55 2.617805e-53 9.542057e-52 2.967009e-50 8.151952e-49 2.009940e-47 4.476109e-46 9.011640e-45 1.633337e-43 2.635784e-42 3.696604e-41 4.249694e-40 3.273211e-39 -6.423795e-39 -8.947317e-37 -2.250491e-35 -4.087198e-34 -6.185075e-33 -8.168660e-32 -9.604223e-31 -1.014587e-29 -9.666316e-29 -8.306821e-28 -6.419268e-27 -4.430273e-26 -2.695640e-25 -1.410185e-24 -5.990382e-24 -1.713813e-23 5.936861e-24 5.173124e-22 4.539921e-21 2.775259e-20 1.378299e-19 5.837790e-19 2.153743e-18 6.997497e-18 2.015440e-17 5.170800e-17 1.186768e-16 2.447691e-16 4.560150e-16 7.720347e-16 1.195829e-15 1.707170e-15 2.263738e-15 2.810220e-15 3.291280e-15 3.662433e-15 3.894781e-15 3.973649e-15 3.894781e-15 3.662433e-15 3.291280e-15 2.810220e-15 2.263738e-15 1.707170e-15 1.195829e-15 7.720347e-16 4.560150e-16 2.447691e-16 1.186768e-16 5.170800e-17 2.015440e-17 6.997497e-18 2.153743e-18 5.837790e-19 1.378299e-19 2.775259e-20 4.539921e-21 5.173124e-22 5.936861e-24 -1.713813e-23 -5.990382e-24 -1.410185e-24 -2.695640e-25 -4.430273e-26 -6.419268e-27 -8.306821e-28 -9.666316e-29 -1.014587e-29 -9.604223e-31 -8.168660e-32 -6.185075e-33 -4.087198e-34 -2.250491e-35 -8.947317e-37 -6.423795e-39 3.273211e-39 4.249694e-40 3.696604e-41 2.635784e-42 1.633337e-43 9.011640e-45 4.476109e-46 2.009940e-47 8.151952e-49 2.967009e-50 9.542057e-52 2.617805e-53 5.560899e-55 4.395201e-57 -5.731940e-59 -1.860333e-61 -6.988004e-65 -5.519000e-69 -1.234325e-73 -9.501259e-79 0.000000e+00
0.000000e+00 -2.621150e-77 -3.085132e-72 -1.215991e-67 -1.265475e-63 -2.087694e-60 7.699505e-58 3.771526e-55 2.200129e-53 8.180607e-52 2.596826e-50 7.286846e-49 1.835696e-47 4.178813e-46 8.603866e-45 1.595560e-43 2.635784e-42 3.785989e-41 4.459643e-40 3.519595e-39 -7.183810e-39 -1.016457e-36 -2.625366e-35 -4.901383e-34 -7.630907e-33 -1.037680e-31 -1.257190e-30 -1.369628e-29 -1.346785e-28 -1.195472e-27 -9.549473e-27 -6.816814e-26 -4.291498e-25 -2.321810e-24 -1.017081e-23 -2.952608e-23 1.945405e-23 1.059548e-21 9.521791e-21 6.043779e-20 3.130168e-19 1.385523e-18 5.347947e-18 1.818571e-17 5.480206e-17 1.469283e-16 3.516389e-16 7.538266e-16 1.453451e-15 2.533036e-15 4.013943e-15 5.823290e-15 7.794507e-15 9.708977e-15 1.136274e-14 1.262630e-14 1.346785e-14 1.392985e-14 1.407449e-14 1.392985e-14 1.346785e-14 1.262630e-14 1.136274e-14 9.708977e-15 7.794507e-15 5.823290e-15 4.013943e-15 2.533036e-15 1.453451e-15 7.538266e-16 3.516389e-16 1.469283e-16 5.480206e-17 1.818571e-17 5.347947e-18 1.385523e-18 3.130168e-19 6.043779e-20 9.521791e-21 1.059548e-21 1.945405e-23 -2.952608e-23 -1.017081e-23 -2.321810e-24 -4.291498e-25 -6.816814e-26 -9.549473e-27 -1.195472e-27 -1.346785e-28 -1.369628e-29 -1.257190e-30 -1.037680e-31 -7.630907e-33 -4.901383e-34 -2.625366e-35 -1.016457e-36 -7.183810e-39 3.519595e-39 4.459643e-40 3.785989e-41 2.635784e-42 1.595560e-43 8.603866e-45 4.178813e-46 1.835696e-47 7.286846e-49 2.596826e-50 8.180607e-52 2.200129e-53 3.771526e-55 7.699505e-58 -2.087694e-60 -1.265475e-63 -1.215991e-67 -3.085132e-72 -2.621150e-77 0.000000e+00
0.000000e+00 -6.427339e-76 -6.684399e-71 -2.179441e-66 -1.454344e-62 2.083916e-59 7.164717e-56 1.467120e-53 6.713372e-52 2.173633e-50 6.226736e-49 1.602053e-47 3.726251e-46 7.842452e-45 1.487354e-43 2.513997e-42 3.696604e-41 4.459643e-40 3.605744e-39 -7.596075e-39 -1.097228e-36 -2.909036e-35 -5.579501e-34 -8.930813e-33 -1.249497e-31 -1.558668e-30 -1.749709e-29 -1.774209e-28 -1.625240e-27 -1.340723e-26 -9.889780e-26 -6.435901e-25 -3.598123e-24 -1.624589e-23 -4.788415e-23 4.681916e-23 2.012501e-21 1.855812e-20 1.222427e-19 6.594503e-19 3.046001e-18 1.228090e-17 4.363426e-17 1.373283e-16 3.840294e-16 9.563321e-16 2.125277e-15 4.225433e-15 7.539529e-15 1.212048e-14 1.763458e-14 2.333913e-14 2.825937e-14 3.152327e-14 3.271283e-14 3.206107e-14 3.038522e-14 2.876720e-14 2.811111e-14 2.876720e-14 3.038522e-14 3.206107e-14 3.271283e-14 3.152327e-14 2.825937e-14 2.333913e-14 1.763458e-14 1.212048e-14 7.539529e-15 4.225433e-15 2.125277e-15 9.563321e-16 3.840294e-16 1.373283e-16 4.363426e-17 1.228090e-17 3.046001e-18 6.594503e-19 1.222427e-19 1.855812e-20 2.012501e-21 4.681916e-23 -4.788415e-23 -1.624589e-23 -3.598123e-24 -6.435901e-25 -9.889780e-26 -1.340723e-26 -1.625240e-27 -1.774209e-28 -1.749709e-29 -1.558668e-30 -1.249497e-31 -8.930813e-33 -5.579501e-34 -2.909036e-35 -1.097228e-36 -7.596075e-39 3.605744e-39 4.459643e-40 3.696604e-41 2.513997e-42 1.487354e-43 7.842452e-45 3.726251e-46 1.602053e-47 6.226736e-49 2.173633e-50 6.713372e-52 1.467120e-53 7.164717e-56 2.083916e-59 -1.454344e-62 -2.179441e-66 -6.684399e-71 -6.427339e-76 0.000000e+00
0.000000e+00 -1.368078e-74 -1.183887e-69 -2.548533e-65 1.041919e-61 2.191151e-57 2.770414e-54 4.383655e-52 1.740675e-50 5.085755e-49 1.335830e-47 3.173265e-46 6.823949e-45 1.322959e-43 2.286927e-42 3.440821e-41 4.249694e-40 3.519595e-39 -7.596075e-39 -1.125540e-36 -3.062062e-35 -6.030196e-34 -9.917056e-33 -1.426521e-31 -1.830851e-30 -2.116090e-29 -2.210849e-28 -2.088203e-27 -1.777443e-26 -1.353645e-25 -9.098108e-25 -5.252205e-24 -2.443268e-23 -7.317945e-23 9.493760e-23 3.553752e-21 3.367636e-20 2.300695e-19 1.291306e-18 6.215719e-18 2.613845e-17 9.688731e-17 3.179665e-16 9.259062e-16 2.394813e-15 5.504613e-15 1.124864e-14 2.044202e-14 3.303363e-14 4.739994e-14 6.010721e-14 6.653635e-14 6.235541e-14 4.533665e-14 1.674075e-14 -1.840846e-14 -5.240956e-14 -7.703459e-14 -8.602111e-14 -7.703459e-14 -5.240956e-14 -1.840846e-14 1.674075e-14 4.533665e-14 6.235541e-14 6.653635e-14 6.010721e-14 4.739994e-14 3.303363e-14 2.044202e-14 1.124864e-14 5.504613e-15 2.394813e-15 9.259062e-16 3.179665e-16 9.688731e-17 2.613845e-17 6.215719e-18 1.291306e-18 2.300695e-19 3.367636e-20 3.553752e-21 9.493760e-23 -7.317945e-23 -2.443268e-23 -5.252205e-24 -9.098108e-25 -1.353645e-25 -1.777443e-26 -2.088203e-27 -2.210849e-28 -2.116090e-29 -1.830851e-30 -1.426521e-31 -9.917056e-33 -6.030196e-34 -3.062062e-35 -1.125540e-36 -7.596075e-39 3.519595e-39 4.249694e-40 3.440821e-41 2.286927e-42 1.322959e-43 6.823949e-45 3.173265e-46 1.335830e-47 5.085755e-49 1.740675e-50 4.383655e-52 2.770414e-54 2.191151e-57 1.041919e-61 -2.548533e-65 -1.183887e-69 -1.368078e-74 0.000000e+00
0.000000e+00 -2.390799e-73 -1.400844e-68 1.243118e-64 1.287675e-59 8.449359e-56 8.146925e-53 1.111141e-50 3.971894e-49 1.064001e-47 2.580372e-46 5.667362e-45 1.122675e-43 1.983931e-42 3.052966e-41 3.858771e-40 3.273211e-39 -7.183810e-39 -1.097228e-36 -3.062062e-35 -6.188306e-34 -1.044993e-32 -1.544445e-31 -2.037972e-30 -2.423412e-29 -2.606771e-28 -2.536704e-27 -2.226066e-26 -1.748845e-25 -1.213042e-24 -7.225926e-24 -3.462107e-23 -1.054890e-22 1.699718e-22 5.845880e-21 5.698924e-20 4.035631e-19 2.354156e-18 1.179426e-17 5.166149e-17 1.995011e-16 6.817689e-16 2.064368e-15 5.537129e-15 1.313900e-14 2.751782e-14 5.067184e-14 8.146312e-14 1.126754e-13 1.294393e-13 1.109246e-13 3.586482e-14 -1.095386e-13 -3.242711e-13 -5.888020e-13 -8.668929e-13 -1.112824e-12 -1.282083e-12 -1.342423e-12 -1.282083e-12 -1.112824e-12 -8.668929e-13 -5.888020e-13 -3.242711e-13 -1.095386e-13 3.586482e-14 1.109246e-13 1.294393e-13 1.126754e-13 8.146312e-14 5.067184e-14 2.751782e-14 1.313900e-14 5.537129e-15 2.064368e-15 6.817689e-16 1.995011e-16 5.166149e-17 1.179426e-17 2.354156e-18 4.035631e-19 5.698924e-20 5.845880e-21 1.699718e-22 -1.054890e-22 -3.462107e-23 -7.225926e-24 -1.213042e-24 -1.748845e-25 -2.226066e-26 -2.536704e-27 -2.606771e-28 -2.423412e-29 -2.037972e-30 -1.544445e-31 -1.044993e-32 -6.188306e-34 -3.062062e-35 -1.097228e-36 -7.183810e-39 3.273211e-39 3.858771e-40 3.052966e-41 1.983931e-42 1.122675e-43 5.667362e-45 2.580372e-46 1.064001e-47 3.971894e-49 1.111141e-50 8.146925e-53 8.449359e-56 1.287675e-59 1.243118e-64 -1.400844e-68 -2.390799e-73 0.000000e+00
0.000000e+00 -2.849135e-72 4.213081e-68 1.913995e-62 4.954537e-58 2.447748e-54 2.025435e-51 2.476015e-49 8.098872e-48 2.003114e-46 4.491597e-45 9.087816e-44 1.641042e-42 2.581809e-41 3.338311e-40 2.900033e-39 -6.423795e-39 -1.016457e-36 -2.909036e-35 -6.030196e-34 -1.044993e-32 -1.585861e-31 -2.150079e-30 -2.628630e-29 -2.908981e-28 -2.914308e-27 -2.634607e-26 -2.133532e-25 -1.526098e-24 -9.374660e-24 -4.624928e-23 -1.435484e-22 2.745876e-22 8.972901e-21 9.005877e-20 6.606517e-19 4.001510e-18 2.084181e-17 9.497523e-17 3.816295e-16 1.356365e-15 4.265413e-15 1.184945e-14 2.898164e-14 6.205668e-14 1.152160e-13 1.820754e-13 2.346362e-13 2.153432e-13 4.000741e-14 -3.843717e-13 -1.130264e-12 -2.218505e-12 -3.597065e-12 -5.138167e-12 -6.656024e-12 -7.941030e-12 -8.801781e-12 -9.104661e-12 -8.801781e-12 -7.941030e-12 -6.656024e-12 -5.138167e-12 -3.597065e-12 -2.218505e-12 -1.130264e-12 -3.843717e-13 4.000741e-14 2.153432e-13 2.346362e-13 1.820754e-13 1.152160e-13 6.205668e-14 2.898164e-14 1.184945e-14 4.265413e-15 1.356365e-15 3.816295e-16 9.497523e-17 2.084181e-17 4.001510e-18 6.606517e-19 9.005877e-20 8.972901e-21 2.745876e-22 -1.435484e-22 -4.624928e-23 -9.374660e-24 -1.526098e-24 -2.133532e-25 -2.634607e-26 -2.914308e-27 -2.908981e-28 -2.628630e-29 -2.150079e-30 -1.585861e-31 -1.044993e-32 -6.030196e-34 -2.909036e-35 -1.016457e-36 -6.423795e-39 2.900033e-39 3.338311e-40 2.581809e-41 1.641042e-42 9.087816e-44 4.491597e-45 2.003114e-46 8.098872e-48 2.476015e-49 2.025435e-51 2.447748e-54 4.954537e-58 1.913995e-62 4.213081e-68 -2.849135e-72 0.000000e+00
0.000000e+00 4.174888e-72 8.963031e-66 7.349331e-61 1.413308e-56 5.970760e-53 4.419131e-50 4.926456e-48 1.485083e-46 3.396146e-45 7.015555e-44 1.294016e-42 2.080590e-41 2.751179e-40 2.447483e-39 -5.428824e-39 -8.947317e-37 -2.625366e-35 -5.579501e-34 -9.917056e-33 -1.544445e-31 -2.150079e-30 -2.700793e-29 -3.072859e-28 -3.167082e-27 -2.947405e-26 -2.458567e-25 -1.812287e-24 -1.147383e-23 -5.827366e-23 -1.845269e-22 4.050443e-22 1.286792e-20 1.330506e-19 1.010517e-18 6.349325e-18 3.434459e-17 1.626412e-16 6.792514e-16 2.508052e-15 8.182833e-15 2.351965e-14 5.922064e-14 1.293816e-13 2.410440e-13 3.691097e-13 4.188843e-13 1.933639e-13 -6.074512e-13 -2.336055e-12 -5.301580e-12 -9.658842e-12 -1.532148e-11 -2.192977e-11 -2.888417e-11 -3.543554e-11 -4.080934e-11 -4.433642e-11 -4.556520e-11 -4.433642e-11 -4.080934e-11 -3.543554e-11 -2.888417e-11 -2.192977e-11 -1.532148e-11 -9.658842e-12 -5.301580e-12 -2.336055e-12 -6.074512e-13 1.933639e-13 4.188843e-13 3.691097e-13 2.410440e-13 1.293816e-13 5.922064e-14 2.351965e-14 8.182833e-15 2.508052e-15 6.792514e-16 1.626412e-16 3.434459e-17 6.349325e-18 1.010517e-18 1.330506e-19 1.286792e-20 4.050443e-22 -1.845269e-22 -5.827366e-23 -1.147383e-23 -1.812287e-24 -2.458567e-25 -2.947405e-26 -3.167082e-27 -3.072859e-28 -2.700793e-29 -2.150079e-30 -1.544445e-31 -9.917056e-33 -5.579501e-34 -2.625366e-35 -8.947317e-37 -5.428824e-39 2.447483e-39 2.751179e-40 2.080590e-41 1.294016e-42 7.015555e-44 3.396146e-45 1.485083e-46 4.926456e-48 4.419131e-50 5.970760e-53 1.413308e-56 7.349331e-61 8.963031e-66 4.174888e-72 0.000000e+00
0.000000e+00 1.558095e-69 3.434957e-64 2.062830e-59 3.380186e-55 1.275615e-51 8.599672e-49 8.808870e-47 2.450819e-45 5.163420e-44 9.724562e-43 1.597357e-41 2.159380e-40 1.967160e-39 -4.333031e-39 -7.482267e-37 -2.250491e-35 -4.901383e-34 -8.930813e-33 -1.426521e-31 -2.037972e-30 -2.628630e-29 -3.072859e-28 -3.256076e-27 -3.117335e-26 -2.676666e-25 -2.032011e-24 -1.325229e-23 -6.927974e-23 -2.241991e-22 5.494452e-22 1.725971e-20 1.839376e-19 1.445588e-18 9.414470e-18 5.283573e-17 2.597518e-16 1.126396e-15 4.316715e-15 1.459894e-14 4.337956e-14 1.123455e-13 2.500389e-13 4.653578e-13 6.785002e-13 6.076967e-13 -3.451620e-13 -3.124280e-12 -8.890566e-12 -1.873651e-11 -3.333691e-11 -5.266117e-11 -7.584405e-11 -1.012484e-10 -1.266901e-10 -1.497581e-10 -1.681570e-10 -1.800127e-10 -1.841054e-10 -1.800127e-10 -1.681570e-10 -1.497581e-10 -1.266901e-10 -1.012484e-10 -7.584405e-11 -5.266117e-11 -3.333691e-11 -1.873651e-11 -8.890566e-12 -3.124280e-12 -3.451620e-13 6.076967e-13 6.785002e-13 4.653578e-13 2.500389e-13 1.123455e-13 4.337956e-14 1.459894e-14 4.316715e-15 1.126396e-15 2.597518e-16 5.283573e-17 9.414470e-18 1.445588e-18 1.839376e-19 1.725971e-20 5.494452e-22 -2.241991e-22 -6.927974e-23 -1.325229e-23 -2.032011e-24 -2.676666e-25 -3.117335e-26 -3.256076e-27 -3.072859e-28 -2.628630e-29 -2.037972e-30 -1.426521e-31 -8.930813e-33 -4.901383e-34 -2.250491e-35 -7.482267e-37 -4.333031e-39 1.967160e-39 2.159380e-40 1.597357e-41 9.724562e-43 5.163420e-44 2.450819e-45 8.808870e-47 8.599672e-49 1.275615e-51 3.380186e-55 2.062830e-59 3.434957e-64 1.558095e-69 0.000000e+00
0.000000e+00 5.960498e-68 9.479433e-63 4.833159e-58 7.065794e-54 2.427782e-50 1.502851e-47 1.416737e-45 3.624586e-44 6.962595e-43 1.167990e-41 1.613748e-40 1.505404e-39 -3.262969e-39 -5.942976e-37 -1.831985e-35 -4.087198e-34 -7.630907e-33 -1.249497e-31 -1.830851e-30 -2.423412e-29 -2.908981e-28 -3.167082e-27 -3.117335e-26 -2.753544e-25 -2.151574e-24 -1.444779e-23 -7.773714e-23 -2.575785e-22 6.884634e-22 2.167036e-20 2.381305e-19 1.935618e-18 1.305580e-17 7.595447e-17 3.872975e-16 1.742282e-15 6.924247e-15 2.425621e-14 7.446593e-14 1.982456e-13 4.489948e-13 8.314351e-13 1.129125e-12 5.968914e-13 -2.386904e-12 -1.046605e-11 -2.699656e-11 -5.525025e-11 -9.740517e-11 -1.537220e-10 -2.221945e-10 -2.987472e-10 -3.778523e-10 -4.533437e-10 -5.192152e-10 -5.702642e-10 -6.025329e-10 -6.135659e-10 -6.025329e-10 -5.702642e-10 -5.192152e-10 -4.533437e-10 -3.778523e-10 -2.987472e-10 -2.221945e-10 -1.537220e-10 -9.740517e-11 -5.525025e-11 -2.699656e-11 -1.046605e-11 -2.386904e-12 5.968914e-13 1.129125e-12 8.314351e-13 4.489948e-13 1.982456e-13 7.446593e-14 2.425621e-14 6.924247e-15 1.742282e-15 3.872975e-16 7.595447e-17 1.305580e-17 1.935618e-18 2.381305e-19 2.167036e-20 6.884634e-22 -2.575785e-22 -7.773714e-23 -1.444779e-23 -2.151574e-24 -2.753544e-25 -3.117335e-26 -3.167082e-27 -2.908981e-28 -2.423412e-29 -1.830851e-30 -1.249497e-31 -7.630907e-33 -4.087198e-34 -1.831985e-35 -5.942976e-37 -3.262969e-39 1.505404e-39 1.613748e-40 1.167990e-41 6.962595e-43 3.624586e-44 1.416737e-45 1.502851e-47 2.427782e-50 7.065794e-54 4.833159e-58 9.479433e-63 5.960498e-68 0.000000e+00
