0.000000e+00 0.000000e+00 0.000000e+00 0.000000e+00 0.000000e+00 0.000000e+00 0.000000e+00 0.000000e+00 0.000000e+00 0.000000e+00 0.000000e+00 0.000000e+00 9.637438e-114 7.636282e-111 2.915526e-108 7.126632e-106 1.248659e-103 1.661059e-101 1.728596e-99 1.420421e-97 9.058548e-96 4.125046e-94 8.238973e-93 -6.770803e-91 -9.677470e-89 -7.373220e-87 -4.259920e-85 -2.030375e-83 -8.259512e-82 -2.916038e-80 -9.011255e-79 -2.445733e-77 -5.824913e-76 -1.210315e-74 -2.164214e-73 -3.231666e-72 -3.730105e-71 -2.416915e-70 2.216690e-69 1.114793e-67 2.380333e-66 3.753168e-65 4.826392e-64 5.233170e-63 4.842150e-62 3.829942e-61 2.574958e-60 1.451209e-59 6.667475e-59 2.346825e-58 5.185208e-58 -1.918252e-58 -8.205497e-57 -4.457504e-56 -1.547976e-55 -3.941463e-55 -7.624456e-55 -1.131361e-54 -1.290254e-54 -1.131361e-54 -7.624456e-55 -3.941463e-55 -1.547976e-55 -4.457504e-56 -8.205497e-57 -1.918252e-58 5.185208e-58 2.346825e-58 6.667475e-59 1.451209e-59 2.574958e-60 3.829942e-61 4.842150e-62 5.233170e-63 4.826392e-64 3.753168e-65 2.380333e-66 1.114793e-67 2.216690e-69 -2.416915e-70 -3.730105e-71 -3.231666e-72 -2.164214e-73 -1.210315e-74 -5.824913e-76 -2.445733e-77 -9.011255e-79 -2.916038e-80 -8.259512e-82 -2.030375e-83 -4.259920e-85 -7.373220e-87 -9.677470e-89 -6.770803e-91 8.238973e-93 4.125046e-94 9.058548e-96 1.420421e-97 1.728596e-99 1.661059e-101 1.248659e-103 7.126632e-106 2.915526e-108 7.636282e-111 9.637438e-114 0.000000e+00 0.000000e+00 0.000000e+00 0.000000e+00 0.000000e+00 0.000000e+00 0.000000e+00 0.000000e+00 0.000000e+00 0.000000e+00 0.000000e+00 0.000000e+00
0.000000e+00 0.000000e+00 0.000000e+00 0.000000e+00 0.000000e+00 0.000000e+00 0.000000e+00 0.000000e+00 0.000000e+00 0.000000e+00 0.000000e+00 6.612973e-110 5.344245e-107 2.081957e-104 5.194833e-102 9.294859e-100 1.263173e-97 1.343344e-95 1.128199e-93 7.350816e-92 3.411556e-90 6.773919e-89 -6.147411e-87 -8.850674e-85 -6.898295e-83 -4.090228e-81 -2.004038e-79 -8.390926e-78 -3.052482e-76 -9.729737e-75 -2.726545e-73 -6.710935e-72 -1.442170e-70 -2.668130e-69 -4.119137e-68 -4.891899e-67 -3.142873e-66 3.683475e-65 1.778703e-63 3.927686e-62 6.474300e-61 8.749745e-60 1.000987e-58 9.806871e-58 8.240774e-57 5.904098e-56 3.553561e-55 1.742573e-54 6.476113e-54 1.401614e-53 -2.185898e-53 -3.991162e-52 -2.304717e-51 -9.025267e-51 -2.670412e-50 -6.157245e-50 -1.116455e-49 -1.595093e-49 -1.796325e-49 -1.595093e-49 -1.116455e-49 -6.157245e-50 -2.670412e-50 -9.025267e-51 -2.304717e-51 -3.991162e-52 -2.185898e-53 1.401614e-53 6.476113e-54 1.742573e-54 3.553561e-55 5.904098e-56 8.240774e-57 9.806871e-58 1.000987e-58 8.749745e-60 6.474300e-61 3.927686e-62 1.778703e-63 3.683475e-65 -3.142873e-66 -4.891899e-67 -4.119137e-68 -2.668130e-69 -1.442170e-70 -6.710935e-72 -2.726545e-73 -9.729737e-75 -3.052482e-76 -8.390926e-78 -2.004038e-79 -4.090228e-81 -6.898295e-83 -8.850674e-85 -6.147411e-87 6.773919e-89 3.411556e-90 7.350816e-92 1.128199e-93 1.343344e-95 1.263173e-97 9.294859e-100 5.194833e-102 2.081957e-104 5.344245e-107 6.612973e-110 0.000000e+00 0.000000e+00 0.000000e+00 0.000000e+00 0.000000e+00 0.000000e+00 0.000000e+00 0.000000e+00 0.000000e+00 0.000000e+00 0.000000e+00
0.000000e+00 0.000000e+00 0.000000e+00 0.000000e+00 0.000000e+00 0.000000e+00 0.000000e+00 0.000000e+00 0.000000e+00 0.000000e+00 1.817127e-106 1.496989e-103 5.947282e-101 1.513927e-98 2.764585e-96 3.835818e-94 4.165920e-92 3.573346e-90 2.376779e-88 1.123082e-86 2.208635e-85 -2.219805e-83 -3.217065e-81 -2.562600e-79 -1.557840e-77 -7.838302e-76 -3.374319e-74 -1.263400e-72 -4.148779e-71 -1.198833e-69 -3.045196e-68 -6.757983e-67 -1.291431e-65 -2.057339e-64 -2.507386e-63 -1.582738e-62 2.359494e-61 1.103187e-59 2.514209e-58 4.321078e-57 6.118645e-56 7.360547e-55 7.606798e-54 6.762226e-53 5.138317e-52 3.285048e-51 1.708583e-50 6.648019e-50 1.364990e-49 -4.680737e-49 -6.708215e-48 -4.135816e-47 -1.802289e-46 -6.071295e-46 -1.625207e-45 -3.487512e-45 -6.012034e-45 -8.329966e-45 -9.284348e-45 -8.329966e-45 -6.012034e-45 -3.487512e-45 -1.625207e-45 -6.071295e-46 -1.802289e-46 -4.135816e-47 -6.708215e-48 -4.680737e-49 1.364990e-49 6.648019e-50 1.708583e-50 3.285048e-51 5.138317e-52 6.762226e-53 7.606798e-54 7.360547e-55 6.118645e-56 4.321078e-57 2.514209e-58 1.103187e-59 2.359494e-61 -1.582738e-62 -2.507386e-63 -2.057339e-64 -1.291431e-65 -6.757983e-67 -3.045196e-68 -1.198833e-69 -4.148779e-71 -1.263400e-72 -3.374319e-74 -7.838302e-76 -1.557840e-77 -2.562600e-79 -3.217065e-81 -2.219805e-83 2.208635e-85 1.123082e-86 2.376779e-88 3.573346e-90 4.165920e-92 3.835818e-94 2.764585e-96 1.513927e-98 5.947282e-101 1.496989e-103 1.817127e-106 0.000000e+00 0.000000e+00 0.000000e+00 0.000000e+00 0.000000e+00 0.000000e+00 0.000000e+00 0.000000e+00 0.000000e+00 0.000000e+00
0.000000e+00 0.000000e+00 0.000000e+00 0.000000e+00 0.000000e+00 0.000000e+00 0.000000e+00 0.000000e+00 0.000000e+00 1.733968e-103 1.455457e-100 5.893684e-98 1.529756e-95 2.849393e-93 4.033916e-91 4.471274e-89 3.914381e-87 2.655868e-85 1.276435e-83 2.475961e-82 -2.765275e-80 -4.031489e-78 -3.279045e-76 -2.041836e-74 -1.053999e-72 -4.660396e-71 -1.794001e-69 -6.062303e-68 -1.804154e-66 -4.723312e-65 -1.080931e-63 -2.130245e-62 -3.495408e-61 -4.360446e-60 -2.674951e-59 5.071921e-58 2.310777e-56 5.425361e-55 9.698281e-54 1.434903e-52 1.809552e-51 1.965979e-50 1.841935e-49 1.478115e-48 9.989542e-48 5.479360e-47 2.213817e-46 4.121315e-46 -2.685345e-45 -3.479671e-44 -2.288228e-43 -1.097293e-42 -4.141821e-42 -1.261701e-41 -3.128095e-41 -6.326059e-41 -1.044172e-40 -1.408379e-40 -1.555488e-40 -1.408379e-40 -1.044172e-40 -6.326059e-41 -3.128095e-41 -1.261701e-41 -4.141821e-42 -1.097293e-42 -2.288228e-43 -3.479671e-44 -2.685345e-45 4.121315e-46 2.213817e-46 5.479360e-47 9.989542e-48 1.478115e-48 1.841935e-49 1.965979e-50 1.809552e-51 1.434903e-52 9.698281e-54 5.425361e-55 2.310777e-56 5.071921e-58 -2.674951e-59 -4.360446e-60 -3.495408e-61 -2.130245e-62 -1.080931e-63 -4.723312e-65 -1.804154e-66 -6.062303e-68 -1.794001e-69 -4.660396e-71 -1.053999e-72 -2.041836e-74 -3.279045e-76 -4.031489e-78 -2.765275e-80 2.475961e-82 1.276435e-83 2.655868e-85 3.914381e-87 4.471274e-89 4.033916e-91 2.849393e-93 1.529756e-95 5.893684e-98 1.455457e-100 1.733968e-103 0.000000e+00 0.000000e+00 0.000000e+00 0.000000e+00 0.000000e+00 0.000000e+00 0.000000e+00 0.000000e+00 0.000000e+00
0.000000e+00 0.000000e+00 0.000000e+00 0.000000e+00 0.000000e+00 0.000000e+00 0.000000e+00 0.000000e+00 4.750389e-101 4.060707e-98 1.675162e-95 4.431106e-93 8.414104e-91 1.214721e-88 1.373300e-86 1.226245e-84 8.480587e-83 4.141489e-81 7.887428e-80 -9.827259e-78 -1.440418e-75 -1.195244e-73 -7.616863e-72 -4.030100e-70 -1.828513e-68 -7.229373e-67 -2.511204e-65 -7.688024e-64 -2.071889e-62 -4.882948e-61 -9.909228e-60 -1.671755e-58 -2.129091e-57 -1.252425e-56 3.033917e-55 1.353696e-53 3.268708e-52 6.063857e-51 9.350839e-50 1.232783e-48 1.403707e-47 1.381330e-46 1.166203e-45 8.295339e-45 4.773359e-44 1.986072e-43 3.118021e-43 -3.785745e-42 -4.693637e-41 -3.282574e-40 -1.715885e-39 -7.164852e-39 -2.445003e-38 -6.873758e-38 -1.595569e-37 -3.059582e-37 -4.852322e-37 -6.383068e-37 -6.989905e-37 -6.383068e-37 -4.852322e-37 -3.059582e-37 -1.595569e-37 -6.873758e-38 -2.445003e-38 -7.164852e-39 -1.715885e-39 -3.282574e-40 -4.693637e-41 -3.785745e-42 3.118021e-43 1.986072e-43 4.773359e-44 8.295339e-45 1.166203e-45 1.381330e-46 1.403707e-47 1.232783e-48 9.350839e-50 6.063857e-51 3.268708e-52 1.353696e-53 3.033917e-55 -1.252425e-56 -2.129091e-57 -1.671755e-58 -9.909228e-60 -4.882948e-61 -2.071889e-62 -7.688024e-64 -2.511204e-65 -7.229373e-67 -1.828513e-68 -4.030100e-70 -7.616863e-72 -1.195244e-73 -1.440418e-75 -9.827259e-78 7.887428e-80 4.141489e-81 8.480587e-83 1.226245e-84 1.373300e-86 1.214721e-88 8.414104e-91 4.431106e-93 1.675162e-95 4.060707e-98 4.750389e-101 0.000000e+00 0.000000e+00 0.000000e+00 0.000000e+00 0.000000e+00 0.000000e+00 0.000000e+00 0.000000e+00
0.000000e+00 0.000000e+00 0.000000e+00 0.000000e+00 0.000000e+00 0.000000e+00 0.000000e+00 2.378447e-99 2.529526e-96 1.062537e-93 2.862886e-91 5.539113e-89 8.150179e-87 9.392697e-85 8.548946e-83 6.022326e-81 2.985585e-79 5.555463e-78 -7.752720e-76 -1.141998e-73 -9.660087e-72 -6.294944e-70 -3.410994e-68 -1.586621e-66 -6.436762e-65 -2.296040e-63 -7.223440e-62 -2.001591e-60 -4.851913e-59 -1.012495e-57 -1.753360e-56 -2.273976e-55 -1.261765e-54 3.938194e-53 1.728348e-51 4.285856e-50 8.234763e-49 1.320522e-47 1.815448e-46 2.160514e-45 2.226253e-44 1.970632e-43 1.469552e-42 8.828416e-42 3.751135e-41 4.328676e-41 -1.064382e-39 -1.298513e-38 -9.625348e-38 -5.440954e-37 -2.487146e-36 -9.388236e-36 -2.948568e-35 -7.721030e-35 -1.686055e-34 -3.072786e-34 -4.687209e-34 -6.015699e-34 -6.532159e-34 -6.015699e-34 -4.687209e-34 -3.072786e-34 -1.686055e-34 -7.721030e-35 -2.948568e-35 -9.388236e-36 -2.487146e-36 -5.440954e-37 -9.625348e-38 -1.298513e-38 -1.064382e-39 4.328676e-41 3.751135e-41 8.828416e-42 1.469552e-42 1.970632e-43 2.226253e-44 2.160514e-45 1.815448e-46 1.320522e-47 8.234763e-49 4.285856e-50 1.728348e-51 3.938194e-53 -1.261765e-54 -2.273976e-55 -1.753360e-56 -1.012495e-57 -4.851913e-59 -2.001591e-60 -7.223440e-62 -2.296040e-63 -6.436762e-65 -1.586621e-66 -3.410994e-68 -6.294944e-70 -9.660087e-72 -1.141998e-73 -7.752720e-76 5.555463e-78 2.985585e-79 6.022326e-81 8.548946e-83 9.392697e-85 8.150179e-87 5.539113e-89 2.862886e-91 1.062537e-93 2.529526e-96 2.378447e-99 0.000000e+00 0.000000e+00 0.000000e+00 0.000000e+00 0.000000e+00 0.000000e+00 0.000000e+00
0.000000e+00 0.000000e+00 0.000000e+00 0.000000e+00 0.000000e+00 0.000000e+00 5.898769e-99 2.200101e-95 1.148929e-92 3.151907e-90 6.211303e-88 9.310941e-86 1.093378e-83 1.013949e-81 7.272389e-80 3.658185e-78 6.631413e-77 -1.036586e-74 -1.535436e-72 -1.323480e-70 -8.814034e-69 -4.888068e-67 -2.329378e-65 -9.689579e-64 -3.546541e-62 -1.145611e-60 -3.261066e-59 -8.122780e-58 -1.741245e-56 -3.091609e-55 -4.076525e-54 -2.100637e-53 8.478973e-52 3.681584e-50 9.369571e-49 1.861918e-47 3.099485e-46 4.434697e-45 5.503684e-44 5.923717e-43 5.482608e-42 4.273075e-41 2.670038e-40 1.150460e-39 6.952882e-40 -4.660240e-38 -5.694538e-37 -4.462482e-36 -2.710825e-35 -1.345358e-34 -5.561264e-34 -1.928337e-33 -5.618701e-33 -1.375385e-32 -2.828366e-32 -4.896369e-32 -7.174719e-32 -8.973289e-32 -9.656933e-32 -8.973289e-32 -7.174719e-32 -4.896369e-32 -2.828366e-32 -1.375385e-32 -5.618701e-33 -1.928337e-33 -5.561264e-34 -1.345358e-34 -2.710825e-35 -4.462482e-36 -5.694538e-37 -4.660240e-38 6.952882e-40 1.150460e-39 2.670038e-40 4.273075e-41 5.482608e-42 5.923717e-43 5.503684e-44 4.434697e-45 3.099485e-46 1.861918e-47 9.369571e-49 3.681584e-50 8.478973e-52 -2.100637e-53 -4.076525e-54 -3.091609e-55 -1.741245e-56 -8.122780e-58 -3.261066e-59 -1.145611e-60 -3.546541e-62 -9.689579e-64 -2.329378e-65 -4.888068e-67 -8.814034e-69 -1.323480e-70 -1.535436e-72 -1.036586e-74 6.631413e-77 3.658185e-78 7.272389e-80 1.013949e-81 1.093378e-83 9.310941e-86 6.211303e-88 3.151907e-90 1.148929e-92 2.200101e-95 5.898769e-99 0.000000e+00 0.000000e+00 0.000000e+00 0.000000e+00 0.000000e+00 0.000000e+00
0.000000e+00 0.000000e+00 0.000000e+00 0.000000e+00 0.000000e+00 4.562571e-100 1.031312e-95 1.887848e-92 6.437411e-90 1.292341e-87 1.974277e-85 2.363227e-83 2.234112e-81 1.632885e-79 8.351045e-78 1.493547e-76 -2.546844e-74 -3.815382e-72 -3.355985e-70 -2.285668e-68 -1.297829e-66 -6.337875e-65 -2.703741e-63 -1.015615e-61 -3.369076e-60 -9.854484e-59 -2.523242e-57 -5.560331e-56 -1.013717e-54 -1.364335e-53 -6.658399e-53 3.278554e-51 1.432008e-49 3.752428e-48 7.720004e-47 1.334356e-45 1.986582e-44 2.570107e-43 2.888195e-42 2.794078e-41 2.276201e-40 1.481354e-39 6.506700e-39 4.576039e-40 -3.501847e-37 -4.383854e-36 -3.640185e-35 -2.371066e-34 -1.271878e-33 -5.722289e-33 -2.173912e-32 -6.983993e-32 -1.895809e-31 -4.343349e-31 -8.402430e-31 -1.378115e-30 -1.933346e-30 -2.349526e-30 -2.503136e-30 -2.349526e-30 -1.933346e-30 -1.378115e-30 -8.402430e-31 -4.343349e-31 -1.895809e-31 -6.983993e-32 -2.173912e-32 -5.722289e-33 -1.271878e-33 -2.371066e-34 -3.640185e-35 -4.383854e-36 -3.501847e-37 4.576039e-40 6.506700e-39 1.481354e-39 2.276201e-40 2.794078e-41 2.888195e-42 2.570107e-43 1.986582e-44 1.334356e-45 7.720004e-47 3.752428e-48 1.432008e-49 3.278554e-51 -6.658399e-53 -1.364335e-53 -1.013717e-54 -5.560331e-56 -2.523242e-57 -9.854484e-59 -3.369076e-60 -1.015615e-61 -2.703741e-63 -6.337875e-65 -1.297829e-66 -2.285668e-68 -3.355985e-70 -3.815382e-72 -2.546844e-74 1.493547e-76 8.351045e-78 1.632885e-79 2.234112e-81 2.363227e-83 1.974277e-85 1.292341e-87 6.437411e-90 1.887848e-92 1.031312e-95 4.562571e-100 0.000000e+00 0.000000e+00 0.000000e+00 0.000000e+00 0.000000e+00
0.000000e+00 0.000000e+00 0.000000e+00 0.000000e+00 3.551490e-102 4.070361e-97 4.519941e-93 5.403208e-90 1.348883e-87 2.101889e-85 2.567598e-83 2.478039e-81 1.849592e-79 9.660145e-78 1.756083e-76 -3.096655e-74 -4.739678e-72 -4.267548e-70 -2.977722e-68 -1.733428e-66 -8.684502e-65 -3.803457e-63 -1.467784e-61 -5.005873e-60 -1.506477e-58 -3.971648e-57 -9.017767e-56 -1.694782e-54 -2.350098e-53 -1.162135e-52 6.143125e-51 2.764246e-49 7.505028e-48 1.603353e-46 2.882817e-45 4.472107e-44 6.038701e-43 7.094655e-42 7.186914e-41 6.138120e-40 4.186849e-39 1.911276e-38 -3.908157e-39 -1.238917e-36 -1.628459e-35 -1.440954e-34 -1.007209e-33 -5.831101e-33 -2.846919e-32 -1.180031e-31 -4.157856e-31 -1.243655e-30 -3.150385e-30 -6.747519e-30 -1.223249e-29 -1.888860e-29 -2.517674e-29 -2.953385e-29 -3.106552e-29 -2.953385e-29 -2.517674e-29 -1.888860e-29 -1.223249e-29 -6.747519e-30 -3.150385e-30 -1.243655e-30 -4.157856e-31 -1.180031e-31 -2.846919e-32 -5.831101e-33 -1.007209e-33 -1.440954e-34 -1.628459e-35 -1.238917e-36 -3.908157e-39 1.911276e-38 4.186849e-39 6.138120e-40 7.186914e-41 7.094655e-42 6.038701e-43 4.472107e-44 2.882817e-45 1.603353e-46 7.505028e-48 2.764246e-49 6.143125e-51 -1.162135e-52 -2.350098e-53 -1.694782e-54 -9.017767e-56 -3.971648e-57 -1.506477e-58 -5.005873e-60 -1.467784e-61 -3.803457e-63 -8.684502e-65 -1.733428e-66 -2.977722e-68 -4.267548e-70 -4.739678e-72 -3.096655e-74 1.756083e-76 9.660145e-78 1.849592e-79 2.478039e-81 2.567598e-83 2.101889e-85 1.348883e-87 5.403208e-90 4.519941e-93 4.070361e-97 3.551490e-102 0.000000e+00 0.000000e+00 0.000000e+00 0.000000e+00
0.000000e+00 0.000000e+00 0.000000e+00 6.888505e-105 3.039085e-99 1.711698e-94 1.241374e-90 1.085491e-87 2.102190e-85 2.619996e-83 2.581278e-81 1.967625e-79 1.049980e-77 1.950851e-76 -3.519155e-74 -5.511304e-72 -5.080313e-70 -3.631189e-68 -2.166602e-66 -1.113254e-64 -5.003620e-63 -1.982979e-61 -6.950133e-60 -2.151069e-58 -5.836800e-57 -1.365069e-55 -2.644510e-54 -3.781700e-53 -1.919138e-52 1.061804e-50 4.937559e-49 1.389027e-47 3.079548e-46 5.754526e-45 9.291501e-44 1.307878e-42 1.604316e-41 1.699452e-40 1.519780e-39 1.085775e-38 5.162061e-38 -2.228593e-38 -3.924700e-36 -5.426913e-35 -5.105682e-34 -3.815801e-33 -2.373356e-32 -1.250724e-31 -5.621732e-31 -2.157659e-30 -7.057717e-30 -1.960472e-29 -4.606042e-29 -9.126710e-29 -1.526255e-28 -2.171499e-28 -2.681113e-28 -2.968441e-28 -3.054223e-28 -2.968441e-28 -2.681113e-28 -2.171499e-28 -1.526255e-28 -9.126710e-29 -4.606042e-29 -1.960472e-29 -7.057717e-30 -2.157659e-30 -5.621732e-31 -1.250724e-31 -2.373356e-32 -3.815801e-33 -5.105682e-34 -5.426913e-35 -3.924700e-36 -2.228593e-38 5.162061e-38 1.085775e-38 1.519780e-39 1.699452e-40 1.604316e-41 1.307878e-42 9.291501e-44 5.754526e-45 3.079548e-46 1.389027e-47 4.937559e-49 1.061804e-50 -1.919138e-52 -3.781700e-53 -2.644510e-54 -1.365069e-55 -5.836800e-57 -2.151069e-58 -6.950133e-60 -1.982979e-61 -5.003620e-63 -1.113254e-64 -2.166602e-66 -3.631189e-68 -5.080313e-70 -5.511304e-72 -3.519155e-74 1.950851e-76 1.049980e-77 1.967625e-79 2.581278e-81 2.619996e-83 2.102190e-85 1.085491e-87 1.241374e-90 1.711698e-94 3.039085e-99 6.888505e-105 0.000000e+00 0.000000e+00 0.000000e+00
0.000000e+00 0.000000e+00 4.248525e-108 5.788088e-102 1.255082e-96 4.617259e-92 2.449084e-88 1.659400e-85 2.568053e-83 2.581278e-81 2.008606e-79 1.094638e-77 2.077834e-76 -3.832146e-74 -6.137630e-72 -5.789103e-70 -4.236218e-68 -2.589174e-66 -1.363590e-64 -6.285611e-63 -2.556432e-61 -9.201407e-60 -2.926613e-58 -8.166795e-57 -1.965712e-55 -3.922001e-54 -5.778844e-53 -3.008624e-52 1.738107e-50 8.344852e-49 2.429553e-47 5.582613e-46 1.082640e-44 1.816702e-43 2.661385e-42 3.402568e-41 3.762053e-40 3.515813e-39 2.625699e-38 1.298213e-37 -8.603728e-38 -1.144204e-35 -1.661349e-34 -1.656274e-33 -1.318165e-32 -8.767693e-32 -4.961382e-31 -2.404335e-30 -9.988146e-30 -3.548264e-29 -1.072791e-28 -2.742627e-28 -5.883935e-28 -1.051086e-27 -1.554298e-27 -1.905158e-27 -1.977687e-27 -1.857776e-27 -1.776199e-27 -1.857776e-27 -1.977687e-27 -1.905158e-27 -1.554298e-27 -1.051086e-27 -5.883935e-28 -2.742627e-28 -1.072791e-28 -3.548264e-29 -9.988146e-30 -2.404335e-30 -4.961382e-31 -8.767693e-32 -1.318165e-32 -1.656274e-33 -1.661349e-34 -1.144204e-35 -8.603728e-38 1.298213e-37 2.625699e-38 3.515813e-39 3.762053e-40 3.402568e-41 2.661385e-42 1.816702e-43 1.082640e-44 5.582613e-46 2.429553e-47 8.344852e-49 1.738107e-50 -3.008624e-52 -5.778844e-53 -3.922001e-54 -1.965712e-55 -8.166795e-57 -2.926613e-58 -9.201407e-60 -2.556432e-61 -6.285611e-63 -1.363590e-64 -2.589174e-66 -4.236218e-68 -5.789103e-70 -6.137630e-72 -3.832146e-74 2.077834e-76 1.094638e-77 2.008606e-79 2.581278e-81 2.568053e-83 1.659400e-85 2.449084e-88 4.617259e-92 1.255082e-96 5.788088e-102 4.248525e-108 0.000000e+00 0.000000e+00
0.000000e+00 9.820472e-112 3.503602e-105 2.346328e-99 3.323694e-94 8.944270e-90 3.675739e-86 1.987817e-83 2.478577e-81 1.967625e-79 1.094638e-77 2.121959e-76 -3.998854e-74 -6.546832e-72 -6.315319e-70 -4.728667e-68 -2.958902e-66 -1.596265e-64 -7.541793e-63 -3.145812e-61 -1.161989e-59 -3.795354e-58 -1.088374e-56 -2.693971e-55 -5.531250e-54 -8.390650e-53 -4.480551e-52 2.696428e-50 1.335466e-48 4.019514e-47 9.560826e-46 1.921762e-44 3.346684e-43 5.094827e-42 6.778093e-41 7.808778e-40 7.612671e-39 5.932601e-38 3.046529e-37 -2.728330e-37 -3.080669e-35 -4.688660e-34 -4.938421e-33 -4.170391e-32 -2.954385e-31 -1.787040e-30 -9.290367e-30 -4.154474e-29 -1.593380e-28 -5.210426e-28 -1.439738e-27 -3.318675e-27 -6.260649e-27 -9.363955e-27 -1.040149e-26 -6.991362e-27 8.690585e-28 9.374549e-27 1.307593e-26 9.374549e-27 8.690585e-28 -6.991362e-27 -1.040149e-26 -9.363955e-27 -6.260649e-27 -3.318675e-27 -1.439738e-27 -5.210426e-28 -1.593380e-28 -4.154474e-29 -9.290367e-30 -1.787040e-30 -2.954385e-31 -4.170391e-32 -4.938421e-33 -4.688660e-34 -3.080669e-35 -2.728330e-37 3.046529e-37 5.932601e-38 7.612671e-39 7.808778e-40 6.778093e-41 5.094827e-42 3.346684e-43 1.921762e-44 9.560826e-46 4.019514e-47 1.335466e-48 2.696428e-50 -4.480551e-52 -8.390650e-53 -5.531250e-54 -2.693971e-55 -1.088374e-56 -3.795354e-58 -1.161989e-59 -3.145812e-61 -7.541793e-63 -1.596265e-64 -2.958902e-66 -4.728667e-68 -6.315319e-70 -6.546832e-72 -3.998854e-74 2.121959e-76 1.094638e-77 1.967625e-79 2.478577e-81 1.987817e-83 3.675739e-86 8.944270e-90 3.323694e-94 2.346328e-99 3.503602e-105 9.820472e-112 0.000000e+00
0.000000e+00 7.944329e-109 1.393388e-102 6.096897e-97 6.318837e-92 1.317763e-87 4.322298e-84 1.880913e-81 1.850093e-79 1.049980e-77 2.077834e-76 -3.998854e-74 -6.689164e-72 -6.595965e-70 -5.050991e-68 -3.234037e-66 -1.786191e-64 -8.644667e-63 -3.695818e-61 -1.400066e-59 -4.692919e-58 -1.381974e-56 -3.515101e-55 -7.421231e-54 -1.158126e-52 -6.341832e-52 3.966924e-50 2.025117e-48 6.294753e-47 1.548183e-45 3.221498e-44 5.814649e-43 9.185967e-42 1.269806e-40 1.521903e-39 1.545184e-38 1.254499e-37 6.683200e-37 -7.543168e-37 -7.682981e-35 -1.223635e-33 -1.357955e-32 -1.212941e-31 -9.118899e-31 -5.872524e-30 -3.260780e-29 -1.562138e-28 -6.435171e-28 -2.263628e-27 -6.722016e-27 -1.654337e-26 -3.264323e-26 -4.794309e-26 -3.997500e-26 2.632368e-26 1.746668e-25 3.826212e-25 5.718652e-25 6.489653e-25 5.718652e-25 3.826212e-25 1.746668e-25 2.632368e-26 -3.997500e-26 -4.794309e-26 -3.264323e-26 -1.654337e-26 -6.722016e-27 -2.263628e-27 -6.435171e-28 -1.562138e-28 -3.260780e-29 -5.872524e-30 -9.118899e-31 -1.212941e-31 -1.357955e-32 -1.223635e-33 -7.682981e-35 -7.543168e-37 6.683200e-37 1.254499e-37 1.545184e-38 1.521903e-39 1.269806e-40 9.185967e-42 5.814649e-43 3.221498e-44 1.548183e-45 6.294753e-47 2.025117e-48 3.966924e-50 -6.341832e-52 -1.158126e-52 -7.421231e-54 -3.515101e-55 -1.381974e-56 -4.692919e-58 -1.400066e-59 -3.695818e-61 -8.644667e-63 -1.786191e-64 -3.234037e-66 -5.050991e-68 -6.595965e-70 -6.689164e-72 -3.998854e-74 2.077834e-76 1.049980e-77 1.850093e-79 1.880913e-81 4.322298e-84 1.317763e-87 6.318837e-92 6.096897e-97 1.393388e-102 7.944329e-109 0.000000e+00
0.000000e+00 3.098069e-106 3.550865e-100 1.136973e-94 9.134119e-90 1.520872e-85 4.014864e-82 1.376442e-79 9.663731e-78 1.950851e-76 -3.832146e-74 -6.546832e-72 -6.595965e-70 -5.163206e-68 -3.380981e-66 -1.910741e-64 -9.467386e-63 -4.146119e-61 -1.609836e-59 -5.534024e-58 -1.672382e-56 -4.368087e-55 -9.475909e-54 -1.520182e-52 -8.535034e-52 5.537404e-50 2.911569e-48 9.337411e-47 2.372111e-45 5.103997e-44 9.536764e-43 1.561450e-41 2.239640e-40 2.788494e-39 2.944044e-38 2.486369e-37 1.372701e-36 -1.867782e-36 -1.779410e-34 -2.960931e-33 -3.453777e-32 -3.253654e-31 -2.587581e-30 -1.767881e-29 -1.044392e-28 -5.337639e-28 -2.351109e-27 -8.854369e-27 -2.812043e-26 -7.350638e-26 -1.504867e-25 -2.096597e-25 -6.247088e-26 6.738903e-25 2.457979e-24 5.456237e-24 9.136432e-24 1.226120e-23 1.349576e-23 1.226120e-23 9.136432e-24 5.456237e-24 2.457979e-24 6.738903e-25 -6.247088e-26 -2.096597e-25 -1.504867e-25 -7.350638e-26 -2.812043e-26 -8.854369e-27 -2.351109e-27 -5.337639e-28 -1.044392e-28 -1.767881e-29 -2.587581e-30 -3.253654e-31 -3.453777e-32 -2.960931e-33 -1.779410e-34 -1.867782e-36 1.372701e-36 2.486369e-37 2.944044e-38 2.788494e-39 2.239640e-40 1.561450e-41 9.536764e-43 5.103997e-44 2.372111e-45 9.337411e-47 2.911569e-48 5.537404e-50 -8.535034e-52 -1.520182e-52 -9.475909e-54 -4.368087e-55 -1.672382e-56 -5.534024e-58 -1.609836e-59 -4.146119e-61 -9.467386e-63 -1.910741e-64 -3.380981e-66 -5.163206e-68 -6.595965e-70 -6.546832e-72 -3.832146e-74 1.950851e-76 9.663731e-78 1.376442e-79 4.014864e-82 1.520872e-85 9.134119e-90 1.136973e-94 3.550865e-100 3.098069e-106 0.000000e+00
0.000000e+00 7.738513e-104 6.491729e-98 1.611666e-92 1.034146e-87 1.386662e-83 2.886064e-80 7.056051e-78 1.757845e-76 -3.519155e-74 -6.137630e-72 -6.315319e-70 -5.050991e-68 -3.380981e-66 -1.954144e-64 -9.907425e-63 -4.442010e-61 -1.766718e-59 -6.224809e-58 -1.929215e-56 -5.170873e-55 -1.151823e-53 -1.898283e-52 -1.092599e-51 7.337456e-50 3.970851e-48 1.312691e-46 3.441186e-45 7.648284e-44 1.477710e-42 2.504492e-41 3.722653e-40 4.808401e-39 5.271663e-38 4.624876e-37 2.643570e-36 -4.203589e-36 -3.835754e-34 -6.658647e-33 -8.145536e-32 -8.072347e-31 -6.771635e-30 -4.892785e-29 -3.064666e-28 -1.664717e-27 -7.809543e-27 -3.135848e-26 -1.060635e-25 -2.931977e-25 -6.185536e-25 -7.824059e-25 5.331731e-25 6.578682e-24 2.264407e-23 5.382773e-23 1.003515e-22 1.534943e-22 1.967418e-22 2.134913e-22 1.967418e-22 1.534943e-22 1.003515e-22 5.382773e-23 2.264407e-23 6.578682e-24 5.331731e-25 -7.824059e-25 -6.185536e-25 -2.931977e-25 -1.060635e-25 -3.135848e-26 -7.809543e-27 -1.664717e-27 -3.064666e-28 -4.892785e-29 -6.771635e-30 -8.072347e-31 -8.145536e-32 -6.658647e-33 -3.835754e-34 -4.203589e-36 2.643570e-36 4.624876e-37 5.271663e-38 4.808401e-39 3.722653e-40 2.504492e-41 1.477710e-42 7.648284e-44 3.441186e-45 1.312691e-46 3.970851e-48 7.337456e-50 -1.092599e-51 -1.898283e-52 -1.151823e-53 -5.170873e-55 -1.929215e-56 -6.224809e-58 -1.766718e-59 -4.442010e-61 -9.907425e-63 -1.954144e-64 -3.380981e-66 -5.050991e-68 -6.315319e-70 -6.137630e-72 -3.519155e-74 1.757845e-76 7.056051e-78 2.886064e-80 1.386662e-83 1.034146e-87 1.611666e-92 6.491729e-98 7.738513e-104 0.000000e+00
0.000000e+00 1.386181e-101 9.018366e-96 1.788932e-90 9.249992e-86 9.791640e-82 1.457891e-78 1.280583e-76 -3.096421e-74 -5.511304e-72 -5.789103e-70 -4.728667e-68 -3.234037e-66 -1.910741e-64 -9.907425e-63 -4.545223e-61 -1.850757e-59 -6.679662e-58 -2.121803e-56 -5.832317e-55 -1.333129e-53 -2.255636e-52 -1.330797e-51 9.232893e-50 5.139309e-48 1.749831e-46 4.729082e-45 1.084634e-43 2.164633e-42 3.793418e-41 5.836199e-40 7.810713e-39 8.880674e-38 8.083039e-37 4.779338e-36 -8.677770e-36 -7.710652e-34 -1.394451e-32 -1.785359e-31 -1.856927e-30 -1.638831e-29 -1.248729e-28 -8.267487e-28 -4.757328e-27 -2.368554e-26 -1.010357e-25 -3.626155e-25 -1.056211e-24 -2.283077e-24 -2.465191e-24 6.184010e-24 4.606004e-23 1.620841e-22 4.164655e-22 8.572393e-22 1.467233e-21 2.129723e-21 2.652128e-21 2.851396e-21 2.652128e-21 2.129723e-21 1.467233e-21 8.572393e-22 4.164655e-22 1.620841e-22 4.606004e-23 6.184010e-24 -2.465191e-24 -2.283077e-24 -1.056211e-24 -3.626155e-25 -1.010357e-25 -2.368554e-26 -4.757328e-27 -8.267487e-28 -1.248729e-28 -1.638831e-29 -1.856927e-30 -1.785359e-31 -1.394451e-32 -7.710652e-34 -8.677770e-36 4.779338e-36 8.083039e-37 8.880674e-38 7.810713e-39 5.836199e-40 3.793418e-41 2.164633e-42 1.084634e-43 4.729082e-45 1.749831e-46 5.139309e-48 9.232893e-50 -1.330797e-51 -2.255636e-52 -1.333129e-53 -5.832317e-55 -2.121803e-56 -6.679662e-58 -1.850757e-59 -4.545223e-61 -9.907425e-63 -1.910741e-64 -3.234037e-66 -4.728667e-68 -5.789103e-70 -5.511304e-72 -3.096421e-74 1.280583e-76 1.457891e-78 9.791640e-82 9.249992e-86 1.788932e-90 9.018366e-96 1.386181e-101 0.000000e+00
0.000000e+00 1.886118e-99 9.808045e-94 1.568765e-88 6.412219e-84 4.875776e-80 2.710166e-77 -2.129138e-74 -4.740314e-72 -5.080313e-70 -4.236218e-68 -2.958902e-66 -1.786191e-64 -9.467386e-63 -4.442010e-61 -1.850757e-59 -6.838490e-58 -2.225131e-56 -6.268785e-55 -1.469450e-53 -2.551002e-52 -1.542627e-51 1.103614e-49 6.314551e-48 2.212587e-46 6.159412e-45 1.456438e-43 2.999437e-42 5.429334e-41 8.636356e-40 1.196181e-38 1.408757e-37 1.328701e-36 8.120430e-36 -1.653339e-35 -1.447848e-33 -2.724242e-32 -3.643782e-31 -3.969070e-30 -3.676673e-29 -2.946786e-28 -2.056507e-27 -1.249865e-26 -6.583499e-26 -2.973770e-25 -1.128886e-24 -3.454070e-24 -7.613322e-24 -6.351811e-24 3.983531e-23 2.600407e-22 9.582054e-22 2.661151e-21 6.000978e-21 1.134958e-20 1.833928e-20 2.562874e-20 3.122870e-20 3.333759e-20 3.122870e-20 2.562874e-20 1.833928e-20 1.134958e-20 6.000978e-21 2.661151e-21 9.582054e-22 2.600407e-22 3.983531e-23 -6.351811e-24 -7.613322e-24 -3.454070e-24 -1.128886e-24 -2.973770e-25 -6.583499e-26 -1.249865e-26 -2.056507e-27 -2.946786e-28 -3.676673e-29 -3.969070e-30 -3.643782e-31 -2.724242e-32 -1.447848e-33 -1.653339e-35 8.120430e-36 1.328701e-36 1.408757e-37 1.196181e-38 8.636356e-40 5.429334e-41 2.999437e-42 1.456438e-43 6.159412e-45 2.212587e-46 6.314551e-48 1.103614e-49 -1.542627e-51 -2.551002e-52 -1.469450e-53 -6.268785e-55 -2.225131e-56 -6.838490e-58 -1.850757e-59 -4.442010e-61 -9.467386e-63 -1.786191e-64 -2.958902e-66 -4.236218e-68 -5.080313e-70 -4.740314e-72 -2.129138e-74 2.710166e-77 4.875776e-80 6.412219e-84 1.568765e-88 9.808045e-94 1.886118e-99 0.000000e+00
0.000000e+00 2.008549e-97 8.426795e-92 1.066829e-86 3.144973e-82 9.302372e-79 -4.050666e-75 -3.205669e-72 -4.268432e-70 -3.631189e-68 -2.589174e-66 -1.596265e-64 -8.644667e-63 -4.146119e-61 -1.766718e-59 -6.679662e-58 -2.225131e-56 -6.421357e-55 -1.542708e-53 -2.746314e-52 -1.702099e-51 1.253391e-49 7.367445e-48 2.654704e-46 7.606024e-45 1.852582e-43 3.933406e-42 7.346986e-41 1.207055e-39 1.728331e-38 2.106018e-37 2.056072e-36 1.297886e-35 -2.920002e-35 -2.543166e-33 -4.972552e-32 -6.936381e-31 -7.897600e-30 -7.662348e-29 -6.444780e-28 -4.729115e-27 -3.027587e-26 -1.682453e-25 -8.024166e-25 -3.212838e-24 -1.029958e-23 -2.305814e-23 -1.212031e-23 1.970012e-22 1.240700e-21 4.827627e-21 1.445272e-20 3.546149e-20 7.339923e-20 1.304095e-19 2.013756e-19 2.728074e-19 3.264238e-19 3.463844e-19 3.264238e-19 2.728074e-19 2.013756e-19 1.304095e-19 7.339923e-20 3.546149e-20 1.445272e-20 4.827627e-21 1.240700e-21 1.970012e-22 -1.212031e-23 -2.305814e-23 -1.029958e-23 -3.212838e-24 -8.024166e-25 -1.682453e-25 -3.027587e-26 -4.729115e-27 -6.444780e-28 -7.662348e-29 -7.897600e-30 -6.936381e-31 -4.972552e-32 -2.543166e-33 -2.920002e-35 1.297886e-35 2.056072e-36 2.106018e-37 1.728331e-38 1.207055e-39 7.346986e-41 3.933406e-42 1.852582e-43 7.606024e-45 2.654704e-46 7.367445e-48 1.253391e-49 -1.702099e-51 -2.746314e-52 -1.542708e-53 -6.421357e-55 -2.225131e-56 -6.679662e-58 -1.766718e-59 -4.146119e-61 -8.644667e-63 -1.596265e-64 -2.589174e-66 -3.631189e-68 -4.268432e-70 -3.205669e-72 -4.050666e-75 9.302372e-79 3.144973e-82 1.066829e-86 8.426795e-92 2.008549e-97 0.000000e+00
0.000000e+00 1.689587e-95 5.617515e-90 5.148763e-85 6.129915e-81 -1.239309e-76 -6.056848e-73 -2.824607e-70 -2.978477e-68 -2.166602e-66 -1.363590e-64 -7.541793e-63 -3.695818e-61 -1.609836e-59 -6.224809e-58 -2.121803e-56 -6.268785e-55 -1.542708e-53 -2.814658e-52 -1.787863e-51 1.352755e-49 8.164269e-48 3.023088e-46 8.907598e-45 2.233007e-43 4.883668e-42 9.404155e-41 1.594225e-39 2.357440e-38 2.969045e-37 2.997331e-36 1.952971e-35 -4.795975e-35 -4.183958e-33 -8.491441e-32 -1.233400e-30 -1.465283e-29 -1.486084e-28 -1.308959e-27 -1.007635e-26 -6.778839e-26 -3.964190e-25 -1.991109e-24 -8.387721e-24 -2.811051e-23 -6.371792e-23 -9.674891e-24 8.126077e-22 5.130211e-21 2.113491e-20 6.797166e-20 1.803851e-19 4.054623e-19 7.845742e-19 1.323107e-18 1.964445e-18 2.589117e-18 3.047887e-18 3.216836e-18 3.047887e-18 2.589117e-18 1.964445e-18 1.323107e-18 7.845742e-19 4.054623e-19 1.803851e-19 6.797166e-20 2.113491e-20 5.130211e-21 8.126077e-22 -9.674891e-24 -6.371792e-23 -2.811051e-23 -8.387721e-24 -1.991109e-24 -3.964190e-25 -6.778839e-26 -1.007635e-26 -1.308959e-27 -1.486084e-28 -1.465283e-29 -1.233400e-30 -8.491441e-32 -4.183958e-33 -4.795975e-35 1.952971e-35 2.997331e-36 2.969045e-37 2.357440e-38 1.594225e-39 9.404155e-41 4.883668e-42 2.233007e-43 8.907598e-45 3.023088e-46 8.164269e-48 1.352755e-49 -1.787863e-51 -2.814658e-52 -1.542708e-53 -6.268785e-55 -2.121803e-56 -6.224809e-58 -1.609836e-59 -3.695818e-61 -7.541793e-63 -1.363590e-64 -2.166602e-66 -2.978477e-68 -2.824607e-70 -6.056848e-73 -1.239309e-76 6.129915e-81 5.148763e-85 5.617515e-90 1.689587e-95 0.000000e+00
0.000000e+00 1.103250e-93 2.665148e-88 1.020277e-83 -7.302837e-79 -1.844751e-74 -5.237572e-71 -1.925947e-68 -1.733934e-66 -1.113254e-64 -6.285611e-63 -3.145812e-61 -1.400066e-59 -5.534024e-58 -1.929215e-56 -5.832317e-55 -1.469450e-53 -2.746314e-52 -1.787863e-51 1.387581e-49 8.594147e-48 3.267995e-46 9.895627e-45 2.551208e-43 5.742619e-42 1.139043e-40 1.990610e-39 3.037071e-38 3.949540e-37 4.119016e-36 2.768603e-35 -7.343589e-35 -6.453925e-33 -1.358155e-31 -2.051236e-30 -2.538522e-29 -2.686481e-28 -2.473243e-27 -1.993211e-26 -1.406012e-25 -8.632683e-25 -4.555737e-24 -2.014650e-23 -7.045415e-23 -1.612991e-22 4.642539e-23 2.898027e-21 1.867837e-20 8.148620e-20 2.805360e-19 8.010788e-19 1.942970e-18 4.063389e-18 7.414558e-18 1.192912e-17 1.708151e-17 2.194165e-17 2.543517e-17 2.670793e-17 2.543517e-17 2.194165e-17 1.708151e-17 1.192912e-17 7.414558e-18 4.063389e-18 1.942970e-18 8.010788e-19 2.805360e-19 8.148620e-20 1.867837e-20 2.898027e-21 4.642539e-23 -1.612991e-22 -7.045415e-23 -2.014650e-23 -4.555737e-24 -8.632683e-25 -1.406012e-25 -1.993211e-26 -2.473243e-27 -2.686481e-28 -2.538522e-29 -2.051236e-30 -1.358155e-31 -6.453925e-33 -7.343589e-35 2.768603e-35 4.119016e-36 3.949540e-37 3.037071e-38 1.990610e-39 1.139043e-40 5.742619e-42 2.551208e-43 9.895627e-45 3.267995e-46 8.594147e-48 1.387581e-49 -1.787863e-51 -2.746314e-52 -1.469450e-53 -5.832317e-55 -1.929215e-56 -5.534024e-58 -1.400066e-59 -3.145812e-61 -6.285611e-63 -1.113254e-64 -1.733934e-66 -1.925947e-68 -5.237572e-71 -1.844751e-74 -7.302837e-79 1.020277e-83 2.665148e-88 1.103250e-93 0.000000e+00
0.000000e+00 5.140283e-92 5.345712e-87 -1.091493e-81 -1.082047e-76 -1.565915e-72 -3.495373e-69 -1.094594e-66 -8.687328e-65 -5.003621e-63 -2.556432e-61 -1.161989e-59 -4.692919e-58 -1.672382e-56 -5.170873e-55 -1.333129e-53 -2.551002e-52 -1.702099e-51 1.352755e-49 8.594147e-48 3.353923e-46 1.042963e-44 2.763291e-43 6.396799e-42 1.305856e-40 2.350636e-39 3.696952e-38 4.959676e-37 5.338813e-36 3.699870e-35 -1.050256e-34 -9.342797e-33 -2.036611e-31 -3.194044e-30 -4.111520e-29 -4.532890e-28 -4.354036e-27 -3.666648e-26 -2.706584e-25 -1.741135e-24 -9.633916e-24 -4.463442e-23 -1.626185e-22 -3.753845e-22 2.974825e-22 9.114261e-21 6.054415e-20 2.794434e-19 1.026375e-18 3.139369e-18 8.172340e-18 1.835611e-17 3.597078e-17 6.213724e-17 9.557589e-17 1.321273e-16 1.654855e-16 1.889328e-16 1.973790e-16 1.889328e-16 1.654855e-16 1.321273e-16 9.557589e-17 6.213724e-17 3.597078e-17 1.835611e-17 8.172340e-18 3.139369e-18 1.026375e-18 2.794434e-19 6.054415e-20 9.114261e-21 2.974825e-22 -3.753845e-22 -1.626185e-22 -4.463442e-23 -9.633916e-24 -1.741135e-24 -2.706584e-25 -3.666648e-26 -4.354036e-27 -4.532890e-28 -4.111520e-29 -3.194044e-30 -2.036611e-31 -9.342797e-33 -1.050256e-34 3.699870e-35 5.338813e-36 4.959676e-37 3.696952e-38 2.350636e-39 1.305856e-40 6.396799e-42 2.763291e-43 1.042963e-44 3.353923e-46 8.594147e-48 1.352755e-49 -1.702099e-51 -2.551002e-52 -1.333129e-53 -5.170873e-55 -1.672382e-56 -4.692919e-58 -1.161989e-59 -2.556432e-61 -5.003621e-63 -8.687328e-65 -1.094594e-66 -3.495373e-69 -1.565915e-72 -1.082047e-76 -1.091493e-81 5.345712e-87 5.140283e-92 0.000000e+00
0.000000e+00 1.039525e-90 -5.154576e-85 -1.608985e-79 -9.010307e-75 -1.022713e-70 -1.941773e-67 -5.349948e-65 -3.804817e-63 -1.982979e-61 -9.201407e-60 -3.795354e-58 -1.381974e-56 -4.368087e-55 -1.151823e-53 -2.255636e-52 -1.542627e-51 1.253391e-49 8.164269e-48 3.267995e-46 1.042963e-44 2.837798e-43 6.751063e-42 1.417338e-40 2.625775e-39 4.253450e-38 5.881607e-37 6.529405e-36 4.663175e-35 -1.404964e-34 -1.270204e-32 -2.865597e-31 -4.661017e-30 -6.232136e-29 -7.147015e-28 -7.151081e-27 -6.281870e-26 -4.843574e-25 -3.258422e-24 -1.886712e-23 -9.141576e-23 -3.465212e-22 -8.056780e-22 1.095135e-21 2.559631e-20 1.761521e-19 8.589404e-19 3.355185e-18 1.094920e-17 3.045239e-17 7.308061e-17 1.528488e-16 2.813439e-16 4.604134e-16 6.768351e-16 9.026033e-16 1.101246e-15 1.237387e-15 1.285796e-15 1.237387e-15 1.101246e-15 9.026033e-16 6.768351e-16 4.604134e-16 2.813439e-16 1.528488e-16 7.308061e-17 3.045239e-17 1.094920e-17 3.355185e-18 8.589404e-19 1.761521e-19 2.559631e-20 1.095135e-21 -8.056780e-22 -3.465212e-22 -9.141576e-23 -1.886712e-23 -3.258422e-24 -4.843574e-25 -6.281870e-26 -7.151081e-27 -7.147015e-28 -6.232136e-29 -4.661017e-30 -2.865597e-31 -1.270204e-32 -1.404964e-34 4.663175e-35 6.529405e-36 5.881607e-37 4.253450e-38 2.625775e-39 1.417338e-40 6.751063e-42 2.837798e-43 1.042963e-44 3.267995e-46 8.164269e-48 1.253391e-49 -1.542627e-51 -2.255636e-52 -1.151823e-53 -4.368087e-55 -1.381974e-56 -3.795354e-58 -9.201407e-60 -1.982979e-61 -3.804817e-63 -5.349948e-65 -1.941773e-67 -1.022713e-70 -9.010307e-75 -1.608985e-79 -5.154576e-85 1.039525e-90 0.000000e+00
0.000000e+00 -9.063202e-89 -7.555117e-83 -1.313271e-77 -5.754842e-73 -5.551864e-69 -9.267903e-66 -2.284189e-63 -1.468356e-61 -6.950134e-60 -2.926613e-58 -1.088374e-56 -3.515101e-55 -9.475909e-54 -1.898283e-52 -1.330797e-51 1.103614e-49 7.367445e-48 3.023088e-46 9.895627e-45 2.763291e-43 6.751063e-42 1.456555e-40 2.775079e-39 4.626389e-38 6.588595e-37 7.537413e-36 5.545122e-35 -1.759930e-34 -1.622854e-32 -3.785876e-31 -6.379256e-30 -8.848395e-29 -1.054054e-27 -1.096962e-26 -1.003597e-25 -8.069283e-25 -5.667015e-24 -3.427876e-23 -1.734159e-22 -6.831452e-22 -1.599205e-21 3.171212e-21 6.474952e-20 4.629480e-19 2.380940e-18 9.862563e-18 3.421942e-17 1.012860e-16 2.585685e-16 5.742557e-16 1.119176e-15 1.932619e-15 2.988772e-15 4.185832e-15 5.366524e-15 6.358978e-15 7.017311e-15 7.247432e-15 7.017311e-15 6.358978e-15 5.366524e-15 4.185832e-15 2.988772e-15 1.932619e-15 1.119176e-15 5.742557e-16 2.585685e-16 1.012860e-16 3.421942e-17 9.862563e-18 2.380940e-18 4.629480e-19 6.474952e-20 3.171212e-21 -1.599205e-21 -6.831452e-22 -1.734159e-22 -3.427876e-23 -5.667015e-24 -8.069283e-25 -1.003597e-25 -1.096962e-26 -1.054054e-27 -8.848395e-29 -6.379256e-30 -3.785876e-31 -1.622854e-32 -1.759930e-34 5.545122e-35 7.537413e-36 6.588595e-37 4.626389e-38 2.775079e-39 1.456555e-40 6.751063e-42 2.763291e-43 9.895627e-45 3.023088e-46 7.367445e-48 1.103614e-49 -1.330797e-51 -1.898283e-52 -9.475909e-54 -3.515101e-55 -1.088374e-56 -2.926613e-58 -6.950134e-60 -1.468356e-61 -2.284189e-63 -9.267903e-66 -5.551864e-69 -5.754842e-73 -1.313271e-77 -7.555117e-83 -9.063202e-89 0.000000e+00
0.000000e+00 -1.319984e-86 -6.039129e-81 -8.195791e-76 -3.050462e-71 -2.586777e-67 -3.861098e-64 -8.587456e-62 -5.007992e-60 -2.151070e-58 -8.166795e-57 -2.693971e-55 -7.421231e-54 -1.520182e-52 -1.092599e-51 9.232893e-50 6.314551e-48 2.654704e-46 8.907598e-45 2.551208e-43 6.396799e-42 1.417338e-40 2.775079e-39 4.757763e-38 6.973034e-37 8.214698e-36 6.222956e-35 -2.066027e-34 -1.949416e-32 -4.698928e-31 -8.193737e-30 -1.177604e-28 -1.455288e-27 -1.573116e-26 -1.496732e-25 -1.252999e-24 -9.171892e-24 -5.786464e-23 -3.052065e-22 -1.248298e-21 -2.942994e-21 7.815646e-21 1.484790e-19 1.104559e-18 5.981514e-18 2.620585e-17 9.637439e-17 3.025592e-16 8.186058e-16 1.922331e-15 3.945816e-15 7.138717e-15 1.149892e-14 1.668355e-14 2.207660e-14 2.698035e-14 3.081541e-14 3.322173e-14 3.403740e-14 3.322173e-14 3.081541e-14 2.698035e-14 2.207660e-14 1.668355e-14 1.149892e-14 7.138717e-15 3.945816e-15 1.922331e-15 8.186058e-16 3.025592e-16 9.637439e-17 2.620585e-17 5.981514e-18 1.104559e-18 1.484790e-19 7.815646e-21 -2.942994e-21 -1.248298e-21 -3.052065e-22 -5.786464e-23 -9.171892e-24 -1.252999e-24 -1.496732e-25 -1.573116e-26 -1.455288e-27 -1.177604e-28 -8.193737e-30 -4.698928e-31 -1.949416e-32 -2.066027e-34 6.222956e-35 8.214698e-36 6.973034e-37 4.757763e-38 2.775079e-39 1.417338e-40 6.396799e-42 2.551208e-43 8.907598e-45 2.654704e-46 6.314551e-48 9.232893e-50 -1.092599e-51 -1.520182e-52 -7.421231e-54 -2.693971e-55 -8.166795e-57 -2.151070e-58 -5.007992e-60 -8.587456e-62 -3.861098e-64 -2.586777e-67 -3.050462e-71 -8.195791e-76 -6.039129e-81 -1.319984e-86 0.000000e+00
0.000000e+00 -1.032375e-84 -3.679315e-79 -4.238293e-74 -1.386344e-69 -1.051147e-65 -1.415432e-62 -2.851259e-60 -1.507169e-58 -5.836801e-57 -1.965712e-55 -5.531250e-54 -1.158126e-52 -8.535034e-52 7.337456e-50 5.139309e-48 2.212587e-46 7.606024e-45 2.233007e-43 5.742619e-42 1.305856e-40 2.625775e-39 4.626389e-38 6.973034e-37 8.453593e-36 6.592035e-35 -2.274191e-34 -2.202435e-32 -5.481433e-31 -9.881694e-30 -1.469917e-28 -1.882242e-27 -2.110652e-26 -2.085591e-25 -1.815319e-24 -1.382982e-23 -9.087091e-23 -4.990580e-22 -2.117538e-21 -5.032499e-21 1.694119e-20 3.101519e-19 2.402298e-18 1.367516e-17 6.321619e-17 2.457464e-16 8.158932e-16 2.332228e-15 5.770487e-15 1.241994e-14 2.339595e-14 3.888470e-14 5.761081e-14 7.703254e-14 9.428286e-14 1.073193e-13 1.155830e-13 1.197867e-13 1.210211e-13 1.197867e-13 1.155830e-13 1.073193e-13 9.428286e-14 7.703254e-14 5.761081e-14 3.888470e-14 2.339595e-14 1.241994e-14 5.770487e-15 2.332228e-15 8.158932e-16 2.457464e-16 6.321619e-17 1.367516e-17 2.402298e-18 3.101519e-19 1.694119e-20 -5.032499e-21 -2.117538e-21 -4.990580e-22 -9.087091e-23 -1.382982e-23 -1.815319e-24 -2.085591e-25 -2.110652e-26 -1.882242e-27 -1.469917e-28 -9.881694e-30 -5.481433e-31 -2.202435e-32 -2.274191e-34 6.592035e-35 8.453593e-36 6.973034e-37 4.626389e-38 2.625775e-39 1.305856e-40 5.742619e-42 2.233007e-43 7.606024e-45 2.212587e-46 5.139309e-48 7.337456e-50 -8.535034e-52 -1.158126e-52 -5.531250e-54 -1.965712e-55 -5.836801e-57 -1.507169e-58 -2.851259e-60 -1.415432e-62 -1.051147e-65 -1.386344e-69 -4.238293e-74 -3.679315e-79 -1.032375e-84 0.000000e+00
