0.000000e+00 -1.988623e-96 -1.146045e-91 -8.048945e-88 3.289889e-83 2.219709e-79 1.929268e-76 2.318393e-74 7.319531e-73 1.748045e-71 3.822009e-70 7.687317e-69 1.425373e-67 2.435393e-66 3.822741e-65 5.476391e-64 7.071024e-63 8.025333e-62 7.549806e-61 4.820003e-60 -7.380357e-60 -9.133168e-58 -1.960188e-56 -3.064056e-55 -4.032781e-54 -4.685555e-53 -4.907323e-52 -4.682320e-51 -4.093163e-50 -3.287538e-49 -2.428493e-48 -1.649283e-47 -1.028100e-46 -5.864688e-46 -3.046611e-45 -1.430277e-44 -5.991537e-44 -2.188200e-43 -6.624471e-43 -1.426133e-42 -3.848897e-43 1.674697e-41 1.144446e-40 5.270314e-40 1.977525e-39 6.400003e-39 1.831805e-38 4.699914e-38 1.090153e-37 2.299673e-37 4.432444e-37 7.836077e-37 1.274932e-36 1.914621e-36 2.660673e-36 3.428805e-36 4.104676e-36 4.570261e-36 4.736507e-36 4.570261e-36 4.104676e-36 3.428805e-36 2.660673e-36 1.914621e-36 1.274932e-36 7.836077e-37 4.432444e-37 2.299673e-37 1.090153e-37 4.699914e-38 1.831805e-38 6.400003e-39 1.977525e-39 5.270314e-40 1.144446e-40 1.674697e-41 -3.848897e-43 -1.426133e-42 -6.624471e-43 -2.188200e-43 -5.991537e-44 -1.430277e-44 -3.046611e-45 -5.864688e-46 -1.028100e-46 -1.649283e-47 -2.428493e-48 -3.287538e-49 -4.093163e-50 -4.682320e-51 -4.907323e-52 -4.685555e-53 -4.032781e-54 -3.064056e-55 -1.960188e-56 -9.133168e-58 -7.380357e-60 4.820003e-60 7.549806e-61 8.025333e-62 7.071024e-63 5.476391e-64 3.822741e-65 2.435393e-66 1.425373e-67 7.687317e-69 3.822009e-70 1.748045e-71 7.319531e-73 2.318393e-74 1.929268e-76 2.219709e-79 3.289889e-83 -8.048945e-88 -1.146045e-91 -1.988623e-96 0.000000e+00
0.000000e+00 -1.784608e-91 -3.332960e-87 4.109463e-82 1.071245e-77 4.725083e-74 3.418928e-71 3.654476e-69 1.057146e-67 2.345663e-66 4.793441e-65 9.032893e-64 1.568688e-62 2.502326e-61 3.640936e-60 4.767975e-59 5.469665e-58 5.150308e-57 3.141813e-56 -1.088816e-55 -7.683047e-54 -1.618530e-52 -2.550273e-51 -3.409886e-50 -4.039101e-49 -4.321704e-48 -4.218588e-47 -3.776712e-46 -3.109045e-45 -2.355401e-44 -1.641275e-43 -1.049924e-42 -6.144993e-42 -3.272656e-41 -1.572107e-40 -6.710766e-40 -2.473754e-39 -7.363895e-39 -1.388159e-38 1.599616e-38 3.234574e-37 2.010111e-36 9.209443e-36 3.522059e-35 1.173966e-34 3.480376e-34 9.282798e-34 2.244058e-33 4.943583e-33 9.967712e-33 1.846430e-32 3.153038e-32 4.978892e-32 7.290631e-32 9.924499e-32 1.258593e-31 1.489488e-31 1.647050e-31 1.703045e-31 1.647050e-31 1.489488e-31 1.258593e-31 9.924499e-32 7.290631e-32 4.978892e-32 3.153038e-32 1.846430e-32 9.967712e-33 4.943583e-33 2.244058e-33 9.282798e-34 3.480376e-34 1.173966e-34 3.522059e-35 9.209443e-36 2.010111e-36 3.234574e-37 1.599616e-38 -1.388159e-38 -7.363895e-39 -2.473754e-39 -6.710766e-40 -1.572107e-40 -3.272656e-41 -6.144993e-42 -1.049924e-42 -1.641275e-43 -2.355401e-44 -3.109045e-45 -3.776712e-46 -4.218588e-47 -4.321704e-48 -4.039101e-49 -3.409886e-50 -2.550273e-51 -1.618530e-52 -7.683047e-54 -1.088816e-55 3.141813e-56 5.150308e-57 5.469665e-58 4.767975e-59 3.640936e-60 2.502326e-61 1.568688e-62 9.032893e-64 4.793441e-65 2.345663e-66 1.057146e-67 3.654476e-69 3.418928e-71 4.725083e-74 1.071245e-77 4.109463e-82 -3.332960e-87 -1.784608e-91 0.000000e+00
0.000000e+00 -2.109760e-87 6.819632e-82 5.491767e-77 9.329752e-73 3.422335e-69 2.199369e-66 2.146266e-64 5.757748e-63 1.193894e-61 2.285064e-60 4.030730e-59 6.529322e-58 9.640790e-57 1.279085e-55 1.480770e-54 1.391021e-53 7.970713e-53 -4.897753e-52 -2.553256e-50 -5.296981e-49 -8.412388e-48 -1.141890e-46 -1.377779e-45 -1.504574e-44 -1.500942e-43 -1.374579e-42 -1.158404e-41 -8.988919e-41 -6.417616e-40 -4.206499e-39 -2.521706e-38 -1.374102e-37 -6.737746e-37 -2.920736e-36 -1.080226e-35 -3.111420e-35 -4.560197e-35 1.983825e-34 2.248928e-33 1.327747e-32 6.101458e-32 2.381658e-31 8.168237e-31 2.503025e-30 6.920607e-30 1.737813e-29 3.982676e-29 8.364405e-29 1.615752e-28 2.880592e-28 4.755196e-28 7.290650e-28 1.041133e-27 1.388324e-27 1.732475e-27 2.026745e-27 2.225611e-27 2.295941e-27 2.225611e-27 2.026745e-27 1.732475e-27 1.388324e-27 1.041133e-27 7.290650e-28 4.755196e-28 2.880592e-28 1.615752e-28 8.364405e-29 3.982676e-29 1.737813e-29 6.920607e-30 2.503025e-30 8.168237e-31 2.381658e-31 6.101458e-32 1.327747e-32 2.248928e-33 1.983825e-34 -4.560197e-35 -3.111420e-35 -1.080226e-35 -2.920736e-36 -6.737746e-37 -1.374102e-37 -2.521706e-38 -4.206499e-39 -6.417616e-40 -8.988919e-41 -1.158404e-41 -1.374579e-42 -1.500942e-43 -1.504574e-44 -1.377779e-45 -1.141890e-46 -8.412388e-48 -5.296981e-49 -2.553256e-50 -4.897753e-52 7.970713e-53 1.391021e-53 1.480770e-54 1.279085e-55 9.640790e-57 6.529322e-58 4.030730e-59 2.285064e-60 1.193894e-61 5.757748e-63 2.146266e-64 2.199369e-66 3.422335e-69 9.329752e-73 5.491767e-77 6.819632e-82 -2.109760e-87 0.000000e+00
0.000000e+00 1.536796e-82 3.231118e-77 1.694373e-72 2.392874e-68 7.793019e-65 4.567189e-62 4.119381e-60 1.030641e-58 2.000783e-57 3.582347e-56 5.888480e-55 8.815404e-54 1.183610e-52 1.380435e-51 1.288748e-50 6.769116e-50 -6.789990e-49 -2.909147e-47 -5.959634e-46 -9.538403e-45 -1.313542e-43 -1.613031e-42 -1.796094e-41 -1.829247e-40 -1.711829e-39 -1.475085e-38 -1.170911e-37 -8.553480e-37 -5.735904e-36 -3.515938e-35 -1.956286e-34 -9.766094e-34 -4.282864e-33 -1.577662e-32 -4.294017e-32 -3.408909e-32 5.588607e-31 5.026433e-30 2.884577e-29 1.335746e-28 5.323499e-28 1.876103e-27 5.929221e-27 1.694660e-26 4.405692e-26 1.046459e-25 2.279620e-25 4.570558e-25 8.463106e-25 1.452138e-24 2.316522e-24 3.446606e-24 4.796895e-24 6.261862e-24 7.684646e-24 8.882493e-24 9.683585e-24 9.965414e-24 9.683585e-24 8.882493e-24 7.684646e-24 6.261862e-24 4.796895e-24 3.446606e-24 2.316522e-24 1.452138e-24 8.463106e-25 4.570558e-25 2.279620e-25 1.046459e-25 4.405692e-26 1.694660e-26 5.929221e-27 1.876103e-27 5.323499e-28 1.335746e-28 2.884577e-29 5.026433e-30 5.588607e-31 -3.408909e-32 -4.294017e-32 -1.577662e-32 -4.282864e-33 -9.766094e-34 -1.956286e-34 -3.515938e-35 -5.735904e-36 -8.553480e-37 -1.170911e-37 -1.475085e-38 -1.711829e-39 -1.829247e-40 -1.796094e-41 -1.613031e-42 -1.313542e-43 -9.538403e-45 -5.959634e-46 -2.909147e-47 -6.789990e-49 6.769116e-50 1.288748e-50 1.380435e-51 1.183610e-52 8.815404e-54 5.888480e-55 3.582347e-56 2.000783e-57 1.030641e-58 4.119381e-60 4.567189e-62 7.793019e-65 2.392874e-68 1.694373e-72 3.231118e-77 1.536796e-82 0.000000e+00
0.000000e+00 2.126027e-78 2.915139e-73 1.270870e-68 1.593368e-64 4.731377e-61 2.560378e-58 2.146498e-56 5.016493e-55 9.103852e-54 1.517345e-52 2.301077e-51 3.122993e-50 3.662607e-49 3.382789e-48 1.569182e-47 -2.520683e-46 -9.401411e-45 -1.906099e-43 -3.073968e-42 -4.291932e-41 -5.359686e-40 -6.079671e-39 -6.315177e-38 -6.032433e-37 -5.309063e-36 -4.305732e-35 -3.213894e-34 -2.201658e-33 -1.377550e-32 -7.810203e-32 -3.958655e-31 -1.748711e-30 -6.356382e-30 -1.573920e-29 5.451721e-30 3.809492e-28 3.032390e-27 1.714066e-26 8.019331e-26 3.262138e-25 1.179480e-24 3.835672e-24 1.130086e-23 3.031779e-23 7.435847e-23 1.673150e-22 3.465541e-22 6.629871e-22 1.175528e-21 1.938536e-21 2.983613e-21 4.300434e-21 5.823367e-21 7.430087e-21 8.955158e-21 1.021676e-20 1.105050e-20 1.134206e-20 1.105050e-20 1.021676e-20 8.955158e-21 7.430087e-21 5.823367e-21 4.300434e-21 2.983613e-21 1.938536e-21 1.175528e-21 6.629871e-22 3.465541e-22 1.673150e-22 7.435847e-23 3.031779e-23 1.130086e-23 3.835672e-24 1.179480e-24 3.262138e-25 8.019331e-26 1.714066e-26 3.032390e-27 3.809492e-28 5.451721e-30 -1.573920e-29 -6.356382e-30 -1.748711e-30 -3.958655e-31 -7.810203e-32 -1.377550e-32 -2.201658e-33 -3.213894e-34 -4.305732e-35 -5.309063e-36 -6.032433e-37 -6.315177e-38 -6.079671e-39 -5.359686e-40 -4.291932e-41 -3.073968e-42 -1.906099e-43 -9.401411e-45 -2.520683e-46 1.569182e-47 3.382789e-48 3.662607e-49 3.122993e-50 2.301077e-51 1.517345e-52 9.103852e-54 5.016493e-55 2.146498e-56 2.560378e-58 4.731377e-61 1.593368e-64 1.270870e-68 2.915139e-73 2.126027e-78 0.000000e+00
0.000000e+00 4.358721e-75 4.971582e-70 1.924468e-65 2.200041e-61 6.031637e-58 3.031090e-55 2.365313e-53 5.154041e-52 8.697178e-51 1.334944e-49 1.829284e-48 2.153179e-47 1.957210e-46 7.546530e-46 -1.992970e-44 -6.709818e-43 -1.349201e-41 -2.192326e-40 -3.101772e-39 -3.936133e-38 -4.544700e-37 -4.810369e-36 -4.685736e-35 -4.207374e-34 -3.482260e-33 -2.652531e-32 -1.853614e-31 -1.181881e-30 -6.813958e-30 -3.496572e-29 -1.548332e-28 -5.487331e-28 -1.155469e-27 2.893622e-27 5.237269e-26 3.880775e-25 2.178698e-24 1.031472e-23 4.280087e-23 1.585154e-22 5.292517e-22 1.603011e-21 4.423863e-21 1.116303e-20 2.583756e-20 5.502589e-20 1.081783e-19 1.969995e-19 3.335168e-19 5.269030e-19 7.797539e-19 1.084999e-18 1.424652e-18 1.771095e-18 2.090782e-18 2.349493e-18 2.517908e-18 2.576352e-18 2.517908e-18 2.349493e-18 2.090782e-18 1.771095e-18 1.424652e-18 1.084999e-18 7.797539e-19 5.269030e-19 3.335168e-19 1.969995e-19 1.081783e-19 5.502589e-20 2.583756e-20 1.116303e-20 4.423863e-21 1.603011e-21 5.292517e-22 1.585154e-22 4.280087e-23 1.031472e-23 2.178698e-24 3.880775e-25 5.237269e-26 2.893622e-27 -1.155469e-27 -5.487331e-28 -1.548332e-28 -3.496572e-29 -6.813958e-30 -1.181881e-30 -1.853614e-31 -2.652531e-32 -3.482260e-33 -4.207374e-34 -4.685736e-35 -4.810369e-36 -4.544700e-37 -3.936133e-38 -3.101772e-39 -2.192326e-40 -1.349201e-41 -6.709818e-43 -1.992970e-44 7.546530e-46 1.957210e-46 2.153179e-47 1.829284e-48 1.334944e-49 8.697178e-51 5.154041e-52 2.365313e-53 3.031090e-55 6.031637e-58 2.200041e-61 1.924468e-65 4.971582e-70 4.358721e-75 0.000000e+00
0.000000e+00 1.293578e-72 1.311000e-67 4.629378e-63 4.888043e-59 1.244770e-55 5.818969e-53 4.218665e-51 8.522653e-50 1.322442e-48 1.828704e-47 2.158125e-46 1.923275e-45 5.606672e-45 -2.588865e-43 -8.099784e-42 -1.620657e-40 -2.655447e-39 -3.807484e-38 -4.909000e-37 -5.767382e-36 -6.217740e-35 -6.173118e-34 -5.651933e-33 -4.770793e-32 -3.705900e-31 -2.639603e-30 -1.713439e-29 -1.003272e-28 -5.202233e-28 -2.300363e-27 -7.850224e-27 -1.239223e-26 9.043665e-26 1.145341e-24 8.147044e-24 4.575216e-23 2.196411e-22 9.298698e-22 3.524896e-21 1.206675e-20 3.750360e-20 1.062242e-19 2.750087e-19 6.525806e-19 1.423295e-18 2.861734e-18 5.321900e-18 9.187006e-18 1.477885e-17 2.224598e-17 3.146676e-17 4.200588e-17 5.314632e-17 6.399038e-17 7.359826e-17 8.112279e-17 8.590912e-17 8.755030e-17 8.590912e-17 8.112279e-17 7.359826e-17 6.399038e-17 5.314632e-17 4.200588e-17 3.146676e-17 2.224598e-17 1.477885e-17 9.187006e-18 5.321900e-18 2.861734e-18 1.423295e-18 6.525806e-19 2.750087e-19 1.062242e-19 3.750360e-20 1.206675e-20 3.524896e-21 9.298698e-22 2.196411e-22 4.575216e-23 8.147044e-24 1.145341e-24 9.043665e-26 -1.239223e-26 -7.850224e-27 -2.300363e-27 -5.202233e-28 -1.003272e-28 -1.713439e-29 -2.639603e-30 -3.705900e-31 -4.770793e-32 -5.651933e-33 -6.173118e-34 -6.217740e-35 -5.767382e-36 -4.909000e-37 -3.807484e-38 -2.655447e-39 -1.620657e-40 -8.099784e-42 -2.588865e-43 5.606672e-45 1.923275e-45 2.158125e-46 1.828704e-47 1.322442e-48 8.522653e-50 4.218665e-51 5.818969e-53 1.244770e-55 4.888043e-59 4.629378e-63 1.311000e-67 1.293578e-72 0.000000e+00
0.000000e+00 6.578718e-71 6.096087e-66 1.992410e-61 1.958148e-57 4.648311e-54 2.021519e-51 1.356271e-49 2.516486e-48 3.520021e-47 4.186583e-46 3.697439e-45 8.094030e-45 -6.015530e-43 -1.824637e-41 -3.671085e-40 -6.096816e-39 -8.889229e-38 -1.167441e-36 -1.398696e-35 -1.538963e-34 -1.560319e-33 -1.459532e-32 -1.259045e-31 -9.995819e-31 -7.275242e-30 -4.822271e-29 -2.878364e-28 -1.515679e-27 -6.741186e-27 -2.238941e-26 -2.411197e-26 4.016548e-25 4.503676e-24 3.180492e-23 1.811324e-22 8.887381e-22 3.859909e-21 1.504034e-20 5.297878e-20 1.694892e-19 4.940527e-19 1.315490e-18 3.206794e-18 7.173527e-18 1.476334e-17 2.803422e-17 4.928049e-17 8.049005e-17 1.226430e-16 1.750935e-16 2.353139e-16 2.991738e-16 3.617097e-16 4.181177e-16 4.645981e-16 4.987523e-16 5.194537e-16 5.263682e-16 5.194537e-16 4.987523e-16 4.645981e-16 4.181177e-16 3.617097e-16 2.991738e-16 2.353139e-16 1.750935e-16 1.226430e-16 8.049005e-17 4.928049e-17 2.803422e-17 1.476334e-17 7.173527e-18 3.206794e-18 1.315490e-18 4.940527e-19 1.694892e-19 5.297878e-20 1.504034e-20 3.859909e-21 8.887381e-22 1.811324e-22 3.180492e-23 4.503676e-24 4.016548e-25 -2.411197e-26 -2.238941e-26 -6.741186e-27 -1.515679e-27 -2.878364e-28 -4.822271e-29 -7.275242e-30 -9.995819e-31 -1.259045e-31 -1.459532e-32 -1.560319e-33 -1.538963e-34 -1.398696e-35 -1.167441e-36 -8.889229e-38 -6.096816e-39 -3.671085e-40 -1.824637e-41 -6.015530e-43 8.094030e-45 3.697439e-45 4.186583e-46 3.520021e-47 2.516486e-48 1.356271e-49 2.021519e-51 4.648311e-54 1.958148e-57 1.992410e-61 6.096087e-66 6.578718e-71 0.000000e+00
0.000000e+00 1.627195e-69 1.400246e-64 4.274297e-60 3.930139e-56 8.713936e-53 3.520005e-50 2.170221e-48 3.636542e-47 4.401318e-46 3.950755e-45 8.370489e-45 -6.837483e-43 -2.105426e-41 -4.321536e-40 -7.332467e-39 -1.093148e-37 -1.468941e-36 -1.801785e-35 -2.030768e-34 -2.110243e-33 -2.024167e-32 -1.791446e-31 -1.459849e-30 -1.091005e-29 -7.427055e-29 -4.552557e-28 -2.459816e-27 -1.119315e-26 -3.758355e-26 -3.372667e-26 8.061382e-25 8.992410e-24 6.499370e-23 3.812516e-22 1.931951e-21 8.678439e-21 3.500545e-20 1.276973e-19 4.231064e-19 1.276929e-18 3.517541e-18 8.860236e-18 2.044382e-17 4.329611e-17 8.435265e-17 1.515874e-16 2.520312e-16 3.889899e-16 5.594063e-16 7.526508e-16 9.517335e-16 1.137018e-15 1.291354e-15 1.404738e-15 1.476581e-15 1.514563e-15 1.530426e-15 1.534378e-15 1.530426e-15 1.514563e-15 1.476581e-15 1.404738e-15 1.291354e-15 1.137018e-15 9.517335e-16 7.526508e-16 5.594063e-16 3.889899e-16 2.520312e-16 1.515874e-16 8.435265e-17 4.329611e-17 2.044382e-17 8.860236e-18 3.517541e-18 1.276929e-18 4.231064e-19 1.276973e-19 3.500545e-20 8.678439e-21 1.931951e-21 3.812516e-22 6.499370e-23 8.992410e-24 8.061382e-25 -3.372667e-26 -3.758355e-26 -1.119315e-26 -2.459816e-27 -4.552557e-28 -7.427055e-29 -1.091005e-29 -1.459849e-30 -1.791446e-31 -2.024167e-32 -2.110243e-33 -2.030768e-34 -1.801785e-35 -1.468941e-36 -1.093148e-37 -7.332467e-39 -4.321536e-40 -2.105426e-41 -6.837483e-43 8.370489e-45 3.950755e-45 4.401318e-46 3.636542e-47 2.170221e-48 3.520005e-50 8.713936e-53 3.930139e-56 4.274297e-60 1.400246e-64 1.627195e-69 0.000000e+00
0.000000e+00 3.622623e-68 2.913333e-63 8.327382e-59 7.160272e-55 1.476974e-51 5.489535e-49 3.047427e-47 4.405899e-46 4.030383e-45 8.688174e-45 -7.278475e-43 -2.288668e-41 -4.800409e-40 -8.327318e-39 -1.269865e-37 -1.746285e-36 -2.193103e-35 -2.532082e-34 -2.696681e-33 -2.652419e-32 -2.408320e-31 -2.014371e-30 -1.545840e-29 -1.080939e-28 -6.806609e-28 -3.776458e-27 -1.761140e-26 -6.007459e-26 -4.565166e-26 1.484260e-24 1.669283e-23 1.238579e-22 7.491505e-22 3.922030e-21 1.822210e-20 7.607155e-20 2.872999e-19 9.855099e-19 3.077963e-18 8.767127e-18 2.280306e-17 5.422227e-17 1.180188e-16 2.354687e-16 4.313530e-16 7.268250e-16 1.128558e-15 1.617567e-15 2.143162e-15 2.627223e-15 2.980679e-15 3.128923e-15 3.038079e-15 2.732158e-15 2.293275e-15 1.842732e-15 1.507753e-15 1.384228e-15 1.507753e-15 1.842732e-15 2.293275e-15 2.732158e-15 3.038079e-15 3.128923e-15 2.980679e-15 2.627223e-15 2.143162e-15 1.617567e-15 1.128558e-15 7.268250e-16 4.313530e-16 2.354687e-16 1.180188e-16 5.422227e-17 2.280306e-17 8.767127e-18 3.077963e-18 9.855099e-19 2.872999e-19 7.607155e-20 1.822210e-20 3.922030e-21 7.491505e-22 1.238579e-22 1.669283e-23 1.484260e-24 -4.565166e-26 -6.007459e-26 -1.761140e-26 -3.776458e-27 -6.806609e-28 -1.080939e-28 -1.545840e-29 -2.014371e-30 -2.408320e-31 -2.652419e-32 -2.696681e-33 -2.532082e-34 -2.193103e-35 -1.746285e-36 -1.269865e-37 -8.327318e-39 -4.800409e-40 -2.288668e-41 -7.278475e-43 8.688174e-45 4.030383e-45 4.405899e-46 3.047427e-47 5.489535e-49 1.476974e-51 7.160272e-55 8.327382e-59 2.913333e-63 3.622623e-68 0.000000e+00
0.000000e+00 7.422079e-67 5.591165e-62 1.495479e-57 1.197600e-53 2.276969e-50 7.634098e-48 3.642064e-46 3.955601e-45 8.688611e-45 -7.431737e-43 -2.386126e-41 -5.112563e-40 -9.063658e-39 -1.413143e-37 -1.987797e-36 -2.554738e-35 -3.019967e-34 -3.294588e-33 -3.321023e-32 -3.091797e-31 -2.652799e-30 -2.089197e-29 -1.499714e-28 -9.695860e-28 -5.521249e-27 -2.638053e-26 -9.144770e-26 -5.699493e-26 2.571798e-24 2.925859e-23 2.228916e-22 1.389394e-21 7.509420e-21 3.605526e-20 1.556421e-19 6.079896e-19 2.157035e-18 6.964849e-18 2.049158e-17 5.497331e-17 1.345361e-16 3.004605e-16 6.125202e-16 1.139975e-15 1.936406e-15 2.998540e-15 4.219931e-15 5.360619e-15 6.056510e-15 5.882545e-15 4.463743e-15 1.605873e-15 -2.596888e-15 -7.719087e-15 -1.305073e-14 -1.773081e-14 -2.093638e-14 -2.207648e-14 -2.093638e-14 -1.773081e-14 -1.305073e-14 -7.719087e-15 -2.596888e-15 1.605873e-15 4.463743e-15 5.882545e-15 6.056510e-15 5.360619e-15 4.219931e-15 2.998540e-15 1.936406e-15 1.139975e-15 6.125202e-16 3.004605e-16 1.345361e-16 5.497331e-17 2.049158e-17 6.964849e-18 2.157035e-18 6.079896e-19 1.556421e-19 3.605526e-20 7.509420e-21 1.389394e-21 2.228916e-22 2.925859e-23 2.571798e-24 -5.699493e-26 -9.144770e-26 -2.638053e-26 -5.521249e-27 -9.695860e-28 -1.499714e-28 -2.089197e-29 -2.652799e-30 -3.091797e-31 -3.321023e-32 -3.294588e-33 -3.019967e-34 -2.554738e-35 -1.987797e-36 -1.413143e-37 -9.063658e-39 -5.112563e-40 -2.386126e-41 -7.431737e-43 8.688611e-45 3.955601e-45 3.642064e-46 7.634098e-48 2.276969e-50 1.197600e-53 1.495479e-57 5.591165e-62 7.422079e-67 0.000000e+00
0.000000e+00 1.402337e-65 9.891222e-61 2.466512e-56 1.823864e-52 3.138451e-49 9.091618e-47 3.253688e-45 8.399983e-45 -7.278429e-43 -2.386126e-41 -5.221029e-40 -9.455718e-39 -1.506700e-37 -2.166945e-36 -2.848724e-35 -3.446136e-34 -3.849101e-33 -3.974308e-32 -3.791707e-31 -3.335478e-30 -2.694284e-29 -1.984392e-28 -1.316524e-27 -7.691074e-27 -3.764204e-26 -1.326661e-25 -6.501439e-26 4.201118e-24 4.847669e-23 3.791753e-22 2.434712e-21 1.357591e-20 6.730761e-20 3.001875e-19 1.211824e-18 4.442748e-18 1.481726e-17 4.498842e-17 1.243625e-16 3.128858e-16 7.159436e-16 1.488175e-15 2.804467e-15 4.774507e-15 7.293749e-15 9.860932e-15 1.143582e-14 1.043316e-14 4.926788e-15 -6.929344e-15 -2.634503e-14 -5.335608e-14 -8.648148e-14 -1.227139e-13 -1.578942e-13 -1.874128e-13 -2.070843e-13 -2.139901e-13 -2.070843e-13 -1.874128e-13 -1.578942e-13 -1.227139e-13 -8.648148e-14 -5.335608e-14 -2.634503e-14 -6.929344e-15 4.926788e-15 1.043316e-14 1.143582e-14 9.860932e-15 7.293749e-15 4.774507e-15 2.804467e-15 1.488175e-15 7.159436e-16 3.128858e-16 1.243625e-16 4.498842e-17 1.481726e-17 4.442748e-18 1.211824e-18 3.001875e-19 6.730761e-20 1.357591e-20 2.434712e-21 3.791753e-22 4.847669e-23 4.201118e-24 -6.501439e-26 -1.326661e-25 -3.764204e-26 -7.691074e-27 -1.316524e-27 -1.984392e-28 -2.694284e-29 -3.335478e-30 -3.791707e-31 -3.974308e-32 -3.849101e-33 -3.446136e-34 -2.848724e-35 -2.166945e-36 -1.506700e-37 -9.455718e-39 -5.221029e-40 -2.386126e-41 -7.278429e-43 8.399983e-45 3.253688e-45 9.091618e-47 3.138451e-49 1.823864e-52 2.466512e-56 9.891222e-61 1.402337e-65 0.000000e+00
0.000000e+00 2.442224e-64 1.607490e-59 3.707462e-55 2.489171e-51 3.728253e-48 8.271502e-46 8.113657e-45 -6.840379e-43 -2.288665e-41 -5.112563e-40 -9.455718e-39 -1.539232e-37 -2.262442e-36 -3.040993e-35 -3.762900e-34 -4.300996e-33 -4.546610e-32 -4.442975e-31 -4.004993e-30 -3.316424e-29 -2.504873e-28 -1.704512e-27 -1.021151e-26 -5.118427e-26 -1.835160e-25 -6.658367e-26 6.479129e-24 7.599168e-23 6.102886e-22 4.034725e-21 2.319499e-20 1.186596e-19 5.463392e-19 2.277400e-18 8.620874e-18 2.967416e-17 9.290210e-17 2.643962e-16 6.831852e-16 1.599657e-15 3.383864e-15 6.435497e-15 1.090969e-14 1.621114e-14 2.032579e-14 1.922167e-14 6.664914e-15 -2.523184e-14 -8.461435e-14 -1.778394e-13 -3.072586e-13 -4.694629e-13 -6.545602e-13 -8.468188e-13 -1.026667e-12 -1.173697e-12 -1.270071e-12 -1.303632e-12 -1.270071e-12 -1.173697e-12 -1.026667e-12 -8.468188e-13 -6.545602e-13 -4.694629e-13 -3.072586e-13 -1.778394e-13 -8.461435e-14 -2.523184e-14 6.664914e-15 1.922167e-14 2.032579e-14 1.621114e-14 1.090969e-14 6.435497e-15 3.383864e-15 1.599657e-15 6.831852e-16 2.643962e-16 9.290210e-17 2.967416e-17 8.620874e-18 2.277400e-18 5.463392e-19 1.186596e-19 2.319499e-20 4.034725e-21 6.102886e-22 7.599168e-23 6.479129e-24 -6.658367e-26 -1.835160e-25 -5.118427e-26 -1.021151e-26 -1.704512e-27 -2.504873e-28 -3.316424e-29 -4.004993e-30 -4.442975e-31 -4.546610e-32 -4.300996e-33 -3.762900e-34 -3.040993e-35 -2.262442e-36 -1.539232e-37 -9.455718e-39 -5.112563e-40 -2.288665e-41 -6.840379e-43 8.113657e-45 8.271502e-46 3.728253e-48 2.489171e-51 3.707462e-55 1.607490e-59 2.442224e-64 0.000000e+00
0.000000e+00 3.908018e-63 2.382709e-58 5.004173e-54 2.944373e-50 3.456588e-47 2.841144e-45 -5.015552e-43 -2.106899e-41 -4.800411e-40 -9.063658e-39 -1.506700e-37 -2.262442e-36 -3.107903e-35 -3.931957e-34 -4.597021e-33 -4.972869e-32 -4.975037e-31 -4.593199e-30 -3.897192e-29 -3.017088e-28 -2.104835e-27 -1.292641e-26 -6.634706e-26 -2.421619e-25 -5.910787e-26 9.444886e-24 1.127956e-22 9.300422e-22 6.327847e-21 3.748261e-20 1.977216e-19 9.391387e-19 4.039391e-18 1.577638e-17 5.600534e-17 1.806671e-16 5.289703e-16 1.402640e-15 3.357100e-15 7.214622e-15 1.380116e-14 2.312493e-14 3.278310e-14 3.571311e-14 1.794639e-14 -4.250576e-14 -1.744607e-13 -4.094514e-13 -7.750674e-13 -1.287134e-12 -1.942728e-12 -2.716001e-12 -3.558155e-12 -4.401942e-12 -5.170022e-12 -5.785700e-12 -6.184128e-12 -6.322005e-12 -6.184128e-12 -5.785700e-12 -5.170022e-12 -4.401942e-12 -3.558155e-12 -2.716001e-12 -1.942728e-12 -1.287134e-12 -7.750674e-13 -4.094514e-13 -1.744607e-13 -4.250576e-14 1.794639e-14 3.571311e-14 3.278310e-14 2.312493e-14 1.380116e-14 7.214622e-15 3.357100e-15 1.402640e-15 5.289703e-16 1.806671e-16 5.600534e-17 1.577638e-17 4.039391e-18 9.391387e-19 1.977216e-19 3.748261e-20 6.327847e-21 9.300422e-22 1.127956e-22 9.444886e-24 -5.910787e-26 -2.421619e-25 -6.634706e-26 -1.292641e-26 -2.104835e-27 -3.017088e-28 -3.897192e-29 -4.593199e-30 -4.975037e-31 -4.972869e-32 -4.597021e-33 -3.931957e-34 -3.107903e-35 -2.262442e-36 -1.506700e-37 -9.063658e-39 -4.800411e-40 -2.106899e-41 -5.015552e-43 2.841144e-45 3.456588e-47 2.944373e-50 5.004173e-54 2.382709e-58 3.908018e-63 0.000000e+00
0.000000e+00 5.707336e-62 3.177044e-57 5.882762e-53 2.767490e-49 1.494448e-46 -9.953318e-44 -1.550622e-41 -4.324956e-40 -8.327331e-39 -1.413143e-37 -2.166945e-36 -3.040993e-35 -3.931957e-34 -4.700123e-33 -5.200646e-32 -5.324153e-31 -5.032202e-30 -4.372802e-29 -3.468307e-28 -2.479581e-27 -1.560486e-26 -8.200730e-26 -3.049429e-25 -4.160299e-26 1.302609e-23 1.586354e-22 1.342830e-21 9.398568e-21 5.732978e-20 3.116318e-19 1.525955e-18 6.767703e-18 2.725337e-17 9.971355e-17 3.312332e-16 9.971025e-16 2.711414e-15 6.627687e-15 1.444841e-14 2.770980e-14 4.549940e-14 5.982220e-14 4.867421e-14 -3.147829e-14 -2.504318e-13 -7.023048e-13 -1.494477e-12 -2.727962e-12 -4.473027e-12 -6.745932e-12 -9.492836e-12 -1.258517e-11 -1.582803e-11 -1.898032e-11 -2.178303e-11 -2.399108e-11 -2.540381e-11 -2.588993e-11 -2.540381e-11 -2.399108e-11 -2.178303e-11 -1.898032e-11 -1.582803e-11 -1.258517e-11 -9.492836e-12 -6.745932e-12 -4.473027e-12 -2.727962e-12 -1.494477e-12 -7.023048e-13 -2.504318e-13 -3.147829e-14 4.867421e-14 5.982220e-14 4.549940e-14 2.770980e-14 1.444841e-14 6.627687e-15 2.711414e-15 9.971025e-16 3.312332e-16 9.971355e-17 2.725337e-17 6.767703e-18 1.525955e-18 3.116318e-19 5.732978e-20 9.398568e-21 1.342830e-21 1.586354e-22 1.302609e-23 -4.160299e-26 -3.049429e-25 -8.200730e-26 -1.560486e-26 -2.479581e-27 -3.468307e-28 -4.372802e-29 -5.032202e-30 -5.324153e-31 -5.200646e-32 -4.700123e-33 -3.931957e-34 -3.040993e-35 -2.166945e-36 -1.413143e-37 -8.327331e-39 -4.324956e-40 -1.550622e-41 -9.953318e-44 1.494448e-46 2.767490e-49 5.882762e-53 3.177044e-57 5.707336e-62 0.000000e+00
0.000000e+00 7.509442e-61 3.705145e-56 5.577905e-52 1.392137e-48 -3.085170e-45 -3.254865e-42 -3.139507e-40 -7.338645e-39 -1.269867e-37 -1.987797e-36 -2.848724e-35 -3.762900e-34 -4.597021e-33 -5.200646e-32 -5.445846e-31 -5.267076e-30 -4.685376e-29 -3.805715e-28 -2.787114e-27 -1.796890e-26 -9.667833e-26 -3.665618e-25 -1.555307e-26 1.700977e-23 2.115102e-22 1.837925e-21 1.322754e-20 8.304424e-20 4.648886e-19 2.345322e-18 1.071873e-17 4.447784e-17 1.676241e-16 5.730728e-16 1.772749e-15 4.941029e-15 1.232639e-14 2.722402e-14 5.217884e-14 8.311704e-14 9.691560e-14 3.185568e-14 -2.350317e-13 -9.043344e-13 -2.252543e-12 -4.604003e-12 -8.277090e-12 -1.351507e-11 -2.041848e-11 -2.889608e-11 -3.864648e-11 -4.917408e-11 -5.983549e-11 -6.990697e-11 -7.866121e-11 -8.544279e-11 -8.973341e-11 -9.120160e-11 -8.973341e-11 -8.544279e-11 -7.866121e-11 -6.990697e-11 -5.983549e-11 -4.917408e-11 -3.864648e-11 -2.889608e-11 -2.041848e-11 -1.351507e-11 -8.277090e-12 -4.604003e-12 -2.252543e-12 -9.043344e-13 -2.350317e-13 3.185568e-14 9.691560e-14 8.311704e-14 5.217884e-14 2.722402e-14 1.232639e-14 4.941029e-15 1.772749e-15 5.730728e-16 1.676241e-16 4.447784e-17 1.071873e-17 2.345322e-18 4.648886e-19 8.304424e-20 1.322754e-20 1.837925e-21 2.115102e-22 1.700977e-23 -1.555307e-26 -3.665618e-25 -9.667833e-26 -1.796890e-26 -2.787114e-27 -3.805715e-28 -4.685376e-29 -5.267076e-30 -5.445846e-31 -5.200646e-32 -4.597021e-33 -3.762900e-34 -2.848724e-35 -1.987797e-36 -1.269867e-37 -7.338645e-39 -3.139507e-40 -3.254865e-42 -3.085170e-45 1.392137e-48 5.577905e-52 3.705145e-56 7.509442e-61 0.000000e+00
0.000000e+00 8.673825e-60 3.529119e-55 3.113288e-51 -1.777231e-47 -1.102716e-43 -6.600508e-41 -5.232734e-39 -1.094108e-37 -1.746291e-36 -2.554738e-35 -3.446136e-34 -4.300996e-33 -4.972869e-32 -5.324153e-31 -5.267076e-30 -4.794419e-29 -3.986442e-28 -2.989508e-27 -1.973909e-26 -1.087249e-25 -4.207263e-25 1.489232e-26 2.104312e-23 2.674763e-22 2.385734e-21 1.764892e-20 1.139839e-19 6.567795e-19 3.411742e-18 1.605860e-17 6.862590e-17 2.662650e-16 9.364366e-16 2.975563e-15 8.497413e-15 2.162466e-14 4.833849e-14 9.231047e-14 1.409431e-13 1.345810e-13 -8.416170e-14 -8.322862e-13 -2.635071e-12 -6.228121e-12 -1.248780e-11 -2.229026e-11 -3.632866e-11 -5.493593e-11 -7.796007e-11 -1.047214e-10 -1.340577e-10 -1.644397e-10 -1.941309e-10 -2.213568e-10 -2.444632e-10 -2.620433e-10 -2.730328e-10 -2.767706e-10 -2.730328e-10 -2.620433e-10 -2.444632e-10 -2.213568e-10 -1.941309e-10 -1.644397e-10 -1.340577e-10 -1.047214e-10 -7.796007e-11 -5.493593e-11 -3.632866e-11 -2.229026e-11 -1.248780e-11 -6.228121e-12 -2.635071e-12 -8.322862e-13 -8.416170e-14 1.345810e-13 1.409431e-13 9.231047e-14 4.833849e-14 2.162466e-14 8.497413e-15 2.975563e-15 9.364366e-16 2.662650e-16 6.862590e-17 1.605860e-17 3.411742e-18 6.567795e-19 1.139839e-19 1.764892e-20 2.385734e-21 2.674763e-22 2.104312e-23 1.489232e-26 -4.207263e-25 -1.087249e-25 -1.973909e-26 -2.989508e-27 -3.986442e-28 -4.794419e-29 -5.267076e-30 -5.324153e-31 -4.972869e-32 -4.300996e-33 -3.446136e-34 -2.554738e-35 -1.746291e-36 -1.094108e-37 -5.232734e-39 -6.600508e-41 -1.102716e-43 -1.777231e-47 3.113288e-51 3.529119e-55 8.673825e-60 0.000000e+00
0.000000e+00 8.269864e-59 2.120897e-54 -2.467038e-50 -7.163948e-46 -2.252857e-42 -1.089552e-39 -7.649199e-38 -1.470270e-36 -2.193111e-35 -3.019967e-34 -3.849101e-33 -4.546610e-32 -4.975037e-31 -5.032202e-30 -4.685376e-29 -3.986442e-28 -3.060163e-27 -2.068803e-26 -1.166560e-25 -4.611653e-25 4.364393e-26 2.467459e-23 3.209381e-22 2.938099e-21 2.233335e-20 1.483105e-19 8.791463e-19 4.699906e-18 2.277097e-17 1.001666e-16 3.999287e-16 1.446326e-15 4.719245e-15 1.380478e-14 3.582763e-14 8.100127e-14 1.536980e-13 2.216938e-13 1.456189e-13 -4.421276e-13 -2.291815e-12 -6.664281e-12 -1.534337e-11 -3.046251e-11 -5.414562e-11 -8.804702e-11 -1.329242e-10 -1.883670e-10 -2.527509e-10 -3.234085e-10 -3.969563e-10 -4.696864e-10 -5.379391e-10 -5.983963e-10 -6.482722e-10 -6.854057e-10 -7.082798e-10 -7.160024e-10 -7.082798e-10 -6.854057e-10 -6.482722e-10 -5.983963e-10 -5.379391e-10 -4.696864e-10 -3.969563e-10 -3.234085e-10 -2.527509e-10 -1.883670e-10 -1.329242e-10 -8.804702e-11 -5.414562e-11 -3.046251e-11 -1.534337e-11 -6.664281e-12 -2.291815e-12 -4.421276e-13 1.456189e-13 2.216938e-13 1.536980e-13 8.100127e-14 3.582763e-14 1.380478e-14 4.719245e-15 1.446326e-15 3.999287e-16 1.001666e-16 2.277097e-17 4.699906e-18 8.791463e-19 1.483105e-19 2.233335e-20 2.938099e-21 3.209381e-22 2.467459e-23 4.364393e-26 -4.611653e-25 -1.166560e-25 -2.068803e-26 -3.060163e-27 -3.986442e-28 -4.685376e-29 -5.032202e-30 -4.975037e-31 -4.546610e-32 -3.849101e-33 -3.019967e-34 -2.193111e-35 -1.470270e-36 -7.649199e-38 -1.089552e-39 -2.252857e-42 -7.163948e-46 -2.467038e-50 2.120897e-54 8.269864e-59 0.000000e+00
0.000000e+00 5.243515e-58 -9.946927e-54 -1.173816e-48 -1.478066e-44 -3.691676e-41 -1.570536e-38 -1.006740e-36 -1.803455e-35 -2.532092e-34 -3.294588e-33 -3.974308e-32 -4.442975e-31 -4.593199e-30 -4.372802e-29 -3.805715e-28 -2.989508e-27 -2.068803e-26 -1.194252e-25 -4.828049e-25 6.423028e-26 2.743241e-23 3.654781e-22 3.433912e-21 2.681186e-20 1.829999e-19 1.115441e-18 6.133836e-18 3.057560e-17 1.383818e-16 5.683253e-16 2.112794e-15 7.077494e-15 2.120430e-14 5.611905e-14 1.282825e-13 2.412922e-13 3.230239e-13 7.574827e-14 -1.291513e-12 -5.417352e-12 -1.509053e-11 -3.427689e-11 -6.768357e-11 -1.198633e-10 -1.941005e-10 -2.914503e-10 -4.102485e-10 -5.462254e-10 -6.931493e-10 -8.437742e-10 -9.908284e-10 -1.127822e-09 -1.249551e-09 -1.352271e-09 -1.433593e-09 -1.492200e-09 -1.527496e-09 -1.539275e-09 -1.527496e-09 -1.492200e-09 -1.433593e-09 -1.352271e-09 -1.249551e-09 -1.127822e-09 -9.908284e-10 -8.437742e-10 -6.931493e-10 -5.462254e-10 -4.102485e-10 -2.914503e-10 -1.941005e-10 -1.198633e-10 -6.768357e-11 -3.427689e-11 -1.509053e-11 -5.417352e-12 -1.291513e-12 7.574827e-14 3.230239e-13 2.412922e-13 1.282825e-13 5.611905e-14 2.120430e-14 7.077494e-15 2.112794e-15 5.683253e-16 1.383818e-16 3.057560e-17 6.133836e-18 1.115441e-18 1.829999e-19 2.681186e-20 3.433912e-21 3.654781e-22 2.743241e-23 6.423028e-26 -4.828049e-25 -1.194252e-25 -2.068803e-26 -2.989508e-27 -3.805715e-28 -4.372802e-29 -4.593199e-30 -4.442975e-31 -3.974308e-32 -3.294588e-33 -2.532092e-34 -1.803455e-35 -1.006740e-36 -1.570536e-38 -3.691676e-41 -1.478066e-44 -1.173816e-48 -9.946927e-54 5.243515e-58 0.000000e+00
0.000000e+00 -1.260700e-57 -6.040067e-52 -2.451020e-47 -2.404838e-43 -5.253909e-40 -2.033716e-37 -1.208483e-35 -2.032689e-34 -2.696694e-33 -3.321023e-32 -3.791707e-31 -4.004993e-30 -3.897192e-29 -3.468307e-28 -2.787114e-27 -1.973909e-26 -1.166560e-25 -4.828049e-25 7.170864e-26 2.892327e-23 3.950856e-22 3.809652e-21 3.054537e-20 2.141922e-19 1.341883e-18 7.586856e-18 3.889226e-17 1.810306e-16 7.644947e-16 2.920755e-15 1.004314e-14 3.081788e-14 8.318574e-14 1.922684e-13 3.578678e-13 4.350766e-13 -1.616237e-13 -3.007381e-12 -1.141880e-11 -3.110661e-11 -7.019662e-11 -1.381469e-10 -2.435738e-10 -3.916537e-10 -5.821058e-10 -8.085403e-10 -1.059379e-09 -1.319970e-09 -1.575190e-09 -1.811804e-09 -2.020087e-09 -2.194507e-09 -2.333531e-09 -2.438807e-09 -2.513986e-09 -2.563473e-09 -2.591298e-09 -2.600243e-09 -2.591298e-09 -2.563473e-09 -2.513986e-09 -2.438807e-09 -2.333531e-09 -2.194507e-09 -2.020087e-09 -1.811804e-09 -1.575190e-09 -1.319970e-09 -1.059379e-09 -8.085403e-10 -5.821058e-10 -3.916537e-10 -2.435738e-10 -1.381469e-10 -7.019662e-11 -3.110661e-11 -1.141880e-11 -3.007381e-12 -1.616237e-13 4.350766e-13 3.578678e-13 1.922684e-13 8.318574e-14 3.081788e-14 1.004314e-14 2.920755e-15 7.644947e-16 1.810306e-16 3.889226e-17 7.586856e-18 1.341883e-18 2.141922e-19 3.054537e-20 3.809652e-21 3.950856e-22 2.892327e-23 7.170864e-26 -4.828049e-25 -1.166560e-25 -1.973909e-26 -2.787114e-27 -3.468307e-28 -3.897192e-29 -4.004993e-30 -3.791707e-31 -3.321023e-32 -2.696694e-33 -2.032689e-34 -1.208483e-35 -2.033716e-37 -5.253909e-40 -2.404838e-43 -2.451020e-47 -6.040067e-52 -1.260700e-57 0.000000e+00
0.000000e+00 -1.149640e-55 -1.279606e-50 -3.959030e-46 -3.377950e-42 -6.699024e-39 -2.398645e-36 -1.332101e-34 -2.112273e-33 -2.652433e-32 -3.091797e-31 -3.335478e-30 -3.316424e-29 -3.017088e-28 -2.479581e-27 -1.796890e-26 -1.087249e-25 -4.611653e-25 6.423028e-26 2.892327e-23 4.054732e-22 4.012524e-21 3.302829e-20 2.378601e-19 1.530994e-18 8.896148e-18 4.687996e-17 2.243372e-16 9.738588e-16 3.822839e-15 1.349215e-14 4.240864e-14 1.167914e-13 2.730671e-13 5.024774e-13 5.400007e-13 -6.796246e-13 -6.070111e-12 -2.187575e-11 -5.896888e-11 -1.327693e-10 -2.606535e-10 -4.568837e-10 -7.268012e-10 -1.062917e-09 -1.444760e-09 -1.842588e-09 -2.223500e-09 -2.557889e-09 -2.824430e-09 -3.012649e-09 -3.123029e-09 -3.165207e-09 -3.155096e-09 -3.111708e-09 -3.054249e-09 -2.999778e-09 -2.961531e-09 -2.947837e-09 -2.961531e-09 -2.999778e-09 -3.054249e-09 -3.111708e-09 -3.155096e-09 -3.165207e-09 -3.123029e-09 -3.012649e-09 -2.824430e-09 -2.557889e-09 -2.223500e-09 -1.842588e-09 -1.444760e-09 -1.062917e-09 -7.268012e-10 -4.568837e-10 -2.606535e-10 -1.327693e-10 -5.896888e-11 -2.187575e-11 -6.070111e-12 -6.796246e-13 5.400007e-13 5.024774e-13 2.730671e-13 1.167914e-13 4.240864e-14 1.349215e-14 3.822839e-15 9.738588e-16 2.243372e-16 4.687996e-17 8.896148e-18 1.530994e-18 2.378601e-19 3.302829e-20 4.012524e-21 4.054732e-22 2.892327e-23 6.423028e-26 -4.611653e-25 -1.087249e-25 -1.796890e-26 -2.479581e-27 -3.017088e-28 -3.316424e-29 -3.335478e-30 -3.091797e-31 -2.652433e-32 -2.112273e-33 -1.332101e-34 -2.398645e-36 -6.699024e-39 -3.377950e-42 -3.959030e-46 -1.279606e-50 -1.149640e-55 0.000000e+00
0.000000e+00 -2.478567e-54 -2.051672e-49 -5.485349e-45 -4.238637e-41 -7.767533e-38 -2.595509e-35 -1.353020e-33 -2.026143e-32 -2.408335e-31 -2.652799e-30 -2.694284e-29 -2.504873e-28 -2.104835e-27 -1.560486e-26 -9.667833e-26 -4.207263e-25 4.364393e-26 2.743241e-23 3.950856e-22 4.012524e-21 3.389960e-20 2.506488e-19 1.656908e-18 9.891102e-18 5.356190e-17 2.634231e-16 1.175189e-15 4.739133e-15 1.716778e-14 5.528720e-14 1.554272e-13 3.679341e-13 6.694285e-13 6.149133e-13 -1.595170e-12 -1.098239e-11 -3.851652e-11 -1.035150e-10 -2.332059e-10 -4.568853e-10 -7.946876e-10 -1.245248e-09 -1.778857e-09 -2.340400e-09 -2.861145e-09 -3.274548e-09 -3.530418e-09 -3.603505e-09 -3.495287e-09 -3.230151e-09 -2.848261e-09 -2.397597e-09 -1.926939e-09 -1.480759e-09 -1.096208e-09 -8.018433e-10 -6.175151e-10 -5.548070e-10 -6.175151e-10 -8.018433e-10 -1.096208e-09 -1.480759e-09 -1.926939e-09 -2.397597e-09 -2.848261e-09 -3.230151e-09 -3.495287e-09 -3.603505e-09 -3.530418e-09 -3.274548e-09 -2.861145e-09 -2.340400e-09 -1.778857e-09 -1.245248e-09 -7.946876e-10 -4.568853e-10 -2.332059e-10 -1.035150e-10 -3.851652e-11 -1.098239e-11 -1.595170e-12 6.149133e-13 6.694285e-13 3.679341e-13 1.554272e-13 5.528720e-14 1.716778e-14 4.739133e-15 1.175189e-15 2.634231e-16 5.356190e-17 9.891102e-18 1.656908e-18 2.506488e-19 3.389960e-20 4.012524e-21 3.950856e-22 2.743241e-23 4.364393e-26 -4.207263e-25 -9.667833e-26 -1.560486e-26 -2.104835e-27 -2.504873e-28 -2.694284e-29 -2.652799e-30 -2.408335e-31 -2.026143e-32 -1.353020e-33 -2.595509e-35 -7.767533e-38 -4.238637e-41 -5.485349e-45 -2.051672e-49 -2.478567e-54 0.000000e+00
0.000000e+00 -3.944371e-53 -2.802154e-48 -6.768370e-44 -4.828368e-40 -8.254424e-37 -2.586300e-34 -1.267948e-32 -1.793216e-31 -2.014386e-30 -2.089198e-29 -1.984392e-28 -1.704512e-27 -1.292641e-26 -8.200730e-26 -3.665618e-25 1.489232e-26 2.467459e-23 3.654781e-22 3.809652e-21 3.302829e-20 2.506488e-19 1.701120e-18 1.042920e-17 5.801584e-17 2.931593e-16 1.343761e-15 5.566313e-15 2.069805e-14 6.831520e-14 1.961922e-13 4.708506e-13 8.482547e-13 6.385964e-13 -2.988779e-12 -1.811653e-11 -6.277461e-11 -1.691038e-10 -3.820510e-10 -7.471110e-10 -1.286926e-09 -1.976501e-09 -2.732776e-09 -3.428177e-09 -3.923249e-09 -4.103489e-09 -3.906180e-09 -3.329991e-09 -2.427906e-09 -1.289530e-09 -2.015214e-11 1.277609e-09 2.516281e-09 3.629512e-09 4.572549e-09 5.319039e-09 5.856046e-09 6.178813e-09 6.286398e-09 6.178813e-09 5.856046e-09 5.319039e-09 4.572549e-09 3.629512e-09 2.516281e-09 1.277609e-09 -2.015214e-11 -1.289530e-09 -2.427906e-09 -3.329991e-09 -3.906180e-09 -4.103489e-09 -3.923249e-09 -3.428177e-09 -2.732776e-09 -1.976501e-09 -1.286926e-09 -7.471110e-10 -3.820510e-10 -1.691038e-10 -6.277461e-11 -1.811653e-11 -2.988779e-12 6.385964e-13 8.482547e-13 4.708506e-13 1.961922e-13 6.831520e-14 2.069805e-14 5.566313e-15 1.343761e-15 2.931593e-16 5.801584e-17 1.042920e-17 1.701120e-18 2.506488e-19 3.302829e-20 3.809652e-21 3.654781e-22 2.467459e-23 1.489232e-26 -3.665618e-25 -8.200730e-26 -1.292641e-26 -1.704512e-27 -1.984392e-28 -2.089198e-29 -2.014386e-30 -1.793216e-31 -1.267948e-32 -2.586300e-34 -8.254424e-37 -4.828368e-40 -6.768370e-44 -2.802154e-48 -3.944371e-53 0.000000e+00
0.000000e+00 -5.306963e-52 -3.397205e-47 -7.567995e-43 -5.035251e-39 -8.072127e-36 -2.376780e-33 -1.095886e-31 -1.461307e-30 -1.545853e-29 -1.499714e-28 -1.316524e-27 -1.021151e-26 -6.634706e-26 -3.049429e-25 -1.555307e-26 2.104312e-23 3.209381e-22 3.433912e-21 3.054537e-20 2.378601e-19 1.656908e-18 1.042920e-17 5.958062e-17 3.092524e-16 1.456193e-15 6.195721e-15 2.365114e-14 8.003780e-14 2.350225e-13 5.728327e-13 1.024844e-12 6.001974e-13 -4.855900e-12 -2.751778e-11 -9.517300e-11 -2.580525e-10 -5.858475e-10 -1.143928e-09 -1.947706e-09 -2.915665e-09 -3.856488e-09 -4.511519e-09 -4.635991e-09 -4.076915e-09 -2.813877e-09 -9.540556e-10 1.307570e-09 3.742157e-09 6.135726e-09 8.321973e-09 1.019625e-08 1.171382e-08 1.287819e-08 1.372499e-08 1.430575e-08 1.467408e-08 1.487516e-08 1.493875e-08 1.487516e-08 1.467408e-08 1.430575e-08 1.372499e-08 1.287819e-08 1.171382e-08 1.019625e-08 8.321973e-09 6.135726e-09 3.742157e-09 1.307570e-09 -9.540556e-10 -2.813877e-09 -4.076915e-09 -4.635991e-09 -4.511519e-09 -3.856488e-09 -2.915665e-09 -1.947706e-09 -1.143928e-09 -5.858475e-10 -2.580525e-10 -9.517300e-11 -2.751778e-11 -4.855900e-12 6.001974e-13 1.024844e-12 5.728327e-13 2.350225e-13 8.003780e-14 2.365114e-14 6.195721e-15 1.456193e-15 3.092524e-16 5.958062e-17 1.042920e-17 1.656908e-18 2.378601e-19 3.054537e-20 3.433912e-21 3.209381e-22 2.104312e-23 -1.555307e-26 -3.049429e-25 -6.634706e-26 -1.021151e-26 -1.316524e-27 -1.499714e-28 -1.545853e-29 -1.461307e-30 -1.095886e-31 -2.376780e-33 -8.072127e-36 -5.035251e-39 -7.567995e-43 -3.397205e-47 -5.306963e-52 0.000000e+00
0.000000e+00 -6.316261e-51 -3.725132e-46 -7.737588e-42 -4.828419e-38 -7.276974e-35 -2.014108e-32 -8.718577e-31 -1.092103e-29 -1.080949e-28 -9.695860e-28 -7.691074e-27 -5.118427e-26 -2.421619e-25 -4.160299e-26 1.700977e-23 2.674763e-22 2.938099e-21 2.681186e-20 2.141922e-19 1.530994e-18 9.891102e-18 5.801584e-17 3.092524e-16 1.495705e-15 6.536384e-15 2.561949e-14 8.893640e-14 2.672980e-13 6.630677e-13 1.183469e-12 5.063233e-13 -7.068132e-12 -3.872657e-11 -1.347012e-10 -3.689303e-10 -8.433932e-10 -1.645563e-09 -2.765304e-09 -4.010838e-09 -4.998446e-09 -5.262081e-09 -4.437939e-09 -2.414102e-09 6.320363e-10 4.304210e-09 8.114706e-09 1.161250e-08 1.447064e-08 1.652087e-08 1.774464e-08 1.823684e-08 1.816095e-08 1.770768e-08 1.706367e-08 1.639177e-08 1.582077e-08 1.544216e-08 1.530999e-08 1.544216e-08 1.582077e-08 1.639177e-08 1.706367e-08 1.770768e-08 1.816095e-08 1.823684e-08 1.774464e-08 1.652087e-08 1.447064e-08 1.161250e-08 8.114706e-09 4.304210e-09 6.320363e-10 -2.414102e-09 -4.437939e-09 -5.262081e-09 -4.998446e-09 -4.010838e-09 -2.765304e-09 -1.645563e-09 -8.433932e-10 -3.689303e-10 -1.347012e-10 -3.872657e-11 -7.068132e-12 5.063233e-13 1.183469e-12 6.630677e-13 2.672980e-13 8.893640e-14 2.561949e-14 6.536384e-15 1.495705e-15 3.092524e-16 5.801584e-17 9.891102e-18 1.530994e-18 2.141922e-19 2.681186e-20 2.938099e-21 2.674763e-22 1.700977e-23 -4.160299e-26 -2.421619e-25 -5.118427e-26 -7.691074e-27 -9.695860e-28 -1.080949e-28 -1.092103e-29 -8.718577e-31 -2.014108e-32 -7.276974e-35 -4.828419e-38 -7.737588e-42 -3.725132e-46 -6.316261e-51 0.000000e+00
