0.000000e+00 -2.729889e-100 -2.913723e-95 -1.084023e-90 -1.160946e-86 -2.695491e-83 -8.234497e-81 1.863029e-79 3.717983e-77 1.630332e-75 5.350977e-74 1.491722e-72 3.687945e-71 8.243232e-70 1.681792e-68 3.146051e-67 5.402707e-66 8.504164e-65 1.221124e-63 1.584296e-62 1.822771e-61 1.785681e-60 1.328626e-59 3.712788e-59 -1.048599e-57 -2.752380e-56 -4.449026e-55 -5.813047e-54 -6.584676e-53 -6.650691e-52 -6.071380e-51 -5.044812e-50 -3.828874e-49 -2.658000e-48 -1.687339e-47 -9.779696e-47 -5.159525e-46 -2.465716e-45 -1.059274e-44 -4.039875e-44 -1.337232e-43 -3.660383e-43 -7.182297e-43 -2.756500e-43 5.921308e-42 3.645546e-41 1.471736e-40 4.787641e-40 1.332743e-39 3.259194e-39 7.102183e-39 1.391473e-38 2.466508e-38 3.974427e-38 5.843476e-38 7.862403e-38 9.703136e-38 1.100132e-37 1.147031e-37 1.100132e-37 9.703136e-38 7.862403e-38 5.843476e-38 3.974427e-38 2.466508e-38 1.391473e-38 7.102183e-39 3.259194e-39 1.332743e-39 4.787641e-40 1.471736e-40 3.645546e-41 5.921308e-42 -2.756500e-43 -7.182297e-43 -3.660383e-43 -1.337232e-43 -4.039875e-44 -1.059274e-44 -2.465716e-45 -5.159525e-46 -9.779696e-47 -1.687339e-47 -2.658000e-48 -3.828874e-49 -5.044812e-50 -6.071380e-51 -6.650691e-52 -6.584676e-53 -5.813047e-54 -4.449026e-55 -2.752380e-56 -1.048599e-57 3.712788e-59 1.328626e-59 1.785681e-60 1.822771e-61 1.584296e-62 1.221124e-63 8.504164e-65 5.402707e-66 3.146051e-67 1.681792e-68 8.243232e-70 3.687945e-71 1.491722e-72 5.350977e-74 1.630332e-75 3.717983e-77 1.863029e-79 -8.234497e-81 -2.695491e-83 -1.160946e-86 -1.084023e-90 -2.913723e-95 -2.729889e-100 0.000000e+00
0.000000e+00 -4.531845e-95 -4.417630e-90 -1.462687e-85 -1.310347e-81 -2.040805e-78 2.740565e-76 1.913539e-73 1.015557e-71 3.362450e-70 9.500178e-69 2.384989e-67 5.419236e-66 1.124767e-64 2.141472e-63 3.744002e-62 6.000105e-61 8.769366e-60 1.157012e-58 1.350678e-57 1.334550e-56 9.797927e-56 1.986116e-55 -1.005726e-53 -2.508474e-52 -4.073603e-51 -5.410340e-50 -6.259257e-49 -6.473766e-48 -6.062239e-47 -5.173780e-46 -4.037353e-45 -2.884025e-44 -1.885083e-43 -1.125351e-42 -6.114858e-42 -3.007645e-41 -1.327295e-40 -5.177310e-40 -1.734937e-39 -4.674322e-39 -7.983871e-39 7.564499e-39 1.428381e-37 7.859537e-37 3.159176e-36 1.052868e-35 3.040095e-35 7.765298e-35 1.775665e-34 3.663549e-34 6.859366e-34 1.170830e-33 1.828857e-33 2.622554e-33 3.461546e-33 4.214231e-33 4.739393e-33 4.928105e-33 4.739393e-33 4.214231e-33 3.461546e-33 2.622554e-33 1.828857e-33 1.170830e-33 6.859366e-34 3.663549e-34 1.775665e-34 7.765298e-35 3.040095e-35 1.052868e-35 3.159176e-36 7.859537e-37 1.428381e-37 7.564499e-39 -7.983871e-39 -4.674322e-39 -1.734937e-39 -5.177310e-40 -1.327295e-40 -3.007645e-41 -6.114858e-42 -1.125351e-42 -1.885083e-43 -2.884025e-44 -4.037353e-45 -5.173780e-46 -6.062239e-47 -6.473766e-48 -6.259257e-49 -5.410340e-50 -4.073603e-51 -2.508474e-52 -1.005726e-53 1.986116e-55 9.797927e-56 1.334550e-56 1.350678e-57 1.157012e-58 8.769366e-60 6.000105e-61 3.744002e-62 2.141472e-63 1.124767e-64 5.419236e-66 2.384989e-67 9.500178e-69 3.362450e-70 1.015557e-71 1.913539e-73 2.740565e-76 -2.040805e-78 -1.310347e-81 -1.462687e-85 -4.417630e-90 -4.531845e-95 0.000000e+00
0.000000e+00 -2.804090e-90 -2.432795e-85 -6.740583e-81 -4.061423e-77 2.639745e-74 1.153245e-70 2.101711e-68 8.454743e-67 2.418344e-65 6.161424e-64 1.422359e-62 3.001288e-61 5.811962e-60 1.033745e-58 1.685389e-57 2.505020e-56 3.357568e-55 3.971575e-54 3.948696e-53 2.840366e-52 2.932909e-52 -3.773712e-50 -9.035016e-49 -1.474594e-47 -1.989446e-46 -2.348433e-45 -2.484467e-44 -2.383636e-43 -2.086736e-42 -1.671910e-41 -1.227105e-40 -8.245022e-40 -5.060727e-39 -2.826609e-38 -1.427655e-37 -6.453974e-37 -2.564875e-36 -8.643081e-36 -2.250592e-35 -2.916793e-35 1.206828e-34 1.198348e-33 6.252358e-33 2.530329e-32 8.657529e-32 2.590142e-31 6.892045e-31 1.647721e-30 3.564168e-30 7.012781e-30 1.260679e-29 2.078610e-29 3.154069e-29 4.417603e-29 5.725446e-29 6.880378e-29 7.677755e-29 7.962779e-29 7.677755e-29 6.880378e-29 5.725446e-29 4.417603e-29 3.154069e-29 2.078610e-29 1.260679e-29 7.012781e-30 3.564168e-30 1.647721e-30 6.892045e-31 2.590142e-31 8.657529e-32 2.530329e-32 6.252358e-33 1.198348e-33 1.206828e-34 -2.916793e-35 -2.250592e-35 -8.643081e-36 -2.564875e-36 -6.453974e-37 -1.427655e-37 -2.826609e-38 -5.060727e-39 -8.245022e-40 -1.227105e-40 -1.671910e-41 -2.086736e-42 -2.383636e-43 -2.484467e-44 -2.348433e-45 -1.989446e-46 -1.474594e-47 -9.035016e-49 -3.773712e-50 2.932909e-52 2.840366e-52 3.948696e-53 3.971575e-54 3.357568e-55 2.505020e-56 1.685389e-57 1.033745e-58 5.811962e-60 3.001288e-61 1.422359e-62 6.161424e-64 2.418344e-65 8.454743e-67 2.101711e-68 1.153245e-70 2.639745e-74 -4.061423e-77 -6.740583e-81 -2.432795e-85 -2.804090e-90 0.000000e+00
0.000000e+00 -5.459705e-86 -3.963555e-81 -7.391613e-77 1.805571e-73 4.070629e-69 4.481138e-66 6.147075e-64 2.134939e-62 5.513702e-61 1.292380e-59 2.770715e-58 5.453627e-57 9.861325e-56 1.634366e-54 2.468206e-53 3.357227e-52 4.018073e-51 4.009579e-50 2.800638e-49 -7.651791e-50 -4.817354e-47 -1.115751e-45 -1.830624e-44 -2.507173e-43 -3.016975e-42 -3.261247e-41 -3.201950e-40 -2.871769e-39 -2.359207e-38 -1.776522e-37 -1.225106e-36 -7.717986e-36 -4.422442e-35 -2.288446e-34 -1.056689e-33 -4.260336e-33 -1.431881e-32 -3.506814e-32 -2.154191e-32 4.025514e-31 3.171455e-30 1.613419e-29 6.612333e-29 2.323703e-28 7.191174e-28 1.987714e-27 4.950600e-27 1.117946e-26 2.300367e-26 4.331619e-26 7.493244e-26 1.195127e-25 1.763231e-25 2.413390e-25 3.072278e-25 3.644936e-25 4.036112e-25 4.175193e-25 4.036112e-25 3.644936e-25 3.072278e-25 2.413390e-25 1.763231e-25 1.195127e-25 7.493244e-26 4.331619e-26 2.300367e-26 1.117946e-26 4.950600e-27 1.987714e-27 7.191174e-28 2.323703e-28 6.612333e-29 1.613419e-29 3.171455e-30 4.025514e-31 -2.154191e-32 -3.506814e-32 -1.431881e-32 -4.260336e-33 -1.056689e-33 -2.288446e-34 -4.422442e-35 -7.717986e-36 -1.225106e-36 -1.776522e-37 -2.359207e-38 -2.871769e-39 -3.201950e-40 -3.261247e-41 -3.016975e-42 -2.507173e-43 -1.830624e-44 -1.115751e-45 -4.817354e-47 -7.651791e-50 2.800638e-49 4.009579e-50 4.018073e-51 3.357227e-52 2.468206e-53 1.634366e-54 9.861325e-56 5.453627e-57 2.770715e-58 1.292380e-59 5.513702e-61 2.134939e-62 6.147075e-64 4.481138e-66 4.070629e-69 1.805571e-73 -7.391613e-77 -3.963555e-81 -5.459705e-86 0.000000e+00
0.000000e+00 -2.596148e-82 -1.266936e-77 9.623363e-74 8.312051e-69 4.636708e-65 3.830067e-62 4.515183e-60 1.413845e-58 3.360710e-57 7.315948e-56 1.462720e-54 2.686999e-53 4.523507e-52 6.935014e-51 9.562364e-50 1.156226e-48 1.154670e-47 7.741512e-47 -1.564268e-46 -1.733218e-44 -3.907163e-43 -6.445619e-42 -8.955626e-41 -1.097576e-39 -1.211036e-38 -1.215416e-37 -1.115430e-36 -9.383494e-36 -7.239244e-35 -5.115909e-34 -3.302344e-33 -1.937501e-32 -1.024778e-31 -4.818470e-31 -1.961469e-30 -6.506841e-30 -1.433264e-29 8.448978e-30 3.185178e-28 2.237224e-27 1.126450e-26 4.689093e-26 1.691677e-25 5.404571e-25 1.547368e-24 4.000637e-24 9.392786e-24 2.011810e-23 3.947313e-23 7.122513e-23 1.186347e-22 1.830596e-22 2.625609e-22 3.511054e-22 4.388842e-22 5.139123e-22 5.645916e-22 5.825091e-22 5.645916e-22 5.139123e-22 4.388842e-22 3.511054e-22 2.625609e-22 1.830596e-22 1.186347e-22 7.122513e-23 3.947313e-23 2.011810e-23 9.392786e-24 4.000637e-24 1.547368e-24 5.404571e-25 1.691677e-25 4.689093e-26 1.126450e-26 2.237224e-27 3.185178e-28 8.448978e-30 -1.433264e-29 -6.506841e-30 -1.961469e-30 -4.818470e-31 -1.024778e-31 -1.937501e-32 -3.302344e-33 -5.115909e-34 -7.239244e-35 -9.383494e-36 -1.115430e-36 -1.215416e-37 -1.211036e-38 -1.097576e-39 -8.955626e-41 -6.445619e-42 -3.907163e-43 -1.733218e-44 -1.564268e-46 7.741512e-47 1.154670e-47 1.156226e-48 9.562364e-50 6.935014e-51 4.523507e-52 2.686999e-53 1.462720e-54 7.315948e-56 3.360710e-57 1.413845e-58 4.515183e-60 3.830067e-62 4.636708e-65 8.312051e-69 9.623363e-74 -1.266936e-77 -2.596148e-82 0.000000e+00
0.000000e+00 -1.877337e-79 3.867101e-75 1.005920e-69 2.156258e-65 9.020541e-62 6.394281e-59 6.771157e-57 1.948133e-55 4.300844e-54 8.729335e-53 1.628029e-51 2.781969e-50 4.326180e-49 6.040762e-48 7.368051e-47 7.340905e-46 4.654135e-45 -2.050814e-44 -1.369654e-42 -3.020809e-41 -5.012041e-40 -7.060913e-39 -8.806552e-38 -9.909131e-37 -1.015536e-35 -9.526016e-35 -8.196264e-34 -6.469940e-33 -4.678769e-32 -3.089594e-31 -1.852564e-30 -9.992509e-30 -4.769307e-29 -1.949724e-28 -6.297852e-28 -1.147795e-27 3.458144e-27 5.031461e-26 3.316397e-25 1.667270e-24 7.060210e-24 2.612528e-23 8.598715e-23 2.542877e-22 6.801701e-22 1.653763e-21 3.670530e-21 7.466107e-21 1.397173e-20 2.414783e-20 3.869472e-20 5.770344e-20 8.036577e-20 1.048738e-19 1.285921e-19 1.484958e-19 1.617742e-19 1.664394e-19 1.617742e-19 1.484958e-19 1.285921e-19 1.048738e-19 8.036577e-20 5.770344e-20 3.869472e-20 2.414783e-20 1.397173e-20 7.466107e-21 3.670530e-21 1.653763e-21 6.801701e-22 2.542877e-22 8.598715e-23 2.612528e-23 7.060210e-24 1.667270e-24 3.316397e-25 5.031461e-26 3.458144e-27 -1.147795e-27 -6.297852e-28 -1.949724e-28 -4.769307e-29 -9.992509e-30 -1.852564e-30 -3.089594e-31 -4.678769e-32 -6.469940e-33 -8.196264e-34 -9.526016e-35 -1.015536e-35 -9.909131e-37 -8.806552e-38 -7.060913e-39 -5.012041e-40 -3.020809e-41 -1.369654e-42 -2.050814e-44 4.654135e-45 7.340905e-46 7.368051e-47 6.040762e-48 4.326180e-49 2.781969e-50 1.628029e-51 8.729335e-53 4.300844e-54 1.948133e-55 6.771157e-57 6.394281e-59 9.020541e-62 2.156258e-65 1.005920e-69 3.867101e-75 -1.877337e-79 0.000000e+00
0.000000e+00 1.035000e-77 6.868707e-72 4.538479e-67 7.305545e-63 2.623602e-59 1.669397e-56 1.619305e-54 4.319994e-53 8.892256e-52 1.683182e-50 2.918450e-49 4.601629e-48 6.503566e-47 7.995735e-46 7.931988e-45 4.685452e-44 -3.554496e-43 -1.819986e-41 -3.952133e-40 -6.603020e-39 -9.433549e-38 -1.197098e-36 -1.373049e-35 -1.436164e-34 -1.376086e-33 -1.210110e-32 -9.766115e-32 -7.220598e-31 -4.872827e-30 -2.982608e-29 -1.638186e-28 -7.919164e-28 -3.236834e-27 -1.003159e-26 -1.270437e-26 1.162458e-25 1.255590e-24 8.002215e-24 4.044994e-23 1.745549e-22 6.623613e-22 2.243104e-21 6.838338e-21 1.887555e-20 4.738119e-20 1.085750e-19 2.279654e-19 4.402039e-19 7.848433e-19 1.297230e-18 1.995927e-18 2.870360e-18 3.873361e-18 4.922275e-18 5.909512e-18 6.720306e-18 7.253307e-18 7.439176e-18 7.253307e-18 6.720306e-18 5.909512e-18 4.922275e-18 3.873361e-18 2.870360e-18 1.995927e-18 1.297230e-18 7.848433e-19 4.402039e-19 2.279654e-19 1.085750e-19 4.738119e-20 1.887555e-20 6.838338e-21 2.243104e-21 6.623613e-22 1.745549e-22 4.044994e-23 8.002215e-24 1.255590e-24 1.162458e-25 -1.270437e-26 -1.003159e-26 -3.236834e-27 -7.919164e-28 -1.638186e-28 -2.982608e-29 -4.872827e-30 -7.220598e-31 -9.766115e-32 -1.210110e-32 -1.376086e-33 -1.436164e-34 -1.373049e-35 -1.197098e-36 -9.433549e-38 -6.603020e-39 -3.952133e-40 -1.819986e-41 -3.554496e-43 4.685452e-44 7.931988e-45 7.995735e-46 6.503566e-47 4.601629e-48 2.918450e-49 1.683182e-50 8.892256e-52 4.319994e-53 1.619305e-54 1.669397e-56 2.623602e-59 7.305545e-63 4.538479e-67 6.868707e-72 1.035000e-77 0.000000e+00
0.000000e+00 3.399594e-75 5.920736e-70 2.953017e-65 4.092838e-61 1.322311e-57 7.716073e-55 6.931038e-53 1.723747e-51 3.313978e-50 5.840188e-49 9.355540e-48 1.341882e-46 1.669509e-45 1.661118e-44 9.317498e-44 -9.760573e-43 -4.463673e-41 -9.693175e-40 -1.641067e-38 -2.386461e-37 -3.089396e-36 -3.619888e-35 -3.871713e-34 -3.796268e-33 -3.418171e-32 -2.825662e-31 -2.140320e-30 -1.479556e-29 -9.270187e-29 -5.202699e-28 -2.559234e-27 -1.052958e-26 -3.159267e-26 -2.223546e-26 5.753251e-25 5.605071e-24 3.564123e-23 1.834824e-22 8.127214e-22 3.177649e-21 1.111143e-20 3.501566e-20 9.995269e-20 2.594475e-19 6.144701e-19 1.332277e-18 2.653700e-18 4.874337e-18 8.290011e-18 1.311124e-17 1.936937e-17 2.684826e-17 3.507076e-17 4.335077e-17 5.089696e-17 5.693838e-17 6.084002e-17 6.218827e-17 6.084002e-17 5.693838e-17 5.089696e-17 4.335077e-17 3.507076e-17 2.684826e-17 1.936937e-17 1.311124e-17 8.290011e-18 4.874337e-18 2.653700e-18 1.332277e-18 6.144701e-19 2.594475e-19 9.995269e-20 3.501566e-20 1.111143e-20 3.177649e-21 8.127214e-22 1.834824e-22 3.564123e-23 5.605071e-24 5.753251e-25 -2.223546e-26 -3.159267e-26 -1.052958e-26 -2.559234e-27 -5.202699e-28 -9.270187e-29 -1.479556e-29 -2.140320e-30 -2.825662e-31 -3.418171e-32 -3.796268e-33 -3.871713e-34 -3.619888e-35 -3.089396e-36 -2.386461e-37 -1.641067e-38 -9.693175e-40 -4.463673e-41 -9.760573e-43 9.317498e-44 1.661118e-44 1.669509e-45 1.341882e-46 9.355540e-48 5.840188e-49 3.313978e-50 1.723747e-51 6.931038e-53 7.716073e-55 1.322311e-57 4.092838e-61 2.953017e-65 5.920736e-70 3.399594e-75 0.000000e+00
0.000000e+00 1.537882e-73 2.029387e-68 8.748472e-64 1.094624e-59 3.253705e-56 1.762581e-53 1.476166e-51 3.433229e-50 6.164879e-49 1.007316e-47 1.473971e-46 1.870702e-45 1.896719e-44 1.074628e-43 -1.203108e-42 -5.530825e-41 -1.225713e-39 -2.122704e-38 -3.161148e-37 -4.194158e-36 -5.040254e-35 -5.532634e-34 -5.570980e-33 -5.154413e-32 -4.380948e-31 -3.413642e-30 -2.428555e-29 -1.566335e-28 -9.047578e-28 -4.575491e-27 -1.927867e-26 -5.826316e-26 -2.633901e-26 1.300926e-24 1.264187e-23 8.248930e-23 4.388063e-22 2.014478e-21 8.176797e-21 2.971070e-20 9.733429e-20 2.888450e-19 7.791271e-19 1.915941e-18 4.307716e-18 8.882820e-18 1.685744e-17 2.955554e-17 4.807588e-17 7.288339e-17 1.034705e-16 1.382376e-16 1.746664e-16 2.097367e-16 2.404405e-16 2.642181e-16 2.792108e-16 2.843268e-16 2.792108e-16 2.642181e-16 2.404405e-16 2.097367e-16 1.746664e-16 1.382376e-16 1.034705e-16 7.288339e-17 4.807588e-17 2.955554e-17 1.685744e-17 8.882820e-18 4.307716e-18 1.915941e-18 7.791271e-19 2.888450e-19 9.733429e-20 2.971070e-20 8.176797e-21 2.014478e-21 4.388063e-22 8.248930e-23 1.264187e-23 1.300926e-24 -2.633901e-26 -5.826316e-26 -1.927867e-26 -4.575491e-27 -9.047578e-28 -1.566335e-28 -2.428555e-29 -3.413642e-30 -4.380948e-31 -5.154413e-32 -5.570980e-33 -5.532634e-34 -5.040254e-35 -4.194158e-36 -3.161148e-37 -2.122704e-38 -1.225713e-39 -5.530825e-41 -1.203108e-42 1.074628e-43 1.896719e-44 1.870702e-45 1.473971e-46 1.007316e-47 6.164879e-49 3.433229e-50 1.476166e-51 1.762581e-53 3.253705e-56 1.094624e-59 8.748472e-64 2.029387e-68 1.537882e-73 0.000000e+00
0.000000e+00 5.125352e-72 5.831318e-67 2.268092e-62 2.611262e-58 7.208486e-55 3.640474e-52 2.844369e-50 6.170101e-49 1.027788e-47 1.534971e-46 1.989002e-45 2.059391e-44 1.190327e-43 -1.371805e-42 -6.434374e-41 -1.458792e-39 -2.586556e-38 -3.946130e-37 -5.366825e-36 -6.614873e-35 -7.451597e-34 -7.704617e-33 -7.324099e-32 -6.399518e-31 -5.129053e-30 -3.755038e-29 -2.493133e-28 -1.482535e-27 -7.713071e-27 -3.333911e-26 -1.020152e-25 -2.420466e-26 2.686807e-24 2.637269e-23 1.770972e-22 9.743218e-22 4.636452e-21 1.953223e-20 7.371248e-20 2.508903e-19 7.734397e-19 2.166101e-18 5.524857e-18 1.286448e-17 2.741639e-17 5.363483e-17 9.664183e-17 1.610007e-16 2.490507e-16 3.593960e-16 4.862713e-16 6.202470e-16 7.501701e-16 8.656385e-16 9.590297e-16 1.026300e-15 1.066371e-15 1.079619e-15 1.066371e-15 1.026300e-15 9.590297e-16 8.656385e-16 7.501701e-16 6.202470e-16 4.862713e-16 3.593960e-16 2.490507e-16 1.610007e-16 9.664183e-17 5.363483e-17 2.741639e-17 1.286448e-17 5.524857e-18 2.166101e-18 7.734397e-19 2.508903e-19 7.371248e-20 1.953223e-20 4.636452e-21 9.743218e-22 1.770972e-22 2.637269e-23 2.686807e-24 -2.420466e-26 -1.020152e-25 -3.333911e-26 -7.713071e-27 -1.482535e-27 -2.493133e-28 -3.755038e-29 -5.129053e-30 -6.399518e-31 -7.324099e-32 -7.704617e-33 -7.451597e-34 -6.614873e-35 -5.366825e-36 -3.946130e-37 -2.586556e-38 -1.458792e-39 -6.434374e-41 -1.371805e-42 1.190327e-43 2.059391e-44 1.989002e-45 1.534971e-46 1.027788e-47 6.170101e-49 2.844369e-50 3.640474e-52 7.208486e-55 2.611262e-58 2.268092e-62 5.831318e-67 5.125352e-72 0.000000e+00
0.000000e+00 1.453873e-70 1.490416e-65 5.331491e-61 5.700305e-57 1.467256e-53 6.910397e-51 5.020779e-49 1.008209e-47 1.534976e-46 2.030022e-45 2.145763e-44 1.265479e-43 -1.497197e-42 -7.168059e-41 -1.661984e-39 -3.015672e-38 -4.710930e-37 -6.563903e-36 -8.293029e-35 -9.581380e-34 -1.016622e-32 -9.922821e-32 -8.907177e-31 -7.337867e-30 -5.524455e-29 -3.773212e-28 -2.308297e-27 -1.234746e-26 -5.473156e-26 -1.696051e-25 -2.705942e-27 5.197575e-24 5.171151e-23 3.573889e-22 2.032187e-21 1.001470e-20 4.374066e-20 1.712511e-19 6.048387e-19 1.934529e-18 5.617668e-18 1.484012e-17 3.572733e-17 7.853673e-17 1.579815e-16 2.915553e-16 4.951273e-16 7.763655e-16 1.128239e-15 1.525875e-15 1.929449e-15 2.293438e-15 2.579536e-15 2.768305e-15 2.864612e-15 2.894128e-15 2.891887e-15 2.887335e-15 2.891887e-15 2.894128e-15 2.864612e-15 2.768305e-15 2.579536e-15 2.293438e-15 1.929449e-15 1.525875e-15 1.128239e-15 7.763655e-16 4.951273e-16 2.915553e-16 1.579815e-16 7.853673e-17 3.572733e-17 1.484012e-17 5.617668e-18 1.934529e-18 6.048387e-19 1.712511e-19 4.374066e-20 1.001470e-20 2.032187e-21 3.573889e-22 5.171151e-23 5.197575e-24 -2.705942e-27 -1.696051e-25 -5.473156e-26 -1.234746e-26 -2.308297e-27 -3.773212e-28 -5.524455e-29 -7.337867e-30 -8.907177e-31 -9.922821e-32 -1.016622e-32 -9.581380e-34 -8.293029e-35 -6.563903e-36 -4.710930e-37 -3.015672e-38 -1.661984e-39 -7.168059e-41 -1.497197e-42 1.265479e-43 2.145763e-44 2.030022e-45 1.534976e-46 1.008209e-47 5.020779e-49 6.910397e-51 1.467256e-53 5.700305e-57 5.331491e-61 1.490416e-65 1.453873e-70 0.000000e+00
0.000000e+00 3.661371e-69 3.450289e-64 1.146130e-59 1.142895e-55 2.744685e-52 1.201958e-49 8.058443e-48 1.475343e-46 1.989011e-45 2.145763e-44 1.291562e-43 -1.564089e-42 -7.647525e-41 -1.812812e-39 -3.364765e-38 -5.379513e-37 -7.675130e-36 -9.934565e-35 -1.176535e-33 -1.280293e-32 -1.282307e-31 -1.181773e-30 -1.000052e-29 -7.737478e-29 -5.432867e-28 -3.417129e-27 -1.878373e-26 -8.535975e-26 -2.680016e-25 5.584756e-26 9.439638e-24 9.544820e-23 6.788941e-22 3.987323e-21 2.033148e-20 9.197462e-20 3.731768e-19 1.366167e-18 4.528311e-18 1.361843e-17 3.721276e-17 9.249510e-17 2.093540e-16 4.320218e-16 8.139468e-16 1.402218e-15 2.212177e-15 3.199935e-15 4.246435e-15 5.166660e-15 5.749570e-15 5.820948e-15 5.308896e-15 4.286568e-15 2.972206e-15 1.680908e-15 7.403163e-16 3.964014e-16 7.403163e-16 1.680908e-15 2.972206e-15 4.286568e-15 5.308896e-15 5.820948e-15 5.749570e-15 5.166660e-15 4.246435e-15 3.199935e-15 2.212177e-15 1.402218e-15 8.139468e-16 4.320218e-16 2.093540e-16 9.249510e-17 3.721276e-17 1.361843e-17 4.528311e-18 1.366167e-18 3.731768e-19 9.197462e-20 2.033148e-20 3.987323e-21 6.788941e-22 9.544820e-23 9.439638e-24 5.584756e-26 -2.680016e-25 -8.535975e-26 -1.878373e-26 -3.417129e-27 -5.432867e-28 -7.737478e-29 -1.000052e-29 -1.181773e-30 -1.282307e-31 -1.280293e-32 -1.176535e-33 -9.934565e-35 -7.675130e-36 -5.379513e-37 -3.364765e-38 -1.812812e-39 -7.647525e-41 -1.564089e-42 1.291562e-43 2.145763e-44 1.989011e-45 1.475343e-46 8.058443e-48 1.201958e-49 2.744685e-52 1.142895e-55 1.146130e-59 3.450289e-64 3.661371e-69 0.000000e+00
0.000000e+00 8.342479e-68 7.299822e-63 2.262122e-58 2.105695e-54 4.705767e-51 1.902230e-48 1.158727e-46 1.872564e-45 2.059404e-44 1.265479e-43 -1.564089e-42 -7.814317e-41 -1.893245e-39 -3.593180e-38 -5.876738e-37 -8.581339e-36 -1.137385e-34 -1.379974e-33 -1.539238e-32 -1.581040e-31 -1.495075e-30 -1.298805e-29 -1.032070e-28 -7.445275e-28 -4.811865e-27 -2.716797e-26 -1.265439e-25 -4.027887e-25 1.741217e-25 1.612536e-23 1.660506e-22 1.215365e-21 7.368437e-21 3.884371e-20 1.818323e-19 7.638205e-19 2.895506e-18 9.935816e-18 3.091308e-17 8.727727e-17 2.236885e-16 5.205051e-16 1.099578e-15 2.108241e-15 3.665615e-15 5.767959e-15 8.176283e-15 1.033738e-14 1.139891e-14 1.035679e-14 6.322526e-15 -1.158508e-15 -1.184363e-14 -2.468780e-14 -3.795740e-14 -4.955528e-14 -5.747992e-14 -6.029531e-14 -5.747992e-14 -4.955528e-14 -3.795740e-14 -2.468780e-14 -1.184363e-14 -1.158508e-15 6.322526e-15 1.035679e-14 1.139891e-14 1.033738e-14 8.176283e-15 5.767959e-15 3.665615e-15 2.108241e-15 1.099578e-15 5.205051e-16 2.236885e-16 8.727727e-17 3.091308e-17 9.935816e-18 2.895506e-18 7.638205e-19 1.818323e-19 3.884371e-20 7.368437e-21 1.215365e-21 1.660506e-22 1.612536e-23 1.741217e-25 -4.027887e-25 -1.265439e-25 -2.716797e-26 -4.811865e-27 -7.445275e-28 -1.032070e-28 -1.298805e-29 -1.495075e-30 -1.581040e-31 -1.539238e-32 -1.379974e-33 -1.137385e-34 -8.581339e-36 -5.876738e-37 -3.593180e-38 -1.893245e-39 -7.814317e-41 -1.564089e-42 1.265479e-43 2.059404e-44 1.872564e-45 1.158727e-46 1.902230e-48 4.705767e-51 2.105695e-54 2.262122e-58 7.299822e-63 8.342479e-68 0.000000e+00
0.000000e+00 1.736016e-66 1.417379e-61 4.102164e-57 3.556466e-53 7.346550e-50 2.701356e-47 1.447023e-45 1.898840e-44 1.190343e-43 -1.497197e-42 -7.647525e-41 -1.893245e-39 -3.672688e-38 -6.142198e-37 -9.175246e-36 -1.244650e-34 -1.546311e-33 -1.766978e-32 -1.860305e-31 -1.803997e-30 -1.607897e-29 -1.311471e-28 -9.714524e-28 -6.447912e-27 -3.737596e-26 -1.784069e-25 -5.761565e-25 3.756608e-25 2.594906e-23 2.725673e-22 2.052589e-21 1.283813e-20 6.991505e-20 3.383764e-19 1.470285e-18 5.766019e-18 2.046421e-17 6.580658e-17 1.917760e-16 5.062666e-16 1.209476e-15 2.610677e-15 5.078411e-15 8.863287e-15 1.376372e-14 1.869311e-14 2.132065e-14 1.802403e-14 4.345687e-15 -2.402256e-14 -6.992242e-14 -1.334529e-13 -2.111606e-13 -2.960217e-13 -3.783291e-13 -4.473371e-13 -4.933011e-13 -5.094331e-13 -4.933011e-13 -4.473371e-13 -3.783291e-13 -2.960217e-13 -2.111606e-13 -1.334529e-13 -6.992242e-14 -2.402256e-14 4.345687e-15 1.802403e-14 2.132065e-14 1.869311e-14 1.376372e-14 8.863287e-15 5.078411e-15 2.610677e-15 1.209476e-15 5.062666e-16 1.917760e-16 6.580658e-17 2.046421e-17 5.766019e-18 1.470285e-18 3.383764e-19 6.991505e-20 1.283813e-20 2.052589e-21 2.725673e-22 2.594906e-23 3.756608e-25 -5.761565e-25 -1.784069e-25 -3.737596e-26 -6.447912e-27 -9.714524e-28 -1.311471e-28 -1.607897e-29 -1.803997e-30 -1.860305e-31 -1.766978e-32 -1.546311e-33 -1.244650e-34 -9.175246e-36 -6.142198e-37 -3.672688e-38 -1.893245e-39 -7.647525e-41 -1.497197e-42 1.190343e-43 1.898840e-44 1.447023e-45 2.701356e-47 7.346550e-50 3.556466e-53 4.102164e-57 1.417379e-61 1.736016e-66 0.000000e+00
0.000000e+00 3.313856e-65 2.528063e-60 6.820185e-56 5.473210e-52 1.030951e-48 3.344693e-46 1.450263e-44 1.076358e-43 -1.371786e-42 -7.168059e-41 -1.812812e-39 -3.593180e-38 -6.142198e-37 -9.382145e-36 -1.301989e-34 -1.655512e-33 -1.937080e-32 -2.089247e-31 -2.076539e-30 -1.897869e-29 -1.588042e-28 -1.207205e-27 -8.224761e-27 -4.892697e-26 -2.393014e-25 -7.848281e-25 6.777479e-25 3.938504e-23 4.225404e-22 3.273226e-21 2.110866e-20 1.186696e-19 5.933374e-19 2.664538e-18 1.080113e-17 3.961504e-17 1.315539e-16 3.953874e-16 1.074108e-15 2.631528e-15 5.794185e-15 1.140188e-14 1.985741e-14 3.002529e-14 3.769193e-14 3.410645e-14 5.439147e-15 -6.604995e-14 -1.988341e-13 -4.074013e-13 -6.971585e-13 -1.060445e-12 -1.474963e-12 -1.905334e-12 -2.307687e-12 -2.636424e-12 -2.851801e-12 -2.926785e-12 -2.851801e-12 -2.636424e-12 -2.307687e-12 -1.905334e-12 -1.474963e-12 -1.060445e-12 -6.971585e-13 -4.074013e-13 -1.988341e-13 -6.604995e-14 5.439147e-15 3.410645e-14 3.769193e-14 3.002529e-14 1.985741e-14 1.140188e-14 5.794185e-15 2.631528e-15 1.074108e-15 3.953874e-16 1.315539e-16 3.961504e-17 1.080113e-17 2.664538e-18 5.933374e-19 1.186696e-19 2.110866e-20 3.273226e-21 4.225404e-22 3.938504e-23 6.777479e-25 -7.848281e-25 -2.393014e-25 -4.892697e-26 -8.224761e-27 -1.207205e-27 -1.588042e-28 -1.897869e-29 -2.076539e-30 -2.089247e-31 -1.937080e-32 -1.655512e-33 -1.301989e-34 -9.382145e-36 -6.142198e-37 -3.593180e-38 -1.812812e-39 -7.168059e-41 -1.371786e-42 1.076358e-43 1.450263e-44 3.344693e-46 1.030951e-48 5.473210e-52 6.820185e-56 2.528063e-60 3.313856e-65 0.000000e+00
0.000000e+00 5.809439e-64 4.134261e-59 1.033749e-54 7.583022e-51 1.266600e-47 3.362767e-45 8.371934e-44 -1.202994e-42 -6.434359e-41 -1.661984e-39 -3.364765e-38 -5.876738e-37 -9.175246e-36 -1.301989e-34 -1.693588e-33 -2.028128e-32 -2.239816e-31 -2.280555e-30 -2.136218e-29 -1.832781e-28 -1.429105e-27 -9.989539e-27 -6.096201e-26 -3.054883e-25 -1.018577e-24 1.082536e-24 5.643914e-23 6.191076e-22 4.932466e-21 3.277932e-20 1.901060e-19 9.812252e-19 4.550643e-18 1.905267e-17 7.215820e-17 2.472715e-16 7.658920e-16 2.139426e-15 5.370206e-15 1.204423e-14 2.390922e-14 4.128454e-14 5.970708e-14 6.491465e-14 2.757686e-14 -9.956710e-14 -3.793050e-13 -8.807782e-13 -1.664483e-12 -2.764807e-12 -4.174767e-12 -5.837350e-12 -7.646186e-12 -9.455993e-12 -1.110098e-11 -1.241783e-11 -1.326918e-11 -1.356363e-11 -1.326918e-11 -1.241783e-11 -1.110098e-11 -9.455993e-12 -7.646186e-12 -5.837350e-12 -4.174767e-12 -2.764807e-12 -1.664483e-12 -8.807782e-13 -3.793050e-13 -9.956710e-14 2.757686e-14 6.491465e-14 5.970708e-14 4.128454e-14 2.390922e-14 1.204423e-14 5.370206e-15 2.139426e-15 7.658920e-16 2.472715e-16 7.215820e-17 1.905267e-17 4.550643e-18 9.812252e-19 1.901060e-19 3.277932e-20 4.932466e-21 6.191076e-22 5.643914e-23 1.082536e-24 -1.018577e-24 -3.054883e-25 -6.096201e-26 -9.989539e-27 -1.429105e-27 -1.832781e-28 -2.136218e-29 -2.280555e-30 -2.239816e-31 -2.028128e-32 -1.693588e-33 -1.301989e-34 -9.175246e-36 -5.876738e-37 -3.364765e-38 -1.661984e-39 -6.434359e-41 -1.202994e-42 8.371934e-44 3.362767e-45 1.266600e-47 7.583022e-51 1.033749e-54 4.134261e-59 5.809439e-64 0.000000e+00
0.000000e+00 9.337641e-63 6.166425e-58 1.412525e-53 9.231769e-50 1.278726e-46 2.083471e-44 -7.876505e-43 -5.534168e-41 -1.458792e-39 -3.015672e-38 -5.379513e-37 -8.581339e-36 -1.244650e-34 -1.655512e-33 -2.028128e-32 -2.292361e-31 -2.389902e-30 -2.293249e-29 -2.016380e-28 -1.611950e-27 -1.155527e-26 -7.231595e-26 -3.712661e-25 -1.260029e-24 1.569336e-24 7.642398e-23 8.579383e-22 7.028356e-21 4.810837e-20 2.876468e-19 1.531597e-18 7.330327e-18 3.167622e-17 1.237947e-16 4.374711e-16 1.395549e-15 4.005964e-15 1.029466e-14 2.349025e-14 4.691918e-14 7.975496e-14 1.076086e-13 8.759704e-14 -6.866037e-14 -5.063631e-13 -1.423887e-12 -3.048386e-12 -5.592316e-12 -9.200304e-12 -1.390018e-11 -1.957135e-11 -2.593895e-11 -3.259529e-11 -3.904437e-11 -4.476067e-11 -4.925263e-11 -5.212139e-11 -5.310760e-11 -5.212139e-11 -4.925263e-11 -4.476067e-11 -3.904437e-11 -3.259529e-11 -2.593895e-11 -1.957135e-11 -1.390018e-11 -9.200304e-12 -5.592316e-12 -3.048386e-12 -1.423887e-12 -5.063631e-13 -6.866037e-14 8.759704e-14 1.076086e-13 7.975496e-14 4.691918e-14 2.349025e-14 1.029466e-14 4.005964e-15 1.395549e-15 4.374711e-16 1.237947e-16 3.167622e-17 7.330327e-18 1.531597e-18 2.876468e-19 4.810837e-20 7.028356e-21 8.579383e-22 7.642398e-23 1.569336e-24 -1.260029e-24 -3.712661e-25 -7.231595e-26 -1.155527e-26 -1.611950e-27 -2.016380e-28 -2.293249e-29 -2.389902e-30 -2.292361e-31 -2.028128e-32 -1.655512e-33 -1.244650e-34 -8.581339e-36 -5.379513e-37 -3.015672e-38 -1.458792e-39 -5.534168e-41 -7.876505e-43 2.083471e-44 1.278726e-46 9.231769e-50 1.412525e-53 6.166425e-58 9.337641e-63 0.000000e+00
0.000000e+00 1.369344e-61 8.301059e-57 1.701413e-52 9.331184e-49 8.454519e-46 -1.248648e-43 -3.773864e-41 -1.226622e-39 -2.586558e-38 -4.710930e-37 -7.675130e-36 -1.137385e-34 -1.546311e-33 -1.937080e-32 -2.239816e-31 -2.389902e-30 -2.348097e-29 -2.114910e-28 -1.732612e-27 -1.273203e-26 -8.168770e-26 -4.296521e-25 -1.486218e-24 2.091726e-24 9.785198e-23 1.125067e-21 9.475186e-21 6.676972e-20 4.113454e-19 2.258012e-18 1.114539e-17 4.967638e-17 2.002109e-16 7.291937e-16 2.394493e-15 7.059850e-15 1.856412e-14 4.305643e-14 8.632967e-14 1.433285e-13 1.738478e-13 6.187002e-14 -4.338461e-13 -1.716966e-12 -4.350847e-12 -8.996647e-12 -1.629513e-11 -2.671883e-11 -4.043450e-11 -5.721281e-11 -7.640739e-11 -9.700494e-11 -1.177317e-10 -1.371925e-10 -1.540167e-10 -1.669929e-10 -1.751777e-10 -1.779740e-10 -1.751777e-10 -1.669929e-10 -1.540167e-10 -1.371925e-10 -1.177317e-10 -9.700494e-11 -7.640739e-11 -5.721281e-11 -4.043450e-11 -2.671883e-11 -1.629513e-11 -8.996647e-12 -4.350847e-12 -1.716966e-12 -4.338461e-13 6.187002e-14 1.738478e-13 1.433285e-13 8.632967e-14 4.305643e-14 1.856412e-14 7.059850e-15 2.394493e-15 7.291937e-16 2.002109e-16 4.967638e-17 1.114539e-17 2.258012e-18 4.113454e-19 6.676972e-20 9.475186e-21 1.125067e-21 9.785198e-23 2.091726e-24 -1.486218e-24 -4.296521e-25 -8.168770e-26 -1.273203e-26 -1.732612e-27 -2.114910e-28 -2.348097e-29 -2.389902e-30 -2.239816e-31 -1.937080e-32 -1.546311e-33 -1.137385e-34 -7.675130e-36 -4.710930e-37 -2.586558e-38 -1.226622e-39 -3.773864e-41 -1.248648e-43 8.454519e-46 9.331184e-49 1.701413e-52 8.301059e-57 1.369344e-61 0.000000e+00
0.000000e+00 1.814185e-60 9.878152e-56 1.716508e-51 6.476942e-48 -2.668837e-45 -7.233760e-42 -8.267257e-40 -2.124418e-38 -3.946137e-37 -6.563903e-36 -9.934565e-35 -1.379974e-33 -1.766978e-32 -2.089247e-31 -2.280555e-30 -2.293249e-29 -2.114910e-28 -1.774792e-27 -1.336425e-26 -8.787929e-26 -4.735478e-25 -1.671919e-24 2.582349e-24 1.185302e-22 1.396781e-21 1.209113e-20 8.767828e-20 5.562510e-19 3.146071e-18 1.600535e-17 7.353727e-17 3.054720e-16 1.146085e-15 3.872360e-15 1.172255e-14 3.152985e-14 7.428501e-14 1.492140e-13 2.398669e-13 2.462661e-13 -1.167038e-13 -1.449607e-12 -4.774554e-12 -1.153988e-11 -2.346536e-11 -4.223351e-11 -6.910381e-11 -1.045638e-10 -1.481173e-10 -1.982612e-10 -2.526395e-10 -3.083219e-10 -3.621329e-10 -4.109652e-10 -4.520339e-10 -4.830541e-10 -5.023470e-10 -5.088918e-10 -5.023470e-10 -4.830541e-10 -4.520339e-10 -4.109652e-10 -3.621329e-10 -3.083219e-10 -2.526395e-10 -1.982612e-10 -1.481173e-10 -1.045638e-10 -6.910381e-11 -4.223351e-11 -2.346536e-11 -1.153988e-11 -4.774554e-12 -1.449607e-12 -1.167038e-13 2.462661e-13 2.398669e-13 1.492140e-13 7.428501e-14 3.152985e-14 1.172255e-14 3.872360e-15 1.146085e-15 3.054720e-16 7.353727e-17 1.600535e-17 3.146071e-18 5.562510e-19 8.767828e-20 1.209113e-20 1.396781e-21 1.185302e-22 2.582349e-24 -1.671919e-24 -4.735478e-25 -8.787929e-26 -1.336425e-26 -1.774792e-27 -2.114910e-28 -2.293249e-29 -2.280555e-30 -2.089247e-31 -1.766978e-32 -1.379974e-33 -9.934565e-35 -6.563903e-36 -3.946137e-37 -2.124418e-38 -8.267257e-40 -7.233760e-42 -2.668837e-45 6.476942e-48 1.716508e-51 9.878152e-56 1.814185e-60 0.000000e+00
0.000000e+00 2.129834e-59 9.919847e-55 1.234253e-50 -7.030090e-48 -2.221123e-43 -1.600831e-40 -1.405632e-38 -3.163835e-37 -5.366838e-36 -8.293029e-35 -1.176535e-33 -1.539238e-32 -1.860305e-31 -2.076539e-30 -2.136218e-29 -2.016380e-28 -1.732612e-27 -1.336425e-26 -9.004491e-26 -4.971358e-25 -1.794163e-24 2.965788e-24 1.358876e-22 1.642325e-21 1.461010e-20 1.089769e-19 7.116170e-19 4.144627e-18 2.172045e-17 1.028169e-16 4.399849e-16 1.699749e-15 5.907231e-15 1.835664e-14 5.049448e-14 1.208098e-13 2.427245e-13 3.742202e-13 2.906499e-13 -6.490509e-13 -3.816442e-12 -1.158276e-11 -2.734123e-11 -5.511926e-11 -9.879279e-11 -1.611248e-10 -2.429506e-10 -3.427729e-10 -4.568676e-10 -5.798237e-10 -7.053259e-10 -8.269613e-10 -9.388780e-10 -1.036202e-09 -1.115202e-09 -1.173254e-09 -1.208686e-09 -1.220591e-09 -1.208686e-09 -1.173254e-09 -1.115202e-09 -1.036202e-09 -9.388780e-10 -8.269613e-10 -7.053259e-10 -5.798237e-10 -4.568676e-10 -3.427729e-10 -2.429506e-10 -1.611248e-10 -9.879279e-11 -5.511926e-11 -2.734123e-11 -1.158276e-11 -3.816442e-12 -6.490509e-13 2.906499e-13 3.742202e-13 2.427245e-13 1.208098e-13 5.049448e-14 1.835664e-14 5.907231e-15 1.699749e-15 4.399849e-16 1.028169e-16 2.172045e-17 4.144627e-18 7.116170e-19 1.089769e-19 1.461010e-20 1.642325e-21 1.358876e-22 2.965788e-24 -1.794163e-24 -4.971358e-25 -9.004491e-26 -1.336425e-26 -1.732612e-27 -2.016380e-28 -2.136218e-29 -2.076539e-30 -1.860305e-31 -1.539238e-32 -1.176535e-33 -8.293029e-35 -5.366838e-36 -3.163835e-37 -1.405632e-38 -1.600831e-40 -2.221123e-43 -7.030090e-48 1.234253e-50 9.919847e-55 2.129834e-59 0.000000e+00
0.000000e+00 2.123780e-58 7.313895e-54 5.481371e-51 -1.300811e-45 -5.013069e-42 -2.698338e-39 -2.049935e-37 -4.197856e-36 -6.614893e-35 -9.581380e-34 -1.280293e-32 -1.581040e-31 -1.803997e-30 -1.897869e-29 -1.832781e-28 -1.611950e-27 -1.273203e-26 -8.787929e-26 -4.971358e-25 -1.836843e-24 3.176561e-24 1.474833e-22 1.829297e-21 1.672130e-20 1.282468e-19 8.615683e-19 5.164786e-18 2.786773e-17 1.358432e-16 5.985880e-16 2.380217e-15 8.506341e-15 2.713084e-14 7.632664e-14 1.854474e-13 3.723012e-13 5.449045e-13 2.426686e-13 -1.860532e-12 -8.652433e-12 -2.519991e-11 -5.879128e-11 -1.179695e-10 -2.105835e-10 -3.414821e-10 -5.107464e-10 -7.131287e-10 -9.388399e-10 -1.175338e-09 -1.409495e-09 -1.629549e-09 -1.826411e-09 -1.994210e-09 -2.130124e-09 -2.233710e-09 -2.305988e-09 -2.348497e-09 -2.362506e-09 -2.348497e-09 -2.305988e-09 -2.233710e-09 -2.130124e-09 -1.994210e-09 -1.826411e-09 -1.629549e-09 -1.409495e-09 -1.175338e-09 -9.388399e-10 -7.131287e-10 -5.107464e-10 -3.414821e-10 -2.105835e-10 -1.179695e-10 -5.879128e-11 -2.519991e-11 -8.652433e-12 -1.860532e-12 2.426686e-13 5.449045e-13 3.723012e-13 1.854474e-13 7.632664e-14 2.713084e-14 8.506341e-15 2.380217e-15 5.985880e-16 1.358432e-16 2.786773e-17 5.164786e-18 8.615683e-19 1.282468e-19 1.672130e-20 1.829297e-21 1.474833e-22 3.176561e-24 -1.836843e-24 -4.971358e-25 -8.787929e-26 -1.273203e-26 -1.611950e-27 -1.832781e-28 -1.897869e-29 -1.803997e-30 -1.581040e-31 -1.280293e-32 -9.581380e-34 -6.614893e-35 -4.197856e-36 -2.049935e-37 -2.698338e-39 -5.013069e-42 -1.300811e-45 5.481371e-51 7.313895e-54 2.123780e-58 0.000000e+00
0.000000e+00 1.592858e-57 1.168702e-53 -1.910292e-48 -3.010314e-44 -8.402406e-41 -3.877564e-38 -2.659765e-36 -5.044828e-35 -7.451624e-34 -1.016622e-32 -1.282307e-31 -1.495075e-30 -1.607897e-29 -1.588042e-28 -1.429105e-27 -1.155527e-26 -8.168770e-26 -4.735478e-25 -1.794163e-24 3.176561e-24 1.515617e-22 1.930538e-21 1.813032e-20 1.429325e-19 9.874642e-19 6.089867e-18 3.381594e-17 1.696707e-16 7.695608e-16 3.148753e-15 1.156941e-14 3.787373e-14 1.089941e-13 2.690245e-13 5.394959e-13 7.416902e-13 8.151169e-15 -4.196109e-12 -1.749955e-11 -4.992107e-11 -1.158915e-10 -2.319105e-10 -4.118816e-10 -6.617963e-10 -9.761920e-10 -1.338006e-09 -1.721819e-09 -2.099167e-09 -2.444080e-09 -2.737328e-09 -2.968582e-09 -3.136484e-09 -3.247095e-09 -3.311448e-09 -3.342816e-09 -3.354215e-09 -3.356370e-09 -3.356280e-09 -3.356370e-09 -3.354215e-09 -3.342816e-09 -3.311448e-09 -3.247095e-09 -3.136484e-09 -2.968582e-09 -2.737328e-09 -2.444080e-09 -2.099167e-09 -1.721819e-09 -1.338006e-09 -9.761920e-10 -6.617963e-10 -4.118816e-10 -2.319105e-10 -1.158915e-10 -4.992107e-11 -1.749955e-11 -4.196109e-12 8.151169e-15 7.416902e-13 5.394959e-13 2.690245e-13 1.089941e-13 3.787373e-14 1.156941e-14 3.148753e-15 7.695608e-16 1.696707e-16 3.381594e-17 6.089867e-18 9.874642e-19 1.429325e-19 1.813032e-20 1.930538e-21 1.515617e-22 3.176561e-24 -1.794163e-24 -4.735478e-25 -8.168770e-26 -1.155527e-26 -1.429105e-27 -1.588042e-28 -1.607897e-29 -1.495075e-30 -1.282307e-31 -1.016622e-32 -7.451624e-34 -5.044828e-35 -2.659765e-36 -3.877564e-38 -8.402406e-41 -3.010314e-44 -1.910292e-48 1.168702e-53 1.592858e-57 0.000000e+00
0.000000e+00 3.954905e-57 -8.749187e-52 -4.558164e-47 -5.019905e-43 -1.191451e-39 -4.943141e-37 -3.122675e-35 -5.537776e-34 -7.704650e-33 -9.922821e-32 -1.181773e-30 -1.298805e-29 -1.311471e-28 -1.207205e-27 -9.989539e-27 -7.231595e-26 -4.296521e-25 -1.671919e-24 2.965788e-24 1.474833e-22 1.930538e-21 1.862565e-20 1.508885e-19 1.071585e-18 6.796022e-18 3.881949e-17 2.004064e-16 9.352864e-16 3.936741e-15 1.486982e-14 4.996630e-14 1.471491e-13 3.692340e-13 7.400170e-13 9.458225e-13 -5.213241e-13 -8.155027e-12 -3.214659e-11 -9.090387e-11 -2.109026e-10 -4.212945e-10 -7.432683e-10 -1.178354e-09 -1.701975e-09 -2.266078e-09 -2.809763e-09 -3.273397e-09 -3.611206e-09 -3.798889e-09 -3.835318e-09 -3.739372e-09 -3.543909e-09 -3.288944e-09 -3.015540e-09 -2.761174e-09 -2.556738e-09 -2.424910e-09 -2.379435e-09 -2.424910e-09 -2.556738e-09 -2.761174e-09 -3.015540e-09 -3.288944e-09 -3.543909e-09 -3.739372e-09 -3.835318e-09 -3.798889e-09 -3.611206e-09 -3.273397e-09 -2.809763e-09 -2.266078e-09 -1.701975e-09 -1.178354e-09 -7.432683e-10 -4.212945e-10 -2.109026e-10 -9.090387e-11 -3.214659e-11 -8.155027e-12 -5.213241e-13 9.458225e-13 7.400170e-13 3.692340e-13 1.471491e-13 4.996630e-14 1.486982e-14 3.936741e-15 9.352864e-16 2.004064e-16 3.881949e-17 6.796022e-18 1.071585e-18 1.508885e-19 1.862565e-20 1.930538e-21 1.474833e-22 2.965788e-24 -1.671919e-24 -4.296521e-25 -7.231595e-26 -9.989539e-27 -1.207205e-27 -1.311471e-28 -1.298805e-29 -1.181773e-30 -9.922821e-32 -7.704650e-33 -5.537776e-34 -3.122675e-35 -4.943141e-37 -1.191451e-39 -5.019905e-43 -4.558164e-47 -8.749187e-52 3.954905e-57 0.000000e+00
0.000000e+00 -1.469499e-55 -2.167469e-50 -7.563955e-46 -7.021630e-42 -1.493509e-38 -5.692410e-36 -3.346115e-34 -5.576264e-33 -7.324136e-32 -8.907177e-31 -1.000052e-29 -1.032070e-28 -9.714524e-28 -8.224761e-27 -6.096201e-26 -3.712661e-25 -1.486218e-24 2.582349e-24 1.358876e-22 1.829297e-21 1.813032e-20 1.508885e-19 1.101174e-18 7.178956e-18 4.216700e-17 2.239015e-16 1.074874e-15 4.653273e-15 1.806761e-14 6.232962e-14 1.879418e-13 4.799368e-13 9.627238e-13 1.133907e-12 -1.434777e-12 -1.415061e-11 -5.420658e-11 -1.531440e-10 -3.561951e-10 -7.107024e-10 -1.243254e-09 -1.935295e-09 -2.712779e-09 -3.458800e-09 -4.043911e-09 -4.359962e-09 -4.344723e-09 -3.990937e-09 -3.340530e-09 -2.469504e-09 -1.469905e-09 -4.339131e-10 5.571591e-10 1.438487e-09 2.162805e-09 2.698532e-09 3.026534e-09 3.136879e-09 3.026534e-09 2.698532e-09 2.162805e-09 1.438487e-09 5.571591e-10 -4.339131e-10 -1.469905e-09 -2.469504e-09 -3.340530e-09 -3.990937e-09 -4.344723e-09 -4.359962e-09 -4.043911e-09 -3.458800e-09 -2.712779e-09 -1.935295e-09 -1.243254e-09 -7.107024e-10 -3.561951e-10 -1.531440e-10 -5.420658e-11 -1.415061e-11 -1.434777e-12 1.133907e-12 9.627238e-13 4.799368e-13 1.879418e-13 6.232962e-14 1.806761e-14 4.653273e-15 1.074874e-15 2.239015e-16 4.216700e-17 7.178956e-18 1.101174e-18 1.508885e-19 1.813032e-20 1.829297e-21 1.358876e-22 2.582349e-24 -1.486218e-24 -3.712661e-25 -6.096201e-26 -8.224761e-27 -9.714524e-28 -1.032070e-28 -1.000052e-29 -8.907177e-31 -7.324136e-32 -5.576264e-33 -3.346115e-34 -5.692410e-36 -1.493509e-38 -7.021630e-42 -7.563955e-46 -2.167469e-50 -1.469499e-55 0.000000e+00
0.000000e+00 -3.813523e-54 -3.580052e-49 -1.043044e-44 -8.649489e-41 -1.687826e-37 -5.976361e-35 -3.286879e-33 -5.159390e-32 -6.399554e-31 -7.337868e-30 -7.737478e-29 -7.445275e-28 -6.447912e-27 -4.892697e-26 -3.054883e-25 -1.260029e-24 2.091726e-24 1.185302e-22 1.642325e-21 1.672130e-20 1.429325e-19 1.071585e-18 7.178956e-18 4.334523e-17 2.366533e-16 1.168343e-15 5.201309e-15 2.076014e-14 7.354612e-14 2.272126e-13 5.913089e-13 1.190125e-12 1.284793e-12 -2.756338e-12 -2.231322e-11 -8.447647e-11 -2.398107e-10 -5.606265e-10 -1.117985e-09 -1.935740e-09 -2.942515e-09 -3.957853e-09 -4.733200e-09 -5.029805e-09 -4.692282e-09 -3.687133e-09 -2.099228e-09 -9.652974e-11 2.117795e-09 4.348665e-09 6.438583e-09 8.280633e-09 9.817856e-09 1.103386e-08 1.193935e-08 1.255852e-08 1.291724e-08 1.303451e-08 1.291724e-08 1.255852e-08 1.193935e-08 1.103386e-08 9.817856e-09 8.280633e-09 6.438583e-09 4.348665e-09 2.117795e-09 -9.652974e-11 -2.099228e-09 -3.687133e-09 -4.692282e-09 -5.029805e-09 -4.733200e-09 -3.957853e-09 -2.942515e-09 -1.935740e-09 -1.117985e-09 -5.606265e-10 -2.398107e-10 -8.447647e-11 -2.231322e-11 -2.756338e-12 1.284793e-12 1.190125e-12 5.913089e-13 2.272126e-13 7.354612e-14 2.076014e-14 5.201309e-15 1.168343e-15 2.366533e-16 4.334523e-17 7.178956e-18 1.071585e-18 1.429325e-19 1.672130e-20 1.642325e-21 1.185302e-22 2.091726e-24 -1.260029e-24 -3.054883e-25 -4.892697e-26 -6.447912e-27 -7.445275e-28 -7.737478e-29 -7.337868e-30 -6.399554e-31 -5.159390e-32 -3.286879e-33 -5.976361e-35 -1.687826e-37 -8.649489e-41 -1.043044e-44 -3.580052e-49 -3.813523e-54 0.000000e+00
