0.000000e+00 3.955362e-120 8.157355e-115 3.367300e-110 -1.028677e-105 -2.726195e-101 -7.041722e-98 -2.332330e-95 -1.904038e-93 -1.120557e-91 -5.870213e-90 -2.764681e-88 -1.177674e-86 -4.552044e-85 -1.598210e-83 -5.090711e-82 -1.465154e-80 -3.778202e-79 -8.584798e-78 -1.658093e-76 -2.470468e-75 -1.732967e-74 5.180779e-73 2.887064e-71 8.931977e-70 2.177471e-68 4.532773e-67 8.306339e-66 1.358207e-64 1.992819e-63 2.625407e-62 3.094067e-61 3.231581e-60 2.934365e-59 2.220310e-58 1.240083e-57 2.277898e-57 -5.881580e-56 -1.068380e-54 -1.198577e-53 -1.066829e-52 -8.044762e-52 -5.273829e-51 -3.041005e-50 -1.550550e-49 -7.003830e-49 -2.801972e-48 -9.912098e-48 -3.092548e-47 -8.482164e-47 -2.037849e-46 -4.273333e-46 -7.799019e-46 -1.237434e-45 -1.711641e-45 -2.085086e-45 -2.287981e-45 -2.348365e-45 -2.352976e-45 -2.348365e-45 -2.287981e-45 -2.085086e-45 -1.711641e-45 -1.237434e-45 -7.799019e-46 -4.273333e-46 -2.037849e-46 -8.482164e-47 -3.092548e-47 -9.912098e-48 -2.801972e-48 -7.003830e-49 -1.550550e-49 -3.041005e-50 -5.273829e-51 -8.044762e-52 -1.066829e-52 -1.198577e-53 -1.068380e-54 -5.881580e-56 2.277898e-57 1.240083e-57 2.220310e-58 2.934365e-59 3.231581e-60 3.094067e-61 2.625407e-62 1.992819e-63 1.358207e-64 8.306339e-66 4.532773e-67 2.177471e-68 8.931977e-70 2.887064e-71 5.180779e-73 -1.732967e-74 -2.470468e-75 -1.658093e-76 -8.584798e-78 -3.778202e-79 -1.465154e-80 -5.090711e-82 -1.598210e-83 -4.552044e-85 -1.177674e-86 -2.764681e-88 -5.870213e-90 -1.120557e-91 -1.904038e-93 -2.332330e-95 -7.041722e-98 -2.726195e-101 -1.028677e-105 3.367300e-110 8.157355e-115 3.955362e-120 0.000000e+00
0.000000e+00 1.267877e-114 1.371814e-109 -1.283732e-104 -1.311629e-99 -1.716873e-95 -3.437926e-92 -9.718642e-90 -7.043600e-88 -3.753824e-86 -1.800035e-84 -7.810078e-83 -3.076009e-81 -1.100772e-79 -3.574540e-78 -1.048909e-76 -2.757202e-75 -6.381100e-74 -1.252273e-72 -1.879199e-71 -1.225975e-70 4.689652e-69 2.535641e-67 7.944810e-66 1.976687e-64 4.212558e-63 7.917005e-62 1.329302e-60 2.004644e-59 2.716263e-58 3.293526e-57 3.538290e-56 3.299494e-55 2.550014e-54 1.422671e-53 1.766128e-53 -8.971829e-52 -1.585304e-50 -1.820423e-49 -1.678831e-48 -1.319305e-47 -9.048092e-47 -5.475142e-46 -2.937636e-45 -1.399778e-44 -5.920514e-44 -2.218293e-43 -7.338706e-43 -2.134238e-42 -5.425519e-42 -1.197086e-41 -2.271480e-41 -3.660745e-41 -4.918843e-41 -5.341295e-41 -4.400332e-41 -2.303408e-41 -1.277577e-42 7.980451e-42 -1.277577e-42 -2.303408e-41 -4.400332e-41 -5.341295e-41 -4.918843e-41 -3.660745e-41 -2.271480e-41 -1.197086e-41 -5.425519e-42 -2.134238e-42 -7.338706e-43 -2.218293e-43 -5.920514e-44 -1.399778e-44 -2.937636e-45 -5.475142e-46 -9.048092e-47 -1.319305e-47 -1.678831e-48 -1.820423e-49 -1.585304e-50 -8.971829e-52 1.766128e-53 1.422671e-53 2.550014e-54 3.299494e-55 3.538290e-56 3.293526e-57 2.716263e-58 2.004644e-59 1.329302e-60 7.917005e-62 4.212558e-63 1.976687e-64 7.944810e-66 2.535641e-67 4.689652e-69 -1.225975e-70 -1.879199e-71 -1.252273e-72 -6.381100e-74 -2.757202e-75 -1.048909e-76 -3.574540e-78 -1.100772e-79 -3.076009e-81 -7.810078e-83 -1.800035e-84 -3.753824e-86 -7.043600e-88 -9.718642e-90 -3.437926e-92 -1.716873e-95 -1.311629e-99 -1.283732e-104 1.371814e-109 1.267877e-114 0.000000e+00
0.000000e+00 8.708176e-110 -2.129779e-104 -6.714341e-99 -3.379880e-94 -3.427907e-90 -5.854181e-87 -1.466416e-84 -9.613875e-83 -4.689592e-81 -2.071439e-79 -8.308320e-78 -3.028662e-76 -1.002032e-74 -2.995856e-73 -8.021565e-72 -1.889269e-70 -3.762915e-69 -5.674412e-68 -3.360935e-67 1.679389e-65 8.843755e-64 2.804698e-62 7.115485e-61 1.550898e-59 2.986158e-58 5.142775e-57 7.961679e-56 1.108118e-54 1.380440e-53 1.523011e-52 1.455698e-51 1.145871e-50 6.338677e-50 2.897287e-50 -5.271777e-48 -9.136917e-47 -1.073190e-45 -1.023482e-44 -8.361702e-44 -5.983000e-43 -3.787821e-42 -2.131469e-41 -1.067488e-40 -4.754313e-40 -1.878344e-39 -6.556458e-39 -2.010258e-38 -5.369997e-38 -1.234887e-37 -2.397893e-37 -3.791629e-37 -4.467569e-37 -2.654930e-37 3.566133e-37 1.474886e-36 2.866358e-36 4.048426e-36 4.514808e-36 4.048426e-36 2.866358e-36 1.474886e-36 3.566133e-37 -2.654930e-37 -4.467569e-37 -3.791629e-37 -2.397893e-37 -1.234887e-37 -5.369997e-38 -2.010258e-38 -6.556458e-39 -1.878344e-39 -4.754313e-40 -1.067488e-40 -2.131469e-41 -3.787821e-42 -5.983000e-43 -8.361702e-44 -1.023482e-44 -1.073190e-45 -9.136917e-47 -5.271777e-48 2.897287e-50 6.338677e-50 1.145871e-50 1.455698e-51 1.523011e-52 1.380440e-53 1.108118e-54 7.961679e-56 5.142775e-57 2.986158e-58 1.550898e-59 7.115485e-61 2.804698e-62 8.843755e-64 1.679389e-65 -3.360935e-67 -5.674412e-68 -3.762915e-69 -1.889269e-70 -8.021565e-72 -2.995856e-73 -1.002032e-74 -3.028662e-76 -8.308320e-78 -2.071439e-79 -4.689592e-81 -9.613875e-83 -1.466416e-84 -5.854181e-87 -3.427907e-90 -3.379880e-94 -6.714341e-99 -2.129779e-104 8.708176e-110 0.000000e+00
0.000000e+00 -4.801207e-105 -3.951299e-99 -6.133157e-94 -2.391599e-89 -2.068317e-85 -3.128192e-82 -7.075650e-80 -4.241065e-78 -1.905344e-76 -7.778346e-75 -2.886718e-73 -9.724768e-72 -2.960438e-70 -8.068361e-69 -1.932212e-67 -3.901245e-66 -5.897251e-65 -3.062041e-64 2.064898e-62 1.062490e-60 3.408699e-59 8.810549e-58 1.962205e-56 3.866811e-55 6.823324e-54 1.083178e-52 1.546643e-51 1.976843e-50 2.236322e-49 2.186645e-48 1.747915e-47 9.501207e-47 -5.530910e-47 -1.039033e-44 -1.777077e-43 -2.133383e-42 -2.100177e-41 -1.779829e-40 -1.325320e-39 -8.754150e-39 -5.150658e-38 -2.702169e-37 -1.262584e-36 -5.238436e-36 -1.920402e-35 -6.174546e-35 -1.721531e-34 -4.085074e-34 -7.961233e-34 -1.167292e-33 -8.767465e-34 1.452119e-33 7.766902e-33 1.964394e-32 3.675230e-32 5.575901e-32 7.094657e-32 7.677645e-32 7.094657e-32 5.575901e-32 3.675230e-32 1.964394e-32 7.766902e-33 1.452119e-33 -8.767465e-34 -1.167292e-33 -7.961233e-34 -4.085074e-34 -1.721531e-34 -6.174546e-35 -1.920402e-35 -5.238436e-36 -1.262584e-36 -2.702169e-37 -5.150658e-38 -8.754150e-39 -1.325320e-39 -1.779829e-40 -2.100177e-41 -2.133383e-42 -1.777077e-43 -1.039033e-44 -5.530910e-47 9.501207e-47 1.747915e-47 2.186645e-48 2.236322e-49 1.976843e-50 1.546643e-51 1.083178e-52 6.823324e-54 3.866811e-55 1.962205e-56 8.810549e-58 3.408699e-59 1.062490e-60 2.064898e-62 -3.062041e-64 -5.897251e-65 -3.901245e-66 -1.932212e-67 -8.068361e-69 -2.960438e-70 -9.724768e-72 -2.886718e-73 -7.778346e-75 -1.905344e-76 -4.241065e-78 -7.075650e-80 -3.128192e-82 -2.068317e-85 -2.391599e-89 -6.133157e-94 -3.951299e-99 -4.801207e-105 0.000000e+00
0.000000e+00 -2.604776e-100 -1.056683e-94 -1.270608e-89 -4.224767e-85 -3.235419e-81 -4.416454e-78 -9.117062e-76 -5.026956e-74 -2.086771e-72 -7.880071e-71 -2.701421e-69 -8.368122e-68 -2.319733e-66 -5.643793e-65 -1.153760e-63 -1.743541e-62 -7.511681e-62 7.211676e-60 3.635959e-58 1.179434e-56 3.103370e-55 7.055835e-54 1.421738e-52 2.567891e-51 4.175427e-50 6.109191e-49 8.000994e-48 9.266626e-47 9.251249e-46 7.485887e-45 3.953920e-44 -7.813941e-44 -5.696874e-42 -9.658468e-41 -1.184172e-39 -1.201296e-38 -1.053857e-37 -8.147610e-37 -5.600533e-36 -3.435683e-35 -1.882288e-34 -9.195564e-34 -3.991423e-33 -1.530182e-32 -5.132797e-32 -1.483543e-31 -3.592542e-31 -6.844717e-31 -8.291270e-31 3.208246e-31 5.407079e-30 1.892549e-29 4.619300e-29 9.036803e-29 1.485212e-28 2.095449e-28 2.566578e-28 2.744501e-28 2.566578e-28 2.095449e-28 1.485212e-28 9.036803e-29 4.619300e-29 1.892549e-29 5.407079e-30 3.208246e-31 -8.291270e-31 -6.844717e-31 -3.592542e-31 -1.483543e-31 -5.132797e-32 -1.530182e-32 -3.991423e-33 -9.195564e-34 -1.882288e-34 -3.435683e-35 -5.600533e-36 -8.147610e-37 -1.053857e-37 -1.201296e-38 -1.184172e-39 -9.658468e-41 -5.696874e-42 -7.813941e-44 3.953920e-44 7.485887e-45 9.251249e-46 9.266626e-47 8.000994e-48 6.109191e-49 4.175427e-50 2.567891e-51 1.421738e-52 7.055835e-54 3.103370e-55 1.179434e-56 3.635959e-58 7.211676e-60 -7.511681e-62 -1.743541e-62 -1.153760e-63 -5.643793e-65 -2.319733e-66 -8.368122e-68 -2.701421e-69 -7.880071e-71 -2.086771e-72 -5.026956e-74 -9.117062e-76 -4.416454e-78 -3.235419e-81 -4.224767e-85 -1.270608e-89 -1.056683e-94 -2.604776e-100 0.000000e+00
0.000000e+00 -1.585319e-96 -4.983650e-91 -5.110160e-86 -1.504645e-81 -1.039940e-77 -1.294975e-74 -2.454812e-72 -1.249061e-70 -4.794592e-69 -1.671711e-67 -5.266183e-66 -1.483868e-64 -3.664726e-63 -7.576643e-62 -1.141378e-60 -3.708511e-60 5.568823e-58 2.758535e-56 9.043911e-55 2.420773e-53 5.614218e-52 1.155688e-50 2.134530e-49 3.551453e-48 5.318651e-47 7.128620e-46 8.440627e-45 8.587659e-44 7.011258e-43 3.548434e-42 -1.374285e-41 -6.778039e-40 -1.143328e-38 -1.430635e-37 -1.493333e-36 -1.353593e-35 -1.084243e-34 -7.737827e-34 -4.936575e-33 -2.816443e-32 -1.434128e-31 -6.489836e-31 -2.591380e-30 -9.024023e-30 -2.685172e-29 -6.550982e-29 -1.173097e-28 -8.210018e-29 4.202456e-28 2.373111e-27 7.696001e-27 1.921711e-26 3.980856e-26 7.057526e-26 1.088509e-25 1.474809e-25 1.765783e-25 1.874359e-25 1.765783e-25 1.474809e-25 1.088509e-25 7.057526e-26 3.980856e-26 1.921711e-26 7.696001e-27 2.373111e-27 4.202456e-28 -8.210018e-29 -1.173097e-28 -6.550982e-29 -2.685172e-29 -9.024023e-30 -2.591380e-30 -6.489836e-31 -1.434128e-31 -2.816443e-32 -4.936575e-33 -7.737827e-34 -1.084243e-34 -1.353593e-35 -1.493333e-36 -1.430635e-37 -1.143328e-38 -6.778039e-40 -1.374285e-41 3.548434e-42 7.011258e-43 8.587659e-44 8.440627e-45 7.128620e-46 5.318651e-47 3.551453e-48 2.134530e-49 1.155688e-50 5.614218e-52 2.420773e-53 9.043911e-55 2.758535e-56 5.568823e-58 -3.708511e-60 -1.141378e-60 -7.576643e-62 -3.664726e-63 -1.483868e-64 -5.266183e-66 -1.671711e-67 -4.794592e-69 -1.249061e-70 -2.454812e-72 -1.294975e-74 -1.039940e-77 -1.504645e-81 -5.110160e-86 -4.983650e-91 -1.585319e-96 0.000000e+00
0.000000e+00 -1.300496e-93 -3.487434e-88 -3.167380e-83 -8.418347e-79 -5.308379e-75 -6.068196e-72 -1.059740e-69 -4.979864e-68 -1.764459e-66 -5.650519e-65 -1.617744e-63 -4.053988e-62 -8.471416e-61 -1.270061e-59 -2.606602e-59 7.261937e-57 3.549364e-55 1.176534e-53 3.202871e-52 7.573692e-51 1.591866e-49 3.004747e-48 5.112112e-47 7.830521e-46 1.073220e-44 1.297931e-43 1.344198e-42 1.104862e-41 5.285681e-41 -3.377439e-40 -1.340679e-38 -2.260489e-37 -2.887360e-36 -3.098631e-35 -2.898418e-34 -2.401765e-33 -1.776490e-32 -1.176385e-31 -6.974149e-31 -3.692604e-30 -1.737414e-29 -7.203044e-29 -2.593648e-28 -7.896903e-28 -1.914590e-27 -3.029140e-27 1.001917e-27 3.007333e-26 1.397026e-25 4.507548e-25 1.170812e-24 2.571956e-24 4.891374e-24 8.163616e-24 1.206350e-23 1.588005e-23 1.869787e-23 1.973903e-23 1.869787e-23 1.588005e-23 1.206350e-23 8.163616e-24 4.891374e-24 2.571956e-24 1.170812e-24 4.507548e-25 1.397026e-25 3.007333e-26 1.001917e-27 -3.029140e-27 -1.914590e-27 -7.896903e-28 -2.593648e-28 -7.203044e-29 -1.737414e-29 -3.692604e-30 -6.974149e-31 -1.176385e-31 -1.776490e-32 -2.401765e-33 -2.898418e-34 -3.098631e-35 -2.887360e-36 -2.260489e-37 -1.340679e-38 -3.377439e-40 5.285681e-41 1.104862e-41 1.344198e-42 1.297931e-43 1.073220e-44 7.830521e-46 5.112112e-47 3.004747e-48 1.591866e-49 7.573692e-51 3.202871e-52 1.176534e-53 3.549364e-55 7.261937e-57 -2.606602e-59 -1.270061e-59 -8.471416e-61 -4.053988e-62 -1.617744e-63 -5.650519e-65 -1.764459e-66 -4.979864e-68 -1.059740e-69 -6.068196e-72 -5.308379e-75 -8.418347e-79 -3.167380e-83 -3.487434e-88 -1.300496e-93 0.000000e+00
0.000000e+00 -1.732647e-91 -4.120256e-86 -3.381553e-81 -8.208469e-77 -4.756456e-73 -5.012290e-70 -8.077482e-68 -3.502360e-66 -1.140627e-64 -3.321963e-63 -8.461176e-62 -1.792336e-60 -2.693504e-59 -3.078324e-59 1.737213e-56 8.490491e-55 2.857265e-53 7.928042e-52 1.914284e-50 4.113022e-49 7.942549e-48 1.383239e-46 2.169625e-45 3.045009e-44 3.768574e-43 3.984807e-42 3.316726e-41 1.523636e-40 -1.337285e-39 -4.836656e-38 -8.255074e-37 -1.081450e-35 -1.196150e-34 -1.156363e-33 -9.923030e-33 -7.612931e-32 -5.235951e-31 -3.227469e-30 -1.778020e-29 -8.705169e-29 -3.751246e-28 -1.398805e-27 -4.366046e-27 -1.051328e-26 -1.390736e-26 3.018832e-26 3.027548e-25 1.348465e-24 4.473794e-24 1.221626e-23 2.851990e-23 5.804404e-23 1.042312e-22 1.665476e-22 2.382987e-22 3.067629e-22 3.564778e-22 3.746961e-22 3.564778e-22 3.067629e-22 2.382987e-22 1.665476e-22 1.042312e-22 5.804404e-23 2.851990e-23 1.221626e-23 4.473794e-24 1.348465e-24 3.027548e-25 3.018832e-26 -1.390736e-26 -1.051328e-26 -4.366046e-27 -1.398805e-27 -3.751246e-28 -8.705169e-29 -1.778020e-29 -3.227469e-30 -5.235951e-31 -7.612931e-32 -9.923030e-33 -1.156363e-33 -1.196150e-34 -1.081450e-35 -8.255074e-37 -4.836656e-38 -1.337285e-39 1.523636e-40 3.316726e-41 3.984807e-42 3.768574e-43 3.045009e-44 2.169625e-45 1.383239e-46 7.942549e-48 4.113022e-49 1.914284e-50 7.928042e-52 2.857265e-53 8.490491e-55 1.737213e-56 -3.078324e-59 -2.693504e-59 -1.792336e-60 -8.461176e-62 -3.321963e-63 -1.140627e-64 -3.502360e-66 -8.077482e-68 -5.012290e-70 -4.756456e-73 -8.208469e-77 -3.381553e-81 -4.120256e-86 -1.732647e-91 0.000000e+00
0.000000e+00 -1.061142e-89 -2.284426e-84 -1.715460e-79 -3.833773e-75 -2.051815e-71 -1.998478e-68 -2.972296e-66 -1.185495e-64 -3.519201e-63 -9.143381e-62 -1.975592e-60 -3.023971e-59 -3.059787e-59 2.062424e-56 1.027772e-54 3.536016e-53 1.004122e-51 2.483195e-50 5.468131e-49 1.082897e-47 1.935278e-46 3.116811e-45 4.494003e-44 5.716430e-43 6.212703e-42 5.307840e-41 2.470332e-40 -2.386375e-39 -8.697543e-38 -1.528670e-36 -2.069863e-35 -2.370908e-34 -2.377300e-33 -2.118843e-32 -1.690626e-31 -1.210837e-30 -7.781491e-30 -4.473957e-29 -2.287597e-28 -1.029438e-27 -4.001761e-27 -1.294024e-26 -3.154977e-26 -3.555827e-26 1.614113e-25 1.364998e-24 6.204345e-24 2.160373e-23 6.256599e-23 1.557876e-22 3.394225e-22 6.544035e-22 1.125715e-21 1.739100e-21 2.425633e-21 3.067111e-21 3.526495e-21 3.693679e-21 3.526495e-21 3.067111e-21 2.425633e-21 1.739100e-21 1.125715e-21 6.544035e-22 3.394225e-22 1.557876e-22 6.256599e-23 2.160373e-23 6.204345e-24 1.364998e-24 1.614113e-25 -3.555827e-26 -3.154977e-26 -1.294024e-26 -4.001761e-27 -1.029438e-27 -2.287597e-28 -4.473957e-29 -7.781491e-30 -1.210837e-30 -1.690626e-31 -2.118843e-32 -2.377300e-33 -2.370908e-34 -2.069863e-35 -1.528670e-36 -8.697543e-38 -2.386375e-39 2.470332e-40 5.307840e-41 6.212703e-42 5.716430e-43 4.494003e-44 3.116811e-45 1.935278e-46 1.082897e-47 5.468131e-49 2.483195e-50 1.004122e-51 3.536016e-53 1.027772e-54 2.062424e-56 -3.059787e-59 -3.023971e-59 -1.975592e-60 -9.143381e-62 -3.519201e-63 -1.185495e-64 -2.972296e-66 -1.998478e-68 -2.051815e-71 -3.833773e-75 -1.715460e-79 -2.284426e-84 -1.061142e-89 0.000000e+00
0.000000e+00 -5.665733e-88 -1.116420e-82 -7.721907e-78 -1.594746e-73 -7.893467e-70 -7.097287e-67 -9.695924e-65 -3.521366e-63 -9.329716e-62 -2.057682e-60 -3.216011e-59 -3.296026e-59 2.292179e-56 1.167933e-54 4.111067e-53 1.195043e-51 3.026940e-50 6.830830e-49 1.387128e-47 2.543478e-46 4.205481e-45 6.229072e-44 8.144178e-43 9.101606e-42 7.994330e-41 3.803714e-40 -3.900710e-39 -1.452178e-37 -2.632948e-36 -3.685684e-35 -4.370807e-34 -4.543093e-33 -4.202599e-32 -3.484514e-31 -2.596394e-30 -1.737916e-29 -1.041770e-28 -5.557526e-28 -2.609507e-27 -1.056951e-26 -3.541444e-26 -8.751135e-26 -7.982287e-26 6.785496e-25 5.373097e-24 2.521150e-23 9.230833e-23 2.831966e-22 7.500559e-22 1.742859e-21 3.590690e-21 6.611689e-21 1.095326e-20 1.641869e-20 2.237621e-20 2.783385e-20 3.169119e-20 3.308580e-20 3.169119e-20 2.783385e-20 2.237621e-20 1.641869e-20 1.095326e-20 6.611689e-21 3.590690e-21 1.742859e-21 7.500559e-22 2.831966e-22 9.230833e-23 2.521150e-23 5.373097e-24 6.785496e-25 -7.982287e-26 -8.751135e-26 -3.541444e-26 -1.056951e-26 -2.609507e-27 -5.557526e-28 -1.041770e-28 -1.737916e-29 -2.596394e-30 -3.484514e-31 -4.202599e-32 -4.543093e-33 -4.370807e-34 -3.685684e-35 -2.632948e-36 -1.452178e-37 -3.900710e-39 3.803714e-40 7.994330e-41 9.101606e-42 8.144178e-43 6.229072e-44 4.205481e-45 2.543478e-46 1.387128e-47 6.830830e-49 3.026940e-50 1.195043e-51 4.111067e-53 1.167933e-54 2.292179e-56 -3.296026e-59 -3.216011e-59 -2.057682e-60 -9.329716e-62 -3.521366e-63 -9.695924e-65 -7.097287e-67 -7.893467e-70 -1.594746e-73 -7.721907e-78 -1.116420e-82 -5.665733e-88 0.000000e+00
0.000000e+00 -2.720808e-86 -4.938751e-81 -3.157385e-76 -6.032467e-72 -2.757455e-68 -2.277538e-65 -2.827683e-63 -9.149536e-62 -2.057684e-60 -3.282631e-59 -3.419328e-59 2.442070e-56 1.271755e-54 4.577743e-53 1.361490e-51 3.530170e-50 8.159435e-49 1.698007e-47 3.192538e-46 5.415800e-45 8.234982e-44 1.105906e-42 1.269998e-41 1.146104e-40 5.574927e-40 -6.042290e-39 -2.298919e-37 -4.296496e-36 -6.211696e-35 -7.618124e-34 -8.198684e-33 -7.861621e-32 -6.764377e-31 -5.236359e-30 -3.645189e-29 -2.274586e-28 -1.263987e-27 -6.182804e-27 -2.605375e-26 -9.033191e-26 -2.257760e-25 -1.489437e-25 2.470908e-24 1.904964e-23 9.263171e-23 3.563506e-22 1.155411e-21 3.244569e-21 8.009623e-21 1.755470e-20 3.442129e-20 6.078217e-20 9.723447e-20 1.416706e-19 1.888737e-19 2.312845e-19 2.608728e-19 2.715010e-19 2.608728e-19 2.312845e-19 1.888737e-19 1.416706e-19 9.723447e-20 6.078217e-20 3.442129e-20 1.755470e-20 8.009623e-21 3.244569e-21 1.155411e-21 3.563506e-22 9.263171e-23 1.904964e-23 2.470908e-24 -1.489437e-25 -2.257760e-25 -9.033191e-26 -2.605375e-26 -6.182804e-27 -1.263987e-27 -2.274586e-28 -3.645189e-29 -5.236359e-30 -6.764377e-31 -7.861621e-32 -8.198684e-33 -7.618124e-34 -6.211696e-35 -4.296496e-36 -2.298919e-37 -6.042290e-39 5.574927e-40 1.146104e-40 1.269998e-41 1.105906e-42 8.234982e-44 5.415800e-45 3.192538e-46 1.698007e-47 8.159435e-49 3.530170e-50 1.361490e-51 4.577743e-53 1.271755e-54 2.442070e-56 -3.419328e-59 -3.282631e-59 -2.057684e-60 -9.149536e-62 -2.827683e-63 -2.277538e-65 -2.757455e-68 -6.032467e-72 -3.157385e-76 -4.938751e-81 -2.720808e-86 0.000000e+00
0.000000e+00 -1.182254e-84 -1.983955e-79 -1.173751e-74 -2.071938e-70 -8.705530e-67 -6.537087e-64 -7.215570e-62 -1.977106e-60 -3.216017e-59 -3.419328e-59 2.494166e-56 1.327051e-54 4.882613e-53 1.485042e-51 3.939656e-50 9.321459e-49 1.986805e-47 3.828085e-46 6.658572e-45 1.038719e-43 1.431868e-42 1.688580e-41 1.564777e-40 7.782207e-40 -8.875548e-39 -3.452937e-37 -6.647184e-36 -9.916452e-35 -1.256452e-33 -1.398526e-32 -1.388449e-31 -1.238215e-30 -9.944892e-30 -7.189936e-29 -4.663645e-28 -2.695637e-27 -1.371639e-26 -6.005119e-26 -2.151967e-25 -5.431621e-25 -2.009065e-25 8.002539e-24 6.135564e-23 3.098013e-22 1.250792e-21 4.276330e-21 1.269544e-20 3.318341e-20 7.707073e-20 1.602128e-19 3.000077e-19 5.091172e-19 7.874818e-19 1.116090e-18 1.456199e-18 1.755810e-18 1.962084e-18 2.035686e-18 1.962084e-18 1.755810e-18 1.456199e-18 1.116090e-18 7.874818e-19 5.091172e-19 3.000077e-19 1.602128e-19 7.707073e-20 3.318341e-20 1.269544e-20 4.276330e-21 1.250792e-21 3.098013e-22 6.135564e-23 8.002539e-24 -2.009065e-25 -5.431621e-25 -2.151967e-25 -6.005119e-26 -1.371639e-26 -2.695637e-27 -4.663645e-28 -7.189936e-29 -9.944892e-30 -1.238215e-30 -1.388449e-31 -1.398526e-32 -1.256452e-33 -9.916452e-35 -6.647184e-36 -3.452937e-37 -8.875548e-39 7.782207e-40 1.564777e-40 1.688580e-41 1.431868e-42 1.038719e-43 6.658572e-45 3.828085e-46 1.986805e-47 9.321459e-49 3.939656e-50 1.485042e-51 4.882613e-53 1.327051e-54 2.494166e-56 -3.419328e-59 -3.216017e-59 -1.977106e-60 -7.215570e-62 -6.537087e-64 -8.705530e-67 -2.071938e-70 -1.173751e-74 -1.983955e-79 -1.182254e-84 0.000000e+00
0.000000e+00 -4.663391e-83 -7.244083e-78 -3.961420e-73 -6.432042e-69 -2.459546e-65 -1.643789e-62 -1.533151e-60 -3.026990e-59 -3.296164e-59 2.442070e-56 1.327051e-54 4.988651e-53 1.550930e-51 4.207631e-50 1.018595e-48 2.222451e-47 4.385766e-46 7.817458e-45 1.250369e-43 1.768175e-42 2.139994e-41 2.035268e-40 1.035064e-39 -1.237084e-38 -4.923328e-37 -9.756058e-36 -1.500526e-34 -1.962325e-33 -2.256716e-32 -2.317138e-31 -2.139266e-30 -1.780493e-29 -1.335194e-28 -8.990580e-28 -5.398004e-27 -2.853434e-26 -1.296312e-25 -4.796616e-25 -1.221118e-24 -5.301859e-26 2.340057e-23 1.806734e-22 9.481071e-22 4.012157e-21 1.443316e-20 4.518124e-20 1.246675e-19 3.058084e-19 6.713855e-19 1.327309e-18 2.377065e-18 3.879330e-18 5.802777e-18 7.999094e-18 1.021116e-17 1.211959e-17 1.341504e-17 1.387399e-17 1.341504e-17 1.211959e-17 1.021116e-17 7.999094e-18 5.802777e-18 3.879330e-18 2.377065e-18 1.327309e-18 6.713855e-19 3.058084e-19 1.246675e-19 4.518124e-20 1.443316e-20 4.012157e-21 9.481071e-22 1.806734e-22 2.340057e-23 -5.301859e-26 -1.221118e-24 -4.796616e-25 -1.296312e-25 -2.853434e-26 -5.398004e-27 -8.990580e-28 -1.335194e-28 -1.780493e-29 -2.139266e-30 -2.317138e-31 -2.256716e-32 -1.962325e-33 -1.500526e-34 -9.756058e-36 -4.923328e-37 -1.237084e-38 1.035064e-39 2.035268e-40 2.139994e-41 1.768175e-42 1.250369e-43 7.817458e-45 4.385766e-46 2.222451e-47 1.018595e-48 4.207631e-50 1.550930e-51 4.988651e-53 1.327051e-54 2.442070e-56 -3.296164e-59 -3.026990e-59 -1.533151e-60 -1.643789e-62 -2.459546e-65 -6.432042e-69 -3.961420e-73 -7.244083e-78 -4.663391e-83 0.000000e+00
0.000000e+00 -1.671509e-81 -2.401009e-76 -1.208479e-71 -1.787703e-67 -6.096281e-64 -3.454230e-61 -2.321688e-59 -3.098070e-59 2.292176e-56 1.271755e-54 4.882613e-53 1.550930e-51 4.300917e-50 1.064759e-48 2.376944e-47 4.801624e-46 8.765739e-45 1.436709e-43 2.082978e-42 2.585770e-41 2.522670e-40 1.312123e-39 -1.636983e-38 -6.667194e-37 -1.359098e-35 -2.153382e-34 -2.904007e-33 -3.447207e-32 -3.656899e-31 -3.491418e-30 -3.007840e-29 -2.336800e-28 -1.631451e-27 -1.016216e-26 -5.573693e-26 -2.624559e-25 -1.001900e-24 -2.570470e-24 8.177284e-25 6.237894e-23 4.888236e-22 2.666534e-21 1.181124e-20 4.461783e-20 1.469260e-19 4.268413e-19 1.102591e-18 2.548086e-18 5.298076e-18 9.967870e-18 1.707043e-17 2.677291e-17 3.868931e-17 5.181252e-17 6.463715e-17 7.544495e-17 8.266424e-17 8.520100e-17 8.266424e-17 7.544495e-17 6.463715e-17 5.181252e-17 3.868931e-17 2.677291e-17 1.707043e-17 9.967870e-18 5.298076e-18 2.548086e-18 1.102591e-18 4.268413e-19 1.469260e-19 4.461783e-20 1.181124e-20 2.666534e-21 4.888236e-22 6.237894e-23 8.177284e-25 -2.570470e-24 -1.001900e-24 -2.624559e-25 -5.573693e-26 -1.016216e-26 -1.631451e-27 -2.336800e-28 -3.007840e-29 -3.491418e-30 -3.656899e-31 -3.447207e-32 -2.904007e-33 -2.153382e-34 -1.359098e-35 -6.667194e-37 -1.636983e-38 1.312123e-39 2.522670e-40 2.585770e-41 2.082978e-42 1.436709e-43 8.765739e-45 4.801624e-46 2.376944e-47 1.064759e-48 4.300917e-50 1.550930e-51 4.882613e-53 1.271755e-54 2.292176e-56 -3.098070e-59 -2.321688e-59 -3.454230e-61 -6.096281e-64 -1.787703e-67 -1.208479e-71 -2.401009e-76 -1.671509e-81 0.000000e+00
0.000000e+00 -5.437404e-80 -7.193153e-75 -3.301946e-70 -4.364642e-66 -1.267703e-62 -5.249795e-60 -3.524648e-59 2.062729e-56 1.167933e-54 4.577743e-53 1.485042e-51 4.207631e-50 1.064759e-48 2.430775e-47 5.023998e-46 9.388621e-45 1.575991e-43 2.341306e-42 2.979507e-41 2.980387e-40 1.585777e-39 -2.057409e-38 -8.578627e-37 -1.797877e-35 -2.932261e-34 -4.074403e-33 -4.987756e-32 -5.461411e-31 -5.386794e-30 -4.798429e-29 -3.857869e-28 -2.789411e-27 -1.800479e-26 -1.023468e-25 -4.990162e-25 -1.963867e-24 -5.075375e-24 3.614502e-24 1.526064e-22 1.219962e-21 6.916751e-21 3.202497e-20 1.268020e-19 4.383096e-19 1.337514e-18 3.628925e-18 8.802487e-18 1.918549e-17 3.777030e-17 6.754678e-17 1.104095e-16 1.660210e-16 2.311593e-16 2.999122e-16 3.646975e-16 4.177291e-16 4.524373e-16 4.645055e-16 4.524373e-16 4.177291e-16 3.646975e-16 2.999122e-16 2.311593e-16 1.660210e-16 1.104095e-16 6.754678e-17 3.777030e-17 1.918549e-17 8.802487e-18 3.628925e-18 1.337514e-18 4.383096e-19 1.268020e-19 3.202497e-20 6.916751e-21 1.219962e-21 1.526064e-22 3.614502e-24 -5.075375e-24 -1.963867e-24 -4.990162e-25 -1.023468e-25 -1.800479e-26 -2.789411e-27 -3.857869e-28 -4.798429e-29 -5.386794e-30 -5.461411e-31 -4.987756e-32 -4.074403e-33 -2.932261e-34 -1.797877e-35 -8.578627e-37 -2.057409e-38 1.585777e-39 2.980387e-40 2.979507e-41 2.341306e-42 1.575991e-43 9.388621e-45 5.023998e-46 2.430775e-47 1.064759e-48 4.207631e-50 1.485042e-51 4.577743e-53 1.167933e-54 2.062729e-56 -3.524648e-59 -5.249795e-60 -1.267703e-62 -4.364642e-66 -3.301946e-70 -7.193153e-75 -5.437404e-80 0.000000e+00
0.000000e+00 -1.598714e-78 -1.930742e-73 -7.934191e-69 -8.972346e-65 -1.935915e-61 -1.413839e-59 1.454908e-56 1.028189e-54 4.111067e-53 1.361490e-51 3.939656e-50 1.018595e-48 2.376944e-47 5.023998e-46 9.605857e-45 1.650576e-43 2.511312e-42 3.274489e-41 3.356903e-40 1.827521e-39 -2.456865e-38 -1.049125e-36 -2.259239e-35 -3.790257e-34 -5.422157e-33 -6.839380e-32 -7.722891e-31 -7.861950e-30 -7.234081e-29 -6.012630e-28 -4.497588e-27 -3.005045e-26 -1.768525e-25 -8.920164e-25 -3.616907e-24 -9.415175e-24 1.068611e-23 3.443295e-22 2.817621e-21 1.659696e-20 8.021942e-20 3.323510e-19 1.203580e-18 3.849714e-18 1.094593e-17 2.779841e-17 6.332885e-17 1.300065e-16 2.417311e-16 4.094832e-16 6.360512e-16 9.122717e-16 1.216932e-15 1.520733e-15 1.792618e-15 2.005720e-15 2.140826e-15 2.187014e-15 2.140826e-15 2.005720e-15 1.792618e-15 1.520733e-15 1.216932e-15 9.122717e-16 6.360512e-16 4.094832e-16 2.417311e-16 1.300065e-16 6.332885e-17 2.779841e-17 1.094593e-17 3.849714e-18 1.203580e-18 3.323510e-19 8.021942e-20 1.659696e-20 2.817621e-21 3.443295e-22 1.068611e-23 -9.415175e-24 -3.616907e-24 -8.920164e-25 -1.768525e-25 -3.005045e-26 -4.497588e-27 -6.012630e-28 -7.234081e-29 -7.861950e-30 -7.722891e-31 -6.839380e-32 -5.422157e-33 -3.790257e-34 -2.259239e-35 -1.049125e-36 -2.456865e-38 1.827521e-39 3.356903e-40 3.274489e-41 2.511312e-42 1.650576e-43 9.605857e-45 5.023998e-46 2.376944e-47 1.018595e-48 3.939656e-50 1.361490e-51 4.111067e-53 1.028189e-54 1.454908e-56 -1.413839e-59 -1.935915e-61 -8.972346e-65 -7.934191e-69 -1.930742e-73 -1.598714e-78 0.000000e+00
0.000000e+00 -4.212452e-77 -4.562116e-72 -1.610436e-67 -1.373111e-63 -7.470248e-61 2.841278e-57 7.174134e-55 3.537800e-53 1.195043e-51 3.530170e-50 9.321459e-49 2.222451e-47 4.801624e-46 9.388621e-45 1.650576e-43 2.570659e-42 3.432669e-41 3.605087e-40 2.008651e-39 -2.788318e-38 -1.219791e-36 -2.697658e-35 -4.652290e-34 -6.846840e-33 -8.891854e-32 -1.034552e-30 -1.086029e-29 -1.031277e-28 -8.852572e-28 -6.843900e-27 -4.728634e-26 -2.878379e-25 -1.500586e-24 -6.265778e-24 -1.643362e-23 2.599203e-23 7.192590e-22 6.038526e-21 3.693487e-20 1.861243e-19 8.055887e-19 3.051055e-18 1.020991e-17 3.036124e-17 8.055243e-17 1.913344e-16 4.083431e-16 7.863150e-16 1.373048e-15 2.187017e-15 3.198967e-15 4.329001e-15 5.463926e-15 6.488531e-15 7.316185e-15 7.904214e-15 8.248080e-15 8.360276e-15 8.248080e-15 7.904214e-15 7.316185e-15 6.488531e-15 5.463926e-15 4.329001e-15 3.198967e-15 2.187017e-15 1.373048e-15 7.863150e-16 4.083431e-16 1.913344e-16 8.055243e-17 3.036124e-17 1.020991e-17 3.051055e-18 8.055887e-19 1.861243e-19 3.693487e-20 6.038526e-21 7.192590e-22 2.599203e-23 -1.643362e-23 -6.265778e-24 -1.500586e-24 -2.878379e-25 -4.728634e-26 -6.843900e-27 -8.852572e-28 -1.031277e-28 -1.086029e-29 -1.034552e-30 -8.891854e-32 -6.846840e-33 -4.652290e-34 -2.697658e-35 -1.219791e-36 -2.788318e-38 2.008651e-39 3.605087e-40 3.432669e-41 2.570659e-42 1.650576e-43 9.388621e-45 4.801624e-46 2.222451e-47 9.321459e-49 3.530170e-50 1.195043e-51 3.537800e-53 7.174134e-55 2.841278e-57 -7.470248e-61 -1.373111e-63 -1.610436e-67 -4.562116e-72 -4.212452e-77 0.000000e+00
0.000000e+00 -9.779511e-76 -9.132203e-71 -2.462866e-66 -6.655414e-63 8.895350e-59 1.413897e-55 2.422479e-53 1.004689e-51 3.026942e-50 8.159435e-49 1.986805e-47 4.385766e-46 8.765739e-45 1.575991e-43 2.511312e-42 3.432669e-41 3.691795e-40 2.105785e-39 -3.008059e-38 -1.348583e-36 -3.061499e-35 -5.423932e-34 -8.206428e-33 -1.096449e-31 -1.313410e-30 -1.420582e-29 -1.390920e-28 -1.232018e-27 -9.834838e-27 -7.020288e-26 -4.415994e-25 -2.377689e-24 -1.021979e-23 -2.702482e-23 5.528866e-23 1.395089e-21 1.203575e-20 7.639710e-20 4.009019e-19 1.810122e-18 7.158285e-18 2.501869e-17 7.767211e-17 2.148773e-16 5.310130e-16 1.175066e-15 2.335073e-15 4.181767e-15 6.778342e-15 9.995560e-15 1.348795e-14 1.676698e-14 1.935698e-14 2.096946e-14 2.161218e-14 2.157551e-14 2.129542e-14 2.115216e-14 2.129542e-14 2.157551e-14 2.161218e-14 2.096946e-14 1.935698e-14 1.676698e-14 1.348795e-14 9.995560e-15 6.778342e-15 4.181767e-15 2.335073e-15 1.175066e-15 5.310130e-16 2.148773e-16 7.767211e-17 2.501869e-17 7.158285e-18 1.810122e-18 4.009019e-19 7.639710e-20 1.203575e-20 1.395089e-21 5.528866e-23 -2.702482e-23 -1.021979e-23 -2.377689e-24 -4.415994e-25 -7.020288e-26 -9.834838e-27 -1.232018e-27 -1.390920e-28 -1.420582e-29 -1.313410e-30 -1.096449e-31 -8.206428e-33 -5.423932e-34 -3.061499e-35 -1.348583e-36 -3.008059e-38 2.105785e-39 3.691795e-40 3.432669e-41 2.511312e-42 1.575991e-43 8.765739e-45 4.385766e-46 1.986805e-47 8.159435e-49 3.026942e-50 1.004689e-51 2.422479e-53 1.413897e-55 8.895350e-59 -6.655414e-63 -2.462866e-66 -9.132203e-71 -9.779511e-76 0.000000e+00
0.000000e+00 -1.928389e-74 -1.391998e-69 -1.395524e-65 5.342794e-61 4.500609e-57 4.717870e-54 6.735828e-52 2.484713e-50 6.830835e-49 1.698007e-47 3.828085e-46 7.817458e-45 1.436709e-43 2.341306e-42 3.274489e-41 3.605087e-40 2.105785e-39 -3.085051e-38 -1.417946e-36 -3.302739e-35 -6.007558e-34 -9.338320e-33 -1.282710e-31 -1.580769e-30 -1.760235e-29 -1.775634e-28 -1.621515e-27 -1.335398e-26 -9.839579e-26 -6.390706e-25 -3.551246e-24 -1.570729e-23 -4.192188e-23 1.056445e-22 2.518639e-21 2.235322e-20 1.471518e-19 8.032141e-19 3.778132e-18 1.557794e-17 5.677920e-17 1.837427e-16 5.291567e-16 1.358003e-15 3.108840e-15 6.355206e-15 1.161514e-14 1.900372e-14 2.785811e-14 3.657378e-14 4.286014e-14 4.443404e-14 3.992424e-14 2.960429e-14 1.559894e-14 1.410556e-15 -9.109490e-15 -1.298792e-14 -9.109490e-15 1.410556e-15 1.559894e-14 2.960429e-14 3.992424e-14 4.443404e-14 4.286014e-14 3.657378e-14 2.785811e-14 1.900372e-14 1.161514e-14 6.355206e-15 3.108840e-15 1.358003e-15 5.291567e-16 1.837427e-16 5.677920e-17 1.557794e-17 3.778132e-18 8.032141e-19 1.471518e-19 2.235322e-20 2.518639e-21 1.056445e-22 -4.192188e-23 -1.570729e-23 -3.551246e-24 -6.390706e-25 -9.839579e-26 -1.335398e-26 -1.621515e-27 -1.775634e-28 -1.760235e-29 -1.580769e-30 -1.282710e-31 -9.338320e-33 -6.007558e-34 -3.302739e-35 -1.417946e-36 -3.085051e-38 2.105785e-39 3.605087e-40 3.274489e-41 2.341306e-42 1.436709e-43 7.817458e-45 3.828085e-46 1.698007e-47 6.830835e-49 2.484713e-50 6.735828e-52 4.717870e-54 4.500609e-57 5.342794e-61 -1.395524e-65 -1.391998e-69 -1.928389e-74 0.000000e+00
0.000000e+00 -2.922794e-73 -8.827844e-69 8.104948e-64 2.757014e-59 1.486492e-55 1.289567e-52 1.629084e-50 5.471692e-49 1.387129e-47 3.192538e-46 6.658572e-45 1.250369e-43 2.082978e-42 2.979507e-41 3.356903e-40 2.008651e-39 -3.008059e-38 -1.417946e-36 -3.387268e-35 -6.322305e-34 -1.009039e-32 -1.423982e-31 -1.804127e-30 -2.066739e-29 -2.146257e-28 -2.019096e-27 -1.714092e-26 -1.302644e-25 -8.728923e-25 -5.002846e-24 -2.276489e-23 -6.140943e-23 1.839431e-22 4.240576e-21 3.874673e-20 2.643644e-19 1.499390e-18 7.338357e-18 3.150559e-17 1.195903e-16 4.028401e-16 1.205962e-15 3.209032e-15 7.585400e-15 1.590702e-14 2.952939e-14 4.832965e-14 6.915363e-14 8.486753e-14 8.500575e-14 5.840373e-14 -2.805684e-15 -9.928103e-14 -2.222836e-13 -3.543043e-13 -4.725930e-13 -5.546436e-13 -5.840022e-13 -5.546436e-13 -4.725930e-13 -3.543043e-13 -2.222836e-13 -9.928103e-14 -2.805684e-15 5.840373e-14 8.500575e-14 8.486753e-14 6.915363e-14 4.832965e-14 2.952939e-14 1.590702e-14 7.585400e-15 3.209032e-15 1.205962e-15 4.028401e-16 1.195903e-16 3.150559e-17 7.338357e-18 1.499390e-18 2.643644e-19 3.874673e-20 4.240576e-21 1.839431e-22 -6.140943e-23 -2.276489e-23 -5.002846e-24 -8.728923e-25 -1.302644e-25 -1.714092e-26 -2.019096e-27 -2.146257e-28 -2.066739e-29 -1.804127e-30 -1.423982e-31 -1.009039e-32 -6.322305e-34 -3.387268e-35 -1.417946e-36 -3.008059e-38 2.008651e-39 3.356903e-40 2.979507e-41 2.082978e-42 1.250369e-43 6.658572e-45 3.192538e-46 1.387129e-47 5.471692e-49 1.629084e-50 1.289567e-52 1.486492e-55 2.757014e-59 8.104948e-64 -8.827844e-69 -2.922794e-73 0.000000e+00
0.000000e+00 -2.015600e-72 3.866971e-67 4.277328e-62 9.012062e-58 3.996622e-54 3.058970e-51 3.505323e-49 1.083642e-47 2.543481e-46 5.415800e-45 1.038719e-43 1.768175e-42 2.585770e-41 2.980387e-40 1.827521e-39 -2.788318e-38 -1.348583e-36 -3.302739e-35 -6.322305e-34 -1.035419e-32 -1.500298e-31 -1.952878e-30 -2.299897e-29 -2.456996e-28 -2.379382e-27 -2.080649e-26 -1.629624e-25 -1.125831e-24 -6.651178e-24 -3.113150e-23 -8.502743e-23 2.943547e-22 6.669175e-21 6.277017e-20 4.435982e-19 2.611675e-18 1.328457e-17 5.931530e-17 2.341899e-16 8.201361e-16 2.549045e-15 7.023834e-15 1.711569e-14 3.673098e-14 6.894082e-14 1.117287e-13 1.521011e-13 1.615014e-13 9.655060e-14 -9.243722e-14 -4.463750e-13 -9.805169e-13 -1.672004e-12 -2.456872e-12 -3.238423e-12 -3.905206e-12 -4.354066e-12 -4.512395e-12 -4.354066e-12 -3.905206e-12 -3.238423e-12 -2.456872e-12 -1.672004e-12 -9.805169e-13 -4.463750e-13 -9.243722e-14 9.655060e-14 1.615014e-13 1.521011e-13 1.117287e-13 6.894082e-14 3.673098e-14 1.711569e-14 7.023834e-15 2.549045e-15 8.201361e-16 2.341899e-16 5.931530e-17 1.328457e-17 2.611675e-18 4.435982e-19 6.277017e-20 6.669175e-21 2.943547e-22 -8.502743e-23 -3.113150e-23 -6.651178e-24 -1.125831e-24 -1.629624e-25 -2.080649e-26 -2.379382e-27 -2.456996e-28 -2.299897e-29 -1.952878e-30 -1.500298e-31 -1.035419e-32 -6.322305e-34 -3.302739e-35 -1.348583e-36 -2.788318e-38 1.827521e-39 2.980387e-40 2.585770e-41 1.768175e-42 1.038719e-43 5.415800e-45 2.543481e-46 1.083642e-47 3.505323e-49 3.058970e-51 3.996622e-54 9.012062e-58 4.277328e-62 3.866971e-67 -2.015600e-72 0.000000e+00
0.000000e+00 6.834216e-71 2.093498e-65 1.383097e-60 2.382022e-56 9.300511e-53 6.447271e-50 6.778480e-48 1.936680e-46 4.205486e-45 8.234982e-44 1.431868e-42 2.139994e-41 2.522670e-40 1.585777e-39 -2.456865e-38 -1.219791e-36 -3.061499e-35 -6.007558e-34 -1.009039e-32 -1.500298e-31 -2.005115e-30 -2.426073e-29 -2.664434e-28 -2.654272e-27 -2.389068e-26 -1.927114e-25 -1.371687e-24 -8.348671e-24 -4.019067e-23 -1.113706e-22 4.353267e-22 9.810118e-21 9.514718e-20 6.960448e-19 4.249981e-18 2.244422e-17 1.041060e-16 4.270586e-16 1.553147e-15 5.006506e-15 1.426993e-14 3.580176e-14 7.846714e-14 1.482536e-13 2.351313e-13 2.928702e-13 2.202716e-13 -1.419382e-13 -9.873179e-13 -2.493891e-12 -4.762600e-12 -7.765120e-12 -1.131958e-11 -1.510327e-11 -1.869986e-11 -2.166981e-11 -2.362784e-11 -2.431151e-11 -2.362784e-11 -2.166981e-11 -1.869986e-11 -1.510327e-11 -1.131958e-11 -7.765120e-12 -4.762600e-12 -2.493891e-12 -9.873179e-13 -1.419382e-13 2.202716e-13 2.928702e-13 2.351313e-13 1.482536e-13 7.846714e-14 3.580176e-14 1.426993e-14 5.006506e-15 1.553147e-15 4.270586e-16 1.041060e-16 2.244422e-17 4.249981e-18 6.960448e-19 9.514718e-20 9.810118e-21 4.353267e-22 -1.113706e-22 -4.019067e-23 -8.348671e-24 -1.371687e-24 -1.927114e-25 -2.389068e-26 -2.654272e-27 -2.664434e-28 -2.426073e-29 -2.005115e-30 -1.500298e-31 -1.009039e-32 -6.007558e-34 -3.061499e-35 -1.219791e-36 -2.456865e-38 1.585777e-39 2.522670e-40 2.139994e-41 1.431868e-42 8.234982e-44 4.205486e-45 1.936680e-46 6.778480e-48 6.447271e-50 9.300511e-53 2.382022e-56 1.383097e-60 2.093498e-65 6.834216e-71 0.000000e+00
0.000000e+00 3.809161e-69 6.693014e-64 3.591174e-59 5.434309e-55 1.920229e-51 1.220202e-48 1.182197e-46 3.119187e-45 6.229082e-44 1.105906e-42 1.688580e-41 2.035268e-40 1.312123e-39 -2.057409e-38 -1.049125e-36 -2.697658e-35 -5.423932e-34 -9.338320e-33 -1.423982e-31 -1.952878e-30 -2.426073e-29 -2.737367e-28 -2.803296e-27 -2.595443e-26 -2.154737e-25 -1.579196e-24 -9.897495e-24 -4.900257e-23 -1.380930e-22 5.972308e-22 1.351109e-20 1.350766e-19 1.022297e-18 6.468139e-18 3.542979e-17 1.705513e-16 7.261765e-16 2.740042e-15 9.152061e-15 2.696019e-14 6.957400e-14 1.554799e-13 2.944969e-13 4.507719e-13 4.805419e-13 6.591151e-14 -1.310436e-12 -4.306580e-12 -9.572588e-12 -1.755312e-11 -2.830859e-11 -4.141524e-11 -5.597431e-11 -7.072445e-11 -8.422577e-11 -9.507280e-11 -1.020968e-10 -1.045276e-10 -1.020968e-10 -9.507280e-11 -8.422577e-11 -7.072445e-11 -5.597431e-11 -4.141524e-11 -2.830859e-11 -1.755312e-11 -9.572588e-12 -4.306580e-12 -1.310436e-12 6.591151e-14 4.805419e-13 4.507719e-13 2.944969e-13 1.554799e-13 6.957400e-14 2.696019e-14 9.152061e-15 2.740042e-15 7.261765e-16 1.705513e-16 3.542979e-17 6.468139e-18 1.022297e-18 1.350766e-19 1.351109e-20 5.972308e-22 -1.380930e-22 -4.900257e-23 -9.897495e-24 -1.579196e-24 -2.154737e-25 -2.595443e-26 -2.803296e-27 -2.737367e-28 -2.426073e-29 -1.952878e-30 -1.423982e-31 -9.338320e-33 -5.423932e-34 -2.697658e-35 -1.049125e-36 -2.057409e-38 1.312123e-39 2.035268e-40 1.688580e-41 1.105906e-42 6.229082e-44 3.119187e-45 1.182197e-46 1.220202e-48 1.920229e-51 5.434309e-55 3.591174e-59 6.693014e-64 3.809161e-69 0.000000e+00
0.000000e+00 1.203404e-67 1.705748e-62 8.025103e-58 1.098261e-53 3.556741e-50 2.081646e-47 1.857171e-45 4.497618e-44 8.144195e-43 1.269998e-41 1.564777e-40 1.035064e-39 -1.636983e-38 -8.578627e-37 -2.259239e-35 -4.652290e-34 -8.206428e-33 -1.282710e-31 -1.804127e-30 -2.299897e-29 -2.664434e-28 -2.803296e-27 -2.668087e-26 -2.278347e-25 -1.718336e-24 -1.108499e-23 -5.644400e-23 -1.621832e-22 7.620300e-22 1.743757e-20 1.797412e-19 1.406590e-18 9.214757e-18 5.230729e-17 2.610757e-16 1.152757e-15 4.508947e-15 1.559365e-14 4.744395e-14 1.258504e-13 2.864293e-13 5.418783e-13 7.871679e-13 6.266551e-13 -8.306359e-13 -5.080064e-12 -1.408970e-11 -2.988568e-11 -5.397347e-11 -8.680589e-11 -1.274821e-10 -1.737594e-10 -2.223459e-10 -2.693664e-10 -3.108800e-10 -3.433484e-10 -3.640016e-10 -3.710858e-10 -3.640016e-10 -3.433484e-10 -3.108800e-10 -2.693664e-10 -2.223459e-10 -1.737594e-10 -1.274821e-10 -8.680589e-11 -5.397347e-11 -2.988568e-11 -1.408970e-11 -5.080064e-12 -8.306359e-13 6.266551e-13 7.871679e-13 5.418783e-13 2.864293e-13 1.258504e-13 4.744395e-14 1.559365e-14 4.508947e-15 1.152757e-15 2.610757e-16 5.230729e-17 9.214757e-18 1.406590e-18 1.797412e-19 1.743757e-20 7.620300e-22 -1.621832e-22 -5.644400e-23 -1.108499e-23 -1.718336e-24 -2.278347e-25 -2.668087e-26 -2.803296e-27 -2.664434e-28 -2.299897e-29 -1.804127e-30 -1.282710e-31 -8.206428e-33 -4.652290e-34 -2.259239e-35 -8.578627e-37 -1.636983e-38 1.035064e-39 1.564777e-40 1.269998e-41 8.144195e-43 4.497618e-44 1.857171e-45 2.081646e-47 3.556741e-50 1.098261e-53 8.025103e-58 1.705748e-62 1.203404e-67 0.000000e+00
0.000000e+00 3.007777e-66 3.730381e-61 1.586100e-56 1.989248e-52 5.934967e-49 3.198023e-46 2.611194e-44 5.721324e-43 9.101631e-42 1.146104e-40 7.782207e-40 -1.237084e-38 -6.667194e-37 -1.797877e-35 -3.790257e-34 -6.846840e-33 -1.096449e-31 -1.580769e-30 -2.066739e-29 -2.456996e-28 -2.654272e-27 -2.595443e-26 -2.278347e-25 -1.767364e-24 -1.173063e-23 -6.143539e-23 -1.804923e-22 9.058838e-22 2.110299e-20 2.243211e-19 1.814264e-18 1.229760e-17 7.228327e-17 3.737654e-16 1.710027e-15 6.928528e-15 2.479433e-14 7.787630e-14 2.122566e-13 4.916539e-13 9.261021e-13 1.250846e-12 4.923094e-13 -3.593737e-12 -1.488370e-11 -3.860636e-11 -8.023741e-11 -1.438998e-10 -2.309290e-10 -3.391533e-10 -4.630762e-10 -5.947872e-10 -7.252233e-10 -8.453985e-10 -9.473492e-10 -1.024700e-09 -1.072905e-09 -1.089269e-09 -1.072905e-09 -1.024700e-09 -9.473492e-10 -8.453985e-10 -7.252233e-10 -5.947872e-10 -4.630762e-10 -3.391533e-10 -2.309290e-10 -1.438998e-10 -8.023741e-11 -3.860636e-11 -1.488370e-11 -3.593737e-12 4.923094e-13 1.250846e-12 9.261021e-13 4.916539e-13 2.122566e-13 7.787630e-14 2.479433e-14 6.928528e-15 1.710027e-15 3.737654e-16 7.228327e-17 1.229760e-17 1.814264e-18 2.243211e-19 2.110299e-20 9.058838e-22 -1.804923e-22 -6.143539e-23 -1.173063e-23 -1.767364e-24 -2.278347e-25 -2.595443e-26 -2.654272e-27 -2.456996e-28 -2.066739e-29 -1.580769e-30 -1.096449e-31 -6.846840e-33 -3.790257e-34 -1.797877e-35 -6.667194e-37 -1.237084e-38 7.782207e-40 1.146104e-40 9.101631e-42 5.721324e-43 2.611194e-44 3.198023e-46 5.934967e-49 1.989248e-52 1.586100e-56 3.730381e-61 3.007777e-66 0.000000e+00
