0.000000e+00 -8.612148e-116 -4.216566e-110 -5.479357e-105 -1.909619e-100 -1.514478e-96 -2.129616e-93 -4.519192e-91 -2.560116e-89 -1.093077e-87 -4.257844e-86 -1.512977e-84 -4.895621e-83 -1.435923e-81 -3.783199e-80 -8.795546e-79 -1.736147e-77 -2.614290e-76 -1.634701e-75 7.180515e-74 3.860420e-72 1.230294e-70 3.133771e-69 6.867464e-68 1.332491e-66 2.319201e-65 3.641435e-64 5.163224e-63 6.592015e-62 7.519595e-61 7.543130e-60 6.433189e-59 4.271599e-58 1.475690e-57 -1.325869e-56 -3.518737e-55 -4.721256e-54 -4.889545e-53 -4.270796e-52 -3.250961e-51 -2.188770e-50 -1.312598e-49 -7.032587e-49 -3.368242e-48 -1.440511e-47 -5.487672e-47 -1.855245e-46 -5.537749e-46 -1.449356e-45 -3.293976e-45 -6.406753e-45 -1.040273e-44 -1.339437e-44 -1.175756e-44 -1.492365e-45 1.872635e-44 4.470585e-44 6.707973e-44 7.595461e-44 6.707973e-44 4.470585e-44 1.872635e-44 -1.492365e-45 -1.175756e-44 -1.339437e-44 -1.040273e-44 -6.406753e-45 -3.293976e-45 -1.449356e-45 -5.537749e-46 -1.855245e-46 -5.487672e-47 -1.440511e-47 -3.368242e-48 -7.032587e-49 -1.312598e-49 -2.188770e-50 -3.250961e-51 -4.270796e-52 -4.889545e-53 -4.721256e-54 -3.518737e-55 -1.325869e-56 1.475690e-57 4.271599e-58 6.433189e-59 7.543130e-60 7.519595e-61 6.592015e-62 5.163224e-63 3.641435e-64 2.319201e-65 1.332491e-66 6.867464e-68 3.133771e-69 1.230294e-70 3.860420e-72 7.180515e-74 -1.634701e-75 -2.614290e-76 -1.736147e-77 -8.795546e-79 -3.783199e-80 -1.435923e-81 -4.895621e-83 -1.512977e-84 -4.257844e-86 -1.093077e-87 -2.560116e-89 -4.519192e-91 -2.129616e-93 -1.514478e-96 -1.909619e-100 -5.479357e-105 -4.216566e-110 -8.612148e-116 0.000000e+00
0.000000e+00 -6.550766e-110 -2.226810e-104 -2.394387e-99 -7.303897e-95 -5.202239e-91 -6.662493e-88 -1.298830e-85 -6.803323e-84 -2.695527e-82 -9.749121e-81 -3.211302e-79 -9.588228e-78 -2.570770e-76 -6.076249e-75 -1.215900e-73 -1.837041e-72 -1.028909e-71 5.950567e-70 3.121668e-68 1.006060e-66 2.609823e-65 5.841396e-64 1.159487e-62 2.066799e-61 3.326126e-60 4.836556e-59 6.334265e-58 7.410194e-57 7.613338e-56 6.622874e-55 4.419894e-54 1.363978e-53 -1.889032e-52 -4.610314e-51 -6.261131e-50 -6.666974e-49 -6.025106e-48 -4.762960e-47 -3.339360e-46 -2.090167e-45 -1.171164e-44 -5.876520e-44 -2.636796e-43 -1.054903e-42 -3.745913e-42 -1.172884e-41 -3.207015e-41 -7.541838e-41 -1.484540e-40 -2.304728e-40 -2.325074e-40 3.829746e-41 8.554059e-40 2.441052e-39 4.753613e-39 7.337156e-39 9.406957e-39 1.020231e-38 9.406957e-39 7.337156e-39 4.753613e-39 2.441052e-39 8.554059e-40 3.829746e-41 -2.325074e-40 -2.304728e-40 -1.484540e-40 -7.541838e-41 -3.207015e-41 -1.172884e-41 -3.745913e-42 -1.054903e-42 -2.636796e-43 -5.876520e-44 -1.171164e-44 -2.090167e-45 -3.339360e-46 -4.762960e-47 -6.025106e-48 -6.666974e-49 -6.261131e-50 -4.610314e-51 -1.889032e-52 1.363978e-53 4.419894e-54 6.622874e-55 7.613338e-56 7.410194e-57 6.334265e-58 4.836556e-59 3.326126e-60 2.066799e-61 1.159487e-62 5.841396e-64 2.609823e-65 1.006060e-66 3.121668e-68 5.950567e-70 -1.028909e-71 -1.837041e-72 -1.215900e-73 -6.076249e-75 -2.570770e-76 -9.588228e-78 -3.211302e-79 -9.749121e-81 -2.695527e-82 -6.803323e-84 -1.298830e-85 -6.662493e-88 -5.202239e-91 -7.303897e-95 -2.394387e-99 -2.226810e-104 -6.550766e-110 0.000000e+00
0.000000e+00 -1.414121e-104 -3.977401e-99 -3.743156e-94 -1.025427e-89 -6.651451e-86 -7.821953e-83 -1.407460e-80 -6.832500e-79 -2.512702e-77 -8.420736e-76 -2.557846e-74 -6.974268e-73 -1.674503e-71 -3.393081e-70 -5.130830e-69 -2.469462e-68 1.956767e-66 1.004497e-64 3.272121e-63 8.637917e-62 1.972971e-60 4.002737e-59 7.300109e-58 1.202903e-56 1.791834e-55 2.404342e-54 2.880689e-53 3.026367e-52 2.679134e-51 1.788044e-50 4.648674e-50 -1.027725e-48 -2.357712e-47 -3.241998e-46 -3.544655e-45 -3.308375e-44 -2.710360e-43 -1.974265e-42 -1.286497e-41 -7.517926e-41 -3.940070e-40 -1.848694e-39 -7.738792e-39 -2.874428e-38 -9.394875e-38 -2.666815e-37 -6.425675e-37 -1.253248e-36 -1.726538e-36 -5.644425e-37 5.813791e-36 2.348882e-35 5.962205e-35 1.184506e-34 1.960457e-34 2.775399e-34 3.404823e-34 3.642567e-34 3.404823e-34 2.775399e-34 1.960457e-34 1.184506e-34 5.962205e-35 2.348882e-35 5.813791e-36 -5.644425e-37 -1.726538e-36 -1.253248e-36 -6.425675e-37 -2.666815e-37 -9.394875e-38 -2.874428e-38 -7.738792e-39 -1.848694e-39 -3.940070e-40 -7.517926e-41 -1.286497e-41 -1.974265e-42 -2.710360e-43 -3.308375e-44 -3.544655e-45 -3.241998e-46 -2.357712e-47 -1.027725e-48 4.648674e-50 1.788044e-50 2.679134e-51 3.026367e-52 2.880689e-53 2.404342e-54 1.791834e-55 1.202903e-56 7.300109e-58 4.002737e-59 1.972971e-60 8.637917e-62 3.272121e-63 1.004497e-64 1.956767e-66 -2.469462e-68 -5.130830e-69 -3.393081e-70 -1.674503e-71 -6.974268e-73 -2.557846e-74 -8.420736e-76 -2.512702e-77 -6.832500e-79 -1.407460e-80 -7.821953e-83 -6.651451e-86 -1.025427e-89 -3.743156e-94 -3.977401e-99 -1.414121e-104 0.000000e+00
0.000000e+00 -8.946500e-100 -2.202400e-94 -1.861398e-89 -4.643845e-85 -2.765761e-81 -3.000633e-78 -4.994623e-76 -2.247313e-74 -7.654276e-73 -2.363920e-71 -6.550310e-70 -1.596277e-68 -3.271536e-67 -4.937562e-66 -1.907390e-65 2.215330e-63 1.115560e-61 3.671195e-60 9.855002e-59 2.295183e-57 4.755115e-56 8.864825e-55 1.494176e-53 2.277586e-52 3.127534e-51 3.832562e-50 4.110398e-49 3.694153e-48 2.451161e-47 4.811444e-47 -1.866792e-45 -4.087138e-44 -5.691184e-43 -6.381071e-42 -6.140385e-41 -5.203044e-40 -3.929069e-39 -2.659219e-38 -1.616511e-37 -8.824031e-37 -4.316093e-36 -1.883977e-35 -7.290800e-35 -2.475617e-34 -7.247803e-34 -1.769091e-33 -3.316942e-33 -3.397061e-33 5.748387e-33 4.423943e-32 1.511845e-31 3.839176e-31 8.004164e-31 1.422836e-30 2.197190e-30 2.978822e-30 3.567685e-30 3.787448e-30 3.567685e-30 2.978822e-30 2.197190e-30 1.422836e-30 8.004164e-31 3.839176e-31 1.511845e-31 4.423943e-32 5.748387e-33 -3.397061e-33 -3.316942e-33 -1.769091e-33 -7.247803e-34 -2.475617e-34 -7.290800e-35 -1.883977e-35 -4.316093e-36 -8.824031e-37 -1.616511e-37 -2.659219e-38 -3.929069e-39 -5.203044e-40 -6.140385e-41 -6.381071e-42 -5.691184e-43 -4.087138e-44 -1.866792e-45 4.811444e-47 2.451161e-47 3.694153e-48 4.110398e-49 3.832562e-50 3.127534e-51 2.277586e-52 1.494176e-53 8.864825e-55 4.755115e-56 2.295183e-57 9.855002e-59 3.671195e-60 1.115560e-61 2.215330e-63 -1.907390e-65 -4.937562e-66 -3.271536e-67 -1.596277e-68 -6.550310e-70 -2.363920e-71 -7.654276e-73 -2.247313e-74 -4.994623e-76 -3.000633e-78 -2.765761e-81 -4.643845e-85 -1.861398e-89 -2.202400e-94 -8.946500e-100 0.000000e+00
0.000000e+00 -1.449729e-95 -3.205088e-90 -2.466925e-85 -5.650909e-81 -3.104769e-77 -3.114450e-74 -4.795281e-72 -1.994943e-70 -6.257089e-69 -1.760817e-67 -4.351736e-66 -9.009729e-65 -1.352974e-63 -3.678213e-63 7.141734e-61 3.535419e-59 1.174880e-57 3.204826e-56 7.604521e-55 1.607524e-53 3.060663e-52 5.271844e-51 8.214717e-50 1.153063e-48 1.443302e-47 1.577637e-46 1.435794e-45 9.405770e-45 1.061424e-44 -9.411100e-43 -1.988111e-41 -2.803440e-40 -3.219469e-39 -3.188965e-38 -2.789751e-37 -2.179587e-36 -1.528770e-35 -9.644021e-35 -5.468736e-34 -2.780433e-33 -1.261413e-32 -5.066750e-32 -1.778850e-31 -5.334019e-31 -1.300689e-30 -2.232393e-30 -7.101028e-31 1.357897e-29 6.932527e-29 2.285796e-28 5.972779e-28 1.313726e-27 2.498323e-27 4.168719e-27 6.159737e-27 8.109121e-27 9.549127e-27 1.008137e-26 9.549127e-27 8.109121e-27 6.159737e-27 4.168719e-27 2.498323e-27 1.313726e-27 5.972779e-28 2.285796e-28 6.932527e-29 1.357897e-29 -7.101028e-31 -2.232393e-30 -1.300689e-30 -5.334019e-31 -1.778850e-31 -5.066750e-32 -1.261413e-32 -2.780433e-33 -5.468736e-34 -9.644021e-35 -1.528770e-35 -2.179587e-36 -2.789751e-37 -3.188965e-38 -3.219469e-39 -2.803440e-40 -1.988111e-41 -9.411100e-43 1.061424e-44 9.405770e-45 1.435794e-45 1.577637e-46 1.443302e-47 1.153063e-48 8.214717e-50 5.271844e-51 3.060663e-52 1.607524e-53 7.604521e-55 3.204826e-56 1.174880e-57 3.535419e-59 7.141734e-61 -3.678213e-63 -1.352974e-63 -9.009729e-65 -4.351736e-66 -1.760817e-67 -6.257089e-69 -1.994943e-70 -4.795281e-72 -3.114450e-74 -3.104769e-77 -5.650909e-81 -2.466925e-85 -3.205088e-90 -1.449729e-95 0.000000e+00
0.000000e+00 -4.801604e-92 -9.667740e-87 -6.832422e-82 -1.443838e-77 -7.334413e-74 -6.801994e-71 -9.661625e-69 -3.693880e-67 -1.054425e-65 -2.640749e-64 -5.516514e-63 -8.215180e-62 -1.107604e-61 5.102265e-59 2.488393e-57 8.347683e-56 2.312436e-54 5.586432e-53 1.204003e-51 2.339248e-50 4.113908e-49 6.546729e-48 9.383277e-47 1.198222e-45 1.332762e-44 1.225088e-43 7.859034e-43 2.843583e-44 -1.028435e-40 -2.114319e-39 -3.019362e-38 -3.547700e-37 -3.612008e-36 -3.256837e-35 -2.627738e-34 -1.906245e-33 -1.245174e-32 -7.317279e-32 -3.856660e-31 -1.812980e-30 -7.531219e-30 -2.720943e-29 -8.293509e-29 -1.984444e-28 -2.840518e-28 3.548214e-28 4.490865e-27 2.032969e-26 6.725158e-26 1.824221e-25 4.230587e-25 8.563096e-25 1.531504e-24 2.440532e-24 3.486207e-24 4.483780e-24 5.208248e-24 5.473770e-24 5.208248e-24 4.483780e-24 3.486207e-24 2.440532e-24 1.531504e-24 8.563096e-25 4.230587e-25 1.824221e-25 6.725158e-26 2.032969e-26 4.490865e-27 3.548214e-28 -2.840518e-28 -1.984444e-28 -8.293509e-29 -2.720943e-29 -7.531219e-30 -1.812980e-30 -3.856660e-31 -7.317279e-32 -1.245174e-32 -1.906245e-33 -2.627738e-34 -3.256837e-35 -3.612008e-36 -3.547700e-37 -3.019362e-38 -2.114319e-39 -1.028435e-40 2.843583e-44 7.859034e-43 1.225088e-43 1.332762e-44 1.198222e-45 9.383277e-47 6.546729e-48 4.113908e-49 2.339248e-50 1.204003e-51 5.586432e-53 2.312436e-54 8.347683e-56 2.488393e-57 5.102265e-59 -1.107604e-61 -8.215180e-62 -5.516514e-63 -2.640749e-64 -1.054425e-65 -3.693880e-67 -9.661625e-69 -6.801994e-71 -7.334413e-74 -1.443838e-77 -6.832422e-82 -9.667740e-87 -4.801604e-92 0.000000e+00
0.000000e+00 -2.520456e-89 -4.660459e-84 -3.039047e-79 -5.938765e-75 -2.789464e-71 -2.385659e-68 -3.106609e-66 -1.078272e-64 -2.733817e-63 -5.759015e-62 -8.487903e-61 1.754247e-61 6.170781e-58 2.975734e-56 1.008098e-54 2.835523e-53 6.971858e-52 1.531302e-50 3.034476e-49 5.445704e-48 8.845086e-47 1.293644e-45 1.684031e-44 1.904231e-43 1.765044e-42 1.101220e-41 -1.465718e-41 -1.866339e-39 -3.767853e-38 -5.454796e-37 -6.555426e-36 -6.854524e-35 -6.363247e-34 -5.295194e-33 -3.967122e-32 -2.678926e-31 -1.628521e-30 -8.880207e-30 -4.315671e-29 -1.848916e-28 -6.847873e-28 -2.106978e-27 -4.842037e-27 -4.650742e-27 2.713926e-26 2.075990e-25 9.033981e-25 3.048774e-24 8.613208e-24 2.102238e-23 4.507898e-23 8.584101e-23 1.462891e-22 2.244650e-22 3.115971e-22 3.927977e-22 4.508613e-22 4.719784e-22 4.508613e-22 3.927977e-22 3.115971e-22 2.244650e-22 1.462891e-22 8.584101e-23 4.507898e-23 2.102238e-23 8.613208e-24 3.048774e-24 9.033981e-25 2.075990e-25 2.713926e-26 -4.650742e-27 -4.842037e-27 -2.106978e-27 -6.847873e-28 -1.848916e-28 -4.315671e-29 -8.880207e-30 -1.628521e-30 -2.678926e-31 -3.967122e-32 -5.295194e-33 -6.363247e-34 -6.854524e-35 -6.555426e-36 -5.454796e-37 -3.767853e-38 -1.866339e-39 -1.465718e-41 1.101220e-41 1.765044e-42 1.904231e-43 1.684031e-44 1.293644e-45 8.845086e-47 5.445704e-48 3.034476e-49 1.531302e-50 6.971858e-52 2.835523e-53 1.008098e-54 2.975734e-56 6.170781e-58 1.754247e-61 -8.487903e-61 -5.759015e-62 -2.733817e-63 -1.078272e-64 -3.106609e-66 -2.385659e-68 -2.789464e-71 -5.938765e-75 -3.039047e-79 -4.660459e-84 -2.520456e-89 0.000000e+00
0.000000e+00 -2.321751e-87 -3.965392e-82 -2.393848e-77 -4.330705e-73 -1.878282e-69 -1.474023e-66 -1.740152e-64 -5.355913e-63 -1.140746e-61 -1.677835e-60 2.363740e-60 1.374287e-57 6.632082e-56 2.278112e-54 6.520782e-53 1.634340e-51 3.662894e-50 7.411791e-49 1.358894e-47 2.255564e-46 3.371264e-45 4.482488e-44 5.167551e-43 4.854606e-42 2.982576e-41 -7.506380e-41 -6.149328e-39 -1.242617e-37 -1.835166e-36 -2.262991e-35 -2.435116e-34 -2.330874e-33 -2.002890e-32 -1.551331e-31 -1.084083e-30 -6.824480e-30 -3.854732e-29 -1.939610e-28 -8.586977e-28 -3.269203e-27 -1.018826e-26 -2.243733e-26 -8.319900e-27 2.394971e-25 1.601578e-24 7.005908e-24 2.447426e-23 7.242077e-23 1.863156e-22 4.228581e-22 8.548912e-22 1.550946e-21 2.540310e-21 3.775878e-21 5.115253e-21 6.337790e-21 7.199984e-21 7.511396e-21 7.199984e-21 6.337790e-21 5.115253e-21 3.775878e-21 2.540310e-21 1.550946e-21 8.548912e-22 4.228581e-22 1.863156e-22 7.242077e-23 2.447426e-23 7.005908e-24 1.601578e-24 2.394971e-25 -8.319900e-27 -2.243733e-26 -1.018826e-26 -3.269203e-27 -8.586977e-28 -1.939610e-28 -3.854732e-29 -6.824480e-30 -1.084083e-30 -1.551331e-31 -2.002890e-32 -2.330874e-33 -2.435116e-34 -2.262991e-35 -1.835166e-36 -1.242617e-37 -6.149328e-39 -7.506380e-41 2.982576e-41 4.854606e-42 5.167551e-43 4.482488e-44 3.371264e-45 2.255564e-46 1.358894e-47 7.411791e-49 3.662894e-50 1.634340e-51 6.520782e-53 2.278112e-54 6.632082e-56 1.374287e-57 2.363740e-60 -1.677835e-60 -1.140746e-61 -5.355913e-63 -1.740152e-64 -1.474023e-66 -1.878282e-69 -4.330705e-73 -2.393848e-77 -3.965392e-82 -2.321751e-87 0.000000e+00
0.000000e+00 -1.030589e-85 -1.632719e-80 -9.144464e-76 -1.531278e-71 -6.111413e-68 -4.360656e-65 -4.568260e-63 -1.182603e-61 -1.767428e-60 2.872845e-60 1.526238e-57 7.502468e-56 2.630929e-54 7.695118e-53 1.972094e-51 4.522027e-50 9.366906e-49 1.758965e-47 2.991934e-46 4.584851e-45 6.252549e-44 7.394119e-43 7.120277e-42 4.457261e-41 -1.276572e-40 -1.004098e-38 -2.080534e-37 -3.164680e-36 -4.027063e-35 -4.477888e-34 -4.434462e-33 -3.946726e-32 -3.169658e-31 -2.299037e-30 -1.503608e-29 -8.830094e-29 -4.621146e-28 -2.126855e-27 -8.397089e-27 -2.690729e-26 -5.864986e-26 5.149995e-27 9.016849e-25 5.949286e-24 2.694935e-23 9.874005e-23 3.081983e-22 8.391033e-22 2.019636e-21 4.336577e-21 8.365901e-21 1.458819e-20 2.311840e-20 3.345548e-20 4.439426e-20 5.419974e-20 6.103200e-20 6.348484e-20 6.103200e-20 5.419974e-20 4.439426e-20 3.345548e-20 2.311840e-20 1.458819e-20 8.365901e-21 4.336577e-21 2.019636e-21 8.391033e-22 3.081983e-22 9.874005e-23 2.694935e-23 5.949286e-24 9.016849e-25 5.149995e-27 -5.864986e-26 -2.690729e-26 -8.397089e-27 -2.126855e-27 -4.621146e-28 -8.830094e-29 -1.503608e-29 -2.299037e-30 -3.169658e-31 -3.946726e-32 -4.434462e-33 -4.477888e-34 -4.027063e-35 -3.164680e-36 -2.080534e-37 -1.004098e-38 -1.276572e-40 4.457261e-41 7.120277e-42 7.394119e-43 6.252549e-44 4.584851e-45 2.991934e-46 1.758965e-47 9.366906e-49 4.522027e-50 1.972094e-51 7.695118e-53 2.630929e-54 7.502468e-56 1.526238e-57 2.872845e-60 -1.767428e-60 -1.182603e-61 -4.568260e-63 -4.360656e-65 -6.111413e-68 -1.531278e-71 -9.144464e-76 -1.632719e-80 -1.030589e-85 0.000000e+00
0.000000e+00 -4.091406e-84 -6.017421e-79 -3.122068e-74 -4.816164e-70 -1.750412e-66 -1.110318e-63 -9.769078e-62 -1.769302e-60 2.934375e-60 1.589954e-57 7.981344e-56 2.859484e-54 8.548693e-53 2.240390e-51 5.255980e-50 1.114452e-48 2.143352e-47 3.735865e-46 5.869487e-45 8.210925e-44 9.964813e-43 9.848528e-42 6.314920e-41 -1.932374e-40 -1.525096e-38 -3.249683e-37 -5.094538e-36 -6.689966e-35 -7.684885e-34 -7.870097e-33 -7.250893e-32 -6.034181e-31 -4.539708e-30 -3.082394e-29 -1.880714e-28 -1.023071e-27 -4.893094e-27 -2.003536e-26 -6.608625e-26 -1.429121e-25 8.398082e-26 2.978593e-24 1.980709e-23 9.327789e-23 3.585395e-22 1.179062e-21 3.390338e-21 8.631167e-21 1.962044e-20 4.009492e-20 7.409577e-20 1.245144e-19 1.912537e-19 2.697821e-19 3.509291e-19 4.223736e-19 4.715582e-19 4.891094e-19 4.715582e-19 4.223736e-19 3.509291e-19 2.697821e-19 1.912537e-19 1.245144e-19 7.409577e-20 4.009492e-20 1.962044e-20 8.631167e-21 3.390338e-21 1.179062e-21 3.585395e-22 9.327789e-23 1.980709e-23 2.978593e-24 8.398082e-26 -1.429121e-25 -6.608625e-26 -2.003536e-26 -4.893094e-27 -1.023071e-27 -1.880714e-28 -3.082394e-29 -4.539708e-30 -6.034181e-31 -7.250893e-32 -7.870097e-33 -7.684885e-34 -6.689966e-35 -5.094538e-36 -3.249683e-37 -1.525096e-38 -1.932374e-40 6.314920e-41 9.848528e-42 9.964813e-43 8.210925e-44 5.869487e-45 3.735865e-46 2.143352e-47 1.114452e-48 5.255980e-50 2.240390e-51 8.548693e-53 2.859484e-54 7.981344e-56 1.589954e-57 2.934375e-60 -1.769302e-60 -9.769078e-62 -1.110318e-63 -1.750412e-66 -4.816164e-70 -3.122068e-74 -6.017421e-79 -4.091406e-84 0.000000e+00
0.000000e+00 -1.482183e-82 -2.020301e-77 -9.662957e-73 -1.359023e-68 -4.400554e-65 -2.353293e-62 -1.449734e-60 2.850367e-60 1.589952e-57 8.147609e-56 2.981033e-54 9.105217e-53 2.439053e-51 5.851425e-50 1.269376e-48 2.498968e-47 4.460862e-46 7.181456e-45 1.029927e-43 1.281953e-42 1.299644e-41 8.533624e-41 -2.771992e-40 -2.202575e-38 -4.823693e-37 -7.787699e-36 -1.054390e-34 -1.250042e-33 -1.322499e-32 -1.259936e-31 -1.085244e-30 -8.458422e-30 -5.954923e-29 -3.770098e-28 -2.128956e-27 -1.056768e-26 -4.482418e-26 -1.520504e-25 -3.252913e-25 3.816025e-25 8.938610e-24 6.040712e-23 2.958793e-22 1.191513e-21 4.119521e-21 1.247860e-20 3.350398e-20 8.036675e-20 1.733226e-19 3.379988e-19 5.993036e-19 9.713811e-19 1.446746e-18 1.989485e-18 2.536731e-18 3.009625e-18 3.331099e-18 3.445089e-18 3.331099e-18 3.009625e-18 2.536731e-18 1.989485e-18 1.446746e-18 9.713811e-19 5.993036e-19 3.379988e-19 1.733226e-19 8.036675e-20 3.350398e-20 1.247860e-20 4.119521e-21 1.191513e-21 2.958793e-22 6.040712e-23 8.938610e-24 3.816025e-25 -3.252913e-25 -1.520504e-25 -4.482418e-26 -1.056768e-26 -2.128956e-27 -3.770098e-28 -5.954923e-29 -8.458422e-30 -1.085244e-30 -1.259936e-31 -1.322499e-32 -1.250042e-33 -1.054390e-34 -7.787699e-36 -4.823693e-37 -2.202575e-38 -2.771992e-40 8.533624e-41 1.299644e-41 1.281953e-42 1.029927e-43 7.181456e-45 4.460862e-46 2.498968e-47 1.269376e-48 5.851425e-50 2.439053e-51 9.105217e-53 2.981033e-54 8.147609e-56 1.589952e-57 2.850367e-60 -1.449734e-60 -2.353293e-62 -4.400554e-65 -1.359023e-68 -9.662957e-73 -2.020301e-77 -1.482183e-82 0.000000e+00
0.000000e+00 -4.890953e-81 -6.149677e-76 -2.684632e-71 -3.371174e-67 -9.250801e-64 -3.523733e-61 1.354130e-60 1.526544e-57 7.981342e-56 2.981033e-54 9.298605e-53 2.544848e-51 6.240357e-50 1.384353e-48 2.788269e-47 5.094766e-46 8.399736e-45 1.234296e-43 1.574819e-42 1.636856e-41 1.100399e-40 -3.770790e-40 -3.026063e-38 -6.807939e-37 -1.131078e-35 -1.577599e-34 -1.928584e-33 -2.105818e-32 -2.072406e-31 -1.845617e-30 -1.488572e-29 -1.085369e-28 -7.121583e-28 -4.169638e-27 -2.145556e-26 -9.417629e-26 -3.282822e-25 -6.931564e-25 1.282089e-24 2.456082e-23 1.695678e-22 8.638008e-22 3.639347e-21 1.320291e-20 4.203392e-20 1.187169e-19 2.996296e-19 6.797607e-19 1.393658e-18 2.595981e-18 4.417289e-18 6.904056e-18 9.965051e-18 1.334960e-17 1.667316e-17 1.948721e-17 2.137384e-17 2.203811e-17 2.137384e-17 1.948721e-17 1.667316e-17 1.334960e-17 9.965051e-18 6.904056e-18 4.417289e-18 2.595981e-18 1.393658e-18 6.797607e-19 2.996296e-19 1.187169e-19 4.203392e-20 1.320291e-20 3.639347e-21 8.638008e-22 1.695678e-22 2.456082e-23 1.282089e-24 -6.931564e-25 -3.282822e-25 -9.417629e-26 -2.145556e-26 -4.169638e-27 -7.121583e-28 -1.085369e-28 -1.488572e-29 -1.845617e-30 -2.072406e-31 -2.105818e-32 -1.928584e-33 -1.577599e-34 -1.131078e-35 -6.807939e-37 -3.026063e-38 -3.770790e-40 1.100399e-40 1.636856e-41 1.574819e-42 1.234296e-43 8.399736e-45 5.094766e-46 2.788269e-47 1.384353e-48 6.240357e-50 2.544848e-51 9.298605e-53 2.981033e-54 7.981342e-56 1.526544e-57 1.354130e-60 -3.523733e-61 -9.250801e-64 -3.371174e-67 -2.684632e-71 -6.149677e-76 -4.890953e-81 0.000000e+00
0.000000e+00 -1.463312e-79 -1.681066e-74 -6.565601e-70 -7.021719e-66 -1.399404e-62 -2.107585e-61 1.152679e-57 7.505695e-56 2.859484e-54 9.105217e-53 2.544848e-51 6.375621e-50 1.445661e-48 2.977564e-47 5.566260e-46 9.393492e-45 1.413545e-43 1.847724e-42 1.968046e-41 1.354361e-40 -4.867883e-40 -3.956526e-38 -9.139798e-37 -1.561568e-35 -2.242012e-34 -2.823783e-33 -3.179317e-32 -3.229055e-31 -2.970269e-30 -2.476486e-29 -1.868071e-28 -1.268913e-27 -7.694419e-27 -4.099950e-26 -1.860556e-25 -6.660611e-25 -1.385399e-24 3.632323e-24 6.214508e-23 4.397943e-22 2.329190e-21 1.025288e-20 3.895841e-20 1.300876e-19 3.855932e-19 1.021395e-18 2.430691e-18 5.222300e-18 1.018025e-17 1.810183e-17 2.952495e-17 4.442885e-17 6.203488e-17 8.080980e-17 9.869254e-17 1.134754e-16 1.232236e-16 1.266270e-16 1.232236e-16 1.134754e-16 9.869254e-17 8.080980e-17 6.203488e-17 4.442885e-17 2.952495e-17 1.810183e-17 1.018025e-17 5.222300e-18 2.430691e-18 1.021395e-18 3.855932e-19 1.300876e-19 3.895841e-20 1.025288e-20 2.329190e-21 4.397943e-22 6.214508e-23 3.632323e-24 -1.385399e-24 -6.660611e-25 -1.860556e-25 -4.099950e-26 -7.694419e-27 -1.268913e-27 -1.868071e-28 -2.476486e-29 -2.970269e-30 -3.229055e-31 -3.179317e-32 -2.823783e-33 -2.242012e-34 -1.561568e-35 -9.139798e-37 -3.956526e-38 -4.867883e-40 1.354361e-40 1.968046e-41 1.847724e-42 1.413545e-43 9.393492e-45 5.566260e-46 2.977564e-47 1.445661e-48 6.375621e-50 2.544848e-51 9.105217e-53 2.859484e-54 7.505695e-56 1.152679e-57 -2.107585e-61 -1.399404e-62 -7.021719e-66 -6.565601e-70 -1.681066e-74 -1.463312e-79 0.000000e+00
0.000000e+00 -3.933094e-78 -4.049995e-73 -1.353298e-68 -1.069757e-64 -2.946467e-62 2.421491e-58 5.607683e-56 2.632307e-54 8.548695e-53 2.439053e-51 6.240357e-50 1.445661e-48 3.043455e-47 5.818001e-46 1.004488e-44 1.547167e-43 2.070917e-42 2.259340e-41 1.591406e-40 -5.967252e-40 -4.924759e-38 -1.167618e-36 -2.050172e-35 -3.027752e-34 -3.925726e-33 -4.553815e-32 -4.768886e-31 -4.526722e-30 -3.897724e-29 -3.038633e-28 -2.134545e-27 -1.339123e-26 -7.381645e-26 -3.460285e-25 -1.271579e-24 -2.601894e-24 9.087226e-24 1.454269e-22 1.057253e-21 5.818121e-21 2.672263e-20 1.061728e-19 3.711324e-19 1.152146e-18 3.195890e-18 7.958258e-18 1.786705e-17 3.632773e-17 6.722238e-17 1.138280e-16 1.774234e-16 2.561468e-16 3.446698e-16 4.349127e-16 5.175463e-16 5.837020e-16 6.263437e-16 6.410552e-16 6.263437e-16 5.837020e-16 5.175463e-16 4.349127e-16 3.446698e-16 2.561468e-16 1.774234e-16 1.138280e-16 6.722238e-17 3.632773e-17 1.786705e-17 7.958258e-18 3.195890e-18 1.152146e-18 3.711324e-19 1.061728e-19 2.672263e-20 5.818121e-21 1.057253e-21 1.454269e-22 9.087226e-24 -2.601894e-24 -1.271579e-24 -3.460285e-25 -7.381645e-26 -1.339123e-26 -2.134545e-27 -3.038633e-28 -3.897724e-29 -4.526722e-30 -4.768886e-31 -4.553815e-32 -3.925726e-33 -3.027752e-34 -2.050172e-35 -1.167618e-36 -4.924759e-38 -5.967252e-40 1.591406e-40 2.259340e-41 2.070917e-42 1.547167e-43 1.004488e-44 5.818001e-46 3.043455e-47 1.445661e-48 6.240357e-50 2.439053e-51 8.548695e-53 2.632307e-54 5.607683e-56 2.421491e-58 -2.946467e-62 -1.069757e-64 -1.353298e-68 -4.049995e-73 -3.933094e-78 0.000000e+00
0.000000e+00 -9.326785e-77 -8.251043e-72 -2.069592e-67 -3.616976e-64 8.178303e-60 1.186905e-56 1.932561e-54 7.699599e-53 2.240391e-51 5.851425e-50 1.384353e-48 2.977564e-47 5.818001e-46 1.027182e-44 1.618606e-43 2.217471e-42 2.476918e-41 1.785511e-40 -6.949179e-40 -5.837253e-38 -1.419837e-36 -2.560516e-35 -3.886952e-34 -5.184295e-33 -6.190880e-32 -6.679278e-31 -6.536737e-30 -5.807343e-29 -4.674581e-28 -3.392642e-27 -2.199909e-26 -1.253337e-25 -6.064416e-25 -2.286804e-24 -4.599705e-24 2.052240e-23 3.158192e-22 2.362006e-21 1.349747e-20 6.460323e-20 2.679740e-19 9.789054e-19 3.176878e-18 9.209667e-18 2.394521e-17 5.603824e-17 1.184876e-16 2.273213e-16 3.976817e-16 6.379828e-16 9.444316e-16 1.298776e-15 1.670928e-15 2.025671e-15 2.330532e-15 2.561418e-15 2.704114e-15 2.752232e-15 2.704114e-15 2.561418e-15 2.330532e-15 2.025671e-15 1.670928e-15 1.298776e-15 9.444316e-16 6.379828e-16 3.976817e-16 2.273213e-16 1.184876e-16 5.603824e-17 2.394521e-17 9.209667e-18 3.176878e-18 9.789054e-19 2.679740e-19 6.460323e-20 1.349747e-20 2.362006e-21 3.158192e-22 2.052240e-23 -4.599705e-24 -2.286804e-24 -6.064416e-25 -1.253337e-25 -2.199909e-26 -3.392642e-27 -4.674581e-28 -5.807343e-29 -6.536737e-30 -6.679278e-31 -6.190880e-32 -5.184295e-33 -3.886952e-34 -2.560516e-35 -1.419837e-36 -5.837253e-38 -6.949179e-40 1.785511e-40 2.476918e-41 2.217471e-42 1.618606e-43 1.027182e-44 5.818001e-46 2.977564e-47 1.384353e-48 5.851425e-50 2.240391e-51 7.699599e-53 1.932561e-54 1.186905e-56 8.178303e-60 -3.616976e-64 -2.069592e-67 -8.251043e-72 -9.326785e-77 0.000000e+00
0.000000e+00 -1.875954e-75 -1.262887e-70 -9.191017e-67 5.311102e-62 4.065480e-58 4.046767e-55 5.543218e-53 1.973331e-51 5.255983e-50 1.269376e-48 2.788269e-47 5.566260e-46 1.004488e-44 1.618606e-43 2.268574e-42 2.593382e-41 1.913070e-40 -7.690624e-40 -6.589849e-38 -1.643814e-36 -3.042921e-35 -4.745041e-34 -6.505712e-33 -7.991703e-32 -8.875837e-31 -8.948427e-30 -8.195567e-29 -6.805448e-28 -5.098322e-27 -3.413929e-26 -2.008534e-25 -1.002448e-24 -3.878004e-24 -7.667011e-24 4.236342e-23 6.382360e-22 4.915052e-21 2.914506e-20 1.451948e-19 6.278718e-19 2.393152e-18 8.105658e-18 2.451470e-17 6.642405e-17 1.616926e-16 3.546138e-16 7.029991e-16 1.264781e-15 2.074901e-15 3.120953e-15 4.330983e-15 5.583788e-15 6.741342e-15 7.690556e-15 8.375167e-15 8.802502e-15 9.022150e-15 9.087824e-15 9.022150e-15 8.802502e-15 8.375167e-15 7.690556e-15 6.741342e-15 5.583788e-15 4.330983e-15 3.120953e-15 2.074901e-15 1.264781e-15 7.029991e-16 3.546138e-16 1.616926e-16 6.642405e-17 2.451470e-17 8.105658e-18 2.393152e-18 6.278718e-19 1.451948e-19 2.914506e-20 4.915052e-21 6.382360e-22 4.236342e-23 -7.667011e-24 -3.878004e-24 -1.002448e-24 -2.008534e-25 -3.413929e-26 -5.098322e-27 -6.805448e-28 -8.195567e-29 -8.948427e-30 -8.875837e-31 -7.991703e-32 -6.505712e-33 -4.745041e-34 -3.042921e-35 -1.643814e-36 -6.589849e-38 -7.690624e-40 1.913070e-40 2.593382e-41 2.268574e-42 1.618606e-43 1.004488e-44 5.566260e-46 2.788269e-47 1.269376e-48 5.255983e-50 1.973331e-51 5.543218e-53 4.046767e-55 4.065480e-58 5.311102e-62 -9.191017e-67 -1.262887e-70 -1.875954e-75 0.000000e+00
0.000000e+00 -2.866151e-74 -6.718738e-70 8.731723e-65 2.684503e-60 1.373626e-56 1.142833e-53 1.391596e-51 4.525037e-50 1.114453e-48 2.498968e-47 5.094766e-46 9.393492e-45 1.547167e-43 2.217471e-42 2.593382e-41 1.957568e-40 -8.090074e-40 -7.086798e-38 -1.812257e-36 -3.441686e-35 -5.509602e-34 -7.759971e-33 -9.798951e-32 -1.119489e-30 -1.161785e-29 -1.096032e-28 -9.381058e-28 -7.248199e-27 -5.007870e-26 -3.040165e-25 -1.564120e-24 -6.206774e-24 -1.206949e-23 8.056242e-23 1.202958e-21 9.544414e-21 5.868694e-20 3.039635e-19 1.368511e-18 5.434723e-18 1.918237e-17 6.043057e-17 1.703563e-16 4.305418e-16 9.771883e-16 1.995720e-15 3.676416e-15 6.126499e-15 9.266056e-15 1.276442e-14 1.607327e-14 1.857302e-14 1.978913e-14 1.958928e-14 1.826843e-14 1.647155e-14 1.497297e-14 1.439442e-14 1.497297e-14 1.647155e-14 1.826843e-14 1.958928e-14 1.978913e-14 1.857302e-14 1.607327e-14 1.276442e-14 9.266056e-15 6.126499e-15 3.676416e-15 1.995720e-15 9.771883e-16 4.305418e-16 1.703563e-16 6.043057e-17 1.918237e-17 5.434723e-18 1.368511e-18 3.039635e-19 5.868694e-20 9.544414e-21 1.202958e-21 8.056242e-23 -1.206949e-23 -6.206774e-24 -1.564120e-24 -3.040165e-25 -5.007870e-26 -7.248199e-27 -9.381058e-28 -1.096032e-28 -1.161785e-29 -1.119489e-30 -9.798951e-32 -7.759971e-33 -5.509602e-34 -3.441686e-35 -1.812257e-36 -7.086798e-38 -8.090074e-40 1.957568e-40 2.593382e-41 2.217471e-42 1.547167e-43 9.393492e-45 5.094766e-46 2.498968e-47 1.114453e-48 4.525037e-50 1.391596e-51 1.142833e-53 1.373626e-56 2.684503e-60 8.731723e-65 -6.718738e-70 -2.866151e-74 0.000000e+00
0.000000e+00 -1.733686e-73 4.526502e-68 4.497185e-63 8.987441e-59 3.821946e-55 2.818757e-52 3.123367e-50 9.373475e-49 2.143354e-47 4.460862e-46 8.399736e-45 1.413545e-43 2.070917e-42 2.476918e-41 1.913070e-40 -8.090074e-40 -7.260569e-38 -1.902790e-36 -3.705389e-35 -6.085968e-34 -8.799977e-33 -1.141528e-31 -1.340580e-30 -1.431033e-29 -1.389577e-28 -1.224964e-27 -9.753601e-27 -6.947737e-26 -4.349006e-25 -2.305201e-24 -9.382921e-24 -1.797266e-23 1.418942e-22 2.118631e-21 1.732418e-20 1.103804e-19 5.937533e-19 2.779775e-18 1.148687e-17 4.219355e-17 1.382652e-16 4.049372e-16 1.060826e-15 2.486920e-15 5.218422e-15 9.801909e-15 1.647506e-14 2.474127e-14 3.305187e-14 3.885885e-14 3.918259e-14 3.159480e-14 1.527795e-14 -8.276813e-15 -3.527309e-14 -6.040228e-14 -7.821725e-14 -8.465588e-14 -7.821725e-14 -6.040228e-14 -3.527309e-14 -8.276813e-15 1.527795e-14 3.159480e-14 3.918259e-14 3.885885e-14 3.305187e-14 2.474127e-14 1.647506e-14 9.801909e-15 5.218422e-15 2.486920e-15 1.060826e-15 4.049372e-16 1.382652e-16 4.219355e-17 1.148687e-17 2.779775e-18 5.937533e-19 1.103804e-19 1.732418e-20 2.118631e-21 1.418942e-22 -1.797266e-23 -9.382921e-24 -2.305201e-24 -4.349006e-25 -6.947737e-26 -9.753601e-27 -1.224964e-27 -1.389577e-28 -1.431033e-29 -1.340580e-30 -1.141528e-31 -8.799977e-33 -6.085968e-34 -3.705389e-35 -1.902790e-36 -7.260569e-38 -8.090074e-40 1.913070e-40 2.476918e-41 2.070917e-42 1.413545e-43 8.399736e-45 4.460862e-46 2.143354e-47 9.373475e-49 3.123367e-50 2.818757e-52 3.821946e-55 8.987441e-59 4.497185e-63 4.526502e-68 -1.733686e-73 0.000000e+00
0.000000e+00 8.716657e-72 2.381125e-66 1.491262e-61 2.462563e-57 9.264547e-54 6.208271e-51 6.328839e-49 1.760260e-47 3.735870e-46 7.181456e-45 1.234296e-43 1.847724e-42 2.259340e-41 1.785511e-40 -7.690624e-40 -7.086798e-38 -1.902790e-36 -3.797668e-35 -6.396188e-34 -9.489150e-33 -1.263702e-31 -1.524510e-30 -1.672779e-29 -1.670696e-28 -1.515763e-27 -1.242837e-26 -9.120742e-26 -5.882825e-25 -3.210930e-24 -1.340648e-23 -2.535545e-23 2.323457e-22 3.491961e-21 2.943363e-20 1.941913e-19 1.083799e-18 5.270362e-18 2.263486e-17 8.641929e-17 2.942077e-16 8.940346e-16 2.424493e-15 5.861110e-15 1.260636e-14 2.404754e-14 4.045592e-14 5.935949e-14 7.409141e-14 7.357948e-14 4.418433e-14 -2.647330e-14 -1.447753e-13 -3.071581e-13 -4.985589e-13 -6.941129e-13 -8.638836e-13 -9.794248e-13 -1.020396e-12 -9.794248e-13 -8.638836e-13 -6.941129e-13 -4.985589e-13 -3.071581e-13 -1.447753e-13 -2.647330e-14 4.418433e-14 7.357948e-14 7.409141e-14 5.935949e-14 4.045592e-14 2.404754e-14 1.260636e-14 5.861110e-15 2.424493e-15 8.940346e-16 2.942077e-16 8.641929e-17 2.263486e-17 5.270362e-18 1.083799e-18 1.941913e-19 2.943363e-20 3.491961e-21 2.323457e-22 -2.535545e-23 -1.340648e-23 -3.210930e-24 -5.882825e-25 -9.120742e-26 -1.242837e-26 -1.515763e-27 -1.670696e-28 -1.672779e-29 -1.524510e-30 -1.263702e-31 -9.489150e-33 -6.396188e-34 -3.797668e-35 -1.902790e-36 -7.086798e-38 -7.690624e-40 1.785511e-40 2.259340e-41 1.847724e-42 1.234296e-43 7.181456e-45 3.735870e-46 1.760260e-47 6.328839e-49 6.208271e-51 9.264547e-54 2.462563e-57 1.491262e-61 2.381125e-66 8.716657e-72 0.000000e+00
0.000000e+00 4.695954e-70 7.816961e-65 4.021156e-60 5.863203e-56 2.002681e-52 1.233516e-49 1.161985e-47 2.994245e-46 5.869497e-45 1.029927e-43 1.574819e-42 1.968046e-41 1.591406e-40 -6.949179e-40 -6.589849e-38 -1.812257e-36 -3.705389e-35 -6.396188e-34 -9.730565e-33 -1.329566e-31 -1.646660e-30 -1.856018e-29 -1.905349e-28 -1.777881e-27 -1.500113e-26 -1.133395e-25 -7.527912e-25 -4.229107e-24 -1.811517e-23 -3.394023e-23 3.546943e-22 5.393283e-21 4.686395e-20 3.199509e-19 1.851003e-18 9.339781e-18 4.164339e-17 1.650776e-16 5.832191e-16 1.836894e-15 5.150701e-15 1.282263e-14 2.821247e-14 5.444814e-14 9.090936e-14 1.275084e-13 1.387860e-13 8.162122e-14 -9.986850e-14 -4.614051e-13 -1.040587e-12 -1.839637e-12 -2.814990e-12 -3.877825e-12 -4.906270e-12 -5.766640e-12 -6.338730e-12 -6.539330e-12 -6.338730e-12 -5.766640e-12 -4.906270e-12 -3.877825e-12 -2.814990e-12 -1.839637e-12 -1.040587e-12 -4.614051e-13 -9.986850e-14 8.162122e-14 1.387860e-13 1.275084e-13 9.090936e-14 5.444814e-14 2.821247e-14 1.282263e-14 5.150701e-15 1.836894e-15 5.832191e-16 1.650776e-16 4.164339e-17 9.339781e-18 1.851003e-18 3.199509e-19 4.686395e-20 5.393283e-21 3.546943e-22 -3.394023e-23 -1.811517e-23 -4.229107e-24 -7.527912e-25 -1.133395e-25 -1.500113e-26 -1.777881e-27 -1.905349e-28 -1.856018e-29 -1.646660e-30 -1.329566e-31 -9.730565e-33 -6.396188e-34 -3.705389e-35 -1.812257e-36 -6.589849e-38 -6.949179e-40 1.591406e-40 1.968046e-41 1.574819e-42 1.029927e-43 5.869497e-45 2.994245e-46 1.161985e-47 1.233516e-49 2.002681e-52 5.863203e-56 4.021156e-60 7.816961e-65 4.695954e-70 0.000000e+00
0.000000e+00 1.525511e-68 2.072858e-63 9.396818e-59 1.243112e-54 3.902072e-51 2.219671e-48 1.931665e-46 4.588574e-45 8.210943e-44 1.281953e-42 1.636856e-41 1.354361e-40 -5.967252e-40 -5.837253e-38 -1.643814e-36 -3.441686e-35 -6.085968e-34 -9.489150e-33 -1.329566e-31 -1.689496e-30 -1.954966e-29 -2.061535e-28 -1.977114e-27 -1.715570e-26 -1.333614e-25 -9.116100e-25 -5.269108e-24 -2.315937e-23 -4.316726e-23 5.058639e-22 7.813968e-21 6.999623e-20 4.942018e-19 2.961159e-18 1.548869e-17 7.162485e-17 2.944978e-16 1.078707e-15 3.518043e-15 1.019042e-14 2.609659e-14 5.863755e-14 1.140875e-13 1.872620e-13 2.432283e-13 1.960548e-13 -1.033314e-13 -8.566610e-13 -2.279534e-12 -4.541818e-12 -7.705195e-12 -1.167840e-11 -1.620503e-11 -2.088853e-11 -2.524870e-11 -2.879685e-11 -3.111434e-11 -3.191984e-11 -3.111434e-11 -2.879685e-11 -2.524870e-11 -2.088853e-11 -1.620503e-11 -1.167840e-11 -7.705195e-12 -4.541818e-12 -2.279534e-12 -8.566610e-13 -1.033314e-13 1.960548e-13 2.432283e-13 1.872620e-13 1.140875e-13 5.863755e-14 2.609659e-14 1.019042e-14 3.518043e-15 1.078707e-15 2.944978e-16 7.162485e-17 1.548869e-17 2.961159e-18 4.942018e-19 6.999623e-20 7.813968e-21 5.058639e-22 -4.316726e-23 -2.315937e-23 -5.269108e-24 -9.116100e-25 -1.333614e-25 -1.715570e-26 -1.977114e-27 -2.061535e-28 -1.954966e-29 -1.689496e-30 -1.329566e-31 -9.489150e-33 -6.085968e-34 -3.441686e-35 -1.643814e-36 -5.837253e-38 -5.967252e-40 1.354361e-40 1.636856e-41 1.281953e-42 8.210943e-44 4.588574e-45 1.931665e-46 2.219671e-48 3.902072e-51 1.243112e-54 9.396818e-59 2.072858e-63 1.525511e-68 0.000000e+00
0.000000e+00 3.975199e-67 4.750479e-62 1.952520e-57 2.373515e-53 6.882194e-50 3.615770e-47 2.892194e-45 6.257922e-44 9.964840e-43 1.299644e-41 1.100399e-40 -4.867883e-40 -4.924759e-38 -1.419837e-36 -3.042921e-35 -5.509602e-34 -8.799977e-33 -1.263702e-31 -1.646660e-30 -1.954966e-29 -2.116367e-28 -2.084878e-27 -1.859290e-26 -1.486191e-25 -1.044979e-24 -6.212039e-24 -2.802424e-23 -5.223344e-23 6.750878e-22 1.062931e-20 9.815595e-20 7.162678e-19 4.441431e-18 2.406122e-17 1.152954e-16 4.912646e-16 1.863983e-15 6.289813e-15 1.880664e-14 4.950273e-14 1.134443e-13 2.218009e-13 3.540611e-13 4.049733e-13 1.166115e-13 -9.699308e-13 -3.497869e-12 -8.187950e-12 -1.565942e-11 -2.623329e-11 -3.978202e-11 -5.567190e-11 -7.281203e-11 -8.979276e-11 -1.050783e-10 -1.172137e-10 -1.250121e-10 -1.277008e-10 -1.250121e-10 -1.172137e-10 -1.050783e-10 -8.979276e-11 -7.281203e-11 -5.567190e-11 -3.978202e-11 -2.623329e-11 -1.565942e-11 -8.187950e-12 -3.497869e-12 -9.699308e-13 1.166115e-13 4.049733e-13 3.540611e-13 2.218009e-13 1.134443e-13 4.950273e-14 1.880664e-14 6.289813e-15 1.863983e-15 4.912646e-16 1.152954e-16 2.406122e-17 4.441431e-18 7.162678e-19 9.815595e-20 1.062931e-20 6.750878e-22 -5.223344e-23 -2.802424e-23 -6.212039e-24 -1.044979e-24 -1.486191e-25 -1.859290e-26 -2.084878e-27 -2.116367e-28 -1.954966e-29 -1.646660e-30 -1.263702e-31 -8.799977e-33 -5.509602e-34 -3.042921e-35 -1.419837e-36 -4.924759e-38 -4.867883e-40 1.100399e-40 1.299644e-41 9.964840e-43 6.257922e-44 2.892194e-45 3.615770e-47 6.882194e-50 2.373515e-53 1.952520e-57 4.750479e-62 3.975199e-67 0.000000e+00
0.000000e+00 8.927049e-66 9.665508e-61 3.650099e-56 4.099922e-52 1.098603e-48 5.305912e-46 3.853868e-44 7.400948e-43 9.848567e-42 8.533624e-41 -3.770790e-40 -3.956526e-38 -1.167618e-36 -2.560516e-35 -4.745041e-34 -7.759971e-33 -1.141528e-31 -1.524510e-30 -1.856018e-29 -2.061535e-28 -2.084878e-27 -1.909801e-26 -1.568847e-25 -1.134105e-24 -6.931741e-24 -3.210638e-23 -6.019787e-23 8.440121e-22 1.358501e-20 1.293199e-19 9.748001e-19 6.250811e-18 3.504473e-17 1.738610e-16 7.670768e-16 3.012600e-15 1.051099e-14 3.242263e-14 8.766950e-14 2.047234e-13 4.010986e-13 6.150638e-13 5.659127e-13 -4.402832e-13 -3.669960e-12 -1.094859e-11 -2.438212e-11 -4.585440e-11 -7.646594e-11 -1.161088e-10 -1.633093e-10 -2.153635e-10 -2.686994e-10 -3.193518e-10 -3.634397e-10 -3.975710e-10 -4.191391e-10 -4.265132e-10 -4.191391e-10 -3.975710e-10 -3.634397e-10 -3.193518e-10 -2.686994e-10 -2.153635e-10 -1.633093e-10 -1.161088e-10 -7.646594e-11 -4.585440e-11 -2.438212e-11 -1.094859e-11 -3.669960e-12 -4.402832e-13 5.659127e-13 6.150638e-13 4.010986e-13 2.047234e-13 8.766950e-14 3.242263e-14 1.051099e-14 3.012600e-15 7.670768e-16 1.738610e-16 3.504473e-17 6.250811e-18 9.748001e-19 1.293199e-19 1.358501e-20 8.440121e-22 -6.019787e-23 -3.210638e-23 -6.931741e-24 -1.134105e-24 -1.568847e-25 -1.909801e-26 -2.084878e-27 -2.061535e-28 -1.856018e-29 -1.524510e-30 -1.141528e-31 -7.759971e-33 -4.745041e-34 -2.560516e-35 -1.167618e-36 -3.956526e-38 -3.770790e-40 8.533624e-41 9.848567e-42 7.400948e-43 3.853868e-44 5.305912e-46 1.098603e-48 4.099922e-52 3.650099e-56 9.665508e-61 8.927049e-66 0.000000e+00
0.000000e+00 1.777004e-64 1.767550e-59 6.169398e-55 6.408038e-51 1.580157e-47 6.935654e-45 4.456484e-43 7.127639e-42 6.314968e-41 -2.771992e-40 -3.026063e-38 -9.139798e-37 -2.050172e-35 -3.886952e-34 -6.505712e-33 -9.798951e-32 -1.340580e-30 -1.672779e-29 -1.905349e-28 -1.977114e-27 -1.859290e-26 -1.568847e-25 -1.165457e-24 -7.321997e-24 -3.483292e-23 -6.613644e-23 9.894037e-22 1.632202e-20 1.601624e-19 1.246477e-18 8.260144e-18 4.789001e-17 2.458001e-16 1.122109e-15 4.558539e-15 1.643585e-14 5.228117e-14 1.451751e-13 3.452712e-13 6.763608e-13 9.824006e-13 5.926328e-13 -2.178772e-12 -1.048727e-11 -2.898332e-11 -6.310642e-11 -1.177351e-10 -1.956897e-10 -2.966771e-10 -4.170283e-10 -5.502344e-10 -6.880127e-10 -8.215279e-10 -9.424556e-10 -1.043709e-09 -1.119803e-09 -1.166930e-09 -1.182879e-09 -1.166930e-09 -1.119803e-09 -1.043709e-09 -9.424556e-10 -8.215279e-10 -6.880127e-10 -5.502344e-10 -4.170283e-10 -2.966771e-10 -1.956897e-10 -1.177351e-10 -6.310642e-11 -2.898332e-11 -1.048727e-11 -2.178772e-12 5.926328e-13 9.824006e-13 6.763608e-13 3.452712e-13 1.451751e-13 5.228117e-14 1.643585e-14 4.558539e-15 1.122109e-15 2.458001e-16 4.789001e-17 8.260144e-18 1.246477e-18 1.601624e-19 1.632202e-20 9.894037e-22 -6.613644e-23 -3.483292e-23 -7.321997e-24 -1.165457e-24 -1.568847e-25 -1.859290e-26 -1.977114e-27 -1.905349e-28 -1.672779e-29 -1.340580e-30 -9.798951e-32 -6.505712e-33 -3.886952e-34 -2.050172e-35 -9.139798e-37 -3.026063e-38 -2.771992e-40 6.314968e-41 7.127639e-42 4.456484e-43 6.935654e-45 1.580157e-47 6.408038e-51 6.169398e-55 1.767550e-59 1.777004e-64 0.000000e+00
0.000000e+00 3.175931e-63 2.920444e-58 9.431857e-54 9.025628e-50 2.026568e-46 7.887910e-44 4.209291e-42 4.463332e-41 -1.932324e-40 -2.202575e-38 -6.807939e-37 -1.561568e-35 -3.027752e-34 -5.184295e-33 -7.991703e-32 -1.119489e-30 -1.431033e-29 -1.670696e-28 -1.777881e-27 -1.715570e-26 -1.486191e-25 -1.134105e-24 -7.321997e-24 -3.579178e-23 -6.931069e-23 1.088152e-21 1.844256e-20 1.865458e-19 1.498255e-18 1.025430e-17 6.143864e-17 3.260161e-16 1.538952e-15 6.463272e-15 2.407059e-14 7.893497e-14 2.250765e-13 5.451552e-13 1.066169e-12 1.443586e-12 2.287174e-13 -6.300001e-12 -2.528720e-11 -6.745166e-11 -1.453369e-10 -2.698079e-10 -4.462380e-10 -6.721516e-10 -9.372271e-10 -1.225422e-09 -1.518231e-09 -1.797909e-09 -2.049800e-09 -2.263439e-09 -2.432498e-09 -2.553937e-09 -2.626799e-09 -2.651058e-09 -2.626799e-09 -2.553937e-09 -2.432498e-09 -2.263439e-09 -2.049800e-09 -1.797909e-09 -1.518231e-09 -1.225422e-09 -9.372271e-10 -6.721516e-10 -4.462380e-10 -2.698079e-10 -1.453369e-10 -6.745166e-11 -2.528720e-11 -6.300001e-12 2.287174e-13 1.443586e-12 1.066169e-12 5.451552e-13 2.250765e-13 7.893497e-14 2.407059e-14 6.463272e-15 1.538952e-15 3.260161e-16 6.143864e-17 1.025430e-17 1.498255e-18 1.865458e-19 1.844256e-20 1.088152e-21 -6.931069e-23 -3.579178e-23 -7.321997e-24 -1.134105e-24 -1.486191e-25 -1.715570e-26 -1.777881e-27 -1.670696e-28 -1.431033e-29 -1.119489e-30 -7.991703e-32 -5.184295e-33 -3.027752e-34 -1.561568e-35 -6.807939e-37 -2.202575e-38 -1.932324e-40 4.463332e-41 4.209291e-42 7.887910e-44 2.026568e-46 9.025628e-50 9.431857e-54 2.920444e-58 3.175931e-63 0.000000e+00
