0.000000e+00 -7.579616e-111 -1.729014e-105 -1.368204e-100 -3.218405e-96 -1.816719e-92 -1.875885e-89 -2.983008e-87 -1.287658e-85 -4.222707e-84 -1.259359e-82 -3.380885e-81 -8.017004e-80 -1.611012e-78 -2.437139e-77 -1.284277e-76 8.583907e-75 4.490131e-73 1.468780e-71 3.889241e-70 8.920762e-69 1.821107e-67 3.350646e-66 5.587744e-65 8.457719e-64 1.159342e-62 1.429911e-61 1.566074e-60 1.482229e-59 1.135188e-58 5.533100e-58 -1.594099e-57 -8.517510e-56 -1.376501e-54 -1.641213e-53 -1.634614e-52 -1.418311e-51 -1.092088e-50 -7.529607e-50 -4.668348e-49 -2.606644e-48 -1.310286e-47 -5.918377e-47 -2.394139e-46 -8.630419e-46 -2.752027e-45 -7.675939e-45 -1.837940e-44 -3.643276e-44 -5.458169e-44 -4.070596e-44 8.304301e-44 4.488584e-43 1.211950e-42 2.463956e-42 4.120618e-42 5.862914e-42 7.209390e-42 7.718095e-42 7.209390e-42 5.862914e-42 4.120618e-42 2.463956e-42 1.211950e-42 4.488584e-43 8.304301e-44 -4.070596e-44 -5.458169e-44 -3.643276e-44 -1.837940e-44 -7.675939e-45 -2.752027e-45 -8.630419e-46 -2.394139e-46 -5.918377e-47 -1.310286e-47 -2.606644e-48 -4.668348e-49 -7.529607e-50 -1.092088e-50 -1.418311e-51 -1.634614e-52 -1.641213e-53 -1.376501e-54 -8.517510e-56 -1.594099e-57 5.533100e-58 1.135188e-58 1.482229e-59 1.566074e-60 1.429911e-61 1.159342e-62 8.457719e-64 5.587744e-65 3.350646e-66 1.821107e-67 8.920762e-69 3.889241e-70 1.468780e-71 4.490131e-73 8.583907e-75 -1.284277e-76 -2.437139e-77 -1.611012e-78 -8.017004e-80 -3.380885e-81 -1.259359e-82 -4.222707e-84 -1.287658e-85 -2.983008e-87 -1.875885e-89 -1.816719e-92 -3.218405e-96 -1.368204e-100 -1.729014e-105 -7.579616e-111 0.000000e+00
0.000000e+00 -2.687156e-105 -5.564407e-100 -4.039654e-95 -8.773490e-91 -4.589292e-87 -4.398311e-84 -6.491985e-82 -2.599594e-80 -7.876861e-79 -2.148706e-77 -5.171216e-76 -1.051232e-74 -1.589396e-73 -7.035911e-73 6.561905e-71 3.363190e-69 1.111139e-67 2.991045e-66 6.993127e-65 1.457359e-63 2.740005e-62 4.672570e-61 7.235597e-60 1.014899e-58 1.280593e-57 1.433281e-56 1.381832e-55 1.067007e-54 4.957312e-54 -2.447371e-53 -1.005252e-51 -1.622378e-50 -1.974959e-49 -2.023138e-48 -1.812462e-47 -1.444657e-46 -1.033150e-45 -6.655388e-45 -3.866724e-44 -2.024893e-43 -9.536436e-43 -4.023559e-42 -1.511735e-41 -5.011749e-41 -1.444266e-40 -3.519965e-40 -6.822421e-40 -8.548739e-40 2.952693e-40 5.811071e-39 2.159156e-38 5.624404e-38 1.184296e-37 2.114232e-37 3.271253e-37 4.439113e-37 5.318946e-37 5.647302e-37 5.318946e-37 4.439113e-37 3.271253e-37 2.114232e-37 1.184296e-37 5.624404e-38 2.159156e-38 5.811071e-39 2.952693e-40 -8.548739e-40 -6.822421e-40 -3.519965e-40 -1.444266e-40 -5.011749e-41 -1.511735e-41 -4.023559e-42 -9.536436e-43 -2.024893e-43 -3.866724e-44 -6.655388e-45 -1.033150e-45 -1.444657e-46 -1.812462e-47 -2.023138e-48 -1.974959e-49 -1.622378e-50 -1.005252e-51 -2.447371e-53 4.957312e-54 1.067007e-54 1.381832e-55 1.433281e-56 1.280593e-57 1.014899e-58 7.235597e-60 4.672570e-61 2.740005e-62 1.457359e-63 6.993127e-65 2.991045e-66 1.111139e-67 3.363190e-69 6.561905e-71 -7.035911e-73 -1.589396e-73 -1.051232e-74 -5.171216e-76 -2.148706e-77 -7.876861e-79 -2.599594e-80 -6.491985e-82 -4.398311e-84 -4.589292e-87 -8.773490e-91 -4.039654e-95 -5.564407e-100 -2.687156e-105 0.000000e+00
0.000000e+00 -3.533221e-100 -6.712274e-95 -4.499203e-90 -9.055095e-86 -4.396120e-82 -3.908696e-79 -5.339991e-77 -1.971800e-75 -5.458780e-74 -1.332309e-72 -2.736733e-71 -4.123782e-70 -1.407995e-69 1.995253e-67 1.004184e-65 3.349313e-64 9.159251e-63 2.181185e-61 4.636630e-60 8.900451e-59 1.550685e-57 2.454292e-56 3.518920e-55 4.537092e-54 5.182112e-53 5.079544e-52 3.940045e-51 1.708873e-50 -1.342014e-49 -4.644589e-48 -7.499511e-47 -9.313161e-46 -9.798844e-45 -9.048740e-44 -7.452422e-43 -5.517114e-42 -3.684678e-41 -2.222278e-40 -1.209254e-39 -5.921404e-39 -2.597523e-38 -1.013518e-37 -3.477717e-37 -1.028913e-36 -2.522575e-36 -4.614062e-36 -3.585292e-36 1.568953e-35 9.539032e-35 3.263769e-34 8.630205e-34 1.906089e-33 3.629925e-33 6.059871e-33 8.956163e-33 1.179249e-32 1.388825e-32 1.466301e-32 1.388825e-32 1.179249e-32 8.956163e-33 6.059871e-33 3.629925e-33 1.906089e-33 8.630205e-34 3.263769e-34 9.539032e-35 1.568953e-35 -3.585292e-36 -4.614062e-36 -2.522575e-36 -1.028913e-36 -3.477717e-37 -1.013518e-37 -2.597523e-38 -5.921404e-39 -1.209254e-39 -2.222278e-40 -3.684678e-41 -5.517114e-42 -7.452422e-43 -9.048740e-44 -9.798844e-45 -9.313161e-46 -7.499511e-47 -4.644589e-48 -1.342014e-49 1.708873e-50 3.940045e-51 5.079544e-52 5.182112e-53 4.537092e-54 3.518920e-55 2.454292e-56 1.550685e-57 8.900451e-59 4.636630e-60 2.181185e-61 9.159251e-63 3.349313e-64 1.004184e-65 1.995253e-67 -1.407995e-69 -4.123782e-70 -2.736733e-71 -1.332309e-72 -5.458780e-74 -1.971800e-75 -5.339991e-77 -3.908696e-79 -4.396120e-82 -9.055095e-86 -4.499203e-90 -6.712274e-95 -3.533221e-100 0.000000e+00
0.000000e+00 -1.509070e-95 -2.646967e-90 -1.644166e-85 -3.071207e-81 -1.383207e-77 -1.137676e-74 -1.429497e-72 -4.809808e-71 -1.188813e-69 -2.464560e-68 -3.689314e-67 -8.104017e-67 2.093339e-64 1.036522e-62 3.488671e-61 9.685609e-60 2.347616e-58 5.086460e-57 9.960809e-56 1.771475e-54 2.862957e-53 4.191669e-52 5.516077e-51 6.420323e-50 6.385636e-49 4.954877e-48 1.946403e-47 -2.377949e-46 -7.295101e-45 -1.180139e-43 -1.493823e-42 -1.612167e-41 -1.532197e-40 -1.301627e-39 -9.956321e-39 -6.879817e-38 -4.297746e-37 -2.424196e-36 -1.230935e-35 -5.597176e-35 -2.259986e-34 -7.989931e-34 -2.410101e-33 -5.855714e-33 -9.507410e-33 1.795918e-33 8.971397e-32 4.365630e-31 1.470846e-30 4.010517e-30 9.311421e-30 1.884749e-29 3.370708e-29 5.372426e-29 7.677388e-29 9.878820e-29 1.147909e-28 1.206592e-28 1.147909e-28 9.878820e-29 7.677388e-29 5.372426e-29 3.370708e-29 1.884749e-29 9.311421e-30 4.010517e-30 1.470846e-30 4.365630e-31 8.971397e-32 1.795918e-33 -9.507410e-33 -5.855714e-33 -2.410101e-33 -7.989931e-34 -2.259986e-34 -5.597176e-35 -1.230935e-35 -2.424196e-36 -4.297746e-37 -6.879817e-38 -9.956321e-39 -1.301627e-39 -1.532197e-40 -1.612167e-41 -1.493823e-42 -1.180139e-43 -7.295101e-45 -2.377949e-46 1.946403e-47 4.954877e-48 6.385636e-49 6.420323e-50 5.516077e-51 4.191669e-52 2.862957e-53 1.771475e-54 9.960809e-56 5.086460e-57 2.347616e-58 9.685609e-60 3.488671e-61 1.036522e-62 2.093339e-64 -8.104017e-67 -3.689314e-67 -2.464560e-68 -1.188813e-69 -4.809808e-71 -1.429497e-72 -1.137676e-74 -1.383207e-77 -3.071207e-81 -1.644166e-85 -2.646967e-90 -1.509070e-95 0.000000e+00
0.000000e+00 -1.740896e-91 -2.829708e-86 -1.631342e-81 -2.826905e-77 -1.177698e-73 -8.902836e-71 -1.015937e-68 -3.039115e-67 -6.346390e-66 -9.403539e-65 -6.850706e-65 6.266547e-62 3.057961e-60 1.038195e-58 2.924384e-57 7.209371e-56 1.590890e-54 3.175737e-53 5.760327e-52 9.497483e-51 1.418515e-49 1.903065e-48 2.254036e-47 2.270009e-46 1.753547e-45 5.950334e-45 -1.148572e-43 -3.223994e-42 -5.231025e-41 -6.743861e-40 -7.455990e-39 -7.282164e-38 -6.370678e-37 -5.026021e-36 -3.586368e-35 -2.315647e-34 -1.350852e-33 -7.094545e-33 -3.334177e-32 -1.388229e-31 -5.032900e-31 -1.535588e-30 -3.622770e-30 -4.584372e-30 1.162769e-29 1.109998e-28 4.992223e-28 1.696953e-27 4.796087e-27 1.169107e-26 2.504053e-26 4.766114e-26 8.124734e-26 1.247714e-25 1.733964e-25 2.188127e-25 2.513445e-25 2.631870e-25 2.513445e-25 2.188127e-25 1.733964e-25 1.247714e-25 8.124734e-26 4.766114e-26 2.504053e-26 1.169107e-26 4.796087e-27 1.696953e-27 4.992223e-28 1.109998e-28 1.162769e-29 -4.584372e-30 -3.622770e-30 -1.535588e-30 -5.032900e-31 -1.388229e-31 -3.334177e-32 -7.094545e-33 -1.350852e-33 -2.315647e-34 -3.586368e-35 -5.026021e-36 -6.370678e-37 -7.282164e-38 -7.455990e-39 -6.743861e-40 -5.231025e-41 -3.223994e-42 -1.148572e-43 5.950334e-45 1.753547e-45 2.270009e-46 2.254036e-47 1.903065e-48 1.418515e-49 9.497483e-51 5.760327e-52 3.175737e-53 1.590890e-54 7.209371e-56 2.924384e-57 1.038195e-58 3.057961e-60 6.266547e-62 -6.850706e-65 -9.403539e-65 -6.346390e-66 -3.039115e-67 -1.015937e-68 -8.902836e-71 -1.177698e-73 -2.826905e-77 -1.631342e-81 -2.829708e-86 -1.740896e-91 0.000000e+00
0.000000e+00 -4.234442e-88 -6.388145e-83 -3.416546e-78 -5.476536e-74 -2.096868e-70 -1.438402e-67 -1.452391e-65 -3.640003e-64 -5.313239e-63 5.507709e-63 4.165279e-60 2.006665e-58 6.870098e-57 1.962316e-55 4.917228e-54 1.104385e-52 2.245606e-51 4.151057e-50 6.976438e-49 1.061952e-47 1.450875e-46 1.746320e-45 1.777023e-44 1.359238e-43 3.673009e-43 -1.189590e-41 -3.122994e-40 -5.087471e-39 -6.675566e-38 -7.552379e-37 -7.570228e-36 -6.809899e-35 -5.532200e-34 -4.069214e-33 -2.710444e-32 -1.631765e-31 -8.842694e-31 -4.283248e-30 -1.832672e-29 -6.779996e-29 -2.073213e-28 -4.610153e-28 -2.976464e-28 3.766071e-27 2.630165e-26 1.149679e-25 3.984320e-25 1.168630e-24 2.983429e-24 6.731089e-24 1.355345e-23 2.453199e-23 4.014397e-23 5.967141e-23 8.088358e-23 1.002856e-22 1.139914e-22 1.189461e-22 1.139914e-22 1.002856e-22 8.088358e-23 5.967141e-23 4.014397e-23 2.453199e-23 1.355345e-23 6.731089e-24 2.983429e-24 1.168630e-24 3.984320e-25 1.149679e-25 2.630165e-26 3.766071e-27 -2.976464e-28 -4.610153e-28 -2.073213e-28 -6.779996e-29 -1.832672e-29 -4.283248e-30 -8.842694e-31 -1.631765e-31 -2.710444e-32 -4.069214e-33 -5.532200e-34 -6.809899e-35 -7.570228e-36 -7.552379e-37 -6.675566e-38 -5.087471e-39 -3.122994e-40 -1.189590e-41 3.673009e-43 1.359238e-43 1.777023e-44 1.746320e-45 1.450875e-46 1.061952e-47 6.976438e-49 4.151057e-50 2.245606e-51 1.104385e-52 4.917228e-54 1.962316e-55 6.870098e-57 2.006665e-58 4.165279e-60 5.507709e-63 -5.313239e-63 -3.640003e-64 -1.452391e-65 -1.438402e-67 -2.096868e-70 -5.476536e-74 -3.416546e-78 -6.388145e-83 -4.234442e-88 0.000000e+00
0.000000e+00 -1.664006e-85 -2.329273e-80 -1.152590e-75 -1.698407e-71 -5.902251e-68 -3.579755e-65 -3.004253e-63 -5.117301e-62 1.561770e-61 4.696450e-59 2.240788e-57 7.739399e-56 2.241434e-54 5.707573e-53 1.304237e-51 2.700225e-50 5.084518e-49 8.706059e-48 1.349895e-46 1.876984e-45 2.294061e-44 2.355774e-43 1.776990e-42 3.308639e-42 -2.029367e-40 -5.079764e-39 -8.325827e-38 -1.112049e-36 -1.286774e-35 -1.322689e-34 -1.222299e-33 -1.021348e-32 -7.734505e-32 -5.307392e-31 -3.292461e-30 -1.837865e-29 -9.156991e-29 -4.015895e-28 -1.510000e-27 -4.585972e-27 -9.219132e-27 3.995703e-27 1.552656e-25 9.589443e-25 4.175271e-24 1.483931e-23 4.518297e-23 1.205354e-22 2.853756e-22 6.048609e-22 1.155414e-21 2.000352e-21 3.154286e-21 4.549845e-21 6.025480e-21 7.348128e-21 8.269903e-21 8.600886e-21 8.269903e-21 7.348128e-21 6.025480e-21 4.549845e-21 3.154286e-21 2.000352e-21 1.155414e-21 6.048609e-22 2.853756e-22 1.205354e-22 4.518297e-23 1.483931e-23 4.175271e-24 9.589443e-25 1.552656e-25 3.995703e-27 -9.219132e-27 -4.585972e-27 -1.510000e-27 -4.015895e-28 -9.156991e-29 -1.837865e-29 -3.292461e-30 -5.307392e-31 -7.734505e-32 -1.021348e-32 -1.222299e-33 -1.322689e-34 -1.286774e-35 -1.112049e-36 -8.325827e-38 -5.079764e-39 -2.029367e-40 3.308639e-42 1.776990e-42 2.355774e-43 2.294061e-44 1.876984e-45 1.349895e-46 8.706059e-48 5.084518e-49 2.700225e-50 1.304237e-51 5.707573e-53 2.241434e-54 7.739399e-56 2.240788e-57 4.696450e-59 1.561770e-61 -5.117301e-62 -3.004253e-63 -3.579755e-65 -5.902251e-68 -1.698407e-71 -1.152590e-75 -2.329273e-80 -1.664006e-85 0.000000e+00
0.000000e+00 -1.163679e-83 -1.509097e-78 -6.875445e-74 -9.213868e-70 -2.838760e-66 -1.435263e-63 -8.092098e-62 4.372197e-61 9.783561e-59 4.673933e-57 1.635048e-55 4.812242e-54 1.247252e-52 2.903683e-51 6.128580e-50 1.176980e-48 2.055948e-47 3.252092e-46 4.611036e-45 5.738239e-44 5.973566e-43 4.487758e-42 5.316347e-42 -6.209565e-40 -1.529657e-38 -2.543536e-37 -3.472145e-36 -4.119660e-35 -4.350670e-34 -4.136438e-33 -3.560018e-32 -2.779234e-31 -1.967328e-30 -1.259447e-29 -7.254201e-29 -3.725759e-28 -1.679582e-27 -6.444024e-27 -1.953298e-26 -3.500670e-26 6.762572e-26 1.031414e-24 6.151904e-24 2.728202e-23 1.003568e-22 3.185868e-22 8.897550e-22 2.211076e-21 4.927811e-21 9.911823e-21 1.809239e-20 3.012162e-20 4.595470e-20 6.451858e-20 8.366311e-20 1.005019e-19 1.120897e-19 1.162242e-19 1.120897e-19 1.005019e-19 8.366311e-20 6.451858e-20 4.595470e-20 3.012162e-20 1.809239e-20 9.911823e-21 4.927811e-21 2.211076e-21 8.897550e-22 3.185868e-22 1.003568e-22 2.728202e-23 6.151904e-24 1.031414e-24 6.762572e-26 -3.500670e-26 -1.953298e-26 -6.444024e-27 -1.679582e-27 -3.725759e-28 -7.254201e-29 -1.259447e-29 -1.967328e-30 -2.779234e-31 -3.560018e-32 -4.136438e-33 -4.350670e-34 -4.119660e-35 -3.472145e-36 -2.543536e-37 -1.529657e-38 -6.209565e-40 5.316347e-42 4.487758e-42 5.973566e-43 5.738239e-44 4.611036e-45 3.252092e-46 2.055948e-47 1.176980e-48 6.128580e-50 2.903683e-51 1.247252e-52 4.812242e-54 1.635048e-55 4.673933e-57 9.783561e-59 4.372197e-61 -8.092098e-62 -1.435263e-63 -2.838760e-66 -9.213868e-70 -6.875445e-74 -1.509097e-78 -1.163679e-83 0.000000e+00
0.000000e+00 -3.961993e-82 -4.744181e-77 -1.972941e-72 -2.356752e-68 -6.113371e-65 -2.132672e-62 3.299652e-61 1.020940e-58 4.962351e-57 1.769993e-55 5.315939e-54 1.406807e-52 3.345810e-51 7.217655e-50 1.417410e-48 2.532958e-47 4.100668e-46 5.952820e-45 7.585997e-44 8.083666e-43 6.197099e-42 6.588635e-42 -9.296303e-40 -2.337447e-38 -3.991027e-37 -5.605441e-36 -6.851616e-35 -7.462210e-34 -7.323882e-33 -6.512925e-32 -5.258322e-31 -3.852671e-30 -2.554742e-29 -1.524991e-28 -8.117947e-28 -3.789793e-27 -1.500748e-26 -4.639130e-26 -7.853113e-26 2.482759e-25 3.241132e-24 1.967705e-23 9.062694e-23 3.486634e-22 1.161691e-21 3.412119e-21 8.928537e-21 2.096781e-20 4.445521e-20 8.554754e-20 1.501804e-19 2.416944e-19 3.582496e-19 4.911595e-19 6.251702e-19 7.410414e-19 8.198661e-19 8.478284e-19 8.198661e-19 7.410414e-19 6.251702e-19 4.911595e-19 3.582496e-19 2.416944e-19 1.501804e-19 8.554754e-20 4.445521e-20 2.096781e-20 8.928537e-21 3.412119e-21 1.161691e-21 3.486634e-22 9.062694e-23 1.967705e-23 3.241132e-24 2.482759e-25 -7.853113e-26 -4.639130e-26 -1.500748e-26 -3.789793e-27 -8.117947e-28 -1.524991e-28 -2.554742e-29 -3.852671e-30 -5.258322e-31 -6.512925e-32 -7.323882e-33 -7.462210e-34 -6.851616e-35 -5.605441e-36 -3.991027e-37 -2.337447e-38 -9.296303e-40 6.588635e-42 6.197099e-42 8.083666e-43 7.585997e-44 5.952820e-45 4.100668e-46 2.532958e-47 1.417410e-48 7.217655e-50 3.345810e-51 1.406807e-52 5.315939e-54 1.769993e-55 4.962351e-57 1.020940e-58 3.299652e-61 -2.132672e-62 -6.113371e-65 -2.356752e-68 -1.972941e-72 -4.744181e-77 -3.961993e-82 0.000000e+00
0.000000e+00 -1.203706e-80 -1.317678e-75 -4.897920e-71 -4.957214e-67 -9.094893e-64 4.333534e-62 8.216972e-59 4.964603e-57 1.806096e-55 5.537126e-54 1.496416e-52 3.635956e-51 8.016890e-50 1.609893e-48 2.943236e-47 4.877017e-46 7.249836e-45 9.464718e-44 1.033476e-42 8.113152e-42 8.422398e-42 -1.295202e-39 -3.339691e-38 -5.861984e-37 -8.473532e-36 -1.066956e-34 -1.198120e-33 -1.213468e-32 -1.114525e-31 -9.301551e-31 -7.050479e-30 -4.840318e-29 -2.993061e-28 -1.650887e-27 -7.981199e-27 -3.264255e-26 -1.031400e-25 -1.653412e-25 7.557562e-25 9.186746e-24 5.721724e-23 2.741494e-22 1.102945e-21 3.853167e-21 1.188505e-20 3.268674e-20 8.070459e-20 1.798819e-19 3.637819e-19 6.708412e-19 1.133679e-18 1.764427e-18 2.541179e-18 3.401798e-18 4.249328e-18 4.969032e-18 5.452683e-18 5.623197e-18 5.452683e-18 4.969032e-18 4.249328e-18 3.401798e-18 2.541179e-18 1.764427e-18 1.133679e-18 6.708412e-19 3.637819e-19 1.798819e-19 8.070459e-20 3.268674e-20 1.188505e-20 3.853167e-21 1.102945e-21 2.741494e-22 5.721724e-23 9.186746e-24 7.557562e-25 -1.653412e-25 -1.031400e-25 -3.264255e-26 -7.981199e-27 -1.650887e-27 -2.993061e-28 -4.840318e-29 -7.050479e-30 -9.301551e-31 -1.114525e-31 -1.213468e-32 -1.198120e-33 -1.066956e-34 -8.473532e-36 -5.861984e-37 -3.339691e-38 -1.295202e-39 8.422398e-42 8.113152e-42 1.033476e-42 9.464718e-44 7.249836e-45 4.877017e-46 2.943236e-47 1.609893e-48 8.016890e-50 3.635956e-51 1.496416e-52 5.537126e-54 1.806096e-55 4.964603e-57 8.216972e-59 4.333534e-62 -9.094893e-64 -4.957214e-67 -4.897920e-71 -1.317678e-75 -1.203706e-80 0.000000e+00
0.000000e+00 -3.291994e-79 -3.227618e-74 -1.021684e-69 -7.468101e-66 7.872878e-65 1.847808e-59 3.954656e-57 1.770952e-55 5.537128e-54 1.527517e-52 3.790221e-51 8.537859e-50 1.752381e-48 3.275985e-47 5.553360e-46 8.449136e-45 1.129422e-43 1.263081e-42 1.015040e-41 1.033628e-41 -1.719814e-39 -4.546177e-38 -8.197941e-37 -1.218710e-35 -1.579556e-34 -1.827253e-33 -1.908050e-32 -1.808284e-31 -1.558462e-30 -1.220843e-29 -8.668064e-29 -5.546426e-28 -3.166420e-27 -1.583639e-26 -6.683763e-26 -2.157350e-25 -3.246407e-25 2.057892e-24 2.403997e-23 1.539489e-22 7.669572e-22 3.222219e-21 1.178210e-20 3.808607e-20 1.098423e-19 2.844258e-19 6.646177e-19 1.408051e-18 2.717465e-18 4.801186e-18 7.805314e-18 1.173633e-17 1.640456e-17 2.141609e-17 2.622345e-17 3.022339e-17 3.287413e-17 3.380206e-17 3.287413e-17 3.022339e-17 2.622345e-17 2.141609e-17 1.640456e-17 1.173633e-17 7.805314e-18 4.801186e-18 2.717465e-18 1.408051e-18 6.646177e-19 2.844258e-19 1.098423e-19 3.808607e-20 1.178210e-20 3.222219e-21 7.669572e-22 1.539489e-22 2.403997e-23 2.057892e-24 -3.246407e-25 -2.157350e-25 -6.683763e-26 -1.583639e-26 -3.166420e-27 -5.546426e-28 -8.668064e-29 -1.220843e-29 -1.558462e-30 -1.808284e-31 -1.908050e-32 -1.827253e-33 -1.579556e-34 -1.218710e-35 -8.197941e-37 -4.546177e-38 -1.719814e-39 1.033628e-41 1.015040e-41 1.263081e-42 1.129422e-43 8.449136e-45 5.553360e-46 3.275985e-47 1.752381e-48 8.537859e-50 3.790221e-51 1.527517e-52 5.537128e-54 1.770952e-55 3.954656e-57 1.847808e-59 7.872878e-65 -7.468101e-66 -1.021684e-69 -3.227618e-74 -3.291994e-79 0.000000e+00
0.000000e+00 -7.950150e-78 -6.668697e-73 -1.552619e-68 -1.157318e-65 6.696821e-61 8.948904e-58 1.387833e-55 5.319122e-54 1.496417e-52 3.790221e-51 8.718879e-50 1.828252e-48 3.493294e-47 6.055193e-46 9.424457e-45 1.289298e-43 1.476087e-42 1.213959e-41 1.220050e-41 -2.177105e-39 -5.898242e-38 -1.092061e-36 -1.668478e-35 -2.224249e-34 -2.648569e-33 -2.849051e-32 -2.783612e-31 -2.475146e-30 -2.001921e-29 -1.468539e-28 -9.713779e-28 -5.734075e-27 -2.964025e-26 -1.289933e-25 -4.251609e-25 -5.951220e-25 5.093722e-24 5.830973e-23 3.844805e-22 1.990299e-21 8.720568e-21 3.331956e-20 1.126673e-19 3.400594e-19 9.214473e-19 2.251788e-18 4.983796e-18 1.003355e-17 1.846050e-17 3.119794e-17 4.868896e-17 7.055842e-17 9.546687e-17 1.212285e-16 1.451661e-16 1.645853e-16 1.772289e-16 1.816148e-16 1.772289e-16 1.645853e-16 1.451661e-16 1.212285e-16 9.546687e-17 7.055842e-17 4.868896e-17 3.119794e-17 1.846050e-17 1.003355e-17 4.983796e-18 2.251788e-18 9.214473e-19 3.400594e-19 1.126673e-19 3.331956e-20 8.720568e-21 1.990299e-21 3.844805e-22 5.830973e-23 5.093722e-24 -5.951220e-25 -4.251609e-25 -1.289933e-25 -2.964025e-26 -5.734075e-27 -9.713779e-28 -1.468539e-28 -2.001921e-29 -2.475146e-30 -2.783612e-31 -2.849051e-32 -2.648569e-33 -2.224249e-34 -1.668478e-35 -1.092061e-36 -5.898242e-38 -2.177105e-39 1.220050e-41 1.213959e-41 1.476087e-42 1.289298e-43 9.424457e-45 6.055193e-46 3.493294e-47 1.828252e-48 8.718879e-50 3.790221e-51 1.496417e-52 5.319122e-54 1.387833e-55 8.948904e-58 6.696821e-61 -1.157318e-65 -1.552619e-68 -6.668697e-73 -7.950150e-78 0.000000e+00
0.000000e+00 -1.625096e-76 -1.018756e-71 -4.511377e-68 4.675686e-63 3.282910e-59 3.110122e-56 4.093052e-54 1.407710e-52 3.635959e-51 8.537859e-50 1.828252e-48 3.568864e-47 6.322742e-46 1.006248e-44 1.408167e-43 1.649714e-42 1.388127e-41 1.386426e-41 -2.628170e-39 -7.295669e-38 -1.386167e-36 -2.175137e-35 -2.980382e-34 -3.650380e-33 -4.041856e-32 -4.067801e-31 -3.728526e-30 -3.110816e-29 -2.355516e-28 -1.609132e-27 -9.812584e-27 -5.237915e-26 -2.348938e-25 -7.903976e-25 -1.019361e-24 1.157461e-23 1.315100e-22 8.936167e-22 4.803172e-21 2.192040e-20 8.738316e-20 3.085657e-19 9.729004e-19 2.753276e-18 7.021478e-18 1.619529e-17 3.391396e-17 6.474858e-17 1.132426e-16 1.823933e-16 2.720828e-16 3.781633e-16 4.927034e-16 6.053820e-16 7.054795e-16 7.836994e-16 8.332638e-16 8.502124e-16 8.332638e-16 7.836994e-16 7.054795e-16 6.053820e-16 4.927034e-16 3.781633e-16 2.720828e-16 1.823933e-16 1.132426e-16 6.474858e-17 3.391396e-17 1.619529e-17 7.021478e-18 2.753276e-18 9.729004e-19 3.085657e-19 8.738316e-20 2.192040e-20 4.803172e-21 8.936167e-22 1.315100e-22 1.157461e-23 -1.019361e-24 -7.903976e-25 -2.348938e-25 -5.237915e-26 -9.812584e-27 -1.609132e-27 -2.355516e-28 -3.110816e-29 -3.728526e-30 -4.067801e-31 -4.041856e-32 -3.650380e-33 -2.980382e-34 -2.175137e-35 -1.386167e-36 -7.295669e-38 -2.628170e-39 1.386426e-41 1.388127e-41 1.649714e-42 1.408167e-43 1.006248e-44 6.322742e-46 3.568864e-47 1.828252e-48 8.537859e-50 3.635959e-51 1.407710e-52 4.093052e-54 3.110122e-56 3.282910e-59 4.675686e-63 -4.511377e-68 -1.018756e-71 -1.625096e-76 0.000000e+00
0.000000e+00 -2.488192e-75 -4.106720e-71 8.280463e-66 2.325136e-61 1.131782e-57 9.043204e-55 1.062574e-52 3.348084e-51 8.016898e-50 1.752381e-48 3.493294e-47 6.322742e-46 1.028454e-44 1.471620e-43 1.763471e-42 1.517799e-41 1.518021e-41 -3.026219e-39 -8.605564e-38 -1.676987e-36 -2.701052e-35 -3.801475e-34 -4.785739e-33 -5.450313e-32 -5.645870e-31 -5.330144e-30 -4.583524e-29 -3.579372e-28 -2.523091e-27 -1.588055e-26 -8.746844e-26 -4.039547e-25 -1.387594e-24 -1.632556e-24 2.430485e-23 2.765118e-22 1.937186e-21 1.080313e-20 5.129143e-20 2.130280e-19 7.843490e-19 2.579182e-18 7.609779e-18 2.021396e-17 4.848550e-17 1.053396e-16 2.080248e-16 3.749454e-16 6.197560e-16 9.445292e-16 1.335177e-15 1.761983e-15 2.185879e-15 2.568154e-15 2.879367e-15 3.103623e-15 3.236827e-15 3.280745e-15 3.236827e-15 3.103623e-15 2.879367e-15 2.568154e-15 2.185879e-15 1.761983e-15 1.335177e-15 9.445292e-16 6.197560e-16 3.749454e-16 2.080248e-16 1.053396e-16 4.848550e-17 2.021396e-17 7.609779e-18 2.579182e-18 7.843490e-19 2.130280e-19 5.129143e-20 1.080313e-20 1.937186e-21 2.765118e-22 2.430485e-23 -1.632556e-24 -1.387594e-24 -4.039547e-25 -8.746844e-26 -1.588055e-26 -2.523091e-27 -3.579372e-28 -4.583524e-29 -5.330144e-30 -5.645870e-31 -5.450313e-32 -4.785739e-33 -3.801475e-34 -2.701052e-35 -1.676987e-36 -8.605564e-38 -3.026219e-39 1.518021e-41 1.517799e-41 1.763471e-42 1.471620e-43 1.028454e-44 6.322742e-46 3.493294e-47 1.752381e-48 8.016898e-50 3.348084e-51 1.062574e-52 9.043204e-55 1.131782e-57 2.325136e-61 8.280463e-66 -4.106720e-71 -2.488192e-75 0.000000e+00
0.000000e+00 -1.236018e-74 4.633548e-69 4.184231e-64 7.950863e-60 3.246843e-56 2.309954e-53 2.477305e-51 7.222811e-50 1.609895e-48 3.275985e-47 6.055193e-46 1.006248e-44 1.471620e-43 1.803094e-42 1.587076e-41 1.602480e-41 -3.324237e-39 -9.681581e-38 -1.934121e-36 -3.195720e-35 -4.616881e-34 -5.970162e-33 -6.988473e-32 -7.445638e-31 -7.234475e-30 -6.406864e-29 -5.155774e-28 -3.746992e-27 -2.432237e-26 -1.381284e-25 -6.566028e-25 -2.302597e-24 -2.446376e-24 4.738293e-23 5.431761e-22 3.924286e-21 2.268856e-20 1.119407e-19 4.837569e-19 1.854564e-18 6.350731e-18 1.950509e-17 5.387723e-17 1.341395e-16 3.016872e-16 6.144678e-16 1.136847e-15 1.917539e-15 2.961162e-15 4.206637e-15 5.527142e-15 6.758428e-15 7.748240e-15 8.407117e-15 8.737520e-15 8.826562e-15 8.803771e-15 8.781475e-15 8.803771e-15 8.826562e-15 8.737520e-15 8.407117e-15 7.748240e-15 6.758428e-15 5.527142e-15 4.206637e-15 2.961162e-15 1.917539e-15 1.136847e-15 6.144678e-16 3.016872e-16 1.341395e-16 5.387723e-17 1.950509e-17 6.350731e-18 1.854564e-18 4.837569e-19 1.119407e-19 2.268856e-20 3.924286e-21 5.431761e-22 4.738293e-23 -2.446376e-24 -2.302597e-24 -6.566028e-25 -1.381284e-25 -2.432237e-26 -3.746992e-27 -5.155774e-28 -6.406864e-29 -7.234475e-30 -7.445638e-31 -6.988473e-32 -5.970162e-33 -4.616881e-34 -3.195720e-35 -1.934121e-36 -9.681581e-38 -3.324237e-39 1.602480e-41 1.587076e-41 1.803094e-42 1.471620e-43 1.006248e-44 6.055193e-46 3.275985e-47 1.609895e-48 7.222811e-50 2.477305e-51 2.309954e-53 3.246843e-56 7.950863e-60 4.184231e-64 4.633548e-69 -1.236018e-74 0.000000e+00
0.000000e+00 9.653438e-73 2.383594e-67 1.418697e-62 2.249519e-58 8.163639e-55 5.293074e-52 5.235875e-50 1.418471e-48 2.943241e-47 5.553360e-46 9.424457e-45 1.408167e-43 1.763471e-42 1.587076e-41 1.631591e-41 -3.483983e-39 -1.039019e-37 -2.126903e-36 -3.603110e-35 -5.340237e-34 -7.088660e-33 -8.523053e-32 -9.333034e-31 -9.326326e-30 -8.499669e-29 -7.043017e-28 -5.273211e-27 -3.527456e-26 -2.064122e-25 -1.009464e-24 -3.614750e-24 -3.432802e-24 8.605893e-23 9.986753e-22 7.440989e-21 4.456727e-20 2.282572e-19 1.025153e-18 4.086841e-18 1.455452e-17 4.646806e-17 1.332770e-16 3.438708e-16 7.990454e-16 1.674212e-15 3.167591e-15 5.420308e-15 8.401932e-15 1.181090e-14 1.505742e-14 1.737500e-14 1.805004e-14 1.669435e-14 1.345023e-14 9.031227e-15 4.561135e-15 1.252971e-15 3.468087e-17 1.252971e-15 4.561135e-15 9.031227e-15 1.345023e-14 1.669435e-14 1.805004e-14 1.737500e-14 1.505742e-14 1.181090e-14 8.401932e-15 5.420308e-15 3.167591e-15 1.674212e-15 7.990454e-16 3.438708e-16 1.332770e-16 4.646806e-17 1.455452e-17 4.086841e-18 1.025153e-18 2.282572e-19 4.456727e-20 7.440989e-21 9.986753e-22 8.605893e-23 -3.432802e-24 -3.614750e-24 -1.009464e-24 -2.064122e-25 -3.527456e-26 -5.273211e-27 -7.043017e-28 -8.499669e-29 -9.326326e-30 -9.333034e-31 -8.523053e-32 -7.088660e-33 -5.340237e-34 -3.603110e-35 -2.126903e-36 -1.039019e-37 -3.483983e-39 1.631591e-41 1.587076e-41 1.763471e-42 1.408167e-43 9.424457e-45 5.553360e-46 2.943241e-47 1.418471e-48 5.235875e-50 5.293074e-52 8.163639e-55 2.249519e-58 1.418697e-62 2.383594e-67 9.653438e-73 0.000000e+00
0.000000e+00 5.066063e-71 8.010089e-66 3.956245e-61 5.564535e-57 1.838982e-53 1.098751e-50 1.006947e-48 2.534940e-47 4.877026e-46 8.449136e-45 1.289298e-43 1.649714e-42 1.517799e-41 1.602480e-41 -3.483983e-39 -1.063764e-37 -2.230325e-36 -3.871855e-35 -5.883844e-34 -8.012564e-33 -9.889276e-32 -1.112282e-30 -1.142323e-29 -1.070600e-28 -9.128085e-28 -7.035732e-27 -4.846787e-26 -2.920462e-25 -1.468810e-24 -5.372362e-24 -4.515994e-24 1.460039e-22 1.721180e-21 1.322497e-20 8.199751e-20 4.355196e-19 2.030556e-18 8.407895e-18 3.110285e-17 1.030986e-16 3.066489e-16 8.187749e-16 1.962413e-15 4.220188e-15 8.136107e-15 1.403798e-14 2.159836e-14 2.939710e-14 3.475960e-14 3.411368e-14 2.391038e-14 1.880385e-15 -3.181012e-14 -7.397142e-14 -1.186728e-13 -1.584059e-13 -1.858337e-13 -1.956253e-13 -1.858337e-13 -1.584059e-13 -1.186728e-13 -7.397142e-14 -3.181012e-14 1.880385e-15 2.391038e-14 3.411368e-14 3.475960e-14 2.939710e-14 2.159836e-14 1.403798e-14 8.136107e-15 4.220188e-15 1.962413e-15 8.187749e-16 3.066489e-16 1.030986e-16 3.110285e-17 8.407895e-18 2.030556e-18 4.355196e-19 8.199751e-20 1.322497e-20 1.721180e-21 1.460039e-22 -4.515994e-24 -5.372362e-24 -1.468810e-24 -2.920462e-25 -4.846787e-26 -7.035732e-27 -9.128085e-28 -1.070600e-28 -1.142323e-29 -1.112282e-30 -9.889276e-32 -8.012564e-33 -5.883844e-34 -3.871855e-35 -2.230325e-36 -1.063764e-37 -3.483983e-39 1.602480e-41 1.517799e-41 1.649714e-42 1.289298e-43 8.449136e-45 4.877026e-46 2.534940e-47 1.006947e-48 1.098751e-50 1.838982e-53 5.564535e-57 3.956245e-61 8.010089e-66 5.066063e-71 0.000000e+00
0.000000e+00 1.686643e-69 2.200250e-64 9.621634e-60 1.231574e-55 3.749924e-52 2.074503e-49 1.761569e-47 4.104030e-46 7.249853e-45 1.129422e-43 1.476087e-42 1.388127e-41 1.518021e-41 -3.324237e-39 -1.039019e-37 -2.230325e-36 -3.965784e-35 -6.175887e-34 -8.623249e-33 -1.091862e-31 -1.260584e-30 -1.329696e-29 -1.280706e-28 -1.122802e-27 -8.903306e-27 -6.312032e-26 -3.914164e-25 -2.023754e-24 -7.564111e-24 -5.580239e-24 2.318594e-22 2.784229e-21 2.205871e-20 1.414822e-19 7.785877e-19 3.764542e-18 1.617301e-17 6.207697e-17 2.134031e-16 6.574953e-16 1.814609e-15 4.479658e-15 9.867827e-15 1.932013e-14 3.339323e-14 5.028548e-14 6.406422e-14 6.367912e-14 3.382159e-14 -4.190096e-14 -1.760247e-13 -3.719935e-13 -6.204608e-13 -8.986084e-13 -1.173052e-12 -1.405818e-12 -1.561962e-12 -1.616950e-12 -1.561962e-12 -1.405818e-12 -1.173052e-12 -8.986084e-13 -6.204608e-13 -3.719935e-13 -1.760247e-13 -4.190096e-14 3.382159e-14 6.367912e-14 6.406422e-14 5.028548e-14 3.339323e-14 1.932013e-14 9.867827e-15 4.479658e-15 1.814609e-15 6.574953e-16 2.134031e-16 6.207697e-17 1.617301e-17 3.764542e-18 7.785877e-19 1.414822e-19 2.205871e-20 2.784229e-21 2.318594e-22 -5.580239e-24 -7.564111e-24 -2.023754e-24 -3.914164e-25 -6.312032e-26 -8.903306e-27 -1.122802e-27 -1.280706e-28 -1.329696e-29 -1.260584e-30 -1.091862e-31 -8.623249e-33 -6.175887e-34 -3.965784e-35 -2.230325e-36 -1.039019e-37 -3.324237e-39 1.518021e-41 1.388127e-41 1.476087e-42 1.129422e-43 7.249853e-45 4.104030e-46 1.761569e-47 2.074503e-49 3.749924e-52 1.231574e-55 9.621634e-60 2.200250e-64 1.686643e-69 0.000000e+00
0.000000e+00 4.560496e-68 5.257230e-63 2.090778e-58 2.465395e-54 6.951728e-51 3.562308e-48 2.791167e-46 5.957959e-45 9.464745e-44 1.263081e-42 1.213959e-41 1.386426e-41 -3.026219e-39 -9.681581e-38 -2.126903e-36 -3.871855e-35 -6.175887e-34 -8.836899e-33 -1.147247e-31 -1.358812e-30 -1.471237e-29 -1.455348e-28 -1.311129e-27 -1.068896e-26 -7.794003e-26 -4.971307e-25 -2.641564e-24 -1.009473e-23 -6.496944e-24 3.452120e-22 4.231861e-21 3.456528e-20 2.291859e-19 1.305629e-18 6.540495e-18 2.912512e-17 1.158786e-16 4.127296e-16 1.315953e-15 3.750291e-15 9.524807e-15 2.145514e-14 4.252636e-14 7.311601e-14 1.057961e-13 1.188305e-13 7.152011e-14 -9.459768e-14 -4.462163e-13 -1.041349e-12 -1.909489e-12 -3.035099e-12 -4.350052e-12 -5.738033e-12 -7.050535e-12 -8.131053e-12 -8.842243e-12 -9.090386e-12 -8.842243e-12 -8.131053e-12 -7.050535e-12 -5.738033e-12 -4.350052e-12 -3.035099e-12 -1.909489e-12 -1.041349e-12 -4.462163e-13 -9.459768e-14 7.152011e-14 1.188305e-13 1.057961e-13 7.311601e-14 4.252636e-14 2.145514e-14 9.524807e-15 3.750291e-15 1.315953e-15 4.127296e-16 1.158786e-16 2.912512e-17 6.540495e-18 1.305629e-18 2.291859e-19 3.456528e-20 4.231861e-21 3.452120e-22 -6.496944e-24 -1.009473e-23 -2.641564e-24 -4.971307e-25 -7.794003e-26 -1.068896e-26 -1.311129e-27 -1.455348e-28 -1.471237e-29 -1.358812e-30 -1.147247e-31 -8.836899e-33 -6.175887e-34 -3.871855e-35 -2.126903e-36 -9.681581e-38 -3.026219e-39 1.386426e-41 1.213959e-41 1.263081e-42 9.464745e-44 5.957959e-45 2.791167e-46 3.562308e-48 6.951728e-51 2.465395e-54 2.090778e-58 5.257230e-63 4.560496e-68 0.000000e+00
0.000000e+00 1.069794e-66 1.120772e-61 4.105676e-57 4.484540e-53 1.171908e-49 5.541381e-47 3.965683e-45 7.592976e-44 1.033480e-42 1.015040e-41 1.220050e-41 -2.628170e-39 -8.605564e-38 -1.934121e-36 -3.603110e-35 -5.883844e-34 -8.623249e-33 -1.147247e-31 -1.393213e-30 -1.547513e-29 -1.571265e-28 -1.453760e-27 -1.217770e-26 -9.127445e-26 -5.985296e-25 -3.267650e-24 -1.277541e-23 -7.164261e-24 4.825142e-22 6.049217e-21 5.092825e-20 3.488674e-19 2.055760e-18 1.066033e-17 4.916032e-17 2.025611e-16 7.468482e-16 2.462225e-15 7.239848e-15 1.889939e-14 4.347309e-14 8.698354e-14 1.476301e-13 2.000908e-13 1.740533e-13 -6.396775e-14 -7.120383e-13 -2.007267e-12 -4.173961e-12 -7.358263e-12 -1.156889e-11 -1.664242e-11 -2.224393e-11 -2.790344e-11 -3.307998e-11 -3.723998e-11 -3.993532e-11 -4.086847e-11 -3.993532e-11 -3.723998e-11 -3.307998e-11 -2.790344e-11 -2.224393e-11 -1.664242e-11 -1.156889e-11 -7.358263e-12 -4.173961e-12 -2.007267e-12 -7.120383e-13 -6.396775e-14 1.740533e-13 2.000908e-13 1.476301e-13 8.698354e-14 4.347309e-14 1.889939e-14 7.239848e-15 2.462225e-15 7.468482e-16 2.025611e-16 4.916032e-17 1.066033e-17 2.055760e-18 3.488674e-19 5.092825e-20 6.049217e-21 4.825142e-22 -7.164261e-24 -1.277541e-23 -3.267650e-24 -5.985296e-25 -9.127445e-26 -1.217770e-26 -1.453760e-27 -1.571265e-28 -1.547513e-29 -1.393213e-30 -1.147247e-31 -8.623249e-33 -5.883844e-34 -3.603110e-35 -1.934121e-36 -8.605564e-38 -2.628170e-39 1.220050e-41 1.015040e-41 1.033480e-42 7.592976e-44 3.965683e-45 5.541381e-47 1.171908e-49 4.484540e-53 4.105676e-57 1.120772e-61 1.069794e-66 0.000000e+00
0.000000e+00 2.235766e-65 2.157247e-60 7.321917e-56 7.416199e-52 1.790009e-48 7.735517e-46 4.949004e-44 8.091834e-43 8.113205e-42 1.033629e-41 -2.177105e-39 -7.295669e-38 -1.676987e-36 -3.195720e-35 -5.340237e-34 -8.012564e-33 -1.091862e-31 -1.358812e-30 -1.547513e-29 -1.611904e-28 -1.530743e-27 -1.316782e-26 -1.013970e-25 -6.832691e-25 -3.831839e-24 -1.533771e-23 -7.543752e-24 6.337818e-22 8.138292e-21 7.060892e-20 4.994137e-19 3.041813e-18 1.631507e-17 7.785053e-17 3.319375e-16 1.265935e-15 4.312398e-15 1.307408e-14 3.505540e-14 8.225565e-14 1.657178e-13 2.753380e-13 3.366051e-13 1.467233e-13 -6.863794e-13 -2.760967e-12 -6.818358e-12 -1.359610e-11 -2.363387e-11 -3.709161e-11 -5.363548e-11 -7.242286e-11 -9.218600e-11 -1.113896e-10 -1.284257e-10 -1.418101e-10 -1.503533e-10 -1.532891e-10 -1.503533e-10 -1.418101e-10 -1.284257e-10 -1.113896e-10 -9.218600e-11 -7.242286e-11 -5.363548e-11 -3.709161e-11 -2.363387e-11 -1.359610e-11 -6.818358e-12 -2.760967e-12 -6.863794e-13 1.467233e-13 3.366051e-13 2.753380e-13 1.657178e-13 8.225565e-14 3.505540e-14 1.307408e-14 4.312398e-15 1.265935e-15 3.319375e-16 7.785053e-17 1.631507e-17 3.041813e-18 4.994137e-19 7.060892e-20 8.138292e-21 6.337818e-22 -7.543752e-24 -1.533771e-23 -3.831839e-24 -6.832691e-25 -1.013970e-25 -1.316782e-26 -1.530743e-27 -1.611904e-28 -1.547513e-29 -1.358812e-30 -1.091862e-31 -8.012564e-33 -5.340237e-34 -3.195720e-35 -1.676987e-36 -7.295669e-38 -2.177105e-39 1.033629e-41 8.113205e-42 8.091834e-43 4.949004e-44 7.735517e-46 1.790009e-48 7.416199e-52 7.321917e-56 2.157247e-60 2.235766e-65 0.000000e+00
0.000000e+00 4.214635e-64 3.768611e-59 1.186779e-54 1.111380e-50 2.455711e-47 9.504832e-45 5.175809e-43 6.204719e-42 8.423004e-42 -1.719814e-39 -5.898242e-38 -1.386167e-36 -2.701052e-35 -4.616881e-34 -7.088660e-33 -9.889276e-32 -1.260584e-30 -1.471237e-29 -1.571265e-28 -1.530743e-27 -1.351529e-26 -1.068682e-25 -7.397162e-25 -4.260592e-24 -1.747334e-23 -7.675547e-24 7.829194e-22 1.031089e-20 9.217407e-20 6.727801e-19 4.232623e-18 2.346405e-17 1.157650e-16 5.103959e-16 2.012083e-15 7.077902e-15 2.211397e-14 6.087393e-14 1.456030e-13 2.947423e-13 4.750688e-13 4.928409e-13 -1.781936e-13 -2.576582e-12 -8.325350e-12 -1.948190e-11 -3.814248e-11 -6.590621e-11 -1.033772e-10 -1.498659e-10 -2.033671e-10 -2.607957e-10 -3.183910e-10 -3.721802e-10 -4.184062e-10 -4.538654e-10 -4.761394e-10 -4.837325e-10 -4.761394e-10 -4.538654e-10 -4.184062e-10 -3.721802e-10 -3.183910e-10 -2.607957e-10 -2.033671e-10 -1.498659e-10 -1.033772e-10 -6.590621e-11 -3.814248e-11 -1.948190e-11 -8.325350e-12 -2.576582e-12 -1.781936e-13 4.928409e-13 4.750688e-13 2.947423e-13 1.456030e-13 6.087393e-14 2.211397e-14 7.077902e-15 2.012083e-15 5.103959e-16 1.157650e-16 2.346405e-17 4.232623e-18 6.727801e-19 9.217407e-20 1.031089e-20 7.829194e-22 -7.675547e-24 -1.747334e-23 -4.260592e-24 -7.397162e-25 -1.068682e-25 -1.351529e-26 -1.530743e-27 -1.571265e-28 -1.471237e-29 -1.260584e-30 -9.889276e-32 -7.088660e-33 -4.616881e-34 -2.701052e-35 -1.386167e-36 -5.898242e-38 -1.719814e-39 8.423004e-42 6.204719e-42 5.175809e-43 9.504832e-45 2.455711e-47 1.111380e-50 1.186779e-54 3.768611e-59 4.214635e-64 0.000000e+00
0.000000e+00 7.206186e-63 5.981530e-58 1.743208e-53 1.497005e-49 2.972126e-46 9.844831e-44 3.932625e-42 6.629581e-42 -1.295196e-39 -4.546177e-38 -1.092061e-36 -2.175137e-35 -3.801475e-34 -5.970162e-33 -8.523053e-32 -1.112282e-30 -1.329696e-29 -1.455348e-28 -1.453760e-27 -1.316782e-26 -1.068682e-25 -7.595410e-25 -4.492476e-24 -1.889339e-23 -7.660728e-24 9.101164e-22 1.230817e-20 1.133495e-19 8.533577e-19 5.541917e-18 3.173190e-17 1.617610e-16 7.369742e-16 3.001341e-15 1.089706e-14 3.507365e-14 9.909588e-14 2.415288e-13 4.904833e-13 7.594910e-13 5.968734e-13 -1.235331e-12 -7.234637e-12 -2.138505e-11 -4.880151e-11 -9.469713e-11 -1.629728e-10 -2.549647e-10 -3.688016e-10 -4.995449e-10 -6.399785e-10 -7.817369e-10 -9.164316e-10 -1.036530e-09 -1.135876e-09 -1.209875e-09 -1.255436e-09 -1.270811e-09 -1.255436e-09 -1.209875e-09 -1.135876e-09 -1.036530e-09 -9.164316e-10 -7.817369e-10 -6.399785e-10 -4.995449e-10 -3.688016e-10 -2.549647e-10 -1.629728e-10 -9.469713e-11 -4.880151e-11 -2.138505e-11 -7.234637e-12 -1.235331e-12 5.968734e-13 7.594910e-13 4.904833e-13 2.415288e-13 9.909588e-14 3.507365e-14 1.089706e-14 3.001341e-15 7.369742e-16 1.617610e-16 3.173190e-17 5.541917e-18 8.533577e-19 1.133495e-19 1.230817e-20 9.101164e-22 -7.660728e-24 -1.889339e-23 -4.492476e-24 -7.595410e-25 -1.068682e-25 -1.316782e-26 -1.453760e-27 -1.455348e-28 -1.329696e-29 -1.112282e-30 -8.523053e-32 -5.970162e-33 -3.801475e-34 -2.175137e-35 -1.092061e-36 -4.546177e-38 -1.295196e-39 6.629581e-42 3.932625e-42 9.844831e-44 2.972126e-46 1.497005e-49 1.743208e-53 5.981530e-58 7.206186e-63 0.000000e+00
0.000000e+00 1.118967e-61 8.603087e-57 2.302832e-52 1.782472e-48 3.050841e-45 7.576943e-43 5.704312e-42 -9.299667e-40 -3.339688e-38 -8.197941e-37 -1.668478e-35 -2.980382e-34 -4.785739e-33 -6.988473e-32 -9.333034e-31 -1.142323e-29 -1.280706e-28 -1.311129e-27 -1.217770e-26 -1.013970e-25 -7.397162e-25 -4.492476e-24 -1.939167e-23 -7.615211e-24 9.959919e-22 1.384763e-20 1.313577e-19 1.019570e-18 6.831085e-18 4.037376e-17 2.125247e-16 9.999534e-16 4.204760e-15 1.575052e-14 5.221221e-14 1.514032e-13 3.760370e-13 7.653714e-13 1.127005e-12 5.075225e-13 -3.749261e-12 -1.712806e-11 -4.853751e-11 -1.094628e-10 -2.113434e-10 -3.619959e-10 -5.626544e-10 -8.068899e-10 -1.081698e-09 -1.370162e-09 -1.654640e-09 -1.919514e-09 -2.152899e-09 -2.347177e-09 -2.498545e-09 -2.605960e-09 -2.669866e-09 -2.691051e-09 -2.669866e-09 -2.605960e-09 -2.498545e-09 -2.347177e-09 -2.152899e-09 -1.919514e-09 -1.654640e-09 -1.370162e-09 -1.081698e-09 -8.068899e-10 -5.626544e-10 -3.619959e-10 -2.113434e-10 -1.094628e-10 -4.853751e-11 -1.712806e-11 -3.749261e-12 5.075225e-13 1.127005e-12 7.653714e-13 3.760370e-13 1.514032e-13 5.221221e-14 1.575052e-14 4.204760e-15 9.999534e-16 2.125247e-16 4.037376e-17 6.831085e-18 1.019570e-18 1.313577e-19 1.384763e-20 9.959919e-22 -7.615211e-24 -1.939167e-23 -4.492476e-24 -7.397162e-25 -1.013970e-25 -1.217770e-26 -1.311129e-27 -1.280706e-28 -1.142323e-29 -9.333034e-31 -6.988473e-32 -4.785739e-33 -2.980382e-34 -1.668478e-35 -8.197941e-37 -3.339688e-38 -9.299667e-40 5.704312e-42 7.576943e-43 3.050841e-45 1.782472e-48 2.302832e-52 8.603087e-57 1.118967e-61 0.000000e+00
0.000000e+00 1.574269e-60 1.113329e-55 2.693778e-51 1.809788e-47 2.378983e-44 1.747900e-42 -5.190924e-40 -2.338936e-38 -5.861986e-37 -1.218710e-35 -2.224249e-34 -3.650380e-33 -5.450313e-32 -7.445638e-31 -9.326326e-30 -1.070600e-28 -1.122802e-27 -1.068896e-26 -9.127445e-26 -6.832691e-25 -4.260592e-24 -1.889339e-23 -7.615211e-24 1.026354e-21 1.468730e-20 1.434933e-19 1.147801e-18 7.929698e-18 4.834980e-17 2.626590e-16 1.275631e-15 5.535924e-15 2.138777e-14 7.301221e-14 2.173251e-13 5.502495e-13 1.122376e-12 1.555723e-12 1.549865e-14 -8.722137e-12 -3.571167e-11 -9.920963e-11 -2.226824e-10 -4.283998e-10 -7.286982e-10 -1.119354e-09 -1.578545e-09 -2.071619e-09 -2.559304e-09 -3.006164e-09 -3.386739e-09 -3.688249e-09 -3.910070e-09 -4.060929e-09 -4.155018e-09 -4.208000e-09 -4.233594e-09 -4.241042e-09 -4.233594e-09 -4.208000e-09 -4.155018e-09 -4.060929e-09 -3.910070e-09 -3.688249e-09 -3.386739e-09 -3.006164e-09 -2.559304e-09 -2.071619e-09 -1.578545e-09 -1.119354e-09 -7.286982e-10 -4.283998e-10 -2.226824e-10 -9.920963e-11 -3.571167e-11 -8.722137e-12 1.549865e-14 1.555723e-12 1.122376e-12 5.502495e-13 2.173251e-13 7.301221e-14 2.138777e-14 5.535924e-15 1.275631e-15 2.626590e-16 4.834980e-17 7.929698e-18 1.147801e-18 1.434933e-19 1.468730e-20 1.026354e-21 -7.615211e-24 -1.889339e-23 -4.260592e-24 -6.832691e-25 -9.127445e-26 -1.068896e-26 -1.122802e-27 -1.070600e-28 -9.326326e-30 -7.445638e-31 -5.450313e-32 -3.650380e-33 -2.224249e-34 -1.218710e-35 -5.861986e-37 -2.338936e-38 -5.190924e-40 1.747900e-42 2.378983e-44 1.809788e-47 2.693778e-51 1.113329e-55 1.574269e-60 0.000000e+00
