0.000000e+00 0.000000e+00 0.000000e+00 0.000000e+00 0.000000e+00 0.000000e+00 0.000000e+00 0.000000e+00 1.081519e-116 9.314654e-114 3.876394e-111 1.036167e-108 1.993069e-106 2.925237e-104 3.381904e-102 3.120759e-100 2.281155e-98 1.256657e-96 4.183747e-95 -6.843963e-94 -2.417134e-91 -2.316541e-89 -1.578208e-87 -8.722456e-86 -4.097559e-84 -1.672428e-82 -5.999474e-81 -1.902680e-79 -5.344566e-78 -1.327164e-76 -2.893902e-75 -5.459465e-74 -8.625824e-73 -1.047831e-71 -6.654095e-71 9.746509e-70 4.628000e-68 1.069240e-66 1.870022e-65 2.707418e-64 3.348363e-63 3.580251e-62 3.318448e-61 2.655227e-60 1.812886e-59 1.031029e-58 4.627305e-58 1.387302e-57 1.862562e-58 -3.118704e-56 -2.504063e-55 -1.290820e-54 -5.059114e-54 -1.579152e-53 -3.988081e-53 -8.188613e-53 -1.368262e-52 -1.860946e-52 -2.061500e-52 -1.860946e-52 -1.368262e-52 -8.188613e-53 -3.988081e-53 -1.579152e-53 -5.059114e-54 -1.290820e-54 -2.504063e-55 -3.118704e-56 1.862562e-58 1.387302e-57 4.627305e-58 1.031029e-58 1.812886e-59 2.655227e-60 3.318448e-61 3.580251e-62 3.348363e-63 2.707418e-64 1.870022e-65 1.069240e-66 4.628000e-68 9.746509e-70 -6.654095e-71 -1.047831e-71 -8.625824e-73 -5.459465e-74 -2.893902e-75 -1.327164e-76 -5.344566e-78 -1.902680e-79 -5.999474e-81 -1.672428e-82 -4.097559e-84 -8.722456e-86 -1.578208e-87 -2.316541e-89 -2.417134e-91 -6.843963e-94 4.183747e-95 1.256657e-96 2.281155e-98 3.120759e-100 3.381904e-102 2.925237e-104 1.993069e-106 1.036167e-108 3.876394e-111 9.314654e-114 1.081519e-116 0.000000e+00 0.000000e+00 0.000000e+00 0.000000e+00 0.000000e+00 0.000000e+00 0.000000e+00 0.000000e+00
0.000000e+00 0.000000e+00 0.000000e+00 0.000000e+00 0.000000e+00 0.000000e+00 0.000000e+00 5.595658e-113 5.997506e-110 2.542148e-107 6.923648e-105 1.357399e-102 2.031253e-100 2.394942e-98 2.254127e-96 1.680181e-94 9.424968e-93 3.167215e-91 -5.930091e-90 -1.992079e-87 -1.942218e-85 -1.352767e-83 -7.658109e-82 -3.689397e-80 -1.545778e-78 -5.697195e-77 -1.857874e-75 -5.370264e-74 -1.373191e-72 -3.084746e-71 -5.995453e-70 -9.746819e-69 -1.210892e-67 -7.484573e-67 1.384191e-65 6.399576e-64 1.520866e-62 2.761451e-61 4.168778e-60 5.392462e-59 6.046564e-58 5.891137e-57 4.965048e-56 3.575415e-55 2.143275e-54 1.006484e-53 3.022492e-53 -2.064163e-53 -1.049176e-51 -8.671344e-51 -4.836645e-50 -2.092291e-49 -7.314298e-49 -2.096861e-48 -4.953491e-48 -9.652896e-48 -1.552166e-47 -2.061554e-47 -2.265428e-47 -2.061554e-47 -1.552166e-47 -9.652896e-48 -4.953491e-48 -2.096861e-48 -7.314298e-49 -2.092291e-49 -4.836645e-50 -8.671344e-51 -1.049176e-51 -2.064163e-53 3.022492e-53 1.006484e-53 2.143275e-54 3.575415e-55 4.965048e-56 5.891137e-57 6.046564e-58 5.392462e-59 4.168778e-60 2.761451e-61 1.520866e-62 6.399576e-64 1.384191e-65 -7.484573e-67 -1.210892e-67 -9.746819e-69 -5.995453e-70 -3.084746e-71 -1.373191e-72 -5.370264e-74 -1.857874e-75 -5.697195e-77 -1.545778e-78 -3.689397e-80 -7.658109e-82 -1.352767e-83 -1.942218e-85 -1.992079e-87 -5.930091e-90 3.167215e-91 9.424968e-93 1.680181e-94 2.254127e-96 2.394942e-98 2.031253e-100 1.357399e-102 6.923648e-105 2.542148e-107 5.997506e-110 5.595658e-113 0.000000e+00 0.000000e+00 0.000000e+00 0.000000e+00 0.000000e+00 0.000000e+00 0.000000e+00
0.000000e+00 0.000000e+00 0.000000e+00 0.000000e+00 0.000000e+00 0.000000e+00 3.372055e-110 1.267689e-106 6.681299e-104 1.853068e-101 3.701030e-99 5.643710e-97 6.782367e-95 6.507099e-93 4.942655e-91 2.820966e-89 9.553600e-88 -2.039618e-86 -6.543879e-84 -6.485317e-82 -4.614265e-80 -2.673385e-78 -1.319669e-76 -5.670610e-75 -2.145232e-73 -7.186036e-72 -2.135158e-70 -5.615418e-69 -1.297927e-67 -2.595241e-66 -4.333973e-65 -5.493101e-64 -3.263879e-63 7.652913e-62 3.461786e-60 8.449303e-59 1.589477e-57 2.496288e-56 3.368846e-55 3.950402e-54 4.033426e-53 3.568469e-52 2.699977e-51 1.698369e-50 8.295965e-50 2.454436e-49 -4.524572e-49 -1.282442e-47 -1.097306e-46 -6.580957e-46 -3.111235e-45 -1.203017e-44 -3.857025e-44 -1.030189e-43 -2.294725e-43 -4.263765e-43 -6.615647e-43 -8.593118e-43 -9.371557e-43 -8.593118e-43 -6.615647e-43 -4.263765e-43 -2.294725e-43 -1.030189e-43 -3.857025e-44 -1.203017e-44 -3.111235e-45 -6.580957e-46 -1.097306e-46 -1.282442e-47 -4.524572e-49 2.454436e-49 8.295965e-50 1.698369e-50 2.699977e-51 3.568469e-52 4.033426e-53 3.950402e-54 3.368846e-55 2.496288e-56 1.589477e-57 8.449303e-59 3.461786e-60 7.652913e-62 -3.263879e-63 -5.493101e-64 -4.333973e-65 -2.595241e-66 -1.297927e-67 -5.615418e-69 -2.135158e-70 -7.186036e-72 -2.145232e-73 -5.670610e-75 -1.319669e-76 -2.673385e-78 -4.614265e-80 -6.485317e-82 -6.543879e-84 -2.039618e-86 9.553600e-88 2.820966e-89 4.942655e-91 6.507099e-93 6.782367e-95 5.643710e-97 3.701030e-99 1.853068e-101 6.681299e-104 1.267689e-106 3.372055e-110 0.000000e+00 0.000000e+00 0.000000e+00 0.000000e+00 0.000000e+00 0.000000e+00
0.000000e+00 0.000000e+00 0.000000e+00 0.000000e+00 0.000000e+00 1.189195e-108 2.707931e-104 5.000103e-101 1.722816e-98 3.503309e-96 5.441033e-94 6.661105e-92 6.510605e-90 5.036269e-88 2.922248e-86 9.957552e-85 -2.416465e-83 -7.431464e-81 -7.480725e-79 -5.432770e-77 -3.218790e-75 -1.626688e-73 -7.162495e-72 -2.778698e-70 -9.552015e-69 -2.914394e-67 -7.874728e-66 -1.870507e-64 -3.842610e-63 -6.581119e-62 -8.488564e-61 -4.772476e-60 1.431671e-58 6.360920e-57 1.592186e-55 3.097368e-54 5.049936e-53 7.093746e-52 8.677071e-51 9.258392e-50 8.571966e-49 6.790681e-48 4.463863e-47 2.254892e-46 6.437735e-46 -2.265647e-45 -5.013091e-44 -4.450004e-43 -2.853241e-42 -1.461897e-41 -6.188367e-41 -2.192102e-40 -6.527069e-40 -1.635169e-39 -3.446554e-39 -6.116728e-39 -9.164723e-39 -1.164469e-38 -1.260420e-38 -1.164469e-38 -9.164723e-39 -6.116728e-39 -3.446554e-39 -1.635169e-39 -6.527069e-40 -2.192102e-40 -6.188367e-41 -1.461897e-41 -2.853241e-42 -4.450004e-43 -5.013091e-44 -2.265647e-45 6.437735e-46 2.254892e-46 4.463863e-47 6.790681e-48 8.571966e-49 9.258392e-50 8.677071e-51 7.093746e-52 5.049936e-53 3.097368e-54 1.592186e-55 6.360920e-57 1.431671e-58 -4.772476e-60 -8.488564e-61 -6.581119e-62 -3.842610e-63 -1.870507e-64 -7.874728e-66 -2.914394e-67 -9.552015e-69 -2.778698e-70 -7.162495e-72 -1.626688e-73 -3.218790e-75 -5.432770e-77 -7.480725e-79 -7.431464e-81 -2.416465e-83 9.957552e-85 2.922248e-86 5.036269e-88 6.510605e-90 6.661105e-92 5.441033e-94 3.503309e-96 1.722816e-98 5.000103e-101 2.707931e-104 1.189195e-108 0.000000e+00 0.000000e+00 0.000000e+00 0.000000e+00 0.000000e+00
0.000000e+00 0.000000e+00 0.000000e+00 0.000000e+00 2.427559e-108 2.797914e-103 3.128313e-99 3.771680e-96 9.518914e-94 1.504822e-91 1.875724e-89 1.866667e-87 1.469590e-85 8.662377e-84 2.964860e-82 -8.157568e-81 -2.412447e-78 -2.464824e-76 -1.825765e-74 -1.105340e-72 -5.714397e-71 -2.576112e-69 -1.023988e-67 -3.608990e-66 -1.129599e-64 -3.132480e-63 -7.637798e-62 -1.609951e-60 -2.823357e-59 -3.696464e-58 -1.925995e-57 7.506315e-56 3.286146e-54 8.424294e-53 1.691758e-51 2.857834e-50 4.169691e-49 5.307933e-48 5.903415e-47 5.703584e-46 4.715545e-45 3.226758e-44 1.675786e-43 4.490791e-43 -2.704657e-42 -5.236284e-41 -4.823630e-40 -3.289541e-39 -1.813621e-38 -8.332468e-38 -3.228311e-37 -1.059177e-36 -2.944856e-36 -6.935349e-36 -1.383664e-35 -2.343518e-35 -3.386249e-35 -4.203994e-35 -4.514184e-35 -4.203994e-35 -3.386249e-35 -2.343518e-35 -1.383664e-35 -6.935349e-36 -2.944856e-36 -1.059177e-36 -3.228311e-37 -8.332468e-38 -1.813621e-38 -3.289541e-39 -4.823630e-40 -5.236284e-41 -2.704657e-42 4.490791e-43 1.675786e-43 3.226758e-44 4.715545e-45 5.703584e-46 5.903415e-47 5.307933e-48 4.169691e-49 2.857834e-50 1.691758e-51 8.424294e-53 3.286146e-54 7.506315e-56 -1.925995e-57 -3.696464e-58 -2.823357e-59 -1.609951e-60 -7.637798e-62 -3.132480e-63 -1.129599e-64 -3.608990e-66 -1.023988e-67 -2.576112e-69 -5.714397e-71 -1.105340e-72 -1.825765e-74 -2.464824e-76 -2.412447e-78 -8.157568e-81 2.964860e-82 8.662377e-84 1.469590e-85 1.866667e-87 1.875724e-89 1.504822e-91 9.518914e-94 3.771680e-96 3.128313e-99 2.797914e-103 2.427559e-108 0.000000e+00 0.000000e+00 0.000000e+00 0.000000e+00
0.000000e+00 0.000000e+00 0.000000e+00 2.938965e-109 1.301281e-103 7.364038e-99 5.374556e-95 4.740296e-92 9.291020e-90 1.178391e-87 1.193384e-85 9.556459e-84 5.718137e-82 1.962624e-80 -6.105814e-79 -1.742018e-76 -1.805372e-74 -1.363043e-72 -8.426198e-71 -4.452957e-69 -2.053719e-67 -8.357384e-66 -3.017343e-64 -9.679453e-63 -2.752104e-61 -6.880745e-60 -1.486394e-58 -2.665145e-57 -3.532824e-56 -1.659068e-55 8.594122e-54 3.718034e-52 9.750695e-51 2.018200e-49 3.526154e-48 5.333391e-47 7.050640e-46 8.154740e-45 8.200303e-44 7.054786e-43 5.007083e-42 2.657817e-41 6.429229e-41 -6.405221e-40 -1.146418e-38 -1.095436e-37 -7.909859e-37 -4.664019e-36 -2.308769e-35 -9.700980e-35 -3.473145e-34 -1.059896e-33 -2.754158e-33 -6.088764e-33 -1.146209e-32 -1.844884e-32 -2.559463e-32 -3.094072e-32 -3.291591e-32 -3.094072e-32 -2.559463e-32 -1.844884e-32 -1.146209e-32 -6.088764e-33 -2.754158e-33 -1.059896e-33 -3.473145e-34 -9.700980e-35 -2.308769e-35 -4.664019e-36 -7.909859e-37 -1.095436e-37 -1.146418e-38 -6.405221e-40 6.429229e-41 2.657817e-41 5.007083e-42 7.054786e-43 8.200303e-44 8.154740e-45 7.050640e-46 5.333391e-47 3.526154e-48 2.018200e-49 9.750695e-51 3.718034e-52 8.594122e-54 -1.659068e-55 -3.532824e-56 -2.665145e-57 -1.486394e-58 -6.880745e-60 -2.752104e-61 -9.679453e-63 -3.017343e-64 -8.357384e-66 -2.053719e-67 -4.452957e-69 -8.426198e-71 -1.363043e-72 -1.805372e-74 -1.742018e-76 -6.105814e-79 1.962624e-80 5.718137e-82 9.556459e-84 1.193384e-85 1.178391e-87 9.291020e-90 4.740296e-92 5.374556e-95 7.364038e-99 1.301281e-103 2.938965e-109 0.000000e+00 0.000000e+00 0.000000e+00
0.000000e+00 0.000000e+00 2.008010e-111 2.740062e-105 5.957525e-100 2.200878e-95 1.174814e-91 8.036939e-89 1.262440e-86 1.300363e-84 1.058789e-82 6.428607e-81 2.211089e-79 -7.724129e-78 -2.137737e-75 -2.246942e-73 -1.728394e-71 -1.090494e-69 -5.887731e-68 -2.776431e-66 -1.155972e-64 -4.272480e-63 -1.403757e-61 -4.089177e-60 -1.047507e-58 -2.317086e-57 -4.243687e-56 -5.686498e-55 -2.333365e-54 1.641842e-52 7.050822e-51 1.890930e-49 4.029730e-48 7.272455e-47 1.138589e-45 1.560528e-44 1.873520e-43 1.956916e-42 1.747866e-41 1.283192e-40 6.929974e-40 1.437333e-39 -2.364337e-38 -4.049631e-37 -4.014535e-36 -3.058919e-35 -1.919744e-34 -1.017901e-33 -4.606772e-33 -1.785659e-32 -5.927701e-32 -1.682279e-31 -4.073025e-31 -8.404130e-31 -1.480488e-30 -2.241421e-30 -2.953683e-30 -3.447210e-30 -3.621255e-30 -3.447210e-30 -2.953683e-30 -2.241421e-30 -1.480488e-30 -8.404130e-31 -4.073025e-31 -1.682279e-31 -5.927701e-32 -1.785659e-32 -4.606772e-33 -1.017901e-33 -1.919744e-34 -3.058919e-35 -4.014535e-36 -4.049631e-37 -2.364337e-38 1.437333e-39 6.929974e-40 1.283192e-40 1.747866e-41 1.956916e-42 1.873520e-43 1.560528e-44 1.138589e-45 7.272455e-47 4.029730e-48 1.890930e-49 7.050822e-51 1.641842e-52 -2.333365e-54 -5.686498e-55 -4.243687e-56 -2.317086e-57 -1.047507e-58 -4.089177e-60 -1.403757e-61 -4.272480e-63 -1.155972e-64 -2.776431e-66 -5.887731e-68 -1.090494e-69 -1.728394e-71 -2.246942e-73 -2.137737e-75 -7.724129e-78 2.211089e-79 6.428607e-81 1.058789e-82 1.300363e-84 1.262440e-86 8.036939e-89 1.174814e-91 2.200878e-95 5.957525e-100 2.740062e-105 2.008010e-111 0.000000e+00 0.000000e+00
0.000000e+00 9.916549e-115 3.538693e-108 2.372829e-102 3.370309e-97 9.112978e-93 3.774790e-89 2.068230e-86 2.637236e-84 2.184633e-82 1.348012e-80 4.670194e-79 -1.774782e-77 -4.852799e-75 -5.185292e-73 -4.067843e-71 -2.620963e-69 -1.446361e-67 -6.976060e-66 -2.972588e-64 -1.125069e-62 -3.787268e-61 -1.130803e-59 -2.969777e-58 -6.733242e-57 -1.261998e-55 -1.717732e-54 -6.300161e-54 5.675606e-52 2.453915e-50 6.752341e-49 1.483540e-47 2.767135e-46 4.485538e-45 6.374526e-44 7.944792e-43 8.621722e-42 8.000191e-41 6.086043e-40 3.360899e-39 5.958622e-39 -1.493653e-37 -2.545653e-36 -2.633090e-35 -2.118205e-34 -1.412762e-33 -8.001875e-33 -3.886436e-32 -1.623661e-31 -5.832030e-31 -1.796494e-30 -4.728974e-30 -1.059993e-29 -2.018993e-29 -3.273348e-29 -4.557121e-29 -5.555801e-29 -6.117648e-29 -6.286319e-29 -6.117648e-29 -5.555801e-29 -4.557121e-29 -3.273348e-29 -2.018993e-29 -1.059993e-29 -4.728974e-30 -1.796494e-30 -5.832030e-31 -1.623661e-31 -3.886436e-32 -8.001875e-33 -1.412762e-33 -2.118205e-34 -2.633090e-35 -2.545653e-36 -1.493653e-37 5.958622e-39 3.360899e-39 6.086043e-40 8.000191e-41 8.621722e-42 7.944792e-43 6.374526e-44 4.485538e-45 2.767135e-46 1.483540e-47 6.752341e-49 2.453915e-50 5.675606e-52 -6.300161e-54 -1.717732e-54 -1.261998e-55 -6.733242e-57 -2.969777e-58 -1.130803e-59 -3.787268e-61 -1.125069e-62 -2.972588e-64 -6.976060e-66 -1.446361e-67 -2.620963e-69 -4.067843e-71 -5.185292e-73 -4.852799e-75 -1.774782e-77 4.670194e-79 1.348012e-80 2.184633e-82 2.637236e-84 2.068230e-86 3.774790e-89 9.112978e-93 3.370309e-97 2.372829e-102 3.538693e-108 9.916549e-115 0.000000e+00
0.000000e+00 8.915173e-112 1.565273e-105 6.865728e-100 7.147592e-95 1.501941e-90 4.989328e-87 2.219608e-84 2.277462e-82 1.432560e-80 5.055108e-79 -1.981526e-77 -5.506517e-75 -6.008738e-73 -4.818358e-71 -3.175396e-69 -1.793368e-67 -8.857468e-66 -3.867191e-64 -1.500592e-62 -5.182017e-61 -1.588254e-59 -4.284331e-58 -9.982728e-57 -1.923471e-55 -2.689133e-54 -9.850140e-54 9.588196e-52 4.261293e-50 1.210621e-48 2.751145e-47 5.315257e-46 8.936571e-45 1.318997e-43 1.709587e-42 1.931788e-41 1.868350e-40 1.481614e-39 8.494360e-39 1.438746e-38 -4.424468e-37 -7.805629e-36 -8.502229e-35 -7.245429e-34 -5.141055e-33 -3.109955e-32 -1.619348e-31 -7.279682e-31 -2.823223e-30 -9.415564e-30 -2.686912e-29 -6.519829e-29 -1.335732e-28 -2.294430e-28 -3.288619e-28 -3.942849e-28 -4.043336e-28 -3.785297e-28 -3.620049e-28 -3.785297e-28 -4.043336e-28 -3.942849e-28 -3.288619e-28 -2.294430e-28 -1.335732e-28 -6.519829e-29 -2.686912e-29 -9.415564e-30 -2.823223e-30 -7.279682e-31 -1.619348e-31 -3.109955e-32 -5.141055e-33 -7.245429e-34 -8.502229e-35 -7.805629e-36 -4.424468e-37 1.438746e-38 8.494360e-39 1.481614e-39 1.868350e-40 1.931788e-41 1.709587e-42 1.318997e-43 8.936571e-45 5.315257e-46 2.751145e-47 1.210621e-48 4.261293e-50 9.588196e-52 -9.850140e-54 -2.689133e-54 -1.923471e-55 -9.982728e-57 -4.284331e-58 -1.588254e-59 -5.182017e-61 -1.500592e-62 -3.867191e-64 -8.857468e-66 -1.793368e-67 -3.175396e-69 -4.818358e-71 -6.008738e-73 -5.506517e-75 -1.981526e-77 5.055108e-79 1.432560e-80 2.277462e-82 2.219608e-84 4.989328e-87 1.501941e-90 7.147592e-95 6.865728e-100 1.565273e-105 8.915173e-112 0.000000e+00
0.000000e+00 3.782852e-109 4.346276e-103 1.397873e-97 1.131505e-92 1.907885e-88 5.148018e-85 1.841091e-82 1.433042e-80 5.158228e-79 -2.064178e-77 -5.858050e-75 -6.531209e-73 -5.353627e-71 -3.608263e-69 -2.085176e-67 -1.054356e-65 -4.715406e-64 -1.875359e-62 -6.641746e-61 -2.089003e-59 -5.786569e-58 -1.385458e-56 -2.744776e-55 -3.946903e-54 -1.476355e-53 1.500588e-51 6.874021e-50 2.016699e-48 4.738563e-47 9.476930e-46 1.651366e-44 2.529181e-43 3.405947e-42 4.003676e-41 4.032677e-40 3.332300e-39 1.986228e-38 3.289039e-38 -1.183250e-36 -2.171645e-35 -2.489211e-34 -2.242450e-33 -1.688072e-32 -1.087012e-31 -6.045112e-31 -2.911870e-30 -1.213679e-29 -4.360500e-29 -1.341875e-28 -3.504857e-28 -7.670187e-28 -1.379556e-27 -1.973522e-27 -2.093922e-27 -1.304275e-27 3.373978e-28 2.054332e-27 2.791543e-27 2.054332e-27 3.373978e-28 -1.304275e-27 -2.093922e-27 -1.973522e-27 -1.379556e-27 -7.670187e-28 -3.504857e-28 -1.341875e-28 -4.360500e-29 -1.213679e-29 -2.911870e-30 -6.045112e-31 -1.087012e-31 -1.688072e-32 -2.242450e-33 -2.489211e-34 -2.171645e-35 -1.183250e-36 3.289039e-38 1.986228e-38 3.332300e-39 4.032677e-40 4.003676e-41 3.405947e-42 2.529181e-43 1.651366e-44 9.476930e-46 4.738563e-47 2.016699e-48 6.874021e-50 1.500588e-51 -1.476355e-53 -3.946903e-54 -2.744776e-55 -1.385458e-56 -5.786569e-58 -2.089003e-59 -6.641746e-61 -1.875359e-62 -4.715406e-64 -1.054356e-65 -2.085176e-67 -3.608263e-69 -5.353627e-71 -6.531209e-73 -5.858050e-75 -2.064178e-77 5.158228e-79 1.433042e-80 1.841091e-82 5.148018e-85 1.907885e-88 1.131505e-92 1.397873e-97 4.346276e-103 3.782852e-109 0.000000e+00
0.000000e+00 1.031377e-106 8.690499e-101 2.173758e-95 1.412364e-90 1.935329e-86 4.199995e-83 1.138062e-80 5.057992e-79 -2.064178e-77 -5.980114e-75 -6.809115e-73 -5.702703e-71 -3.928887e-69 -2.322014e-67 -1.201381e-65 -5.500668e-64 -2.240908e-62 -8.134230e-61 -2.623789e-59 -7.458246e-58 -1.833618e-56 -3.732353e-55 -5.516251e-54 -2.107366e-53 2.231317e-51 1.052712e-49 3.186272e-48 7.732686e-47 1.599078e-45 2.884349e-44 4.578111e-43 6.396714e-42 7.810823e-41 8.180941e-40 7.033270e-39 4.352737e-38 7.045060e-38 -2.939130e-36 -5.607600e-35 -6.748400e-34 -6.408743e-33 -5.101991e-32 -3.484897e-31 -2.061848e-30 -1.059689e-29 -4.725207e-29 -1.819974e-28 -6.008722e-28 -1.680211e-27 -3.902963e-27 -7.268696e-27 -9.986702e-27 -7.230272e-27 7.869355e-27 3.931719e-26 8.188142e-26 1.198745e-25 1.352173e-25 1.198745e-25 8.188142e-26 3.931719e-26 7.869355e-27 -7.230272e-27 -9.986702e-27 -7.268696e-27 -3.902963e-27 -1.680211e-27 -6.008722e-28 -1.819974e-28 -4.725207e-29 -1.059689e-29 -2.061848e-30 -3.484897e-31 -5.101991e-32 -6.408743e-33 -6.748400e-34 -5.607600e-35 -2.939130e-36 7.045060e-38 4.352737e-38 7.033270e-39 8.180941e-40 7.810823e-41 6.396714e-42 4.578111e-43 2.884349e-44 1.599078e-45 7.732686e-47 3.186272e-48 1.052712e-49 2.231317e-51 -2.107366e-53 -5.516251e-54 -3.732353e-55 -1.833618e-56 -7.458246e-58 -2.623789e-59 -8.134230e-61 -2.240908e-62 -5.500668e-64 -1.201381e-65 -2.322014e-67 -3.928887e-69 -5.702703e-71 -6.809115e-73 -5.980114e-75 -2.064178e-77 5.057992e-79 1.138062e-80 4.199995e-83 1.935329e-86 1.412364e-90 2.173758e-95 8.690499e-101 1.031377e-106 0.000000e+00
0.000000e+00 2.024309e-104 1.326834e-98 2.664840e-93 1.407826e-88 1.553062e-84 2.558320e-81 3.964628e-79 -1.980621e-77 -5.858050e-75 -6.809115e-73 -5.824013e-71 -4.099651e-69 -2.476742e-67 -1.310530e-65 -6.139773e-64 -2.560719e-62 -9.521276e-61 -3.147733e-59 -9.176010e-58 -2.314923e-56 -4.838083e-55 -7.344408e-54 -2.866363e-53 3.153935e-51 1.531376e-49 4.777562e-48 1.196377e-46 2.555443e-45 4.766034e-44 7.830254e-43 1.133717e-41 1.436075e-40 1.561865e-39 1.395036e-38 8.953568e-38 1.416974e-37 -6.797640e-36 -1.347186e-34 -1.698617e-33 -1.696216e-32 -1.423997e-31 -1.028485e-30 -6.451531e-30 -3.524607e-29 -1.674607e-28 -6.885139e-28 -2.427934e-27 -7.235032e-27 -1.774534e-26 -3.388140e-26 -4.248409e-26 -1.072162e-27 1.694446e-25 5.564756e-25 1.182889e-24 1.933712e-24 2.562179e-24 2.808813e-24 2.562179e-24 1.933712e-24 1.182889e-24 5.564756e-25 1.694446e-25 -1.072162e-27 -4.248409e-26 -3.388140e-26 -1.774534e-26 -7.235032e-27 -2.427934e-27 -6.885139e-28 -1.674607e-28 -3.524607e-29 -6.451531e-30 -1.028485e-30 -1.423997e-31 -1.696216e-32 -1.698617e-33 -1.347186e-34 -6.797640e-36 1.416974e-37 8.953568e-38 1.395036e-38 1.561865e-39 1.436075e-40 1.133717e-41 7.830254e-43 4.766034e-44 2.555443e-45 1.196377e-46 4.777562e-48 1.531376e-49 3.153935e-51 -2.866363e-53 -7.344408e-54 -4.838083e-55 -2.314923e-56 -9.176010e-58 -3.147733e-59 -9.521276e-61 -2.560719e-62 -6.139773e-64 -1.310530e-65 -2.476742e-67 -4.099651e-69 -5.824013e-71 -6.809115e-73 -5.858050e-75 -1.980621e-77 3.964628e-79 2.558320e-81 1.553062e-84 1.407826e-88 2.664840e-93 1.326834e-98 2.024309e-104 0.000000e+00
0.000000e+00 3.032861e-102 1.596673e-96 2.608773e-91 1.110667e-86 9.324425e-83 8.885643e-80 -1.469910e-77 -5.507020e-75 -6.531209e-73 -5.702703e-71 -4.099651e-69 -2.530559e-67 -1.368741e-65 -6.558071e-64 -2.798694e-62 -1.065339e-60 -3.607682e-59 -1.077876e-57 -2.788610e-56 -5.980053e-55 -9.318314e-54 -3.716356e-53 4.239631e-51 2.117088e-49 6.802146e-48 1.755982e-46 3.870324e-45 7.455776e-44 1.266499e-42 1.897910e-41 2.490783e-40 2.809274e-39 2.603481e-38 1.731001e-37 2.680815e-37 -1.466998e-35 -3.017597e-34 -3.978715e-33 -4.168186e-32 -3.680610e-31 -2.802973e-30 -1.858409e-29 -1.075636e-28 -5.425927e-28 -2.372411e-27 -8.900771e-27 -2.815348e-26 -7.259267e-26 -1.408334e-25 -1.492431e-25 2.130219e-25 1.650122e-24 5.233719e-24 1.191584e-23 2.161602e-23 3.249520e-23 4.124964e-23 4.462212e-23 4.124964e-23 3.249520e-23 2.161602e-23 1.191584e-23 5.233719e-24 1.650122e-24 2.130219e-25 -1.492431e-25 -1.408334e-25 -7.259267e-26 -2.815348e-26 -8.900771e-27 -2.372411e-27 -5.425927e-28 -1.075636e-28 -1.858409e-29 -2.802973e-30 -3.680610e-31 -4.168186e-32 -3.978715e-33 -3.017597e-34 -1.466998e-35 2.680815e-37 1.731001e-37 2.603481e-38 2.809274e-39 2.490783e-40 1.897910e-41 1.266499e-42 7.455776e-44 3.870324e-45 1.755982e-46 6.802146e-48 2.117088e-49 4.239631e-51 -3.716356e-53 -9.318314e-54 -5.980053e-55 -2.788610e-56 -1.077876e-57 -3.607682e-59 -1.065339e-60 -2.798694e-62 -6.558071e-64 -1.368741e-65 -2.530559e-67 -4.099651e-69 -5.702703e-71 -6.531209e-73 -5.507020e-75 -1.469910e-77 8.885643e-80 9.324425e-83 1.110667e-86 2.608773e-91 1.596673e-96 3.032861e-102 0.000000e+00
0.000000e+00 3.580586e-100 1.534253e-94 2.022127e-89 6.568579e-85 3.232810e-81 -2.963373e-78 -4.073012e-75 -6.009880e-73 -5.353627e-71 -3.928887e-69 -2.476742e-67 -1.368741e-65 -6.703695e-64 -2.925787e-62 -1.139578e-60 -3.950766e-59 -1.209081e-57 -3.205900e-56 -7.049859e-55 -1.126946e-53 -4.594368e-53 5.421868e-51 2.782660e-49 9.200321e-48 2.446312e-46 5.558590e-45 1.104932e-43 1.938586e-42 3.003417e-41 4.079023e-40 4.765173e-39 4.576451e-38 3.148971e-37 4.778732e-37 -2.959663e-35 -6.313710e-34 -8.689943e-33 -9.530895e-32 -8.831609e-31 -7.073594e-30 -4.943284e-29 -3.022153e-28 -1.613411e-27 -7.476889e-27 -2.974255e-26 -9.951595e-26 -2.687759e-25 -5.255629e-25 -4.095142e-25 2.000787e-24 1.178191e-23 3.849094e-23 9.461404e-23 1.889529e-22 3.167331e-22 4.535069e-22 5.604006e-22 6.010023e-22 5.604006e-22 4.535069e-22 3.167331e-22 1.889529e-22 9.461404e-23 3.849094e-23 1.178191e-23 2.000787e-24 -4.095142e-25 -5.255629e-25 -2.687759e-25 -9.951595e-26 -2.974255e-26 -7.476889e-27 -1.613411e-27 -3.022153e-28 -4.943284e-29 -7.073594e-30 -8.831609e-31 -9.530895e-32 -8.689943e-33 -6.313710e-34 -2.959663e-35 4.778732e-37 3.148971e-37 4.576451e-38 4.765173e-39 4.079023e-40 3.003417e-41 1.938586e-42 1.104932e-43 5.558590e-45 2.446312e-46 9.200321e-48 2.782660e-49 5.421868e-51 -4.594368e-53 -1.126946e-53 -7.049859e-55 -3.205900e-56 -1.209081e-57 -3.950766e-59 -1.139578e-60 -2.925787e-62 -6.703695e-64 -1.368741e-65 -2.476742e-67 -3.928887e-69 -5.353627e-71 -6.009880e-73 -4.073012e-75 -2.963373e-78 3.232810e-81 6.568579e-85 2.022127e-89 1.534253e-94 3.580586e-100 0.000000e+00
0.000000e+00 3.375186e-98 1.167704e-92 1.177122e-87 2.270034e-83 -9.550748e-80 -8.416145e-76 -4.362428e-73 -4.819534e-71 -3.608263e-69 -2.322014e-67 -1.310530e-65 -6.558071e-64 -2.925787e-62 -1.165447e-60 -4.134260e-59 -1.295288e-57 -3.517943e-56 -7.928268e-55 -1.299411e-53 -5.417015e-53 6.598552e-51 3.478528e-49 1.182625e-47 3.236200e-46 7.574151e-45 1.552126e-43 2.809877e-42 4.496007e-41 6.312103e-40 7.629023e-39 7.584342e-38 5.395760e-37 8.038305e-37 -5.591102e-35 -1.235958e-33 -1.772902e-32 -2.031823e-31 -1.971538e-30 -1.656920e-29 -1.217423e-28 -7.840604e-28 -4.417273e-27 -2.163158e-26 -9.095769e-26 -3.209692e-25 -9.052758e-25 -1.771073e-24 -7.059153e-25 1.249091e-23 6.842753e-23 2.347926e-22 6.228911e-22 1.359392e-21 2.510755e-21 3.989926e-21 5.515015e-21 6.678543e-21 7.115295e-21 6.678543e-21 5.515015e-21 3.989926e-21 2.510755e-21 1.359392e-21 6.228911e-22 2.347926e-22 6.842753e-23 1.249091e-23 -7.059153e-25 -1.771073e-24 -9.052758e-25 -3.209692e-25 -9.095769e-26 -2.163158e-26 -4.417273e-27 -7.840604e-28 -1.217423e-28 -1.656920e-29 -1.971538e-30 -2.031823e-31 -1.772902e-32 -1.235958e-33 -5.591102e-35 8.038305e-37 5.395760e-37 7.584342e-38 7.629023e-39 6.312103e-40 4.496007e-41 2.809877e-42 1.552126e-43 7.574151e-45 3.236200e-46 1.182625e-47 3.478528e-49 6.598552e-51 -5.417015e-53 -1.299411e-53 -7.928268e-55 -3.517943e-56 -1.295288e-57 -4.134260e-59 -1.165447e-60 -2.925787e-62 -6.558071e-64 -1.310530e-65 -2.322014e-67 -3.608263e-69 -4.819534e-71 -4.362428e-73 -8.416145e-76 -9.550748e-80 2.270034e-83 1.177122e-87 1.167704e-92 3.375186e-98 0.000000e+00
0.000000e+00 2.520679e-96 6.685484e-91 4.048017e-86 -5.918361e-82 -2.807904e-77 -8.885147e-74 -3.426794e-71 -3.176299e-69 -2.085176e-67 -1.201381e-65 -6.139773e-64 -2.798694e-62 -1.139578e-60 -4.134260e-59 -1.325358e-57 -3.685083e-56 -8.506575e-55 -1.428689e-53 -6.092555e-53 7.644205e-51 4.136813e-49 1.445167e-47 4.066776e-46 9.795739e-45 2.067633e-43 3.858725e-42 6.370449e-41 9.235925e-40 1.153689e-38 1.185985e-37 8.716418e-37 1.277743e-36 -9.903815e-35 -2.266919e-33 -3.383901e-32 -4.045240e-31 -4.102386e-30 -3.610055e-29 -2.782469e-28 -1.883163e-27 -1.116728e-26 -5.763291e-26 -2.554653e-25 -9.482522e-25 -2.785896e-24 -5.416562e-24 5.286661e-25 6.222718e-23 3.375762e-22 1.224660e-21 3.496981e-21 8.285550e-21 1.670781e-20 2.912484e-20 4.437922e-20 5.960307e-20 7.097272e-20 7.519574e-20 7.097272e-20 5.960307e-20 4.437922e-20 2.912484e-20 1.670781e-20 8.285550e-21 3.496981e-21 1.224660e-21 3.375762e-22 6.222718e-23 5.286661e-25 -5.416562e-24 -2.785896e-24 -9.482522e-25 -2.554653e-25 -5.763291e-26 -1.116728e-26 -1.883163e-27 -2.782469e-28 -3.610055e-29 -4.102386e-30 -4.045240e-31 -3.383901e-32 -2.266919e-33 -9.903815e-35 1.277743e-36 8.716418e-37 1.185985e-37 1.153689e-38 9.235925e-40 6.370449e-41 3.858725e-42 2.067633e-43 9.795739e-45 4.066776e-46 1.445167e-47 4.136813e-49 7.644205e-51 -6.092555e-53 -1.428689e-53 -8.506575e-55 -3.685083e-56 -1.325358e-57 -4.134260e-59 -1.139578e-60 -2.798694e-62 -6.139773e-64 -1.201381e-65 -2.085176e-67 -3.176299e-69 -3.426794e-71 -8.885147e-74 -2.807904e-77 -5.918361e-82 4.048017e-86 6.685484e-91 2.520679e-96 0.000000e+00
0.000000e+00 1.418283e-94 2.283971e-89 -9.290369e-85 -1.808218e-79 -2.924044e-75 -6.851136e-72 -2.210128e-69 -1.793941e-67 -1.054356e-65 -5.500668e-64 -2.560719e-62 -1.065339e-60 -3.950766e-59 -1.295288e-57 -3.685083e-56 -8.708496e-55 -1.498034e-53 -6.537334e-53 8.430984e-51 4.681278e-49 1.679289e-47 4.856075e-46 1.202884e-44 2.613040e-43 5.022846e-42 8.548028e-41 1.278570e-39 1.648986e-38 1.751147e-37 1.328504e-36 1.921888e-36 -1.646959e-34 -3.900494e-33 -6.050670e-32 -7.532818e-31 -7.969889e-30 -7.329504e-29 -5.913823e-28 -4.196764e-27 -2.613443e-26 -1.417981e-25 -6.609682e-25 -2.574740e-24 -7.862995e-24 -1.510076e-23 1.097191e-23 2.626545e-22 1.448599e-21 5.566336e-21 1.705023e-20 4.360883e-20 9.530053e-20 1.805772e-19 2.999784e-19 4.408446e-19 5.772752e-19 6.771635e-19 7.139001e-19 6.771635e-19 5.772752e-19 4.408446e-19 2.999784e-19 1.805772e-19 9.530053e-20 4.360883e-20 1.705023e-20 5.566336e-21 1.448599e-21 2.626545e-22 1.097191e-23 -1.510076e-23 -7.862995e-24 -2.574740e-24 -6.609682e-25 -1.417981e-25 -2.613443e-26 -4.196764e-27 -5.913823e-28 -7.329504e-29 -7.969889e-30 -7.532818e-31 -6.050670e-32 -3.900494e-33 -1.646959e-34 1.921888e-36 1.328504e-36 1.751147e-37 1.648986e-38 1.278570e-39 8.548028e-41 5.022846e-42 2.613040e-43 1.202884e-44 4.856075e-46 1.679289e-47 4.681278e-49 8.430984e-51 -6.537334e-53 -1.498034e-53 -8.708496e-55 -3.685083e-56 -1.295288e-57 -3.950766e-59 -1.065339e-60 -2.560719e-62 -5.500668e-64 -1.054356e-65 -1.793941e-67 -2.210128e-69 -6.851136e-72 -2.924044e-75 -1.808218e-79 -9.290369e-85 2.283971e-89 1.418283e-94 0.000000e+00
0.000000e+00 4.805827e-93 -4.601119e-88 -2.959274e-82 -1.856502e-77 -2.213382e-73 -4.330506e-70 -1.220713e-67 -8.860580e-66 -4.715406e-64 -2.240908e-62 -9.521276e-61 -3.607682e-59 -1.209081e-57 -3.517943e-56 -8.506575e-55 -1.498034e-53 -6.692638e-53 8.853976e-51 5.041471e-49 1.855889e-47 5.511124e-46 1.402850e-44 3.133888e-43 6.199629e-42 1.086673e-40 1.675389e-39 2.228899e-38 2.442942e-37 1.911696e-36 2.738758e-36 -2.573885e-34 -6.302625e-33 -1.014736e-31 -1.313684e-30 -1.447706e-29 -1.388933e-28 -1.170927e-27 -8.695385e-27 -5.674182e-26 -3.229530e-25 -1.579580e-24 -6.444106e-24 -2.042114e-23 -3.852632e-23 5.806532e-23 9.667267e-22 5.489649e-21 2.233769e-20 7.314519e-20 2.009478e-19 4.729988e-19 9.670644e-19 1.736002e-18 2.761932e-18 3.926535e-18 5.022300e-18 5.809217e-18 6.095840e-18 5.809217e-18 5.022300e-18 3.926535e-18 2.761932e-18 1.736002e-18 9.670644e-19 4.729988e-19 2.009478e-19 7.314519e-20 2.233769e-20 5.489649e-21 9.667267e-22 5.806532e-23 -3.852632e-23 -2.042114e-23 -6.444106e-24 -1.579580e-24 -3.229530e-25 -5.674182e-26 -8.695385e-27 -1.170927e-27 -1.388933e-28 -1.447706e-29 -1.313684e-30 -1.014736e-31 -6.302625e-33 -2.573885e-34 2.738758e-36 1.911696e-36 2.442942e-37 2.228899e-38 1.675389e-39 1.086673e-40 6.199629e-42 3.133888e-43 1.402850e-44 5.511124e-46 1.855889e-47 5.041471e-49 8.853976e-51 -6.692638e-53 -1.498034e-53 -8.506575e-55 -3.517943e-56 -1.209081e-57 -3.607682e-59 -9.521276e-61 -2.240908e-62 -4.715406e-64 -8.860580e-66 -1.220713e-67 -4.330506e-70 -2.213382e-73 -1.856502e-77 -2.959274e-82 -4.601119e-88 4.805827e-93 0.000000e+00
0.000000e+00 -8.468137e-92 -1.533315e-85 -2.993486e-80 -1.378752e-75 -1.370984e-71 -2.341866e-68 -5.892603e-66 -3.868671e-64 -1.875359e-62 -8.134230e-61 -3.147733e-59 -1.077876e-57 -3.205900e-56 -7.928268e-55 -1.428689e-53 -6.537334e-53 8.853976e-51 5.167540e-49 1.950975e-47 5.945455e-46 1.554132e-44 3.567729e-43 7.258018e-42 1.309234e-40 2.078864e-39 2.850402e-38 3.221615e-37 2.598679e-36 3.701771e-36 -3.783610e-34 -9.572890e-33 -1.597749e-31 -2.148006e-30 -2.461880e-29 -2.460040e-28 -2.163172e-27 -1.677883e-26 -1.145117e-25 -6.823316e-25 -3.494822e-24 -1.490458e-23 -4.894246e-23 -9.026613e-23 2.219902e-22 3.155313e-21 1.856888e-20 7.991806e-20 2.788363e-19 8.192345e-19 2.066300e-18 4.530864e-18 8.725820e-18 1.489849e-17 2.275295e-17 3.133253e-17 3.917224e-17 4.469232e-17 4.668305e-17 4.469232e-17 3.917224e-17 3.133253e-17 2.275295e-17 1.489849e-17 8.725820e-18 4.530864e-18 2.066300e-18 8.192345e-19 2.788363e-19 7.991806e-20 1.856888e-20 3.155313e-21 2.219902e-22 -9.026613e-23 -4.894246e-23 -1.490458e-23 -3.494822e-24 -6.823316e-25 -1.145117e-25 -1.677883e-26 -2.163172e-27 -2.460040e-28 -2.461880e-29 -2.148006e-30 -1.597749e-31 -9.572890e-33 -3.783610e-34 3.701771e-36 2.598679e-36 3.221615e-37 2.850402e-38 2.078864e-39 1.309234e-40 7.258018e-42 3.567729e-43 1.554132e-44 5.945455e-46 1.950975e-47 5.167540e-49 8.853976e-51 -6.537334e-53 -1.428689e-53 -7.928268e-55 -3.205900e-56 -1.077876e-57 -3.147733e-59 -8.134230e-61 -1.875359e-62 -3.868671e-64 -5.892603e-66 -2.341866e-68 -1.370984e-71 -1.378752e-75 -2.993486e-80 -1.533315e-85 -8.468137e-92 0.000000e+00
0.000000e+00 -2.964183e-89 -1.527047e-83 -2.179601e-78 -8.363509e-74 -7.257679e-70 -1.106023e-66 -2.512987e-64 -1.501214e-62 -6.641747e-61 -2.623789e-59 -9.176010e-58 -2.788610e-56 -7.049859e-55 -1.299411e-53 -6.092555e-53 8.430984e-51 5.041471e-49 1.950975e-47 6.097644e-46 1.635731e-44 3.856088e-43 8.061225e-42 1.495323e-40 2.443383e-39 3.450030e-38 4.017787e-37 3.338644e-36 4.750440e-36 -5.235500e-34 -1.367811e-32 -2.364004e-31 -3.296200e-30 -3.923591e-29 -4.077403e-28 -3.733701e-27 -3.019857e-26 -2.151681e-25 -1.339801e-24 -7.173184e-24 -3.192794e-23 -1.085152e-22 -1.948480e-22 7.020660e-22 9.234556e-21 5.651004e-20 2.568425e-19 9.519167e-19 2.979603e-18 8.017428e-18 1.875909e-17 3.852740e-17 7.008460e-17 1.139530e-16 1.671023e-16 2.228505e-16 2.722181e-16 3.062414e-16 3.183783e-16 3.062414e-16 2.722181e-16 2.228505e-16 1.671023e-16 1.139530e-16 7.008460e-17 3.852740e-17 1.875909e-17 8.017428e-18 2.979603e-18 9.519167e-19 2.568425e-19 5.651004e-20 9.234556e-21 7.020660e-22 -1.948480e-22 -1.085152e-22 -3.192794e-23 -7.173184e-24 -1.339801e-24 -2.151681e-25 -3.019857e-26 -3.733701e-27 -4.077403e-28 -3.923591e-29 -3.296200e-30 -2.364004e-31 -1.367811e-32 -5.235500e-34 4.750440e-36 3.338644e-36 4.017787e-37 3.450030e-38 2.443383e-39 1.495323e-40 8.061225e-42 3.856088e-43 1.635731e-44 6.097644e-46 1.950975e-47 5.041471e-49 8.430984e-51 -6.092555e-53 -1.299411e-53 -7.049859e-55 -2.788610e-56 -9.176010e-58 -2.623789e-59 -6.641747e-61 -1.501214e-62 -2.512987e-64 -1.106023e-66 -7.257679e-70 -8.363509e-74 -2.179601e-78 -1.527047e-83 -2.964183e-89 0.000000e+00
0.000000e+00 -2.904172e-87 -1.089267e-81 -1.293863e-76 -4.331193e-72 -3.352738e-68 -4.611953e-65 -9.519303e-63 -5.184337e-61 -2.089003e-59 -7.458246e-58 -2.314923e-56 -5.980053e-55 -1.126946e-53 -5.417015e-53 7.644205e-51 4.681278e-49 1.855889e-47 5.945455e-46 1.635731e-44 3.957252e-43 8.495266e-42 1.619324e-40 2.720902e-39 3.953327e-38 4.740206e-37 4.055429e-36 5.793058e-36 -6.823565e-34 -1.839738e-32 -3.289211e-31 -4.750994e-30 -5.865904e-29 -6.330808e-28 -6.028124e-27 -5.076089e-26 -3.769788e-25 -2.448898e-24 -1.368264e-23 -6.346852e-23 -2.230692e-22 -3.886623e-22 1.926849e-21 2.442618e-20 1.556871e-19 7.459793e-19 2.928640e-18 9.733343e-18 2.783433e-17 6.919702e-17 1.508024e-16 2.904872e-16 4.989925e-16 7.716368e-16 1.084503e-15 1.397837e-15 1.665295e-15 1.844943e-15 1.908183e-15 1.844943e-15 1.665295e-15 1.397837e-15 1.084503e-15 7.716368e-16 4.989925e-16 2.904872e-16 1.508024e-16 6.919702e-17 2.783433e-17 9.733343e-18 2.928640e-18 7.459793e-19 1.556871e-19 2.442618e-20 1.926849e-21 -3.886623e-22 -2.230692e-22 -6.346852e-23 -1.368264e-23 -2.448898e-24 -3.769788e-25 -5.076089e-26 -6.028124e-27 -6.330808e-28 -5.865904e-29 -4.750994e-30 -3.289211e-31 -1.839738e-32 -6.823565e-34 5.793058e-36 4.055429e-36 4.740206e-37 3.953327e-38 2.720902e-39 1.619324e-40 8.495266e-42 3.957252e-43 1.635731e-44 5.945455e-46 1.855889e-47 4.681278e-49 7.644205e-51 -5.417015e-53 -1.126946e-53 -5.980053e-55 -2.314923e-56 -7.458246e-58 -2.089003e-59 -5.184337e-61 -9.519303e-63 -4.611953e-65 -3.352738e-68 -4.331193e-72 -1.293863e-76 -1.089267e-81 -2.904172e-87 0.000000e+00
0.000000e+00 -2.027899e-85 -6.322962e-80 -6.549867e-75 -1.955717e-70 -1.366579e-66 -1.707265e-63 -3.207367e-61 -1.589022e-59 -5.786570e-58 -1.833618e-56 -4.838083e-55 -9.318314e-54 -4.594368e-53 6.598552e-51 4.136813e-49 1.679289e-47 5.511124e-46 1.554132e-44 3.856088e-43 8.495266e-42 1.662881e-40 2.871158e-39 4.289556e-38 5.291901e-37 4.658865e-36 6.718135e-36 -8.380696e-34 -2.330594e-32 -4.306295e-31 -6.436488e-30 -8.233064e-29 -9.216243e-28 -9.112823e-27 -7.977677e-26 -6.166087e-25 -4.172435e-24 -2.429208e-23 -1.172771e-22 -4.259463e-22 -7.184482e-22 4.697185e-21 5.874041e-20 3.902279e-19 1.967736e-18 8.162066e-18 2.871683e-17 8.698975e-17 2.289416e-16 5.272159e-16 1.069888e-15 1.928702e-15 3.117365e-15 4.563833e-15 6.116005e-15 7.579546e-15 8.767230e-15 9.535999e-15 9.801340e-15 9.535999e-15 8.767230e-15 7.579546e-15 6.116005e-15 4.563833e-15 3.117365e-15 1.928702e-15 1.069888e-15 5.272159e-16 2.289416e-16 8.698975e-17 2.871683e-17 8.162066e-18 1.967736e-18 3.902279e-19 5.874041e-20 4.697185e-21 -7.184482e-22 -4.259463e-22 -1.172771e-22 -2.429208e-23 -4.172435e-24 -6.166087e-25 -7.977677e-26 -9.112823e-27 -9.216243e-28 -8.233064e-29 -6.436488e-30 -4.306295e-31 -2.330594e-32 -8.380696e-34 6.718135e-36 4.658865e-36 5.291901e-37 4.289556e-38 2.871158e-39 1.662881e-40 8.495266e-42 3.856088e-43 1.554132e-44 5.511124e-46 1.679289e-47 4.136813e-49 6.598552e-51 -4.594368e-53 -9.318314e-54 -4.838083e-55 -1.833618e-56 -5.786570e-58 -1.589022e-59 -3.207367e-61 -1.707265e-63 -1.366579e-66 -1.955717e-70 -6.549867e-75 -6.322962e-80 -2.027899e-85 0.000000e+00
0.000000e+00 -1.150163e-83 -3.126392e-78 -2.888579e-73 -7.786383e-69 -4.942175e-65 -5.618828e-62 -9.586359e-60 -4.286586e-58 -1.385459e-56 -3.732353e-55 -7.344408e-54 -3.716356e-53 5.421868e-51 3.478528e-49 1.445167e-47 4.856075e-46 1.402850e-44 3.567729e-43 8.061225e-42 1.619324e-40 2.871158e-39 4.407812e-38 5.591152e-37 5.062794e-36 7.413141e-36 -9.703493e-34 -2.781899e-32 -5.307585e-31 -8.200733e-30 -1.085539e-28 -1.258897e-27 -1.290974e-26 -1.173387e-25 -9.425843e-25 -6.634602e-24 -4.019483e-23 -2.017285e-22 -7.567430e-22 -1.234170e-21 1.030781e-20 1.290218e-19 8.934667e-19 4.733281e-18 2.069555e-17 7.687801e-17 2.459807e-16 6.832166e-16 1.656671e-15 3.526420e-15 6.632676e-15 1.111287e-14 1.674896e-14 2.296158e-14 2.897985e-14 3.409627e-14 3.785968e-14 4.010701e-14 4.084739e-14 4.010701e-14 3.785968e-14 3.409627e-14 2.897985e-14 2.296158e-14 1.674896e-14 1.111287e-14 6.632676e-15 3.526420e-15 1.656671e-15 6.832166e-16 2.459807e-16 7.687801e-17 2.069555e-17 4.733281e-18 8.934667e-19 1.290218e-19 1.030781e-20 -1.234170e-21 -7.567430e-22 -2.017285e-22 -4.019483e-23 -6.634602e-24 -9.425843e-25 -1.173387e-25 -1.290974e-26 -1.258897e-27 -1.085539e-28 -8.200733e-30 -5.307585e-31 -2.781899e-32 -9.703493e-34 7.413141e-36 5.062794e-36 5.591152e-37 4.407812e-38 2.871158e-39 1.619324e-40 8.061225e-42 3.567729e-43 1.402850e-44 4.856075e-46 1.445167e-47 3.478528e-49 5.421868e-51 -3.716356e-53 -7.344408e-54 -3.732353e-55 -1.385459e-56 -4.286586e-58 -9.586359e-60 -5.618828e-62 -4.942175e-65 -7.786383e-69 -2.888579e-73 -3.126392e-78 -1.150163e-83 0.000000e+00
0.000000e+00 -5.550092e-82 -1.345509e-76 -1.122400e-71 -2.748834e-67 -1.588274e-63 -1.639874e-60 -2.520689e-58 -9.988523e-57 -2.744777e-55 -5.516251e-54 -2.866363e-53 4.239631e-51 2.782660e-49 1.182625e-47 4.066776e-46 1.202884e-44 3.133888e-43 7.258018e-42 1.495323e-40 2.720902e-39 4.289556e-38 5.591152e-37 5.205004e-36 7.786394e-36 -1.059427e-33 -3.129798e-32 -6.160759e-31 -9.830802e-30 -1.345284e-28 -1.614475e-27 -1.715058e-26 -1.616475e-25 -1.347844e-24 -9.855671e-24 -6.205490e-23 -3.234170e-22 -1.252660e-21 -1.975672e-21 2.053847e-20 2.597935e-19 1.874916e-18 1.041832e-17 4.791522e-17 1.874828e-16 6.320286e-16 1.847733e-15 4.703795e-15 1.046447e-14 2.043124e-14 3.520890e-14 5.395533e-14 7.420961e-14 9.262620e-14 1.063283e-13 1.141375e-13 1.169606e-13 1.170937e-13 1.168237e-13 1.170937e-13 1.169606e-13 1.141375e-13 1.063283e-13 9.262620e-14 7.420961e-14 5.395533e-14 3.520890e-14 2.043124e-14 1.046447e-14 4.703795e-15 1.847733e-15 6.320286e-16 1.874828e-16 4.791522e-17 1.041832e-17 1.874916e-18 2.597935e-19 2.053847e-20 -1.975672e-21 -1.252660e-21 -3.234170e-22 -6.205490e-23 -9.855671e-24 -1.347844e-24 -1.616475e-25 -1.715058e-26 -1.614475e-27 -1.345284e-28 -9.830802e-30 -6.160759e-31 -3.129798e-32 -1.059427e-33 7.786394e-36 5.205004e-36 5.591152e-37 4.289556e-38 2.720902e-39 1.495323e-40 7.258018e-42 3.133888e-43 1.202884e-44 4.066776e-46 1.182625e-47 2.782660e-49 4.239631e-51 -2.866363e-53 -5.516251e-54 -2.744777e-55 -9.988523e-57 -2.520689e-58 -1.639874e-60 -1.588274e-63 -2.748834e-67 -1.122400e-71 -1.345509e-76 -5.550092e-82 0.000000e+00
0.000000e+00 -2.328933e-80 -5.098041e-75 -3.864633e-70 -8.619041e-66 -4.524935e-62 -4.210255e-59 -5.724179e-57 -1.924747e-55 -3.946907e-54 -2.107366e-53 3.153935e-51 2.117088e-49 9.200321e-48 3.236200e-46 9.795739e-45 2.613040e-43 6.199629e-42 1.309234e-40 2.443383e-39 3.953327e-38 5.291901e-37 5.062794e-36 7.786394e-36 -1.090882e-33 -3.319568e-32 -6.736446e-31 -1.109178e-29 -1.567618e-28 -1.944840e-27 -2.137862e-26 -2.087091e-25 -1.804228e-24 -1.368897e-23 -8.947371e-23 -4.837932e-22 -1.934340e-21 -2.955487e-21 3.737774e-20 4.809722e-19 3.616042e-18 2.104364e-17 1.016066e-16 4.178836e-16 1.480979e-15 4.546782e-15 1.212197e-14 2.810012e-14 5.670271e-14 9.975476e-14 1.533006e-13 2.061164e-13 2.423291e-13 2.477922e-13 2.172034e-13 1.581398e-13 8.959414e-14 3.531788e-14 1.473817e-14 3.531788e-14 8.959414e-14 1.581398e-13 2.172034e-13 2.477922e-13 2.423291e-13 2.061164e-13 1.533006e-13 9.975476e-14 5.670271e-14 2.810012e-14 1.212197e-14 4.546782e-15 1.480979e-15 4.178836e-16 1.016066e-16 2.104364e-17 3.616042e-18 4.809722e-19 3.737774e-20 -2.955487e-21 -1.934340e-21 -4.837932e-22 -8.947371e-23 -1.368897e-23 -1.804228e-24 -2.087091e-25 -2.137862e-26 -1.944840e-27 -1.567618e-28 -1.109178e-29 -6.736446e-31 -3.319568e-32 -1.090882e-33 7.786394e-36 5.062794e-36 5.291901e-37 3.953327e-38 2.443383e-39 1.309234e-40 6.199629e-42 2.613040e-43 9.795739e-45 3.236200e-46 9.200321e-48 2.117088e-49 3.153935e-51 -2.107366e-53 -3.946907e-54 -1.924747e-55 -5.724179e-57 -4.210255e-59 -4.524935e-62 -8.619041e-66 -3.864633e-70 -5.098041e-75 -2.328933e-80 0.000000e+00
