0.000000e+00 -5.632990e-112 -1.427300e-106 -1.234528e-101 -3.144028e-97 -1.910029e-93 -2.114712e-90 -3.597266e-88 -1.657649e-86 -5.803307e-85 -1.853857e-83 -5.369503e-82 -1.394340e-80 -3.174555e-79 -6.021258e-78 -8.093052e-77 -6.238243e-77 4.345224e-74 1.910538e-72 5.819944e-71 1.466511e-69 3.224941e-68 6.329905e-67 1.120658e-65 1.797493e-64 2.612990e-63 3.431043e-62 4.036364e-61 4.184872e-60 3.691940e-59 2.525444e-58 8.550152e-58 -9.792065e-57 -2.576105e-55 -3.614642e-54 -3.959340e-53 -3.682428e-52 -3.001672e-51 -2.175812e-50 -1.412463e-49 -8.237555e-49 -4.319287e-48 -2.034249e-47 -8.584916e-47 -3.233979e-46 -1.081352e-45 -3.183235e-45 -8.146714e-45 -1.774297e-44 -3.149985e-44 -4.055300e-44 -1.845757e-44 8.473129e-44 3.330902e-43 7.714323e-43 1.377528e-42 2.032889e-42 2.547878e-42 2.743982e-42 2.547878e-42 2.032889e-42 1.377528e-42 7.714323e-43 3.330902e-43 8.473129e-44 -1.845757e-44 -4.055300e-44 -3.149985e-44 -1.774297e-44 -8.146714e-45 -3.183235e-45 -1.081352e-45 -3.233979e-46 -8.584916e-47 -2.034249e-47 -4.319287e-48 -8.237555e-49 -1.412463e-49 -2.175812e-50 -3.001672e-51 -3.682428e-52 -3.959340e-53 -3.614642e-54 -2.576105e-55 -9.792065e-57 8.550152e-58 2.525444e-58 3.691940e-59 4.184872e-60 4.036364e-61 3.431043e-62 2.612990e-63 1.797493e-64 1.120658e-65 6.329905e-67 3.224941e-68 1.466511e-69 5.819944e-71 1.910538e-72 4.345224e-74 -6.238243e-77 -8.093052e-77 -6.021258e-78 -3.174555e-79 -1.394340e-80 -5.369503e-82 -1.853857e-83 -5.803307e-85 -1.657649e-86 -3.597266e-88 -2.114712e-90 -1.910029e-93 -3.144028e-97 -1.234528e-101 -1.427300e-106 -5.632990e-112 0.000000e+00
0.000000e+00 -2.218094e-106 -5.019968e-101 -3.945330e-96 -9.221031e-92 -5.171619e-88 -5.303841e-85 -8.371312e-83 -3.583370e-81 -1.163515e-79 -3.426713e-78 -9.043386e-77 -2.089479e-75 -4.005105e-74 -5.343402e-73 3.228092e-73 3.342136e-70 1.460022e-68 4.504188e-67 1.155296e-65 2.592040e-64 5.197810e-63 9.410299e-62 1.544521e-60 2.298517e-59 3.090115e-58 3.720526e-57 3.941877e-56 3.537774e-55 2.422888e-54 7.144986e-54 -1.270145e-52 -3.105018e-51 -4.401551e-50 -4.942404e-49 -4.739831e-48 -3.997389e-47 -3.005219e-46 -2.027360e-45 -1.230797e-44 -6.727727e-44 -3.307046e-43 -1.457746e-42 -5.736105e-42 -2.001052e-41 -6.123488e-41 -1.614992e-40 -3.549012e-40 -5.985073e-40 -5.491853e-40 8.514997e-40 5.851683e-39 1.796736e-38 4.101532e-38 7.684820e-38 1.226511e-37 1.697453e-37 2.056398e-37 2.191115e-37 2.056398e-37 1.697453e-37 1.226511e-37 7.684820e-38 4.101532e-38 1.796736e-38 5.851683e-39 8.514997e-40 -5.491853e-40 -5.985073e-40 -3.549012e-40 -1.614992e-40 -6.123488e-41 -2.001052e-41 -5.736105e-42 -1.457746e-42 -3.307046e-43 -6.727727e-44 -1.230797e-44 -2.027360e-45 -3.005219e-46 -3.997389e-47 -4.739831e-48 -4.942404e-49 -4.401551e-50 -3.105018e-51 -1.270145e-52 7.144986e-54 2.422888e-54 3.537774e-55 3.941877e-56 3.720526e-57 3.090115e-58 2.298517e-59 1.544521e-60 9.410299e-62 5.197810e-63 2.592040e-64 1.155296e-65 4.504188e-67 1.460022e-68 3.342136e-70 3.228092e-73 -5.343402e-73 -4.005105e-74 -2.089479e-75 -9.043386e-77 -3.426713e-78 -1.163515e-79 -3.583370e-81 -8.371312e-83 -5.303841e-85 -5.171619e-88 -9.221031e-92 -3.945330e-96 -5.019968e-101 -2.218094e-106 0.000000e+00
0.000000e+00 -3.187602e-101 -6.555120e-96 -4.727964e-91 -1.020151e-86 -5.299606e-83 -5.040547e-80 -7.375190e-78 -2.922996e-76 -8.743423e-75 -2.343467e-73 -5.490235e-72 -1.062097e-70 -1.400819e-69 3.169072e-69 1.023504e-66 4.445565e-65 1.388139e-63 3.621626e-62 8.283646e-61 1.695668e-59 3.136514e-58 5.262896e-57 8.009797e-56 1.101295e-54 1.355346e-53 1.465163e-52 1.334723e-51 9.103622e-51 2.165417e-50 -6.337188e-49 -1.465625e-47 -2.099669e-46 -2.414132e-45 -2.383512e-44 -2.076032e-43 -1.615528e-42 -1.130135e-41 -7.125288e-41 -4.049899e-40 -2.071975e-39 -9.510379e-39 -3.895471e-38 -1.412023e-37 -4.468383e-37 -1.204749e-36 -2.625842e-36 -3.940272e-36 -4.506750e-37 2.288468e-35 1.012170e-34 2.980358e-34 7.006831e-34 1.390946e-33 2.390720e-33 3.606526e-33 4.814276e-33 5.714927e-33 6.049382e-33 5.714927e-33 4.814276e-33 3.606526e-33 2.390720e-33 1.390946e-33 7.006831e-34 2.980358e-34 1.012170e-34 2.288468e-35 -4.506750e-37 -3.940272e-36 -2.625842e-36 -1.204749e-36 -4.468383e-37 -1.412023e-37 -3.895471e-38 -9.510379e-39 -2.071975e-39 -4.049899e-40 -7.125288e-41 -1.130135e-41 -1.615528e-42 -2.076032e-43 -2.383512e-44 -2.414132e-45 -2.099669e-46 -1.465625e-47 -6.337188e-49 2.165417e-50 9.103622e-51 1.334723e-51 1.465163e-52 1.355346e-53 1.101295e-54 8.009797e-56 5.262896e-57 3.136514e-58 1.695668e-59 8.283646e-61 3.621626e-62 1.388139e-63 4.445565e-65 1.023504e-66 3.169072e-69 -1.400819e-69 -1.062097e-70 -5.490235e-72 -2.343467e-73 -8.743423e-75 -2.922996e-76 -7.375190e-78 -5.040547e-80 -5.299606e-83 -1.020151e-86 -4.727964e-91 -6.555120e-96 -3.187602e-101 0.000000e+00
0.000000e+00 -1.473908e-96 -2.781624e-91 -1.852198e-86 -3.701784e-82 -1.783357e-78 -1.571572e-75 -2.124127e-73 -7.738867e-72 -2.103910e-70 -4.993560e-69 -9.735792e-68 -1.263391e-66 5.401952e-66 1.082392e-63 4.677369e-62 1.477480e-60 3.918149e-59 9.129292e-58 1.906102e-56 3.599181e-55 6.168386e-54 9.591409e-53 1.347246e-51 1.692649e-50 1.864064e-49 1.719521e-48 1.160705e-47 1.897380e-47 -1.061361e-45 -2.352104e-44 -3.405998e-43 -4.005466e-42 -4.065329e-41 -3.650726e-40 -2.935151e-39 -2.124842e-38 -1.388219e-37 -8.184986e-37 -4.346946e-36 -2.071570e-35 -8.803178e-35 -3.302303e-34 -1.074835e-33 -2.935486e-33 -6.196670e-33 -7.166177e-33 1.415434e-32 1.243422e-31 4.919865e-31 1.457719e-30 3.571066e-30 7.510988e-30 1.382308e-29 2.251185e-29 3.268335e-29 4.251496e-29 4.971779e-29 5.236928e-29 4.971779e-29 4.251496e-29 3.268335e-29 2.251185e-29 1.382308e-29 7.510988e-30 3.571066e-30 1.457719e-30 4.919865e-31 1.243422e-31 1.415434e-32 -7.166177e-33 -6.196670e-33 -2.935486e-33 -1.074835e-33 -3.302303e-34 -8.803178e-35 -2.071570e-35 -4.346946e-36 -8.184986e-37 -1.388219e-37 -2.124842e-38 -2.935151e-39 -3.650726e-40 -4.065329e-41 -4.005466e-42 -3.405998e-43 -2.352104e-44 -1.061361e-45 1.897380e-47 1.160705e-47 1.719521e-48 1.864064e-49 1.692649e-50 1.347246e-51 9.591409e-53 6.168386e-54 3.599181e-55 1.906102e-56 9.129292e-58 3.918149e-59 1.477480e-60 4.677369e-62 1.082392e-63 5.401952e-66 -1.263391e-66 -9.735792e-68 -4.993560e-69 -2.103910e-70 -7.738867e-72 -2.124127e-73 -1.571572e-75 -1.783357e-78 -3.701784e-82 -1.852198e-86 -2.781624e-91 -1.473908e-96 0.000000e+00
0.000000e+00 -1.829837e-92 -3.188123e-87 -1.966337e-82 -3.644437e-78 -1.626653e-74 -1.323364e-71 -1.639681e-69 -5.413217e-68 -1.299669e-66 -2.549966e-65 -3.237481e-64 2.182485e-63 3.268344e-61 1.405983e-59 4.490473e-58 1.209617e-56 2.868953e-55 6.104968e-54 1.175798e-52 2.056395e-51 3.263733e-50 4.678410e-49 5.993135e-48 6.713003e-47 6.254499e-46 4.146616e-45 2.737355e-45 -4.954530e-43 -1.062126e-41 -1.554710e-40 -1.868096e-39 -1.946342e-38 -1.799183e-37 -1.491883e-36 -1.115530e-35 -7.536516e-35 -4.599018e-34 -2.529148e-33 -1.247894e-32 -5.483876e-32 -2.120366e-31 -7.057366e-31 -1.931000e-30 -3.806827e-30 -1.997279e-30 2.569041e-29 1.560513e-28 5.974695e-28 1.811324e-27 4.636440e-27 1.030360e-26 2.018535e-26 3.520151e-26 5.502511e-26 7.749309e-26 9.870123e-26 1.139983e-25 1.195860e-25 1.139983e-25 9.870123e-26 7.749309e-26 5.502511e-26 3.520151e-26 2.018535e-26 1.030360e-26 4.636440e-27 1.811324e-27 5.974695e-28 1.560513e-28 2.569041e-29 -1.997279e-30 -3.806827e-30 -1.931000e-30 -7.057366e-31 -2.120366e-31 -5.483876e-32 -1.247894e-32 -2.529148e-33 -4.599018e-34 -7.536516e-35 -1.115530e-35 -1.491883e-36 -1.799183e-37 -1.946342e-38 -1.868096e-39 -1.554710e-40 -1.062126e-41 -4.954530e-43 2.737355e-45 4.146616e-45 6.254499e-46 6.713003e-47 5.993135e-48 4.678410e-49 3.263733e-50 2.056395e-51 1.175798e-52 6.104968e-54 2.868953e-55 1.209617e-56 4.490473e-58 1.405983e-59 3.268344e-61 2.182485e-63 -3.237481e-64 -2.549966e-65 -1.299669e-66 -5.413217e-68 -1.639681e-69 -1.323364e-71 -1.626653e-74 -3.644437e-78 -1.966337e-82 -3.188123e-87 -1.829837e-92 0.000000e+00
0.000000e+00 -4.772149e-89 -7.701508e-84 -4.405088e-79 -7.564354e-75 -3.116775e-71 -2.322845e-68 -2.598563e-66 -7.539305e-65 -1.485334e-63 -1.833216e-62 1.791679e-61 2.192730e-59 9.396868e-58 3.033272e-56 8.294808e-55 2.001301e-53 4.337231e-52 8.513769e-51 1.518256e-49 2.457323e-48 3.591134e-47 4.685036e-46 5.329352e-45 5.001879e-44 3.227593e-43 -2.003281e-43 -5.031201e-41 -1.051249e-39 -1.555663e-38 -1.908132e-37 -2.038255e-36 -1.936675e-35 -1.653590e-34 -1.274866e-33 -8.889607e-33 -5.602781e-32 -3.183097e-31 -1.621820e-30 -7.347430e-30 -2.916515e-29 -9.865278e-29 -2.667351e-28 -4.613012e-28 3.303600e-28 7.163294e-27 3.820138e-26 1.458183e-25 4.552740e-25 1.217118e-24 2.847520e-24 5.904991e-24 1.094865e-23 1.826987e-23 2.758127e-23 3.782911e-23 4.729337e-23 5.402168e-23 5.646173e-23 5.402168e-23 4.729337e-23 3.782911e-23 2.758127e-23 1.826987e-23 1.094865e-23 5.904991e-24 2.847520e-24 1.217118e-24 4.552740e-25 1.458183e-25 3.820138e-26 7.163294e-27 3.303600e-28 -4.613012e-28 -2.667351e-28 -9.865278e-29 -2.916515e-29 -7.347430e-30 -1.621820e-30 -3.183097e-31 -5.602781e-32 -8.889607e-33 -1.274866e-33 -1.653590e-34 -1.936675e-35 -2.038255e-36 -1.908132e-37 -1.555663e-38 -1.051249e-39 -5.031201e-41 -2.003281e-43 3.227593e-43 5.001879e-44 5.329352e-45 4.685036e-46 3.591134e-47 2.457323e-48 1.518256e-49 8.513769e-51 4.337231e-52 2.001301e-53 8.294808e-55 3.033272e-56 9.396868e-58 2.192730e-59 1.791679e-61 -1.833216e-62 -1.485334e-63 -7.539305e-65 -2.598563e-66 -2.322845e-68 -3.116775e-71 -7.564354e-75 -4.405088e-79 -7.701508e-84 -4.772149e-89 0.000000e+00
0.000000e+00 -2.006562e-86 -3.003628e-81 -1.592041e-76 -2.524270e-72 -9.529726e-69 -6.408689e-66 -6.269227e-64 -1.477391e-62 -1.762751e-61 2.353624e-60 2.498222e-58 1.068538e-56 3.486790e-55 9.678090e-54 2.374611e-52 5.239198e-51 1.047712e-49 1.904153e-48 3.141204e-47 4.677294e-46 6.210210e-45 7.167732e-44 6.765635e-43 4.215858e-42 -9.427278e-42 -8.511892e-40 -1.747850e-38 -2.617701e-37 -3.276941e-36 -3.586425e-35 -3.499521e-34 -3.073436e-33 -2.440185e-32 -1.753808e-31 -1.139933e-30 -6.679395e-30 -3.507611e-29 -1.634449e-28 -6.639836e-28 -2.270245e-27 -5.974433e-27 -8.061558e-27 2.833008e-26 2.863405e-25 1.449382e-24 5.599779e-24 1.806515e-23 5.039049e-23 1.237161e-22 2.702990e-22 5.296887e-22 9.368752e-22 1.503618e-21 2.199764e-21 2.944931e-21 3.618944e-21 4.091508e-21 4.261701e-21 4.091508e-21 3.618944e-21 2.944931e-21 2.199764e-21 1.503618e-21 9.368752e-22 5.296887e-22 2.702990e-22 1.237161e-22 5.039049e-23 1.806515e-23 5.599779e-24 1.449382e-24 2.863405e-25 2.833008e-26 -8.061558e-27 -5.974433e-27 -2.270245e-27 -6.639836e-28 -1.634449e-28 -3.507611e-29 -6.679395e-30 -1.139933e-30 -1.753808e-31 -2.440185e-32 -3.073436e-33 -3.499521e-34 -3.586425e-35 -3.276941e-36 -2.617701e-37 -1.747850e-38 -8.511892e-40 -9.427278e-42 4.215858e-42 6.765635e-43 7.167732e-44 6.210210e-45 4.677294e-46 3.141204e-47 1.904153e-48 1.047712e-49 5.239198e-51 2.374611e-52 9.678090e-54 3.486790e-55 1.068538e-56 2.498222e-58 2.353624e-60 -1.762751e-61 -1.477391e-62 -6.269227e-64 -6.408689e-66 -9.529726e-69 -2.524270e-72 -1.592041e-76 -3.003628e-81 -2.006562e-86 0.000000e+00
0.000000e+00 -1.499448e-84 -2.082500e-79 -1.020614e-74 -1.485172e-70 -5.069829e-67 -2.986906e-64 -2.362374e-62 -3.274305e-61 5.330214e-60 5.277969e-58 2.271311e-56 7.517589e-55 2.122258e-53 5.303436e-52 1.192783e-50 2.432933e-49 4.511909e-48 7.596551e-47 1.154354e-45 1.563103e-44 1.836190e-43 1.752693e-42 1.069145e-41 -3.896557e-41 -2.625021e-39 -5.394468e-38 -8.227953e-37 -1.054748e-35 -1.185342e-34 -1.189774e-33 -1.076294e-32 -8.811345e-32 -6.535564e-31 -4.386563e-30 -2.654812e-29 -1.439461e-28 -6.914730e-28 -2.883749e-27 -1.000849e-26 -2.571440e-26 -2.362570e-26 2.312469e-25 1.932135e-24 9.739674e-24 3.868534e-23 1.298230e-22 3.789522e-22 9.771112e-22 2.247464e-21 4.645040e-21 8.678826e-21 1.473809e-20 2.285852e-20 3.252218e-20 4.260638e-20 5.155439e-20 5.774805e-20 5.996438e-20 5.774805e-20 5.155439e-20 4.260638e-20 3.252218e-20 2.285852e-20 1.473809e-20 8.678826e-21 4.645040e-21 2.247464e-21 9.771112e-22 3.789522e-22 1.298230e-22 3.868534e-23 9.739674e-24 1.932135e-24 2.312469e-25 -2.362570e-26 -2.571440e-26 -1.000849e-26 -2.883749e-27 -6.914730e-28 -1.439461e-28 -2.654812e-29 -4.386563e-30 -6.535564e-31 -8.811345e-32 -1.076294e-32 -1.189774e-33 -1.185342e-34 -1.054748e-35 -8.227953e-37 -5.394468e-38 -2.625021e-39 -3.896557e-41 1.069145e-41 1.752693e-42 1.836190e-43 1.563103e-44 1.154354e-45 7.596551e-47 4.511909e-48 2.432933e-49 1.192783e-50 5.303436e-52 2.122258e-53 7.517589e-55 2.271311e-56 5.277969e-58 5.330214e-60 -3.274305e-61 -2.362374e-62 -2.986906e-64 -5.069829e-67 -1.485172e-70 -1.020614e-74 -2.082500e-79 -1.499448e-84 0.000000e+00
0.000000e+00 -5.452257e-83 -7.019093e-78 -3.166697e-73 -4.183507e-69 -1.258756e-65 -6.057814e-63 -2.851459e-61 5.618802e-60 5.613754e-58 2.460945e-56 8.309594e-55 2.394983e-53 6.113878e-52 1.405410e-50 2.931371e-49 5.561746e-48 9.584747e-47 1.491430e-45 2.068698e-44 2.489465e-43 2.432319e-42 1.508992e-41 -6.106708e-41 -4.029877e-39 -8.482297e-38 -1.330263e-36 -1.756371e-35 -2.035467e-34 -2.109110e-33 -1.971576e-32 -1.669510e-31 -1.282010e-30 -8.915772e-30 -5.594962e-29 -3.146801e-28 -1.567700e-27 -6.769457e-27 -2.418714e-26 -6.249869e-26 -4.022826e-26 7.792803e-25 6.320987e-24 3.281375e-23 1.359826e-22 4.787195e-22 1.470255e-21 3.995824e-21 9.698065e-21 2.116400e-20 4.177035e-20 7.495766e-20 1.229242e-19 1.850967e-19 2.570327e-19 3.304118e-19 3.944126e-19 4.382041e-19 4.537838e-19 4.382041e-19 3.944126e-19 3.304118e-19 2.570327e-19 1.850967e-19 1.229242e-19 7.495766e-20 4.177035e-20 2.116400e-20 9.698065e-21 3.995824e-21 1.470255e-21 4.787195e-22 1.359826e-22 3.281375e-23 6.320987e-24 7.792803e-25 -4.022826e-26 -6.249869e-26 -2.418714e-26 -6.769457e-27 -1.567700e-27 -3.146801e-28 -5.594962e-29 -8.915772e-30 -1.282010e-30 -1.669510e-31 -1.971576e-32 -2.109110e-33 -2.035467e-34 -1.756371e-35 -1.330263e-36 -8.482297e-38 -4.029877e-39 -6.106708e-41 1.508992e-41 2.432319e-42 2.489465e-43 2.068698e-44 1.491430e-45 9.584747e-47 5.561746e-48 2.931371e-49 1.405410e-50 6.113878e-52 2.394983e-53 8.309594e-55 2.460945e-56 5.613754e-58 5.618802e-60 -2.851459e-61 -6.057814e-63 -1.258756e-65 -4.183507e-69 -3.166697e-73 -7.019093e-78 -5.452257e-83 0.000000e+00
0.000000e+00 -1.774617e-81 -2.105510e-76 -8.639380e-72 -1.009398e-67 -2.501763e-64 -7.433181e-62 4.340244e-60 5.615527e-58 2.511163e-56 8.655484e-55 2.547596e-53 6.644282e-52 1.561103e-50 3.329642e-49 6.463132e-48 1.140064e-46 1.816689e-45 2.581720e-44 3.184382e-43 3.189265e-42 2.024370e-41 -8.640261e-41 -5.767727e-39 -1.246928e-37 -2.012178e-36 -2.736660e-35 -3.270049e-34 -3.496779e-33 -3.376372e-32 -2.955833e-31 -2.348630e-30 -1.691500e-29 -1.100046e-28 -6.414964e-28 -3.313537e-27 -1.481680e-26 -5.455998e-26 -1.422527e-25 -5.234207e-26 2.312476e-24 1.868728e-23 1.003509e-22 4.341994e-22 1.602517e-21 5.171398e-21 1.478716e-20 3.778543e-20 8.683554e-20 1.804645e-19 3.409285e-19 5.884779e-19 9.327703e-19 1.364248e-18 1.849376e-18 2.332799e-18 2.746985e-18 3.026992e-18 3.126006e-18 3.026992e-18 2.746985e-18 2.332799e-18 1.849376e-18 1.364248e-18 9.327703e-19 5.884779e-19 3.409285e-19 1.804645e-19 8.683554e-20 3.778543e-20 1.478716e-20 5.171398e-21 1.602517e-21 4.341994e-22 1.003509e-22 1.868728e-23 2.312476e-24 -5.234207e-26 -1.422527e-25 -5.455998e-26 -1.481680e-26 -3.313537e-27 -6.414964e-28 -1.100046e-28 -1.691500e-29 -2.348630e-30 -2.955833e-31 -3.376372e-32 -3.496779e-33 -3.270049e-34 -2.736660e-35 -2.012178e-36 -1.246928e-37 -5.767727e-39 -8.640261e-41 2.024370e-41 3.189265e-42 3.184382e-43 2.581720e-44 1.816689e-45 1.140064e-46 6.463132e-48 3.329642e-49 1.561103e-50 6.644282e-52 2.547596e-53 8.655484e-55 2.511163e-56 5.615527e-58 4.340244e-60 -7.433181e-62 -2.501763e-64 -1.009398e-67 -8.639380e-72 -2.105510e-76 -1.774617e-81 0.000000e+00
0.000000e+00 -5.237880e-80 -5.659153e-75 -2.058944e-70 -1.995608e-66 -3.169007e-63 8.627586e-61 4.443934e-58 2.462116e-56 8.655486e-55 2.600569e-53 6.926304e-52 1.662595e-50 3.624490e-49 7.194248e-48 1.298280e-46 2.117492e-45 3.081430e-44 3.893529e-43 3.995277e-42 2.594207e-41 -1.162161e-40 -7.862978e-39 -1.745099e-37 -2.895621e-36 -4.053494e-35 -4.989755e-34 -5.501475e-33 -5.481686e-32 -4.956347e-31 -4.070733e-30 -3.032814e-29 -2.041723e-28 -1.233097e-27 -6.596503e-27 -3.051428e-26 -1.157078e-25 -3.041211e-25 -1.875862e-26 6.268098e-24 5.097314e-23 2.833606e-22 1.278827e-21 4.939892e-21 1.671620e-20 5.017475e-20 1.346445e-19 3.249393e-19 7.088274e-19 1.404563e-18 2.540861e-18 4.217866e-18 6.458408e-18 9.167875e-18 1.212184e-17 1.499143e-17 1.740221e-17 1.901031e-17 1.957511e-17 1.901031e-17 1.740221e-17 1.499143e-17 1.212184e-17 9.167875e-18 6.458408e-18 4.217866e-18 2.540861e-18 1.404563e-18 7.088274e-19 3.249393e-19 1.346445e-19 5.017475e-20 1.671620e-20 4.939892e-21 1.278827e-21 2.833606e-22 5.097314e-23 6.268098e-24 -1.875862e-26 -3.041211e-25 -1.157078e-25 -3.051428e-26 -6.596503e-27 -1.233097e-27 -2.041723e-28 -3.032814e-29 -4.070733e-30 -4.956347e-31 -5.481686e-32 -5.501475e-33 -4.989755e-34 -4.053494e-35 -2.895621e-36 -1.745099e-37 -7.862978e-39 -1.162161e-40 2.594207e-41 3.995277e-42 3.893529e-43 3.081430e-44 2.117492e-45 1.298280e-46 7.194248e-48 3.624490e-49 1.662595e-50 6.926304e-52 2.600569e-53 8.655486e-55 2.462116e-56 4.443934e-58 8.627586e-61 -3.169007e-63 -1.995608e-66 -2.058944e-70 -5.659153e-75 -5.237880e-80 0.000000e+00
0.000000e+00 -1.386066e-78 -1.331022e-73 -4.043108e-69 -2.593044e-65 2.604919e-62 9.879985e-59 1.923358e-56 8.314196e-55 2.547597e-53 6.926304e-52 1.697861e-50 3.781493e-49 7.671742e-48 1.415681e-46 2.362145e-45 3.518198e-44 4.551655e-43 4.783172e-42 3.176794e-41 -1.486566e-40 -1.021403e-38 -2.326114e-37 -3.966122e-36 -5.710412e-35 -7.235828e-34 -8.218777e-33 -8.443212e-32 -7.877100e-31 -6.680797e-30 -5.143702e-29 -3.580847e-28 -2.237410e-27 -1.238328e-26 -5.920387e-26 -2.310240e-25 -6.117771e-25 1.670380e-25 1.563107e-23 1.287693e-22 7.412258e-22 3.485569e-21 1.406995e-20 4.983378e-20 1.566935e-19 4.405989e-19 1.113845e-18 2.543311e-18 5.269029e-18 9.951309e-18 1.722075e-17 2.745166e-17 4.053285e-17 5.573319e-17 7.173203e-17 8.681868e-17 9.920015e-17 1.073265e-16 1.101571e-16 1.073265e-16 9.920015e-17 8.681868e-17 7.173203e-17 5.573319e-17 4.053285e-17 2.745166e-17 1.722075e-17 9.951309e-18 5.269029e-18 2.543311e-18 1.113845e-18 4.405989e-19 1.566935e-19 4.983378e-20 1.406995e-20 3.485569e-21 7.412258e-22 1.287693e-22 1.563107e-23 1.670380e-25 -6.117771e-25 -2.310240e-25 -5.920387e-26 -1.238328e-26 -2.237410e-27 -3.580847e-28 -5.143702e-29 -6.680797e-30 -7.877100e-31 -8.443212e-32 -8.218777e-33 -7.235828e-34 -5.710412e-35 -3.966122e-36 -2.326114e-37 -1.021403e-38 -1.486566e-40 3.176794e-41 4.783172e-42 4.551655e-43 3.518198e-44 2.362145e-45 1.415681e-46 7.671742e-48 3.781493e-49 1.697861e-50 6.926304e-52 2.547597e-53 8.314196e-55 1.923358e-56 9.879985e-59 2.604919e-62 -2.593044e-65 -4.043108e-69 -1.331022e-73 -1.386066e-78 0.000000e+00
0.000000e+00 -3.214554e-77 -2.592286e-72 -5.356011e-68 1.412474e-64 3.547205e-60 4.274341e-57 6.383744e-55 2.396436e-53 6.644286e-52 1.662595e-50 3.781493e-49 7.837797e-48 1.478275e-46 2.522200e-45 3.842981e-44 5.088260e-43 5.473632e-42 3.718186e-41 -1.809194e-40 -1.264649e-38 -2.954067e-37 -5.172520e-36 -7.654482e-35 -9.976599e-34 -1.166474e-32 -1.234459e-31 -1.187311e-30 -1.038912e-29 -8.258245e-29 -5.939273e-28 -3.835541e-27 -2.194202e-26 -1.083300e-25 -4.347679e-25 -1.159686e-24 7.346974e-25 3.604892e-23 3.021966e-22 1.801160e-21 8.815951e-21 3.713335e-20 1.374267e-19 4.518269e-19 1.328571e-18 3.510647e-18 8.370266e-18 1.807891e-17 3.552642e-17 6.381909e-17 1.053554e-16 1.607420e-16 2.279970e-16 3.024402e-16 3.773764e-16 4.453254e-16 4.993364e-16 5.339870e-16 5.459137e-16 5.339870e-16 4.993364e-16 4.453254e-16 3.773764e-16 3.024402e-16 2.279970e-16 1.607420e-16 1.053554e-16 6.381909e-17 3.552642e-17 1.807891e-17 8.370266e-18 3.510647e-18 1.328571e-18 4.518269e-19 1.374267e-19 3.713335e-20 8.815951e-21 1.801160e-21 3.021966e-22 3.604892e-23 7.346974e-25 -1.159686e-24 -4.347679e-25 -1.083300e-25 -2.194202e-26 -3.835541e-27 -5.939273e-28 -8.258245e-29 -1.038912e-29 -1.187311e-30 -1.234459e-31 -1.166474e-32 -9.976599e-34 -7.654482e-35 -5.172520e-36 -2.954067e-37 -1.264649e-38 -1.809194e-40 3.718186e-41 5.473632e-42 5.088260e-43 3.842981e-44 2.522200e-45 1.478275e-46 7.837797e-48 3.781493e-49 1.662595e-50 6.644286e-52 2.396436e-53 6.383744e-55 4.274341e-57 3.547205e-60 1.412474e-64 -5.356011e-68 -2.592286e-72 -3.214554e-77 0.000000e+00
0.000000e+00 -6.200896e-76 -3.482865e-71 1.710151e-67 2.455414e-62 1.540186e-58 1.402389e-55 1.805623e-53 6.117842e-52 1.561104e-50 3.624490e-49 7.671742e-48 1.478275e-46 2.577908e-45 4.016364e-44 5.439895e-43 5.988023e-42 4.160052e-41 -2.095688e-40 -1.492846e-38 -3.575272e-37 -6.425192e-36 -9.766242e-35 -1.308378e-33 -1.573524e-32 -1.714090e-31 -1.698210e-30 -1.531737e-29 -1.255936e-28 -9.322931e-28 -6.217012e-27 -3.672891e-26 -1.871123e-25 -7.719829e-25 -2.074302e-24 2.107907e-24 7.718804e-23 6.605121e-22 4.075387e-21 2.074102e-20 9.103461e-20 3.514911e-19 1.206314e-18 3.702675e-18 1.020710e-17 2.535737e-17 5.695884e-17 1.161054e-16 2.156739e-16 3.668552e-16 5.745274e-16 8.333823e-16 1.126886e-15 1.430023e-15 1.714912e-15 1.956872e-15 2.138417e-15 2.249880e-15 2.287336e-15 2.249880e-15 2.138417e-15 1.956872e-15 1.714912e-15 1.430023e-15 1.126886e-15 8.333823e-16 5.745274e-16 3.668552e-16 2.156739e-16 1.161054e-16 5.695884e-17 2.535737e-17 1.020710e-17 3.702675e-18 1.206314e-18 3.514911e-19 9.103461e-20 2.074102e-20 4.075387e-21 6.605121e-22 7.718804e-23 2.107907e-24 -2.074302e-24 -7.719829e-25 -1.871123e-25 -3.672891e-26 -6.217012e-27 -9.322931e-28 -1.255936e-28 -1.531737e-29 -1.698210e-30 -1.714090e-31 -1.573524e-32 -1.308378e-33 -9.766242e-35 -6.425192e-36 -3.575272e-37 -1.492846e-38 -2.095688e-40 4.160052e-41 5.988023e-42 5.439895e-43 4.016364e-44 2.577908e-45 1.478275e-46 7.671742e-48 3.624490e-49 1.561104e-50 6.117842e-52 1.805623e-53 1.402389e-55 1.540186e-58 2.455414e-62 1.710151e-67 -3.482865e-71 -6.200896e-76 0.000000e+00
0.000000e+00 -8.412420e-75 4.686587e-71 4.314134e-65 1.071133e-60 5.001788e-57 3.906940e-54 4.519238e-52 1.406372e-50 3.329646e-49 7.194248e-48 1.415681e-46 2.522200e-45 4.016364e-44 5.562386e-43 6.262934e-42 4.449797e-41 -2.311131e-40 -1.680414e-38 -4.124705e-37 -7.603748e-36 -1.186392e-34 -1.632614e-33 -2.018201e-32 -2.261308e-31 -2.305948e-30 -2.142246e-29 -1.810354e-28 -1.385853e-27 -9.534784e-27 -5.812421e-26 -3.053277e-25 -1.294497e-24 -3.505272e-24 4.965025e-24 1.539188e-22 1.347470e-21 8.603618e-21 4.548333e-20 2.077572e-19 8.356912e-19 2.989344e-18 9.562631e-18 2.745419e-17 7.093294e-17 1.653436e-16 3.486754e-16 6.673676e-16 1.163900e-15 1.858087e-15 2.729570e-15 3.711615e-15 4.702804e-15 5.594677e-15 6.304425e-15 6.797899e-15 7.092012e-15 7.235357e-15 7.276481e-15 7.235357e-15 7.092012e-15 6.797899e-15 6.304425e-15 5.594677e-15 4.702804e-15 3.711615e-15 2.729570e-15 1.858087e-15 1.163900e-15 6.673676e-16 3.486754e-16 1.653436e-16 7.093294e-17 2.745419e-17 9.562631e-18 2.989344e-18 8.356912e-19 2.077572e-19 4.548333e-20 8.603618e-21 1.347470e-21 1.539188e-22 4.965025e-24 -3.505272e-24 -1.294497e-24 -3.053277e-25 -5.812421e-26 -9.534784e-27 -1.385853e-27 -1.810354e-28 -2.142246e-29 -2.305948e-30 -2.261308e-31 -2.018201e-32 -1.632614e-33 -1.186392e-34 -7.603748e-36 -4.124705e-37 -1.680414e-38 -2.311131e-40 4.449797e-41 6.262934e-42 5.562386e-43 4.016364e-44 2.522200e-45 1.415681e-46 7.194248e-48 3.329646e-49 1.406372e-50 4.519238e-52 3.906940e-54 5.001788e-57 1.071133e-60 4.314134e-65 4.686587e-71 -8.412420e-75 0.000000e+00
0.000000e+00 -1.520688e-75 2.396913e-68 1.891995e-63 3.442335e-59 1.373326e-55 9.614863e-53 1.017852e-50 2.933481e-49 6.463140e-48 1.298280e-46 2.362145e-45 3.842981e-44 5.439895e-43 6.262934e-42 4.550762e-41 -2.426916e-40 -1.803987e-38 -4.536729e-37 -8.574557e-36 -1.372516e-34 -1.938869e-33 -2.461956e-32 -2.835347e-31 -2.973786e-30 -2.843318e-29 -2.474513e-28 -1.951928e-27 -1.384442e-26 -8.701808e-26 -4.710344e-25 -2.051559e-24 -5.602402e-24 1.024478e-23 2.865365e-22 2.570379e-21 1.697659e-20 9.313565e-20 4.422133e-19 1.850696e-18 6.890468e-18 2.293886e-17 6.848465e-17 1.837223e-16 4.435737e-16 9.654087e-16 1.897714e-15 3.377005e-15 5.454839e-15 8.021242e-15 1.076893e-14 1.323657e-14 1.493601e-14 1.552429e-14 1.495035e-14 1.350815e-14 1.176249e-14 1.036653e-14 9.836092e-15 1.036653e-14 1.176249e-14 1.350815e-14 1.495035e-14 1.552429e-14 1.493601e-14 1.323657e-14 1.076893e-14 8.021242e-15 5.454839e-15 3.377005e-15 1.897714e-15 9.654087e-16 4.435737e-16 1.837223e-16 6.848465e-17 2.293886e-17 6.890468e-18 1.850696e-18 4.422133e-19 9.313565e-20 1.697659e-20 2.570379e-21 2.865365e-22 1.024478e-23 -5.602402e-24 -2.051559e-24 -4.710344e-25 -8.701808e-26 -1.384442e-26 -1.951928e-27 -2.474513e-28 -2.843318e-29 -2.973786e-30 -2.835347e-31 -2.461956e-32 -1.938869e-33 -1.372516e-34 -8.574557e-36 -4.536729e-37 -1.803987e-38 -2.426916e-40 4.550762e-41 6.262934e-42 5.439895e-43 3.842981e-44 2.362145e-45 1.298280e-46 6.463140e-48 2.933481e-49 1.017852e-50 9.614863e-53 1.373326e-55 3.442335e-59 1.891995e-63 2.396913e-68 -1.520688e-75 0.000000e+00
0.000000e+00 4.962837e-72 1.057451e-66 6.014286e-62 9.310696e-58 3.324234e-54 2.127134e-51 2.078991e-49 5.565938e-48 1.140065e-46 2.117492e-45 3.518198e-44 5.088260e-43 5.988023e-42 4.449797e-41 -2.426916e-40 -1.847148e-38 -4.757799e-37 -9.215060e-36 -1.512410e-34 -2.191885e-33 -2.857105e-32 -3.379832e-31 -3.643444e-30 -3.582715e-29 -3.208675e-28 -2.606119e-27 -1.904135e-26 -1.233140e-25 -6.874372e-25 -3.075097e-24 -8.477506e-24 1.904175e-23 4.989737e-22 4.591873e-21 3.135706e-20 1.783614e-19 8.793264e-19 3.824238e-18 1.480118e-17 5.121298e-17 1.587864e-16 4.416680e-16 1.102710e-15 2.471827e-15 4.975191e-15 8.990230e-15 1.457249e-14 2.113412e-14 2.724765e-14 3.076194e-14 2.930934e-14 2.109812e-14 5.718032e-15 -1.536907e-14 -3.889469e-14 -6.045283e-14 -7.559992e-14 -8.105184e-14 -7.559992e-14 -6.045283e-14 -3.889469e-14 -1.536907e-14 5.718032e-15 2.109812e-14 2.930934e-14 3.076194e-14 2.724765e-14 2.113412e-14 1.457249e-14 8.990230e-15 4.975191e-15 2.471827e-15 1.102710e-15 4.416680e-16 1.587864e-16 5.121298e-17 1.480118e-17 3.824238e-18 8.793264e-19 1.783614e-19 3.135706e-20 4.591873e-21 4.989737e-22 1.904175e-23 -8.477506e-24 -3.075097e-24 -6.874372e-25 -1.233140e-25 -1.904135e-26 -2.606119e-27 -3.208675e-28 -3.582715e-29 -3.643444e-30 -3.379832e-31 -2.857105e-32 -2.191885e-33 -1.512410e-34 -9.215060e-36 -4.757799e-37 -1.847148e-38 -2.426916e-40 4.449797e-41 5.988023e-42 5.088260e-43 3.518198e-44 2.117492e-45 1.140065e-46 5.565938e-48 2.078991e-49 2.127134e-51 3.324234e-54 9.310696e-58 6.014286e-62 1.057451e-66 4.962837e-72 0.000000e+00
0.000000e+00 2.204083e-70 3.323180e-65 1.601464e-60 2.215499e-56 7.225397e-53 4.265001e-50 3.861000e-48 9.592311e-47 1.816693e-45 3.081430e-44 4.551655e-43 5.473632e-42 4.160052e-41 -2.311131e-40 -1.803987e-38 -4.757799e-37 -9.438936e-36 -1.587571e-34 -2.359142e-33 -3.154862e-32 -3.831074e-31 -4.241971e-30 -4.287053e-29 -3.948388e-28 -3.299713e-27 -2.481809e-26 -1.654916e-25 -9.495985e-25 -4.362015e-24 -1.215614e-23 3.235242e-23 8.141264e-22 7.692601e-21 5.428818e-20 3.198887e-19 1.635827e-18 7.384890e-18 2.967810e-17 1.066048e-16 3.428560e-16 9.875924e-16 2.546283e-15 5.868167e-15 1.206102e-14 2.202487e-14 3.548827e-14 4.974458e-14 5.869051e-14 5.295107e-14 2.159279e-14 -4.474633e-14 -1.502031e-13 -2.908001e-13 -4.534832e-13 -6.176645e-13 -7.590473e-13 -8.547920e-13 -8.886636e-13 -8.547920e-13 -7.590473e-13 -6.176645e-13 -4.534832e-13 -2.908001e-13 -1.502031e-13 -4.474633e-14 2.159279e-14 5.295107e-14 5.869051e-14 4.974458e-14 3.548827e-14 2.202487e-14 1.206102e-14 5.868167e-15 2.546283e-15 9.875924e-16 3.428560e-16 1.066048e-16 2.967810e-17 7.384890e-18 1.635827e-18 3.198887e-19 5.428818e-20 7.692601e-21 8.141264e-22 3.235242e-23 -1.215614e-23 -4.362015e-24 -9.495985e-25 -1.654916e-25 -2.481809e-26 -3.299713e-27 -3.948388e-28 -4.287053e-29 -4.241971e-30 -3.831074e-31 -3.154862e-32 -2.359142e-33 -1.587571e-34 -9.438936e-36 -4.757799e-37 -1.803987e-38 -2.311131e-40 4.160052e-41 5.473632e-42 4.551655e-43 3.081430e-44 1.816693e-45 9.592311e-47 3.861000e-48 4.265001e-50 7.225397e-53 2.215499e-56 1.601464e-60 3.323180e-65 2.204083e-70 0.000000e+00
0.000000e+00 6.844108e-69 8.705541e-64 3.743467e-59 4.728194e-55 1.422332e-51 7.772498e-49 6.510671e-47 1.492666e-45 2.581726e-44 3.893529e-43 4.783172e-42 3.718186e-41 -2.095688e-40 -1.680414e-38 -4.536729e-37 -9.215060e-36 -1.587571e-34 -2.417661e-33 -3.315084e-32 -4.129992e-31 -4.694174e-30 -4.872644e-29 -4.611998e-28 -3.963196e-27 -3.066490e-26 -2.104145e-25 -1.242138e-24 -5.858562e-24 -1.653117e-23 5.068533e-23 1.246248e-21 1.209866e-20 8.819642e-20 5.379268e-19 2.850622e-18 1.334495e-17 5.562852e-17 2.072250e-16 6.906060e-16 2.057907e-15 5.472934e-15 1.294814e-14 2.710965e-14 4.978787e-14 7.886113e-14 1.036993e-13 1.010536e-13 3.428071e-14 -1.417531e-13 -4.699372e-13 -9.769240e-13 -1.660269e-12 -2.481179e-12 -3.365729e-12 -4.214937e-12 -4.921567e-12 -5.389867e-12 -5.553811e-12 -5.389867e-12 -4.921567e-12 -4.214937e-12 -3.365729e-12 -2.481179e-12 -1.660269e-12 -9.769240e-13 -4.699372e-13 -1.417531e-13 3.428071e-14 1.010536e-13 1.036993e-13 7.886113e-14 4.978787e-14 2.710965e-14 1.294814e-14 5.472934e-15 2.057907e-15 6.906060e-16 2.072250e-16 5.562852e-17 1.334495e-17 2.850622e-18 5.379268e-19 8.819642e-20 1.209866e-20 1.246248e-21 5.068533e-23 -1.653117e-23 -5.858562e-24 -1.242138e-24 -2.104145e-25 -3.066490e-26 -3.963196e-27 -4.611998e-28 -4.872644e-29 -4.694174e-30 -4.129992e-31 -3.315084e-32 -2.417661e-33 -1.587571e-34 -9.215060e-36 -4.536729e-37 -1.680414e-38 -2.095688e-40 3.718186e-41 4.783172e-42 3.893529e-43 2.581726e-44 1.492666e-45 6.510671e-47 7.772498e-49 1.422332e-51 4.728194e-55 3.743467e-59 8.705541e-64 6.844108e-69 0.000000e+00
0.000000e+00 1.762636e-67 1.997558e-62 7.838390e-58 9.131929e-54 2.543814e-50 1.285990e-47 9.911088e-46 2.070508e-44 3.184392e-43 3.995277e-42 3.176794e-41 -1.809194e-40 -1.492846e-38 -4.124705e-37 -8.574557e-36 -1.512410e-34 -2.359142e-33 -3.315084e-32 -4.234684e-31 -4.937889e-30 -5.261385e-29 -5.114704e-28 -4.516550e-27 -3.592861e-26 -2.535438e-25 -1.539160e-24 -7.453424e-24 -2.133497e-23 7.362956e-23 1.791814e-21 1.788121e-20 1.345836e-19 8.490177e-19 4.658331e-18 2.259298e-17 9.759564e-17 3.766802e-16 1.299633e-15 4.002778e-15 1.097025e-14 2.661167e-14 5.663808e-14 1.041074e-13 1.599224e-13 1.879061e-13 1.094631e-13 -2.026865e-13 -9.125361e-13 -2.188018e-12 -4.154262e-12 -6.846645e-12 -1.017857e-11 -1.393448e-11 -1.779107e-11 -2.136217e-11 -2.425764e-11 -2.614456e-11 -2.679970e-11 -2.614456e-11 -2.425764e-11 -2.136217e-11 -1.779107e-11 -1.393448e-11 -1.017857e-11 -6.846645e-12 -4.154262e-12 -2.188018e-12 -9.125361e-13 -2.026865e-13 1.094631e-13 1.879061e-13 1.599224e-13 1.041074e-13 5.663808e-14 2.661167e-14 1.097025e-14 4.002778e-15 1.299633e-15 3.766802e-16 9.759564e-17 2.259298e-17 4.658331e-18 8.490177e-19 1.345836e-19 1.788121e-20 1.791814e-21 7.362956e-23 -2.133497e-23 -7.453424e-24 -1.539160e-24 -2.535438e-25 -3.592861e-26 -4.516550e-27 -5.114704e-28 -5.261385e-29 -4.937889e-30 -4.234684e-31 -3.315084e-32 -2.359142e-33 -1.512410e-34 -8.574557e-36 -4.124705e-37 -1.492846e-38 -1.809194e-40 3.176794e-41 3.995277e-42 3.184392e-43 2.070508e-44 9.911088e-46 1.285990e-47 2.543814e-50 9.131929e-54 7.838390e-58 1.997558e-62 1.762636e-67 0.000000e+00
0.000000e+00 3.967180e-66 4.100542e-61 1.484148e-56 1.601693e-52 4.130148e-49 1.921384e-46 1.345054e-44 2.491804e-43 3.189279e-42 2.594207e-41 -1.486566e-40 -1.264649e-38 -3.575272e-37 -7.603748e-36 -1.372516e-34 -2.191885e-33 -3.154862e-32 -4.129992e-31 -4.937889e-30 -5.397681e-29 -5.386068e-28 -4.884658e-27 -3.992601e-26 -2.896120e-25 -1.807211e-24 -8.985269e-24 -2.614654e-23 9.954932e-23 2.421841e-21 2.485410e-20 1.930566e-19 1.258803e-18 7.145242e-18 3.587187e-17 1.604400e-16 6.410450e-16 2.287984e-15 7.278115e-15 2.054082e-14 5.104385e-14 1.102403e-13 2.018441e-13 2.956488e-13 2.832269e-13 -7.251675e-14 -1.165727e-12 -3.522398e-12 -7.708510e-12 -1.418923e-11 -2.318074e-11 -3.454091e-11 -4.773118e-11 -6.185869e-11 -7.578573e-11 -8.828030e-11 -9.817809e-11 -1.045303e-10 -1.067191e-10 -1.045303e-10 -9.817809e-11 -8.828030e-11 -7.578573e-11 -6.185869e-11 -4.773118e-11 -3.454091e-11 -2.318074e-11 -1.418923e-11 -7.708510e-12 -3.522398e-12 -1.165727e-12 -7.251675e-14 2.832269e-13 2.956488e-13 2.018441e-13 1.102403e-13 5.104385e-14 2.054082e-14 7.278115e-15 2.287984e-15 6.410450e-16 1.604400e-16 3.587187e-17 7.145242e-18 1.258803e-18 1.930566e-19 2.485410e-20 2.421841e-21 9.954932e-23 -2.614654e-23 -8.985269e-24 -1.807211e-24 -2.896120e-25 -3.992601e-26 -4.884658e-27 -5.386068e-28 -5.397681e-29 -4.937889e-30 -4.129992e-31 -3.154862e-32 -2.191885e-33 -1.372516e-34 -7.603748e-36 -3.575272e-37 -1.264649e-38 -1.486566e-40 2.594207e-41 3.189279e-42 2.491804e-43 1.345054e-44 1.921384e-46 4.130148e-49 1.601693e-52 1.484148e-56 4.100542e-61 3.967180e-66 0.000000e+00
0.000000e+00 7.977419e-65 7.605264e-60 2.550688e-55 2.549907e-51 6.057542e-48 2.561955e-45 1.585085e-43 2.434878e-42 2.024387e-41 -1.162161e-40 -1.021403e-38 -2.954067e-37 -6.425192e-36 -1.186392e-34 -1.938869e-33 -2.857105e-32 -3.831074e-31 -4.694174e-30 -5.261385e-29 -5.386068e-28 -5.013854e-27 -4.208706e-26 -3.136491e-25 -2.011129e-24 -1.026672e-23 -3.044212e-23 1.255890e-22 3.079450e-21 3.251063e-20 2.605105e-19 1.754551e-18 1.029547e-17 5.346087e-17 2.473750e-16 1.022444e-15 3.772444e-15 1.238662e-14 3.598003e-14 9.153424e-14 2.003358e-13 3.636945e-13 4.969833e-13 3.102773e-13 -8.393842e-13 -4.047497e-12 -1.081516e-11 -2.280503e-11 -4.144650e-11 -6.751523e-11 -1.008247e-10 -1.401204e-10 -1.831912e-10 -2.271491e-10 -2.687964e-10 -3.049987e-10 -3.330070e-10 -3.507012e-10 -3.567502e-10 -3.507012e-10 -3.330070e-10 -3.049987e-10 -2.687964e-10 -2.271491e-10 -1.831912e-10 -1.401204e-10 -1.008247e-10 -6.751523e-11 -4.144650e-11 -2.280503e-11 -1.081516e-11 -4.047497e-12 -8.393842e-13 3.102773e-13 4.969833e-13 3.636945e-13 2.003358e-13 9.153424e-14 3.598003e-14 1.238662e-14 3.772444e-15 1.022444e-15 2.473750e-16 5.346087e-17 1.029547e-17 1.754551e-18 2.605105e-19 3.251063e-20 3.079450e-21 1.255890e-22 -3.044212e-23 -1.026672e-23 -2.011129e-24 -3.136491e-25 -4.208706e-26 -5.013854e-27 -5.386068e-28 -5.261385e-29 -4.694174e-30 -3.831074e-31 -2.857105e-32 -1.938869e-33 -1.186392e-34 -6.425192e-36 -2.954067e-37 -1.021403e-38 -1.162161e-40 2.024387e-41 2.434878e-42 1.585085e-43 2.561955e-45 6.057542e-48 2.549907e-51 2.550688e-55 7.605264e-60 7.977419e-65 0.000000e+00
0.000000e+00 1.448061e-63 1.279595e-58 3.978007e-54 3.668006e-50 7.937986e-47 2.974782e-44 1.521702e-42 1.511113e-41 -8.640076e-41 -7.862978e-39 -2.326114e-37 -5.172520e-36 -9.766242e-35 -1.632614e-33 -2.461956e-32 -3.379832e-31 -4.241971e-30 -4.872644e-29 -5.114704e-28 -4.884658e-27 -4.208706e-26 -3.220931e-25 -2.121485e-24 -1.112090e-23 -3.368438e-23 1.480979e-22 3.685660e-21 4.004110e-20 3.308683e-19 2.300407e-18 1.394467e-17 7.484088e-17 3.580229e-16 1.529721e-15 5.831204e-15 1.975352e-14 5.903468e-14 1.537012e-13 3.406022e-13 6.104845e-13 7.558848e-13 7.831670e-14 -3.000724e-12 -1.123375e-11 -2.846511e-11 -5.900145e-11 -1.065551e-10 -1.731362e-10 -2.582998e-10 -3.589799e-10 -4.699064e-10 -5.844076e-10 -6.953371e-10 -7.958945e-10 -8.802119e-10 -9.436743e-10 -9.830265e-10 -9.963538e-10 -9.830265e-10 -9.436743e-10 -8.802119e-10 -7.958945e-10 -6.953371e-10 -5.844076e-10 -4.699064e-10 -3.589799e-10 -2.582998e-10 -1.731362e-10 -1.065551e-10 -5.900145e-11 -2.846511e-11 -1.123375e-11 -3.000724e-12 7.831670e-14 7.558848e-13 6.104845e-13 3.406022e-13 1.537012e-13 5.903468e-14 1.975352e-14 5.831204e-15 1.529721e-15 3.580229e-16 7.484088e-17 1.394467e-17 2.300407e-18 3.308683e-19 4.004110e-20 3.685660e-21 1.480979e-22 -3.368438e-23 -1.112090e-23 -2.121485e-24 -3.220931e-25 -4.208706e-26 -4.884658e-27 -5.114704e-28 -4.872644e-29 -4.241971e-30 -3.379832e-31 -2.461956e-32 -1.632614e-33 -9.766242e-35 -5.172520e-36 -2.326114e-37 -7.862978e-39 -8.640076e-41 1.511113e-41 1.521702e-42 2.974782e-44 7.937986e-47 3.668006e-50 3.978007e-54 1.279595e-58 1.448061e-63 0.000000e+00
0.000000e+00 2.383019e-62 1.953110e-57 5.606581e-53 4.719026e-49 9.085762e-46 2.837733e-43 9.449817e-42 -6.099951e-41 -5.767712e-39 -1.745099e-37 -3.966122e-36 -7.654482e-35 -1.308378e-33 -2.018201e-32 -2.835347e-31 -3.643444e-30 -4.287053e-29 -4.611998e-28 -4.516550e-27 -3.992601e-26 -3.136491e-25 -2.121485e-24 -1.142099e-23 -3.543066e-23 1.634265e-22 4.153820e-21 4.645294e-20 3.956986e-19 2.838482e-18 1.776397e-17 9.847518e-17 4.867115e-16 2.148488e-15 8.457146e-15 2.954665e-14 9.083268e-14 2.420113e-13 5.428015e-13 9.570183e-13 1.030901e-12 -7.632490e-13 -7.955387e-12 -2.683868e-11 -6.631924e-11 -1.363273e-10 -2.450851e-10 -3.963371e-10 -5.877273e-10 -8.108899e-10 -1.053054e-09 -1.299463e-09 -1.535775e-09 -1.749855e-09 -1.932670e-09 -2.078356e-09 -2.183670e-09 -2.247162e-09 -2.268356e-09 -2.247162e-09 -2.183670e-09 -2.078356e-09 -1.932670e-09 -1.749855e-09 -1.535775e-09 -1.299463e-09 -1.053054e-09 -8.108899e-10 -5.877273e-10 -3.963371e-10 -2.450851e-10 -1.363273e-10 -6.631924e-11 -2.683868e-11 -7.955387e-12 -7.632490e-13 1.030901e-12 9.570183e-13 5.428015e-13 2.420113e-13 9.083268e-14 2.954665e-14 8.457146e-15 2.148488e-15 4.867115e-16 9.847518e-17 1.776397e-17 2.838482e-18 3.956986e-19 4.645294e-20 4.153820e-21 1.634265e-22 -3.543066e-23 -1.142099e-23 -2.121485e-24 -3.136491e-25 -3.992601e-26 -4.516550e-27 -4.611998e-28 -4.287053e-29 -3.643444e-30 -2.835347e-31 -2.018201e-32 -1.308378e-33 -7.654482e-35 -3.966122e-36 -1.745099e-37 -5.767712e-39 -6.099951e-41 9.449817e-42 2.837733e-43 9.085762e-46 4.719026e-49 5.606581e-53 1.953110e-57 2.383019e-62 0.000000e+00
0.000000e+00 3.556324e-61 2.694165e-56 7.072995e-52 5.317093e-48 8.618158e-45 1.823456e-42 -2.977063e-41 -4.031846e-39 -1.246927e-37 -2.895621e-36 -5.710412e-35 -9.976599e-34 -1.573524e-32 -2.261308e-31 -2.973786e-30 -3.582715e-29 -3.948388e-28 -3.963196e-27 -3.592861e-26 -2.896120e-25 -2.011129e-24 -1.112090e-23 -3.543066e-23 1.688692e-22 4.409461e-21 5.077726e-20 4.457524e-19 3.297408e-18 2.129257e-17 1.218463e-16 6.218396e-16 2.834474e-15 1.151663e-14 4.148537e-14 1.311853e-13 3.577654e-13 8.123160e-13 1.404964e-12 1.239733e-12 -2.734480e-12 -1.774530e-11 -5.696168e-11 -1.391830e-10 -2.849553e-10 -5.097578e-10 -8.173632e-10 -1.196780e-09 -1.624071e-09 -2.067905e-09 -2.496488e-09 -2.883512e-09 -3.211691e-09 -3.473599e-09 -3.670282e-09 -3.808546e-09 -3.897787e-09 -3.947045e-09 -3.962701e-09 -3.947045e-09 -3.897787e-09 -3.808546e-09 -3.670282e-09 -3.473599e-09 -3.211691e-09 -2.883512e-09 -2.496488e-09 -2.067905e-09 -1.624071e-09 -1.196780e-09 -8.173632e-10 -5.097578e-10 -2.849553e-10 -1.391830e-10 -5.696168e-11 -1.774530e-11 -2.734480e-12 1.239733e-12 1.404964e-12 8.123160e-13 3.577654e-13 1.311853e-13 4.148537e-14 1.151663e-14 2.834474e-15 6.218396e-16 1.218463e-16 2.129257e-17 3.297408e-18 4.457524e-19 5.077726e-20 4.409461e-21 1.688692e-22 -3.543066e-23 -1.112090e-23 -2.011129e-24 -2.896120e-25 -3.592861e-26 -3.963196e-27 -3.948388e-28 -3.582715e-29 -2.973786e-30 -2.261308e-31 -1.573524e-32 -9.976599e-34 -5.710412e-35 -2.895621e-36 -1.246927e-37 -4.031846e-39 -2.977063e-41 1.823456e-42 8.618158e-45 5.317093e-48 7.072995e-52 2.694165e-56 3.556324e-61 0.000000e+00
