0.000000e+00 9.118983e-94 2.064701e-88 1.087285e-83 1.523175e-79 4.903817e-76 2.839272e-73 2.532157e-71 6.277391e-70 1.210622e-68 2.160258e-67 3.555183e-66 5.366169e-65 7.350901e-64 8.954231e-63 9.272094e-62 7.147249e-61 1.438210e-60 -8.567233e-59 -2.271556e-57 -3.971767e-56 -5.722362e-55 -7.230593e-54 -8.223523e-53 -8.527508e-52 -8.118281e-51 -7.121687e-50 -5.766491e-49 -4.310861e-48 -2.972571e-47 -1.886608e-46 -1.098091e-45 -5.827993e-45 -2.794733e-44 -1.191994e-43 -4.386145e-43 -1.293848e-42 -2.302018e-42 4.252454e-42 6.722873e-41 4.138254e-40 1.919720e-39 7.498514e-39 2.566685e-38 7.847209e-38 2.166216e-37 5.437164e-37 1.247193e-36 2.625140e-36 5.088088e-36 9.110080e-36 1.511243e-35 2.329032e-35 3.342920e-35 4.478627e-35 5.611124e-35 6.584127e-35 7.243881e-35 7.477609e-35 7.243881e-35 6.584127e-35 5.611124e-35 4.478627e-35 3.342920e-35 2.329032e-35 1.511243e-35 9.110080e-36 5.088088e-36 2.625140e-36 1.247193e-36 5.437164e-37 2.166216e-37 7.847209e-38 2.566685e-38 7.498514e-39 1.919720e-39 4.138254e-40 6.722873e-41 4.252454e-42 -2.302018e-42 -1.293848e-42 -4.386145e-43 -1.191994e-43 -2.794733e-44 -5.827993e-45 -1.098091e-45 -1.886608e-46 -2.972571e-47 -4.310861e-48 -5.766491e-49 -7.121687e-50 -8.118281e-51 -8.527508e-52 -8.223523e-53 -7.230593e-54 -5.722362e-55 -3.971767e-56 -2.271556e-57 -8.567233e-59 1.438210e-60 7.147249e-61 9.272094e-62 8.954231e-63 7.350901e-64 5.366169e-65 3.555183e-66 2.160258e-67 1.210622e-68 6.277391e-70 2.532157e-71 2.839272e-73 4.903817e-76 1.523175e-79 1.087285e-83 2.064701e-88 9.118983e-94 0.000000e+00
0.000000e+00 3.208993e-88 4.426090e-83 1.916001e-78 2.376517e-74 6.976201e-71 3.734544e-68 3.102657e-66 7.206758e-65 1.304548e-63 2.179285e-62 3.337306e-61 4.632682e-60 5.702745e-59 5.924530e-58 4.456590e-57 4.065534e-57 -6.878679e-55 -1.747127e-53 -3.060273e-52 -4.463348e-51 -5.733607e-50 -6.644838e-49 -7.031744e-48 -6.838748e-47 -6.133554e-46 -5.080666e-45 -3.887230e-44 -2.743949e-43 -1.782686e-42 -1.061648e-41 -5.758350e-41 -2.814875e-40 -1.217268e-39 -4.483525e-39 -1.272471e-38 -1.661961e-38 1.019494e-37 1.068570e-36 6.302489e-36 2.935648e-35 1.169563e-34 4.113519e-34 1.297698e-33 3.706329e-33 9.642904e-33 2.295952e-32 5.021745e-32 1.012396e-31 1.887224e-31 3.262795e-31 5.246998e-31 7.870109e-31 1.103832e-30 1.450990e-30 1.791065e-30 2.079347e-30 2.273065e-30 2.341384e-30 2.273065e-30 2.079347e-30 1.791065e-30 1.450990e-30 1.103832e-30 7.870109e-31 5.246998e-31 3.262795e-31 1.887224e-31 1.012396e-31 5.021745e-32 2.295952e-32 9.642904e-33 3.706329e-33 1.297698e-33 4.113519e-34 1.169563e-34 2.935648e-35 6.302489e-36 1.068570e-36 1.019494e-37 -1.661961e-38 -1.272471e-38 -4.483525e-39 -1.217268e-39 -2.814875e-40 -5.758350e-41 -1.061648e-41 -1.782686e-42 -2.743949e-43 -3.887230e-44 -5.080666e-45 -6.133554e-46 -6.838748e-47 -7.031744e-48 -6.644838e-49 -5.733607e-50 -4.463348e-51 -3.060273e-52 -1.747127e-53 -6.878679e-55 4.065534e-57 4.456590e-57 5.924530e-58 5.702745e-59 4.632682e-60 3.337306e-61 2.179285e-62 1.304548e-63 7.206758e-65 3.102657e-66 3.734544e-68 6.976201e-71 2.376517e-74 1.916001e-78 4.426090e-83 3.208993e-88 0.000000e+00
0.000000e+00 2.809999e-83 3.185439e-78 1.220735e-73 1.380429e-69 3.745944e-66 1.866313e-63 1.447842e-61 3.149017e-60 5.331932e-59 8.277619e-58 1.163280e-56 1.445143e-55 1.502438e-54 1.092664e-53 -5.805792e-54 -2.175438e-51 -5.333407e-50 -9.362483e-49 -1.381627e-47 -1.803058e-46 -2.127517e-45 -2.295453e-44 -2.278386e-43 -2.087013e-42 -1.766556e-41 -1.381629e-40 -9.970742e-40 -6.621394e-39 -4.028036e-38 -2.228452e-37 -1.107678e-36 -4.838313e-36 -1.770443e-35 -4.710596e-35 -2.570401e-35 7.312086e-34 6.354420e-33 3.659129e-32 1.718056e-31 6.982902e-31 2.520490e-30 8.188290e-30 2.413532e-29 6.489823e-29 1.598584e-28 3.619800e-28 7.559267e-28 1.460408e-27 2.618229e-27 4.369270e-27 6.807366e-27 9.930367e-27 1.359971e-26 1.752743e-26 2.130257e-26 2.445687e-26 2.655599e-26 2.729267e-26 2.655599e-26 2.445687e-26 2.130257e-26 1.752743e-26 1.359971e-26 9.930367e-27 6.807366e-27 4.369270e-27 2.618229e-27 1.460408e-27 7.559267e-28 3.619800e-28 1.598584e-28 6.489823e-29 2.413532e-29 8.188290e-30 2.520490e-30 6.982902e-31 1.718056e-31 3.659129e-32 6.354420e-33 7.312086e-34 -2.570401e-35 -4.710596e-35 -1.770443e-35 -4.838313e-36 -1.107678e-36 -2.228452e-37 -4.028036e-38 -6.621394e-39 -9.970742e-40 -1.381629e-40 -1.766556e-41 -2.087013e-42 -2.278386e-43 -2.295453e-44 -2.127517e-45 -1.803058e-46 -1.381627e-47 -9.362483e-49 -5.333407e-50 -2.175438e-51 -5.805792e-54 1.092664e-53 1.502438e-54 1.445143e-55 1.163280e-56 8.277619e-58 5.331932e-59 3.149017e-60 1.447842e-61 1.866313e-63 3.745944e-66 1.380429e-69 1.220735e-73 3.185439e-78 2.809999e-83 0.000000e+00
0.000000e+00 7.154258e-79 7.179857e-74 2.508452e-69 2.622121e-65 6.621372e-62 3.077516e-59 2.227301e-57 4.518160e-56 7.099342e-55 1.009029e-53 1.263195e-52 1.310401e-51 9.101196e-51 -2.247848e-50 -2.354181e-48 -5.604565e-47 -9.863108e-46 -1.471984e-44 -1.950128e-43 -2.340865e-42 -2.572758e-41 -2.603673e-40 -2.433329e-39 -2.102419e-38 -1.678852e-37 -1.237044e-36 -8.384995e-36 -5.201911e-35 -2.929457e-34 -1.476616e-33 -6.486453e-33 -2.335211e-32 -5.581439e-32 4.275899e-32 1.585381e-30 1.241362e-29 7.057091e-29 3.347493e-28 1.387552e-27 5.132495e-27 1.713489e-26 5.199098e-26 1.440624e-25 3.658992e-25 8.545845e-25 1.840976e-24 3.669064e-24 6.786128e-24 1.168497e-23 1.879183e-23 2.831611e-23 4.010180e-23 5.353299e-23 6.753861e-23 8.071422e-23 9.154349e-23 9.867031e-23 1.011574e-22 9.867031e-23 9.154349e-23 8.071422e-23 6.753861e-23 5.353299e-23 4.010180e-23 2.831611e-23 1.879183e-23 1.168497e-23 6.786128e-24 3.669064e-24 1.840976e-24 8.545845e-25 3.658992e-25 1.440624e-25 5.199098e-26 1.713489e-26 5.132495e-27 1.387552e-27 3.347493e-28 7.057091e-29 1.241362e-29 1.585381e-30 4.275899e-32 -5.581439e-32 -2.335211e-32 -6.486453e-33 -1.476616e-33 -2.929457e-34 -5.201911e-35 -8.384995e-36 -1.237044e-36 -1.678852e-37 -2.102419e-38 -2.433329e-39 -2.603673e-40 -2.572758e-41 -2.340865e-42 -1.950128e-43 -1.471984e-44 -9.863108e-46 -5.604565e-47 -2.354181e-48 -2.247848e-50 9.101196e-51 1.310401e-51 1.263195e-52 1.009029e-53 7.099342e-55 4.518160e-56 2.227301e-57 3.077516e-59 6.621372e-62 2.622121e-65 2.508452e-69 7.179857e-74 7.154258e-79 0.000000e+00
0.000000e+00 4.711896e-75 4.311279e-70 1.392369e-65 1.354396e-61 3.190214e-58 1.381884e-55 9.288246e-54 1.741850e-52 2.499093e-51 3.147765e-50 3.247258e-49 2.118038e-48 -1.092153e-47 -7.216248e-46 -1.676347e-44 -2.958222e-43 -4.462778e-42 -5.997992e-41 -7.318496e-40 -8.186408e-39 -8.439226e-38 -8.038922e-37 -7.082134e-36 -5.767376e-35 -4.333401e-34 -2.993731e-33 -1.890831e-32 -1.081609e-31 -5.512224e-31 -2.422627e-30 -8.468970e-30 -1.677607e-29 5.642232e-29 9.032968e-28 6.637706e-27 3.751327e-26 1.799799e-25 7.602870e-25 2.877378e-24 9.850689e-24 3.068950e-23 8.737291e-23 2.280583e-22 5.473257e-22 1.211121e-21 2.478097e-21 4.702819e-21 8.304400e-21 1.369108e-20 2.114750e-20 3.071093e-20 4.207580e-20 5.456345e-20 6.717637e-20 7.872979e-20 8.803083e-20 9.406549e-20 9.615629e-20 9.406549e-20 8.803083e-20 7.872979e-20 6.717637e-20 5.456345e-20 4.207580e-20 3.071093e-20 2.114750e-20 1.369108e-20 8.304400e-21 4.702819e-21 2.478097e-21 1.211121e-21 5.473257e-22 2.280583e-22 8.737291e-23 3.068950e-23 9.850689e-24 2.877378e-24 7.602870e-25 1.799799e-25 3.751327e-26 6.637706e-27 9.032968e-28 5.642232e-29 -1.677607e-29 -8.468970e-30 -2.422627e-30 -5.512224e-31 -1.081609e-31 -1.890831e-32 -2.993731e-33 -4.333401e-34 -5.767376e-35 -7.082134e-36 -8.038922e-37 -8.439226e-38 -8.186408e-39 -7.318496e-40 -5.997992e-41 -4.462778e-42 -2.958222e-43 -1.676347e-44 -7.216248e-46 -1.092153e-47 2.118038e-48 3.247258e-49 3.147765e-50 2.499093e-51 1.741850e-52 9.288246e-54 1.381884e-55 3.190214e-58 1.354396e-61 1.392369e-65 4.311279e-70 4.711896e-75 0.000000e+00
0.000000e+00 6.430379e-72 5.439240e-67 1.634751e-62 1.483324e-58 3.255924e-55 1.308344e-52 8.087586e-51 1.377163e-49 1.740909e-48 1.779258e-47 1.064930e-46 -9.607413e-46 -4.880391e-44 -1.110980e-42 -1.966590e-41 -2.997875e-40 -4.085017e-39 -5.062934e-38 -5.759421e-37 -6.042781e-36 -5.861525e-35 -5.260043e-34 -4.363642e-33 -3.339260e-32 -2.348004e-31 -1.507301e-30 -8.739419e-30 -4.488875e-29 -1.961995e-28 -6.539755e-28 -8.869475e-28 9.107316e-27 1.077241e-25 7.604327e-25 4.292333e-24 2.084284e-23 8.965515e-23 3.466176e-22 1.214333e-21 3.874890e-21 1.130213e-20 3.021699e-20 7.423505e-20 1.679969e-19 3.511249e-19 6.797231e-19 1.222584e-18 2.050159e-18 3.216965e-18 4.741541e-18 6.590515e-18 8.673094e-18 1.084903e-17 1.294817e-17 1.479572e-17 1.623597e-17 1.714945e-17 1.746224e-17 1.714945e-17 1.623597e-17 1.479572e-17 1.294817e-17 1.084903e-17 8.673094e-18 6.590515e-18 4.741541e-18 3.216965e-18 2.050159e-18 1.222584e-18 6.797231e-19 3.511249e-19 1.679969e-19 7.423505e-20 3.021699e-20 1.130213e-20 3.874890e-21 1.214333e-21 3.466176e-22 8.965515e-23 2.084284e-23 4.292333e-24 7.604327e-25 1.077241e-25 9.107316e-27 -8.869475e-28 -6.539755e-28 -1.961995e-28 -4.488875e-29 -8.739419e-30 -1.507301e-30 -2.348004e-31 -3.339260e-32 -4.363642e-33 -5.260043e-34 -5.861525e-35 -6.042781e-36 -5.759421e-37 -5.062934e-38 -4.085017e-39 -2.997875e-40 -1.966590e-41 -1.110980e-42 -4.880391e-44 -9.607413e-46 1.064930e-46 1.779258e-47 1.740909e-48 1.377163e-49 8.087586e-51 1.308344e-52 3.255924e-55 1.483324e-58 1.634751e-62 5.439240e-67 6.430379e-72 0.000000e+00
0.000000e+00 1.413132e-69 1.112773e-64 3.120817e-60 2.639849e-56 5.377023e-53 1.985327e-50 1.107088e-48 1.645715e-47 1.660642e-46 8.885645e-46 -1.294430e-44 -5.575669e-43 -1.250645e-41 -2.223513e-40 -3.426145e-39 -4.733163e-38 -5.957469e-37 -6.889802e-36 -7.354355e-35 -7.261079e-34 -6.633945e-33 -5.603126e-32 -4.364180e-31 -3.120977e-30 -2.034467e-29 -1.194102e-28 -6.168158e-28 -2.667560e-27 -8.299434e-27 -3.531503e-27 2.053996e-25 2.089199e-24 1.441117e-23 8.162826e-23 4.017326e-22 1.759722e-21 6.945191e-21 2.487045e-20 8.115613e-20 2.420355e-19 6.612126e-19 1.657968e-18 3.823428e-18 8.126775e-18 1.596036e-17 2.904324e-17 4.912425e-17 7.750180e-17 1.144841e-16 1.589940e-16 2.085155e-16 2.594689e-16 3.079222e-16 3.503931e-16 3.844428e-16 4.088536e-16 4.233674e-16 4.281634e-16 4.233674e-16 4.088536e-16 3.844428e-16 3.503931e-16 3.079222e-16 2.594689e-16 2.085155e-16 1.589940e-16 1.144841e-16 7.750180e-17 4.912425e-17 2.904324e-17 1.596036e-17 8.126775e-18 3.823428e-18 1.657968e-18 6.612126e-19 2.420355e-19 8.115613e-20 2.487045e-20 6.945191e-21 1.759722e-21 4.017326e-22 8.162826e-23 1.441117e-23 2.089199e-24 2.053996e-25 -3.531503e-27 -8.299434e-27 -2.667560e-27 -6.168158e-28 -1.194102e-28 -2.034467e-29 -3.120977e-30 -4.364180e-31 -5.603126e-32 -6.633945e-33 -7.261079e-34 -7.354355e-35 -6.889802e-36 -5.957469e-37 -4.733163e-38 -3.426145e-39 -2.223513e-40 -1.250645e-41 -5.575669e-43 -1.294430e-44 8.885645e-46 1.660642e-46 1.645715e-47 1.107088e-48 1.985327e-50 5.377023e-53 2.639849e-56 3.120817e-60 1.112773e-64 1.413132e-69 0.000000e+00
0.000000e+00 5.610061e-68 4.130979e-63 1.082512e-58 8.519266e-55 1.599330e-51 5.340195e-49 2.587253e-47 3.032238e-46 1.482529e-45 -2.957465e-44 -1.184109e-42 -2.654686e-41 -4.770244e-40 -7.458542e-39 -1.047636e-37 -1.342322e-36 -1.581609e-35 -1.721079e-34 -1.733083e-33 -1.615434e-32 -1.392244e-31 -1.106444e-30 -8.070224e-30 -5.360179e-29 -3.198538e-28 -1.671434e-27 -7.216018e-27 -2.121064e-26 1.110222e-26 7.730220e-25 7.440505e-24 5.136217e-23 2.952979e-22 1.483670e-21 6.653847e-21 2.692801e-20 9.894901e-20 3.313748e-19 1.013886e-18 2.839142e-18 7.287103e-18 1.716786e-17 3.718348e-17 7.417150e-17 1.365459e-16 2.325400e-16 3.673006e-16 5.395924e-16 7.394791e-16 9.484240e-16 1.142566e-15 1.298653e-15 1.400818e-15 1.445702e-15 1.443751e-15 1.415854e-15 1.386223e-15 1.373940e-15 1.386223e-15 1.415854e-15 1.443751e-15 1.445702e-15 1.400818e-15 1.298653e-15 1.142566e-15 9.484240e-16 7.394791e-16 5.395924e-16 3.673006e-16 2.325400e-16 1.365459e-16 7.417150e-17 3.718348e-17 1.716786e-17 7.287103e-18 2.839142e-18 1.013886e-18 3.313748e-19 9.894901e-20 2.692801e-20 6.653847e-21 1.483670e-21 2.952979e-22 5.136217e-23 7.440505e-24 7.730220e-25 1.110222e-26 -2.121064e-26 -7.216018e-27 -1.671434e-27 -3.198538e-28 -5.360179e-29 -8.070224e-30 -1.106444e-30 -1.392244e-31 -1.615434e-32 -1.733083e-33 -1.721079e-34 -1.581609e-35 -1.342322e-36 -1.047636e-37 -7.458542e-39 -4.770244e-40 -2.654686e-41 -1.184109e-42 -2.957465e-44 1.482529e-45 3.032238e-46 2.587253e-47 5.340195e-49 1.599330e-51 8.519266e-55 1.082512e-58 4.130979e-63 5.610061e-68 0.000000e+00
0.000000e+00 1.119016e-66 7.728403e-62 1.892551e-57 1.380355e-53 2.361216e-50 6.919768e-48 2.656531e-46 1.503247e-45 -3.170231e-44 -1.281937e-42 -2.926956e-41 -5.365366e-40 -8.565210e-39 -1.229112e-37 -1.609795e-36 -1.939841e-35 -2.159896e-34 -2.226499e-33 -2.125509e-32 -1.876929e-31 -1.528933e-30 -1.143408e-29 -7.787708e-29 -4.764302e-28 -2.549648e-27 -1.122982e-26 -3.304741e-26 2.950857e-26 1.408920e-24 1.370891e-23 9.698457e-23 5.737797e-22 2.972216e-21 1.375787e-20 5.750417e-20 2.183014e-19 7.552775e-19 2.386465e-18 6.895873e-18 1.824043e-17 4.420367e-17 9.822639e-17 2.003318e-16 3.753745e-16 6.468618e-16 1.025997e-15 1.498324e-15 2.013265e-15 2.483071e-15 2.795792e-15 2.842026e-15 2.549071e-15 1.911583e-15 1.007094e-15 -1.142260e-17 -9.465280e-16 -1.603409e-15 -1.839741e-15 -1.603409e-15 -9.465280e-16 -1.142260e-17 1.007094e-15 1.911583e-15 2.549071e-15 2.842026e-15 2.795792e-15 2.483071e-15 2.013265e-15 1.498324e-15 1.025997e-15 6.468618e-16 3.753745e-16 2.003318e-16 9.822639e-17 4.420367e-17 1.824043e-17 6.895873e-18 2.386465e-18 7.552775e-19 2.183014e-19 5.750417e-20 1.375787e-20 2.972216e-21 5.737797e-22 9.698457e-23 1.370891e-23 1.408920e-24 2.950857e-26 -3.304741e-26 -1.122982e-26 -2.549648e-27 -4.764302e-28 -7.787708e-29 -1.143408e-29 -1.528933e-30 -1.876929e-31 -2.125509e-32 -2.226499e-33 -2.159896e-34 -1.939841e-35 -1.609795e-36 -1.229112e-37 -8.565210e-39 -5.365366e-40 -2.926956e-41 -1.281937e-42 -3.170231e-44 1.503247e-45 2.656531e-46 6.919768e-48 2.361216e-50 1.380355e-53 1.892551e-57 7.728403e-62 1.119016e-66 0.000000e+00
0.000000e+00 2.032895e-65 1.313845e-60 2.987904e-56 1.992584e-52 3.012099e-49 7.102927e-47 1.358474e-45 -3.170988e-44 -1.308164e-42 -3.048736e-41 -5.706478e-40 -9.305593e-39 -1.364629e-37 -1.827245e-36 -2.252090e-35 -2.565902e-34 -2.707784e-33 -2.647495e-32 -2.395486e-31 -2.000279e-30 -1.533981e-29 -1.071662e-28 -6.724902e-28 -3.689405e-27 -1.661728e-26 -4.934265e-26 5.844638e-26 2.382228e-24 2.359948e-23 1.714721e-22 1.044799e-21 5.581743e-21 2.666895e-20 1.151164e-19 4.514126e-19 1.613136e-18 5.262430e-18 1.568641e-17 4.274441e-17 1.064952e-16 2.425907e-16 5.051671e-16 9.611793e-16 1.669169e-15 2.639229e-15 3.780502e-15 4.854740e-15 5.462401e-15 5.084530e-15 3.187453e-15 -6.270426e-16 -6.465883e-15 -1.403374e-14 -2.261067e-14 -3.113910e-14 -3.840927e-14 -4.330182e-14 -4.502747e-14 -4.330182e-14 -3.840927e-14 -3.113910e-14 -2.261067e-14 -1.403374e-14 -6.465883e-15 -6.270426e-16 3.187453e-15 5.084530e-15 5.462401e-15 4.854740e-15 3.780502e-15 2.639229e-15 1.669169e-15 9.611793e-16 5.051671e-16 2.425907e-16 1.064952e-16 4.274441e-17 1.568641e-17 5.262430e-18 1.613136e-18 4.514126e-19 1.151164e-19 2.666895e-20 5.581743e-21 1.044799e-21 1.714721e-22 2.359948e-23 2.382228e-24 5.844638e-26 -4.934265e-26 -1.661728e-26 -3.689405e-27 -6.724902e-28 -1.071662e-28 -1.533981e-29 -2.000279e-30 -2.395486e-31 -2.647495e-32 -2.707784e-33 -2.565902e-34 -2.252090e-35 -1.827245e-36 -1.364629e-37 -9.305593e-39 -5.706478e-40 -3.048736e-41 -1.308164e-42 -3.170988e-44 1.358474e-45 7.102927e-47 3.012099e-49 1.992584e-52 2.987904e-56 1.313845e-60 2.032895e-65 0.000000e+00
0.000000e+00 3.406446e-64 2.047289e-59 4.267721e-55 2.528997e-51 3.127079e-48 4.073797e-46 -2.424663e-44 -1.282805e-42 -3.048737e-41 -5.824828e-40 -9.699062e-39 -1.452914e-37 -1.988100e-36 -2.505105e-35 -2.919212e-34 -3.152207e-33 -3.155016e-32 -2.923568e-31 -2.501166e-30 -1.965911e-29 -1.408029e-28 -9.058908e-28 -5.093026e-27 -2.345579e-26 -7.033837e-26 1.037085e-25 3.810392e-24 3.847983e-23 2.871125e-22 1.800810e-21 9.915639e-21 4.886555e-20 2.176607e-19 8.809455e-19 3.248950e-18 1.093379e-17 3.359307e-17 9.421784e-17 2.410884e-16 5.622704e-16 1.193327e-15 2.298925e-15 4.002777e-15 6.248620e-15 8.605073e-15 1.007281e-14 8.990581e-15 3.139365e-15 -9.902751e-15 -3.218784e-14 -6.473198e-14 -1.069402e-13 -1.563092e-13 -2.085362e-13 -2.580586e-13 -2.989370e-13 -3.258993e-13 -3.353175e-13 -3.258993e-13 -2.989370e-13 -2.580586e-13 -2.085362e-13 -1.563092e-13 -1.069402e-13 -6.473198e-14 -3.218784e-14 -9.902751e-15 3.139365e-15 8.990581e-15 1.007281e-14 8.605073e-15 6.248620e-15 4.002777e-15 2.298925e-15 1.193327e-15 5.622704e-16 2.410884e-16 9.421784e-17 3.359307e-17 1.093379e-17 3.248950e-18 8.809455e-19 2.176607e-19 4.886555e-20 9.915639e-21 1.800810e-21 2.871125e-22 3.847983e-23 3.810392e-24 1.037085e-25 -7.033837e-26 -2.345579e-26 -5.093026e-27 -9.058908e-28 -1.408029e-28 -1.965911e-29 -2.501166e-30 -2.923568e-31 -3.155016e-32 -3.152207e-33 -2.919212e-34 -2.505105e-35 -1.988100e-36 -1.452914e-37 -9.699062e-39 -5.824828e-40 -3.048737e-41 -1.282805e-42 -2.424663e-44 4.073797e-46 3.127079e-48 2.528997e-51 4.267721e-55 2.047289e-59 3.406446e-64 0.000000e+00
0.000000e+00 5.235171e-63 2.890613e-58 5.380758e-54 2.646023e-50 1.983140e-47 -4.756474e-45 -1.003749e-42 -2.929261e-41 -5.706486e-40 -9.699062e-39 -1.483585e-37 -2.073724e-36 -2.670260e-35 -3.181179e-34 -3.513300e-33 -3.598029e-32 -3.412888e-31 -2.990013e-30 -2.407556e-29 -1.766972e-28 -1.165046e-27 -6.710130e-27 -3.159806e-26 -9.580048e-26 1.683489e-25 5.771752e-24 5.947954e-23 4.556656e-22 2.940560e-21 1.667752e-20 8.471544e-20 3.891112e-19 1.624262e-18 6.177695e-18 2.143127e-17 6.781849e-17 1.956260e-16 5.136753e-16 1.225193e-15 2.645798e-15 5.146087e-15 8.933523e-15 1.360021e-14 1.744848e-14 1.675935e-14 5.322576e-15 -2.540024e-14 -8.522552e-14 -1.833271e-13 -3.257878e-13 -5.132143e-13 -7.390834e-13 -9.893554e-13 -1.243604e-12 -1.477554e-12 -1.666587e-12 -1.789565e-12 -1.832234e-12 -1.789565e-12 -1.666587e-12 -1.477554e-12 -1.243604e-12 -9.893554e-13 -7.390834e-13 -5.132143e-13 -3.257878e-13 -1.833271e-13 -8.522552e-14 -2.540024e-14 5.322576e-15 1.675935e-14 1.744848e-14 1.360021e-14 8.933523e-15 5.146087e-15 2.645798e-15 1.225193e-15 5.136753e-16 1.956260e-16 6.781849e-17 2.143127e-17 6.177695e-18 1.624262e-18 3.891112e-19 8.471544e-20 1.667752e-20 2.940560e-21 4.556656e-22 5.947954e-23 5.771752e-24 1.683489e-25 -9.580048e-26 -3.159806e-26 -6.710130e-27 -1.165046e-27 -1.766972e-28 -2.407556e-29 -2.990013e-30 -3.412888e-31 -3.598029e-32 -3.513300e-33 -3.181179e-34 -2.670260e-35 -2.073724e-36 -1.483585e-37 -9.699062e-39 -5.706486e-40 -2.929261e-41 -1.003749e-42 -4.756474e-45 1.983140e-47 2.646023e-50 5.380758e-54 2.890613e-58 5.235171e-63 0.000000e+00
0.000000e+00 7.299594e-62 3.614851e-57 5.653071e-53 1.806955e-49 -1.376393e-46 -2.227565e-43 -2.268484e-41 -5.369892e-40 -9.305614e-39 -1.452914e-37 -2.073724e-36 -2.727680e-35 -3.320787e-34 -3.749371e-33 -3.927150e-32 -3.811390e-31 -3.417881e-30 -2.818012e-29 -2.118406e-28 -1.430859e-27 -8.440029e-27 -4.063789e-26 -1.247286e-25 2.529415e-25 8.286479e-24 8.721702e-23 6.859075e-22 4.552173e-21 2.657770e-20 1.390658e-19 6.582260e-19 2.831893e-18 1.110020e-17 3.966967e-17 1.292106e-16 3.830770e-16 1.031463e-15 2.513701e-15 5.515286e-15 1.080016e-14 1.857704e-14 2.713292e-14 3.068299e-14 1.685429e-14 -3.523474e-14 -1.550522e-13 -3.778967e-13 -7.391171e-13 -1.266173e-12 -1.970275e-12 -2.839717e-12 -3.836712e-12 -4.898802e-12 -5.944865e-12 -6.884791e-12 -7.631210e-12 -8.111329e-12 -8.276982e-12 -8.111329e-12 -7.631210e-12 -6.884791e-12 -5.944865e-12 -4.898802e-12 -3.836712e-12 -2.839717e-12 -1.970275e-12 -1.266173e-12 -7.391171e-13 -3.778967e-13 -1.550522e-13 -3.523474e-14 1.685429e-14 3.068299e-14 2.713292e-14 1.857704e-14 1.080016e-14 5.515286e-15 2.513701e-15 1.031463e-15 3.830770e-16 1.292106e-16 3.966967e-17 1.110020e-17 2.831893e-18 6.582260e-19 1.390658e-19 2.657770e-20 4.552173e-21 6.859075e-22 8.721702e-23 8.286479e-24 2.529415e-25 -1.247286e-25 -4.063789e-26 -8.440029e-27 -1.430859e-27 -2.118406e-28 -2.818012e-29 -3.417881e-30 -3.811390e-31 -3.927150e-32 -3.749371e-33 -3.320787e-34 -2.727680e-35 -2.073724e-36 -1.452914e-37 -9.305614e-39 -5.369892e-40 -2.268484e-41 -2.227565e-43 -1.376393e-46 1.806955e-49 5.653071e-53 3.614851e-57 7.299594e-62 0.000000e+00
0.000000e+00 9.041513e-61 3.801490e-56 4.075076e-52 -6.675670e-49 -7.960960e-45 -5.084300e-42 -4.093124e-40 -8.572748e-39 -1.364633e-37 -1.988100e-36 -2.670260e-35 -3.320787e-34 -3.831510e-33 -4.102751e-32 -4.072325e-31 -3.736362e-30 -3.153039e-29 -2.426762e-28 -1.678517e-27 -1.013714e-26 -4.990892e-26 -1.553011e-25 3.542492e-25 1.128407e-23 1.213910e-22 9.798520e-22 6.684898e-21 4.015641e-20 2.163070e-19 1.054386e-18 4.672495e-18 1.886337e-17 6.940578e-17 2.325559e-16 7.082460e-16 1.954346e-15 4.862707e-15 1.082647e-14 2.128714e-14 3.602583e-14 4.934061e-14 4.373812e-14 -1.792090e-14 -1.991383e-13 -5.915253e-13 -1.308215e-12 -2.467853e-12 -4.171294e-12 -6.475913e-12 -9.373668e-12 -1.277837e-11 -1.652540e-11 -2.038437e-11 -2.408248e-11 -2.733484e-11 -2.987697e-11 -3.149510e-11 -3.205049e-11 -3.149510e-11 -2.987697e-11 -2.733484e-11 -2.408248e-11 -2.038437e-11 -1.652540e-11 -1.277837e-11 -9.373668e-12 -6.475913e-12 -4.171294e-12 -2.467853e-12 -1.308215e-12 -5.915253e-13 -1.991383e-13 -1.792090e-14 4.373812e-14 4.934061e-14 3.602583e-14 2.128714e-14 1.082647e-14 4.862707e-15 1.954346e-15 7.082460e-16 2.325559e-16 6.940578e-17 1.886337e-17 4.672495e-18 1.054386e-18 2.163070e-19 4.015641e-20 6.684898e-21 9.798520e-22 1.213910e-22 1.128407e-23 3.542492e-25 -1.553011e-25 -4.990892e-26 -1.013714e-26 -1.678517e-27 -2.426762e-28 -3.153039e-29 -3.736362e-30 -4.072325e-31 -4.102751e-32 -3.831510e-33 -3.320787e-34 -2.670260e-35 -1.988100e-36 -1.364633e-37 -8.572748e-39 -4.093124e-40 -5.084300e-42 -7.960960e-45 -6.675670e-49 4.075076e-52 3.801490e-56 9.041513e-61 0.000000e+00
0.000000e+00 9.491654e-60 2.851410e-55 -5.699166e-52 -5.450147e-47 -1.850918e-43 -9.117612e-41 -6.417911e-39 -1.230227e-37 -1.827252e-36 -2.505105e-35 -3.181179e-34 -3.749371e-33 -4.102751e-32 -4.163185e-31 -3.906482e-30 -3.372738e-29 -2.656689e-28 -1.881041e-27 -1.162852e-26 -5.854581e-26 -1.849908e-25 4.645597e-25 1.458303e-23 1.604487e-22 1.329061e-21 9.317149e-21 5.755511e-20 3.189853e-19 1.600381e-18 7.300796e-18 3.033987e-17 1.148703e-16 3.957468e-16 1.237495e-15 3.497931e-15 8.880838e-15 2.004315e-14 3.946868e-14 6.519799e-14 8.093382e-14 3.899192e-14 -1.620401e-13 -6.979463e-13 -1.826874e-12 -3.874346e-12 -7.191282e-12 -1.209049e-11 -1.877538e-11 -2.727804e-11 -3.742159e-11 -4.881515e-11 -6.088170e-11 -7.291248e-11 -8.413767e-11 -9.380219e-11 -1.012371e-10 -1.059199e-10 -1.075187e-10 -1.059199e-10 -1.012371e-10 -9.380219e-11 -8.413767e-11 -7.291248e-11 -6.088170e-11 -4.881515e-11 -3.742159e-11 -2.727804e-11 -1.877538e-11 -1.209049e-11 -7.191282e-12 -3.874346e-12 -1.826874e-12 -6.979463e-13 -1.620401e-13 3.899192e-14 8.093382e-14 6.519799e-14 3.946868e-14 2.004315e-14 8.880838e-15 3.497931e-15 1.237495e-15 3.957468e-16 1.148703e-16 3.033987e-17 7.300796e-18 1.600381e-18 3.189853e-19 5.755511e-20 9.317149e-21 1.329061e-21 1.604487e-22 1.458303e-23 4.645597e-25 -1.849908e-25 -5.854581e-26 -1.162852e-26 -1.881041e-27 -2.656689e-28 -3.372738e-29 -3.906482e-30 -4.163185e-31 -4.102751e-32 -3.749371e-33 -3.181179e-34 -2.505105e-35 -1.827252e-36 -1.230227e-37 -6.417911e-39 -9.117612e-41 -1.850918e-43 -5.450147e-47 -5.699166e-52 2.851410e-55 9.491654e-60 0.000000e+00
0.000000e+00 7.329259e-59 8.123682e-56 -9.399256e-50 -1.296596e-45 -3.308968e-42 -1.413079e-39 -9.034998e-38 -1.611291e-36 -2.252100e-35 -2.919212e-34 -3.513300e-33 -3.927150e-32 -4.072325e-31 -3.906482e-30 -3.449297e-29 -2.779637e-28 -2.014013e-27 -1.274182e-26 -6.560800e-26 -2.108725e-25 5.721625e-25 1.789450e-23 2.014771e-22 1.712373e-21 1.233032e-20 7.829067e-20 4.462139e-19 2.302968e-18 1.080940e-17 4.621643e-17 1.799709e-16 6.372443e-16 2.045226e-15 5.919893e-15 1.533029e-14 3.504479e-14 6.895153e-14 1.101671e-13 1.173117e-13 -2.803344e-14 -5.795330e-13 -1.982842e-12 -4.901434e-12 -1.018211e-11 -1.874798e-11 -3.143409e-11 -4.880426e-11 -7.099650e-11 -9.763514e-11 -1.278278e-10 -1.602419e-10 -1.932392e-10 -2.250368e-10 -2.538692e-10 -2.781272e-10 -2.964666e-10 -3.078831e-10 -3.117581e-10 -3.078831e-10 -2.964666e-10 -2.781272e-10 -2.538692e-10 -2.250368e-10 -1.932392e-10 -1.602419e-10 -1.278278e-10 -9.763514e-11 -7.099650e-11 -4.880426e-11 -3.143409e-11 -1.874798e-11 -1.018211e-11 -4.901434e-12 -1.982842e-12 -5.795330e-13 -2.803344e-14 1.173117e-13 1.101671e-13 6.895153e-14 3.504479e-14 1.533029e-14 5.919893e-15 2.045226e-15 6.372443e-16 1.799709e-16 4.621643e-17 1.080940e-17 2.302968e-18 4.462139e-19 7.829067e-20 1.233032e-20 1.712373e-21 2.014771e-22 1.789450e-23 5.721625e-25 -2.108725e-25 -6.560800e-26 -1.274182e-26 -2.014013e-27 -2.779637e-28 -3.449297e-29 -3.906482e-30 -4.072325e-31 -3.927150e-32 -3.513300e-33 -2.919212e-34 -2.252100e-35 -1.611291e-36 -9.034998e-38 -1.413079e-39 -3.308968e-42 -1.296596e-45 -9.399256e-50 8.123682e-56 7.329259e-59 0.000000e+00
0.000000e+00 1.138803e-58 -5.081903e-53 -2.298426e-48 -2.312217e-44 -5.077027e-41 -1.961133e-38 -1.159929e-36 -1.941679e-35 -2.565914e-34 -3.152207e-33 -3.598029e-32 -3.811390e-31 -3.736362e-30 -3.372738e-29 -2.779637e-28 -2.060379e-27 -1.333752e-26 -7.024457e-26 -2.300802e-25 6.631419e-25 2.085639e-23 2.404344e-22 2.096371e-21 1.549987e-20 1.011129e-19 5.923482e-19 3.143398e-18 1.517288e-17 6.671345e-17 2.670845e-16 9.716065e-16 3.199714e-15 9.481903e-15 2.503991e-14 5.794882e-14 1.136860e-13 1.738650e-13 1.434430e-13 -2.475717e-13 -1.583751e-12 -4.905524e-12 -1.177715e-11 -2.420251e-11 -4.435556e-11 -7.416935e-11 -1.148930e-10 -1.667436e-10 -2.287481e-10 -2.988053e-10 -3.739332e-10 -4.506280e-10 -5.252452e-10 -5.943306e-10 -6.548587e-10 -7.043654e-10 -7.409899e-10 -7.634555e-10 -7.710242e-10 -7.634555e-10 -7.409899e-10 -7.043654e-10 -6.548587e-10 -5.943306e-10 -5.252452e-10 -4.506280e-10 -3.739332e-10 -2.988053e-10 -2.287481e-10 -1.667436e-10 -1.148930e-10 -7.416935e-11 -4.435556e-11 -2.420251e-11 -1.177715e-11 -4.905524e-12 -1.583751e-12 -2.475717e-13 1.434430e-13 1.738650e-13 1.136860e-13 5.794882e-14 2.503991e-14 9.481903e-15 3.199714e-15 9.716065e-16 2.670845e-16 6.671345e-17 1.517288e-17 3.143398e-18 5.923482e-19 1.011129e-19 1.549987e-20 2.096371e-21 2.404344e-22 2.085639e-23 6.631419e-25 -2.300802e-25 -7.024457e-26 -1.333752e-26 -2.060379e-27 -2.779637e-28 -3.372738e-29 -3.736362e-30 -3.811390e-31 -3.598029e-32 -3.152207e-33 -2.565914e-34 -1.941679e-35 -1.159929e-36 -1.961133e-38 -5.077027e-41 -2.312217e-44 -2.298426e-48 -5.081903e-53 1.138803e-58 0.000000e+00
0.000000e+00 -1.013764e-56 -1.284319e-51 -4.089701e-47 -3.511602e-43 -6.953227e-40 -2.478334e-37 -1.369218e-35 -2.161975e-34 -2.707799e-33 -3.155016e-32 -3.412888e-31 -3.417881e-30 -3.153039e-29 -2.656689e-28 -2.014013e-27 -1.333752e-26 -7.186124e-26 -2.403217e-25 7.241928e-25 2.309523e-23 2.727449e-22 2.439328e-21 1.851280e-20 1.240269e-19 7.465009e-19 4.071290e-18 2.020049e-17 9.130104e-17 3.756469e-16 1.403556e-15 4.741840e-15 1.438465e-14 3.873675e-14 9.073700e-14 1.772057e-13 2.563394e-13 1.284655e-13 -7.748500e-13 -3.700695e-12 -1.089659e-11 -2.576322e-11 -5.263744e-11 -9.612099e-11 -1.600826e-10 -2.466380e-10 -3.554438e-10 -4.835241e-10 -6.256558e-10 -7.751654e-10 -9.248971e-10 -1.068114e-09 -1.199157e-09 -1.313791e-09 -1.409235e-09 -1.483963e-09 -1.537357e-09 -1.569323e-09 -1.579959e-09 -1.569323e-09 -1.537357e-09 -1.483963e-09 -1.409235e-09 -1.313791e-09 -1.199157e-09 -1.068114e-09 -9.248971e-10 -7.751654e-10 -6.256558e-10 -4.835241e-10 -3.554438e-10 -2.466380e-10 -1.600826e-10 -9.612099e-11 -5.263744e-11 -2.576322e-11 -1.089659e-11 -3.700695e-12 -7.748500e-13 1.284655e-13 2.563394e-13 1.772057e-13 9.073700e-14 3.873675e-14 1.438465e-14 4.741840e-15 1.403556e-15 3.756469e-16 9.130104e-17 2.020049e-17 4.071290e-18 7.465009e-19 1.240269e-19 1.851280e-20 2.439328e-21 2.727449e-22 2.309523e-23 7.241928e-25 -2.403217e-25 -7.186124e-26 -1.333752e-26 -2.014013e-27 -2.656689e-28 -3.153039e-29 -3.417881e-30 -3.412888e-31 -3.155016e-32 -2.707799e-33 -2.161975e-34 -1.369218e-35 -2.478334e-37 -6.953227e-40 -3.511602e-43 -4.089701e-47 -1.284319e-51 -1.013764e-56 0.000000e+00
0.000000e+00 -2.666058e-55 -2.280850e-50 -6.145259e-46 -4.743851e-42 -8.655553e-39 -2.876917e-36 -1.492626e-34 -2.228672e-33 -2.647512e-32 -2.923568e-31 -2.990013e-30 -2.818012e-29 -2.426762e-28 -1.881041e-27 -1.274182e-26 -7.024457e-26 -2.403217e-25 7.457108e-25 2.430217e-23 2.941592e-22 2.698304e-21 2.101383e-20 1.445275e-19 8.933679e-19 5.005289e-18 2.551777e-17 1.185118e-16 5.009497e-16 1.921971e-15 6.660438e-15 2.068363e-14 5.680707e-14 1.346998e-13 2.615911e-13 3.531531e-13 2.285201e-14 -1.839409e-12 -7.706337e-12 -2.208922e-11 -5.183728e-11 -1.055746e-10 -1.920689e-10 -3.178860e-10 -4.851554e-10 -6.903084e-10 -9.242537e-10 -1.173897e-09 -1.424477e-09 -1.662016e-09 -1.875294e-09 -2.057008e-09 -2.204039e-09 -2.316972e-09 -2.399127e-09 -2.455360e-09 -2.490868e-09 -2.510148e-09 -2.516221e-09 -2.510148e-09 -2.490868e-09 -2.455360e-09 -2.399127e-09 -2.316972e-09 -2.204039e-09 -2.057008e-09 -1.875294e-09 -1.662016e-09 -1.424477e-09 -1.173897e-09 -9.242537e-10 -6.903084e-10 -4.851554e-10 -3.178860e-10 -1.920689e-10 -1.055746e-10 -5.183728e-11 -2.208922e-11 -7.706337e-12 -1.839409e-12 2.285201e-14 3.531531e-13 2.615911e-13 1.346998e-13 5.680707e-14 2.068363e-14 6.660438e-15 1.921971e-15 5.009497e-16 1.185118e-16 2.551777e-17 5.005289e-18 8.933679e-19 1.445275e-19 2.101383e-20 2.698304e-21 2.941592e-22 2.430217e-23 7.457108e-25 -2.403217e-25 -7.024457e-26 -1.274182e-26 -1.881041e-27 -2.426762e-28 -2.818012e-29 -2.990013e-30 -2.923568e-31 -2.647512e-32 -2.228672e-33 -1.492626e-34 -2.876917e-36 -8.655553e-39 -4.743851e-42 -6.145259e-46 -2.280850e-50 -2.666058e-55 0.000000e+00
0.000000e+00 -4.727366e-54 -3.389323e-49 -8.183328e-45 -5.813672e-41 -9.886176e-38 -3.082089e-35 -1.505741e-33 -2.127607e-32 -2.395503e-31 -2.501166e-30 -2.407556e-29 -2.118406e-28 -1.678517e-27 -1.162852e-26 -6.560800e-26 -2.300802e-25 7.241928e-25 2.430217e-23 3.016611e-22 2.837834e-21 2.267239e-20 1.600274e-19 1.015489e-18 5.842570e-18 3.059426e-17 1.459544e-16 6.336611e-16 2.495913e-15 8.871493e-15 2.820593e-14 7.903315e-14 1.897941e-13 3.663911e-13 4.548259e-13 -2.379926e-13 -3.730138e-12 -1.459380e-11 -4.127447e-11 -9.660795e-11 -1.964197e-10 -3.557200e-10 -5.834159e-10 -8.776850e-10 -1.224147e-09 -1.597710e-09 -1.967407e-09 -2.302519e-09 -2.578129e-09 -2.778793e-09 -2.899860e-09 -2.946659e-09 -2.932250e-09 -2.874495e-09 -2.793118e-09 -2.707173e-09 -2.633116e-09 -2.583475e-09 -2.566048e-09 -2.583475e-09 -2.633116e-09 -2.707173e-09 -2.793118e-09 -2.874495e-09 -2.932250e-09 -2.946659e-09 -2.899860e-09 -2.778793e-09 -2.578129e-09 -2.302519e-09 -1.967407e-09 -1.597710e-09 -1.224147e-09 -8.776850e-10 -5.834159e-10 -3.557200e-10 -1.964197e-10 -9.660795e-11 -4.127447e-11 -1.459380e-11 -3.730138e-12 -2.379926e-13 4.548259e-13 3.663911e-13 1.897941e-13 7.903315e-14 2.820593e-14 8.871493e-15 2.495913e-15 6.336611e-16 1.459544e-16 3.059426e-17 5.842570e-18 1.015489e-18 1.600274e-19 2.267239e-20 2.837834e-21 3.016611e-22 2.430217e-23 7.241928e-25 -2.300802e-25 -6.560800e-26 -1.162852e-26 -1.678517e-27 -2.118406e-28 -2.407556e-29 -2.501166e-30 -2.395503e-31 -2.127607e-32 -1.505741e-33 -3.082089e-35 -9.886176e-38 -5.813672e-41 -8.183328e-45 -3.389323e-49 -4.727366e-54 0.000000e+00
0.000000e+00 -6.943823e-53 -4.445947e-48 -9.865727e-44 -6.529329e-40 -1.041329e-36 -3.054168e-34 -1.406137e-32 -1.878798e-31 -2.000295e-30 -1.965911e-29 -1.766972e-28 -1.430859e-27 -1.013714e-26 -5.854581e-26 -2.108725e-25 6.631419e-25 2.309523e-23 2.941592e-22 2.837834e-21 2.325360e-20 1.683846e-19 1.096565e-18 6.476503e-18 3.482196e-17 1.705920e-16 7.605054e-16 3.074911e-15 1.121013e-14 3.649751e-14 1.043856e-13 2.540887e-13 4.878441e-13 5.481494e-13 -7.205326e-13 -6.743090e-12 -2.542608e-11 -7.156459e-11 -1.676339e-10 -3.405453e-10 -6.132467e-10 -9.933893e-10 -1.464359e-09 -1.983786e-09 -2.490938e-09 -2.920089e-09 -3.214885e-09 -3.339184e-09 -3.281946e-09 -3.056183e-09 -2.693639e-09 -2.237468e-09 -1.734973e-09 -1.231741e-09 -7.677409e-10 -3.753331e-10 -7.875381e-11 1.054987e-10 1.679434e-10 1.054987e-10 -7.875381e-11 -3.753331e-10 -7.677409e-10 -1.231741e-09 -1.734973e-09 -2.237468e-09 -2.693639e-09 -3.056183e-09 -3.281946e-09 -3.339184e-09 -3.214885e-09 -2.920089e-09 -2.490938e-09 -1.983786e-09 -1.464359e-09 -9.933893e-10 -6.132467e-10 -3.405453e-10 -1.676339e-10 -7.156459e-11 -2.542608e-11 -6.743090e-12 -7.205326e-13 5.481494e-13 4.878441e-13 2.540887e-13 1.043856e-13 3.649751e-14 1.121013e-14 3.074911e-15 7.605054e-16 1.705920e-16 3.482196e-17 6.476503e-18 1.096565e-18 1.683846e-19 2.325360e-20 2.837834e-21 2.941592e-22 2.309523e-23 6.631419e-25 -2.108725e-25 -5.854581e-26 -1.013714e-26 -1.430859e-27 -1.766972e-28 -1.965911e-29 -2.000295e-30 -1.878798e-31 -1.406137e-32 -3.054168e-34 -1.041329e-36 -6.529329e-40 -9.865727e-44 -4.445947e-48 -6.943823e-53 0.000000e+00
0.000000e+00 -8.966095e-52 -5.268593e-47 -1.088600e-42 -6.757078e-39 -1.014070e-35 -2.800996e-33 -1.214260e-31 -1.530467e-30 -1.533995e-29 -1.408029e-28 -1.165046e-27 -8.440029e-27 -4.990892e-26 -1.849908e-25 5.721625e-25 2.085639e-23 2.727449e-22 2.698304e-21 2.267239e-20 1.683846e-19 1.124992e-18 6.818597e-18 3.763163e-17 1.892658e-16 8.662298e-16 3.594833e-15 1.344288e-14 4.483121e-14 1.309635e-13 3.235083e-13 6.187154e-13 6.195750e-13 -1.470341e-12 -1.108964e-11 -4.105585e-11 -1.156946e-10 -2.719223e-10 -5.523378e-10 -9.878335e-10 -1.574646e-09 -2.258205e-09 -2.935609e-09 -3.478353e-09 -3.765540e-09 -3.713860e-09 -3.294540e-09 -2.534184e-09 -1.502728e-09 -2.948337e-10 9.890395e-10 2.257533e-09 3.437355e-09 4.476466e-09 5.342754e-09 6.019997e-09 6.502689e-09 6.791019e-09 6.886827e-09 6.791019e-09 6.502689e-09 6.019997e-09 5.342754e-09 4.476466e-09 3.437355e-09 2.257533e-09 9.890395e-10 -2.948337e-10 -1.502728e-09 -2.534184e-09 -3.294540e-09 -3.713860e-09 -3.765540e-09 -3.478353e-09 -2.935609e-09 -2.258205e-09 -1.574646e-09 -9.878335e-10 -5.523378e-10 -2.719223e-10 -1.156946e-10 -4.105585e-11 -1.108964e-11 -1.470341e-12 6.195750e-13 6.187154e-13 3.235083e-13 1.309635e-13 4.483121e-14 1.344288e-14 3.594833e-15 8.662298e-16 1.892658e-16 3.763163e-17 6.818597e-18 1.124992e-18 1.683846e-19 2.267239e-20 2.698304e-21 2.727449e-22 2.085639e-23 5.721625e-25 -1.849908e-25 -4.990892e-26 -8.440029e-27 -1.165046e-27 -1.408029e-28 -1.533995e-29 -1.530467e-30 -1.214260e-31 -2.800996e-33 -1.014070e-35 -6.757078e-39 -1.088600e-42 -5.268593e-47 -8.966095e-52 0.000000e+00
0.000000e+00 -1.043540e-50 -5.706572e-46 -1.105854e-41 -6.461462e-38 -9.137068e-35 -2.375341e-32 -9.670837e-31 -1.144561e-29 -1.071673e-28 -9.058909e-28 -6.710130e-27 -4.063789e-26 -1.553011e-25 4.645597e-25 1.789450e-23 2.404344e-22 2.439328e-21 2.101383e-20 1.600274e-19 1.096565e-18 6.818597e-18 3.861728e-17 1.993492e-16 9.365317e-16 3.988956e-15 1.530226e-14 5.229252e-14 1.561522e-13 3.920510e-13 7.489149e-13 6.598098e-13 -2.485044e-12 -1.678148e-11 -6.174819e-11 -1.750206e-10 -4.137015e-10 -8.408884e-10 -1.492070e-09 -2.331356e-09 -3.224567e-09 -3.955484e-09 -4.285951e-09 -4.030950e-09 -3.113350e-09 -1.579551e-09 4.224499e-10 2.687821e-09 5.003652e-09 7.187749e-09 9.111055e-09 1.070363e-08 1.194845e-08 1.286821e-08 1.350992e-08 1.393053e-08 1.418516e-08 1.431861e-08 1.435977e-08 1.431861e-08 1.418516e-08 1.393053e-08 1.350992e-08 1.286821e-08 1.194845e-08 1.070363e-08 9.111055e-09 7.187749e-09 5.003652e-09 2.687821e-09 4.224499e-10 -1.579551e-09 -3.113350e-09 -4.030950e-09 -4.285951e-09 -3.955484e-09 -3.224567e-09 -2.331356e-09 -1.492070e-09 -8.408884e-10 -4.137015e-10 -1.750206e-10 -6.174819e-11 -1.678148e-11 -2.485044e-12 6.598098e-13 7.489149e-13 3.920510e-13 1.561522e-13 5.229252e-14 1.530226e-14 3.988956e-15 9.365317e-16 1.993492e-16 3.861728e-17 6.818597e-18 1.096565e-18 1.600274e-19 2.101383e-20 2.439328e-21 2.404344e-22 1.789450e-23 4.645597e-25 -1.553011e-25 -4.063789e-26 -6.710130e-27 -9.058909e-28 -1.071673e-28 -1.144561e-29 -9.670837e-31 -2.375341e-32 -9.137068e-35 -6.461462e-38 -1.105854e-41 -5.706572e-46 -1.043540e-50 0.000000e+00
0.000000e+00 -1.108521e-49 -5.685083e-45 -1.037388e-40 -5.715021e-37 -7.612565e-34 -1.858320e-31 -7.071059e-30 -7.795573e-29 -6.724984e-28 -5.093027e-27 -3.159806e-26 -1.247286e-25 3.542492e-25 1.458303e-23 2.014771e-22 2.096371e-21 1.851280e-20 1.445275e-19 1.015489e-18 6.476503e-18 3.763163e-17 1.993492e-16 9.612007e-16 4.201790e-15 1.653793e-14 5.793634e-14 1.770106e-13 4.525414e-13 8.668069e-13 6.677696e-13 -3.693230e-12 -2.352991e-11 -8.680927e-11 -2.484483e-10 -5.919393e-10 -1.205296e-09 -2.120553e-09 -3.235180e-09 -4.270460e-09 -4.822902e-09 -4.505842e-09 -3.105406e-09 -6.641113e-10 2.538056e-09 6.077585e-09 9.507577e-09 1.245884e-08 1.469701e-08 1.613478e-08 1.681051e-08 1.684984e-08 1.642481e-08 1.571907e-08 1.490369e-08 1.412290e-08 1.348811e-08 1.307701e-08 1.293501e-08 1.307701e-08 1.348811e-08 1.412290e-08 1.490369e-08 1.571907e-08 1.642481e-08 1.684984e-08 1.681051e-08 1.613478e-08 1.469701e-08 1.245884e-08 9.507577e-09 6.077585e-09 2.538056e-09 -6.641113e-10 -3.105406e-09 -4.505842e-09 -4.822902e-09 -4.270460e-09 -3.235180e-09 -2.120553e-09 -1.205296e-09 -5.919393e-10 -2.484483e-10 -8.680927e-11 -2.352991e-11 -3.693230e-12 6.677696e-13 8.668069e-13 4.525414e-13 1.770106e-13 5.793634e-14 1.653793e-14 4.201790e-15 9.612007e-16 1.993492e-16 3.763163e-17 6.476503e-18 1.015489e-18 1.445275e-19 1.851280e-20 2.096371e-21 2.014771e-22 1.458303e-23 3.542492e-25 -1.247286e-25 -3.159806e-26 -5.093027e-27 -6.724984e-28 -7.795573e-29 -7.071059e-30 -1.858320e-31 -7.612565e-34 -5.715021e-37 -1.037388e-40 -5.685083e-45 -1.108521e-49 0.000000e+00
0.000000e+00 -1.081988e-48 -5.226559e-44 -8.997528e-40 -4.673524e-36 -5.852779e-33 -1.335637e-30 -4.710273e-29 -4.769102e-28 -3.689460e-27 -2.345579e-26 -9.580048e-26 2.529415e-25 1.128407e-23 1.604487e-22 1.712373e-21 1.549987e-20 1.240269e-19 8.933679e-19 5.842570e-18 3.482196e-17 1.892658e-16 9.365317e-16 4.201790e-15 1.697140e-14 6.098015e-14 1.908192e-13 4.978144e-13 9.609145e-13 6.518091e-13 -4.951132e-12 -3.070755e-11 -1.143720e-10 -3.316672e-10 -7.983961e-10 -1.631094e-09 -2.845588e-09 -4.224027e-09 -5.254406e-09 -5.256108e-09 -3.682254e-09 -4.194622e-10 4.117834e-09 9.137127e-09 1.374089e-08 1.718454e-08 1.903445e-08 1.919967e-08 1.786943e-08 1.540688e-08 1.223943e-08 8.775126e-09 5.352341e-09 2.220430e-09 -4.566229e-10 -2.584615e-09 -4.117894e-09 -5.039943e-09 -5.347266e-09 -5.039943e-09 -4.117894e-09 -2.584615e-09 -4.566229e-10 2.220430e-09 5.352341e-09 8.775126e-09 1.223943e-08 1.540688e-08 1.786943e-08 1.919967e-08 1.903445e-08 1.718454e-08 1.374089e-08 9.137127e-09 4.117834e-09 -4.194622e-10 -3.682254e-09 -5.256108e-09 -5.254406e-09 -4.224027e-09 -2.845588e-09 -1.631094e-09 -7.983961e-10 -3.316672e-10 -1.143720e-10 -3.070755e-11 -4.951132e-12 6.518091e-13 9.609145e-13 4.978144e-13 1.908192e-13 6.098015e-14 1.697140e-14 4.201790e-15 9.365317e-16 1.892658e-16 3.482196e-17 5.842570e-18 8.933679e-19 1.240269e-19 1.549987e-20 1.712373e-21 1.604487e-22 1.128407e-23 2.529415e-25 -9.580048e-26 -2.345579e-26 -3.689460e-27 -4.769102e-28 -4.710273e-29 -1.335637e-30 -5.852779e-33 -4.673524e-36 -8.997528e-40 -5.226559e-44 -1.081988e-48 0.000000e+00
