0.000000e+00 1.104961e-87 9.021542e-83 2.625688e-78 2.316197e-74 4.967478e-71 1.963907e-68 1.207131e-66 2.078384e-65 2.734486e-64 3.119894e-63 2.798624e-62 1.206361e-61 -2.240579e-60 -7.959833e-59 -1.598547e-57 -2.579810e-56 -3.629305e-55 -4.594420e-54 -5.314768e-53 -5.664616e-52 -5.588328e-51 -5.115286e-50 -4.348620e-49 -3.432819e-48 -2.513284e-47 -1.702574e-46 -1.063153e-45 -6.083133e-45 -3.158882e-44 -1.464113e-43 -5.860317e-43 -1.865536e-42 -3.324945e-42 1.103207e-41 1.579594e-40 1.066786e-39 5.574128e-39 2.482994e-38 9.777147e-38 3.463264e-37 1.114491e-36 3.278664e-36 8.856403e-36 2.204197e-35 5.069397e-35 1.080335e-34 2.138969e-34 3.944889e-34 6.794967e-34 1.095943e-33 1.659325e-33 2.364068e-33 3.176417e-33 4.032987e-33 4.846932e-33 5.521470e-33 5.967997e-33 6.124301e-33 5.967997e-33 5.521470e-33 4.846932e-33 4.032987e-33 3.176417e-33 2.364068e-33 1.659325e-33 1.095943e-33 6.794967e-34 3.944889e-34 2.138969e-34 1.080335e-34 5.069397e-35 2.204197e-35 8.856403e-36 3.278664e-36 1.114491e-36 3.463264e-37 9.777147e-38 2.482994e-38 5.574128e-39 1.066786e-39 1.579594e-40 1.103207e-41 -3.324945e-42 -1.865536e-42 -5.860317e-43 -1.464113e-43 -3.158882e-44 -6.083133e-45 -1.063153e-45 -1.702574e-46 -2.513284e-47 -3.432819e-48 -4.348620e-49 -5.115286e-50 -5.588328e-51 -5.664616e-52 -5.314768e-53 -4.594420e-54 -3.629305e-55 -2.579810e-56 -1.598547e-57 -7.959833e-59 -2.240579e-60 1.206361e-61 2.798624e-62 3.119894e-63 2.734486e-64 2.078384e-65 1.207131e-66 1.963907e-68 4.967478e-71 2.316197e-74 2.625688e-78 9.021542e-83 1.104961e-87 0.000000e+00
0.000000e+00 1.403756e-82 1.071126e-77 2.922330e-73 2.416831e-69 4.846487e-66 1.780429e-63 1.005788e-61 1.565547e-60 1.790568e-59 1.580652e-58 5.597228e-58 -1.683876e-56 -5.481969e-55 -1.093615e-53 -1.778294e-52 -2.533836e-51 -3.257277e-50 -3.832253e-49 -4.158551e-48 -4.180084e-47 -3.900758e-46 -3.382065e-45 -2.723571e-44 -2.034273e-43 -1.405590e-42 -8.946585e-42 -5.210878e-41 -2.747042e-40 -1.285324e-39 -5.124810e-39 -1.557536e-38 -1.876235e-38 1.892845e-37 2.040768e-36 1.329391e-35 6.958685e-35 3.146372e-34 1.265403e-33 4.593972e-33 1.518396e-32 4.594076e-32 1.277401e-31 3.274305e-31 7.758059e-31 1.703511e-30 3.475420e-30 6.605064e-30 1.172524e-29 1.949534e-29 3.044358e-29 4.476994e-29 6.216193e-29 8.168725e-29 1.018163e-28 1.205942e-28 1.359383e-28 1.459994e-28 1.495044e-28 1.459994e-28 1.359383e-28 1.205942e-28 1.018163e-28 8.168725e-29 6.216193e-29 4.476994e-29 3.044358e-29 1.949534e-29 1.172524e-29 6.605064e-30 3.475420e-30 1.703511e-30 7.758059e-31 3.274305e-31 1.277401e-31 4.594076e-32 1.518396e-32 4.593972e-33 1.265403e-33 3.146372e-34 6.958685e-35 1.329391e-35 2.040768e-36 1.892845e-37 -1.876235e-38 -1.557536e-38 -5.124810e-39 -1.285324e-39 -2.747042e-40 -5.210878e-41 -8.946585e-42 -1.405590e-42 -2.034273e-43 -2.723571e-44 -3.382065e-45 -3.900758e-46 -4.180084e-47 -4.158551e-48 -3.832253e-49 -3.257277e-50 -2.533836e-51 -1.778294e-52 -1.093615e-53 -5.481969e-55 -1.683876e-56 5.597228e-58 1.580652e-58 1.790568e-59 1.565547e-60 1.005788e-61 1.780429e-63 4.846487e-66 2.416831e-69 2.922330e-73 1.071126e-77 1.403756e-82 0.000000e+00
0.000000e+00 6.797734e-78 4.862307e-73 1.243737e-68 9.618138e-65 1.792151e-61 6.042754e-59 3.061791e-57 4.092830e-56 3.529557e-55 9.010609e-55 -4.941399e-53 -1.501069e-51 -2.978133e-50 -4.878213e-49 -7.036138e-48 -9.178777e-47 -1.097501e-45 -1.211563e-44 -1.239793e-43 -1.178405e-42 -1.041015e-41 -8.543131e-41 -6.502375e-40 -4.576738e-39 -2.965049e-38 -1.754862e-37 -9.369827e-37 -4.409653e-36 -1.738183e-35 -4.904874e-35 -1.373173e-35 1.081440e-33 1.002947e-32 6.387179e-32 3.358762e-31 1.541627e-30 6.326179e-30 2.350157e-29 7.962318e-29 2.471998e-28 7.056978e-28 1.857590e-27 4.519676e-27 1.018880e-26 2.133308e-26 4.159208e-26 7.571280e-26 1.290514e-25 2.065687e-25 3.114336e-25 4.435541e-25 5.984804e-25 7.670936e-25 9.362981e-25 1.090653e-24 1.214619e-24 1.294949e-24 1.322767e-24 1.294949e-24 1.214619e-24 1.090653e-24 9.362981e-25 7.670936e-25 5.984804e-25 4.435541e-25 3.114336e-25 2.065687e-25 1.290514e-25 7.571280e-26 4.159208e-26 2.133308e-26 1.018880e-26 4.519676e-27 1.857590e-27 7.056978e-28 2.471998e-28 7.962318e-29 2.350157e-29 6.326179e-30 1.541627e-30 3.358762e-31 6.387179e-32 1.002947e-32 1.081440e-33 -1.373173e-35 -4.904874e-35 -1.738183e-35 -4.409653e-36 -9.369827e-37 -1.754862e-37 -2.965049e-38 -4.576738e-39 -6.502375e-40 -8.543131e-41 -1.041015e-41 -1.178405e-42 -1.239793e-43 -1.211563e-44 -1.097501e-45 -9.178777e-47 -7.036138e-48 -4.878213e-49 -2.978133e-50 -1.501069e-51 -4.941399e-53 9.010609e-55 3.529557e-55 4.092830e-56 3.061791e-57 6.042754e-59 1.792151e-61 9.618138e-65 1.243737e-68 4.862307e-73 6.797734e-78 0.000000e+00
0.000000e+00 1.090458e-73 7.312787e-69 1.749136e-64 1.256936e-60 2.149542e-57 6.488426e-55 2.784040e-53 2.698489e-52 3.413307e-52 -4.934360e-50 -1.417288e-48 -2.799273e-47 -4.617782e-46 -6.738565e-45 -8.914597e-44 -1.082485e-42 -1.214707e-41 -1.264353e-40 -1.222936e-39 -1.099706e-38 -9.187263e-38 -7.117501e-37 -5.096670e-36 -3.355726e-35 -2.014396e-34 -1.086547e-33 -5.121346e-33 -1.975906e-32 -4.938807e-32 6.570819e-32 1.935646e-30 1.638599e-29 1.028958e-28 5.445102e-28 2.536246e-27 1.060687e-26 4.025442e-26 1.395153e-25 4.434153e-25 1.296206e-24 3.493431e-24 8.699191e-24 2.005750e-23 4.291560e-23 8.541706e-23 1.585658e-22 2.753267e-22 4.485188e-22 6.876850e-22 9.956327e-22 1.365687e-21 1.780647e-21 2.213971e-21 2.632983e-21 3.003283e-21 3.293274e-21 3.477918e-21 3.541283e-21 3.477918e-21 3.293274e-21 3.003283e-21 2.632983e-21 2.213971e-21 1.780647e-21 1.365687e-21 9.956327e-22 6.876850e-22 4.485188e-22 2.753267e-22 1.585658e-22 8.541706e-23 4.291560e-23 2.005750e-23 8.699191e-24 3.493431e-24 1.296206e-24 4.434153e-25 1.395153e-25 4.025442e-26 1.060687e-26 2.536246e-27 5.445102e-28 1.028958e-28 1.638599e-29 1.935646e-30 6.570819e-32 -4.938807e-32 -1.975906e-32 -5.121346e-33 -1.086547e-33 -2.014396e-34 -3.355726e-35 -5.096670e-36 -7.117501e-37 -9.187263e-38 -1.099706e-38 -1.222936e-39 -1.264353e-40 -1.214707e-41 -1.082485e-42 -8.914597e-44 -6.738565e-45 -4.617782e-46 -2.799273e-47 -1.417288e-48 -4.934360e-50 3.413307e-52 2.698489e-52 2.784040e-53 6.488426e-55 2.149542e-57 1.256936e-60 1.749136e-64 7.312787e-69 1.090458e-73 0.000000e+00
0.000000e+00 4.787333e-70 3.001988e-65 6.672277e-61 4.400775e-57 6.736954e-54 1.716291e-51 5.127129e-50 -2.537626e-50 -1.390687e-47 -3.815198e-46 -7.507882e-45 -1.247013e-43 -1.840066e-42 -2.466994e-41 -3.040007e-40 -3.464937e-39 -3.665428e-38 -3.604657e-37 -3.296337e-36 -2.800521e-35 -2.205800e-34 -1.604836e-33 -1.072206e-32 -6.515068e-32 -3.539861e-31 -1.662416e-30 -6.192251e-30 -1.250188e-29 5.779345e-29 9.269861e-28 7.395437e-27 4.605153e-26 2.454790e-25 1.159682e-24 4.936389e-24 1.910532e-23 6.759701e-23 2.194107e-22 6.549865e-22 1.801830e-21 4.575895e-21 1.074715e-20 2.338829e-20 4.726287e-20 8.889981e-20 1.560640e-19 2.564498e-19 3.957130e-19 5.753259e-19 7.909897e-19 1.032304e-18 1.284003e-18 1.528489e-18 1.748837e-18 1.931282e-18 2.066425e-18 2.149008e-18 2.176733e-18 2.149008e-18 2.066425e-18 1.931282e-18 1.748837e-18 1.528489e-18 1.284003e-18 1.032304e-18 7.909897e-19 5.753259e-19 3.957130e-19 2.564498e-19 1.560640e-19 8.889981e-20 4.726287e-20 2.338829e-20 1.074715e-20 4.575895e-21 1.801830e-21 6.549865e-22 2.194107e-22 6.759701e-23 1.910532e-23 4.936389e-24 1.159682e-24 2.454790e-25 4.605153e-26 7.395437e-27 9.269861e-28 5.779345e-29 -1.250188e-29 -6.192251e-30 -1.662416e-30 -3.539861e-31 -6.515068e-32 -1.072206e-32 -1.604836e-33 -2.205800e-34 -2.800521e-35 -3.296337e-36 -3.604657e-37 -3.665428e-38 -3.464937e-39 -3.040007e-40 -2.466994e-41 -1.840066e-42 -1.247013e-43 -7.507882e-45 -3.815198e-46 -1.390687e-47 -2.537626e-50 5.127129e-50 1.716291e-51 6.736954e-54 4.400775e-57 6.672277e-61 3.001988e-65 4.787333e-70 0.000000e+00
0.000000e+00 4.462532e-67 2.600199e-62 5.304346e-58 3.131896e-54 4.045971e-51 7.107432e-49 -4.775455e-48 -8.632182e-46 -2.279186e-44 -4.472846e-43 -7.478940e-42 -1.115420e-40 -1.514695e-39 -1.892939e-38 -2.189885e-37 -2.352622e-36 -2.350383e-35 -2.183807e-34 -1.884928e-33 -1.507765e-32 -1.113156e-31 -7.535043e-31 -4.625162e-30 -2.523513e-29 -1.173571e-28 -4.139343e-28 -5.334799e-28 7.596621e-27 9.398420e-26 7.205656e-25 4.467536e-24 2.400344e-23 1.149386e-22 4.973538e-22 1.959759e-21 7.064240e-21 2.336239e-20 7.102703e-20 1.988119e-19 5.130320e-19 1.222068e-18 2.690979e-18 5.486422e-18 1.037607e-17 1.824088e-17 2.987620e-17 4.570360e-17 6.547455e-17 8.808975e-17 1.116512e-16 1.337964e-16 1.522543e-16 1.654556e-16 1.729814e-16 1.756663e-16 1.752907e-16 1.739462e-16 1.732889e-16 1.739462e-16 1.752907e-16 1.756663e-16 1.729814e-16 1.654556e-16 1.522543e-16 1.337964e-16 1.116512e-16 8.808975e-17 6.547455e-17 4.570360e-17 2.987620e-17 1.824088e-17 1.037607e-17 5.486422e-18 2.690979e-18 1.222068e-18 5.130320e-19 1.988119e-19 7.102703e-20 2.336239e-20 7.064240e-21 1.959759e-21 4.973538e-22 1.149386e-22 2.400344e-23 4.467536e-24 7.205656e-25 9.398420e-26 7.596621e-27 -5.334799e-28 -4.139343e-28 -1.173571e-28 -2.523513e-29 -4.625162e-30 -7.535043e-31 -1.113156e-31 -1.507765e-32 -1.884928e-33 -2.183807e-34 -2.350383e-35 -2.352622e-36 -2.189885e-37 -1.892939e-38 -1.514695e-39 -1.115420e-40 -7.478940e-42 -4.472846e-43 -2.279186e-44 -8.632182e-46 -4.775455e-48 7.107432e-49 4.045971e-51 3.131896e-54 5.304346e-58 2.600199e-62 4.462532e-67 0.000000e+00
0.000000e+00 6.738143e-65 3.604973e-60 6.587322e-56 3.285957e-52 2.935207e-49 -1.298406e-47 -7.462466e-45 -2.317710e-43 -4.541388e-42 -7.649151e-41 -1.153230e-39 -1.586108e-38 -2.009910e-37 -2.359503e-36 -2.573496e-35 -2.611002e-34 -2.463887e-33 -2.159645e-32 -1.753523e-31 -1.312888e-30 -8.997036e-30 -5.572434e-29 -3.046792e-28 -1.395952e-27 -4.556751e-27 -9.107572e-28 1.449602e-25 1.563108e-24 1.169498e-23 7.252056e-23 3.933422e-22 1.909753e-21 8.397973e-21 3.366593e-20 1.235043e-19 4.155780e-19 1.284490e-18 3.650356e-18 9.545021e-18 2.297880e-17 5.096344e-17 1.041977e-16 1.965235e-16 3.421128e-16 5.498241e-16 8.154191e-16 1.114006e-15 1.396323e-15 1.592364e-15 1.623962e-15 1.424706e-15 9.621913e-16 2.555927e-16 -6.181366e-16 -1.533267e-15 -2.338818e-15 -2.891263e-15 -3.087842e-15 -2.891263e-15 -2.338818e-15 -1.533267e-15 -6.181366e-16 2.555927e-16 9.621913e-16 1.424706e-15 1.623962e-15 1.592364e-15 1.396323e-15 1.114006e-15 8.154191e-16 5.498241e-16 3.421128e-16 1.965235e-16 1.041977e-16 5.096344e-17 2.297880e-17 9.545021e-18 3.650356e-18 1.284490e-18 4.155780e-19 1.235043e-19 3.366593e-20 8.397973e-21 1.909753e-21 3.933422e-22 7.252056e-23 1.169498e-23 1.563108e-24 1.449602e-25 -9.107572e-28 -4.556751e-27 -1.395952e-27 -3.046792e-28 -5.572434e-29 -8.997036e-30 -1.312888e-30 -1.753523e-31 -2.159645e-32 -2.463887e-33 -2.611002e-34 -2.573496e-35 -2.359503e-36 -2.009910e-37 -1.586108e-38 -1.153230e-39 -7.649151e-41 -4.541388e-42 -2.317710e-43 -7.462466e-45 -1.298406e-47 2.935207e-49 3.285957e-52 6.587322e-56 3.604973e-60 6.738143e-65 0.000000e+00
0.000000e+00 1.835504e-63 8.837831e-59 1.375834e-54 4.862896e-51 -6.556481e-49 -3.506904e-45 -3.731702e-43 -8.775710e-42 -1.494450e-40 -2.285034e-39 -3.191414e-38 -4.110268e-37 -4.907046e-36 -5.445313e-35 -5.622697e-34 -5.401081e-33 -4.819292e-32 -3.982725e-31 -3.033505e-30 -2.112447e-29 -1.326493e-28 -7.315904e-28 -3.335498e-27 -1.022550e-26 9.047443e-27 4.701335e-25 4.819085e-24 3.601626e-23 2.259921e-22 1.246898e-21 6.174565e-21 2.773159e-20 1.136183e-19 4.260411e-19 1.464821e-18 4.622410e-18 1.339332e-17 3.563511e-17 8.704960e-17 1.951582e-16 4.012727e-16 7.557778e-16 1.300983e-15 2.038041e-15 2.881225e-15 3.612634e-15 3.858602e-15 3.110059e-15 7.996412e-16 -3.569827e-15 -1.027166e-14 -1.921765e-14 -2.988061e-14 -4.130961e-14 -5.224785e-14 -6.133515e-14 -6.735341e-14 -6.945984e-14 -6.735341e-14 -6.133515e-14 -5.224785e-14 -4.130961e-14 -2.988061e-14 -1.921765e-14 -1.027166e-14 -3.569827e-15 7.996412e-16 3.110059e-15 3.858602e-15 3.612634e-15 2.881225e-15 2.038041e-15 1.300983e-15 7.557778e-16 4.012727e-16 1.951582e-16 8.704960e-17 3.563511e-17 1.339332e-17 4.622410e-18 1.464821e-18 4.260411e-19 1.136183e-19 2.773159e-20 6.174565e-21 1.246898e-21 2.259921e-22 3.601626e-23 4.819085e-24 4.701335e-25 9.047443e-27 -1.022550e-26 -3.335498e-27 -7.315904e-28 -1.326493e-28 -2.112447e-29 -3.033505e-30 -3.982725e-31 -4.819292e-32 -5.401081e-33 -5.622697e-34 -5.445313e-35 -4.907046e-36 -4.110268e-37 -3.191414e-38 -2.285034e-39 -1.494450e-40 -8.775710e-42 -3.731702e-43 -3.506904e-45 -6.556481e-49 4.862896e-51 1.375834e-54 8.837831e-59 1.835504e-63 0.000000e+00
0.000000e+00 2.484039e-62 1.034953e-57 1.195673e-53 2.537923e-51 -1.393989e-46 -9.403010e-44 -7.525228e-42 -1.546639e-40 -2.408896e-39 -3.431571e-38 -4.509756e-37 -5.496110e-36 -6.228528e-35 -6.570607e-34 -6.450676e-33 -5.884747e-32 -4.973759e-31 -3.875414e-30 -2.761069e-29 -1.773521e-28 -9.996542e-28 -4.643148e-27 -1.426881e-26 1.764139e-26 7.480950e-25 7.763818e-24 5.935426e-23 3.821712e-22 2.167041e-21 1.103834e-20 5.102395e-20 2.152179e-19 8.308724e-19 2.940496e-18 9.545782e-18 2.842538e-17 7.760646e-17 1.940859e-16 4.440055e-16 9.271607e-16 1.761208e-15 3.025538e-15 4.649092e-15 6.246613e-15 6.941935e-15 5.250791e-15 -8.912226e-16 -1.389269e-14 -3.605767e-14 -6.899465e-14 -1.130180e-13 -1.667053e-13 -2.267535e-13 -2.882151e-13 -3.451041e-13 -3.912734e-13 -4.213977e-13 -4.318651e-13 -4.213977e-13 -3.912734e-13 -3.451041e-13 -2.882151e-13 -2.267535e-13 -1.667053e-13 -1.130180e-13 -6.899465e-14 -3.605767e-14 -1.389269e-14 -8.912226e-16 5.250791e-15 6.941935e-15 6.246613e-15 4.649092e-15 3.025538e-15 1.761208e-15 9.271607e-16 4.440055e-16 1.940859e-16 7.760646e-17 2.842538e-17 9.545782e-18 2.940496e-18 8.308724e-19 2.152179e-19 5.102395e-20 1.103834e-20 2.167041e-21 3.821712e-22 5.935426e-23 7.763818e-24 7.480950e-25 1.764139e-26 -1.426881e-26 -4.643148e-27 -9.996542e-28 -1.773521e-28 -2.761069e-29 -3.875414e-30 -4.973759e-31 -5.884747e-32 -6.450676e-33 -6.570607e-34 -6.228528e-35 -5.496110e-36 -4.509756e-37 -3.431571e-38 -2.408896e-39 -1.546639e-40 -7.525228e-42 -9.403010e-44 -1.393989e-46 2.537923e-51 1.195673e-53 1.034953e-57 2.484039e-62 0.000000e+00
0.000000e+00 2.870459e-61 9.148431e-57 2.407692e-53 -1.037799e-48 -3.790436e-45 -1.862698e-42 -1.286569e-40 -2.411099e-39 -3.501201e-38 -4.696014e-37 -5.843124e-36 -6.763196e-35 -7.289788e-34 -7.315166e-33 -6.823714e-32 -5.899417e-31 -4.703434e-30 -3.429682e-29 -2.254881e-28 -1.300435e-27 -6.169170e-27 -1.916808e-26 2.848376e-26 1.110999e-24 1.174745e-23 9.205853e-23 6.088189e-22 3.549549e-21 1.860262e-20 8.851063e-20 3.843701e-19 1.527783e-18 5.565425e-18 1.858624e-17 5.687913e-17 1.593391e-16 4.079031e-16 9.518005e-16 2.016493e-15 3.854466e-15 6.573270e-15 9.779866e-15 1.203483e-14 1.021806e-14 -9.681600e-16 -2.906230e-14 -8.321985e-14 -1.728195e-13 -3.054625e-13 -4.847607e-13 -7.084445e-13 -9.673029e-13 -1.245314e-12 -1.521065e-12 -1.770289e-12 -1.969098e-12 -2.097371e-12 -2.141698e-12 -2.097371e-12 -1.969098e-12 -1.770289e-12 -1.521065e-12 -1.245314e-12 -9.673029e-13 -7.084445e-13 -4.847607e-13 -3.054625e-13 -1.728195e-13 -8.321985e-14 -2.906230e-14 -9.681600e-16 1.021806e-14 1.203483e-14 9.779866e-15 6.573270e-15 3.854466e-15 2.016493e-15 9.518005e-16 4.079031e-16 1.593391e-16 5.687913e-17 1.858624e-17 5.565425e-18 1.527783e-18 3.843701e-19 8.851063e-20 1.860262e-20 3.549549e-21 6.088189e-22 9.205853e-23 1.174745e-23 1.110999e-24 2.848376e-26 -1.916808e-26 -6.169170e-27 -1.300435e-27 -2.254881e-28 -3.429682e-29 -4.703434e-30 -5.899417e-31 -6.823714e-32 -7.315166e-33 -7.289788e-34 -6.763196e-35 -5.843124e-36 -4.696014e-37 -3.501201e-38 -2.411099e-39 -1.286569e-40 -1.862698e-42 -3.790436e-45 -1.037799e-48 2.407692e-53 9.148431e-57 2.870459e-61 0.000000e+00
0.000000e+00 2.586414e-60 2.880774e-56 -1.940327e-51 -2.944346e-47 -7.526867e-44 -3.157620e-41 -1.971880e-39 -3.434789e-38 -4.696035e-37 -5.963434e-36 -7.047136e-35 -7.757935e-34 -7.954053e-33 -7.583670e-32 -6.703750e-31 -5.466587e-30 -4.078129e-29 -2.743373e-28 -1.618405e-27 -7.841610e-27 -2.466244e-26 4.252212e-26 1.567960e-24 1.690673e-23 1.357915e-22 9.220306e-22 5.524429e-21 2.977212e-20 1.457224e-19 6.511337e-19 2.663047e-18 9.979559e-18 3.426563e-17 1.077066e-16 3.094126e-16 8.102576e-16 1.926699e-15 4.135169e-15 7.929910e-15 1.333187e-14 1.884053e-14 1.975182e-14 6.080622e-15 -3.926439e-14 -1.411169e-13 -3.306155e-13 -6.412746e-13 -1.102900e-12 -1.734433e-12 -2.537302e-12 -3.490870e-12 -4.551213e-12 -5.653715e-12 -6.719262e-12 -7.663089e-12 -8.404928e-12 -8.878931e-12 -9.041939e-12 -8.878931e-12 -8.404928e-12 -7.663089e-12 -6.719262e-12 -5.653715e-12 -4.551213e-12 -3.490870e-12 -2.537302e-12 -1.734433e-12 -1.102900e-12 -6.412746e-13 -3.306155e-13 -1.411169e-13 -3.926439e-14 6.080622e-15 1.975182e-14 1.884053e-14 1.333187e-14 7.929910e-15 4.135169e-15 1.926699e-15 8.102576e-16 3.094126e-16 1.077066e-16 3.426563e-17 9.979559e-18 2.663047e-18 6.511337e-19 1.457224e-19 2.977212e-20 5.524429e-21 9.220306e-22 1.357915e-22 1.690673e-23 1.567960e-24 4.252212e-26 -2.466244e-26 -7.841610e-27 -1.618405e-27 -2.743373e-28 -4.078129e-29 -5.466587e-30 -6.703750e-31 -7.583670e-32 -7.954053e-33 -7.757935e-34 -7.047136e-35 -5.963434e-36 -4.696035e-37 -3.434789e-38 -1.971880e-39 -3.157620e-41 -7.526867e-44 -2.944346e-47 -1.940327e-51 2.880774e-56 2.586414e-60 0.000000e+00
0.000000e+00 1.041629e-59 -1.132015e-54 -5.796556e-50 -5.868036e-46 -1.267702e-42 -4.784006e-40 -2.759657e-38 -4.514058e-37 -5.843154e-36 -7.047136e-35 -7.920525e-34 -8.293978e-33 -8.079394e-32 -7.299562e-31 -6.085819e-30 -4.643098e-29 -3.194789e-28 -1.927445e-27 -9.539055e-27 -3.040869e-26 5.916753e-26 2.104328e-24 2.315654e-23 1.906030e-22 1.328291e-21 8.175015e-21 4.527993e-20 2.278663e-19 1.047063e-18 4.403924e-18 1.696824e-17 5.987102e-17 1.932014e-16 5.688803e-16 1.523073e-15 3.687966e-15 8.007703e-15 1.535951e-14 2.525029e-14 3.294950e-14 2.470026e-14 -2.849975e-14 -1.768169e-13 -4.944591e-13 -1.076726e-12 -2.029693e-12 -3.453188e-12 -5.419982e-12 -7.955610e-12 -1.102339e-11 -1.451813e-11 -1.827007e-11 -2.205861e-11 -2.563359e-11 -2.874097e-11 -3.114932e-11 -3.267393e-11 -3.319581e-11 -3.267393e-11 -3.114932e-11 -2.874097e-11 -2.563359e-11 -2.205861e-11 -1.827007e-11 -1.451813e-11 -1.102339e-11 -7.955610e-12 -5.419982e-12 -3.453188e-12 -2.029693e-12 -1.076726e-12 -4.944591e-13 -1.768169e-13 -2.849975e-14 2.470026e-14 3.294950e-14 2.525029e-14 1.535951e-14 8.007703e-15 3.687966e-15 1.523073e-15 5.688803e-16 1.932014e-16 5.987102e-17 1.696824e-17 4.403924e-18 1.047063e-18 2.278663e-19 4.527993e-20 8.175015e-21 1.328291e-21 1.906030e-22 2.315654e-23 2.104328e-24 5.916753e-26 -3.040869e-26 -9.539055e-27 -1.927445e-27 -3.194789e-28 -4.643098e-29 -6.085819e-30 -7.299562e-31 -8.079394e-32 -8.293978e-33 -7.920525e-34 -7.047136e-35 -5.843154e-36 -4.514058e-37 -2.759657e-38 -4.784006e-40 -1.267702e-42 -5.868036e-46 -5.796556e-50 -1.132015e-54 1.041629e-59 0.000000e+00
0.000000e+00 -2.419087e-58 -3.602995e-53 -1.160443e-48 -9.820047e-45 -1.900962e-41 -6.607241e-39 -3.560818e-37 -5.501428e-36 -6.763236e-35 -7.757935e-34 -8.293978e-33 -8.251686e-32 -7.616901e-31 -6.490295e-30 -5.062266e-29 -3.561684e-28 -2.197066e-27 -1.110734e-26 -3.594196e-26 7.713759e-26 2.687030e-24 3.019743e-23 2.546947e-22 1.821064e-21 1.150753e-20 6.547600e-20 3.386048e-19 1.599233e-18 6.913816e-18 2.737596e-17 9.921687e-17 3.285549e-16 9.912032e-16 2.712038e-15 6.683196e-15 1.466379e-14 2.804873e-14 4.465524e-14 5.144199e-14 1.189570e-14 -1.510486e-13 -5.722048e-13 -1.453925e-12 -3.060387e-12 -5.691579e-12 -9.638426e-12 -1.512705e-11 -2.226428e-11 -3.099669e-11 -4.109212e-11 -5.214714e-11 -6.361825e-11 -7.487075e-11 -8.523702e-11 -9.407633e-11 -1.008294e-10 -1.050637e-10 -1.065062e-10 -1.050637e-10 -1.008294e-10 -9.407633e-11 -8.523702e-11 -7.487075e-11 -6.361825e-11 -5.214714e-11 -4.109212e-11 -3.099669e-11 -2.226428e-11 -1.512705e-11 -9.638426e-12 -5.691579e-12 -3.060387e-12 -1.453925e-12 -5.722048e-13 -1.510486e-13 1.189570e-14 5.144199e-14 4.465524e-14 2.804873e-14 1.466379e-14 6.683196e-15 2.712038e-15 9.912032e-16 3.285549e-16 9.921687e-17 2.737596e-17 6.913816e-18 1.599233e-18 3.386048e-19 6.547600e-20 1.150753e-20 1.821064e-21 2.546947e-22 3.019743e-23 2.687030e-24 7.713759e-26 -3.594196e-26 -1.110734e-26 -2.197066e-27 -3.561684e-28 -5.062266e-29 -6.490295e-30 -7.616901e-31 -8.251686e-32 -8.293978e-33 -7.757935e-34 -6.763236e-35 -5.501428e-36 -3.560818e-37 -6.607241e-39 -1.900962e-41 -9.820047e-45 -1.160443e-48 -3.602995e-53 -2.419087e-58 0.000000e+00
0.000000e+00 -8.333397e-57 -7.252232e-52 -1.929170e-47 -1.457059e-43 -2.593248e-40 -8.404599e-38 -4.258654e-36 -6.234624e-35 -7.289835e-34 -7.954053e-33 -8.079394e-32 -7.616901e-31 -6.630967e-30 -5.285733e-29 -3.801600e-28 -2.397298e-27 -1.238177e-26 -4.073407e-26 9.454471e-26 3.265820e-24 3.750601e-23 3.241142e-22 2.376866e-21 1.541503e-20 9.005941e-20 4.783773e-19 2.321177e-18 1.030986e-17 4.193429e-17 1.560447e-16 5.300879e-16 1.638001e-15 4.578811e-15 1.147853e-14 2.542657e-14 4.836136e-14 7.370327e-14 6.916401e-14 -5.406227e-14 -4.845264e-13 -1.555807e-12 -3.774271e-12 -7.807243e-12 -1.441818e-11 -2.435286e-11 -3.819901e-11 -5.625222e-11 -7.842029e-11 -1.041868e-10 -1.326385e-10 -1.625470e-10 -1.924844e-10 -2.209513e-10 -2.464978e-10 -2.678245e-10 -2.838586e-10 -2.938044e-10 -2.971743e-10 -2.938044e-10 -2.838586e-10 -2.678245e-10 -2.464978e-10 -2.209513e-10 -1.924844e-10 -1.625470e-10 -1.326385e-10 -1.041868e-10 -7.842029e-11 -5.625222e-11 -3.819901e-11 -2.435286e-11 -1.441818e-11 -7.807243e-12 -3.774271e-12 -1.555807e-12 -4.845264e-13 -5.406227e-14 6.916401e-14 7.370327e-14 4.836136e-14 2.542657e-14 1.147853e-14 4.578811e-15 1.638001e-15 5.300879e-16 1.560447e-16 4.193429e-17 1.030986e-17 2.321177e-18 4.783773e-19 9.005941e-20 1.541503e-20 2.376866e-21 3.241142e-22 3.750601e-23 3.265820e-24 9.454471e-26 -4.073407e-26 -1.238177e-26 -2.397298e-27 -3.801600e-28 -5.285733e-29 -6.630967e-30 -7.616901e-31 -8.079394e-32 -7.954053e-33 -7.289835e-34 -6.234624e-35 -4.258654e-36 -8.404599e-38 -2.593248e-40 -1.457059e-43 -1.929170e-47 -7.252232e-52 -8.333397e-57 0.000000e+00
0.000000e+00 -1.688356e-55 -1.197402e-50 -2.830891e-46 -1.962488e-42 -3.254256e-39 -9.902461e-37 -4.734125e-35 -6.577098e-34 -7.315219e-33 -7.583670e-32 -7.299562e-31 -6.490295e-30 -5.285733e-29 -3.885087e-28 -2.504107e-27 -1.321503e-26 -4.427401e-26 1.091849e-25 3.779313e-24 4.438019e-23 3.929080e-22 2.954398e-21 1.965730e-20 1.178715e-19 6.428197e-19 3.202985e-18 1.461011e-17 6.101891e-17 2.330540e-16 8.119085e-16 2.569143e-15 7.335960e-15 1.870416e-14 4.180158e-14 7.884525e-14 1.134116e-13 7.262583e-14 -2.428172e-13 -1.259930e-12 -3.742466e-12 -8.859195e-12 -1.815437e-11 -3.338565e-11 -5.624274e-11 -8.800986e-11 -1.292610e-10 -1.796687e-10 -2.379698e-10 -3.020878e-10 -3.693684e-10 -4.368707e-10 -5.016503e-10 -5.609913e-10 -6.125612e-10 -6.544885e-10 -6.853755e-10 -7.042714e-10 -7.106293e-10 -7.042714e-10 -6.853755e-10 -6.544885e-10 -6.125612e-10 -5.609913e-10 -5.016503e-10 -4.368707e-10 -3.693684e-10 -3.020878e-10 -2.379698e-10 -1.796687e-10 -1.292610e-10 -8.800986e-11 -5.624274e-11 -3.338565e-11 -1.815437e-11 -8.859195e-12 -3.742466e-12 -1.259930e-12 -2.428172e-13 7.262583e-14 1.134116e-13 7.884525e-14 4.180158e-14 1.870416e-14 7.335960e-15 2.569143e-15 8.119085e-16 2.330540e-16 6.101891e-17 1.461011e-17 3.202985e-18 6.428197e-19 1.178715e-19 1.965730e-20 2.954398e-21 3.929080e-22 4.438019e-23 3.779313e-24 1.091849e-25 -4.427401e-26 -1.321503e-26 -2.504107e-27 -3.885087e-28 -5.285733e-29 -6.490295e-30 -7.299562e-31 -7.583670e-32 -7.315219e-33 -6.577098e-34 -4.734125e-35 -9.902461e-37 -3.254256e-39 -1.962488e-42 -2.830891e-46 -1.197402e-50 -1.688356e-55 0.000000e+00
0.000000e+00 -2.767933e-54 -1.736794e-49 -3.762201e-45 -2.428315e-41 -3.779606e-38 -1.083964e-35 -4.897102e-34 -6.457093e-33 -6.823770e-32 -6.703750e-31 -6.085819e-30 -5.062266e-29 -3.801600e-28 -2.504107e-27 -1.350498e-26 -4.615625e-26 1.189743e-25 4.165212e-24 5.004132e-23 4.538359e-22 3.498068e-21 2.386948e-20 1.468441e-19 8.218605e-19 4.203544e-18 1.968340e-17 8.438249e-17 3.306943e-16 1.181215e-15 3.827042e-15 1.116188e-14 2.894342e-14 6.523831e-14 1.217372e-13 1.624196e-13 3.592253e-14 -6.726809e-13 -2.862459e-12 -8.158513e-12 -1.906051e-11 -3.885720e-11 -7.122201e-11 -1.195331e-10 -1.860943e-10 -2.714917e-10 -3.742812e-10 -4.910873e-10 -6.170644e-10 -7.465800e-10 -8.739447e-10 -9.940332e-10 -1.102702e-09 -1.196967e-09 -1.274967e-09 -1.335769e-09 -1.379084e-09 -1.404970e-09 -1.413576e-09 -1.404970e-09 -1.379084e-09 -1.335769e-09 -1.274967e-09 -1.196967e-09 -1.102702e-09 -9.940332e-10 -8.739447e-10 -7.465800e-10 -6.170644e-10 -4.910873e-10 -3.742812e-10 -2.714917e-10 -1.860943e-10 -1.195331e-10 -7.122201e-11 -3.885720e-11 -1.906051e-11 -8.158513e-12 -2.862459e-12 -6.726809e-13 3.592253e-14 1.624196e-13 1.217372e-13 6.523831e-14 2.894342e-14 1.116188e-14 3.827042e-15 1.181215e-15 3.306943e-16 8.438249e-17 1.968340e-17 4.203544e-18 8.218605e-19 1.468441e-19 2.386948e-20 3.498068e-21 4.538359e-22 5.004132e-23 4.165212e-24 1.189743e-25 -4.615625e-26 -1.350498e-26 -2.504107e-27 -3.801600e-28 -5.062266e-29 -6.085819e-30 -6.703750e-31 -6.823770e-32 -6.457093e-33 -4.897102e-34 -1.083964e-35 -3.779606e-38 -2.428315e-41 -3.762201e-45 -1.736794e-49 -2.767933e-54 0.000000e+00
0.000000e+00 -3.966287e-53 -2.275992e-48 -4.586998e-44 -2.778564e-40 -4.076294e-37 -1.103820e-34 -4.712876e-33 -5.890631e-32 -5.899472e-31 -5.466587e-30 -4.643098e-29 -3.561684e-28 -2.397298e-27 -1.321503e-26 -4.615625e-26 1.224185e-25 4.372527e-24 5.377571e-23 4.995700e-22 3.946094e-21 2.760568e-20 1.741732e-19 1.000046e-18 5.248404e-18 2.521998e-17 1.109434e-16 4.460123e-16 1.633146e-15 5.417294e-15 1.613935e-14 4.256930e-14 9.677005e-14 1.783095e-13 2.159181e-13 -8.159087e-14 -1.518830e-12 -5.862155e-12 -1.633736e-11 -3.791867e-11 -7.707823e-11 -1.407971e-10 -2.349709e-10 -3.626862e-10 -5.229726e-10 -7.104744e-10 -9.161455e-10 -1.128730e-09 -1.336588e-09 -1.529405e-09 -1.699429e-09 -1.842093e-09 -1.956007e-09 -2.042472e-09 -2.104687e-09 -2.146835e-09 -2.173198e-09 -2.187404e-09 -2.191859e-09 -2.187404e-09 -2.173198e-09 -2.146835e-09 -2.104687e-09 -2.042472e-09 -1.956007e-09 -1.842093e-09 -1.699429e-09 -1.529405e-09 -1.336588e-09 -1.128730e-09 -9.161455e-10 -7.104744e-10 -5.229726e-10 -3.626862e-10 -2.349709e-10 -1.407971e-10 -7.707823e-11 -3.791867e-11 -1.633736e-11 -5.862155e-12 -1.518830e-12 -8.159087e-14 2.159181e-13 1.783095e-13 9.677005e-14 4.256930e-14 1.613935e-14 5.417294e-15 1.633146e-15 4.460123e-16 1.109434e-16 2.521998e-17 5.248404e-18 1.000046e-18 1.741732e-19 2.760568e-20 3.946094e-21 4.995700e-22 5.377571e-23 4.372527e-24 1.224185e-25 -4.615625e-26 -1.321503e-26 -2.397298e-27 -3.561684e-28 -4.643098e-29 -5.466587e-30 -5.899472e-31 -5.890631e-32 -4.712876e-33 -1.103820e-34 -4.076294e-37 -2.778564e-40 -4.586998e-44 -2.275992e-48 -3.966287e-53 0.000000e+00
0.000000e+00 -5.121787e-52 -2.732315e-47 -5.166997e-43 -2.950622e-39 -4.088522e-36 -1.045645e-33 -4.213620e-32 -4.978744e-31 -4.703483e-30 -4.078129e-29 -3.194789e-28 -2.197066e-27 -1.238177e-26 -4.427401e-26 1.189743e-25 4.372527e-24 5.508088e-23 5.241226e-22 4.241769e-21 3.041322e-20 1.967289e-19 1.158383e-18 6.235921e-18 3.074060e-17 1.387245e-16 5.719733e-16 2.146721e-15 7.290489e-15 2.219020e-14 5.955505e-14 1.365874e-13 2.482160e-13 2.654070e-13 -3.330884e-13 -3.005382e-12 -1.099970e-11 -3.030973e-11 -7.018115e-11 -1.424278e-10 -2.591102e-10 -4.289450e-10 -6.536808e-10 -9.259378e-10 -1.229459e-09 -1.541743e-09 -1.838175e-09 -2.096415e-09 -2.299899e-09 -2.439838e-09 -2.515558e-09 -2.533499e-09 -2.505352e-09 -2.445876e-09 -2.370776e-09 -2.294931e-09 -2.231045e-09 -2.188733e-09 -2.173957e-09 -2.188733e-09 -2.231045e-09 -2.294931e-09 -2.370776e-09 -2.445876e-09 -2.505352e-09 -2.533499e-09 -2.515558e-09 -2.439838e-09 -2.299899e-09 -2.096415e-09 -1.838175e-09 -1.541743e-09 -1.229459e-09 -9.259378e-10 -6.536808e-10 -4.289450e-10 -2.591102e-10 -1.424278e-10 -7.018115e-11 -3.030973e-11 -1.099970e-11 -3.005382e-12 -3.330884e-13 2.654070e-13 2.482160e-13 1.365874e-13 5.955505e-14 2.219020e-14 7.290489e-15 2.146721e-15 5.719733e-16 1.387245e-16 3.074060e-17 6.235921e-18 1.158383e-18 1.967289e-19 3.041322e-20 4.241769e-21 5.241226e-22 5.508088e-23 4.372527e-24 1.189743e-25 -4.427401e-26 -1.238177e-26 -2.197066e-27 -3.194789e-28 -4.078129e-29 -4.703483e-30 -4.978744e-31 -4.213620e-32 -1.045645e-33 -4.088522e-36 -2.950622e-39 -5.166997e-43 -2.732315e-47 -5.121787e-52 0.000000e+00
0.000000e+00 -6.049731e-51 -3.027584e-46 -5.398290e-42 -2.912960e-38 -3.814407e-35 -9.203178e-33 -3.489843e-31 -3.879296e-30 -3.429722e-29 -2.743373e-28 -1.927445e-27 -1.110734e-26 -4.073407e-26 1.091849e-25 4.165212e-24 5.377571e-23 5.241226e-22 4.345131e-21 3.192144e-20 2.116296e-19 1.277519e-18 7.052142e-18 3.565350e-17 1.650140e-16 6.976606e-16 2.683689e-15 9.331791e-15 2.902590e-14 7.930857e-14 1.836496e-13 3.290544e-13 2.999086e-13 -7.750297e-13 -5.371680e-12 -1.909599e-11 -5.240421e-11 -1.214069e-10 -2.461794e-10 -4.456077e-10 -7.297007e-10 -1.092409e-09 -1.508515e-09 -1.936480e-09 -2.326401e-09 -2.630272e-09 -2.811275e-09 -2.849700e-09 -2.744625e-09 -2.511853e-09 -2.179440e-09 -1.782314e-09 -1.357250e-09 -9.389473e-10 -5.575037e-10 -2.371799e-10 3.860493e-12 1.532310e-10 2.037955e-10 1.532310e-10 3.860493e-12 -2.371799e-10 -5.575037e-10 -9.389473e-10 -1.357250e-09 -1.782314e-09 -2.179440e-09 -2.511853e-09 -2.744625e-09 -2.849700e-09 -2.811275e-09 -2.630272e-09 -2.326401e-09 -1.936480e-09 -1.508515e-09 -1.092409e-09 -7.297007e-10 -4.456077e-10 -2.461794e-10 -1.214069e-10 -5.240421e-11 -1.909599e-11 -5.371680e-12 -7.750297e-13 2.999086e-13 3.290544e-13 1.836496e-13 7.930857e-14 2.902590e-14 9.331791e-15 2.683689e-15 6.976606e-16 1.650140e-16 3.565350e-17 7.052142e-18 1.277519e-18 2.116296e-19 3.192144e-20 4.345131e-21 5.241226e-22 5.377571e-23 4.165212e-24 1.091849e-25 -4.073407e-26 -1.110734e-26 -1.927445e-27 -2.743373e-28 -3.429722e-29 -3.879296e-30 -3.489843e-31 -9.203178e-33 -3.814407e-35 -2.912960e-38 -5.398290e-42 -3.027584e-46 -6.049731e-51 0.000000e+00
0.000000e+00 -6.588929e-50 -3.109408e-45 -5.241100e-41 -2.674513e-37 -3.306825e-34 -7.506563e-32 -2.664755e-30 -2.763822e-29 -2.254911e-28 -1.618405e-27 -9.539055e-27 -3.594196e-26 9.454471e-26 3.779313e-24 5.004132e-23 4.995700e-22 4.241769e-21 3.192144e-20 2.168412e-19 1.341568e-18 7.591878e-18 3.935392e-17 1.867638e-16 8.095725e-16 3.191664e-15 1.136464e-14 3.613668e-14 1.005929e-13 2.354642e-13 4.163348e-13 3.088231e-13 -1.450375e-12 -8.809134e-12 -3.086801e-11 -8.480108e-11 -1.970195e-10 -3.994054e-10 -7.185827e-10 -1.160367e-09 -1.696446e-09 -2.261449e-09 -2.763859e-09 -3.106967e-09 -3.211722e-09 -3.033663e-09 -2.569603e-09 -1.854049e-09 -9.485089e-10 7.209552e-11 1.132134e-09 2.164726e-09 3.117094e-09 3.952097e-09 4.646898e-09 5.189925e-09 5.577172e-09 5.808665e-09 5.885625e-09 5.808665e-09 5.577172e-09 5.189925e-09 4.646898e-09 3.952097e-09 3.117094e-09 2.164726e-09 1.132134e-09 7.209552e-11 -9.485089e-10 -1.854049e-09 -2.569603e-09 -3.033663e-09 -3.211722e-09 -3.106967e-09 -2.763859e-09 -2.261449e-09 -1.696446e-09 -1.160367e-09 -7.185827e-10 -3.994054e-10 -1.970195e-10 -8.480108e-11 -3.086801e-11 -8.809134e-12 -1.450375e-12 3.088231e-13 4.163348e-13 2.354642e-13 1.005929e-13 3.613668e-14 1.136464e-14 3.191664e-15 8.095725e-16 1.867638e-16 3.935392e-17 7.591878e-18 1.341568e-18 2.168412e-19 3.192144e-20 4.241769e-21 4.995700e-22 5.004132e-23 3.779313e-24 9.454471e-26 -3.594196e-26 -9.539055e-27 -1.618405e-27 -2.254911e-28 -2.763822e-29 -2.664755e-30 -7.506563e-32 -3.306825e-34 -2.674513e-37 -5.241100e-41 -3.109408e-45 -6.588929e-50 0.000000e+00
0.000000e+00 -6.646536e-49 -2.966219e-44 -4.731263e-40 -2.281919e-36 -2.657878e-33 -5.649470e-31 -1.861231e-29 -1.775271e-28 -1.300456e-27 -7.841613e-27 -3.040869e-26 7.713759e-26 3.265820e-24 4.438019e-23 4.538359e-22 3.946094e-21 3.041322e-20 2.116296e-19 1.341568e-18 7.780746e-18 4.134459e-17 2.011551e-16 8.938971e-16 3.611811e-15 1.317183e-14 4.283542e-14 1.215866e-13 2.881517e-13 5.039271e-13 2.858280e-13 -2.367304e-12 -1.337703e-11 -4.666655e-11 -1.288586e-10 -3.008312e-10 -6.101118e-10 -1.090024e-09 -1.730055e-09 -2.452800e-09 -3.115378e-09 -3.541181e-09 -3.569464e-09 -3.100923e-09 -2.122199e-09 -7.039148e-10 1.022471e-09 2.897814e-09 4.767340e-09 6.504266e-09 8.022132e-09 9.276750e-09 1.026066e-08 1.099352e-08 1.151132e-08 1.185638e-08 1.206930e-08 1.218289e-08 1.221833e-08 1.218289e-08 1.206930e-08 1.185638e-08 1.151132e-08 1.099352e-08 1.026066e-08 9.276750e-09 8.022132e-09 6.504266e-09 4.767340e-09 2.897814e-09 1.022471e-09 -7.039148e-10 -2.122199e-09 -3.100923e-09 -3.569464e-09 -3.541181e-09 -3.115378e-09 -2.452800e-09 -1.730055e-09 -1.090024e-09 -6.101118e-10 -3.008312e-10 -1.288586e-10 -4.666655e-11 -1.337703e-11 -2.367304e-12 2.858280e-13 5.039271e-13 2.881517e-13 1.215866e-13 4.283542e-14 1.317183e-14 3.611811e-15 8.938971e-16 2.011551e-16 4.134459e-17 7.780746e-18 1.341568e-18 2.116296e-19 3.041322e-20 3.946094e-21 4.538359e-22 4.438019e-23 3.265820e-24 7.713759e-26 -3.040869e-26 -7.841613e-27 -1.300456e-27 -1.775271e-28 -1.861231e-29 -5.649470e-31 -2.657878e-33 -2.281919e-36 -4.731263e-40 -2.966219e-44 -6.646536e-49 0.000000e+00
0.000000e+00 -6.224321e-48 -2.630195e-43 -3.968823e-39 -1.805672e-35 -1.972946e-32 -3.895526e-30 -1.173267e-28 -1.000619e-27 -6.169303e-27 -2.466245e-26 5.916753e-26 2.687030e-24 3.750601e-23 3.929080e-22 3.498068e-21 2.760568e-20 1.967289e-19 1.277519e-18 7.591878e-18 4.134459e-17 2.061925e-16 9.392704e-16 3.889762e-15 1.453196e-14 4.835825e-14 1.401072e-13 3.368469e-13 5.848907e-13 2.324193e-13 -3.480336e-12 -1.892038e-11 -6.619542e-11 -1.843411e-10 -4.332953e-10 -8.799151e-10 -1.560171e-09 -2.425970e-09 -3.307857e-09 -3.931012e-09 -3.994138e-09 -3.276466e-09 -1.718247e-09 5.594395e-10 3.294443e-09 6.158448e-09 8.835873e-09 1.108277e-08 1.275600e-08 1.381455e-08 1.430144e-08 1.431675e-08 1.399000e-08 1.345707e-08 1.284406e-08 1.225768e-08 1.178088e-08 1.147195e-08 1.136521e-08 1.147195e-08 1.178088e-08 1.225768e-08 1.284406e-08 1.345707e-08 1.399000e-08 1.431675e-08 1.430144e-08 1.381455e-08 1.275600e-08 1.108277e-08 8.835873e-09 6.158448e-09 3.294443e-09 5.594395e-10 -1.718247e-09 -3.276466e-09 -3.994138e-09 -3.931012e-09 -3.307857e-09 -2.425970e-09 -1.560171e-09 -8.799151e-10 -4.332953e-10 -1.843411e-10 -6.619542e-11 -1.892038e-11 -3.480336e-12 2.324193e-13 5.848907e-13 3.368469e-13 1.401072e-13 4.835825e-14 1.453196e-14 3.889762e-15 9.392704e-16 2.061925e-16 4.134459e-17 7.591878e-18 1.277519e-18 1.967289e-19 2.760568e-20 3.498068e-21 3.929080e-22 3.750601e-23 2.687030e-24 5.916753e-26 -2.466245e-26 -6.169303e-27 -1.000619e-27 -1.173267e-28 -3.895526e-30 -1.972946e-32 -1.805672e-35 -3.968823e-39 -2.630195e-43 -6.224321e-48 0.000000e+00
0.000000e+00 -5.416156e-47 -2.166963e-42 -3.088321e-38 -1.320561e-34 -1.344085e-31 -2.431886e-29 -6.507163e-28 -4.647410e-27 -1.916880e-26 4.252202e-26 2.104328e-24 3.019743e-23 3.241142e-22 2.954398e-21 2.386948e-20 1.741732e-19 1.158383e-18 7.052142e-18 3.935392e-17 2.011551e-16 9.392704e-16 3.987046e-15 1.526332e-14 5.200399e-14 1.539683e-13 3.764005e-13 6.524573e-13 1.593576e-13 -4.682742e-12 -2.502323e-11 -8.831020e-11 -2.487835e-10 -5.899744e-10 -1.201202e-09 -2.113631e-09 -3.210295e-09 -4.169280e-09 -4.514383e-09 -3.789242e-09 -1.769922e-09 1.412229e-09 5.301068e-09 9.263713e-09 1.267518e-08 1.506785e-08 1.620580e-08 1.608371e-08 1.487492e-08 1.285770e-08 1.034483e-08 7.630577e-09 4.959271e-09 2.513617e-09 4.169263e-10 -1.256260e-09 -2.466586e-09 -3.196626e-09 -3.440389e-09 -3.196626e-09 -2.466586e-09 -1.256260e-09 4.169263e-10 2.513617e-09 4.959271e-09 7.630577e-09 1.034483e-08 1.285770e-08 1.487492e-08 1.608371e-08 1.620580e-08 1.506785e-08 1.267518e-08 9.263713e-09 5.301068e-09 1.412229e-09 -1.769922e-09 -3.789242e-09 -4.514383e-09 -4.169280e-09 -3.210295e-09 -2.113631e-09 -1.201202e-09 -5.899744e-10 -2.487835e-10 -8.831020e-11 -2.502323e-11 -4.682742e-12 1.593576e-13 6.524573e-13 3.764005e-13 1.539683e-13 5.200399e-14 1.526332e-14 3.987046e-15 9.392704e-16 2.011551e-16 3.935392e-17 7.052142e-18 1.158383e-18 1.741732e-19 2.386948e-20 2.954398e-21 3.241142e-22 3.019743e-23 2.104328e-24 4.252202e-26 -1.916880e-26 -4.647410e-27 -6.507163e-28 -2.431886e-29 -1.344085e-31 -1.320561e-34 -3.088321e-38 -2.166963e-42 -5.416156e-47 0.000000e+00
0.000000e+00 -4.378096e-46 -1.656297e-41 -2.222372e-37 -8.876384e-34 -8.316819e-31 -1.344674e-28 -2.996680e-27 -1.427961e-26 2.848062e-26 1.567959e-24 2.315654e-23 2.546947e-22 2.376866e-21 1.965730e-20 1.468441e-19 1.000046e-18 6.235921e-18 3.565350e-17 1.867638e-16 8.938971e-16 3.889762e-15 1.526332e-14 5.327862e-14 1.613961e-13 4.022453e-13 7.009073e-13 8.479720e-14 -5.817348e-12 -3.102872e-11 -1.110014e-10 -3.172674e-10 -7.608074e-10 -1.555823e-09 -2.718781e-09 -4.024582e-09 -4.923960e-09 -4.661550e-09 -2.623789e-09 1.269019e-09 6.408806e-09 1.169740e-08 1.594759e-08 1.825731e-08 1.821936e-08 1.593555e-08 1.188347e-08 6.727170e-09 1.142376e-09 -4.305838e-09 -9.220634e-09 -1.338039e-08 -1.671176e-08 -1.924781e-08 -2.108483e-08 -2.234448e-08 -2.314572e-08 -2.358493e-08 -2.372426e-08 -2.358493e-08 -2.314572e-08 -2.234448e-08 -2.108483e-08 -1.924781e-08 -1.671176e-08 -1.338039e-08 -9.220634e-09 -4.305838e-09 1.142376e-09 6.727170e-09 1.188347e-08 1.593555e-08 1.821936e-08 1.825731e-08 1.594759e-08 1.169740e-08 6.408806e-09 1.269019e-09 -2.623789e-09 -4.661550e-09 -4.923960e-09 -4.024582e-09 -2.718781e-09 -1.555823e-09 -7.608074e-10 -3.172674e-10 -1.110014e-10 -3.102872e-11 -5.817348e-12 8.479720e-14 7.009073e-13 4.022453e-13 1.613961e-13 5.327862e-14 1.526332e-14 3.889762e-15 8.938971e-16 1.867638e-16 3.565350e-17 6.235921e-18 1.000046e-18 1.468441e-19 1.965730e-20 2.376866e-21 2.546947e-22 2.315654e-23 1.567959e-24 2.848062e-26 -1.427961e-26 -2.996680e-27 -1.344674e-28 -8.316819e-31 -8.876384e-34 -2.222372e-37 -1.656297e-41 -4.378096e-46 0.000000e+00
0.000000e+00 -3.283269e-45 -1.171237e-40 -1.471566e-36 -5.433981e-33 -4.588237e-30 -6.280491e-28 -9.458338e-27 1.768600e-26 1.110991e-24 1.690673e-23 1.906030e-22 1.821064e-21 1.541503e-20 1.178715e-19 8.218605e-19 5.248404e-18 3.074060e-17 1.650140e-16 8.095725e-16 3.611811e-15 1.453196e-14 5.200399e-14 1.613961e-13 4.112344e-13 7.261772e-13 2.919159e-14 -6.706863e-12 -3.613975e-11 -1.316290e-10 -3.828215e-10 -9.306513e-10 -1.916071e-09 -3.331137e-09 -4.801475e-09 -5.469339e-09 -4.223652e-09 -3.356615e-10 5.864113e-09 1.284975e-08 1.850748e-08 2.105090e-08 1.965088e-08 1.456451e-08 6.870793e-09 -1.990335e-09 -1.065199e-08 -1.809248e-08 -2.374060e-08 -2.744289e-08 -2.935634e-08 -2.982506e-08 -2.926735e-08 -2.809787e-08 -2.667889e-08 -2.530002e-08 -2.417456e-08 -2.344531e-08 -2.319354e-08 -2.344531e-08 -2.417456e-08 -2.530002e-08 -2.667889e-08 -2.809787e-08 -2.926735e-08 -2.982506e-08 -2.935634e-08 -2.744289e-08 -2.374060e-08 -1.809248e-08 -1.065199e-08 -1.990335e-09 6.870793e-09 1.456451e-08 1.965088e-08 2.105090e-08 1.850748e-08 1.284975e-08 5.864113e-09 -3.356615e-10 -4.223652e-09 -5.469339e-09 -4.801475e-09 -3.331137e-09 -1.916071e-09 -9.306513e-10 -3.828215e-10 -1.316290e-10 -3.613975e-11 -6.706863e-12 2.919159e-14 7.261772e-13 4.112344e-13 1.613961e-13 5.200399e-14 1.453196e-14 3.611811e-15 8.095725e-16 1.650140e-16 3.074060e-17 5.248404e-18 8.218605e-19 1.178715e-19 1.541503e-20 1.821064e-21 1.906030e-22 1.690673e-23 1.110991e-24 1.768600e-26 -9.458338e-27 -6.280491e-28 -4.588237e-30 -5.433981e-33 -1.471566e-36 -1.171237e-40 -3.283269e-45 0.000000e+00
