0.000000e+00 0.000000e+00 0.000000e+00 0.000000e+00 0.000000e+00 0.000000e+00 0.000000e+00 0.000000e+00 0.000000e+00 0.000000e+00 0.000000e+00 0.000000e+00 0.000000e+00 0.000000e+00 0.000000e+00 0.000000e+00 0.000000e+00 0.000000e+00 0.000000e+00 0.000000e+00 0.000000e+00 0.000000e+00 0.000000e+00 0.000000e+00 0.000000e+00 0.000000e+00 0.000000e+00 0.000000e+00 0.000000e+00 0.000000e+00 0.000000e+00 0.000000e+00 0.000000e+00 0.000000e+00 0.000000e+00 0.000000e+00 0.000000e+00 0.000000e+00 0.000000e+00 0.000000e+00 0.000000e+00 0.000000e+00 0.000000e+00 0.000000e+00 0.000000e+00 0.000000e+00 0.000000e+00 0.000000e+00 0.000000e+00 0.000000e+00 0.000000e+00 0.000000e+00 0.000000e+00 0.000000e+00 0.000000e+00 0.000000e+00 0.000000e+00 0.000000e+00 0.000000e+00 0.000000e+00 0.000000e+00 0.000000e+00 0.000000e+00 0.000000e+00 0.000000e+00 0.000000e+00 0.000000e+00 0.000000e+00 0.000000e+00 0.000000e+00 0.000000e+00 0.000000e+00 0.000000e+00 0.000000e+00 0.000000e+00 0.000000e+00 0.000000e+00 0.000000e+00 0.000000e+00 0.000000e+00 0.000000e+00 0.000000e+00 0.000000e+00 0.000000e+00 0.000000e+00 0.000000e+00 0.000000e+00 0.000000e+00 0.000000e+00 0.000000e+00 0.000000e+00 0.000000e+00 0.000000e+00 0.000000e+00 0.000000e+00 0.000000e+00 0.000000e+00 0.000000e+00 0.000000e+00 0.000000e+00 0.000000e+00 0.000000e+00 0.000000e+00 0.000000e+00 0.000000e+00 0.000000e+00 0.000000e+00 0.000000e+00 0.000000e+00 0.000000e+00 0.000000e+00 0.000000e+00 0.000000e+00 0.000000e+00 0.000000e+00 0.000000e+00
8.551227e-83 1.122517e-77 5.753822e-73 9.976593e-69 4.831953e-65 5.081903e-62 8.896015e-60 2.899885e-58 4.889320e-57 7.644359e-56 1.121023e-54 1.536905e-53 1.960410e-52 2.309528e-51 2.482769e-50 2.382375e-49 1.945350e-48 1.172273e-47 1.415753e-47 -9.997309e-46 -2.069277e-44 -2.896621e-43 -3.367895e-42 -3.451675e-41 -3.197902e-40 -2.712930e-39 -2.122677e-38 -1.538374e-37 -1.035381e-36 -6.481457e-36 -3.777079e-35 -2.049870e-34 -1.036140e-33 -4.877188e-33 -2.137222e-32 -8.715384e-32 -3.305875e-31 -1.165877e-30 -3.821229e-30 -1.163552e-29 -3.290745e-29 -8.643252e-29 -2.108375e-28 -4.777324e-28 -1.005829e-27 -1.968531e-27 -3.582824e-27 -6.066270e-27 -9.555973e-27 -1.400009e-26 -1.905463e-26 -2.403495e-26 -2.797016e-26 -2.978114e-26 -2.855548e-26 -2.384307e-26 -1.586854e-26 -5.570243e-27 5.570243e-27 1.586854e-26 2.384307e-26 2.855548e-26 2.978114e-26 2.797016e-26 2.403495e-26 1.905463e-26 1.400009e-26 9.555973e-27 6.066270e-27 3.582824e-27 1.968531e-27 1.005829e-27 4.777324e-28 2.108375e-28 8.643252e-29 3.290745e-29 1.163552e-29 3.821229e-30 1.165877e-30 3.305875e-31 8.715384e-32 2.137222e-32 4.877188e-33 1.036140e-33 2.049870e-34 3.777079e-35 6.481457e-36 1.035381e-36 1.538374e-37 2.122677e-38 2.712930e-39 3.197902e-40 3.451675e-41 3.367895e-42 2.896621e-43 2.069277e-44 9.997309e-46 -1.415753e-47 -1.172273e-47 -1.945350e-48 -2.382375e-49 -2.482769e-50 -2.309528e-51 -1.960410e-52 -1.536905e-53 -1.121023e-54 -7.644359e-56 -4.889320e-57 -2.899885e-58 -8.896015e-60 -5.081903e-62 -4.831953e-65 -9.976593e-69 -5.753822e-73 -1.122517e-77 -8.551227e-83
7.348815e-78 9.238546e-73 4.533900e-68 7.523166e-64 3.484483e-60 3.501180e-57 5.848833e-55 1.819235e-53 2.929094e-52 4.364436e-51 6.078437e-50 7.873234e-49 9.410942e-48 1.024742e-46 9.923005e-46 8.097971e-45 4.693699e-44 -1.630822e-45 -5.414908e-42 -1.066577e-40 -1.492253e-39 -1.755181e-38 -1.828945e-37 -1.727635e-36 -1.497050e-35 -1.198081e-34 -8.891073e-34 -6.133456e-33 -3.938908e-32 -2.356781e-31 -1.314303e-30 -6.831696e-30 -3.309383e-29 -1.493528e-28 -6.276933e-28 -2.455545e-27 -8.937364e-27 -3.025110e-26 -9.518820e-26 -2.783700e-25 -7.564966e-25 -1.910544e-24 -4.485088e-24 -9.790920e-24 -1.988638e-23 -3.760558e-23 -6.625302e-23 -1.088088e-22 -1.666332e-22 -2.379151e-22 -3.163879e-22 -3.909909e-22 -4.470311e-22 -4.689734e-22 -4.443517e-22 -3.677149e-22 -2.432702e-22 -8.513850e-23 8.513850e-23 2.432702e-22 3.677149e-22 4.443517e-22 4.689734e-22 4.470311e-22 3.909909e-22 3.163879e-22 2.379151e-22 1.666332e-22 1.088088e-22 6.625302e-23 3.760558e-23 1.988638e-23 9.790920e-24 4.485088e-24 1.910544e-24 7.564966e-25 2.783700e-25 9.518820e-26 3.025110e-26 8.937364e-27 2.455545e-27 6.276933e-28 1.493528e-28 3.309383e-29 6.831696e-30 1.314303e-30 2.356781e-31 3.938908e-32 6.133456e-33 8.891073e-34 1.198081e-34 1.497050e-35 1.727635e-36 1.828945e-37 1.755181e-38 1.492253e-39 1.066577e-40 5.414908e-42 1.630822e-45 -4.693699e-44 -8.097971e-45 -9.923005e-46 -1.024742e-46 -9.410942e-48 -7.873234e-49 -6.078437e-50 -4.364436e-51 -2.929094e-52 -1.819235e-53 -5.848833e-55 -3.501180e-57 -3.484483e-60 -7.523166e-64 -4.533900e-68 -9.238546e-73 -7.348815e-78
2.307582e-73 2.777460e-68 1.304436e-63 2.069935e-59 9.159400e-56 8.780596e-53 1.397180e-50 4.136636e-49 6.340551e-48 8.964771e-47 1.178192e-45 1.427550e-44 1.572594e-43 1.533948e-42 1.246413e-41 6.839171e-41 -1.212737e-40 -1.074462e-38 -2.034598e-37 -2.847712e-36 -3.387094e-35 -3.585880e-34 -3.450456e-33 -3.051011e-32 -2.494812e-31 -1.893676e-30 -1.337368e-29 -8.799759e-29 -5.398757e-28 -3.089313e-27 -1.648867e-26 -8.206942e-26 -3.808034e-25 -1.646465e-24 -6.630136e-24 -2.485372e-23 -8.668693e-23 -2.812119e-22 -8.482115e-22 -2.378490e-21 -6.200690e-21 -1.503223e-20 -3.390375e-20 -7.118638e-20 -1.392606e-19 -2.540650e-19 -4.326660e-19 -6.883448e-19 -1.023604e-18 -1.422765e-18 -1.846926e-18 -2.234307e-18 -2.508002e-18 -2.590888e-18 -2.424683e-18 -1.987921e-18 -1.307009e-18 -4.560002e-19 4.560002e-19 1.307009e-18 1.987921e-18 2.424683e-18 2.590888e-18 2.508002e-18 2.234307e-18 1.846926e-18 1.422765e-18 1.023604e-18 6.883448e-19 4.326660e-19 2.540650e-19 1.392606e-19 7.118638e-20 3.390375e-20 1.503223e-20 6.200690e-21 2.378490e-21 8.482115e-22 2.812119e-22 8.668693e-23 2.485372e-23 6.630136e-24 1.646465e-24 3.808034e-25 8.206942e-26 1.648867e-26 3.089313e-27 5.398757e-28 8.799759e-29 1.337368e-29 1.893676e-30 2.494812e-31 3.051011e-32 3.450456e-33 3.585880e-34 3.387094e-35 2.847712e-36 2.034598e-37 1.074462e-38 1.212737e-40 -6.839171e-41 -1.246413e-41 -1.533948e-42 -1.572594e-43 -1.427550e-44 -1.178192e-45 -8.964771e-47 -6.340551e-48 -4.136636e-49 -1.397180e-50 -8.780596e-53 -9.159400e-56 -2.069935e-59 -1.304436e-63 -2.777460e-68 -2.307582e-73
2.244010e-69 2.584743e-64 1.160905e-59 1.759976e-55 7.430074e-52 6.782725e-49 1.025321e-46 2.879354e-45 4.182054e-44 5.572568e-43 6.837591e-42 7.610526e-41 7.462718e-40 6.010533e-39 3.051302e-38 -1.316842e-37 -6.644916e-36 -1.219047e-34 -1.708109e-33 -2.053669e-32 -2.207376e-31 -2.161769e-30 -1.948688e-29 -1.626419e-28 -1.261315e-27 -9.108738e-27 -6.133299e-26 -3.853298e-25 -2.259413e-24 -1.236452e-23 -6.313635e-23 -3.007040e-22 -1.335210e-21 -5.524321e-21 -2.128577e-20 -7.634024e-20 -2.547259e-19 -7.904908e-19 -2.281072e-18 -6.120636e-18 -1.527437e-17 -3.546824e-17 -7.668911e-17 -1.545445e-16 -2.905940e-16 -5.104642e-16 -8.387248e-16 -1.290374e-15 -1.860283e-15 -2.513589e-15 -3.181028e-15 -3.762819e-15 -4.142727e-15 -4.210761e-15 -3.889626e-15 -3.157883e-15 -2.062684e-15 -7.172926e-16 7.172926e-16 2.062684e-15 3.157883e-15 3.889626e-15 4.210761e-15 4.142727e-15 3.762819e-15 3.181028e-15 2.513589e-15 1.860283e-15 1.290374e-15 8.387248e-16 5.104642e-16 2.905940e-16 1.545445e-16 7.668911e-17 3.546824e-17 1.527437e-17 6.120636e-18 2.281072e-18 7.904908e-19 2.547259e-19 7.634024e-20 2.128577e-20 5.524321e-21 1.335210e-21 3.007040e-22 6.313635e-23 1.236452e-23 2.259413e-24 3.853298e-25 6.133299e-26 9.108738e-27 1.261315e-27 1.626419e-28 1.948688e-29 2.161769e-30 2.207376e-31 2.053669e-32 1.708109e-33 1.219047e-34 6.644916e-36 1.316842e-37 -3.051302e-38 -6.010533e-39 -7.462718e-40 -7.610526e-41 -6.837591e-42 -5.572568e-43 -4.182054e-44 -2.879354e-45 -1.025321e-46 -6.782725e-49 -7.430074e-52 -1.759976e-55 -1.160905e-59 -2.584743e-64 -2.244010e-69
5.418521e-66 5.968593e-61 2.561097e-56 3.704375e-52 1.489188e-48 1.291085e-45 1.847098e-43 4.894038e-42 6.686296e-41 8.300497e-40 9.322204e-39 9.169058e-38 7.280373e-37 3.301746e-36 -2.733471e-35 -1.030043e-33 -1.842016e-32 -2.585459e-31 -3.141092e-30 -3.425393e-29 -3.411449e-28 -3.132140e-27 -2.665628e-26 -2.109886e-25 -1.556324e-24 -1.071127e-23 -6.882625e-23 -4.129896e-22 -2.314043e-21 -1.210417e-20 -5.908108e-20 -2.689585e-19 -1.141279e-18 -4.511336e-18 -1.660234e-17 -5.685324e-17 -1.810831e-16 -5.363130e-16 -1.476868e-15 -3.781962e-15 -9.010134e-15 -1.998468e-14 -4.130977e-14 -7.967963e-14 -1.436199e-13 -2.422875e-13 -3.831444e-13 -5.687181e-13 -7.931677e-13 -1.039774e-12 -1.280548e-12 -1.478792e-12 -1.594670e-12 -1.592923e-12 -1.451028e-12 -1.165735e-12 -7.561139e-13 -2.620139e-13 2.620139e-13 7.561139e-13 1.165735e-12 1.451028e-12 1.592923e-12 1.594670e-12 1.478792e-12 1.280548e-12 1.039774e-12 7.931677e-13 5.687181e-13 3.831444e-13 2.422875e-13 1.436199e-13 7.967963e-14 4.130977e-14 1.998468e-14 9.010134e-15 3.781962e-15 1.476868e-15 5.363130e-16 1.810831e-16 5.685324e-17 1.660234e-17 4.511336e-18 1.141279e-18 2.689585e-19 5.908108e-20 1.210417e-20 2.314043e-21 4.129896e-22 6.882625e-23 1.071127e-23 1.556324e-24 2.109886e-25 2.665628e-26 3.132140e-27 3.411449e-28 3.425393e-29 3.141092e-30 2.585459e-31 1.842016e-32 1.030043e-33 2.733471e-35 -3.301746e-36 -7.280373e-37 -9.169058e-38 -9.322204e-39 -8.300497e-40 -6.686296e-41 -4.894038e-42 -1.847098e-43 -1.291085e-45 -1.489188e-48 -3.704375e-52 -2.561097e-56 -5.968593e-61 -5.418521e-66
2.468061e-63 2.597454e-58 1.063443e-53 1.464846e-49 5.593142e-46 4.588144e-43 6.177964e-41 1.531778e-39 1.944326e-38 2.200953e-37 2.166904e-36 1.686378e-35 6.470593e-35 -9.682962e-34 -3.045954e-32 -5.340061e-31 -7.515333e-30 -9.225466e-29 -1.020273e-27 -1.032714e-26 -9.650405e-26 -8.368203e-25 -6.754463e-24 -5.084435e-23 -3.573270e-22 -2.345865e-21 -1.438900e-20 -8.245222e-20 -4.412475e-19 -2.204283e-18 -1.027323e-17 -4.463970e-17 -1.807238e-16 -6.812379e-16 -2.389471e-15 -7.794639e-15 -2.363825e-14 -6.663130e-14 -1.745866e-13 -4.253686e-13 -9.643556e-13 -2.036430e-12 -4.010971e-12 -7.380528e-12 -1.271108e-11 -2.052920e-11 -3.115099e-11 -4.448397e-11 -5.985666e-11 -7.593948e-11 -9.080827e-11 -1.021694e-10 -1.077219e-10 -1.055899e-10 -9.473367e-11 -7.524188e-11 -4.843120e-11 -1.671856e-11 1.671856e-11 4.843120e-11 7.524188e-11 9.473367e-11 1.055899e-10 1.077219e-10 1.021694e-10 9.080827e-11 7.593948e-11 5.985666e-11 4.448397e-11 3.115099e-11 2.052920e-11 1.271108e-11 7.380528e-12 4.010971e-12 2.036430e-12 9.643556e-13 4.253686e-13 1.745866e-13 6.663130e-14 2.363825e-14 7.794639e-15 2.389471e-15 6.812379e-16 1.807238e-16 4.463970e-17 1.027323e-17 2.204283e-18 4.412475e-19 8.245222e-20 1.438900e-20 2.345865e-21 3.573270e-22 5.084435e-23 6.754463e-24 8.368203e-25 9.650405e-26 1.032714e-26 1.020273e-27 9.225466e-29 7.515333e-30 5.340061e-31 3.045954e-32 9.682962e-34 -6.470593e-35 -1.686378e-35 -2.166904e-36 -2.200953e-37 -1.944326e-38 -1.531778e-39 -6.177964e-41 -4.588144e-43 -5.593142e-46 -1.464846e-49 -1.063443e-53 -2.597454e-58 -2.468061e-63
1.793859e-61 1.802587e-56 7.033766e-52 9.210286e-48 3.330657e-44 2.573390e-41 3.236806e-39 7.416286e-38 8.558605e-37 8.443562e-36 6.442651e-35 1.989330e-34 -5.109208e-33 -1.448073e-31 -2.513293e-30 -3.559292e-29 -4.422904e-28 -4.966274e-27 -5.112927e-26 -4.865747e-25 -4.300911e-24 -3.541421e-23 -2.721286e-22 -1.953418e-21 -1.310566e-20 -8.219042e-20 -4.817447e-19 -2.638098e-18 -1.349022e-17 -6.437649e-17 -2.864885e-16 -1.188042e-15 -4.587449e-15 -1.648203e-14 -5.506433e-14 -1.709726e-13 -4.932153e-13 -1.321794e-12 -3.291570e-12 -7.620830e-12 -1.642016e-11 -3.296987e-11 -6.179757e-11 -1.083488e-10 -1.780938e-10 -2.750739e-10 -4.001229e-10 -5.492060e-10 -7.124161e-10 -8.740818e-10 -1.014202e-09 -1.111092e-09 -1.144800e-09 -1.100659e-09 -9.722572e-10 -7.632196e-10 -4.874316e-10 -1.676037e-10 1.676037e-10 4.874316e-10 7.632196e-10 9.722572e-10 1.100659e-09 1.144800e-09 1.111092e-09 1.014202e-09 8.740818e-10 7.124161e-10 5.492060e-10 4.001229e-10 2.750739e-10 1.780938e-10 1.083488e-10 6.179757e-11 3.296987e-11 1.642016e-11 7.620830e-12 3.291570e-12 1.321794e-12 4.932153e-13 1.709726e-13 5.506433e-14 1.648203e-14 4.587449e-15 1.188042e-15 2.864885e-16 6.437649e-17 1.349022e-17 2.638098e-18 4.817447e-19 8.219042e-20 1.310566e-20 1.953418e-21 2.721286e-22 3.541421e-23 4.300911e-24 4.865747e-25 5.112927e-26 4.966274e-27 4.422904e-28 3.559292e-29 2.513293e-30 1.448073e-31 5.109208e-33 -1.989330e-34 -6.442651e-35 -8.443562e-36 -8.558605e-37 -7.416286e-38 -3.236806e-39 -2.573390e-41 -3.330657e-44 -9.210286e-48 -7.033766e-52 -1.802587e-56 -1.793859e-61
3.748025e-60 3.599595e-55 1.339385e-50 1.666941e-46 5.701064e-43 4.133566e-40 4.816958e-38 1.002247e-36 1.011604e-35 7.756028e-35 2.182828e-34 -7.040071e-33 -1.963752e-31 -3.447398e-30 -4.965527e-29 -6.290065e-28 -7.209413e-27 -7.583531e-26 -7.379356e-25 -6.674085e-24 -5.626583e-23 -4.429335e-22 -3.259193e-21 -2.242705e-20 -1.443362e-19 -8.686587e-19 -4.886873e-18 -2.568545e-17 -1.260464e-16 -5.770775e-16 -2.462907e-15 -9.790661e-15 -3.622205e-14 -1.246247e-13 -3.984969e-13 -1.183662e-12 -3.265143e-12 -8.364992e-12 -1.991077e-11 -4.406732e-11 -9.080049e-11 -1.744735e-10 -3.132848e-10 -5.269294e-10 -8.323115e-10 -1.237865e-09 -1.737768e-09 -2.307741e-09 -2.903954e-09 -3.465926e-09 -3.923320e-09 -4.205571e-09 -4.252656e-09 -4.025031e-09 -3.510983e-09 -2.730144e-09 -1.732623e-09 -5.938813e-10 5.938813e-10 1.732623e-09 2.730144e-09 3.510983e-09 4.025031e-09 4.252656e-09 4.205571e-09 3.923320e-09 3.465926e-09 2.903954e-09 2.307741e-09 1.737768e-09 1.237865e-09 8.323115e-10 5.269294e-10 3.132848e-10 1.744735e-10 9.080049e-11 4.406732e-11 1.991077e-11 8.364992e-12 3.265143e-12 1.183662e-12 3.984969e-13 1.246247e-13 3.622205e-14 9.790661e-15 2.462907e-15 5.770775e-16 1.260464e-16 2.568545e-17 4.886873e-18 8.686587e-19 1.443362e-19 2.242705e-20 3.259193e-21 4.429335e-22 5.626583e-23 6.674085e-24 7.379356e-25 7.583531e-26 7.209413e-27 6.290065e-28 4.965527e-29 3.447398e-30 1.963752e-31 7.040071e-33 -2.182828e-34 -7.756028e-35 -1.011604e-35 -1.002247e-36 -4.816958e-38 -4.133566e-40 -5.701064e-43 -1.666941e-46 -1.339385e-50 -3.599595e-55 -3.748025e-60
6.240165e-59 5.726451e-54 2.029935e-49 2.396059e-45 7.717320e-42 5.206937e-39 5.523661e-37 1.002424e-35 7.901972e-35 2.263538e-34 -7.493206e-33 -2.133387e-31 -3.826649e-30 -5.634840e-29 -7.300939e-28 -8.563388e-27 -9.222662e-26 -9.193135e-25 -8.521642e-24 -7.367052e-23 -5.950325e-22 -4.494747e-21 -3.176898e-20 -2.101295e-19 -1.300428e-18 -7.527250e-18 -4.072846e-17 -2.058613e-16 -9.712398e-16 -4.273490e-15 -1.752089e-14 -6.687412e-14 -2.374190e-13 -7.834136e-13 -2.401085e-12 -6.832411e-12 -1.804745e-11 -4.425948e-11 -1.008312e-10 -2.136143e-10 -4.214758e-10 -7.760455e-10 -1.336656e-09 -2.159485e-09 -3.281948e-09 -4.705622e-09 -6.382418e-09 -8.208507e-09 -1.002886e-08 -1.165253e-08 -1.287631e-08 -1.351244e-08 -1.341540e-08 -1.250363e-08 -1.077280e-08 -8.299370e-09 -5.234351e-09 -1.788570e-09 1.788570e-09 5.234351e-09 8.299370e-09 1.077280e-08 1.250363e-08 1.341540e-08 1.351244e-08 1.287631e-08 1.165253e-08 1.002886e-08 8.208507e-09 6.382418e-09 4.705622e-09 3.281948e-09 2.159485e-09 1.336656e-09 7.760455e-10 4.214758e-10 2.136143e-10 1.008312e-10 4.425948e-11 1.804745e-11 6.832411e-12 2.401085e-12 7.834136e-13 2.374190e-13 6.687412e-14 1.752089e-14 4.273490e-15 9.712398e-16 2.058613e-16 4.072846e-17 7.527250e-18 1.300428e-18 2.101295e-19 3.176898e-20 4.494747e-21 5.950325e-22 7.367052e-23 8.521642e-24 9.193135e-25 9.222662e-26 8.563388e-27 7.300939e-28 5.634840e-29 3.826649e-30 2.133387e-31 7.493206e-33 -2.263538e-34 -7.901972e-35 -1.002424e-35 -5.523661e-37 -5.206937e-39 -7.717320e-42 -2.396059e-45 -2.029935e-49 -5.726451e-54 -6.240165e-59
9.777873e-58 8.553928e-53 2.878468e-48 3.204097e-44 9.624554e-41 5.932122e-38 5.495787e-36 7.711943e-35 2.262634e-34 -7.652313e-33 -2.224476e-31 -4.075860e-30 -6.133609e-29 -8.125326e-28 -9.748412e-27 -1.074422e-25 -1.096534e-24 -1.041206e-23 -9.225336e-23 -7.640634e-22 -5.921385e-21 -4.296184e-20 -2.918519e-19 -1.856060e-18 -1.104598e-17 -6.148306e-17 -3.198458e-16 -1.553840e-15 -7.043085e-15 -2.975755e-14 -1.170807e-13 -4.285573e-13 -1.458056e-12 -4.607154e-12 -1.351169e-11 -3.676486e-11 -9.280408e-11 -2.173939e-10 -4.729456e-10 -9.568003e-10 -1.803324e-09 -3.173852e-09 -5.230763e-09 -8.097382e-09 -1.181194e-08 -1.628822e-08 -2.129542e-08 -2.646517e-08 -3.132635e-08 -3.536118e-08 -3.807148e-08 -3.904309e-08 -3.799784e-08 -3.482701e-08 -2.960372e-08 -2.257567e-08 -1.414157e-08 -4.815669e-09 4.815669e-09 1.414157e-08 2.257567e-08 2.960372e-08 3.482701e-08 3.799784e-08 3.904309e-08 3.807148e-08 3.536118e-08 3.132635e-08 2.646517e-08 2.129542e-08 1.628822e-08 1.181194e-08 8.097382e-09 5.230763e-09 3.173852e-09 1.803324e-09 9.568003e-10 4.729456e-10 2.173939e-10 9.280408e-11 3.676486e-11 1.351169e-11 4.607154e-12 1.458056e-12 4.285573e-13 1.170807e-13 2.975755e-14 7.043085e-15 1.553840e-15 3.198458e-16 6.148306e-17 1.104598e-17 1.856060e-18 2.918519e-19 4.296184e-20 5.921385e-21 7.640634e-22 9.225336e-23 1.041206e-23 1.096534e-24 1.074422e-25 9.748412e-27 8.125326e-28 6.133609e-29 4.075860e-30 2.224476e-31 7.652313e-33 -2.262634e-34 -7.711943e-35 -5.495787e-36 -5.932122e-38 -9.624554e-41 -3.204097e-44 -2.878468e-48 -8.553928e-53 -9.777873e-58
1.437433e-56 1.194735e-51 3.796105e-47 3.948914e-43 1.087709e-39 5.900505e-37 4.273984e-35 2.228746e-34 -7.493641e-33 -2.224477e-31 -4.162462e-30 -6.399199e-29 -8.663675e-28 -1.062752e-26 -1.198126e-25 -1.251351e-24 -1.216547e-23 -1.104131e-22 -9.371947e-22 -7.447421e-21 -5.543334e-20 -3.865284e-19 -2.524453e-18 -1.543689e-17 -8.833058e-17 -4.726153e-16 -2.362567e-15 -1.102383e-14 -4.796397e-14 -1.943901e-13 -7.330739e-13 -2.569716e-12 -8.365034e-12 -2.526586e-11 -7.076354e-11 -1.837133e-10 -4.421126e-10 -9.867089e-10 -2.044293e-09 -3.938063e-09 -7.068930e-09 -1.185605e-08 -1.863881e-08 -2.756059e-08 -3.846776e-08 -5.085722e-08 -6.389279e-08 -7.649034e-08 -8.745243e-08 -9.562234e-08 -1.000265e-07 -9.998203e-08 -9.515773e-08 -8.558836e-08 -7.165059e-08 -5.401309e-08 -3.357299e-08 -1.138830e-08 1.138830e-08 3.357299e-08 5.401309e-08 7.165059e-08 8.558836e-08 9.515773e-08 9.998203e-08 1.000265e-07 9.562234e-08 8.745243e-08 7.649034e-08 6.389279e-08 5.085722e-08 3.846776e-08 2.756059e-08 1.863881e-08 1.185605e-08 7.068930e-09 3.938063e-09 2.044293e-09 9.867089e-10 4.421126e-10 1.837133e-10 7.076354e-11 2.526586e-11 8.365034e-12 2.569716e-12 7.330739e-13 1.943901e-13 4.796397e-14 1.102383e-14 2.362567e-15 4.726153e-16 8.833058e-17 1.543689e-17 2.524453e-18 3.865284e-19 5.543334e-20 7.447421e-21 9.371947e-22 1.104131e-22 1.216547e-23 1.251351e-24 1.198126e-25 1.062752e-26 8.663675e-28 6.399199e-29 4.162462e-30 2.224477e-31 7.493641e-33 -2.228746e-34 -4.273984e-35 -5.900505e-37 -1.087709e-39 -3.948914e-43 -3.796105e-47 -1.194735e-51 -1.437433e-56
1.976127e-55 1.552628e-50 4.618890e-46 4.421159e-42 1.080185e-38 4.691935e-36 1.487603e-34 -6.861717e-33 -2.133346e-31 -4.075860e-30 -6.399199e-29 -8.850880e-28 -1.109615e-26 -1.279033e-25 -1.366429e-24 -1.359448e-23 -1.263231e-22 -1.098317e-21 -8.944405e-21 -6.826203e-20 -4.882805e-19 -3.273051e-18 -2.055225e-17 -1.208195e-16 -6.644552e-16 -3.415607e-15 -1.639530e-14 -7.341052e-14 -3.062637e-13 -1.189122e-12 -4.291855e-12 -1.438346e-11 -4.471283e-11 -1.288163e-10 -3.437163e-10 -8.491453e-10 -1.942507e-09 -4.117324e-09 -8.096108e-09 -1.479684e-08 -2.520001e-08 -4.011736e-08 -5.991293e-08 -8.426299e-08 -1.120420e-07 -1.413827e-07 -1.699019e-07 -1.950324e-07 -2.143779e-07 -2.260121e-07 -2.286719e-07 -2.218272e-07 -2.056422e-07 -1.808627e-07 -1.486676e-07 -1.105220e-07 -6.805525e-08 -2.297613e-08 2.297613e-08 6.805525e-08 1.105220e-07 1.486676e-07 1.808627e-07 2.056422e-07 2.218272e-07 2.286719e-07 2.260121e-07 2.143779e-07 1.950324e-07 1.699019e-07 1.413827e-07 1.120420e-07 8.426299e-08 5.991293e-08 4.011736e-08 2.520001e-08 1.479684e-08 8.096108e-09 4.117324e-09 1.942507e-09 8.491453e-10 3.437163e-10 1.288163e-10 4.471283e-11 1.438346e-11 4.291855e-12 1.189122e-12 3.062637e-13 7.341052e-14 1.639530e-14 3.415607e-15 6.644552e-16 1.208195e-16 2.055225e-17 3.273051e-18 4.882805e-19 6.826203e-20 8.944405e-21 1.098317e-21 1.263231e-22 1.359448e-23 1.366429e-24 1.279033e-25 1.109615e-26 8.850880e-28 6.399199e-29 4.075860e-30 2.133346e-31 6.861717e-33 -1.487603e-34 -4.691935e-36 -1.080185e-38 -4.421159e-42 -4.618890e-46 -1.552628e-50 -1.976127e-55
2.528646e-54 1.863285e-49 5.116195e-45 4.373630e-41 8.742395e-38 1.996440e-35 -2.999133e-33 -1.929287e-31 -3.826488e-30 -6.133609e-29 -8.663675e-28 -1.109615e-26 -1.307189e-25 -1.427848e-24 -1.453062e-23 -1.381738e-22 -1.229962e-21 -1.025984e-20 -8.024181e-20 -5.884819e-19 -4.046406e-18 -2.607586e-17 -1.573929e-16 -8.891654e-16 -4.697242e-15 -2.318070e-14 -1.067455e-13 -4.581342e-13 -1.830251e-12 -6.797425e-12 -2.343889e-11 -7.494677e-11 -2.219743e-10 -6.083814e-10 -1.541981e-09 -3.613105e-09 -7.828199e-09 -1.569509e-08 -2.916269e-08 -5.032858e-08 -8.090929e-08 -1.215962e-07 -1.715199e-07 -2.280439e-07 -2.869968e-07 -3.432912e-07 -3.917499e-07 -4.279117e-07 -4.486251e-07 -4.523298e-07 -4.390223e-07 -4.099778e-07 -3.673378e-07 -3.136726e-07 -2.516049e-07 -1.835483e-07 -1.115776e-07 -3.742501e-08 3.742501e-08 1.115776e-07 1.835483e-07 2.516049e-07 3.136726e-07 3.673378e-07 4.099778e-07 4.390223e-07 4.523298e-07 4.486251e-07 4.279117e-07 3.917499e-07 3.432912e-07 2.869968e-07 2.280439e-07 1.715199e-07 1.215962e-07 8.090929e-08 5.032858e-08 2.916269e-08 1.569509e-08 7.828199e-09 3.613105e-09 1.541981e-09 6.083814e-10 2.219743e-10 7.494677e-11 2.343889e-11 6.797425e-12 1.830251e-12 4.581342e-13 1.067455e-13 2.318070e-14 4.697242e-15 8.891654e-16 1.573929e-16 2.607586e-17 4.046406e-18 5.884819e-19 8.024181e-20 1.025984e-20 1.229962e-21 1.381738e-22 1.453062e-23 1.427848e-24 1.307189e-25 1.109615e-26 8.663675e-28 6.133609e-29 3.826488e-30 1.929287e-31 2.999133e-33 -1.996440e-35 -8.742395e-38 -4.373630e-41 -5.116195e-45 -1.863285e-49 -2.528646e-54
2.990275e-53 2.039382e-48 5.030889e-44 3.581760e-40 4.270651e-37 -2.247587e-34 -8.962743e-32 -3.394786e-30 -5.634534e-29 -8.125325e-28 -1.062752e-26 -1.279033e-25 -1.427848e-24 -1.485668e-23 -1.445066e-22 -1.316348e-21 -1.124174e-20 -9.005500e-20 -6.767955e-19 -4.771063e-18 -3.153621e-17 -1.953359e-16 -1.132923e-15 -6.147063e-15 -3.116950e-14 -1.475308e-13 -6.509963e-13 -2.674446e-12 -1.021501e-11 -3.622181e-11 -1.190710e-10 -3.623673e-10 -1.019654e-09 -2.650079e-09 -6.356832e-09 -1.406877e-08 -2.873448e-08 -5.420957e-08 -9.462493e-08 -1.532070e-07 -2.308425e-07 -3.249470e-07 -4.291843e-07 -5.342703e-07 -6.296452e-07 -7.054842e-07 -7.544492e-07 -7.727448e-07 -7.603237e-07 -7.203463e-07 -6.581587e-07 -5.801017e-07 -4.924126e-07 -4.003901e-07 -3.078926e-07 -2.171645e-07 -1.289357e-07 -4.272477e-08 4.272477e-08 1.289357e-07 2.171645e-07 3.078926e-07 4.003901e-07 4.924126e-07 5.801017e-07 6.581587e-07 7.203463e-07 7.603237e-07 7.727448e-07 7.544492e-07 7.054842e-07 6.296452e-07 5.342703e-07 4.291843e-07 3.249470e-07 2.308425e-07 1.532070e-07 9.462493e-08 5.420957e-08 2.873448e-08 1.406877e-08 6.356832e-09 2.650079e-09 1.019654e-09 3.623673e-10 1.190710e-10 3.622181e-11 1.021501e-11 2.674446e-12 6.509963e-13 1.475308e-13 3.116950e-14 6.147063e-15 1.132923e-15 1.953359e-16 3.153621e-17 4.771063e-18 6.767955e-19 9.005500e-20 1.124174e-20 1.316348e-21 1.445066e-22 1.485668e-23 1.427848e-24 1.279033e-25 1.062752e-26 8.125325e-28 5.634534e-29 3.394786e-30 8.962743e-32 2.247587e-34 -4.270651e-37 -3.581760e-40 -5.030889e-44 -2.039382e-48 -2.990275e-53
3.230205e-52 1.989543e-47 4.148167e-43 1.921742e-39 -2.600979e-36 -7.754149e-33 -1.578109e-30 -4.895838e-29 -7.300480e-28 -9.748410e-27 -1.198126e-25 -1.366429e-24 -1.453062e-23 -1.445066e-22 -1.346462e-21 -1.176711e-20 -9.650542e-20 -7.428575e-19 -5.366186e-18 -3.636307e-17 -2.310095e-16 -1.374789e-15 -7.657275e-15 -3.987285e-14 -1.938753e-13 -8.790947e-13 -3.711914e-12 -1.457308e-11 -5.311391e-11 -1.794172e-10 -5.608066e-10 -1.619467e-09 -4.314306e-09 -1.058991e-08 -2.392885e-08 -4.975161e-08 -9.519673e-08 -1.677900e-07 -2.729024e-07 -4.106667e-07 -5.737078e-07 -7.470200e-07 -9.104436e-07 -1.042990e-06 -1.127506e-06 -1.154175e-06 -1.121966e-06 -1.037956e-06 -9.150893e-07 -7.692167e-07 -6.162142e-07 -4.697299e-07 -3.397909e-07 -2.322505e-07 -1.488998e-07 -8.800947e-08 -4.508850e-08 -1.370599e-08 1.370599e-08 4.508850e-08 8.800947e-08 1.488998e-07 2.322505e-07 3.397909e-07 4.697299e-07 6.162142e-07 7.692167e-07 9.150893e-07 1.037956e-06 1.121966e-06 1.154175e-06 1.127506e-06 1.042990e-06 9.104436e-07 7.470200e-07 5.737078e-07 4.106667e-07 2.729024e-07 1.677900e-07 9.519673e-08 4.975161e-08 2.392885e-08 1.058991e-08 4.314306e-09 1.619467e-09 5.608066e-10 1.794172e-10 5.311391e-11 1.457308e-11 3.711914e-12 8.790947e-13 1.938753e-13 3.987285e-14 7.657275e-15 1.374789e-15 2.310095e-16 3.636307e-17 5.366186e-18 7.428575e-19 9.650542e-20 1.176711e-20 1.346462e-21 1.445066e-22 1.453062e-23 1.366429e-24 1.198126e-25 9.748410e-27 7.300480e-28 4.895838e-29 1.578109e-30 7.754149e-33 2.600979e-36 -1.921742e-39 -4.148167e-43 -1.989543e-47 -3.230205e-52
3.120959e-51 1.644872e-46 2.376221e-42 -5.592654e-39 -1.129339e-34 -1.388139e-31 -2.251802e-29 -6.207089e-28 -8.562793e-27 -1.074421e-25 -1.251351e-24 -1.359448e-23 -1.381738e-22 -1.316348e-21 -1.176711e-20 -9.875587e-20 -7.782499e-19 -5.758039e-18 -3.998142e-17 -2.603802e-16 -1.589215e-15 -9.081751e-15 -4.853900e-14 -2.423296e-13 -1.128545e-12 -4.895254e-12 -1.974572e-11 -7.393742e-11 -2.565452e-10 -8.233057e-10 -2.439135e-09 -6.658587e-09 -1.672013e-08 -3.856003e-08 -8.157284e-08 -1.581760e-07 -2.811064e-07 -4.581562e-07 -6.858082e-07 -9.449281e-07 -1.201660e-06 -1.414353e-06 -1.544148e-06 -1.565105e-06 -1.470285e-06 -1.272290e-06 -9.989614e-07 -6.863577e-07 -3.713928e-07 -8.594352e-08 1.466959e-07 3.129916e-07 4.085110e-07 4.361785e-07 4.041552e-07 3.238642e-07 2.084625e-07 7.184871e-08 -7.184871e-08 -2.084625e-07 -3.238642e-07 -4.041552e-07 -4.361785e-07 -4.085110e-07 -3.129916e-07 -1.466959e-07 8.594352e-08 3.713928e-07 6.863577e-07 9.989614e-07 1.272290e-06 1.470285e-06 1.565105e-06 1.544148e-06 1.414353e-06 1.201660e-06 9.449281e-07 6.858082e-07 4.581562e-07 2.811064e-07 1.581760e-07 8.157284e-08 3.856003e-08 1.672013e-08 6.658587e-09 2.439135e-09 8.233057e-10 2.565452e-10 7.393742e-11 1.974572e-11 4.895254e-12 1.128545e-12 2.423296e-13 4.853900e-14 9.081751e-15 1.589215e-15 2.603802e-16 3.998142e-17 5.758039e-18 7.782499e-19 9.875587e-20 1.176711e-20 1.316348e-21 1.381738e-22 1.359448e-23 1.251351e-24 1.074421e-25 8.562793e-27 6.207089e-28 2.251802e-29 1.388139e-31 1.129339e-34 5.592654e-39 -2.376221e-42 -1.644872e-46 -3.120959e-51
2.578293e-50 9.870084e-46 -1.902322e-42 -3.611878e-37 -2.069532e-33 -1.974023e-30 -2.812613e-28 -7.119097e-27 -9.221969e-26 -1.096533e-24 -1.216547e-23 -1.263231e-22 -1.229962e-21 -1.124174e-20 -9.650542e-20 -7.782499e-19 -5.894867e-18 -4.192239e-17 -2.797515e-16 -1.750285e-15 -1.025738e-14 -5.624284e-14 -2.881685e-13 -1.377701e-12 -6.136341e-12 -2.541944e-11 -9.775066e-11 -3.482648e-10 -1.147159e-09 -3.485837e-09 -9.749391e-09 -2.504057e-08 -5.893018e-08 -1.268087e-07 -2.490451e-07 -4.457439e-07 -7.263406e-07 -1.077033e-06 -1.453067e-06 -1.783062e-06 -1.986806e-06 -1.999729e-06 -1.793203e-06 -1.382597e-06 -8.215489e-07 -1.864995e-07 4.418826e-07 9.944475e-07 1.423145e-06 1.703857e-06 1.833880e-06 1.826308e-06 1.703485e-06 1.491119e-06 1.213932e-06 8.930951e-07 5.453217e-07 1.832530e-07 -1.832530e-07 -5.453217e-07 -8.930951e-07 -1.213932e-06 -1.491119e-06 -1.703485e-06 -1.826308e-06 -1.833880e-06 -1.703857e-06 -1.423145e-06 -9.944475e-07 -4.418826e-07 1.864995e-07 8.215489e-07 1.382597e-06 1.793203e-06 1.999729e-06 1.986806e-06 1.783062e-06 1.453067e-06 1.077033e-06 7.263406e-07 4.457439e-07 2.490451e-07 1.268087e-07 5.893018e-08 2.504057e-08 9.749391e-09 3.485837e-09 1.147159e-09 3.482648e-10 9.775066e-11 2.541944e-11 6.136341e-12 1.377701e-12 2.881685e-13 5.624284e-14 1.025738e-14 1.750285e-15 2.797515e-16 4.192239e-17 5.894867e-18 7.782499e-19 9.650542e-20 1.124174e-20 1.229962e-21 1.263231e-22 1.216547e-23 1.096533e-24 9.221969e-26 7.119097e-27 2.812613e-28 1.974023e-30 2.069532e-33 3.611878e-37 1.902322e-42 -9.870084e-46 -2.578293e-50
1.598838e-49 6.674557e-46 -3.254119e-40 -6.814532e-36 -2.938109e-32 -2.440059e-29 -3.171017e-27 -7.492838e-26 -9.192397e-25 -1.041205e-23 -1.104131e-22 -1.098317e-21 -1.025984e-20 -9.005500e-20 -7.428575e-19 -5.758039e-18 -4.192239e-17 -2.865213e-16 -1.836794e-15 -1.103400e-14 -6.204094e-14 -3.260832e-13 -1.599723e-12 -7.313361e-12 -3.110019e-11 -1.227795e-10 -4.490280e-10 -1.517739e-09 -4.729476e-09 -1.355076e-08 -3.559797e-08 -8.549005e-08 -1.871153e-07 -3.720944e-07 -6.701543e-07 -1.089599e-06 -1.593653e-06 -2.087437e-06 -2.431403e-06 -2.483671e-06 -2.153408e-06 -1.437870e-06 -4.258186e-07 7.305996e-07 1.860052e-06 2.814232e-06 3.495337e-06 3.864842e-06 3.936668e-06 3.761206e-06 3.406881e-06 2.944062e-06 2.433726e-06 1.921310e-06 1.434892e-06 9.864018e-07 5.745353e-07 1.884391e-07 -1.884391e-07 -5.745353e-07 -9.864018e-07 -1.434892e-06 -1.921310e-06 -2.433726e-06 -2.944062e-06 -3.406881e-06 -3.761206e-06 -3.936668e-06 -3.864842e-06 -3.495337e-06 -2.814232e-06 -1.860052e-06 -7.305996e-07 4.258186e-07 1.437870e-06 2.153408e-06 2.483671e-06 2.431403e-06 2.087437e-06 1.593653e-06 1.089599e-06 6.701543e-07 3.720944e-07 1.871153e-07 8.549005e-08 3.559797e-08 1.355076e-08 4.729476e-09 1.517739e-09 4.490280e-10 1.227795e-10 3.110019e-11 7.313361e-12 1.599723e-12 3.260832e-13 6.204094e-14 1.103400e-14 1.836794e-15 2.865213e-16 4.192239e-17 5.758039e-18 7.428575e-19 9.005500e-20 1.025984e-20 1.098317e-21 1.104131e-22 1.041205e-23 9.192397e-25 7.492838e-26 3.171017e-27 2.440059e-29 2.938109e-32 6.814532e-36 3.254119e-40 -6.674557e-46 -1.598838e-49
2.795758e-49 -9.966885e-44 -6.365003e-39 -9.665269e-35 -3.595886e-31 -2.713122e-28 -3.276119e-26 -7.294890e-25 -8.520918e-24 -9.225330e-23 -9.371947e-22 -8.944405e-21 -8.024181e-20 -6.767955e-19 -5.366186e-18 -3.998142e-17 -2.797515e-16 -1.836794e-15 -1.130563e-14 -6.515865e-14 -3.511667e-13 -1.767108e-12 -8.288720e-12 -3.617175e-11 -1.465565e-10 -5.500433e-10 -1.907419e-09 -6.094608e-09 -1.788833e-08 -4.806866e-08 -1.178205e-07 -2.623480e-07 -5.282718e-07 -9.569859e-07 -1.549986e-06 -2.226496e-06 -2.802715e-06 -3.025931e-06 -2.668167e-06 -1.636090e-06 -3.127187e-08 1.874958e-06 3.732891e-06 5.222418e-06 6.133672e-06 6.398894e-06 6.078243e-06 5.317679e-06 4.299150e-06 3.198223e-06 2.156726e-06 1.270776e-06 5.909431e-07 1.296242e-07 -1.287730e-07 -2.179244e-07 -1.817570e-07 -6.913172e-08 6.913172e-08 1.817570e-07 2.179244e-07 1.287730e-07 -1.296242e-07 -5.909431e-07 -1.270776e-06 -2.156726e-06 -3.198223e-06 -4.299150e-06 -5.317679e-06 -6.078243e-06 -6.398894e-06 -6.133672e-06 -5.222418e-06 -3.732891e-06 -1.874958e-06 3.127187e-08 1.636090e-06 2.668167e-06 3.025931e-06 2.802715e-06 2.226496e-06 1.549986e-06 9.569859e-07 5.282718e-07 2.623480e-07 1.178205e-07 4.806866e-08 1.788833e-08 6.094608e-09 1.907419e-09 5.500433e-10 1.465565e-10 3.617175e-11 8.288720e-12 1.767108e-12 3.511667e-13 6.515865e-14 1.130563e-14 1.836794e-15 2.797515e-16 3.998142e-17 5.366186e-18 6.767955e-19 8.024181e-20 8.944405e-21 9.371947e-22 9.225330e-23 8.520918e-24 7.294890e-25 3.276119e-26 2.713122e-28 3.595886e-31 9.665269e-35 6.365003e-39 9.966885e-44 -2.795758e-49
-1.192794e-47 -2.039285e-42 -9.025053e-38 -1.170913e-33 -3.943448e-30 -2.758883e-27 -3.127723e-25 -6.600890e-24 -7.366393e-23 -7.640628e-22 -7.447421e-21 -6.826203e-20 -5.884819e-19 -4.771063e-18 -3.636307e-17 -2.603802e-16 -1.750285e-15 -1.103400e-14 -6.515865e-14 -3.599462e-13 -1.857206e-12 -8.934791e-12 -4.000037e-11 -1.662847e-10 -6.403130e-10 -2.277737e-09 -7.462151e-09 -2.243818e-08 -6.168700e-08 -1.543695e-07 -3.498348e-07 -7.135914e-07 -1.300303e-06 -2.095694e-06 -2.944421e-06 -3.518517e-06 -3.392953e-06 -2.238466e-06 -3.547697e-08 2.841760e-06 5.743461e-06 7.990701e-06 9.106175e-06 8.932793e-06 7.623085e-06 5.536902e-06 3.109026e-06 7.371886e-07 -1.286243e-06 -2.796019e-06 -3.741508e-06 -4.156220e-06 -4.122637e-06 -3.742089e-06 -3.113126e-06 -2.319532e-06 -1.426157e-06 -4.807169e-07 4.807169e-07 1.426157e-06 2.319532e-06 3.113126e-06 3.742089e-06 4.122637e-06 4.156220e-06 3.741508e-06 2.796019e-06 1.286243e-06 -7.371886e-07 -3.109026e-06 -5.536902e-06 -7.623085e-06 -8.932793e-06 -9.106175e-06 -7.990701e-06 -5.743461e-06 -2.841760e-06 3.547697e-08 2.238466e-06 3.392953e-06 3.518517e-06 2.944421e-06 2.095694e-06 1.300303e-06 7.135914e-07 3.498348e-07 1.543695e-07 6.168700e-08 2.243818e-08 7.462151e-09 2.277737e-09 6.403130e-10 1.662847e-10 4.000037e-11 8.934791e-12 1.857206e-12 3.599462e-13 6.515865e-14 1.103400e-14 1.750285e-15 2.603802e-16 3.636307e-17 4.771063e-18 5.884819e-19 6.826203e-20 7.447421e-21 7.640628e-22 7.366393e-23 6.600890e-24 3.127723e-25 2.758883e-27 3.943448e-30 1.170913e-33 9.025053e-38 2.039285e-42 1.192794e-47
-2.583631e-46 -2.893062e-41 -1.081861e-36 -1.265722e-32 -3.946075e-29 -2.588893e-26 -2.773029e-24 -5.567457e-23 -5.949767e-22 -5.921380e-21 -5.543334e-20 -4.882805e-19 -4.046406e-18 -3.153621e-17 -2.310095e-16 -1.589215e-15 -1.025738e-14 -6.204094e-14 -3.511667e-13 -1.857206e-12 -9.161062e-12 -4.206280e-11 -1.793634e-10 -7.085055e-10 -2.585068e-09 -8.683475e-09 -2.675308e-08 -7.526954e-08 -1.923978e-07 -4.440467e-07 -9.182261e-07 -1.684034e-06 -2.699917e-06 -3.696979e-06 -4.132460e-06 -3.339284e-06 -8.960441e-07 2.978749e-06 7.334214e-06 1.084479e-05 1.239780e-05 1.152718e-05 8.497322e-06 4.098127e-06 -6.887935e-07 -4.996033e-06 -8.249178e-06 -1.021090e-05 -1.092791e-05 -1.062913e-05 -9.622764e-06 -8.214617e-06 -6.657660e-06 -5.130377e-06 -3.734769e-06 -2.507289e-06 -1.433661e-06 -4.654932e-07 4.654932e-07 1.433661e-06 2.507289e-06 3.734769e-06 5.130377e-06 6.657660e-06 8.214617e-06 9.622764e-06 1.062913e-05 1.092791e-05 1.021090e-05 8.249178e-06 4.996033e-06 6.887935e-07 -4.098127e-06 -8.497322e-06 -1.152718e-05 -1.239780e-05 -1.084479e-05 -7.334214e-06 -2.978749e-06 8.960441e-07 3.339284e-06 4.132460e-06 3.696979e-06 2.699917e-06 1.684034e-06 9.182261e-07 4.440467e-07 1.923978e-07 7.526954e-08 2.675308e-08 8.683475e-09 2.585068e-09 7.085055e-10 1.793634e-10 4.206280e-11 9.161062e-12 1.857206e-12 3.511667e-13 6.204094e-14 1.025738e-14 1.589215e-15 2.310095e-16 3.153621e-17 4.046406e-18 4.882805e-19 5.543334e-20 5.921380e-21 5.949767e-22 5.567457e-23 2.773029e-24 2.588893e-26 3.946075e-29 1.265722e-32 1.081861e-36 2.893062e-41 2.583631e-46
-3.671005e-45 -3.430292e-40 -1.151934e-35 -1.245458e-31 -3.638499e-28 -2.253796e-25 -2.290074e-23 -4.384768e-22 -4.494307e-21 -4.296180e-20 -3.865284e-19 -3.273051e-18 -2.607586e-17 -1.953359e-16 -1.374789e-15 -9.081751e-15 -5.624284e-14 -3.260832e-13 -1.767108e-12 -8.934791e-12 -4.206280e-11 -1.839458e-10 -7.452550e-10 -2.788842e-09 -9.605678e-09 -3.032837e-08 -8.735716e-08 -2.282211e-07 -5.368929e-07 -1.126752e-06 -2.082379e-06 -3.323135e-06 -4.423740e-06 -4.546234e-06 -2.707564e-06 1.558661e-06 7.512494e-06 1.315151e-05 1.609468e-05 1.485680e-05 9.561652e-06 1.711723e-06 -6.594963e-06 -1.346852e-05 -1.774967e-05 -1.913684e-05 -1.800931e-05 -1.513413e-05 -1.137458e-05 -7.484330e-06 -4.008129e-06 -1.259745e-06 6.419588e-07 1.720270e-06 2.084299e-06 1.885287e-06 1.287963e-06 4.551456e-07 -4.551456e-07 -1.287963e-06 -1.885287e-06 -2.084299e-06 -1.720270e-06 -6.419588e-07 1.259745e-06 4.008129e-06 7.484330e-06 1.137458e-05 1.513413e-05 1.800931e-05 1.913684e-05 1.774967e-05 1.346852e-05 6.594963e-06 -1.711723e-06 -9.561652e-06 -1.485680e-05 -1.609468e-05 -1.315151e-05 -7.512494e-06 -1.558661e-06 2.707564e-06 4.546234e-06 4.423740e-06 3.323135e-06 2.082379e-06 1.126752e-06 5.368929e-07 2.282211e-07 8.735716e-08 3.032837e-08 9.605678e-09 2.788842e-09 7.452550e-10 1.839458e-10 4.206280e-11 8.934791e-12 1.767108e-12 3.260832e-13 5.624284e-14 9.081751e-15 1.374789e-15 1.953359e-16 2.607586e-17 3.273051e-18 3.865284e-19 4.296180e-20 4.494307e-21 4.384768e-22 2.290074e-23 2.253796e-25 3.638499e-28 1.245458e-31 1.151934e-35 3.430292e-40 3.671005e-45
-4.303869e-44 -3.595167e-39 -1.113666e-34 -1.127451e-30 -3.109003e-27 -1.826146e-24 -1.764864e-22 -3.227834e-21 -3.176575e-20 -2.918516e-19 -2.524453e-18 -2.055225e-17 -1.573929e-16 -1.132923e-15 -7.657275e-15 -4.853900e-14 -2.881685e-13 -1.599723e-12 -8.288720e-12 -4.000037e-11 -1.793634e-10 -7.452550e-10 -2.860245e-09 -1.010252e-08 -3.269640e-08 -9.646091e-08 -2.577508e-07 -6.187259e-07 -1.319765e-06 -2.462404e-06 -3.918455e-06 -5.067796e-06 -4.697706e-06 -1.438123e-06 5.134821e-06 1.335083e-05 1.950543e-05 1.976193e-05 1.270277e-05 3.421442e-07 -1.315958e-05 -2.369095e-05 -2.871916e-05 -2.777161e-05 -2.206237e-05 -1.363498e-05 -4.570475e-06 3.512187e-06 9.670567e-06 1.357999e-05 1.536978e-05 1.542665e-05 1.421969e-05 1.219486e-05 9.703756e-06 6.992998e-06 4.203682e-06 1.401149e-06 -1.401149e-06 -4.203682e-06 -6.992998e-06 -9.703756e-06 -1.219486e-05 -1.421969e-05 -1.542665e-05 -1.536978e-05 -1.357999e-05 -9.670567e-06 -3.512187e-06 4.570475e-06 1.363498e-05 2.206237e-05 2.777161e-05 2.871916e-05 2.369095e-05 1.315958e-05 -3.421442e-07 -1.270277e-05 -1.976193e-05 -1.950543e-05 -1.335083e-05 -5.134821e-06 1.438123e-06 4.697706e-06 5.067796e-06 3.918455e-06 2.462404e-06 1.319765e-06 6.187259e-07 2.577508e-07 9.646091e-08 3.269640e-08 1.010252e-08 2.860245e-09 7.452550e-10 1.793634e-10 4.000037e-11 8.288720e-12 1.599723e-12 2.881685e-13 4.853900e-14 7.657275e-15 1.132923e-15 1.573929e-16 2.055225e-17 2.524453e-18 2.918516e-19 3.176575e-20 3.227834e-21 1.764864e-22 1.826146e-24 3.109003e-27 1.127451e-30 1.113666e-34 3.595167e-39 4.303869e-44
-4.436741e-43 -3.411985e-38 -9.888535e-34 -9.447116e-30 -2.470365e-26 -1.379848e-23 -1.270577e-21 -2.222108e-20 -2.101074e-19 -1.856057e-18 -1.543689e-17 -1.208195e-16 -8.891654e-16 -6.147063e-15 -3.987285e-14 -2.423296e-13 -1.377701e-12 -7.313361e-12 -3.617175e-11 -1.662847e-10 -7.085055e-10 -2.788842e-09 -1.010252e-08 -3.352570e-08 -1.013579e-07 -2.772404e-07 -6.799223e-07 -1.476697e-06 -2.788433e-06 -4.438440e-06 -5.588460e-06 -4.587078e-06 3.853404e-07 9.601176e-06 1.996434e-05 2.528549e-05 1.993627e-05 3.604884e-06 -1.748837e-05 -3.451829e-05 -4.128435e-05 -3.645613e-05 -2.277869e-05 -5.096105e-06 1.183292e-05 2.478249e-05 3.234986e-05 3.469562e-05 3.295195e-05 2.858275e-05 2.300318e-05 1.730158e-05 1.219400e-05 8.044763e-06 4.939427e-06 2.785113e-06 1.362609e-06 4.033507e-07 -4.033507e-07 -1.362609e-06 -2.785113e-06 -4.939427e-06 -8.044763e-06 -1.219400e-05 -1.730158e-05 -2.300318e-05 -2.858275e-05 -3.295195e-05 -3.469562e-05 -3.234986e-05 -2.478249e-05 -1.183292e-05 5.096105e-06 2.277869e-05 3.645613e-05 4.128435e-05 3.451829e-05 1.748837e-05 -3.604884e-06 -1.993627e-05 -2.528549e-05 -1.996434e-05 -9.601176e-06 -3.853404e-07 4.587078e-06 5.588460e-06 4.438440e-06 2.788433e-06 1.476697e-06 6.799223e-07 2.772404e-07 1.013579e-07 3.352570e-08 1.010252e-08 2.788842e-09 7.085055e-10 1.662847e-10 3.617175e-11 7.313361e-12 1.377701e-12 2.423296e-13 3.987285e-14 6.147063e-15 8.891654e-16 1.208195e-16 1.543689e-17 1.856057e-18 2.101074e-19 2.222108e-20 1.270577e-21 1.379848e-23 2.470365e-26 9.447116e-30 9.888535e-34 3.411985e-38 4.436741e-43
