0.000000e+00 0.000000e+00 0.000000e+00 0.000000e+00 0.000000e+00 0.000000e+00 0.000000e+00 0.000000e+00 0.000000e+00 0.000000e+00 0.000000e+00 0.000000e+00 0.000000e+00 0.000000e+00 0.000000e+00 0.000000e+00 0.000000e+00 0.000000e+00 0.000000e+00 0.000000e+00 0.000000e+00 0.000000e+00 0.000000e+00 0.000000e+00 0.000000e+00 0.000000e+00 0.000000e+00 0.000000e+00 0.000000e+00 0.000000e+00 0.000000e+00 0.000000e+00 0.000000e+00 0.000000e+00 0.000000e+00 0.000000e+00 0.000000e+00 0.000000e+00 0.000000e+00 0.000000e+00 0.000000e+00 0.000000e+00 0.000000e+00 0.000000e+00 0.000000e+00 0.000000e+00 0.000000e+00 0.000000e+00 0.000000e+00 0.000000e+00 0.000000e+00 0.000000e+00 0.000000e+00 0.000000e+00 0.000000e+00 0.000000e+00 0.000000e+00 0.000000e+00 0.000000e+00 0.000000e+00 0.000000e+00 0.000000e+00 0.000000e+00 0.000000e+00 0.000000e+00 0.000000e+00 0.000000e+00 0.000000e+00 0.000000e+00 0.000000e+00 0.000000e+00 0.000000e+00 0.000000e+00 0.000000e+00 0.000000e+00 0.000000e+00 0.000000e+00 0.000000e+00 0.000000e+00 0.000000e+00 0.000000e+00 0.000000e+00 0.000000e+00 0.000000e+00 0.000000e+00 0.000000e+00 0.000000e+00 0.000000e+00 0.000000e+00 0.000000e+00 0.000000e+00 0.000000e+00 0.000000e+00 0.000000e+00 0.000000e+00 0.000000e+00 0.000000e+00 0.000000e+00 0.000000e+00 0.000000e+00 0.000000e+00 0.000000e+00 0.000000e+00 0.000000e+00 0.000000e+00 0.000000e+00 0.000000e+00 0.000000e+00 0.000000e+00 0.000000e+00 0.000000e+00 0.000000e+00 0.000000e+00 0.000000e+00 0.000000e+00 0.000000e+00
2.585706e-89 4.690406e-84 3.309099e-79 7.872561e-75 5.220089e-71 7.506071e-68 1.793541e-65 7.913240e-64 1.779841e-62 3.708217e-61 7.268748e-60 1.339640e-58 2.319269e-57 3.767104e-56 5.731001e-55 8.147632e-54 1.079046e-52 1.325232e-51 1.499117e-50 1.544969e-49 1.422665e-48 1.124291e-47 6.829610e-47 1.685079e-46 -3.301224e-45 -7.298639e-44 -9.763310e-43 -1.055768e-41 -9.925878e-41 -8.353626e-40 -6.384208e-39 -4.465400e-38 -2.871377e-37 -1.701910e-36 -9.311971e-36 -4.706812e-35 -2.198367e-34 -9.486917e-34 -3.781545e-33 -1.391686e-32 -4.726280e-32 -1.480391e-31 -4.274635e-31 -1.137377e-30 -2.787715e-30 -6.292555e-30 -1.307865e-29 -2.502509e-29 -4.406846e-29 -7.137360e-29 -1.061795e-28 -1.447338e-28 -1.799578e-28 -2.024245e-28 -2.027695e-28 -1.749297e-28 -1.189785e-28 -4.221936e-29 4.221936e-29 1.189785e-28 1.749297e-28 2.027695e-28 2.024245e-28 1.799578e-28 1.447338e-28 1.061795e-28 7.137360e-29 4.406846e-29 2.502509e-29 1.307865e-29 6.292555e-30 2.787715e-30 1.137377e-30 4.274635e-31 1.480391e-31 4.726280e-32 1.391686e-32 3.781545e-33 9.486917e-34 2.198367e-34 4.706812e-35 9.311971e-36 1.701910e-36 2.871377e-37 4.465400e-38 6.384208e-39 8.353626e-40 9.925878e-41 1.055768e-41 9.763310e-43 7.298639e-44 3.301224e-45 -1.685079e-46 -6.829610e-47 -1.124291e-47 -1.422665e-48 -1.544969e-49 -1.499117e-50 -1.325232e-51 -1.079046e-52 -8.147632e-54 -5.731001e-55 -3.767104e-56 -2.319269e-57 -1.339640e-58 -7.268748e-60 -3.708217e-61 -1.779841e-62 -7.913240e-64 -1.793541e-65 -7.506071e-68 -5.220089e-71 -7.872561e-75 -3.309099e-79 -4.690406e-84 -2.585706e-89
3.071346e-84 5.310506e-79 3.573041e-74 8.109871e-70 5.131577e-66 7.042216e-63 1.606161e-60 6.771085e-59 1.457876e-57 2.907957e-56 5.454914e-55 9.614542e-54 1.590225e-52 2.463954e-51 3.568059e-50 4.813230e-49 6.019999e-48 6.931095e-47 7.260889e-46 6.776602e-45 5.387562e-44 3.206433e-43 5.496875e-43 -2.133696e-41 -4.384905e-40 -5.863839e-39 -6.434004e-38 -6.174272e-37 -5.321154e-36 -4.173465e-35 -3.000799e-34 -1.986417e-33 -1.213605e-32 -6.852797e-32 -3.578875e-31 -1.729073e-30 -7.727321e-30 -3.193465e-29 -1.219900e-28 -4.305248e-28 -1.403019e-27 -4.220059e-27 -1.171109e-26 -2.997681e-26 -7.076599e-26 -1.540677e-25 -3.093714e-25 -5.730139e-25 -9.789093e-25 -1.541828e-24 -2.236534e-24 -2.981075e-24 -3.635276e-24 -4.022896e-24 -3.977124e-24 -3.397257e-24 -2.295392e-24 -8.118196e-25 8.118196e-25 2.295392e-24 3.397257e-24 3.977124e-24 4.022896e-24 3.635276e-24 2.981075e-24 2.236534e-24 1.541828e-24 9.789093e-25 5.730139e-25 3.093714e-25 1.540677e-25 7.076599e-26 2.997681e-26 1.171109e-26 4.220059e-27 1.403019e-27 4.305248e-28 1.219900e-28 3.193465e-29 7.727321e-30 1.729073e-30 3.578875e-31 6.852797e-32 1.213605e-32 1.986417e-33 3.000799e-34 4.173465e-35 5.321154e-36 6.174272e-37 6.434004e-38 5.863839e-39 4.384905e-40 2.133696e-41 -5.496875e-43 -3.206433e-43 -5.387562e-44 -6.776602e-45 -7.260889e-46 -6.931095e-47 -6.019999e-48 -4.813230e-49 -3.568059e-50 -2.463954e-51 -1.590225e-52 -9.614542e-54 -5.454914e-55 -2.907957e-56 -1.457876e-57 -6.771085e-59 -1.606161e-60 -7.042216e-63 -5.131577e-66 -8.109871e-70 -3.573041e-74 -5.310506e-79 -3.071346e-84
1.327711e-79 2.189341e-74 1.405360e-69 3.043991e-65 1.838238e-61 2.407469e-58 5.239889e-56 2.109872e-54 4.346521e-53 8.294284e-52 1.487425e-50 2.503582e-49 3.948142e-48 5.819372e-47 7.989799e-46 1.016777e-44 1.190307e-43 1.265959e-42 1.195481e-41 9.532158e-41 5.502079e-40 3.831063e-40 -4.995125e-38 -9.707765e-37 -1.299391e-35 -1.445973e-34 -1.415022e-33 -1.247398e-32 -1.002785e-31 -7.401891e-31 -5.036696e-30 -3.166919e-29 -1.842434e-28 -9.924194e-28 -4.950343e-27 -2.286472e-26 -9.775767e-26 -3.867216e-25 -1.414781e-24 -4.784110e-24 -1.494627e-23 -4.312440e-23 -1.148867e-22 -2.825793e-22 -6.417677e-22 -1.346147e-21 -2.608798e-21 -4.672829e-21 -7.737593e-21 -1.184271e-20 -1.673936e-20 -2.180517e-20 -2.606656e-20 -2.836796e-20 -2.767064e-20 -2.339812e-20 -1.570254e-20 -5.534781e-21 5.534781e-21 1.570254e-20 2.339812e-20 2.767064e-20 2.836796e-20 2.606656e-20 2.180517e-20 1.673936e-20 1.184271e-20 7.737593e-21 4.672829e-21 2.608798e-21 1.346147e-21 6.417677e-22 2.825793e-22 1.148867e-22 4.312440e-23 1.494627e-23 4.784110e-24 1.414781e-24 3.867216e-25 9.775767e-26 2.286472e-26 4.950343e-27 9.924194e-28 1.842434e-28 3.166919e-29 5.036696e-30 7.401891e-31 1.002785e-31 1.247398e-32 1.415022e-33 1.445973e-34 1.299391e-35 9.707765e-37 4.995125e-38 -3.831063e-40 -5.502079e-40 -9.532158e-41 -1.195481e-41 -1.265959e-42 -1.190307e-43 -1.016777e-44 -7.989799e-46 -5.819372e-47 -3.948142e-48 -2.503582e-49 -1.487425e-50 -8.294284e-52 -4.346521e-53 -2.109872e-54 -5.239889e-56 -2.407469e-58 -1.838238e-61 -3.043991e-65 -1.405360e-69 -2.189341e-74 -1.327711e-79
1.771969e-75 2.787631e-70 1.707612e-65 3.529948e-61 2.034330e-57 2.541991e-54 5.277411e-52 2.028360e-50 3.994955e-49 7.285207e-48 1.247074e-46 2.000276e-45 2.998786e-44 4.187168e-43 5.417024e-42 6.441425e-41 6.946453e-40 6.625060e-39 5.279128e-38 2.915464e-37 -2.074449e-37 -3.613448e-35 -6.723836e-34 -9.016786e-33 -1.017135e-31 -1.014114e-30 -9.134307e-30 -7.517332e-29 -5.688858e-28 -3.973650e-27 -2.567539e-26 -1.536549e-25 -8.521962e-25 -4.380963e-24 -2.087272e-23 -9.213448e-23 -3.766156e-22 -1.424882e-21 -4.986915e-21 -1.613791e-20 -4.826770e-20 -1.333999e-19 -3.406587e-19 -8.039236e-19 -1.753879e-18 -3.539263e-18 -6.610649e-18 -1.143630e-17 -1.833401e-17 -2.723980e-17 -3.748386e-17 -4.768100e-17 -5.583913e-17 -5.972912e-17 -5.745760e-17 -4.808058e-17 -3.204237e-17 -1.125475e-17 1.125475e-17 3.204237e-17 4.808058e-17 5.745760e-17 5.972912e-17 5.583913e-17 4.768100e-17 3.748386e-17 2.723980e-17 1.833401e-17 1.143630e-17 6.610649e-18 3.539263e-18 1.753879e-18 8.039236e-19 3.406587e-19 1.333999e-19 4.826770e-20 1.613791e-20 4.986915e-21 1.424882e-21 3.766156e-22 9.213448e-23 2.087272e-23 4.380963e-24 8.521962e-25 1.536549e-25 2.567539e-26 3.973650e-27 5.688858e-28 7.517332e-29 9.134307e-30 1.014114e-30 1.017135e-31 9.016786e-33 6.723836e-34 3.613448e-35 2.074449e-37 -2.915464e-37 -5.279128e-38 -6.625060e-39 -6.946453e-40 -6.441425e-41 -5.417024e-42 -4.187168e-43 -2.998786e-44 -2.000276e-45 -1.247074e-46 -7.285207e-48 -3.994955e-49 -2.028360e-50 -5.277411e-52 -2.541991e-54 -2.034330e-57 -3.529948e-61 -1.707612e-65 -2.787631e-70 -1.771969e-75
5.859004e-72 8.795891e-67 5.142301e-62 1.014458e-57 5.577961e-54 6.646927e-51 1.315353e-48 4.821064e-47 9.067383e-46 1.577645e-44 2.572123e-43 3.919366e-42 5.561266e-41 7.307869e-40 8.817772e-39 9.629329e-38 9.257105e-37 7.341535e-36 3.807222e-35 -1.035882e-34 -6.506867e-33 -1.170175e-31 -1.573445e-30 -1.798389e-29 -1.825273e-28 -1.678096e-27 -1.412190e-26 -1.094317e-25 -7.835979e-25 -5.195684e-24 -3.193689e-23 -1.820872e-22 -9.630680e-22 -4.724467e-21 -2.148855e-20 -9.057415e-20 -3.535900e-19 -1.277748e-18 -4.271801e-18 -1.320721e-17 -3.775068e-17 -9.975135e-17 -2.437039e-16 -5.507283e-16 -1.151952e-15 -2.232217e-15 -4.011267e-15 -6.691226e-15 -1.036960e-14 -1.493522e-14 -1.998347e-14 -2.479619e-14 -2.842145e-14 -2.985810e-14 -2.830906e-14 -2.343185e-14 -1.550218e-14 -5.425224e-15 5.425224e-15 1.550218e-14 2.343185e-14 2.830906e-14 2.985810e-14 2.842145e-14 2.479619e-14 1.998347e-14 1.493522e-14 1.036960e-14 6.691226e-15 4.011267e-15 2.232217e-15 1.151952e-15 5.507283e-16 2.437039e-16 9.975135e-17 3.775068e-17 1.320721e-17 4.271801e-18 1.277748e-18 3.535900e-19 9.057415e-20 2.148855e-20 4.724467e-21 9.630680e-22 1.820872e-22 3.193689e-23 5.195684e-24 7.835979e-25 1.094317e-25 1.412190e-26 1.678096e-27 1.825273e-28 1.798389e-29 1.573445e-30 1.170175e-31 6.506867e-33 1.035882e-34 -3.807222e-35 -7.341535e-36 -9.257105e-37 -9.629329e-38 -8.817772e-39 -7.307869e-40 -5.561266e-41 -3.919366e-42 -2.572123e-43 -1.577645e-44 -9.067383e-46 -4.821064e-47 -1.315353e-48 -6.646927e-51 -5.577961e-54 -1.014458e-57 -5.142301e-62 -8.795891e-67 -5.859004e-72
3.648092e-69 5.227190e-64 2.916555e-59 5.489917e-55 2.878885e-51 3.269469e-48 6.160970e-46 2.150616e-44 3.856289e-43 6.387355e-42 9.886916e-41 1.424704e-39 1.900229e-38 2.324608e-37 2.567767e-36 2.483775e-35 1.952285e-34 9.272855e-34 -5.254699e-33 -2.221774e-31 -3.893077e-30 -5.254588e-29 -6.084213e-28 -6.282440e-27 -5.890786e-26 -5.064514e-25 -4.014516e-24 -2.943662e-23 -2.000516e-22 -1.261413e-21 -7.383179e-21 -4.011740e-20 -2.023177e-19 -9.466039e-19 -4.106775e-18 -1.651069e-17 -6.147341e-17 -2.118411e-16 -6.753336e-16 -1.990955e-15 -5.427254e-15 -1.368128e-14 -3.190667e-14 -6.889053e-14 -1.378489e-13 -2.559510e-13 -4.415927e-13 -7.089083e-13 -1.060122e-12 -1.477753e-12 -1.919753e-12 -2.320664e-12 -2.600500e-12 -2.680613e-12 -2.503061e-12 -2.048160e-12 -1.344670e-12 -4.687819e-13 4.687819e-13 1.344670e-12 2.048160e-12 2.503061e-12 2.680613e-12 2.600500e-12 2.320664e-12 1.919753e-12 1.477753e-12 1.060122e-12 7.089083e-13 4.415927e-13 2.559510e-13 1.378489e-13 6.889053e-14 3.190667e-14 1.368128e-14 5.427254e-15 1.990955e-15 6.753336e-16 2.118411e-16 6.147341e-17 1.651069e-17 4.106775e-18 9.466039e-19 2.023177e-19 4.011740e-20 7.383179e-21 1.261413e-21 2.000516e-22 2.943662e-23 4.014516e-24 5.064514e-25 5.890786e-26 6.282440e-27 6.084213e-28 5.254588e-29 3.893077e-30 2.221774e-31 5.254699e-33 -9.272855e-34 -1.952285e-34 -2.483775e-35 -2.567767e-36 -2.324608e-37 -1.900229e-38 -1.424704e-39 -9.886916e-41 -6.387355e-42 -3.856289e-43 -2.150616e-44 -6.160970e-46 -3.269469e-48 -2.878885e-51 -5.489917e-55 -2.916555e-59 -5.227190e-64 -3.648092e-69
3.609464e-67 4.938510e-62 2.630623e-57 4.725300e-53 2.362987e-49 2.556530e-46 4.583922e-44 1.522106e-42 2.597717e-41 4.085625e-40 5.980545e-39 8.098999e-38 1.004946e-36 1.123517e-35 1.094377e-34 8.530994e-34 3.660592e-33 -3.482515e-32 -1.210667e-30 -2.092541e-29 -2.846094e-28 -3.344503e-27 -3.516955e-26 -3.365308e-25 -2.956886e-24 -2.398106e-23 -1.800842e-22 -1.254434e-21 -8.113630e-21 -4.874872e-20 -2.720854e-19 -1.410365e-18 -6.786488e-18 -3.029625e-17 -1.253925e-16 -4.808280e-16 -1.707073e-15 -5.607941e-15 -1.703930e-14 -4.787340e-14 -1.243782e-13 -2.989190e-13 -6.650095e-13 -1.370977e-12 -2.622807e-12 -4.663931e-12 -7.722489e-12 -1.192698e-11 -1.720695e-11 -2.321008e-11 -2.927251e-11 -3.447097e-11 -3.776318e-11 -3.819460e-11 -3.512470e-11 -2.841304e-11 -1.851130e-11 -6.428703e-12 6.428703e-12 1.851130e-11 2.841304e-11 3.512470e-11 3.819460e-11 3.776318e-11 3.447097e-11 2.927251e-11 2.321008e-11 1.720695e-11 1.192698e-11 7.722489e-12 4.663931e-12 2.622807e-12 1.370977e-12 6.650095e-13 2.989190e-13 1.243782e-13 4.787340e-14 1.703930e-14 5.607941e-15 1.707073e-15 4.808280e-16 1.253925e-16 3.029625e-17 6.786488e-18 1.410365e-18 2.720854e-19 4.874872e-20 8.113630e-21 1.254434e-21 1.800842e-22 2.398106e-23 2.956886e-24 3.365308e-25 3.516955e-26 3.344503e-27 2.846094e-28 2.092541e-29 1.210667e-30 3.482515e-32 -3.660592e-33 -8.530994e-34 -1.094377e-34 -1.123517e-35 -1.004946e-36 -8.098999e-38 -5.980545e-39 -4.085625e-40 -2.597717e-41 -1.522106e-42 -4.583922e-44 -2.556530e-46 -2.362987e-49 -4.725300e-53 -2.630623e-57 -4.938510e-62 -3.609464e-67
1.011977e-65 1.324530e-60 6.747286e-56 1.158413e-51 5.532004e-48 5.708425e-45 9.747014e-43 3.079790e-41 5.001285e-40 7.458604e-39 1.029082e-37 1.300791e-36 1.480616e-35 1.465800e-34 1.154383e-33 4.794410e-33 -5.559881e-32 -1.858173e-30 -3.249166e-29 -4.504153e-28 -5.409936e-27 -5.824008e-26 -5.711814e-25 -5.148604e-24 -4.287431e-23 -3.308449e-22 -2.370011e-21 -1.577606e-20 -9.762236e-20 -5.615795e-19 -3.002399e-18 -1.491126e-17 -6.875109e-17 -2.940723e-16 -1.166031e-15 -4.282761e-15 -1.456130e-14 -4.580349e-14 -1.332480e-13 -3.584593e-13 -8.919257e-13 -2.053912e-12 -4.381559e-12 -8.671062e-12 -1.594658e-11 -2.730725e-11 -4.363265e-11 -6.518353e-11 -9.119879e-11 -1.196306e-10 -1.471523e-10 -1.695138e-10 -1.822203e-10 -1.814087e-10 -1.647254e-10 -1.319865e-10 -8.544546e-11 -2.957979e-11 2.957979e-11 8.544546e-11 1.319865e-10 1.647254e-10 1.814087e-10 1.822203e-10 1.695138e-10 1.471523e-10 1.196306e-10 9.119879e-11 6.518353e-11 4.363265e-11 2.730725e-11 1.594658e-11 8.671062e-12 4.381559e-12 2.053912e-12 8.919257e-13 3.584593e-13 1.332480e-13 4.580349e-14 1.456130e-14 4.282761e-15 1.166031e-15 2.940723e-16 6.875109e-17 1.491126e-17 3.002399e-18 5.615795e-19 9.762236e-20 1.577606e-20 2.370011e-21 3.308449e-22 4.287431e-23 5.148604e-24 5.711814e-25 5.824008e-26 5.409936e-27 4.504153e-28 3.249166e-29 1.858173e-30 5.559881e-32 -4.794410e-33 -1.154383e-33 -1.465800e-34 -1.480616e-35 -1.300791e-36 -1.029082e-37 -7.458604e-39 -5.001285e-40 -3.079790e-41 -9.747014e-43 -5.708425e-45 -5.532004e-48 -1.158413e-51 -6.747286e-56 -1.324530e-60 -1.011977e-65
2.241797e-64 2.809916e-59 1.370146e-54 2.249990e-50 1.026565e-46 1.010415e-43 1.642173e-41 4.931534e-40 7.603081e-39 1.070755e-37 1.381958e-36 1.606694e-35 1.625149e-34 1.307643e-33 5.532840e-33 -6.650805e-32 -2.266711e-30 -4.057750e-29 -5.764757e-28 -7.101246e-27 -7.845665e-26 -7.901914e-25 -7.319562e-24 -6.267895e-23 -4.977088e-22 -3.671393e-21 -2.518355e-20 -1.607007e-19 -9.539891e-19 -5.267168e-18 -2.703386e-17 -1.289011e-16 -5.705561e-16 -2.342514e-15 -8.913609e-15 -3.141060e-14 -1.024372e-13 -3.090137e-13 -8.620204e-13 -2.223784e-12 -5.307380e-12 -1.172849e-11 -2.402899e-11 -4.571973e-11 -8.095570e-11 -1.337124e-10 -2.064967e-10 -2.988479e-10 -4.060721e-10 -5.187001e-10 -6.230304e-10 -7.028439e-10 -7.420448e-10 -7.277068e-10 -6.528606e-10 -5.183883e-10 -3.335720e-10 -1.151284e-10 1.151284e-10 3.335720e-10 5.183883e-10 6.528606e-10 7.277068e-10 7.420448e-10 7.028439e-10 6.230304e-10 5.187001e-10 4.060721e-10 2.988479e-10 2.064967e-10 1.337124e-10 8.095570e-11 4.571973e-11 2.402899e-11 1.172849e-11 5.307380e-12 2.223784e-12 8.620204e-13 3.090137e-13 1.024372e-13 3.141060e-14 8.913609e-15 2.342514e-15 5.705561e-16 1.289011e-16 2.703386e-17 5.267168e-18 9.539891e-19 1.607007e-19 2.518355e-20 3.671393e-21 4.977088e-22 6.267895e-23 7.319562e-24 7.901914e-25 7.845665e-26 7.101246e-27 5.764757e-28 4.057750e-29 2.266711e-30 6.650805e-32 -5.532840e-33 -1.307643e-33 -1.625149e-34 -1.606694e-35 -1.381958e-36 -1.070755e-37 -7.603081e-39 -4.931534e-40 -1.642173e-41 -1.010415e-43 -1.026565e-46 -2.249990e-50 -1.370146e-54 -2.809916e-59 -2.241797e-64
4.678160e-63 5.614441e-58 2.619444e-53 4.111376e-49 1.790092e-45 1.677606e-42 2.588150e-40 7.357482e-39 1.070687e-37 1.410531e-36 1.674439e-35 1.729883e-34 1.421844e-33 6.134194e-33 -7.608287e-32 -2.646590e-30 -4.849108e-29 -7.056929e-28 -8.910739e-27 -1.009769e-25 -1.043771e-24 -9.929075e-24 -8.737202e-23 -7.134028e-22 -5.414855e-21 -3.824386e-20 -2.514476e-19 -1.539062e-18 -8.767371e-18 -4.645922e-17 -2.288629e-16 -1.047224e-15 -4.447260e-15 -1.751249e-14 -6.388943e-14 -2.157698e-13 -6.741359e-13 -1.947623e-12 -5.202253e-12 -1.284972e-11 -2.936875e-11 -6.217984e-11 -1.221473e-10 -2.230932e-10 -3.797647e-10 -6.041200e-10 -9.004949e-10 -1.260894e-09 -1.661974e-09 -2.065047e-09 -2.419724e-09 -2.670830e-09 -2.767344e-09 -2.671589e-09 -2.366807e-09 -1.861598e-09 -1.190353e-09 -4.095386e-10 4.095386e-10 1.190353e-09 1.861598e-09 2.366807e-09 2.671589e-09 2.767344e-09 2.670830e-09 2.419724e-09 2.065047e-09 1.661974e-09 1.260894e-09 9.004949e-10 6.041200e-10 3.797647e-10 2.230932e-10 1.221473e-10 6.217984e-11 2.936875e-11 1.284972e-11 5.202253e-12 1.947623e-12 6.741359e-13 2.157698e-13 6.388943e-14 1.751249e-14 4.447260e-15 1.047224e-15 2.288629e-16 4.645922e-17 8.767371e-18 1.539062e-18 2.514476e-19 3.824386e-20 5.414855e-21 7.134028e-22 8.737202e-23 9.929075e-24 1.043771e-24 1.009769e-25 8.910739e-27 7.056929e-28 4.849108e-29 2.646590e-30 7.608287e-32 -6.134194e-33 -1.421844e-33 -1.729883e-34 -1.674439e-35 -1.410531e-36 -1.070687e-37 -7.357482e-39 -2.588150e-40 -1.677606e-42 -1.790092e-45 -4.111376e-49 -2.619444e-53 -5.614441e-58 -4.678160e-63
9.185641e-62 1.055128e-56 4.706887e-52 7.053298e-48 2.925623e-44 2.603734e-41 3.797680e-39 1.015659e-37 1.381862e-36 1.674438e-35 1.766266e-34 1.482611e-33 6.525780e-33 -8.321168e-32 -2.955983e-30 -5.541493e-29 -8.257349e-28 -1.068212e-26 -1.240895e-25 -1.315646e-24 -1.284460e-23 -1.160712e-22 -9.738577e-22 -7.600293e-21 -5.522897e-20 -3.738496e-19 -2.357402e-18 -1.384390e-17 -7.567481e-17 -3.847827e-16 -1.818430e-15 -7.979960e-15 -3.248720e-14 -1.225784e-13 -4.282603e-13 -1.384341e-12 -4.137565e-12 -1.143006e-11 -2.918352e-11 -6.889370e-11 -1.505071e-10 -3.047111e-10 -5.728332e-10 -1.002404e-09 -1.637414e-09 -2.504304e-09 -3.596955e-09 -4.865258e-09 -6.211531e-09 -7.497138e-09 -8.558949e-09 -9.232706e-09 -9.378765e-09 -8.905310e-09 -7.784960e-09 -6.062150e-09 -3.850419e-09 -1.320295e-09 1.320295e-09 3.850419e-09 6.062150e-09 7.784960e-09 8.905310e-09 9.378765e-09 9.232706e-09 8.558949e-09 7.497138e-09 6.211531e-09 4.865258e-09 3.596955e-09 2.504304e-09 1.637414e-09 1.002404e-09 5.728332e-10 3.047111e-10 1.505071e-10 6.889370e-11 2.918352e-11 1.143006e-11 4.137565e-12 1.384341e-12 4.282603e-13 1.225784e-13 3.248720e-14 7.979960e-15 1.818430e-15 3.847827e-16 7.567481e-17 1.384390e-17 2.357402e-18 3.738496e-19 5.522897e-20 7.600293e-21 9.738577e-22 1.160712e-22 1.284460e-23 1.315646e-24 1.240895e-25 1.068212e-26 8.257349e-28 5.541493e-29 2.955983e-30 8.321168e-32 -6.525780e-33 -1.482611e-33 -1.766266e-34 -1.674438e-35 -1.381862e-36 -1.015659e-37 -3.797680e-39 -2.603734e-41 -2.925623e-44 -7.053298e-48 -4.706887e-52 -1.055128e-56 -9.185641e-62
1.695954e-60 1.863327e-55 7.939378e-51 1.134020e-46 4.470009e-43 3.763369e-40 5.157446e-38 1.284644e-36 1.606569e-35 1.729882e-34 1.482611e-33 6.661745e-33 -8.702038e-32 -3.158578e-30 -6.056727e-29 -9.236848e-28 -1.223616e-26 -1.456332e-25 -1.582849e-24 -1.585039e-23 -1.469983e-22 -1.266509e-21 -1.015616e-20 -7.587856e-20 -5.284111e-19 -3.430073e-18 -2.074884e-17 -1.169013e-16 -6.130208e-16 -2.989466e-15 -1.354442e-14 -5.695488e-14 -2.220489e-13 -8.017965e-13 -2.678922e-12 -8.275221e-12 -2.361892e-11 -6.226901e-11 -1.516560e-10 -3.414144e-10 -7.112858e-10 -1.373778e-09 -2.465625e-09 -4.124065e-09 -6.449398e-09 -9.462054e-09 -1.306692e-08 -1.703744e-08 -2.102675e-08 -2.460563e-08 -2.731974e-08 -2.875443e-08 -2.859474e-08 -2.667077e-08 -2.298270e-08 -1.770382e-08 -1.116351e-08 -3.814054e-09 3.814054e-09 1.116351e-08 1.770382e-08 2.298270e-08 2.667077e-08 2.859474e-08 2.875443e-08 2.731974e-08 2.460563e-08 2.102675e-08 1.703744e-08 1.306692e-08 9.462054e-09 6.449398e-09 4.124065e-09 2.465625e-09 1.373778e-09 7.112858e-10 3.414144e-10 1.516560e-10 6.226901e-11 2.361892e-11 8.275221e-12 2.678922e-12 8.017965e-13 2.220489e-13 5.695488e-14 1.354442e-14 2.989466e-15 6.130208e-16 1.169013e-16 2.074884e-17 3.430073e-18 5.284111e-19 7.587856e-20 1.015616e-20 1.266509e-21 1.469983e-22 1.585039e-23 1.582849e-24 1.456332e-25 1.223616e-26 9.236848e-28 6.056727e-29 3.158578e-30 8.702038e-32 -6.661745e-33 -1.482611e-33 -1.729882e-34 -1.606569e-35 -1.284644e-36 -5.157446e-38 -3.763369e-40 -4.470009e-43 -1.134020e-46 -7.939378e-51 -1.863327e-55 -1.695954e-60
2.941681e-59 3.088283e-54 1.254918e-49 1.704538e-45 6.361755e-42 5.037259e-39 6.421831e-37 1.463486e-35 1.625001e-34 1.421842e-33 6.525780e-33 -8.702038e-32 -3.229126e-30 -6.331899e-29 -9.879028e-28 -1.339482e-26 -1.632563e-25 -1.817989e-24 -1.866230e-23 -1.775208e-22 -1.569644e-21 -1.292495e-20 -9.921562e-20 -7.103183e-19 -4.743130e-18 -2.953221e-17 -1.713636e-16 -9.260210e-16 -4.656097e-15 -2.176151e-14 -9.443867e-14 -3.801105e-13 -1.417325e-12 -4.890413e-12 -1.559906e-11 -4.595829e-11 -1.249947e-10 -3.137541e-10 -7.270578e-10 -1.556648e-09 -3.083875e-09 -5.665345e-09 -9.678284e-09 -1.542633e-08 -2.302604e-08 -3.230872e-08 -4.277231e-08 -5.360354e-08 -6.376886e-08 -7.215282e-08 -7.771212e-08 -7.961399e-08 -7.733652e-08 -7.072067e-08 -5.997546e-08 -4.564512e-08 -2.855032e-08 -9.714761e-09 9.714761e-09 2.855032e-08 4.564512e-08 5.997546e-08 7.072067e-08 7.733652e-08 7.961399e-08 7.771212e-08 7.215282e-08 6.376886e-08 5.360354e-08 4.277231e-08 3.230872e-08 2.302604e-08 1.542633e-08 9.678284e-09 5.665345e-09 3.083875e-09 1.556648e-09 7.270578e-10 3.137541e-10 1.249947e-10 4.595829e-11 1.559906e-11 4.890413e-12 1.417325e-12 3.801105e-13 9.443867e-14 2.176151e-14 4.656097e-15 9.260210e-16 1.713636e-16 2.953221e-17 4.743130e-18 7.103183e-19 9.921562e-20 1.292495e-20 1.569644e-21 1.775208e-22 1.866230e-23 1.817989e-24 1.632563e-25 1.339482e-26 9.879028e-28 6.331899e-29 3.229126e-30 8.702038e-32 -6.525780e-33 -1.421842e-33 -1.625001e-34 -1.463486e-35 -6.421831e-37 -5.037259e-39 -6.361755e-42 -1.704538e-45 -1.254918e-49 -3.088283e-54 -2.941681e-59
4.787653e-58 4.795756e-53 1.854345e-48 2.386975e-44 8.389097e-41 6.189020e-38 7.213144e-36 1.450756e-34 1.307489e-33 6.134181e-33 -8.321168e-32 -3.158578e-30 -6.331899e-29 -1.010278e-27 -1.401435e-26 -1.748298e-25 -1.993690e-24 -2.096873e-23 -2.044675e-22 -1.854293e-21 -1.566923e-20 -1.235052e-19 -9.084321e-19 -6.235757e-18 -3.993511e-17 -2.384842e-16 -1.327040e-15 -6.874429e-15 -3.311813e-14 -1.482088e-13 -6.153620e-13 -2.367484e-12 -8.429392e-12 -2.774188e-11 -8.430211e-11 -2.363346e-10 -6.108876e-10 -1.455745e-09 -3.199504e-09 -6.492683e-09 -1.218717e-08 -2.121501e-08 -3.436150e-08 -5.198211e-08 -7.375515e-08 -9.856449e-08 -1.245640e-07 -1.494127e-07 -1.706160e-07 -1.858841e-07 -1.934283e-07 -1.921453e-07 -1.816777e-07 -1.623704e-07 -1.351565e-07 -1.014153e-07 -6.283138e-08 -2.127715e-08 2.127715e-08 6.283138e-08 1.014153e-07 1.351565e-07 1.623704e-07 1.816777e-07 1.921453e-07 1.934283e-07 1.858841e-07 1.706160e-07 1.494127e-07 1.245640e-07 9.856449e-08 7.375515e-08 5.198211e-08 3.436150e-08 2.121501e-08 1.218717e-08 6.492683e-09 3.199504e-09 1.455745e-09 6.108876e-10 2.363346e-10 8.430211e-11 2.774188e-11 8.429392e-12 2.367484e-12 6.153620e-13 1.482088e-13 3.311813e-14 6.874429e-15 1.327040e-15 2.384842e-16 3.993511e-17 6.235757e-18 9.084321e-19 1.235052e-19 1.566923e-20 1.854293e-21 2.044675e-22 2.096873e-23 1.993690e-24 1.748298e-25 1.401435e-26 1.010278e-27 6.331899e-29 3.158578e-30 8.321168e-32 -6.134181e-33 -1.307489e-33 -1.450756e-34 -7.213144e-36 -6.189020e-38 -8.389097e-41 -2.386975e-44 -1.854345e-48 -4.795756e-53 -4.787653e-58
7.299292e-57 6.961632e-52 2.553108e-47 3.098493e-43 1.016563e-39 6.875844e-37 7.076837e-35 1.145633e-33 5.531512e-33 -7.608300e-32 -2.955983e-30 -6.056727e-29 -9.879028e-28 -1.401435e-26 -1.788658e-25 -2.087759e-24 -2.248614e-23 -2.246489e-22 -2.088428e-21 -1.810006e-20 -1.464008e-19 -1.105645e-18 -7.796833e-18 -5.132523e-17 -3.152255e-16 -1.804947e-15 -9.626265e-15 -4.776764e-14 -2.202777e-13 -9.427646e-13 -3.739703e-12 -1.372976e-11 -4.658832e-11 -1.459178e-10 -4.213569e-10 -1.120738e-09 -2.744285e-09 -6.185893e-09 -1.284332e-08 -2.459458e-08 -4.353536e-08 -7.145070e-08 -1.091388e-07 -1.558280e-07 -2.089368e-07 -2.643025e-07 -3.168227e-07 -3.613114e-07 -3.933234e-07 -4.097478e-07 -4.090740e-07 -3.913382e-07 -3.578353e-07 -3.107136e-07 -2.525637e-07 -1.860839e-07 -1.138676e-07 -3.831916e-08 3.831916e-08 1.138676e-07 1.860839e-07 2.525637e-07 3.107136e-07 3.578353e-07 3.913382e-07 4.090740e-07 4.097478e-07 3.933234e-07 3.613114e-07 3.168227e-07 2.643025e-07 2.089368e-07 1.558280e-07 1.091388e-07 7.145070e-08 4.353536e-08 2.459458e-08 1.284332e-08 6.185893e-09 2.744285e-09 1.120738e-09 4.213569e-10 1.459178e-10 4.658832e-11 1.372976e-11 3.739703e-12 9.427646e-13 2.202777e-13 4.776764e-14 9.626265e-15 1.804947e-15 3.152255e-16 5.132523e-17 7.796833e-18 1.105645e-18 1.464008e-19 1.810006e-20 2.088428e-21 2.246489e-22 2.248614e-23 2.087759e-24 1.788658e-25 1.401435e-26 9.879028e-28 6.056727e-29 2.955983e-30 7.608300e-32 -5.531512e-33 -1.145633e-33 -7.076837e-35 -6.875844e-37 -1.016563e-39 -3.098493e-43 -2.553108e-47 -6.961632e-52 -7.299292e-57
1.040160e-55 9.416497e-51 3.259566e-46 3.699453e-42 1.116336e-38 6.708947e-36 5.597055e-34 4.816745e-33 -6.651570e-32 -2.646591e-30 -5.541493e-29 -9.236848e-28 -1.339482e-26 -1.748298e-25 -2.087759e-24 -2.301577e-23 -2.354687e-22 -2.242754e-21 -1.992490e-20 -1.652874e-19 -1.280921e-18 -9.274005e-18 -6.271275e-17 -3.958707e-16 -2.330933e-15 -1.279008e-14 -6.532831e-14 -3.102200e-13 -1.367672e-12 -5.589835e-12 -2.114718e-11 -7.393672e-11 -2.385327e-10 -7.090518e-10 -1.939489e-09 -4.876809e-09 -1.126587e-08 -2.390927e-08 -4.664997e-08 -8.381314e-08 -1.390130e-07 -2.135962e-07 -3.053373e-07 -4.080367e-07 -5.123113e-07 -6.073528e-07 -6.830552e-07 -7.318471e-07 -7.497649e-07 -7.366182e-07 -6.953857e-07 -6.311436e-07 -5.498604e-07 -4.573283e-07 -3.583951e-07 -2.565565e-07 -1.538890e-07 -5.126091e-08 5.126091e-08 1.538890e-07 2.565565e-07 3.583951e-07 4.573283e-07 5.498604e-07 6.311436e-07 6.953857e-07 7.366182e-07 7.497649e-07 7.318471e-07 6.830552e-07 6.073528e-07 5.123113e-07 4.080367e-07 3.053373e-07 2.135962e-07 1.390130e-07 8.381314e-08 4.664997e-08 2.390927e-08 1.126587e-08 4.876809e-09 1.939489e-09 7.090518e-10 2.385327e-10 7.393672e-11 2.114718e-11 5.589835e-12 1.367672e-12 3.102200e-13 6.532831e-14 1.279008e-14 2.330933e-15 3.958707e-16 6.271275e-17 9.274005e-18 1.280921e-18 1.652874e-19 1.992490e-20 2.242754e-21 2.354687e-22 2.301577e-23 2.087759e-24 1.748298e-25 1.339482e-26 9.236848e-28 5.541493e-29 2.646591e-30 6.651570e-32 -4.816745e-33 -5.597055e-34 -6.708947e-36 -1.116336e-38 -3.699453e-42 -3.259566e-46 -9.416497e-51 -1.040160e-55
1.381145e-54 1.181387e-49 3.830658e-45 4.010543e-41 1.082065e-37 5.362169e-35 2.549366e-33 -5.386430e-32 -2.266695e-30 -4.849109e-29 -8.257349e-28 -1.223616e-26 -1.632563e-25 -1.993690e-24 -2.248614e-23 -2.354687e-22 -2.296670e-21 -2.090464e-20 -1.777599e-19 -1.412816e-18 -1.049603e-17 -7.286754e-17 -4.724727e-16 -2.859030e-15 -1.613021e-14 -8.475099e-14 -4.141601e-13 -1.879683e-12 -7.910689e-12 -3.081998e-11 -1.109637e-10 -3.685410e-10 -1.127141e-09 -3.169039e-09 -8.178659e-09 -1.935196e-08 -4.195091e-08 -8.331012e-08 -1.516775e-07 -2.536090e-07 -3.905144e-07 -5.558701e-07 -7.347467e-07 -9.063115e-07 -1.048496e-06 -1.143083e-06 -1.179496e-06 -1.156305e-06 -1.080424e-06 -9.646540e-07 -8.245441e-07 -6.754119e-07 -5.300833e-07 -3.975630e-07 -2.825822e-07 -1.858235e-07 -1.045821e-07 -3.365829e-08 3.365829e-08 1.045821e-07 1.858235e-07 2.825822e-07 3.975630e-07 5.300833e-07 6.754119e-07 8.245441e-07 9.646540e-07 1.080424e-06 1.156305e-06 1.179496e-06 1.143083e-06 1.048496e-06 9.063115e-07 7.347467e-07 5.558701e-07 3.905144e-07 2.536090e-07 1.516775e-07 8.331012e-08 4.195091e-08 1.935196e-08 8.178659e-09 3.169039e-09 1.127141e-09 3.685410e-10 1.109637e-10 3.081998e-11 7.910689e-12 1.879683e-12 4.141601e-13 8.475099e-14 1.613021e-14 2.859030e-15 4.724727e-16 7.286754e-17 1.049603e-17 1.412816e-18 1.777599e-19 2.090464e-20 2.296670e-21 2.354687e-22 2.248614e-23 1.993690e-24 1.632563e-25 1.223616e-26 8.257349e-28 4.849109e-29 2.266695e-30 5.386430e-32 -2.549366e-33 -5.362169e-35 -1.082065e-37 -4.010543e-41 -3.830658e-45 -1.181387e-49 -1.381145e-54
1.701295e-53 1.365205e-48 4.094339e-44 3.854220e-40 8.712679e-37 2.701623e-34 -1.961570e-32 -1.823328e-30 -4.057611e-29 -7.056929e-28 -1.068212e-26 -1.456332e-25 -1.817989e-24 -2.096873e-23 -2.246489e-22 -2.242754e-21 -2.090464e-20 -1.821215e-19 -1.483731e-18 -1.130459e-17 -8.052734e-17 -5.360243e-16 -3.331506e-15 -1.931455e-14 -1.043298e-13 -5.243603e-13 -2.448475e-12 -1.060446e-11 -4.252373e-11 -1.575776e-10 -5.385266e-10 -1.693841e-09 -4.893177e-09 -1.295663e-08 -3.138924e-08 -6.946986e-08 -1.403098e-07 -2.585238e-07 -4.347688e-07 -6.683837e-07 -9.416921e-07 -1.220024e-06 -1.458927e-06 -1.615977e-06 -1.662260e-06 -1.589251e-06 -1.409399e-06 -1.151314e-06 -8.520647e-07 -5.492852e-07 -2.750131e-07 -5.212883e-08 1.067036e-07 1.982372e-07 2.268092e-07 2.022062e-07 1.377240e-07 4.866996e-08 -4.866996e-08 -1.377240e-07 -2.022062e-07 -2.268092e-07 -1.982372e-07 -1.067036e-07 5.212883e-08 2.750131e-07 5.492852e-07 8.520647e-07 1.151314e-06 1.409399e-06 1.589251e-06 1.662260e-06 1.615977e-06 1.458927e-06 1.220024e-06 9.416921e-07 6.683837e-07 4.347688e-07 2.585238e-07 1.403098e-07 6.946986e-08 3.138924e-08 1.295663e-08 4.893177e-09 1.693841e-09 5.385266e-10 1.575776e-10 4.252373e-11 1.060446e-11 2.448475e-12 5.243603e-13 1.043298e-13 1.931455e-14 3.331506e-15 5.360243e-16 8.052734e-17 1.130459e-17 1.483731e-18 1.821215e-19 2.090464e-20 2.242754e-21 2.246489e-22 2.096873e-23 1.817989e-24 1.456332e-25 1.068212e-26 7.056929e-28 4.057611e-29 1.823328e-30 1.961570e-32 -2.701623e-34 -8.712679e-37 -3.854220e-40 -4.094339e-44 -1.365205e-48 -1.701295e-53
1.931298e-52 1.436857e-47 3.893699e-43 3.112862e-39 4.734597e-36 -1.112458e-33 -7.443739e-31 -3.197081e-29 -5.764482e-28 -8.910738e-27 -1.240895e-25 -1.582849e-24 -1.866230e-23 -2.044675e-22 -2.088428e-21 -1.992490e-20 -1.777599e-19 -1.483731e-18 -1.158761e-17 -8.465160e-17 -5.781531e-16 -3.688730e-15 -2.196364e-14 -1.219010e-13 -6.297768e-13 -3.023890e-12 -1.347080e-11 -5.557029e-11 -2.118448e-10 -7.446576e-10 -2.407898e-09 -7.144901e-09 -1.940613e-08 -4.812583e-08 -1.087109e-07 -2.231960e-07 -4.157709e-07 -7.018748e-07 -1.073215e-06 -1.486641e-06 -1.866467e-06 -2.123542e-06 -2.183608e-06 -2.011439e-06 -1.620636e-06 -1.067292e-06 -4.325353e-07 1.981455e-07 7.520008e-07 1.179002e-06 1.454384e-06 1.575547e-06 1.555937e-06 1.418236e-06 1.188520e-06 8.921750e-07 5.517641e-07 1.865741e-07 -1.865741e-07 -5.517641e-07 -8.921750e-07 -1.188520e-06 -1.418236e-06 -1.555937e-06 -1.575547e-06 -1.454384e-06 -1.179002e-06 -7.520008e-07 -1.981455e-07 4.325353e-07 1.067292e-06 1.620636e-06 2.011439e-06 2.183608e-06 2.123542e-06 1.866467e-06 1.486641e-06 1.073215e-06 7.018748e-07 4.157709e-07 2.231960e-07 1.087109e-07 4.812583e-08 1.940613e-08 7.144901e-09 2.407898e-09 7.446576e-10 2.118448e-10 5.557029e-11 1.347080e-11 3.023890e-12 6.297768e-13 1.219010e-13 2.196364e-14 3.688730e-15 5.781531e-16 8.465160e-17 1.158761e-17 1.483731e-18 1.777599e-19 1.992490e-20 2.088428e-21 2.044675e-22 1.866230e-23 1.582849e-24 1.240895e-25 8.910738e-27 5.764482e-28 3.197081e-29 7.443739e-31 1.112458e-33 -4.734597e-36 -3.112862e-39 -3.893699e-43 -1.436857e-47 -1.931298e-52
1.999170e-51 1.349803e-46 3.142205e-42 1.784388e-38 -7.778043e-36 -5.603668e-32 -1.308465e-29 -4.438012e-28 -7.100844e-27 -1.009769e-25 -1.315646e-24 -1.585039e-23 -1.775208e-22 -1.854293e-21 -1.810006e-20 -1.652874e-19 -1.412816e-18 -1.130459e-17 -8.465160e-17 -5.929134e-16 -3.881339e-15 -2.372295e-14 -1.352154e-13 -7.176965e-13 -3.541729e-12 -1.622058e-11 -6.880573e-11 -2.697316e-10 -9.748558e-10 -3.239751e-09 -9.872294e-09 -2.750092e-08 -6.980900e-08 -1.609395e-07 -3.358258e-07 -6.320686e-07 -1.069321e-06 -1.620311e-06 -2.190086e-06 -2.625133e-06 -2.759970e-06 -2.481565e-06 -1.776308e-06 -7.360928e-07 4.739527e-07 1.666509e-06 2.680069e-06 3.409105e-06 3.812544e-06 3.905048e-06 3.738790e-06 3.383391e-06 2.909044e-06 2.375141e-06 1.824585e-06 1.282630e-06 7.588626e-07 2.509197e-07 -2.509197e-07 -7.588626e-07 -1.282630e-06 -1.824585e-06 -2.375141e-06 -2.909044e-06 -3.383391e-06 -3.738790e-06 -3.905048e-06 -3.812544e-06 -3.409105e-06 -2.680069e-06 -1.666509e-06 -4.739527e-07 7.360928e-07 1.776308e-06 2.481565e-06 2.759970e-06 2.625133e-06 2.190086e-06 1.620311e-06 1.069321e-06 6.320686e-07 3.358258e-07 1.609395e-07 6.980900e-08 2.750092e-08 9.872294e-09 3.239751e-09 9.748558e-10 2.697316e-10 6.880573e-11 1.622058e-11 3.541729e-12 7.176965e-13 1.352154e-13 2.372295e-14 3.881339e-15 5.929134e-16 8.465160e-17 1.130459e-17 1.412816e-18 1.652874e-19 1.810006e-20 1.854293e-21 1.775208e-22 1.585039e-23 1.315646e-24 1.009769e-25 7.100844e-27 4.438012e-28 1.308465e-29 5.603668e-32 7.778043e-36 -1.784388e-38 -3.142205e-42 -1.349803e-46 -1.999170e-51
1.852131e-50 1.084802e-45 1.869803e-41 1.063362e-39 -7.058107e-34 -1.006539e-30 -1.794150e-28 -5.335325e-27 -7.845166e-26 -1.043770e-24 -1.284460e-23 -1.469983e-22 -1.569644e-21 -1.566923e-20 -1.464008e-19 -1.280921e-18 -1.049603e-17 -8.052734e-17 -5.781531e-16 -3.881339e-15 -2.433991e-14 -1.424037e-13 -7.761838e-13 -3.934888e-12 -1.851888e-11 -8.074259e-11 -3.253737e-10 -1.208725e-09 -4.127528e-09 -1.291482e-08 -3.689745e-08 -9.587940e-08 -2.256340e-07 -4.785724e-07 -9.098975e-07 -1.540901e-06 -2.305882e-06 -3.015132e-06 -3.380224e-06 -3.119324e-06 -2.095660e-06 -4.015374e-07 1.665627e-06 3.712235e-06 5.377024e-06 6.424774e-06 6.780998e-06 6.512590e-06 5.778082e-06 4.771485e-06 3.676268e-06 2.637214e-06 1.749166e-06 1.058557e-06 5.719157e-07 2.667141e-07 1.015315e-07 2.393070e-08 -2.393070e-08 -1.015315e-07 -2.667141e-07 -5.719157e-07 -1.058557e-06 -1.749166e-06 -2.637214e-06 -3.676268e-06 -4.771485e-06 -5.778082e-06 -6.512590e-06 -6.780998e-06 -6.424774e-06 -5.377024e-06 -3.712235e-06 -1.665627e-06 4.015374e-07 2.095660e-06 3.119324e-06 3.380224e-06 3.015132e-06 2.305882e-06 1.540901e-06 9.098975e-07 4.785724e-07 2.256340e-07 9.587940e-08 3.689745e-08 1.291482e-08 4.127528e-09 1.208725e-09 3.253737e-10 8.074259e-11 1.851888e-11 3.934888e-12 7.761838e-13 1.424037e-13 2.433991e-14 3.881339e-15 5.781531e-16 8.052734e-17 1.049603e-17 1.280921e-18 1.464008e-19 1.566923e-20 1.569644e-21 1.469983e-22 1.284460e-23 1.043770e-24 7.845166e-26 5.335325e-27 1.794150e-28 1.006539e-30 7.058107e-34 -1.063362e-39 -1.869803e-41 -1.084802e-45 -1.852131e-50
1.478107e-49 6.622728e-45 2.376987e-41 -1.940070e-36 -1.307314e-32 -1.373870e-29 -2.119616e-27 -5.747710e-26 -7.901365e-25 -9.929072e-24 -1.160712e-22 -1.266509e-21 -1.292495e-20 -1.235052e-19 -1.105645e-18 -9.274005e-18 -7.286754e-17 -5.360243e-16 -3.688730e-15 -2.372295e-14 -1.424037e-13 -7.967114e-13 -4.147404e-12 -2.004997e-11 -8.981936e-11 -3.719477e-10 -1.419882e-09 -4.981182e-09 -1.600289e-08 -4.689430e-08 -1.247716e-07 -2.998389e-07 -6.467214e-07 -1.242442e-06 -2.105075e-06 -3.101886e-06 -3.886030e-06 -3.954616e-06 -2.869106e-06 -5.366381e-07 2.652423e-06 5.952590e-06 8.568791e-06 9.941810e-06 9.888099e-06 8.581646e-06 6.428091e-06 3.908697e-06 1.455116e-06 -6.228679e-07 -2.155937e-06 -3.096961e-06 -3.485730e-06 -3.410499e-06 -2.977257e-06 -2.288700e-06 -1.434221e-06 -4.878202e-07 4.878202e-07 1.434221e-06 2.288700e-06 2.977257e-06 3.410499e-06 3.485730e-06 3.096961e-06 2.155937e-06 6.228679e-07 -1.455116e-06 -3.908697e-06 -6.428091e-06 -8.581646e-06 -9.888099e-06 -9.941810e-06 -8.568791e-06 -5.952590e-06 -2.652423e-06 5.366381e-07 2.869106e-06 3.954616e-06 3.886030e-06 3.101886e-06 2.105075e-06 1.242442e-06 6.467214e-07 2.998389e-07 1.247716e-07 4.689430e-08 1.600289e-08 4.981182e-09 1.419882e-09 3.719477e-10 8.981936e-11 2.004997e-11 4.147404e-12 7.967114e-13 1.424037e-13 2.372295e-14 3.688730e-15 5.360243e-16 7.286754e-17 9.274005e-18 1.105645e-18 1.235052e-19 1.292495e-20 1.266509e-21 1.160712e-22 9.929072e-24 7.901365e-25 5.747710e-26 2.119616e-27 1.373870e-29 1.307314e-32 1.940070e-36 -2.376987e-41 -6.622728e-45 -1.478107e-49
9.175620e-49 1.429132e-44 -1.490975e-39 -3.737133e-35 -1.779703e-31 -1.602226e-28 -2.238136e-26 -5.640334e-25 -7.319014e-24 -8.737198e-23 -9.738577e-22 -1.015616e-20 -9.921562e-20 -9.084321e-19 -7.796833e-18 -6.271275e-17 -4.724727e-16 -3.331506e-15 -2.196364e-14 -1.352154e-13 -7.761838e-13 -4.147404e-12 -2.058772e-11 -9.473016e-11 -4.030045e-10 -1.580570e-09 -5.695890e-09 -1.878883e-08 -5.648184e-08 -1.539324e-07 -3.779621e-07 -8.296589e-07 -1.611831e-06 -2.732938e-06 -3.957161e-06 -4.700167e-06 -4.144868e-06 -1.668352e-06 2.618386e-06 7.664044e-06 1.188010e-05 1.389916e-05 1.314136e-05 9.908958e-06 5.120245e-06 -9.858057e-08 -4.775726e-06 -8.288828e-06 -1.039814e-05 -1.117425e-05 -1.087510e-05 -9.831602e-06 -8.360607e-06 -6.714828e-06 -5.064746e-06 -3.499729e-06 -2.043356e-06 -6.707061e-07 6.707061e-07 2.043356e-06 3.499729e-06 5.064746e-06 6.714828e-06 8.360607e-06 9.831602e-06 1.087510e-05 1.117425e-05 1.039814e-05 8.288828e-06 4.775726e-06 9.858057e-08 -5.120245e-06 -9.908958e-06 -1.314136e-05 -1.389916e-05 -1.188010e-05 -7.664044e-06 -2.618386e-06 1.668352e-06 4.144868e-06 4.700167e-06 3.957161e-06 2.732938e-06 1.611831e-06 8.296589e-07 3.779621e-07 1.539324e-07 5.648184e-08 1.878883e-08 5.695890e-09 1.580570e-09 4.030045e-10 9.473016e-11 2.058772e-11 4.147404e-12 7.761838e-13 1.352154e-13 2.196364e-14 3.331506e-15 4.724727e-16 6.271275e-17 7.796833e-18 9.084321e-19 9.921562e-20 1.015616e-20 9.738577e-22 8.737198e-23 7.319014e-24 5.640334e-25 2.238136e-26 1.602226e-28 1.779703e-31 3.737133e-35 1.490975e-39 -1.429132e-44 -9.175620e-49
2.586341e-48 -3.857844e-43 -3.019214e-38 -5.078519e-34 -2.049712e-30 -1.663491e-27 -2.149197e-25 -5.086885e-24 -6.267395e-23 -7.134025e-22 -7.600293e-21 -7.587856e-20 -7.103183e-19 -6.235757e-18 -5.132523e-17 -3.958707e-16 -2.859030e-15 -1.931455e-14 -1.219010e-13 -7.176965e-13 -3.934888e-12 -2.004997e-11 -9.473016e-11 -4.139176e-10 -1.667547e-09 -6.172548e-09 -2.090763e-08 -6.449265e-08 -1.801219e-07 -4.522357e-07 -1.011373e-06 -1.989650e-06 -3.380040e-06 -4.805733e-06 -5.354479e-06 -3.782615e-06 7.199963e-07 7.552839e-06 1.441662e-05 1.832657e-05 1.732119e-05 1.147733e-05 2.598665e-06 -6.820659e-06 -1.458194e-05 -1.939059e-05 -2.097012e-05 -1.980500e-05 -1.678472e-05 -1.286845e-05 -8.861551e-06 -5.325525e-06 -2.563486e-06 -6.724650e-07 3.985225e-07 7.869763e-07 6.742076e-07 2.585115e-07 -2.585115e-07 -6.742076e-07 -7.869763e-07 -3.985225e-07 6.724650e-07 2.563486e-06 5.325525e-06 8.861551e-06 1.286845e-05 1.678472e-05 1.980500e-05 2.097012e-05 1.939059e-05 1.458194e-05 6.820659e-06 -2.598665e-06 -1.147733e-05 -1.732119e-05 -1.832657e-05 -1.441662e-05 -7.552839e-06 -7.199963e-07 3.782615e-06 5.354479e-06 4.805733e-06 3.380040e-06 1.989650e-06 1.011373e-06 4.522357e-07 1.801219e-07 6.449265e-08 2.090763e-08 6.172548e-09 1.667547e-09 4.139176e-10 9.473016e-11 2.004997e-11 3.934888e-12 7.176965e-13 1.219010e-13 1.931455e-14 2.859030e-15 3.958707e-16 5.132523e-17 6.235757e-18 7.103183e-19 7.587856e-20 7.600293e-21 7.134025e-22 6.267395e-23 5.086885e-24 2.149197e-25 1.663491e-27 2.049712e-30 5.078519e-34 3.019214e-38 3.857844e-43 -2.586341e-48
