0.000000e+00 0.000000e+00 0.000000e+00 0.000000e+00 0.000000e+00 0.000000e+00 0.000000e+00 0.000000e+00 0.000000e+00 0.000000e+00 0.000000e+00 0.000000e+00 0.000000e+00 0.000000e+00 0.000000e+00 0.000000e+00 0.000000e+00 0.000000e+00 0.000000e+00 0.000000e+00 0.000000e+00 0.000000e+00 0.000000e+00 0.000000e+00 0.000000e+00 0.000000e+00 0.000000e+00 0.000000e+00 0.000000e+00 0.000000e+00 0.000000e+00 0.000000e+00 0.000000e+00 0.000000e+00 0.000000e+00 0.000000e+00 0.000000e+00 0.000000e+00 0.000000e+00 0.000000e+00 0.000000e+00 0.000000e+00 0.000000e+00 0.000000e+00 0.000000e+00 0.000000e+00 0.000000e+00 0.000000e+00 0.000000e+00 0.000000e+00 0.000000e+00 0.000000e+00 0.000000e+00 0.000000e+00 0.000000e+00 0.000000e+00 0.000000e+00 0.000000e+00 0.000000e+00 0.000000e+00 0.000000e+00 0.000000e+00 0.000000e+00 0.000000e+00 0.000000e+00 0.000000e+00 0.000000e+00 0.000000e+00 0.000000e+00 0.000000e+00 0.000000e+00 0.000000e+00 0.000000e+00 0.000000e+00 0.000000e+00 0.000000e+00 0.000000e+00 0.000000e+00 0.000000e+00 0.000000e+00 0.000000e+00 0.000000e+00 0.000000e+00 0.000000e+00 0.000000e+00 0.000000e+00 0.000000e+00 0.000000e+00 0.000000e+00 0.000000e+00 0.000000e+00 0.000000e+00 0.000000e+00 0.000000e+00 0.000000e+00 0.000000e+00 0.000000e+00 0.000000e+00 0.000000e+00 0.000000e+00 0.000000e+00 0.000000e+00 0.000000e+00 0.000000e+00 0.000000e+00 0.000000e+00 0.000000e+00 0.000000e+00 0.000000e+00 0.000000e+00 0.000000e+00 0.000000e+00 0.000000e+00 0.000000e+00 0.000000e+00 0.000000e+00
1.039569e-77 1.060311e-72 4.220113e-68 5.671026e-64 2.121400e-60 1.714035e-57 2.289653e-55 5.689207e-54 7.334677e-53 8.613050e-52 9.166736e-51 8.559242e-50 6.462460e-49 2.788869e-48 -2.216859e-47 -7.972264e-46 -1.365804e-44 -1.840557e-43 -2.151323e-42 -2.261774e-41 -2.176257e-40 -1.934594e-39 -1.597724e-38 -1.230064e-37 -8.846860e-37 -5.951832e-36 -3.748313e-35 -2.210550e-34 -1.220900e-33 -6.314292e-33 -3.057178e-32 -1.385201e-31 -5.871100e-31 -2.326736e-30 -8.617972e-30 -2.982078e-29 -9.637045e-29 -2.907891e-28 -8.191719e-28 -2.154535e-27 -5.291825e-27 -1.214223e-26 -2.604187e-26 -5.224299e-26 -9.810892e-26 -1.726108e-25 -2.847301e-25 -4.406070e-25 -6.397688e-25 -8.713907e-25 -1.112037e-24 -1.326373e-24 -1.471766e-24 -1.506491e-24 -1.399912e-24 -1.141858e-24 -7.482338e-25 -2.606196e-25 2.606196e-25 7.482338e-25 1.141858e-24 1.399912e-24 1.506491e-24 1.471766e-24 1.326373e-24 1.112037e-24 8.713907e-25 6.397688e-25 4.406070e-25 2.847301e-25 1.726108e-25 9.810892e-26 5.224299e-26 2.604187e-26 1.214223e-26 5.291825e-27 2.154535e-27 8.191719e-28 2.907891e-28 9.637045e-29 2.982078e-29 8.617972e-30 2.326736e-30 5.871100e-31 1.385201e-31 3.057178e-32 6.314292e-33 1.220900e-33 2.210550e-34 3.748313e-35 5.951832e-36 8.846860e-37 1.230064e-37 1.597724e-38 1.934594e-39 2.176257e-40 2.261774e-41 2.151323e-42 1.840557e-43 1.365804e-44 7.972264e-46 2.216859e-47 -2.788869e-48 -6.462460e-49 -8.559242e-50 -9.166736e-51 -8.613050e-52 -7.334677e-53 -5.689207e-54 -2.289653e-55 -1.714035e-57 -2.121400e-60 -5.671026e-64 -4.220113e-68 -1.060311e-72 -1.039569e-77
6.940008e-73 6.779492e-68 2.580738e-63 3.310587e-59 1.179029e-55 9.034919e-53 1.138618e-50 2.653986e-49 3.187303e-48 3.422575e-47 3.203752e-46 2.378078e-45 8.807585e-45 -1.219108e-43 -3.704353e-42 -6.240017e-41 -8.445137e-40 -9.985659e-39 -1.065760e-37 -1.043193e-36 -9.447265e-36 -7.956978e-35 -6.252978e-34 -4.594014e-33 -3.159332e-32 -2.035149e-31 -1.228386e-30 -6.947585e-30 -3.681553e-29 -1.827271e-28 -8.491467e-28 -3.692978e-27 -1.502374e-26 -5.714544e-26 -2.031402e-25 -6.746199e-25 -2.092436e-24 -6.060553e-24 -1.639254e-23 -4.141334e-23 -9.776117e-23 -2.157664e-22 -4.455864e-22 -8.618186e-22 -1.562723e-21 -2.659406e-21 -4.251492e-21 -6.389700e-21 -9.031739e-21 -1.200426e-20 -1.498705e-20 -1.753365e-20 -1.913450e-20 -1.931516e-20 -1.774930e-20 -1.435645e-20 -9.354886e-21 -3.249306e-21 3.249306e-21 9.354886e-21 1.435645e-20 1.774930e-20 1.931516e-20 1.913450e-20 1.753365e-20 1.498705e-20 1.200426e-20 9.031739e-21 6.389700e-21 4.251492e-21 2.659406e-21 1.562723e-21 8.618186e-22 4.455864e-22 2.157664e-22 9.776117e-23 4.141334e-23 1.639254e-23 6.060553e-24 2.092436e-24 6.746199e-25 2.031402e-25 5.714544e-26 1.502374e-26 3.692978e-27 8.491467e-28 1.827271e-28 3.681553e-29 6.947585e-30 1.228386e-30 2.035149e-31 3.159332e-32 4.594014e-33 6.252978e-34 7.956978e-35 9.447265e-36 1.043193e-36 1.065760e-37 9.985659e-39 8.445137e-40 6.240017e-41 3.704353e-42 1.219108e-43 -8.807585e-45 -2.378078e-45 -3.203752e-46 -3.422575e-47 -3.187303e-48 -2.653986e-49 -1.138618e-50 -9.034919e-53 -1.179029e-55 -3.310587e-59 -2.580738e-63 -6.779492e-68 -6.940008e-73
1.691692e-68 1.580568e-63 5.743676e-59 7.014972e-55 2.369526e-51 1.712457e-48 2.018171e-46 4.351204e-45 4.754800e-44 4.450741e-43 3.223634e-42 9.328364e-42 -2.364128e-40 -6.372022e-39 -1.058601e-37 -1.439072e-36 -1.720552e-35 -1.862933e-34 -1.853563e-33 -1.708607e-32 -1.466294e-31 -1.175052e-30 -8.809851e-30 -6.186599e-29 -4.071777e-28 -2.512383e-27 -1.453333e-26 -7.880368e-26 -4.003988e-25 -1.905563e-24 -8.490420e-24 -3.539861e-23 -1.380287e-22 -5.031141e-22 -1.713531e-21 -5.451324e-21 -1.619608e-20 -4.493667e-20 -1.164513e-19 -2.819713e-19 -6.383330e-19 -1.352181e-18 -2.682991e-18 -4.992535e-18 -8.723708e-18 -1.433246e-17 -2.216643e-17 -3.230271e-17 -4.438045e-17 -5.748228e-17 -7.012222e-17 -8.038080e-17 -8.619142e-17 -8.573529e-17 -7.786083e-17 -6.242153e-17 -4.043478e-17 -1.400299e-17 1.400299e-17 4.043478e-17 6.242153e-17 7.786083e-17 8.573529e-17 8.619142e-17 8.038080e-17 7.012222e-17 5.748228e-17 4.438045e-17 3.230271e-17 2.216643e-17 1.433246e-17 8.723708e-18 4.992535e-18 2.682991e-18 1.352181e-18 6.383330e-19 2.819713e-19 1.164513e-19 4.493667e-20 1.619608e-20 5.451324e-21 1.713531e-21 5.031141e-22 1.380287e-22 3.539861e-23 8.490420e-24 1.905563e-24 4.003988e-25 7.880368e-26 1.453333e-26 2.512383e-27 4.071777e-28 6.186599e-29 8.809851e-30 1.175052e-30 1.466294e-31 1.708607e-32 1.853563e-33 1.862933e-34 1.720552e-35 1.439072e-36 1.058601e-37 6.372022e-39 2.364128e-40 -9.328364e-42 -3.223634e-42 -4.450741e-43 -4.754800e-44 -4.351204e-45 -2.018171e-46 -1.712457e-48 -2.369526e-51 -7.014972e-55 -5.743676e-59 -1.580568e-63 -1.691692e-68
1.274633e-64 1.136835e-59 3.933209e-55 4.556249e-51 1.451465e-47 9.805319e-45 1.064466e-42 2.065762e-41 1.944919e-40 1.361232e-39 2.455471e-39 -1.397503e-37 -3.444556e-36 -5.657734e-35 -7.726151e-34 -9.336045e-33 -1.024827e-31 -1.035696e-30 -9.709511e-30 -8.482555e-29 -6.925507e-28 -5.293448e-27 -3.791835e-26 -2.547038e-25 -1.604714e-24 -9.482592e-24 -5.254508e-23 -2.729352e-22 -1.328348e-21 -6.054256e-21 -2.582623e-20 -1.030536e-19 -3.844392e-19 -1.340105e-18 -4.363355e-18 -1.326639e-17 -3.766064e-17 -9.983120e-17 -2.471906e-16 -5.720583e-16 -1.238406e-15 -2.510633e-15 -4.772874e-15 -8.521269e-15 -1.431012e-14 -2.264003e-14 -3.379300e-14 -4.764285e-14 -6.349042e-14 -7.998363e-14 -9.517371e-14 -1.067312e-13 -1.123040e-13 -1.099564e-13 -9.859740e-14 -7.829512e-14 -5.039491e-14 -1.739669e-14 1.739669e-14 5.039491e-14 7.829512e-14 9.859740e-14 1.099564e-13 1.123040e-13 1.067312e-13 9.517371e-14 7.998363e-14 6.349042e-14 4.764285e-14 3.379300e-14 2.264003e-14 1.431012e-14 8.521269e-15 4.772874e-15 2.510633e-15 1.238406e-15 5.720583e-16 2.471906e-16 9.983120e-17 3.766064e-17 1.326639e-17 4.363355e-18 1.340105e-18 3.844392e-19 1.030536e-19 2.582623e-20 6.054256e-21 1.328348e-21 2.729352e-22 5.254508e-23 9.482592e-24 1.604714e-24 2.547038e-25 3.791835e-26 5.293448e-27 6.925507e-28 8.482555e-29 9.709511e-30 1.035696e-30 1.024827e-31 9.336045e-33 7.726151e-34 5.657734e-35 3.444556e-36 1.397503e-37 -2.455471e-39 -1.361232e-39 -1.944919e-40 -2.065762e-41 -1.064466e-42 -9.805319e-45 -1.451465e-47 -4.556249e-51 -3.933209e-55 -1.136835e-59 -1.274633e-64
2.376597e-61 2.018016e-56 6.622018e-52 7.234637e-48 2.154323e-44 1.339809e-41 1.301073e-39 2.129857e-38 1.431195e-37 4.358580e-38 -2.041854e-35 -4.699142e-34 -7.647200e-33 -1.049136e-31 -1.280736e-30 -1.424402e-29 -1.461064e-28 -1.391932e-27 -1.236878e-26 -1.027893e-25 -8.001950e-25 -5.841133e-24 -4.000149e-23 -2.570471e-22 -1.549809e-21 -8.765224e-21 -4.648310e-20 -2.310234e-19 -1.075461e-18 -4.686409e-18 -1.910350e-17 -7.280135e-17 -2.592187e-16 -8.619376e-16 -2.675489e-15 -7.750953e-15 -2.095700e-14 -5.289697e-14 -1.247064e-13 -2.748302e-13 -5.668312e-13 -1.095664e-12 -1.988209e-12 -3.393175e-12 -5.456834e-12 -8.284728e-12 -1.189486e-11 -1.617302e-11 -2.084393e-11 -2.547064e-11 -2.948979e-11 -3.228189e-11 -3.326679e-11 -3.200745e-11 -2.830094e-11 -2.223738e-11 -1.421251e-11 -4.888958e-12 4.888958e-12 1.421251e-11 2.223738e-11 2.830094e-11 3.200745e-11 3.326679e-11 3.228189e-11 2.948979e-11 2.547064e-11 2.084393e-11 1.617302e-11 1.189486e-11 8.284728e-12 5.456834e-12 3.393175e-12 1.988209e-12 1.095664e-12 5.668312e-13 2.748302e-13 1.247064e-13 5.289697e-14 2.095700e-14 7.750953e-15 2.675489e-15 8.619376e-16 2.592187e-16 7.280135e-17 1.910350e-17 4.686409e-18 1.075461e-18 2.310234e-19 4.648310e-20 8.765224e-21 1.549809e-21 2.570471e-22 4.000149e-23 5.841133e-24 8.001950e-25 1.027893e-25 1.236878e-26 1.391932e-27 1.461064e-28 1.424402e-29 1.280736e-30 1.049136e-31 7.647200e-33 4.699142e-34 2.041854e-35 -4.358580e-38 -1.431195e-37 -2.129857e-38 -1.301073e-39 -1.339809e-41 -2.154323e-44 -7.234637e-48 -6.622018e-52 -2.018016e-56 -2.376597e-61
8.317325e-59 6.698731e-54 2.073294e-49 2.117586e-45 5.806078e-42 3.228004e-39 2.614216e-37 2.844044e-36 -5.070745e-36 -5.634981e-34 -1.230676e-32 -1.988944e-31 -2.742419e-30 -3.381574e-29 -3.808948e-28 -3.963425e-27 -3.834791e-26 -3.463719e-25 -2.927852e-24 -2.319671e-23 -1.724109e-22 -1.202712e-21 -7.875430e-21 -4.840087e-20 -2.791053e-19 -1.509474e-18 -7.652155e-18 -3.633831e-17 -1.615349e-16 -6.716979e-16 -2.610799e-15 -9.479049e-15 -3.212756e-14 -1.015992e-13 -2.996736e-13 -8.243042e-13 -2.114725e-12 -5.062037e-12 -1.131431e-11 -2.363985e-11 -4.623960e-11 -8.482357e-11 -1.462336e-10 -2.374513e-10 -3.639929e-10 -5.279184e-10 -7.258928e-10 -9.478445e-10 -1.176710e-09 -1.389549e-09 -1.560004e-09 -1.661778e-09 -1.672551e-09 -1.577661e-09 -1.372888e-09 -1.065849e-09 -6.757550e-10 -2.315177e-10 2.315177e-10 6.757550e-10 1.065849e-09 1.372888e-09 1.577661e-09 1.672551e-09 1.661778e-09 1.560004e-09 1.389549e-09 1.176710e-09 9.478445e-10 7.258928e-10 5.279184e-10 3.639929e-10 2.374513e-10 1.462336e-10 8.482357e-11 4.623960e-11 2.363985e-11 1.131431e-11 5.062037e-12 2.114725e-12 8.243042e-13 2.996736e-13 1.015992e-13 3.212756e-14 9.479049e-15 2.610799e-15 6.716979e-16 1.615349e-16 3.633831e-17 7.652155e-18 1.509474e-18 2.791053e-19 4.840087e-20 7.875430e-21 1.202712e-21 1.724109e-22 2.319671e-23 2.927852e-24 3.463719e-25 3.834791e-26 3.963425e-27 3.808948e-28 3.381574e-29 2.742419e-30 1.988944e-31 1.230676e-32 5.634981e-34 5.070745e-36 -2.844044e-36 -2.614216e-37 -3.228004e-39 -5.806078e-42 -2.117586e-45 -2.073294e-49 -6.698731e-54 -8.317325e-59
4.627582e-57 3.519133e-52 1.019629e-47 9.606341e-44 2.360977e-40 1.098555e-37 5.778772e-36 -3.791958e-35 -2.472975e-33 -5.229826e-32 -8.441415e-31 -1.172905e-29 -1.463164e-28 -1.670954e-27 -1.765288e-26 -1.735792e-25 -1.594546e-24 -1.371665e-23 -1.106511e-22 -8.377631e-22 -5.955519e-21 -3.975467e-20 -2.491492e-19 -1.465497e-18 -8.086318e-18 -4.183047e-17 -2.027246e-16 -9.197274e-16 -3.903011e-15 -1.548001e-14 -5.733543e-14 -1.981652e-13 -6.386987e-13 -1.918677e-12 -5.370340e-12 -1.400429e-11 -3.403145e-11 -7.711118e-11 -1.630816e-10 -3.223746e-10 -5.967331e-10 -1.036614e-09 -1.694133e-09 -2.611679e-09 -3.808013e-09 -5.265068e-09 -6.919150e-09 -8.659552e-09 -1.033593e-08 -1.177375e-08 -1.279530e-08 -1.324277e-08 -1.299959e-08 -1.200682e-08 -1.027260e-08 -7.873711e-09 -4.949353e-09 -1.688402e-09 1.688402e-09 4.949353e-09 7.873711e-09 1.027260e-08 1.200682e-08 1.299959e-08 1.324277e-08 1.279530e-08 1.177375e-08 1.033593e-08 8.659552e-09 6.919150e-09 5.265068e-09 3.808013e-09 2.611679e-09 1.694133e-09 1.036614e-09 5.967331e-10 3.223746e-10 1.630816e-10 7.711118e-11 3.403145e-11 1.400429e-11 5.370340e-12 1.918677e-12 6.386987e-13 1.981652e-13 5.733543e-14 1.548001e-14 3.903011e-15 9.197274e-16 2.027246e-16 4.183047e-17 8.086318e-18 1.465497e-18 2.491492e-19 3.975467e-20 5.955519e-21 8.377631e-22 1.106511e-22 1.371665e-23 1.594546e-24 1.735792e-25 1.765288e-26 1.670954e-27 1.463164e-28 1.172905e-29 8.441415e-31 5.229826e-32 2.472975e-33 3.791958e-35 -5.778772e-36 -1.098555e-37 -2.360977e-40 -9.606341e-44 -1.019629e-47 -3.519133e-52 -4.627582e-57
7.445870e-56 5.327483e-51 1.433410e-46 1.222855e-42 2.564393e-39 8.232673e-37 -1.962990e-35 -2.986009e-33 -6.457032e-32 -1.056137e-30 -1.491597e-29 -1.894237e-28 -2.204383e-27 -2.374881e-26 -2.382856e-25 -2.234865e-24 -1.963814e-23 -1.619049e-22 -1.253384e-21 -9.114719e-21 -6.226865e-20 -3.995678e-19 -2.407416e-18 -1.361224e-17 -7.218566e-17 -3.587537e-16 -1.669607e-15 -7.269924e-15 -2.959068e-14 -1.124866e-13 -3.990179e-13 -1.319727e-12 -4.067065e-12 -1.167244e-11 -3.118920e-11 -7.759164e-11 -1.797863e-10 -3.883052e-10 -7.827231e-10 -1.475059e-09 -2.604469e-09 -4.319609e-09 -6.748579e-09 -9.961233e-09 -1.393277e-08 -1.851888e-08 -2.345058e-08 -2.835190e-08 -3.277810e-08 -3.626727e-08 -3.839594e-08 -3.882952e-08 -3.736066e-08 -3.393160e-08 -2.863978e-08 -2.172846e-08 -1.356520e-08 -4.611733e-09 4.611733e-09 1.356520e-08 2.172846e-08 2.863978e-08 3.393160e-08 3.736066e-08 3.882952e-08 3.839594e-08 3.626727e-08 3.277810e-08 2.835190e-08 2.345058e-08 1.851888e-08 1.393277e-08 9.961233e-09 6.748579e-09 4.319609e-09 2.604469e-09 1.475059e-09 7.827231e-10 3.883052e-10 1.797863e-10 7.759164e-11 3.118920e-11 1.167244e-11 4.067065e-12 1.319727e-12 3.990179e-13 1.124866e-13 2.959068e-14 7.269924e-15 1.669607e-15 3.587537e-16 7.218566e-17 1.361224e-17 2.407416e-18 3.995678e-19 6.226865e-20 9.114719e-21 1.253384e-21 1.619049e-22 1.963814e-23 2.234865e-24 2.382856e-25 2.374881e-26 2.204383e-27 1.894237e-28 1.491597e-29 1.056137e-30 6.457032e-32 2.986009e-33 1.962990e-35 -8.232673e-37 -2.564393e-39 -1.222855e-42 -1.433410e-46 -5.327483e-51 -7.445870e-56
9.514606e-55 6.352392e-50 1.559838e-45 1.154307e-41 1.773809e-38 -5.256204e-37 -1.512296e-33 -6.355859e-32 -1.076621e-30 -1.552029e-29 -2.012461e-28 -2.392186e-27 -2.633546e-26 -2.701281e-25 -2.591094e-24 -2.329613e-23 -1.966031e-22 -1.558693e-21 -1.161360e-20 -8.132866e-20 -5.352030e-19 -3.308530e-18 -1.920295e-17 -1.045768e-16 -5.339597e-16 -2.554005e-15 -1.143352e-14 -4.785959e-14 -1.871393e-13 -6.828865e-13 -2.323372e-12 -7.363976e-12 -2.172832e-11 -5.965449e-11 -1.523567e-10 -3.620157e-10 -8.006920e-10 -1.650083e-09 -3.173228e-09 -5.705960e-09 -9.617734e-09 -1.524010e-08 -2.277422e-08 -3.220045e-08 -4.321661e-08 -5.522565e-08 -6.737977e-08 -7.867266e-08 -8.806009e-08 -9.458442e-08 -9.748106e-08 -9.625237e-08 -9.070344e-08 -8.094244e-08 -6.735353e-08 -5.055219e-08 -3.133257e-08 -1.061346e-08 1.061346e-08 3.133257e-08 5.055219e-08 6.735353e-08 8.094244e-08 9.070344e-08 9.625237e-08 9.748106e-08 9.458442e-08 8.806009e-08 7.867266e-08 6.737977e-08 5.522565e-08 4.321661e-08 3.220045e-08 2.277422e-08 1.524010e-08 9.617734e-09 5.705960e-09 3.173228e-09 1.650083e-09 8.006920e-10 3.620157e-10 1.523567e-10 5.965449e-11 2.172832e-11 7.363976e-12 2.323372e-12 6.828865e-13 1.871393e-13 4.785959e-14 1.143352e-14 2.554005e-15 5.339597e-16 1.045768e-16 1.920295e-17 3.308530e-18 5.352030e-19 8.132866e-20 1.161360e-20 1.558693e-21 1.966031e-22 2.329613e-23 2.591094e-24 2.701281e-25 2.633546e-26 2.392186e-27 2.012461e-28 1.552029e-29 1.076621e-30 6.355859e-32 1.512296e-33 5.256204e-37 -1.773809e-38 -1.154307e-41 -1.559838e-45 -6.352392e-50 -9.514606e-55
1.122169e-53 6.864577e-49 1.476457e-44 8.324925e-41 2.046536e-38 -1.406546e-34 -3.272885e-32 -1.041205e-30 -1.551931e-29 -2.054082e-28 -2.493076e-27 -2.803486e-26 -2.938444e-25 -2.881375e-24 -2.649432e-23 -2.287700e-22 -1.856523e-21 -1.416548e-20 -1.016314e-19 -6.855181e-19 -4.345563e-18 -2.587502e-17 -1.446223e-16 -7.581790e-16 -3.724867e-15 -1.713320e-14 -7.370811e-14 -2.962675e-13 -1.111429e-12 -3.887348e-12 -1.266390e-11 -3.839171e-11 -1.082298e-10 -2.835819e-10 -6.904764e-10 -1.562584e-09 -3.288903e-09 -6.446052e-09 -1.178532e-08 -2.014697e-08 -3.229494e-08 -4.869948e-08 -6.932614e-08 -9.349946e-08 -1.198913e-07 -1.466462e-07 -1.716136e-07 -1.926327e-07 -2.078035e-07 -2.156939e-07 -2.154560e-07 -2.068461e-07 -1.901690e-07 -1.661723e-07 -1.359236e-07 -1.006935e-07 -6.186309e-08 -2.086248e-08 2.086248e-08 6.186309e-08 1.006935e-07 1.359236e-07 1.661723e-07 1.901690e-07 2.068461e-07 2.154560e-07 2.156939e-07 2.078035e-07 1.926327e-07 1.716136e-07 1.466462e-07 1.198913e-07 9.349946e-08 6.932614e-08 4.869948e-08 3.229494e-08 2.014697e-08 1.178532e-08 6.446052e-09 3.288903e-09 1.562584e-09 6.904764e-10 2.835819e-10 1.082298e-10 3.839171e-11 1.266390e-11 3.887348e-12 1.111429e-12 2.962675e-13 7.370811e-14 1.713320e-14 3.724867e-15 7.581790e-16 1.446223e-16 2.587502e-17 4.345563e-18 6.855181e-19 1.016314e-19 1.416548e-20 1.856523e-21 2.287700e-22 2.649432e-23 2.881375e-24 2.938444e-25 2.803486e-26 2.493076e-27 2.054082e-28 1.551931e-29 1.041205e-30 3.272885e-32 1.406546e-34 -2.046536e-38 -8.324925e-41 -1.476457e-44 -6.864577e-49 -1.122169e-53
1.201455e-52 6.491213e-48 1.096575e-43 2.033567e-40 -2.180883e-36 -3.182553e-33 -5.335248e-31 -1.471970e-29 -2.012319e-28 -2.493075e-27 -2.862524e-26 -3.064678e-25 -3.070828e-24 -2.886512e-23 -2.548975e-22 -2.116397e-21 -1.652897e-20 -1.214366e-19 -8.391454e-19 -5.451927e-18 -3.328562e-17 -1.908375e-16 -1.026657e-15 -5.177846e-15 -2.445704e-14 -1.080751e-13 -4.462990e-13 -1.720284e-12 -6.182155e-12 -2.068932e-11 -6.440939e-11 -1.863502e-10 -5.006679e-10 -1.248486e-09 -2.889073e-09 -6.205750e-09 -1.238347e-08 -2.298878e-08 -3.978363e-08 -6.435228e-08 -9.760732e-08 -1.393220e-07 -1.878599e-07 -2.402196e-07 -2.924022e-07 -3.400091e-07 -3.789063e-07 -4.057974e-07 -4.185895e-07 -4.165094e-07 -3.999930e-07 -3.704145e-07 -3.297405e-07 -2.801873e-07 -2.239385e-07 -1.629581e-07 -9.890599e-08 -3.314976e-08 3.314976e-08 9.890599e-08 1.629581e-07 2.239385e-07 2.801873e-07 3.297405e-07 3.704145e-07 3.999930e-07 4.165094e-07 4.185895e-07 4.057974e-07 3.789063e-07 3.400091e-07 2.924022e-07 2.402196e-07 1.878599e-07 1.393220e-07 9.760732e-08 6.435228e-08 3.978363e-08 2.298878e-08 1.238347e-08 6.205750e-09 2.889073e-09 1.248486e-09 5.006679e-10 1.863502e-10 6.440939e-11 2.068932e-11 6.182155e-12 1.720284e-12 4.462990e-13 1.080751e-13 2.445704e-14 5.177846e-15 1.026657e-15 1.908375e-16 3.328562e-17 5.451927e-18 8.391454e-19 1.214366e-19 1.652897e-20 2.116397e-21 2.548975e-22 2.886512e-23 3.070828e-24 3.064678e-25 2.862524e-26 2.493075e-27 2.012319e-28 1.471970e-29 5.335248e-31 3.182553e-33 2.180883e-36 -2.033567e-40 -1.096575e-43 -6.491213e-48 -1.201455e-52
1.132227e-51 4.922239e-47 3.717074e-43 -7.338151e-39 -5.246184e-35 -5.215852e-32 -7.458647e-30 -1.870696e-28 -2.392003e-27 -2.803485e-26 -3.064678e-25 -3.136688e-24 -3.012835e-23 -2.719747e-22 -2.309402e-21 -1.845309e-20 -1.387641e-19 -9.818687e-19 -6.534897e-18 -4.088833e-17 -2.403463e-16 -1.326170e-15 -6.862475e-15 -3.326862e-14 -1.509298e-13 -6.400038e-13 -2.533458e-12 -9.349925e-12 -3.212932e-11 -1.026693e-10 -3.047214e-10 -8.391195e-10 -2.142036e-09 -5.065973e-09 -1.109826e-08 -2.252900e-08 -4.241553e-08 -7.418151e-08 -1.207951e-07 -1.836817e-07 -2.617338e-07 -3.508394e-07 -4.441870e-07 -5.333187e-07 -6.096248e-07 -6.658496e-07 -6.972178e-07 -7.019599e-07 -6.812091e-07 -6.384051e-07 -5.784211e-07 -5.066344e-07 -4.281144e-07 -3.470332e-07 -2.663314e-07 -1.876283e-07 -1.113294e-07 -3.688100e-08 3.688100e-08 1.113294e-07 1.876283e-07 2.663314e-07 3.470332e-07 4.281144e-07 5.066344e-07 5.784211e-07 6.384051e-07 6.812091e-07 7.019599e-07 6.972178e-07 6.658496e-07 6.096248e-07 5.333187e-07 4.441870e-07 3.508394e-07 2.617338e-07 1.836817e-07 1.207951e-07 7.418151e-08 4.241553e-08 2.252900e-08 1.109826e-08 5.065973e-09 2.142036e-09 8.391195e-10 3.047214e-10 1.026693e-10 3.212932e-11 9.349925e-12 2.533458e-12 6.400038e-13 1.509298e-13 3.326862e-14 6.862475e-15 1.326170e-15 2.403463e-16 4.088833e-17 6.534897e-18 9.818687e-19 1.387641e-19 1.845309e-20 2.309402e-21 2.719747e-22 3.012835e-23 3.136688e-24 3.064678e-25 2.803485e-26 2.392003e-27 1.870696e-28 7.458647e-30 5.215852e-32 5.246184e-35 7.338151e-39 -3.717074e-43 -4.922239e-47 -1.132227e-51
8.707652e-51 2.017861e-46 -6.831539e-42 -1.911162e-37 -8.672771e-34 -7.252109e-31 -9.346904e-29 -2.178316e-27 -2.633331e-26 -2.938443e-25 -3.070828e-24 -3.012835e-23 -2.779159e-22 -2.412360e-21 -1.971266e-20 -1.516580e-19 -1.098330e-18 -7.484948e-18 -4.797306e-17 -2.889728e-16 -1.634582e-15 -8.674269e-15 -4.313926e-14 -2.008257e-13 -8.740293e-13 -3.551496e-12 -1.345445e-11 -4.745285e-11 -1.555840e-10 -4.735309e-10 -1.336037e-09 -3.490117e-09 -8.432825e-09 -1.883284e-08 -3.886455e-08 -7.413297e-08 -1.308275e-07 -2.139646e-07 -3.250752e-07 -4.602047e-07 -6.092287e-07 -7.570427e-07 -8.863954e-07 -9.814631e-07 -1.031041e-06 -1.030482e-06 -9.820253e-07 -8.936987e-07 -7.773070e-07 -6.461210e-07 -5.127902e-07 -3.877973e-07 -2.785671e-07 -1.891779e-07 -1.205313e-07 -7.081158e-08 -3.608483e-08 -1.093271e-08 1.093271e-08 3.608483e-08 7.081158e-08 1.205313e-07 1.891779e-07 2.785671e-07 3.877973e-07 5.127902e-07 6.461210e-07 7.773070e-07 8.936987e-07 9.820253e-07 1.030482e-06 1.031041e-06 9.814631e-07 8.863954e-07 7.570427e-07 6.092287e-07 4.602047e-07 3.250752e-07 2.139646e-07 1.308275e-07 7.413297e-08 3.886455e-08 1.883284e-08 8.432825e-09 3.490117e-09 1.336037e-09 4.735309e-10 1.555840e-10 4.745285e-11 1.345445e-11 3.551496e-12 8.740293e-13 2.008257e-13 4.313926e-14 8.674269e-15 1.634582e-15 2.889728e-16 4.797306e-17 7.484948e-18 1.098330e-18 1.516580e-19 1.971266e-20 2.412360e-21 2.779159e-22 3.012835e-23 3.070828e-24 2.938443e-25 2.633331e-26 2.178316e-27 9.346904e-29 7.252109e-31 8.672771e-34 1.911162e-37 6.831539e-42 -2.017861e-46 -8.707652e-51
4.038988e-50 -2.098805e-45 -1.975970e-40 -3.193773e-36 -1.200598e-32 -8.996997e-30 -1.071468e-27 -2.348057e-26 -2.701047e-25 -2.881373e-24 -2.886512e-23 -2.719747e-22 -2.412360e-21 -2.015121e-20 -1.585441e-19 -1.174686e-18 -8.193268e-18 -5.376740e-17 -3.317434e-16 -1.922828e-15 -1.045948e-14 -5.333789e-14 -2.546778e-13 -1.137113e-12 -4.740853e-12 -1.842870e-11 -6.668510e-11 -2.242565e-10 -6.997061e-10 -2.022164e-09 -5.404409e-09 -1.333728e-08 -3.035448e-08 -6.365084e-08 -1.229116e-07 -2.185828e-07 -3.582522e-07 -5.419168e-07 -7.581362e-07 -9.833942e-07 -1.185817e-06 -1.332324e-06 -1.396667e-06 -1.365578e-06 -1.241237e-06 -1.039833e-06 -7.872254e-07 -5.133808e-07 -2.471167e-07 -1.221633e-08 1.746856e-07 3.045679e-07 3.752759e-07 3.901002e-07 3.561638e-07 2.829636e-07 1.812550e-07 6.233408e-08 -6.233408e-08 -1.812550e-07 -2.829636e-07 -3.561638e-07 -3.901002e-07 -3.752759e-07 -3.045679e-07 -1.746856e-07 1.221633e-08 2.471167e-07 5.133808e-07 7.872254e-07 1.039833e-06 1.241237e-06 1.365578e-06 1.396667e-06 1.332324e-06 1.185817e-06 9.833942e-07 7.581362e-07 5.419168e-07 3.582522e-07 2.185828e-07 1.229116e-07 6.365084e-08 3.035448e-08 1.333728e-08 5.404409e-09 2.022164e-09 6.997061e-10 2.242565e-10 6.668510e-11 1.842870e-11 4.740853e-12 1.137113e-12 2.546778e-13 5.333789e-14 1.045948e-14 1.922828e-15 3.317434e-16 5.376740e-17 8.193268e-18 1.174686e-18 1.585441e-19 2.015121e-20 2.412360e-21 2.719747e-22 2.886512e-23 2.881373e-24 2.701047e-25 2.348057e-26 1.071468e-27 8.996997e-30 1.200598e-32 3.193773e-36 1.975970e-40 2.098805e-45 -4.038988e-50
-2.387330e-49 -7.009965e-44 -3.345642e-39 -4.402719e-35 -1.475071e-31 -1.018486e-28 -1.135761e-26 -2.357100e-25 -2.590859e-24 -2.649430e-23 -2.548975e-22 -2.309402e-21 -1.971266e-20 -1.585441e-19 -1.201292e-18 -8.571996e-18 -5.757217e-17 -3.636913e-16 -2.159092e-15 -1.203362e-14 -6.289556e-14 -3.078927e-13 -1.409737e-12 -6.028193e-12 -2.403521e-11 -8.920178e-11 -3.075914e-10 -9.836107e-10 -2.911167e-09 -7.958666e-09 -2.005793e-08 -4.651406e-08 -9.908035e-08 -1.935817e-07 -3.465320e-07 -5.680046e-07 -8.523574e-07 -1.171215e-06 -1.473905e-06 -1.697623e-06 -1.784363e-06 -1.697796e-06 -1.433520e-06 -1.019569e-06 -5.082440e-07 3.685616e-08 5.540794e-07 9.938054e-07 1.323797e-06 1.529940e-06 1.613593e-06 1.587123e-06 1.469072e-06 1.279951e-06 1.039197e-06 7.634139e-07 4.658001e-07 1.564852e-07 -1.564852e-07 -4.658001e-07 -7.634139e-07 -1.039197e-06 -1.279951e-06 -1.469072e-06 -1.587123e-06 -1.613593e-06 -1.529940e-06 -1.323797e-06 -9.938054e-07 -5.540794e-07 -3.685616e-08 5.082440e-07 1.019569e-06 1.433520e-06 1.697796e-06 1.784363e-06 1.697623e-06 1.473905e-06 1.171215e-06 8.523574e-07 5.680046e-07 3.465320e-07 1.935817e-07 9.908035e-08 4.651406e-08 2.005793e-08 7.958666e-09 2.911167e-09 9.836107e-10 3.075914e-10 8.920178e-11 2.403521e-11 6.028193e-12 1.409737e-12 3.078927e-13 6.289556e-14 1.203362e-14 2.159092e-15 3.636913e-16 5.757217e-17 8.571996e-18 1.201292e-18 1.585441e-19 1.971266e-20 2.309402e-21 2.548975e-22 2.649430e-23 2.590859e-24 2.357100e-25 1.135761e-26 1.018486e-28 1.475071e-31 4.402719e-35 3.345642e-39 7.009965e-44 2.387330e-49
-9.833721e-48 -1.205905e-42 -4.593171e-38 -5.355097e-34 -1.649066e-30 -1.064478e-27 -1.120270e-25 -2.211735e-24 -2.329392e-23 -2.287698e-22 -2.116397e-21 -1.845309e-20 -1.516580e-19 -1.174686e-18 -8.571996e-18 -5.889891e-17 -3.807924e-16 -2.314459e-15 -1.321151e-14 -7.074554e-14 -3.549201e-13 -1.665825e-12 -7.303265e-12 -2.985759e-11 -1.136167e-10 -4.016222e-10 -1.316010e-09 -3.988297e-09 -1.115247e-08 -2.870347e-08 -6.782229e-08 -1.467457e-07 -2.900007e-07 -5.221297e-07 -8.543246e-07 -1.267082e-06 -1.698083e-06 -2.046485e-06 -2.198069e-06 -2.062872e-06 -1.608049e-06 -8.710546e-07 5.088006e-08 1.028250e-06 1.931885e-06 2.659687e-06 3.151377e-06 3.390568e-06 3.397245e-06 3.215260e-06 2.899094e-06 2.502764e-06 2.072228e-06 1.641384e-06 1.231027e-06 8.498661e-07 4.967162e-07 1.632293e-07 -1.632293e-07 -4.967162e-07 -8.498661e-07 -1.231027e-06 -1.641384e-06 -2.072228e-06 -2.502764e-06 -2.899094e-06 -3.215260e-06 -3.397245e-06 -3.390568e-06 -3.151377e-06 -2.659687e-06 -1.931885e-06 -1.028250e-06 -5.088006e-08 8.710546e-07 1.608049e-06 2.062872e-06 2.198069e-06 2.046485e-06 1.698083e-06 1.267082e-06 8.543246e-07 5.221297e-07 2.900007e-07 1.467457e-07 6.782229e-08 2.870347e-08 1.115247e-08 3.988297e-09 1.316010e-09 4.016222e-10 1.136167e-10 2.985759e-11 7.303265e-12 1.665825e-12 3.549201e-13 7.074554e-14 1.321151e-14 2.314459e-15 3.807924e-16 5.889891e-17 8.571996e-18 1.174686e-18 1.516580e-19 1.845309e-20 2.116397e-21 2.287698e-22 2.329392e-23 2.211735e-24 1.120270e-25 1.064478e-27 1.649066e-30 5.355097e-34 4.593171e-38 1.205905e-42 9.833721e-48
-1.724641e-46 -1.649005e-41 -5.528356e-37 -5.909064e-33 -1.699190e-29 -1.034142e-26 -1.032188e-24 -1.944359e-23 -1.965836e-22 -1.856521e-21 -1.652897e-20 -1.387641e-19 -1.098330e-18 -8.193268e-18 -5.757217e-17 -3.807924e-16 -2.368675e-15 -1.384269e-14 -7.591465e-14 -3.901658e-13 -1.876525e-12 -8.432112e-12 -3.533620e-11 -1.378336e-10 -4.993596e-10 -1.676421e-09 -5.201921e-09 -1.487857e-08 -3.910943e-08 -9.417232e-08 -2.069980e-07 -4.137606e-07 -7.488975e-07 -1.221353e-06 -1.783683e-06 -2.312224e-06 -2.621411e-06 -2.520813e-06 -1.893869e-06 -7.567309e-07 7.351674e-07 2.333830e-06 3.773158e-06 4.839071e-06 5.412552e-06 5.478558e-06 5.107517e-06 4.422325e-06 3.563549e-06 2.661587e-06 1.819433e-06 1.105807e-06 5.561125e-07 1.779851e-07 -4.140832e-08 -1.283782e-07 -1.170985e-07 -4.575656e-08 4.575656e-08 1.170985e-07 1.283782e-07 4.140832e-08 -1.779851e-07 -5.561125e-07 -1.105807e-06 -1.819433e-06 -2.661587e-06 -3.563549e-06 -4.422325e-06 -5.107517e-06 -5.478558e-06 -5.412552e-06 -4.839071e-06 -3.773158e-06 -2.333830e-06 -7.351674e-07 7.567309e-07 1.893869e-06 2.520813e-06 2.621411e-06 2.312224e-06 1.783683e-06 1.221353e-06 7.488975e-07 4.137606e-07 2.069980e-07 9.417232e-08 3.910943e-08 1.487857e-08 5.201921e-09 1.676421e-09 4.993596e-10 1.378336e-10 3.533620e-11 8.432112e-12 1.876525e-12 3.901658e-13 7.591465e-14 1.384269e-14 2.368675e-15 3.807924e-16 5.757217e-17 8.193268e-18 1.098330e-18 1.387641e-19 1.652897e-20 1.856521e-21 1.965836e-22 1.944359e-23 1.032188e-24 1.034142e-26 1.699190e-29 5.909064e-33 5.528356e-37 1.649005e-41 1.724641e-46
-2.349498e-45 -1.963115e-40 -6.017181e-36 -5.998702e-32 -1.625542e-28 -9.377260e-26 -8.905119e-24 -1.603709e-22 -1.558533e-21 -1.416546e-20 -1.214366e-19 -9.818687e-19 -7.484948e-18 -5.376740e-17 -3.636913e-16 -2.314459e-15 -1.384269e-14 -7.771967e-14 -4.090702e-13 -2.015430e-12 -9.279235e-12 -3.984956e-11 -1.592968e-10 -5.913890e-10 -2.033885e-09 -6.461778e-09 -1.890602e-08 -5.076462e-08 -1.246050e-07 -2.783445e-07 -5.629129e-07 -1.024189e-06 -1.663054e-06 -2.383011e-06 -2.959311e-06 -3.074962e-06 -2.440315e-06 -9.482571e-07 1.229740e-06 3.674860e-06 5.863552e-06 7.341574e-06 7.850767e-06 7.371069e-06 6.083292e-06 4.286123e-06 2.305966e-06 4.263110e-07 -1.151618e-06 -2.318388e-06 -3.044932e-06 -3.360255e-06 -3.327200e-06 -3.021623e-06 -2.517626e-06 -1.879168e-06 -1.157105e-06 -3.903503e-07 3.903503e-07 1.157105e-06 1.879168e-06 2.517626e-06 3.021623e-06 3.327200e-06 3.360255e-06 3.044932e-06 2.318388e-06 1.151618e-06 -4.263110e-07 -2.305966e-06 -4.286123e-06 -6.083292e-06 -7.371069e-06 -7.850767e-06 -7.341574e-06 -5.863552e-06 -3.674860e-06 -1.229740e-06 9.482571e-07 2.440315e-06 3.074962e-06 2.959311e-06 2.383011e-06 1.663054e-06 1.024189e-06 5.629129e-07 2.783445e-07 1.246050e-07 5.076462e-08 1.890602e-08 6.461778e-09 2.033885e-09 5.913890e-10 1.592968e-10 3.984956e-11 9.279235e-12 2.015430e-12 4.090702e-13 7.771967e-14 1.384269e-14 2.314459e-15 3.636913e-16 5.376740e-17 7.484948e-18 9.818687e-19 1.214366e-19 1.416546e-20 1.558533e-21 1.603709e-22 8.905119e-24 9.377260e-26 1.625542e-28 5.998702e-32 6.017181e-36 1.963115e-40 2.349498e-45
-2.765324e-44 -2.106207e-39 -6.013701e-35 -5.646860e-31 -1.450194e-27 -7.956819e-25 -7.204604e-23 -1.242044e-21 -1.161236e-20 -1.016313e-19 -8.391454e-19 -6.534897e-18 -4.797306e-17 -3.317434e-16 -2.159092e-15 -1.321151e-14 -7.591465e-14 -4.090702e-13 -2.063962e-12 -9.733947e-12 -4.282752e-11 -1.754161e-10 -6.672419e-10 -2.350678e-09 -7.646789e-09 -2.288990e-08 -6.280177e-08 -1.572060e-07 -3.570826e-07 -7.310905e-07 -1.337686e-06 -2.161646e-06 -3.029553e-06 -3.563608e-06 -3.258519e-06 -1.714219e-06 1.075399e-06 4.581189e-06 7.884837e-06 1.004309e-05 1.044864e-05 9.007814e-06 6.100356e-06 2.390731e-06 -1.402972e-06 -4.691866e-06 -7.111379e-06 -8.532715e-06 -9.016300e-06 -8.741135e-06 -7.935144e-06 -6.821174e-06 -5.583850e-06 -4.354564e-06 -3.210426e-06 -2.180963e-06 -1.258776e-06 -4.108062e-07 4.108062e-07 1.258776e-06 2.180963e-06 3.210426e-06 4.354564e-06 5.583850e-06 6.821174e-06 7.935144e-06 8.741135e-06 9.016300e-06 8.532715e-06 7.111379e-06 4.691866e-06 1.402972e-06 -2.390731e-06 -6.100356e-06 -9.007814e-06 -1.044864e-05 -1.004309e-05 -7.884837e-06 -4.581189e-06 -1.075399e-06 1.714219e-06 3.258519e-06 3.563608e-06 3.029553e-06 2.161646e-06 1.337686e-06 7.310905e-07 3.570826e-07 1.572060e-07 6.280177e-08 2.288990e-08 7.646789e-09 2.350678e-09 6.672419e-10 1.754161e-10 4.282752e-11 9.733947e-12 2.063962e-12 4.090702e-13 7.591465e-14 1.321151e-14 2.159092e-15 3.317434e-16 4.797306e-17 6.534897e-18 8.391454e-19 1.016313e-19 1.161236e-20 1.242044e-21 7.204604e-23 7.956819e-25 1.450194e-27 5.646860e-31 6.013701e-35 2.106207e-39 2.765324e-44
-2.922599e-43 -2.070749e-38 -5.565849e-34 -4.952498e-30 -1.209822e-26 -6.327959e-24 -5.470742e-22 -9.036124e-21 -8.131973e-20 -6.855172e-19 -5.451927e-18 -4.088833e-17 -2.889728e-16 -1.922828e-15 -1.203362e-14 -7.074554e-14 -3.901658e-13 -2.015430e-12 -9.733947e-12 -4.386845e-11 -1.840724e-10 -7.173069e-10 -2.588579e-09 -8.622696e-09 -2.641300e-08 -7.407590e-08 -1.892106e-07 -4.373566e-07 -9.073928e-07 -1.671213e-06 -2.688479e-06 -3.676751e-06 -4.044270e-06 -3.034971e-06 -1.499433e-07 4.344348e-06 9.231353e-06 1.276458e-05 1.349256e-05 1.093123e-05 5.692389e-06 -8.763865e-07 -7.247348e-06 -1.219819e-05 -1.506984e-05 -1.577976e-05 -1.467878e-05 -1.234677e-05 -9.405148e-06 -6.389873e-06 -3.687342e-06 -1.524602e-06 8.604548e-09 9.237537e-07 1.296171e-06 1.235480e-06 8.644849e-07 3.086216e-07 -3.086216e-07 -8.644849e-07 -1.235480e-06 -1.296171e-06 -9.237537e-07 -8.604548e-09 1.524602e-06 3.687342e-06 6.389873e-06 9.405148e-06 1.234677e-05 1.467878e-05 1.577976e-05 1.506984e-05 1.219819e-05 7.247348e-06 8.763865e-07 -5.692389e-06 -1.093123e-05 -1.349256e-05 -1.276458e-05 -9.231353e-06 -4.344348e-06 1.499433e-07 3.034971e-06 4.044270e-06 3.676751e-06 2.688479e-06 1.671213e-06 9.073928e-07 4.373566e-07 1.892106e-07 7.407590e-08 2.641300e-08 8.622696e-09 2.588579e-09 7.173069e-10 1.840724e-10 4.386845e-11 9.733947e-12 2.015430e-12 3.901658e-13 7.074554e-14 1.203362e-14 1.922828e-15 2.889728e-16 4.088833e-17 5.451927e-18 6.855172e-19 8.131973e-20 9.036124e-21 5.470742e-22 6.327959e-24 1.209822e-26 4.952498e-30 5.565849e-34 2.070749e-38 2.922599e-43
-2.824463e-42 -1.882761e-37 -4.794694e-33 -4.058691e-29 -9.454279e-26 -4.721271e-23 -3.900626e-21 -6.175820e-20 -5.351426e-19 -4.345556e-18 -3.328562e-17 -2.403463e-16 -1.634582e-15 -1.045948e-14 -6.289556e-14 -3.549201e-13 -1.876525e-12 -9.279235e-12 -4.282752e-11 -1.840724e-10 -7.348096e-10 -2.716331e-09 -9.266454e-09 -2.905461e-08 -8.333041e-08 -2.173418e-07 -5.117373e-07 -1.077260e-06 -2.000174e-06 -3.207355e-06 -4.276197e-06 -4.338042e-06 -2.324050e-06 2.323253e-06 8.801545e-06 1.473739e-05 1.716434e-05 1.422282e-05 6.295710e-06 -4.247979e-06 -1.429435e-05 -2.125974e-05 -2.383839e-05 -2.210900e-05 -1.714314e-05 -1.044322e-05 -3.461572e-06 2.706347e-06 7.423224e-06 1.047016e-05 1.193623e-05 1.208491e-05 1.124634e-05 9.736772e-06 7.816953e-06 5.675029e-06 3.430047e-06 1.146378e-06 -1.146378e-06 -3.430047e-06 -5.675029e-06 -7.816953e-06 -9.736772e-06 -1.124634e-05 -1.208491e-05 -1.193623e-05 -1.047016e-05 -7.423224e-06 -2.706347e-06 3.461572e-06 1.044322e-05 1.714314e-05 2.210900e-05 2.383839e-05 2.125974e-05 1.429435e-05 4.247979e-06 -6.295710e-06 -1.422282e-05 -1.716434e-05 -1.473739e-05 -8.801545e-06 -2.323253e-06 2.324050e-06 4.338042e-06 4.276197e-06 3.207355e-06 2.000174e-06 1.077260e-06 5.117373e-07 2.173418e-07 8.333041e-08 2.905461e-08 9.266454e-09 2.716331e-09 7.348096e-10 1.840724e-10 4.282752e-11 9.279235e-12 1.876525e-12 3.549201e-13 6.289556e-14 1.045948e-14 1.634582e-15 2.403463e-16 3.328562e-17 4.345556e-18 5.351426e-19 6.175820e-20 3.900626e-21 4.721271e-23 9.454279e-26 4.058691e-29 4.794694e-33 1.882761e-37 2.824463e-42
-2.520659e-41 -1.591664e-36 -3.856475e-32 -3.113787e-28 -6.927775e-25 -3.306271e-22 -2.611689e-20 -3.964632e-19 -3.308147e-18 -2.587498e-17 -1.908375e-16 -1.326170e-15 -8.674269e-15 -5.333789e-14 -3.078927e-13 -1.665825e-12 -8.432112e-12 -3.984956e-11 -1.754161e-10 -7.173069e-10 -2.716331e-09 -9.491448e-09 -3.047180e-08 -8.942169e-08 -2.383410e-07 -5.722874e-07 -1.224312e-06 -2.296455e-06 -3.679464e-06 -4.787720e-06 -4.420916e-06 -1.141807e-06 5.602806e-06 1.413567e-05 2.033864e-05 1.962813e-05 1.018500e-05 -5.287531e-06 -2.099979e-05 -3.134713e-05 -3.334888e-05 -2.720084e-05 -1.547678e-05 -1.696281e-06 1.100064e-05 2.055224e-05 2.613140e-05 2.792665e-05 2.672928e-05 2.357063e-05 1.943493e-05 1.510466e-05 1.111140e-05 7.740118e-06 5.085506e-06 3.096414e-06 1.635287e-06 5.068063e-07 -5.068063e-07 -1.635287e-06 -3.096414e-06 -5.085506e-06 -7.740118e-06 -1.111140e-05 -1.510466e-05 -1.943493e-05 -2.357063e-05 -2.672928e-05 -2.792665e-05 -2.613140e-05 -2.055224e-05 -1.100064e-05 1.696281e-06 1.547678e-05 2.720084e-05 3.334888e-05 3.134713e-05 2.099979e-05 5.287531e-06 -1.018500e-05 -1.962813e-05 -2.033864e-05 -1.413567e-05 -5.602806e-06 1.141807e-06 4.420916e-06 4.787720e-06 3.679464e-06 2.296455e-06 1.224312e-06 5.722874e-07 2.383410e-07 8.942169e-08 3.047180e-08 9.491448e-09 2.716331e-09 7.173069e-10 1.754161e-10 3.984956e-11 8.432112e-12 1.665825e-12 3.078927e-13 5.333789e-14 8.674269e-15 1.326170e-15 1.908375e-16 2.587498e-17 3.308147e-18 3.964632e-19 2.611689e-20 3.306271e-22 6.927775e-25 3.113787e-28 3.856475e-32 1.591664e-36 2.520659e-41
-2.089321e-40 -1.255283e-35 -2.901812e-31 -2.238802e-27 -4.762755e-24 -2.173560e-21 -1.641906e-19 -2.389750e-18 -1.920067e-17 -1.446220e-16 -1.026657e-15 -6.862475e-15 -4.313926e-14 -2.546778e-13 -1.409737e-12 -7.303265e-12 -3.533620e-11 -1.592968e-10 -6.672419e-10 -2.588579e-09 -9.266454e-09 -3.047180e-08 -9.154822e-08 -2.495764e-07 -6.119156e-07 -1.332853e-06 -2.532276e-06 -4.068549e-06 -5.186555e-06 -4.319959e-06 3.815718e-07 9.403794e-06 1.983397e-05 2.516648e-05 1.885920e-05 3.703968e-08 -2.396429e-05 -4.173151e-05 -4.517334e-05 -3.349434e-05 -1.183762e-05 1.224830e-05 3.203349e-05 4.367523e-05 4.647458e-05 4.195727e-05 3.279206e-05 2.172251e-05 1.093849e-05 1.875499e-06 -4.804499e-06 -8.985715e-06 -1.092332e-05 -1.103592e-05 -9.779337e-06 -7.574462e-06 -4.762120e-06 -1.623086e-06 1.623086e-06 4.762120e-06 7.574462e-06 9.779337e-06 1.103592e-05 1.092332e-05 8.985715e-06 4.804499e-06 -1.875499e-06 -1.093849e-05 -2.172251e-05 -3.279206e-05 -4.195727e-05 -4.647458e-05 -4.367523e-05 -3.203349e-05 -1.224830e-05 1.183762e-05 3.349434e-05 4.517334e-05 4.173151e-05 2.396429e-05 -3.703968e-08 -1.885920e-05 -2.516648e-05 -1.983397e-05 -9.403794e-06 -3.815718e-07 4.319959e-06 5.186555e-06 4.068549e-06 2.532276e-06 1.332853e-06 6.119156e-07 2.495764e-07 9.154822e-08 3.047180e-08 9.266454e-09 2.588579e-09 6.672419e-10 1.592968e-10 3.533620e-11 7.303265e-12 1.409737e-12 2.546778e-13 4.313926e-14 6.862475e-15 1.026657e-15 1.446220e-16 1.920067e-17 2.389750e-18 1.641906e-19 2.173560e-21 4.762755e-24 2.238802e-27 2.901812e-31 1.255283e-35 2.089321e-40
-1.614143e-39 -9.254813e-35 -2.045103e-30 -1.509502e-26 -3.072657e-23 -1.341283e-20 -9.688892e-19 -1.351830e-17 -1.045641e-16 -7.581774e-16 -5.177846e-15 -3.326862e-14 -2.008257e-13 -1.137113e-12 -6.028193e-12 -2.985759e-11 -1.378336e-10 -5.913890e-10 -2.350678e-09 -8.622696e-09 -2.905461e-08 -8.942169e-08 -2.495764e-07 -6.257105e-07 -1.390526e-06 -2.684218e-06 -4.345022e-06 -5.464727e-06 -4.108944e-06 2.015665e-06 1.329901e-05 2.530249e-05 2.853833e-05 1.424743e-05 -1.619915e-05 -4.773935e-05 -6.085916e-05 -4.657192e-05 -1.199230e-05 2.722268e-05 5.689730e-05 6.923541e-05 6.385058e-05 4.585848e-05 2.211533e-05 -1.250995e-06 -2.006878e-05 -3.259446e-05 -3.879839e-05 -3.978275e-05 -3.710817e-05 -3.225027e-05 -2.647248e-05 -2.058717e-05 -1.511157e-05 -1.020839e-05 -5.869896e-06 -1.908767e-06 1.908767e-06 5.869896e-06 1.020839e-05 1.511157e-05 2.058717e-05 2.647248e-05 3.225027e-05 3.710817e-05 3.978275e-05 3.879839e-05 3.259446e-05 2.006878e-05 1.250995e-06 -2.211533e-05 -4.585848e-05 -6.385058e-05 -6.923541e-05 -5.689730e-05 -2.722268e-05 1.199230e-05 4.657192e-05 6.085916e-05 4.773935e-05 1.619915e-05 -1.424743e-05 -2.853833e-05 -2.530249e-05 -1.329901e-05 -2.015665e-06 4.108944e-06 5.464727e-06 4.345022e-06 2.684218e-06 1.390526e-06 6.257105e-07 2.495764e-07 8.942169e-08 2.905461e-08 8.622696e-09 2.350678e-09 5.913890e-10 1.378336e-10 2.985759e-11 6.028193e-12 1.137113e-12 2.008257e-13 3.326862e-14 5.177846e-15 7.581774e-16 1.045641e-16 1.351830e-17 9.688892e-19 1.341283e-20 3.072657e-23 1.509502e-26 2.045103e-30 9.254813e-35 1.614143e-39
