0.000000e+00 0.000000e+00 0.000000e+00 0.000000e+00 0.000000e+00 0.000000e+00 0.000000e+00 0.000000e+00 0.000000e+00 0.000000e+00 0.000000e+00 0.000000e+00 0.000000e+00 0.000000e+00 0.000000e+00 0.000000e+00 0.000000e+00 0.000000e+00 0.000000e+00 0.000000e+00 0.000000e+00 0.000000e+00 0.000000e+00 0.000000e+00 0.000000e+00 0.000000e+00 0.000000e+00 0.000000e+00 0.000000e+00 0.000000e+00 0.000000e+00 0.000000e+00 0.000000e+00 0.000000e+00 0.000000e+00 0.000000e+00 0.000000e+00 0.000000e+00 0.000000e+00 0.000000e+00 0.000000e+00 0.000000e+00 0.000000e+00 0.000000e+00 0.000000e+00 0.000000e+00 0.000000e+00 0.000000e+00 0.000000e+00 0.000000e+00 0.000000e+00 0.000000e+00 0.000000e+00 0.000000e+00 0.000000e+00 0.000000e+00 0.000000e+00 0.000000e+00 0.000000e+00 0.000000e+00 0.000000e+00 0.000000e+00 0.000000e+00 0.000000e+00 0.000000e+00 0.000000e+00 0.000000e+00 0.000000e+00 0.000000e+00 0.000000e+00 0.000000e+00 0.000000e+00 0.000000e+00 0.000000e+00 0.000000e+00 0.000000e+00 0.000000e+00 0.000000e+00 0.000000e+00 0.000000e+00 0.000000e+00 0.000000e+00 0.000000e+00 0.000000e+00 0.000000e+00 0.000000e+00 0.000000e+00 0.000000e+00 0.000000e+00 0.000000e+00 0.000000e+00 0.000000e+00 0.000000e+00 0.000000e+00 0.000000e+00 0.000000e+00 0.000000e+00 0.000000e+00 0.000000e+00 0.000000e+00 0.000000e+00 0.000000e+00 0.000000e+00 0.000000e+00 0.000000e+00 0.000000e+00 0.000000e+00 0.000000e+00 0.000000e+00 0.000000e+00 0.000000e+00 0.000000e+00 0.000000e+00 0.000000e+00 0.000000e+00 0.000000e+00
7.243970e-107 3.736511e-101 7.167819e-96 4.460470e-91 7.479781e-87 2.640581e-83 1.506183e-80 1.527811e-78 7.539915e-77 3.363696e-75 1.386753e-73 5.292009e-72 1.871860e-70 6.143961e-69 1.873032e-67 5.307342e-66 1.398542e-64 3.428411e-63 7.819899e-62 1.659553e-60 3.276172e-59 6.013638e-58 1.025662e-56 1.623838e-55 2.383256e-54 3.236727e-53 4.057839e-52 4.680528e-51 4.943971e-50 4.749487e-49 4.104869e-48 3.132332e-47 2.031873e-46 1.014524e-45 2.358550e-45 -2.413448e-44 -4.436303e-43 -4.526131e-42 -3.619615e-41 -2.456620e-40 -1.458621e-39 -7.684215e-39 -3.617259e-38 -1.526867e-37 -5.787641e-37 -1.970489e-36 -6.022162e-36 -1.650120e-35 -4.047017e-35 -8.864985e-35 -1.729597e-34 -2.994390e-34 -4.574784e-34 -6.112804e-34 -7.028873e-34 -6.724974e-34 -4.900635e-34 -1.799988e-34 1.799988e-34 4.900635e-34 6.724974e-34 7.028873e-34 6.112804e-34 4.574784e-34 2.994390e-34 1.729597e-34 8.864985e-35 4.047017e-35 1.650120e-35 6.022162e-36 1.970489e-36 5.787641e-37 1.526867e-37 3.617259e-38 7.684215e-39 1.458621e-39 2.456620e-40 3.619615e-41 4.526131e-42 4.436303e-43 2.413448e-44 -2.358550e-45 -1.014524e-45 -2.031873e-46 -3.132332e-47 -4.104869e-48 -4.749487e-49 -4.943971e-50 -4.680528e-51 -4.057839e-52 -3.236727e-53 -2.383256e-54 -1.623838e-55 -1.025662e-56 -6.013638e-58 -3.276172e-59 -1.659553e-60 -7.819899e-62 -3.428411e-63 -1.398542e-64 -5.307342e-66 -1.873032e-67 -6.143961e-69 -1.871860e-70 -5.292009e-72 -1.386753e-73 -3.363696e-75 -7.539915e-77 -1.527811e-78 -1.506183e-80 -2.640581e-83 -7.479781e-87 -4.460470e-91 -7.167819e-96 -3.736511e-101 -7.243970e-107
2.447628e-101 1.149280e-95 2.019887e-90 1.157788e-85 1.796415e-81 5.890574e-78 3.131515e-75 2.971235e-73 1.376947e-71 5.782898e-70 2.248929e-68 8.109789e-67 2.714844e-65 8.444762e-64 2.442630e-62 6.573467e-61 1.646483e-59 3.839066e-58 8.332927e-57 1.683389e-55 3.163745e-54 5.527845e-53 8.970679e-52 1.350293e-50 1.881811e-49 2.422136e-48 2.869598e-47 3.114207e-46 3.073674e-45 2.727576e-44 2.132671e-43 1.409092e-42 7.012454e-42 1.306577e-41 -2.381062e-40 -4.052810e-39 -4.188075e-38 -3.451347e-37 -2.431620e-36 -1.505633e-35 -8.301291e-35 -4.102786e-34 -1.823850e-33 -7.303443e-33 -2.635376e-32 -8.565550e-32 -2.505333e-31 -6.585854e-31 -1.553450e-30 -3.281477e-30 -6.192225e-30 -1.040259e-29 -1.547749e-29 -2.021950e-29 -2.282641e-29 -2.153677e-29 -1.554765e-29 -5.683720e-30 5.683720e-30 1.554765e-29 2.153677e-29 2.282641e-29 2.021950e-29 1.547749e-29 1.040259e-29 6.192225e-30 3.281477e-30 1.553450e-30 6.585854e-31 2.505333e-31 8.565550e-32 2.635376e-32 7.303443e-33 1.823850e-33 4.102786e-34 8.301291e-35 1.505633e-35 2.431620e-36 3.451347e-37 4.188075e-38 4.052810e-39 2.381062e-40 -1.306577e-41 -7.012454e-42 -1.409092e-42 -2.132671e-43 -2.727576e-44 -3.073674e-45 -3.114207e-46 -2.869598e-47 -2.422136e-48 -1.881811e-49 -1.350293e-50 -8.970679e-52 -5.527845e-53 -3.163745e-54 -1.683389e-55 -8.332927e-57 -3.839066e-58 -1.646483e-59 -6.573467e-61 -2.442630e-62 -8.444762e-64 -2.714844e-65 -8.109789e-67 -2.248929e-68 -5.782898e-70 -1.376947e-71 -2.971235e-73 -3.131515e-75 -5.890574e-78 -1.796415e-81 -1.157788e-85 -2.019887e-90 -1.149280e-95 -2.447628e-101
2.878095e-96 1.238130e-90 2.004367e-85 1.063043e-80 1.532025e-76 4.681468e-73 2.326062e-70 2.069456e-68 9.025121e-67 3.574958e-65 1.313566e-63 4.482325e-62 1.421797e-60 4.195474e-59 1.152336e-57 2.947118e-56 7.019767e-55 1.557251e-53 3.216788e-52 6.184926e-51 1.106128e-49 1.838290e-48 2.835151e-47 4.050365e-46 5.346604e-45 6.498504e-44 7.236520e-43 7.327600e-42 6.665500e-41 5.329193e-40 3.575092e-39 1.758585e-38 2.169368e-38 -8.337667e-37 -1.344054e-35 -1.407815e-34 -1.193796e-33 -8.712584e-33 -5.611793e-32 -3.229051e-31 -1.670345e-30 -7.793093e-30 -3.284253e-29 -1.250743e-28 -4.303139e-28 -1.336512e-27 -3.743550e-27 -9.444479e-27 -2.143047e-26 -4.366223e-26 -7.970000e-26 -1.299426e-25 -1.883139e-25 -2.405642e-25 -2.666837e-25 -2.481668e-25 -1.775003e-25 -6.458673e-26 6.458673e-26 1.775003e-25 2.481668e-25 2.666837e-25 2.405642e-25 1.883139e-25 1.299426e-25 7.970000e-26 4.366223e-26 2.143047e-26 9.444479e-27 3.743550e-27 1.336512e-27 4.303139e-28 1.250743e-28 3.284253e-29 7.793093e-30 1.670345e-30 3.229051e-31 5.611793e-32 8.712584e-33 1.193796e-33 1.407815e-34 1.344054e-35 8.337667e-37 -2.169368e-38 -1.758585e-38 -3.575092e-39 -5.329193e-40 -6.665500e-41 -7.327600e-42 -7.236520e-43 -6.498504e-44 -5.346604e-45 -4.050365e-46 -2.835151e-47 -1.838290e-48 -1.106128e-49 -6.184926e-51 -3.216788e-52 -1.557251e-53 -7.019767e-55 -2.947118e-56 -1.152336e-57 -4.195474e-59 -1.421797e-60 -4.482325e-62 -1.313566e-63 -3.574958e-65 -9.025121e-67 -2.069456e-68 -2.326062e-70 -4.681468e-73 -1.532025e-76 -1.063043e-80 -2.004367e-85 -1.238130e-90 -2.878095e-96
1.005109e-91 3.982748e-86 5.965757e-81 2.938850e-76 3.946873e-72 1.127080e-68 5.246702e-66 4.386187e-64 1.803453e-62 6.748541e-61 2.346069e-59 7.584380e-58 2.281811e-56 6.392500e-55 1.668263e-53 4.056513e-52 9.190630e-51 1.939828e-49 3.812684e-48 6.973655e-47 1.185852e-45 1.872197e-44 2.739135e-43 3.704267e-42 4.613792e-41 5.265328e-40 5.462295e-39 5.084988e-38 4.148436e-37 2.815950e-36 1.354917e-35 5.009418e-36 -8.874370e-34 -1.375578e-32 -1.461026e-31 -1.273057e-30 -9.605392e-30 -6.420895e-29 -3.845839e-28 -2.076256e-27 -1.013482e-26 -4.479566e-26 -1.793658e-25 -6.504992e-25 -2.135495e-24 -6.340529e-24 -1.700958e-23 -4.118392e-23 -8.988988e-23 -1.766208e-22 -3.118411e-22 -4.934101e-22 -6.964862e-22 -8.700774e-22 -9.472145e-22 -8.694159e-22 -6.161361e-22 -2.231566e-22 2.231566e-22 6.161361e-22 8.694159e-22 9.472145e-22 8.700774e-22 6.964862e-22 4.934101e-22 3.118411e-22 1.766208e-22 8.988988e-23 4.118392e-23 1.700958e-23 6.340529e-24 2.135495e-24 6.504992e-25 1.793658e-25 4.479566e-26 1.013482e-26 2.076256e-27 3.845839e-28 6.420895e-29 9.605392e-30 1.273057e-30 1.461026e-31 1.375578e-32 8.874370e-34 -5.009418e-36 -1.354917e-35 -2.815950e-36 -4.148436e-37 -5.084988e-38 -5.462295e-39 -5.265328e-40 -4.613792e-41 -3.704267e-42 -2.739135e-43 -1.872197e-44 -1.185852e-45 -6.973655e-47 -3.812684e-48 -1.939828e-49 -9.190630e-51 -4.056513e-52 -1.668263e-53 -6.392500e-55 -2.281811e-56 -7.584380e-58 -2.346069e-59 -6.748541e-61 -1.803453e-62 -4.386187e-64 -5.246702e-66 -1.127080e-68 -3.946873e-72 -2.938850e-76 -5.965757e-81 -3.982748e-86 -1.005109e-91
8.407497e-88 3.082535e-82 4.288743e-77 1.968812e-72 2.470938e-68 6.609951e-65 2.888851e-62 2.273406e-60 8.826901e-59 3.124616e-57 1.028926e-55 3.154376e-54 9.008245e-53 2.397401e-51 5.947185e-50 1.375201e-48 2.963669e-47 5.950159e-46 1.112181e-44 1.933509e-43 3.122077e-42 4.673505e-41 6.468454e-40 8.247172e-39 9.633971e-38 1.022558e-36 9.726346e-36 8.079402e-35 5.528469e-34 2.567336e-33 -2.134420e-33 -2.318582e-31 -3.493391e-30 -3.763239e-29 -3.365059e-28 -2.620108e-27 -1.813852e-26 -1.128208e-25 -6.340217e-25 -3.228723e-24 -1.492062e-23 -6.260028e-23 -2.384192e-22 -8.238690e-22 -2.581116e-21 -7.325261e-21 -1.881596e-20 -4.370608e-20 -9.172483e-20 -1.737475e-19 -2.966324e-19 -4.553814e-19 -6.260156e-19 -7.646896e-19 -8.174818e-19 -7.400811e-19 -5.196593e-19 -1.873441e-19 1.873441e-19 5.196593e-19 7.400811e-19 8.174818e-19 7.646896e-19 6.260156e-19 4.553814e-19 2.966324e-19 1.737475e-19 9.172483e-20 4.370608e-20 1.881596e-20 7.325261e-21 2.581116e-21 8.238690e-22 2.384192e-22 6.260028e-23 1.492062e-23 3.228723e-24 6.340217e-25 1.128208e-25 1.813852e-26 2.620108e-27 3.365059e-28 3.763239e-29 3.493391e-30 2.318582e-31 2.134420e-33 -2.567336e-33 -5.528469e-34 -8.079402e-35 -9.726346e-36 -1.022558e-36 -9.633971e-38 -8.247172e-39 -6.468454e-40 -4.673505e-41 -3.122077e-42 -1.933509e-43 -1.112181e-44 -5.950159e-46 -2.963669e-47 -1.375201e-48 -5.947185e-50 -2.397401e-51 -9.008245e-53 -3.154376e-54 -1.028926e-55 -3.124616e-57 -8.826901e-59 -2.273406e-60 -2.888851e-62 -6.609951e-65 -2.470938e-68 -1.968812e-72 -4.288743e-77 -3.082535e-82 -8.407497e-88
1.284900e-84 4.375892e-79 5.673744e-74 2.434143e-69 2.861892e-65 7.186954e-62 2.954337e-59 2.192067e-57 8.048384e-56 2.698382e-54 8.425321e-53 2.451454e-51 6.649606e-50 1.681912e-48 3.967005e-47 8.723726e-46 1.787922e-44 3.412829e-43 6.061372e-42 1.000257e-40 1.530713e-39 2.166415e-38 2.824788e-37 3.374195e-36 3.659973e-35 3.552040e-34 2.998514e-33 2.060762e-32 9.086432e-32 -2.281659e-31 -1.134361e-29 -1.676115e-28 -1.832198e-27 -1.679685e-26 -1.347617e-25 -9.644327e-25 -6.216822e-24 -3.628529e-23 -1.922976e-22 -9.265911e-22 -4.061372e-21 -1.619119e-20 -5.868157e-20 -1.932191e-19 -5.775599e-19 -1.566107e-18 -3.849773e-18 -8.574150e-18 -1.729277e-17 -3.156373e-17 -5.208632e-17 -7.755830e-17 -1.038117e-16 -1.239752e-16 -1.301331e-16 -1.161945e-16 -8.083533e-17 -2.900712e-17 2.900712e-17 8.083533e-17 1.161945e-16 1.301331e-16 1.239752e-16 1.038117e-16 7.755830e-17 5.208632e-17 3.156373e-17 1.729277e-17 8.574150e-18 3.849773e-18 1.566107e-18 5.775599e-19 1.932191e-19 5.868157e-20 1.619119e-20 4.061372e-21 9.265911e-22 1.922976e-22 3.628529e-23 6.216822e-24 9.644327e-25 1.347617e-25 1.679685e-26 1.832198e-27 1.676115e-28 1.134361e-29 2.281659e-31 -9.086432e-32 -2.060762e-32 -2.998514e-33 -3.552040e-34 -3.659973e-35 -3.374195e-36 -2.824788e-37 -2.166415e-38 -1.530713e-39 -1.000257e-40 -6.061372e-42 -3.412829e-43 -1.787922e-44 -8.723726e-46 -3.967005e-47 -1.681912e-48 -6.649606e-50 -2.451454e-51 -8.425321e-53 -2.698382e-54 -8.048384e-56 -2.192067e-57 -2.954337e-59 -7.186954e-62 -2.861892e-65 -2.434143e-69 -5.673744e-74 -4.375892e-79 -1.284900e-84
3.021478e-82 9.592815e-77 1.162799e-71 4.675093e-67 5.161918e-63 1.219544e-59 4.724240e-57 3.310633e-55 1.151233e-53 3.660666e-52 1.085072e-50 2.999507e-49 7.734605e-48 1.860561e-46 4.174429e-45 8.732270e-44 1.701944e-42 3.087592e-41 5.206382e-40 8.143943e-39 1.178451e-37 1.571245e-36 1.919012e-35 2.127189e-34 2.106631e-33 1.807721e-32 1.248120e-31 5.189131e-31 -2.379835e-30 -8.742981e-29 -1.282908e-27 -1.427494e-26 -1.342957e-25 -1.110306e-24 -8.211036e-24 -5.481448e-23 -3.319635e-22 -1.828700e-21 -9.175230e-21 -4.194751e-20 -1.747283e-19 -6.628137e-19 -2.288292e-18 -7.184781e-18 -2.050230e-17 -5.314142e-17 -1.250642e-16 -2.671800e-16 -5.180762e-16 -9.116282e-16 -1.454844e-15 -2.102370e-15 -2.741420e-15 -3.202424e-15 -3.302097e-15 -2.908995e-15 -2.005606e-15 -7.164534e-16 7.164534e-16 2.005606e-15 2.908995e-15 3.302097e-15 3.202424e-15 2.741420e-15 2.102370e-15 1.454844e-15 9.116282e-16 5.180762e-16 2.671800e-16 1.250642e-16 5.314142e-17 2.050230e-17 7.184781e-18 2.288292e-18 6.628137e-19 1.747283e-19 4.194751e-20 9.175230e-21 1.828700e-21 3.319635e-22 5.481448e-23 8.211036e-24 1.110306e-24 1.342957e-25 1.427494e-26 1.282908e-27 8.742981e-29 2.379835e-30 -5.189131e-31 -1.248120e-31 -1.807721e-32 -2.106631e-33 -2.127189e-34 -1.919012e-35 -1.571245e-36 -1.178451e-37 -8.143943e-39 -5.206382e-40 -3.087592e-41 -1.701944e-42 -8.732270e-44 -4.174429e-45 -1.860561e-46 -7.734605e-48 -2.999507e-49 -1.085072e-50 -3.660666e-52 -1.151233e-53 -3.310633e-55 -4.724240e-57 -1.219544e-59 -5.161918e-63 -4.675093e-67 -1.162799e-71 -9.592815e-77 -3.021478e-82
1.920561e-80 5.707962e-75 6.492880e-70 2.454957e-65 2.553761e-61 5.693366e-58 2.084246e-55 1.383153e-53 4.566834e-52 1.380546e-50 3.893545e-49 1.024745e-47 2.517032e-46 5.769000e-45 1.233349e-43 2.457887e-42 4.561425e-41 7.872089e-40 1.260872e-38 1.869102e-37 2.554105e-36 3.198154e-35 3.635242e-34 3.690873e-33 3.242965e-32 2.281466e-31 9.369683e-31 -5.426774e-30 -1.865222e-28 -2.787766e-27 -3.190397e-26 -3.098757e-25 -2.651181e-24 -2.032661e-23 -1.409118e-22 -8.875844e-22 -5.093347e-21 -2.666223e-20 -1.273765e-19 -5.553202e-19 -2.208361e-18 -8.005605e-18 -2.643674e-17 -7.947255e-17 -2.173608e-16 -5.406868e-16 -1.223095e-15 -2.516359e-15 -4.709671e-15 -8.020297e-15 -1.242398e-14 -1.748424e-14 -2.228060e-14 -2.552912e-14 -2.591746e-14 -2.256634e-14 -1.543714e-14 -5.492991e-15 5.492991e-15 1.543714e-14 2.256634e-14 2.591746e-14 2.552912e-14 2.228060e-14 1.748424e-14 1.242398e-14 8.020297e-15 4.709671e-15 2.516359e-15 1.223095e-15 5.406868e-16 2.173608e-16 7.947255e-17 2.643674e-17 8.005605e-18 2.208361e-18 5.553202e-19 1.273765e-19 2.666223e-20 5.093347e-21 8.875844e-22 1.409118e-22 2.032661e-23 2.651181e-24 3.098757e-25 3.190397e-26 2.787766e-27 1.865222e-28 5.426774e-30 -9.369683e-31 -2.281466e-31 -3.242965e-32 -3.690873e-33 -3.635242e-34 -3.198154e-35 -2.554105e-36 -1.869102e-37 -1.260872e-38 -7.872089e-40 -4.561425e-41 -2.457887e-42 -1.233349e-43 -5.769000e-45 -2.517032e-46 -1.024745e-47 -3.893545e-49 -1.380546e-50 -4.566834e-52 -1.383153e-53 -2.084246e-55 -5.693366e-58 -2.553761e-61 -2.454957e-65 -6.492880e-70 -5.707962e-75 -1.920561e-80
9.295664e-79 2.594964e-73 2.778573e-68 9.907644e-64 9.735164e-60 2.052896e-56 7.117797e-54 4.482245e-52 1.407868e-50 4.053235e-49 1.089419e-47 2.733905e-46 6.404874e-45 1.400295e-43 2.855190e-42 5.424230e-41 9.587947e-40 1.573790e-38 2.392209e-37 3.353914e-36 4.311419e-35 5.034060e-34 5.253060e-33 4.745473e-32 3.431256e-31 1.439908e-30 -8.939213e-30 -3.118027e-28 -4.804006e-27 -5.682533e-26 -5.713795e-25 -5.067640e-24 -4.032989e-23 -2.905856e-22 -1.904945e-21 -1.139250e-20 -6.223989e-20 -3.107752e-19 -1.418160e-18 -5.911845e-18 -2.249913e-17 -7.811588e-17 -2.472502e-16 -7.130181e-16 -1.872673e-15 -4.478883e-15 -9.756701e-15 -1.936684e-14 -3.505099e-14 -5.787011e-14 -8.716512e-14 -1.196518e-13 -1.492255e-13 -1.679206e-13 -1.680185e-13 -1.447061e-13 -9.827184e-14 -3.484082e-14 3.484082e-14 9.827184e-14 1.447061e-13 1.680185e-13 1.679206e-13 1.492255e-13 1.196518e-13 8.716512e-14 5.787011e-14 3.505099e-14 1.936684e-14 9.756701e-15 4.478883e-15 1.872673e-15 7.130181e-16 2.472502e-16 7.811588e-17 2.249913e-17 5.911845e-18 1.418160e-18 3.107752e-19 6.223989e-20 1.139250e-20 1.904945e-21 2.905856e-22 4.032989e-23 5.067640e-24 5.713795e-25 5.682533e-26 4.804006e-27 3.118027e-28 8.939213e-30 -1.439908e-30 -3.431256e-31 -4.745473e-32 -5.253060e-33 -5.034060e-34 -4.311419e-35 -3.353914e-36 -2.392209e-37 -1.573790e-38 -9.587947e-40 -5.424230e-41 -2.855190e-42 -1.400295e-43 -6.404874e-45 -2.733905e-46 -1.089419e-47 -4.053235e-49 -1.407868e-50 -4.482245e-52 -7.117797e-54 -2.052896e-56 -9.735164e-60 -9.907644e-64 -2.778573e-68 -2.594964e-73 -9.295664e-79
4.151585e-77 1.091099e-71 1.101963e-66 3.712162e-62 3.450700e-58 6.892018e-55 2.265801e-52 1.355284e-50 4.053154e-49 1.112093e-47 2.850102e-46 6.821984e-45 1.524552e-43 3.178980e-42 6.179260e-41 1.118132e-39 1.879817e-38 2.928255e-37 4.209681e-36 5.552076e-35 6.654874e-34 7.132642e-33 6.620631e-32 4.917659e-31 2.109499e-30 -1.393651e-29 -4.944012e-28 -7.847925e-27 -9.586299e-26 -9.968177e-25 -9.154208e-24 -7.552494e-23 -5.648247e-22 -3.848023e-21 -2.394656e-20 -1.363105e-19 -7.101069e-19 -3.385389e-18 -1.476405e-17 -5.886230e-17 -2.143773e-16 -7.126948e-16 -2.161360e-15 -5.976530e-15 -1.506575e-14 -3.462754e-14 -7.260498e-14 -1.389898e-13 -2.431634e-13 -3.891272e-13 -5.697911e-13 -7.628283e-13 -9.310191e-13 -1.028846e-12 -1.014583e-12 -8.643148e-13 -5.827036e-13 -2.058368e-13 2.058368e-13 5.827036e-13 8.643148e-13 1.014583e-12 1.028846e-12 9.310191e-13 7.628283e-13 5.697911e-13 3.891272e-13 2.431634e-13 1.389898e-13 7.260498e-14 3.462754e-14 1.506575e-14 5.976530e-15 2.161360e-15 7.126948e-16 2.143773e-16 5.886230e-17 1.476405e-17 3.385389e-18 7.101069e-19 1.363105e-19 2.394656e-20 3.848023e-21 5.648247e-22 7.552494e-23 9.154208e-24 9.968177e-25 9.586299e-26 7.847925e-27 4.944012e-28 1.393651e-29 -2.109499e-30 -4.917659e-31 -6.620631e-32 -7.132642e-33 -6.654874e-34 -5.552076e-35 -4.209681e-36 -2.928255e-37 -1.879817e-38 -1.118132e-39 -6.179260e-41 -3.178980e-42 -1.524552e-43 -6.821984e-45 -2.850102e-46 -1.112093e-47 -4.053154e-49 -1.355284e-50 -2.265801e-52 -6.892018e-55 -3.450700e-58 -3.712162e-62 -1.101963e-66 -1.091099e-71 -4.151585e-77
1.713536e-75 4.248294e-70 4.054081e-65 1.292197e-60 1.137867e-56 2.154951e-53 6.723894e-51 3.823260e-49 1.089396e-47 2.850102e-46 6.966931e-45 1.590726e-43 3.390491e-42 6.739685e-41 1.247783e-39 2.147468e-38 3.426218e-37 5.047621e-36 6.825981e-35 8.393851e-34 9.234398e-33 8.801635e-32 6.712284e-31 2.943604e-30 -2.058224e-29 -7.436088e-28 -1.215331e-26 -1.531656e-25 -1.645387e-24 -1.562851e-23 -1.335118e-22 -1.035066e-21 -7.318462e-21 -4.732262e-20 -2.802378e-19 -1.520657e-18 -7.560881e-18 -3.443286e-17 -1.435327e-16 -5.472254e-16 -1.906641e-15 -6.066524e-15 -1.761717e-14 -4.668020e-14 -1.128649e-13 -2.491279e-13 -5.024684e-13 -9.271473e-13 -1.567253e-12 -2.430039e-12 -3.458207e-12 -4.514456e-12 -5.391105e-12 -5.849940e-12 -5.685092e-12 -4.790179e-12 -3.205867e-12 -1.128312e-12 1.128312e-12 3.205867e-12 4.790179e-12 5.685092e-12 5.849940e-12 5.391105e-12 4.514456e-12 3.458207e-12 2.430039e-12 1.567253e-12 9.271473e-13 5.024684e-13 2.491279e-13 1.128649e-13 4.668020e-14 1.761717e-14 6.066524e-15 1.906641e-15 5.472254e-16 1.435327e-16 3.443286e-17 7.560881e-18 1.520657e-18 2.802378e-19 4.732262e-20 7.318462e-21 1.035066e-21 1.335118e-22 1.562851e-23 1.645387e-24 1.531656e-25 1.215331e-26 7.436088e-28 2.058224e-29 -2.943604e-30 -6.712284e-31 -8.801635e-32 -9.234398e-33 -8.393851e-34 -6.825981e-35 -5.047621e-36 -3.426218e-37 -2.147468e-38 -1.247783e-39 -6.739685e-41 -3.390491e-42 -1.590726e-43 -6.966931e-45 -2.850102e-46 -1.089396e-47 -3.823260e-49 -6.723894e-51 -2.154951e-53 -1.137867e-56 -1.292197e-60 -4.054081e-65 -4.248294e-70 -1.713536e-75
6.546707e-74 1.533843e-68 1.385167e-63 4.183060e-59 3.493293e-55 6.279159e-52 1.860925e-49 1.006506e-47 2.733840e-46 6.821984e-45 1.590726e-43 3.464055e-42 7.038536e-41 1.332627e-39 2.346583e-38 3.832526e-37 5.782886e-36 8.013874e-35 1.010392e-33 1.140273e-32 1.115343e-31 8.728519e-31 3.913811e-30 -2.881682e-29 -1.061516e-27 -1.785211e-26 -2.319334e-25 -2.571581e-24 -2.523747e-23 -2.229976e-22 -1.790031e-21 -1.311881e-20 -8.802522e-20 -5.415291e-19 -3.056227e-18 -1.582317e-17 -7.512231e-17 -3.268305e-16 -1.301965e-15 -4.744836e-15 -1.580633e-14 -4.809887e-14 -1.336436e-13 -3.390301e-13 -7.855279e-13 -1.663725e-12 -3.225230e-12 -5.732102e-12 -9.356513e-12 -1.404909e-11 -1.942317e-11 -2.471570e-11 -2.887157e-11 -3.075634e-11 -2.945096e-11 -2.454102e-11 -1.630311e-11 -5.716712e-12 5.716712e-12 1.630311e-11 2.454102e-11 2.945096e-11 3.075634e-11 2.887157e-11 2.471570e-11 1.942317e-11 1.404909e-11 9.356513e-12 5.732102e-12 3.225230e-12 1.663725e-12 7.855279e-13 3.390301e-13 1.336436e-13 4.809887e-14 1.580633e-14 4.744836e-15 1.301965e-15 3.268305e-16 7.512231e-17 1.582317e-17 3.056227e-18 5.415291e-19 8.802522e-20 1.311881e-20 1.790031e-21 2.229976e-22 2.523747e-23 2.571581e-24 2.319334e-25 1.785211e-26 1.061516e-27 2.881682e-29 -3.913811e-30 -8.728519e-31 -1.115343e-31 -1.140273e-32 -1.010392e-33 -8.013874e-35 -5.782886e-36 -3.832526e-37 -2.346583e-38 -1.332627e-39 -7.038536e-41 -3.464055e-42 -1.590726e-43 -6.821984e-45 -2.733840e-46 -1.006506e-47 -1.860925e-49 -6.279159e-52 -3.493293e-55 -4.183060e-59 -1.385167e-63 -1.533843e-68 -6.546707e-74
2.318439e-72 5.141167e-67 4.399563e-62 1.260250e-57 9.990672e-54 1.705773e-50 4.804543e-48 2.472892e-46 6.404709e-45 1.524552e-43 3.390491e-42 7.038536e-41 1.362162e-39 2.452908e-38 4.098905e-37 6.331159e-36 8.985877e-35 1.160946e-33 1.343231e-32 1.347563e-31 1.081678e-30 4.960032e-30 -3.827229e-29 -1.438933e-27 -2.488685e-26 -3.330501e-25 -3.807947e-24 -3.857569e-23 -3.521850e-22 -2.923917e-21 -2.218571e-20 -1.542808e-19 -9.847228e-19 -5.772113e-18 -3.107234e-17 -1.535516e-16 -6.961109e-16 -2.892507e-15 -1.100617e-14 -3.831465e-14 -1.219301e-13 -3.545036e-13 -9.414221e-13 -2.283917e-12 -5.065361e-12 -1.028284e-11 -1.914010e-11 -3.273515e-11 -5.155586e-11 -7.491626e-11 -1.005613e-10 -1.246729e-10 -1.424031e-10 -1.488783e-10 -1.404306e-10 -1.157041e-10 -7.628773e-11 -2.664981e-11 2.664981e-11 7.628773e-11 1.157041e-10 1.404306e-10 1.488783e-10 1.424031e-10 1.246729e-10 1.005613e-10 7.491626e-11 5.155586e-11 3.273515e-11 1.914010e-11 1.028284e-11 5.065361e-12 2.283917e-12 9.414221e-13 3.545036e-13 1.219301e-13 3.831465e-14 1.100617e-14 2.892507e-15 6.961109e-16 1.535516e-16 3.107234e-17 5.772113e-18 9.847228e-19 1.542808e-19 2.218571e-20 2.923917e-21 3.521850e-22 3.857569e-23 3.807947e-24 3.330501e-25 2.488685e-26 1.438933e-27 3.827229e-29 -4.960032e-30 -1.081678e-30 -1.347563e-31 -1.343231e-32 -1.160946e-33 -8.985877e-35 -6.331159e-36 -4.098905e-37 -2.452908e-38 -1.362162e-39 -7.038536e-41 -3.390491e-42 -1.524552e-43 -6.404709e-45 -2.472892e-46 -4.804543e-48 -1.705773e-50 -9.990672e-54 -1.260250e-57 -4.399563e-62 -5.141167e-67 -2.318439e-72
7.619098e-71 1.601269e-65 1.299997e-60 3.535646e-56 2.662864e-52 4.321149e-49 1.157212e-46 5.669390e-45 1.400255e-43 3.178980e-42 6.739685e-41 1.332627e-39 2.452908e-38 4.191719e-37 6.624339e-36 9.624334e-35 1.273477e-33 1.509774e-32 1.552659e-31 1.277753e-30 5.993106e-30 -4.824230e-29 -1.852962e-27 -3.294060e-26 -4.537503e-25 -5.345406e-24 -5.584546e-23 -5.262935e-22 -4.514498e-21 -3.542573e-20 -2.550249e-19 -1.686721e-18 -1.025566e-17 -5.732532e-17 -2.944517e-16 -1.388866e-15 -6.010306e-15 -2.383898e-14 -8.657484e-14 -2.876081e-13 -8.733482e-13 -2.422990e-12 -6.141500e-12 -1.422867e-11 -3.016403e-11 -5.861164e-11 -1.046200e-10 -1.719885e-10 -2.610834e-10 -3.668158e-10 -4.776876e-10 -5.766041e-10 -6.436108e-10 -6.600430e-10 -6.130537e-10 -4.992887e-10 -3.266626e-10 -1.136735e-10 1.136735e-10 3.266626e-10 4.992887e-10 6.130537e-10 6.600430e-10 6.436108e-10 5.766041e-10 4.776876e-10 3.668158e-10 2.610834e-10 1.719885e-10 1.046200e-10 5.861164e-11 3.016403e-11 1.422867e-11 6.141500e-12 2.422990e-12 8.733482e-13 2.876081e-13 8.657484e-14 2.383898e-14 6.010306e-15 1.388866e-15 2.944517e-16 5.732532e-17 1.025566e-17 1.686721e-18 2.550249e-19 3.542573e-20 4.514498e-21 5.262935e-22 5.584546e-23 5.345406e-24 4.537503e-25 3.294060e-26 1.852962e-27 4.824230e-29 -5.993106e-30 -1.277753e-30 -1.552659e-31 -1.509774e-32 -1.273477e-33 -9.624334e-35 -6.624339e-36 -4.191719e-37 -2.452908e-38 -1.332627e-39 -6.739685e-41 -3.178980e-42 -1.400255e-43 -5.669390e-45 -1.157212e-46 -4.321149e-49 -2.662864e-52 -3.535646e-56 -1.299997e-60 -1.601269e-65 -7.619098e-71
2.325665e-69 4.637782e-64 3.575588e-59 9.240678e-55 6.616016e-51 1.020835e-47 2.599827e-45 1.212400e-43 2.855103e-42 6.179260e-41 1.247783e-39 2.346583e-38 4.098905e-37 6.624339e-36 9.847002e-35 1.333737e-33 1.619373e-32 1.706305e-31 1.439022e-30 6.905517e-30 -5.773671e-29 -2.267530e-27 -4.141303e-26 -5.867698e-25 -7.116623e-24 -7.661210e-23 -7.446066e-22 -6.592922e-21 -5.344985e-20 -3.978952e-19 -2.723930e-18 -1.715922e-17 -9.946728e-17 -5.303519e-16 -2.599175e-15 -1.169736e-14 -4.829009e-14 -1.826675e-13 -6.324562e-13 -2.002436e-12 -5.793618e-12 -1.531343e-11 -3.698418e-11 -8.168439e-11 -1.652341e-10 -3.067962e-10 -5.243078e-10 -8.272681e-10 -1.208821e-09 -1.640140e-09 -2.069919e-09 -2.430355e-09 -2.648847e-09 -2.662812e-09 -2.433978e-09 -1.958611e-09 -1.271191e-09 -4.405824e-10 4.405824e-10 1.271191e-09 1.958611e-09 2.433978e-09 2.662812e-09 2.648847e-09 2.430355e-09 2.069919e-09 1.640140e-09 1.208821e-09 8.272681e-10 5.243078e-10 3.067962e-10 1.652341e-10 8.168439e-11 3.698418e-11 1.531343e-11 5.793618e-12 2.002436e-12 6.324562e-13 1.826675e-13 4.829009e-14 1.169736e-14 2.599175e-15 5.303519e-16 9.946728e-17 1.715922e-17 2.723930e-18 3.978952e-19 5.344985e-20 6.592922e-21 7.446066e-22 7.661210e-23 7.116623e-24 5.867698e-25 4.141303e-26 2.267530e-27 5.773671e-29 -6.905517e-30 -1.439022e-30 -1.706305e-31 -1.619373e-32 -1.333737e-33 -9.847002e-35 -6.624339e-36 -4.098905e-37 -2.346583e-38 -1.247783e-39 -6.179260e-41 -2.855103e-42 -1.212400e-43 -2.599827e-45 -1.020835e-47 -6.616016e-51 -9.240678e-55 -3.575588e-59 -4.637782e-64 -2.325665e-69
6.598434e-68 1.249798e-62 9.157824e-58 2.250380e-53 1.532335e-49 2.248643e-46 5.446022e-44 2.416857e-42 5.424052e-41 1.118132e-39 2.147468e-38 3.832526e-37 6.331159e-36 9.624334e-35 1.333737e-33 1.657632e-32 1.788693e-31 1.545316e-30 7.589045e-30 -6.562813e-29 -2.637649e-27 -4.946727e-26 -7.204631e-25 -8.989615e-24 -9.964023e-23 -9.978943e-22 -9.112004e-21 -7.624793e-20 -5.863716e-19 -4.150573e-18 -2.705885e-17 -1.624749e-16 -8.981686e-16 -4.567749e-15 -2.134992e-14 -9.161134e-14 -3.604412e-13 -1.298748e-12 -4.280895e-12 -1.289629e-11 -3.548633e-11 -8.918129e-11 -2.047948e-10 -4.302581e-10 -8.286617e-10 -1.467099e-09 -2.395636e-09 -3.621030e-09 -5.084194e-09 -6.651066e-09 -8.122765e-09 -9.264672e-09 -9.848104e-09 -9.694748e-09 -8.713749e-09 -6.923738e-09 -4.455869e-09 -1.537839e-09 1.537839e-09 4.455869e-09 6.923738e-09 8.713749e-09 9.694748e-09 9.848104e-09 9.264672e-09 8.122765e-09 6.651066e-09 5.084194e-09 3.621030e-09 2.395636e-09 1.467099e-09 8.286617e-10 4.302581e-10 2.047948e-10 8.918129e-11 3.548633e-11 1.289629e-11 4.280895e-12 1.298748e-12 3.604412e-13 9.161134e-14 2.134992e-14 4.567749e-15 8.981686e-16 1.624749e-16 2.705885e-17 4.150573e-18 5.863716e-19 7.624793e-20 9.112004e-21 9.978943e-22 9.964023e-23 8.989615e-24 7.204631e-25 4.946727e-26 2.637649e-27 6.562813e-29 -7.589045e-30 -1.545316e-30 -1.788693e-31 -1.657632e-32 -1.333737e-33 -9.624334e-35 -6.331159e-36 -3.832526e-37 -2.147468e-38 -1.118132e-39 -5.424052e-41 -2.416857e-42 -5.446022e-44 -2.248643e-46 -1.532335e-49 -2.250380e-53 -9.157824e-58 -1.249798e-62 -6.598434e-68
1.741076e-66 3.134830e-61 2.184567e-56 5.106658e-52 3.307875e-48 4.616647e-45 1.063001e-42 4.486683e-41 9.587606e-40 1.879817e-38 3.426218e-37 5.782886e-36 8.985877e-35 1.273477e-33 1.619373e-32 1.788693e-31 1.582450e-30 7.955566e-30 -7.086564e-29 -2.917058e-27 -5.615335e-26 -8.401704e-25 -1.077754e-23 -1.229018e-22 -1.267306e-21 -1.192400e-20 -1.028951e-19 -8.166847e-19 -5.971306e-18 -4.024585e-17 -2.500475e-16 -1.431499e-15 -7.545660e-15 -3.658498e-14 -1.629634e-13 -6.660271e-13 -2.494154e-12 -8.547088e-12 -2.677156e-11 -7.657812e-11 -1.999432e-10 -4.765682e-10 -1.037822e-09 -2.068390e-09 -3.782432e-09 -6.368043e-09 -9.909557e-09 -1.431303e-08 -1.926508e-08 -2.424539e-08 -2.859489e-08 -3.162319e-08 -3.272875e-08 -3.150469e-08 -2.781033e-08 -2.179897e-08 -1.390200e-08 -4.776135e-09 4.776135e-09 1.390200e-08 2.179897e-08 2.781033e-08 3.150469e-08 3.272875e-08 3.162319e-08 2.859489e-08 2.424539e-08 1.926508e-08 1.431303e-08 9.909557e-09 6.368043e-09 3.782432e-09 2.068390e-09 1.037822e-09 4.765682e-10 1.999432e-10 7.657812e-11 2.677156e-11 8.547088e-12 2.494154e-12 6.660271e-13 1.629634e-13 3.658498e-14 7.545660e-15 1.431499e-15 2.500475e-16 4.024585e-17 5.971306e-18 8.166847e-19 1.028951e-19 1.192400e-20 1.267306e-21 1.229018e-22 1.077754e-23 8.401704e-25 5.615335e-26 2.917058e-27 7.086564e-29 -7.955566e-30 -1.582450e-30 -1.788693e-31 -1.619373e-32 -1.273477e-33 -8.985877e-35 -5.782886e-36 -3.426218e-37 -1.879817e-38 -9.587606e-40 -4.486683e-41 -1.063001e-42 -4.616647e-45 -3.307875e-48 -5.106658e-52 -2.184567e-56 -3.134830e-61 -1.741076e-66
4.273968e-65 7.320059e-60 4.853703e-55 1.079621e-50 6.652937e-47 8.828594e-44 1.931441e-41 7.745663e-40 1.573729e-38 2.928255e-37 5.047621e-36 8.013874e-35 1.160946e-33 1.509774e-32 1.706305e-31 1.545316e-30 7.955566e-30 -7.270174e-29 -3.067572e-27 -6.058732e-26 -9.307276e-25 -1.226634e-23 -1.438112e-22 -1.525681e-21 -1.477987e-20 -1.314130e-19 -1.075552e-18 -8.115690e-18 -5.649481e-17 -3.628244e-16 -2.148848e-15 -1.172735e-14 -5.891508e-14 -2.721088e-13 -1.153832e-12 -4.485236e-12 -1.595976e-11 -5.191084e-11 -1.541561e-10 -4.176023e-10 -1.031613e-09 -2.324750e-09 -4.784897e-09 -9.015005e-09 -1.559736e-08 -2.488264e-08 -3.677173e-08 -5.058009e-08 -6.504853e-08 -7.850749e-08 -8.914798e-08 -9.532353e-08 -9.581034e-08 -8.997855e-08 -7.785892e-08 -6.011593e-08 -3.795240e-08 -1.297283e-08 1.297283e-08 3.795240e-08 6.011593e-08 7.785892e-08 8.997855e-08 9.581034e-08 9.532353e-08 8.914798e-08 7.850749e-08 6.504853e-08 5.058009e-08 3.677173e-08 2.488264e-08 1.559736e-08 9.015005e-09 4.784897e-09 2.324750e-09 1.031613e-09 4.176023e-10 1.541561e-10 5.191084e-11 1.595976e-11 4.485236e-12 1.153832e-12 2.721088e-13 5.891508e-14 1.172735e-14 2.148848e-15 3.628244e-16 5.649481e-17 8.115690e-18 1.075552e-18 1.314130e-19 1.477987e-20 1.525681e-21 1.438112e-22 1.226634e-23 9.307276e-25 6.058732e-26 3.067572e-27 7.270174e-29 -7.955566e-30 -1.545316e-30 -1.706305e-31 -1.509774e-32 -1.160946e-33 -8.013874e-35 -5.047621e-36 -2.928255e-37 -1.573729e-38 -7.745663e-40 -1.931441e-41 -8.828594e-44 -6.652937e-47 -1.079621e-50 -4.853703e-55 -7.320059e-60 -4.273968e-65
9.762382e-64 1.591263e-58 1.004236e-53 2.125632e-49 1.245847e-45 1.571065e-42 3.262245e-40 1.241062e-38 2.392109e-37 4.209681e-36 6.825981e-35 1.010392e-33 1.343231e-32 1.552659e-31 1.439022e-30 7.589045e-30 -7.086564e-29 -3.067572e-27 -6.214111e-26 -9.795705e-25 -1.325569e-23 -1.596729e-22 -1.741578e-21 -1.735770e-20 -1.588964e-19 -1.339930e-18 -1.042511e-17 -7.488648e-17 -4.966718e-16 -3.040146e-15 -1.716077e-14 -8.923389e-14 -4.268822e-13 -1.875986e-12 -7.561353e-12 -2.790603e-11 -9.414868e-11 -2.899290e-10 -8.139267e-10 -2.081302e-09 -4.846752e-09 -1.028504e-08 -1.992142e-08 -3.531937e-08 -5.754256e-08 -8.656653e-08 -1.208994e-07 -1.576018e-07 -1.927209e-07 -2.219898e-07 -2.415687e-07 -2.486298e-07 -2.416790e-07 -2.206052e-07 -1.865229e-07 -1.415030e-07 -8.828007e-08 -2.999611e-08 2.999611e-08 8.828007e-08 1.415030e-07 1.865229e-07 2.206052e-07 2.416790e-07 2.486298e-07 2.415687e-07 2.219898e-07 1.927209e-07 1.576018e-07 1.208994e-07 8.656653e-08 5.754256e-08 3.531937e-08 1.992142e-08 1.028504e-08 4.846752e-09 2.081302e-09 8.139267e-10 2.899290e-10 9.414868e-11 2.790603e-11 7.561353e-12 1.875986e-12 4.268822e-13 8.923389e-14 1.716077e-14 3.040146e-15 4.966718e-16 7.488648e-17 1.042511e-17 1.339930e-18 1.588964e-19 1.735770e-20 1.741578e-21 1.596729e-22 1.325569e-23 9.795705e-25 6.214111e-26 3.067572e-27 7.086564e-29 -7.589045e-30 -1.439022e-30 -1.552659e-31 -1.343231e-32 -1.010392e-33 -6.825981e-35 -4.209681e-36 -2.392109e-37 -1.241062e-38 -3.262245e-40 -1.571065e-42 -1.245847e-45 -2.125632e-49 -1.004236e-53 -1.591263e-58 -9.762382e-64
2.074838e-62 3.219660e-57 1.934096e-52 3.894974e-48 2.170134e-44 2.597996e-41 5.112016e-39 1.840446e-37 3.353761e-36 5.552076e-35 8.393851e-34 1.140273e-32 1.347563e-31 1.277753e-30 6.905517e-30 -6.562813e-29 -2.917058e-27 -6.058732e-26 -9.795705e-25 -1.360275e-23 -1.682423e-22 -1.885381e-21 -1.931904e-20 -1.819453e-19 -1.579605e-18 -1.266194e-17 -9.377688e-17 -6.417389e-16 -4.056051e-15 -2.365833e-14 -1.272103e-13 -6.296963e-13 -2.865070e-12 -1.196161e-11 -4.574061e-11 -1.599048e-10 -5.101244e-10 -1.482596e-09 -3.920272e-09 -9.423075e-09 -2.058797e-08 -4.092365e-08 -7.416506e-08 -1.229674e-07 -1.874093e-07 -2.640334e-07 -3.459790e-07 -4.242208e-07 -4.894255e-07 -5.337629e-07 -5.521382e-07 -5.426262e-07 -5.061828e-07 -4.458965e-07 -3.660875e-07 -2.715083e-07 -1.667972e-07 -5.623450e-08 5.623450e-08 1.667972e-07 2.715083e-07 3.660875e-07 4.458965e-07 5.061828e-07 5.426262e-07 5.521382e-07 5.337629e-07 4.894255e-07 4.242208e-07 3.459790e-07 2.640334e-07 1.874093e-07 1.229674e-07 7.416506e-08 4.092365e-08 2.058797e-08 9.423075e-09 3.920272e-09 1.482596e-09 5.101244e-10 1.599048e-10 4.574061e-11 1.196161e-11 2.865070e-12 6.296963e-13 1.272103e-13 2.365833e-14 4.056051e-15 6.417389e-16 9.377688e-17 1.266194e-17 1.579605e-18 1.819453e-19 1.931904e-20 1.885381e-21 1.682423e-22 1.360275e-23 9.795705e-25 6.058732e-26 2.917058e-27 6.562813e-29 -6.905517e-30 -1.277753e-30 -1.347563e-31 -1.140273e-32 -8.393851e-34 -5.552076e-35 -3.353761e-36 -1.840446e-37 -5.112016e-39 -2.597996e-41 -2.170134e-44 -3.894974e-48 -1.934096e-52 -3.219660e-57 -2.074838e-62
4.102262e-61 6.060915e-56 3.465093e-51 6.635994e-47 3.511494e-43 3.984708e-40 7.411766e-38 2.516026e-36 4.311204e-35 6.654872e-34 9.234398e-33 1.115343e-31 1.081678e-30 5.993106e-30 -5.773671e-29 -2.637649e-27 -5.615335e-26 -9.307276e-25 -1.325569e-23 -1.682423e-22 -1.935883e-21 -2.038055e-20 -1.973347e-19 -1.762523e-18 -1.454488e-17 -1.109777e-16 -7.829571e-16 -5.105445e-15 -3.074480e-14 -1.707904e-13 -8.739846e-13 -4.113259e-12 -1.777129e-11 -7.034648e-11 -2.545948e-10 -8.406515e-10 -2.527207e-09 -6.904054e-09 -1.711378e-08 -3.845628e-08 -7.833450e-08 -1.448111e-07 -2.435755e-07 -3.743096e-07 -5.284124e-07 -6.896809e-07 -8.379123e-07 -9.538492e-07 -1.023503e-06 -1.040513e-06 -1.006194e-06 -9.277914e-07 -8.158486e-07 -6.815609e-07 -5.347185e-07 -3.825027e-07 -2.291397e-07 -7.625831e-08 7.625831e-08 2.291397e-07 3.825027e-07 5.347185e-07 6.815609e-07 8.158486e-07 9.277914e-07 1.006194e-06 1.040513e-06 1.023503e-06 9.538492e-07 8.379123e-07 6.896809e-07 5.284124e-07 3.743096e-07 2.435755e-07 1.448111e-07 7.833450e-08 3.845628e-08 1.711378e-08 6.904054e-09 2.527207e-09 8.406515e-10 2.545948e-10 7.034648e-11 1.777129e-11 4.113259e-12 8.739846e-13 1.707904e-13 3.074480e-14 5.105445e-15 7.829571e-16 1.109777e-16 1.454488e-17 1.762523e-18 1.973347e-19 2.038055e-20 1.935883e-21 1.682423e-22 1.325569e-23 9.307276e-25 5.615335e-26 2.637649e-27 5.773671e-29 -5.993106e-30 -1.081678e-30 -1.115343e-31 -9.234398e-33 -6.654872e-34 -4.311204e-35 -2.516026e-36 -7.411766e-38 -3.984708e-40 -3.511494e-43 -6.635994e-47 -3.465093e-51 -6.060915e-56 -4.102262e-61
7.541991e-60 1.060811e-54 5.769422e-50 1.049814e-45 5.268293e-42 5.653465e-39 9.904010e-37 3.152029e-35 5.033780e-34 7.132640e-33 8.801635e-32 8.728519e-31 4.960032e-30 -4.824230e-29 -2.267530e-27 -4.946727e-26 -8.401704e-25 -1.226634e-23 -1.596729e-22 -1.885381e-21 -2.038055e-20 -2.027459e-19 -1.861704e-18 -1.580521e-17 -1.241464e-16 -9.022830e-16 -6.065186e-15 -3.767770e-14 -2.160561e-13 -1.142006e-12 -5.554639e-12 -2.481390e-11 -1.015929e-10 -3.803325e-10 -1.298804e-09 -4.035782e-09 -1.138305e-08 -2.907790e-08 -6.714913e-08 -1.400176e-07 -2.635847e-07 -4.485100e-07 -6.917760e-07 -9.715300e-07 -1.249687e-06 -1.482134e-06 -1.631579e-06 -1.677324e-06 -1.618807e-06 -1.472956e-06 -1.267604e-06 -1.033883e-06 -7.997759e-07 -5.859812e-07 -4.041931e-07 -2.572859e-07 -1.407188e-07 -4.452280e-08 4.452280e-08 1.407188e-07 2.572859e-07 4.041931e-07 5.859812e-07 7.997759e-07 1.033883e-06 1.267604e-06 1.472956e-06 1.618807e-06 1.677324e-06 1.631579e-06 1.482134e-06 1.249687e-06 9.715300e-07 6.917760e-07 4.485100e-07 2.635847e-07 1.400176e-07 6.714913e-08 2.907790e-08 1.138305e-08 4.035782e-09 1.298804e-09 3.803325e-10 1.015929e-10 2.481390e-11 5.554639e-12 1.142006e-12 2.160561e-13 3.767770e-14 6.065186e-15 9.022830e-16 1.241464e-16 1.580521e-17 1.861704e-18 2.027459e-19 2.038055e-20 1.885381e-21 1.596729e-22 1.226634e-23 8.401704e-25 4.946727e-26 2.267530e-27 4.824230e-29 -4.960032e-30 -8.728519e-31 -8.801635e-32 -7.132640e-33 -5.033780e-34 -3.152029e-35 -9.904010e-37 -5.653465e-39 -5.268293e-42 -1.049814e-45 -5.769422e-50 -1.060811e-54 -7.541991e-60
1.288482e-58 1.724622e-53 8.915687e-49 1.539317e-44 7.309690e-41 7.391936e-38 1.212702e-35 3.584951e-34 5.252730e-33 6.620629e-32 6.712284e-31 3.913811e-30 -3.827229e-29 -1.852962e-27 -4.141303e-26 -7.204631e-25 -1.077754e-23 -1.438112e-22 -1.741578e-21 -1.931904e-20 -1.973347e-19 -1.861704e-18 -1.624892e-17 -1.313001e-16 -9.823535e-16 -6.802253e-15 -4.355766e-14 -2.576315e-13 -1.405464e-12 -7.059411e-12 -3.258166e-11 -1.378649e-10 -5.334929e-10 -1.882898e-09 -6.043694e-09 -1.758989e-08 -4.628207e-08 -1.097786e-07 -2.341543e-07 -4.483108e-07 -7.698541e-07 -1.186454e-06 -1.644587e-06 -2.057703e-06 -2.333697e-06 -2.407078e-06 -2.259169e-06 -1.919672e-06 -1.453067e-06 -9.380499e-07 -4.484436e-07 -4.050652e-08 2.523220e-07 4.185793e-07 4.644784e-07 4.084520e-07 2.762422e-07 9.731566e-08 -9.731566e-08 -2.762422e-07 -4.084520e-07 -4.644784e-07 -4.185793e-07 -2.523220e-07 4.050652e-08 4.484436e-07 9.380499e-07 1.453067e-06 1.919672e-06 2.259169e-06 2.407078e-06 2.333697e-06 2.057703e-06 1.644587e-06 1.186454e-06 7.698541e-07 4.483108e-07 2.341543e-07 1.097786e-07 4.628207e-08 1.758989e-08 6.043694e-09 1.882898e-09 5.334929e-10 1.378649e-10 3.258166e-11 7.059411e-12 1.405464e-12 2.576315e-13 4.355766e-14 6.802253e-15 9.823535e-16 1.313001e-16 1.624892e-17 1.861704e-18 1.973347e-19 1.931904e-20 1.741578e-21 1.438112e-22 1.077754e-23 7.204631e-25 4.141303e-26 1.852962e-27 3.827229e-29 -3.913811e-30 -6.712284e-31 -6.620629e-32 -5.252730e-33 -3.584951e-34 -1.212702e-35 -7.391936e-38 -7.309690e-41 -1.539317e-44 -8.915687e-49 -1.724622e-53 -1.288482e-58
2.043528e-57 2.600952e-52 1.276432e-47 2.086689e-43 9.345448e-40 8.857848e-37 1.348440e-34 3.642653e-33 4.745123e-32 4.917657e-31 2.943604e-30 -2.881682e-29 -1.438933e-27 -3.294060e-26 -5.867698e-25 -8.989615e-24 -1.229018e-22 -1.525681e-21 -1.735770e-20 -1.819453e-19 -1.762523e-18 -1.580521e-17 -1.313001e-16 -1.010578e-15 -7.203403e-15 -4.751302e-14 -2.896579e-13 -1.629700e-12 -8.446964e-12 -4.024930e-11 -1.758932e-10 -7.030968e-10 -2.563148e-09 -8.494130e-09 -2.549938e-08 -6.908541e-08 -1.682678e-07 -3.670022e-07 -7.140697e-07 -1.235157e-06 -1.893917e-06 -2.568303e-06 -3.072652e-06 -3.227209e-06 -2.935274e-06 -2.220362e-06 -1.209927e-06 -8.568147e-08 9.723198e-07 1.826895e-06 2.401222e-06 2.676302e-06 2.676150e-06 2.449115e-06 2.051566e-06 1.536476e-06 9.478944e-07 3.200353e-07 -3.200353e-07 -9.478944e-07 -1.536476e-06 -2.051566e-06 -2.449115e-06 -2.676150e-06 -2.676302e-06 -2.401222e-06 -1.826895e-06 -9.723198e-07 8.568147e-08 1.209927e-06 2.220362e-06 2.935274e-06 3.227209e-06 3.072652e-06 2.568303e-06 1.893917e-06 1.235157e-06 7.140697e-07 3.670022e-07 1.682678e-07 6.908541e-08 2.549938e-08 8.494130e-09 2.563148e-09 7.030968e-10 1.758932e-10 4.024930e-11 8.446964e-12 1.629700e-12 2.896579e-13 4.751302e-14 7.203403e-15 1.010578e-15 1.313001e-16 1.580521e-17 1.762523e-18 1.819453e-19 1.735770e-20 1.525681e-21 1.229018e-22 8.989615e-24 5.867698e-25 3.294060e-26 1.438933e-27 2.881682e-29 -2.943604e-30 -4.917657e-31 -4.745123e-32 -3.642653e-33 -1.348440e-34 -8.857848e-37 -9.345448e-40 -2.086689e-43 -1.276432e-47 -2.600952e-52 -2.043528e-57
