0.000000e+00 0.000000e+00 0.000000e+00 0.000000e+00 0.000000e+00 0.000000e+00 0.000000e+00 0.000000e+00 0.000000e+00 0.000000e+00 0.000000e+00 0.000000e+00 0.000000e+00 0.000000e+00 0.000000e+00 0.000000e+00 0.000000e+00 0.000000e+00 0.000000e+00 0.000000e+00 0.000000e+00 0.000000e+00 0.000000e+00 0.000000e+00 0.000000e+00 0.000000e+00 0.000000e+00 0.000000e+00 0.000000e+00 0.000000e+00 0.000000e+00 0.000000e+00 0.000000e+00 0.000000e+00 0.000000e+00 0.000000e+00 0.000000e+00 0.000000e+00 0.000000e+00 0.000000e+00 0.000000e+00 0.000000e+00 0.000000e+00 0.000000e+00 0.000000e+00 0.000000e+00 0.000000e+00 0.000000e+00 0.000000e+00 0.000000e+00 0.000000e+00 0.000000e+00 0.000000e+00 0.000000e+00 0.000000e+00 0.000000e+00 0.000000e+00 0.000000e+00 0.000000e+00 0.000000e+00 0.000000e+00 0.000000e+00 0.000000e+00 0.000000e+00 0.000000e+00 0.000000e+00 0.000000e+00 0.000000e+00 0.000000e+00 0.000000e+00 0.000000e+00 0.000000e+00 0.000000e+00 0.000000e+00 0.000000e+00 0.000000e+00 0.000000e+00 0.000000e+00 0.000000e+00 0.000000e+00 0.000000e+00 0.000000e+00 0.000000e+00 0.000000e+00 0.000000e+00 0.000000e+00 0.000000e+00 0.000000e+00 0.000000e+00 0.000000e+00 0.000000e+00 0.000000e+00 0.000000e+00 0.000000e+00 0.000000e+00 0.000000e+00 0.000000e+00 0.000000e+00 0.000000e+00 0.000000e+00 0.000000e+00 0.000000e+00 0.000000e+00 0.000000e+00 0.000000e+00 0.000000e+00 0.000000e+00 0.000000e+00 0.000000e+00 0.000000e+00 0.000000e+00 0.000000e+00 0.000000e+00 0.000000e+00 0.000000e+00 0.000000e+00
0.000000e+00 0.000000e+00 0.000000e+00 0.000000e+00 0.000000e+00 0.000000e+00 0.000000e+00 0.000000e+00 0.000000e+00 0.000000e+00 0.000000e+00 0.000000e+00 0.000000e+00 0.000000e+00 6.075369e-97 4.798302e-94 1.845272e-91 4.604276e-89 8.379918e-87 1.185722e-84 1.357498e-82 1.292175e-80 1.042851e-78 7.240655e-77 4.373610e-75 2.318407e-73 1.085943e-71 4.519127e-70 1.678049e-68 5.578674e-67 1.664849e-65 4.468824e-64 1.080424e-62 2.354834e-61 4.628775e-60 8.205125e-59 1.310971e-57 1.886087e-56 2.439750e-55 2.831779e-54 2.941329e-53 2.724633e-52 2.241043e-51 1.627506e-50 1.035893e-49 5.720890e-49 2.702049e-48 1.066902e-47 3.378602e-47 7.776643e-47 8.423302e-47 -2.484563e-46 -1.719533e-45 -5.491814e-45 -1.176533e-44 -1.762286e-44 -1.725590e-44 -7.346045e-45 7.346045e-45 1.725590e-44 1.762286e-44 1.176533e-44 5.491814e-45 1.719533e-45 2.484563e-46 -8.423302e-47 -7.776643e-47 -3.378602e-47 -1.066902e-47 -2.702049e-48 -5.720890e-49 -1.035893e-49 -1.627506e-50 -2.241043e-51 -2.724633e-52 -2.941329e-53 -2.831779e-54 -2.439750e-55 -1.886087e-56 -1.310971e-57 -8.205125e-59 -4.628775e-60 -2.354834e-61 -1.080424e-62 -4.468824e-64 -1.664849e-65 -5.578674e-67 -1.678049e-68 -4.519127e-70 -1.085943e-71 -2.318407e-73 -4.373610e-75 -7.240655e-77 -1.042851e-78 -1.292175e-80 -1.357498e-82 -1.185722e-84 -8.379918e-87 -4.604276e-89 -1.845272e-91 -4.798302e-94 -6.075369e-97 0.000000e+00 0.000000e+00 0.000000e+00 0.000000e+00 0.000000e+00 0.000000e+00 0.000000e+00 0.000000e+00 0.000000e+00 0.000000e+00 0.000000e+00 0.000000e+00 0.000000e+00 0.000000e+00
0.000000e+00 0.000000e+00 0.000000e+00 0.000000e+00 0.000000e+00 0.000000e+00 0.000000e+00 0.000000e+00 0.000000e+00 0.000000e+00 0.000000e+00 0.000000e+00 0.000000e+00 2.867260e-93 2.313289e-90 9.092453e-88 2.320078e-85 4.320709e-83 6.259482e-81 7.341995e-79 7.164888e-77 5.932426e-75 4.228980e-73 2.624753e-71 1.430840e-69 6.898343e-68 2.957570e-66 1.132555e-64 3.887042e-63 1.198909e-61 3.330052e-60 8.341775e-59 1.886396e-57 3.852955e-56 7.108307e-55 1.184081e-53 1.779402e-52 2.409174e-51 2.933295e-50 3.203764e-49 3.128839e-48 2.720915e-47 2.095550e-46 1.419023e-45 8.364265e-45 4.228264e-44 1.789086e-43 6.045520e-43 1.442960e-42 1.161518e-42 -9.542390e-42 -6.150796e-41 -2.202263e-40 -5.613307e-40 -1.063794e-39 -1.476059e-39 -1.378846e-39 -5.736850e-40 5.736850e-40 1.378846e-39 1.476059e-39 1.063794e-39 5.613307e-40 2.202263e-40 6.150796e-41 9.542390e-42 -1.161518e-42 -1.442960e-42 -6.045520e-43 -1.789086e-43 -4.228264e-44 -8.364265e-45 -1.419023e-45 -2.095550e-46 -2.720915e-47 -3.128839e-48 -3.203764e-49 -2.933295e-50 -2.409174e-51 -1.779402e-52 -1.184081e-53 -7.108307e-55 -3.852955e-56 -1.886396e-57 -8.341775e-59 -3.330052e-60 -1.198909e-61 -3.887042e-63 -1.132555e-64 -2.957570e-66 -6.898343e-68 -1.430840e-69 -2.624753e-71 -4.228980e-73 -5.932426e-75 -7.164888e-77 -7.341995e-79 -6.259482e-81 -4.320709e-83 -2.320078e-85 -9.092453e-88 -2.313289e-90 -2.867260e-93 0.000000e+00 0.000000e+00 0.000000e+00 0.000000e+00 0.000000e+00 0.000000e+00 0.000000e+00 0.000000e+00 0.000000e+00 0.000000e+00 0.000000e+00 0.000000e+00 0.000000e+00
0.000000e+00 0.000000e+00 0.000000e+00 0.000000e+00 0.000000e+00 0.000000e+00 0.000000e+00 0.000000e+00 0.000000e+00 0.000000e+00 0.000000e+00 0.000000e+00 5.062178e-90 4.169607e-87 1.674022e-84 4.365437e-82 8.313165e-80 1.232222e-77 1.479682e-75 1.479265e-73 1.255576e-71 9.181790e-70 5.850385e-68 3.276665e-66 1.624390e-64 7.167468e-63 2.827341e-61 1.000585e-59 3.185604e-58 9.143497e-57 2.369700e-55 5.551310e-54 1.176192e-52 2.254295e-51 3.907269e-50 6.120036e-49 8.652384e-48 1.102237e-46 1.262306e-45 1.295621e-44 1.187074e-43 9.657587e-43 6.926930e-42 4.336006e-41 2.332507e-40 1.050446e-39 3.754700e-39 9.137551e-39 3.288598e-39 -1.085297e-37 -6.976709e-37 -2.766926e-36 -8.132707e-36 -1.845400e-35 -3.233223e-35 -4.247850e-35 -3.829740e-35 -1.565479e-35 1.565479e-35 3.829740e-35 4.247850e-35 3.233223e-35 1.845400e-35 8.132707e-36 2.766926e-36 6.976709e-37 1.085297e-37 -3.288598e-39 -9.137551e-39 -3.754700e-39 -1.050446e-39 -2.332507e-40 -4.336006e-41 -6.926930e-42 -9.657587e-43 -1.187074e-43 -1.295621e-44 -1.262306e-45 -1.102237e-46 -8.652384e-48 -6.120036e-49 -3.907269e-50 -2.254295e-51 -1.176192e-52 -5.551310e-54 -2.369700e-55 -9.143497e-57 -3.185604e-58 -1.000585e-59 -2.827341e-61 -7.167468e-63 -1.624390e-64 -3.276665e-66 -5.850385e-68 -9.181790e-70 -1.255576e-71 -1.479265e-73 -1.479682e-75 -1.232222e-77 -8.313165e-80 -4.365437e-82 -1.674022e-84 -4.169607e-87 -5.062178e-90 0.000000e+00 0.000000e+00 0.000000e+00 0.000000e+00 0.000000e+00 0.000000e+00 0.000000e+00 0.000000e+00 0.000000e+00 0.000000e+00 0.000000e+00 0.000000e+00
0.000000e+00 0.000000e+00 0.000000e+00 0.000000e+00 0.000000e+00 0.000000e+00 0.000000e+00 0.000000e+00 0.000000e+00 0.000000e+00 0.000000e+00 2.836842e-87 2.384207e-84 9.771715e-82 2.602661e-79 5.064845e-77 7.676065e-75 9.430180e-73 9.650786e-71 8.390761e-69 6.289519e-67 4.110655e-65 2.363283e-63 1.203564e-61 5.460044e-60 2.216344e-58 8.078684e-57 2.651733e-55 7.855100e-54 2.103360e-52 5.096921e-51 1.118484e-49 2.223239e-48 4.002212e-47 6.520871e-46 9.605854e-45 1.277324e-43 1.529855e-42 1.645562e-41 1.583468e-40 1.356062e-39 1.026170e-38 6.791117e-38 3.867656e-37 1.842623e-36 6.910555e-36 1.682586e-35 -5.443777e-36 -3.346780e-34 -2.200534e-33 -9.564394e-33 -3.173138e-32 -8.341361e-32 -1.747971e-31 -2.885983e-31 -3.629992e-31 -3.178891e-31 -1.280540e-31 1.280540e-31 3.178891e-31 3.629992e-31 2.885983e-31 1.747971e-31 8.341361e-32 3.173138e-32 9.564394e-33 2.200534e-33 3.346780e-34 5.443777e-36 -1.682586e-35 -6.910555e-36 -1.842623e-36 -3.867656e-37 -6.791117e-38 -1.026170e-38 -1.356062e-39 -1.583468e-40 -1.645562e-41 -1.529855e-42 -1.277324e-43 -9.605854e-45 -6.520871e-46 -4.002212e-47 -2.223239e-48 -1.118484e-49 -5.096921e-51 -2.103360e-52 -7.855100e-54 -2.651733e-55 -8.078684e-57 -2.216344e-58 -5.460044e-60 -1.203564e-61 -2.363283e-63 -4.110655e-65 -6.289519e-67 -8.390761e-69 -9.650786e-71 -9.430180e-73 -7.676065e-75 -5.064845e-77 -2.602661e-79 -9.771715e-82 -2.384207e-84 -2.836842e-87 0.000000e+00 0.000000e+00 0.000000e+00 0.000000e+00 0.000000e+00 0.000000e+00 0.000000e+00 0.000000e+00 0.000000e+00 0.000000e+00 0.000000e+00
0.000000e+00 0.000000e+00 0.000000e+00 0.000000e+00 0.000000e+00 0.000000e+00 0.000000e+00 0.000000e+00 0.000000e+00 0.000000e+00 4.050220e-85 3.471403e-82 1.451610e-79 3.946608e-77 7.843656e-75 1.214691e-72 1.525671e-70 1.597229e-68 1.421450e-66 1.091310e-64 7.310204e-63 4.310467e-61 2.253127e-59 1.049918e-57 4.381190e-56 1.643101e-54 5.554143e-53 1.695982e-51 4.686085e-50 1.173017e-48 2.662133e-47 5.479330e-46 1.022720e-44 1.730182e-43 2.650376e-42 3.670785e-41 4.587133e-40 5.157386e-39 5.197301e-38 4.670362e-37 3.715526e-36 2.589286e-35 1.554057e-34 7.789294e-34 3.041475e-33 7.241779e-33 -9.895477e-33 -2.329958e-31 -1.583347e-30 -7.473835e-30 -2.754929e-29 -8.203758e-29 -1.990417e-28 -3.917628e-28 -6.157428e-28 -7.462476e-28 -6.373078e-28 -2.534841e-28 2.534841e-28 6.373078e-28 7.462476e-28 6.157428e-28 3.917628e-28 1.990417e-28 8.203758e-29 2.754929e-29 7.473835e-30 1.583347e-30 2.329958e-31 9.895477e-33 -7.241779e-33 -3.041475e-33 -7.789294e-34 -1.554057e-34 -2.589286e-35 -3.715526e-36 -4.670362e-37 -5.197301e-38 -5.157386e-39 -4.587133e-40 -3.670785e-41 -2.650376e-42 -1.730182e-43 -1.022720e-44 -5.479330e-46 -2.662133e-47 -1.173017e-48 -4.686085e-50 -1.695982e-51 -5.554143e-53 -1.643101e-54 -4.381190e-56 -1.049918e-57 -2.253127e-59 -4.310467e-61 -7.310204e-63 -1.091310e-64 -1.421450e-66 -1.597229e-68 -1.525671e-70 -1.214691e-72 -7.843656e-75 -3.946608e-77 -1.451610e-79 -3.471403e-82 -4.050220e-85 0.000000e+00 0.000000e+00 0.000000e+00 0.000000e+00 0.000000e+00 0.000000e+00 0.000000e+00 0.000000e+00 0.000000e+00 0.000000e+00
0.000000e+00 0.000000e+00 0.000000e+00 0.000000e+00 0.000000e+00 0.000000e+00 0.000000e+00 0.000000e+00 0.000000e+00 1.118744e-83 9.773834e-81 4.167822e-78 1.156066e-75 2.345228e-73 3.709011e-71 4.759999e-69 5.094538e-67 4.637770e-65 3.644395e-63 2.500227e-61 1.510887e-59 8.099365e-58 3.873406e-56 1.660099e-54 6.399702e-53 2.225540e-51 6.997661e-50 1.992822e-48 5.146696e-47 1.206385e-45 2.567503e-44 4.961300e-43 8.700552e-42 1.383492e-40 1.991943e-39 2.591672e-38 3.038748e-37 3.198894e-36 3.007905e-35 2.507942e-34 1.834013e-33 1.155406e-32 6.063270e-32 2.447302e-31 5.540323e-31 -1.645348e-30 -2.843168e-29 -2.006546e-28 -1.021005e-27 -4.131397e-27 -1.371094e-26 -3.767564e-26 -8.565809e-26 -1.598348e-25 -2.406215e-25 -2.821691e-25 -2.356404e-25 -9.266674e-26 9.266674e-26 2.356404e-25 2.821691e-25 2.406215e-25 1.598348e-25 8.565809e-26 3.767564e-26 1.371094e-26 4.131397e-27 1.021005e-27 2.006546e-28 2.843168e-29 1.645348e-30 -5.540323e-31 -2.447302e-31 -6.063270e-32 -1.155406e-32 -1.834013e-33 -2.507942e-34 -3.007905e-35 -3.198894e-36 -3.038748e-37 -2.591672e-38 -1.991943e-39 -1.383492e-40 -8.700552e-42 -4.961300e-43 -2.567503e-44 -1.206385e-45 -5.146696e-47 -1.992822e-48 -6.997661e-50 -2.225540e-51 -6.399702e-53 -1.660099e-54 -3.873406e-56 -8.099365e-58 -1.510887e-59 -2.500227e-61 -3.644395e-63 -4.637770e-65 -5.094538e-67 -4.759999e-69 -3.709011e-71 -2.345228e-73 -1.156066e-75 -4.167822e-78 -9.773834e-81 -1.118744e-83 0.000000e+00 0.000000e+00 0.000000e+00 0.000000e+00 0.000000e+00 0.000000e+00 0.000000e+00 0.000000e+00 0.000000e+00
0.000000e+00 0.000000e+00 0.000000e+00 0.000000e+00 0.000000e+00 0.000000e+00 0.000000e+00 0.000000e+00 4.997135e-83 4.449053e-80 1.934231e-77 5.472309e-75 1.132824e-72 1.829086e-70 2.397727e-68 2.622661e-66 2.441344e-64 1.962801e-62 1.378546e-60 8.533697e-59 4.689266e-57 2.300357e-55 1.012044e-53 4.007933e-52 1.432982e-50 4.636306e-49 1.359853e-47 3.620506e-46 8.757535e-45 1.925428e-43 3.847912e-42 6.987369e-41 1.151958e-39 1.721940e-38 2.329288e-37 2.843733e-36 3.121864e-35 3.065957e-34 2.673799e-33 2.047358e-32 1.350702e-31 7.402740e-31 3.078919e-30 6.487093e-30 -3.413630e-29 -5.176569e-28 -3.816183e-27 -2.084345e-26 -9.182882e-26 -3.357810e-25 -1.029225e-24 -2.647873e-24 -5.693591e-24 -1.013615e-23 -1.468338e-23 -1.671679e-23 -1.368201e-23 -5.325941e-24 5.325941e-24 1.368201e-23 1.671679e-23 1.468338e-23 1.013615e-23 5.693591e-24 2.647873e-24 1.029225e-24 3.357810e-25 9.182882e-26 2.084345e-26 3.816183e-27 5.176569e-28 3.413630e-29 -6.487093e-30 -3.078919e-30 -7.402740e-31 -1.350702e-31 -2.047358e-32 -2.673799e-33 -3.065957e-34 -3.121864e-35 -2.843733e-36 -2.329288e-37 -1.721940e-38 -1.151958e-39 -6.987369e-41 -3.847912e-42 -1.925428e-43 -8.757535e-45 -3.620506e-46 -1.359853e-47 -4.636306e-49 -1.432982e-50 -4.007933e-52 -1.012044e-53 -2.300357e-55 -4.689266e-57 -8.533697e-59 -1.378546e-60 -1.962801e-62 -2.441344e-64 -2.622661e-66 -2.397727e-68 -1.829086e-70 -1.132824e-72 -5.472309e-75 -1.934231e-77 -4.449053e-80 -4.997135e-83 0.000000e+00 0.000000e+00 0.000000e+00 0.000000e+00 0.000000e+00 0.000000e+00 0.000000e+00 0.000000e+00
0.000000e+00 0.000000e+00 0.000000e+00 0.000000e+00 0.000000e+00 0.000000e+00 0.000000e+00 6.082680e-83 5.655592e-80 2.508210e-77 7.242007e-75 1.530663e-72 2.524550e-70 3.382169e-68 3.782736e-66 3.602414e-64 2.964727e-62 2.132691e-60 1.353035e-58 7.624676e-57 3.838404e-55 1.734215e-53 7.058262e-52 2.595586e-50 8.644643e-49 2.612348e-47 7.172633e-46 1.790988e-44 4.069086e-43 8.412788e-42 1.582308e-40 2.705370e-39 4.199591e-38 5.907898e-37 7.512398e-36 8.603524e-35 8.829151e-34 8.059198e-33 6.468930e-32 4.478517e-31 2.574439e-30 1.115256e-29 2.282530e-29 -1.662297e-28 -2.490104e-27 -1.945308e-26 -1.143123e-25 -5.470353e-25 -2.191853e-24 -7.430719e-24 -2.137033e-23 -5.203579e-23 -1.066811e-22 -1.823542e-22 -2.554784e-22 -2.834802e-22 -2.280035e-22 -8.797452e-23 8.797452e-23 2.280035e-22 2.834802e-22 2.554784e-22 1.823542e-22 1.066811e-22 5.203579e-23 2.137033e-23 7.430719e-24 2.191853e-24 5.470353e-25 1.143123e-25 1.945308e-26 2.490104e-27 1.662297e-28 -2.282530e-29 -1.115256e-29 -2.574439e-30 -4.478517e-31 -6.468930e-32 -8.059198e-33 -8.829151e-34 -8.603524e-35 -7.512398e-36 -5.907898e-37 -4.199591e-38 -2.705370e-39 -1.582308e-40 -8.412788e-42 -4.069086e-43 -1.790988e-44 -7.172633e-46 -2.612348e-47 -8.644643e-49 -2.595586e-50 -7.058262e-52 -1.734215e-53 -3.838404e-55 -7.624676e-57 -1.353035e-58 -2.132691e-60 -2.964727e-62 -3.602414e-64 -3.782736e-66 -3.382169e-68 -2.524550e-70 -1.530663e-72 -7.242007e-75 -2.508210e-77 -5.655592e-80 -6.082680e-83 0.000000e+00 0.000000e+00 0.000000e+00 0.000000e+00 0.000000e+00 0.000000e+00 0.000000e+00
0.000000e+00 0.000000e+00 0.000000e+00 0.000000e+00 0.000000e+00 0.000000e+00 3.023824e-83 5.523207e-80 2.559272e-77 7.543224e-75 1.628217e-72 2.743777e-70 3.757492e-68 4.297953e-66 4.188193e-64 3.528827e-62 2.600354e-60 1.690949e-58 9.773066e-57 5.049319e-55 2.342918e-53 9.800300e-52 3.706782e-50 1.270808e-48 3.956458e-47 1.120185e-45 2.887064e-44 6.777283e-43 1.449319e-41 2.822805e-40 5.003985e-39 8.064258e-38 1.179411e-36 1.561467e-35 1.864837e-34 1.999041e-33 1.909381e-32 1.606568e-31 1.167813e-30 7.055216e-30 3.205136e-29 6.632642e-29 -5.810940e-28 -8.993794e-27 -7.485500e-26 -4.728565e-25 -2.449175e-24 -1.069361e-23 -3.979624e-23 -1.266876e-22 -3.448062e-22 -7.996689e-22 -1.570832e-21 -2.588398e-21 -3.518528e-21 -3.814737e-21 -3.020381e-21 -1.156201e-21 1.156201e-21 3.020381e-21 3.814737e-21 3.518528e-21 2.588398e-21 1.570832e-21 7.996689e-22 3.448062e-22 1.266876e-22 3.979624e-23 1.069361e-23 2.449175e-24 4.728565e-25 7.485500e-26 8.993794e-27 5.810940e-28 -6.632642e-29 -3.205136e-29 -7.055216e-30 -1.167813e-30 -1.606568e-31 -1.909381e-32 -1.999041e-33 -1.864837e-34 -1.561467e-35 -1.179411e-36 -8.064258e-38 -5.003985e-39 -2.822805e-40 -1.449319e-41 -6.777283e-43 -2.887064e-44 -1.120185e-45 -3.956458e-47 -1.270808e-48 -3.706782e-50 -9.800300e-52 -2.342918e-53 -5.049319e-55 -9.773066e-57 -1.690949e-58 -2.600354e-60 -3.528827e-62 -4.188193e-64 -4.297953e-66 -3.757492e-68 -2.743777e-70 -1.628217e-72 -7.543224e-75 -2.559272e-77 -5.523207e-80 -3.023824e-83 0.000000e+00 0.000000e+00 0.000000e+00 0.000000e+00 0.000000e+00 0.000000e+00
0.000000e+00 0.000000e+00 0.000000e+00 0.000000e+00 0.000000e+00 2.782087e-84 2.694345e-80 2.449980e-77 7.543223e-75 1.662144e-72 2.860556e-70 4.002599e-68 4.680086e-66 4.664250e-64 4.021361e-62 3.033873e-60 2.020989e-58 1.197266e-56 6.344385e-55 3.021310e-53 1.297950e-51 5.045584e-50 1.779189e-48 5.701997e-47 1.663257e-45 4.420458e-44 1.071084e-42 2.366627e-41 4.767746e-40 8.752109e-39 1.462365e-37 2.220320e-36 3.055921e-35 3.799671e-34 4.247123e-33 4.236763e-32 3.729207e-31 2.840007e-30 1.799195e-29 8.554711e-29 1.789802e-28 -1.850454e-27 -2.966758e-26 -2.621758e-25 -1.771921e-24 -9.876762e-24 -4.667638e-23 -1.891765e-22 -6.603605e-22 -1.986225e-21 -5.137439e-21 -1.138269e-20 -2.147432e-20 -3.417602e-20 -4.514639e-20 -4.788476e-20 -3.735478e-20 -1.419275e-20 1.419275e-20 3.735478e-20 4.788476e-20 4.514639e-20 3.417602e-20 2.147432e-20 1.138269e-20 5.137439e-21 1.986225e-21 6.603605e-22 1.891765e-22 4.667638e-23 9.876762e-24 1.771921e-24 2.621758e-25 2.966758e-26 1.850454e-27 -1.789802e-28 -8.554711e-29 -1.799195e-29 -2.840007e-30 -3.729207e-31 -4.236763e-32 -4.247123e-33 -3.799671e-34 -3.055921e-35 -2.220320e-36 -1.462365e-37 -8.752109e-39 -4.767746e-40 -2.366627e-41 -1.071084e-42 -4.420458e-44 -1.663257e-45 -5.701997e-47 -1.779189e-48 -5.045584e-50 -1.297950e-51 -3.021310e-53 -6.344385e-55 -1.197266e-56 -2.020989e-58 -3.033873e-60 -4.021361e-62 -4.664250e-64 -4.680086e-66 -4.002599e-68 -2.860556e-70 -1.662144e-72 -7.543223e-75 -2.449980e-77 -2.694345e-80 -2.782087e-84 0.000000e+00 0.000000e+00 0.000000e+00 0.000000e+00 0.000000e+00
0.000000e+00 0.000000e+00 0.000000e+00 0.000000e+00 4.359630e-86 2.432971e-81 1.172321e-77 7.075271e-75 1.628217e-72 2.860556e-70 4.087778e-68 4.883616e-66 4.975281e-64 4.387040e-62 3.386750e-60 2.309785e-58 1.401736e-56 7.613613e-55 3.718713e-53 1.639592e-51 6.545883e-50 2.372317e-48 7.819932e-47 2.348069e-45 6.429304e-44 1.606411e-42 3.663648e-41 7.625833e-40 1.447916e-38 2.505173e-37 3.943434e-36 5.634253e-35 7.282262e-34 8.473511e-33 8.812478e-32 8.098942e-31 6.448845e-30 4.275229e-29 2.123525e-28 4.489992e-28 -5.397118e-27 -8.973190e-26 -8.393086e-25 -6.043607e-24 -3.607364e-23 -1.834637e-22 -8.044104e-22 -3.055216e-21 -1.006285e-20 -2.871043e-20 -7.077180e-20 -1.501262e-19 -2.724877e-19 -4.194637e-19 -5.391548e-19 -5.600101e-19 -4.307287e-19 -1.624918e-19 1.624918e-19 4.307287e-19 5.600101e-19 5.391548e-19 4.194637e-19 2.724877e-19 1.501262e-19 7.077180e-20 2.871043e-20 1.006285e-20 3.055216e-21 8.044104e-22 1.834637e-22 3.607364e-23 6.043607e-24 8.393086e-25 8.973190e-26 5.397118e-27 -4.489992e-28 -2.123525e-28 -4.275229e-29 -6.448845e-30 -8.098942e-31 -8.812478e-32 -8.473511e-33 -7.282262e-34 -5.634253e-35 -3.943434e-36 -2.505173e-37 -1.447916e-38 -7.625833e-40 -3.663648e-41 -1.606411e-42 -6.429304e-44 -2.348069e-45 -7.819932e-47 -2.372317e-48 -6.545883e-50 -1.639592e-51 -3.718713e-53 -7.613613e-55 -1.401736e-56 -2.309785e-58 -3.386750e-60 -4.387040e-62 -4.975281e-64 -4.883616e-66 -4.087778e-68 -2.860556e-70 -1.628217e-72 -7.075271e-75 -1.172321e-77 -2.432971e-81 -4.359630e-86 0.000000e+00 0.000000e+00 0.000000e+00 0.000000e+00
0.000000e+00 0.000000e+00 0.000000e+00 1.523556e-88 3.740358e-83 1.038522e-78 3.319429e-75 1.495717e-72 2.743776e-70 4.002599e-68 4.883616e-66 5.083467e-64 4.582072e-62 3.617730e-60 2.524710e-58 1.568656e-56 8.728100e-55 4.369649e-53 1.975991e-51 8.096484e-50 3.013551e-48 1.020941e-46 3.153054e-45 8.887031e-44 2.287655e-42 5.379958e-41 1.155837e-39 2.267429e-38 4.057635e-37 6.613721e-36 9.796342e-35 1.314317e-33 1.589576e-32 1.720679e-31 1.648233e-30 1.369684e-29 9.484031e-29 4.912695e-28 1.049672e-27 -1.448165e-26 -2.497960e-25 -2.465995e-24 -1.884898e-23 -1.199580e-22 -6.533018e-22 -3.081311e-21 -1.265090e-20 -4.528536e-20 -1.412647e-19 -3.833221e-19 -9.022705e-19 -1.835322e-18 -3.209218e-18 -4.784149e-18 -5.989456e-18 -6.097331e-18 -4.626606e-18 -1.733524e-18 1.733524e-18 4.626606e-18 6.097331e-18 5.989456e-18 4.784149e-18 3.209218e-18 1.835322e-18 9.022705e-19 3.833221e-19 1.412647e-19 4.528536e-20 1.265090e-20 3.081311e-21 6.533018e-22 1.199580e-22 1.884898e-23 2.465995e-24 2.497960e-25 1.448165e-26 -1.049672e-27 -4.912695e-28 -9.484031e-29 -1.369684e-29 -1.648233e-30 -1.720679e-31 -1.589576e-32 -1.314317e-33 -9.796342e-35 -6.613721e-36 -4.057635e-37 -2.267429e-38 -1.155837e-39 -5.379958e-41 -2.287655e-42 -8.887031e-44 -3.153054e-45 -1.020941e-46 -3.013551e-48 -8.096484e-50 -1.975991e-51 -4.369649e-53 -8.728100e-55 -1.568656e-56 -2.524710e-58 -3.617730e-60 -4.582072e-62 -5.083467e-64 -4.883616e-66 -4.002599e-68 -2.743776e-70 -1.495717e-72 -3.319429e-75 -1.038522e-78 -3.740358e-83 -1.523556e-88 0.000000e+00 0.000000e+00 0.000000e+00
0.000000e+00 0.000000e+00 1.526124e-91 1.281734e-85 1.565663e-80 2.883547e-76 6.877213e-73 2.467401e-70 3.757488e-68 4.680086e-66 4.975281e-64 4.582072e-62 3.698146e-60 2.639501e-58 1.678127e-56 9.559565e-55 4.902662e-53 2.272451e-51 9.549936e-50 3.648047e-48 1.269283e-46 4.028831e-45 1.167951e-43 3.094761e-42 7.498116e-41 1.661097e-39 3.363325e-38 6.218410e-37 1.048295e-35 1.607754e-34 2.236077e-33 2.806967e-32 3.157791e-31 3.147690e-30 2.725241e-29 1.967524e-28 1.061212e-27 2.291696e-27 -3.587819e-26 -6.421090e-25 -6.673203e-24 -5.396729e-23 -3.648145e-22 -2.118399e-21 -1.069548e-20 -4.720604e-20 -1.824902e-19 -6.178782e-19 -1.829934e-18 -4.730880e-18 -1.064780e-17 -2.079279e-17 -3.506259e-17 -5.066623e-17 -6.183452e-17 -6.173817e-17 -4.623856e-17 -1.721163e-17 1.721163e-17 4.623856e-17 6.173817e-17 6.183452e-17 5.066623e-17 3.506259e-17 2.079279e-17 1.064780e-17 4.730880e-18 1.829934e-18 6.178782e-19 1.824902e-19 4.720604e-20 1.069548e-20 2.118399e-21 3.648145e-22 5.396729e-23 6.673203e-24 6.421090e-25 3.587819e-26 -2.291696e-27 -1.061212e-27 -1.967524e-28 -2.725241e-29 -3.147690e-30 -3.157791e-31 -2.806967e-32 -2.236077e-33 -1.607754e-34 -1.048295e-35 -6.218410e-37 -3.363325e-38 -1.661097e-39 -7.498116e-41 -3.094761e-42 -1.167951e-43 -4.028831e-45 -1.269283e-46 -3.648047e-48 -9.549936e-50 -2.272451e-51 -4.902662e-53 -9.559565e-55 -1.678127e-56 -2.639501e-58 -3.698146e-60 -4.582072e-62 -4.975281e-64 -4.680086e-66 -3.757488e-68 -2.467401e-70 -6.877213e-73 -2.883547e-76 -1.565663e-80 -1.281734e-85 -1.526124e-91 0.000000e+00 0.000000e+00
0.000000e+00 5.299796e-95 1.258260e-88 5.258462e-83 4.261038e-78 5.855592e-74 1.111332e-70 3.306262e-68 4.297948e-66 4.664250e-64 4.387040e-62 3.617730e-60 2.639501e-58 1.716277e-56 1.000431e-54 5.252934e-53 2.494199e-51 1.074387e-49 4.209340e-48 1.503103e-46 4.899861e-45 1.459879e-43 3.978659e-42 9.922629e-41 2.264652e-39 4.728181e-38 9.022617e-37 1.571436e-35 2.492576e-34 3.589314e-33 4.670471e-32 5.452888e-31 5.647806e-30 5.086584e-29 3.822901e-28 2.143961e-27 4.681403e-27 -8.232365e-26 -1.528383e-24 -1.668273e-23 -1.423300e-22 -1.018544e-21 -6.282324e-21 -3.380912e-20 -1.596475e-19 -6.629209e-19 -2.421282e-18 -7.771790e-18 -2.188733e-17 -5.397316e-17 -1.162642e-16 -2.181406e-16 -3.550213e-16 -4.976528e-16 -5.924719e-16 -5.805088e-16 -4.293028e-16 -1.587899e-16 1.587899e-16 4.293028e-16 5.805088e-16 5.924719e-16 4.976528e-16 3.550213e-16 2.181406e-16 1.162642e-16 5.397316e-17 2.188733e-17 7.771790e-18 2.421282e-18 6.629209e-19 1.596475e-19 3.380912e-20 6.282324e-21 1.018544e-21 1.423300e-22 1.668273e-23 1.528383e-24 8.232365e-26 -4.681403e-27 -2.143961e-27 -3.822901e-28 -5.086584e-29 -5.647806e-30 -5.452888e-31 -4.670471e-32 -3.589314e-33 -2.492576e-34 -1.571436e-35 -9.022617e-37 -4.728181e-38 -2.264652e-39 -9.922629e-41 -3.978659e-42 -1.459879e-43 -4.899861e-45 -1.503103e-46 -4.209340e-48 -1.074387e-49 -2.494199e-51 -5.252934e-53 -1.000431e-54 -1.716277e-56 -2.639501e-58 -3.617730e-60 -4.387040e-62 -4.664250e-64 -4.297948e-66 -3.306262e-68 -1.111332e-70 -5.855592e-74 -4.261038e-78 -5.258462e-83 -1.258260e-88 -5.299796e-95 0.000000e+00
7.357530e-99 4.279931e-92 5.056641e-86 1.401981e-80 8.477277e-76 9.270188e-72 1.458049e-68 3.698577e-66 4.188186e-64 4.021361e-62 3.386750e-60 2.524710e-58 1.678127e-56 1.000431e-54 5.375123e-53 2.612994e-51 1.153013e-49 4.630314e-48 1.695813e-46 5.673464e-45 1.736017e-43 4.862496e-42 1.247279e-40 2.930214e-39 6.302580e-38 1.240134e-36 2.229210e-35 3.652995e-34 5.440124e-33 7.328687e-32 8.868452e-31 9.531221e-30 8.916665e-29 6.966025e-28 4.056860e-27 8.962637e-27 -1.753961e-25 -3.376805e-24 -3.863066e-23 -3.467817e-22 -2.619279e-21 -1.710291e-20 -9.774128e-20 -4.917248e-19 -2.182981e-18 -8.556092e-18 -2.958817e-17 -9.015926e-17 -2.416763e-16 -5.688584e-16 -1.173495e-15 -2.116697e-15 -3.326739e-15 -4.526321e-15 -5.259640e-15 -5.059604e-15 -3.695895e-15 -1.358611e-15 1.358611e-15 3.695895e-15 5.059604e-15 5.259640e-15 4.526321e-15 3.326739e-15 2.116697e-15 1.173495e-15 5.688584e-16 2.416763e-16 9.015926e-17 2.958817e-17 8.556092e-18 2.182981e-18 4.917248e-19 9.774128e-20 1.710291e-20 2.619279e-21 3.467817e-22 3.863066e-23 3.376805e-24 1.753961e-25 -8.962637e-27 -4.056860e-27 -6.966025e-28 -8.916665e-29 -9.531221e-30 -8.868452e-31 -7.328687e-32 -5.440124e-33 -3.652995e-34 -2.229210e-35 -1.240134e-36 -6.302580e-38 -2.930214e-39 -1.247279e-40 -4.862496e-42 -1.736017e-43 -5.673464e-45 -1.695813e-46 -4.630314e-48 -1.153013e-49 -2.612994e-51 -5.375123e-53 -1.000431e-54 -1.678127e-56 -2.524710e-58 -3.386750e-60 -4.021361e-62 -4.188186e-64 -3.698577e-66 -1.458049e-68 -9.270188e-72 -8.477277e-76 -1.401981e-80 -5.056641e-86 -4.279931e-92 -7.357530e-99
5.816384e-96 1.683858e-89 1.319949e-83 2.731057e-78 1.314176e-73 1.190929e-69 1.596175e-66 3.522973e-64 3.528820e-62 3.033873e-60 2.309785e-58 1.568656e-56 9.559565e-55 5.252934e-53 2.612994e-51 1.180469e-49 4.856204e-48 1.823001e-46 6.255314e-45 1.964397e-43 5.650742e-42 1.489679e-40 3.599479e-39 7.969212e-38 1.615422e-36 2.994140e-35 5.063807e-34 7.790535e-33 1.085320e-31 1.359597e-30 1.514273e-29 1.469556e-28 1.191785e-27 7.198975e-27 1.610558e-26 -3.477511e-25 -6.939692e-24 -8.304620e-23 -7.825486e-22 -6.221763e-21 -4.287950e-20 -2.593649e-19 -1.385077e-18 -6.547230e-18 -2.741279e-17 -1.016155e-16 -3.331138e-16 -9.643352e-16 -2.461559e-15 -5.532415e-15 -1.093298e-14 -1.896518e-14 -2.879637e-14 -3.804624e-14 -4.316955e-14 -4.078640e-14 -2.943609e-14 -1.075552e-14 1.075552e-14 2.943609e-14 4.078640e-14 4.316955e-14 3.804624e-14 2.879637e-14 1.896518e-14 1.093298e-14 5.532415e-15 2.461559e-15 9.643352e-16 3.331138e-16 1.016155e-16 2.741279e-17 6.547230e-18 1.385077e-18 2.593649e-19 4.287950e-20 6.221763e-21 7.825486e-22 8.304620e-23 6.939692e-24 3.477511e-25 -1.610558e-26 -7.198975e-27 -1.191785e-27 -1.469556e-28 -1.514273e-29 -1.359597e-30 -1.085320e-31 -7.790535e-33 -5.063807e-34 -2.994140e-35 -1.615422e-36 -7.969212e-38 -3.599479e-39 -1.489679e-40 -5.650742e-42 -1.964397e-43 -6.255314e-45 -1.823001e-46 -4.856204e-48 -1.180469e-49 -2.612994e-51 -5.252934e-53 -9.559565e-55 -1.568656e-56 -2.309785e-58 -3.033873e-60 -3.528820e-62 -3.522973e-64 -1.596175e-66 -1.190929e-69 -1.314176e-73 -2.731057e-78 -1.319949e-83 -1.683858e-89 -5.816384e-96
2.238899e-93 4.300779e-87 2.516099e-81 4.143302e-76 1.652352e-71 1.275959e-67 1.487090e-64 2.899933e-62 2.600347e-60 2.020989e-58 1.401736e-56 8.728100e-55 4.902662e-53 2.494199e-51 1.153013e-49 4.856204e-48 1.867465e-46 6.568056e-45 2.115476e-43 6.245360e-42 1.690886e-40 4.198960e-39 9.561485e-38 1.995024e-36 3.809326e-35 6.642745e-34 1.054706e-32 1.517862e-31 1.966195e-30 2.266720e-29 2.279136e-28 1.916320e-27 1.199327e-26 2.719948e-26 -6.428085e-25 -1.328994e-23 -1.660693e-22 -1.639144e-21 -1.368500e-20 -9.928043e-20 -6.337130e-19 -3.580612e-18 -1.795706e-17 -7.999762e-17 -3.164752e-16 -1.110686e-15 -3.453497e-15 -9.500496e-15 -2.309527e-14 -4.956509e-14 -9.383761e-14 -1.565683e-13 -2.297267e-13 -2.948241e-13 -3.267509e-13 -3.032825e-13 -2.163007e-13 -7.856485e-14 7.856485e-14 2.163007e-13 3.032825e-13 3.267509e-13 2.948241e-13 2.297267e-13 1.565683e-13 9.383761e-14 4.956509e-14 2.309527e-14 9.500496e-15 3.453497e-15 1.110686e-15 3.164752e-16 7.999762e-17 1.795706e-17 3.580612e-18 6.337130e-19 9.928043e-20 1.368500e-20 1.639144e-21 1.660693e-22 1.328994e-23 6.428085e-25 -2.719948e-26 -1.199327e-26 -1.916320e-27 -2.279136e-28 -2.266720e-29 -1.966195e-30 -1.517862e-31 -1.054706e-32 -6.642745e-34 -3.809326e-35 -1.995024e-36 -9.561485e-38 -4.198960e-39 -1.690886e-40 -6.245360e-42 -2.115476e-43 -6.568056e-45 -1.867465e-46 -4.856204e-48 -1.153013e-49 -2.494199e-51 -4.902662e-53 -8.728100e-55 -1.401736e-56 -2.020989e-58 -2.600347e-60 -2.899933e-62 -1.487090e-64 -1.275959e-67 -1.652352e-71 -4.143302e-76 -2.516099e-81 -4.300779e-87 -2.238899e-93
5.591740e-91 8.017202e-85 3.733233e-79 5.095363e-74 1.731679e-69 1.162785e-65 1.196628e-62 2.086506e-60 1.690944e-58 1.197266e-56 7.613613e-55 4.369649e-53 2.272451e-51 1.074387e-49 4.630314e-48 1.823001e-46 6.568056e-45 2.168353e-43 6.565532e-42 1.824311e-40 4.652585e-39 1.088820e-37 2.336594e-36 4.592301e-35 8.249670e-34 1.350529e-32 2.005775e-31 2.683866e-30 3.199109e-29 3.328829e-28 2.898492e-27 1.877613e-26 4.321960e-26 -1.109562e-24 -2.375394e-23 -3.094469e-22 -3.193025e-21 -2.793207e-20 -2.127911e-19 -1.429539e-18 -8.521135e-18 -4.519426e-17 -2.134771e-16 -8.978427e-16 -3.359172e-15 -1.116600e-14 -3.293173e-14 -8.607473e-14 -1.992187e-13 -4.081511e-13 -7.401629e-13 -1.187805e-12 -1.684275e-12 -2.099947e-12 -2.273674e-12 -2.073593e-12 -1.461617e-12 -5.277785e-13 5.277785e-13 1.461617e-12 2.073593e-12 2.273674e-12 2.099947e-12 1.684275e-12 1.187805e-12 7.401629e-13 4.081511e-13 1.992187e-13 8.607473e-14 3.293173e-14 1.116600e-14 3.359172e-15 8.978427e-16 2.134771e-16 4.519426e-17 8.521135e-18 1.429539e-18 2.127911e-19 2.793207e-20 3.193025e-21 3.094469e-22 2.375394e-23 1.109562e-24 -4.321960e-26 -1.877613e-26 -2.898492e-27 -3.328829e-28 -3.199109e-29 -2.683866e-30 -2.005775e-31 -1.350529e-32 -8.249670e-34 -4.592301e-35 -2.336594e-36 -1.088820e-37 -4.652585e-39 -1.824311e-40 -6.565532e-42 -2.168353e-43 -6.568056e-45 -1.823001e-46 -4.630314e-48 -1.074387e-49 -2.272451e-51 -4.369649e-53 -7.613613e-55 -1.197266e-56 -1.690944e-58 -2.086506e-60 -1.196628e-62 -1.162785e-65 -1.731679e-69 -5.095363e-74 -3.733233e-79 -8.017202e-85 -5.591740e-91
1.018684e-88 1.162606e-82 4.487490e-77 5.219986e-72 1.542749e-67 9.147016e-64 8.411696e-61 1.324006e-58 9.773030e-57 6.344385e-55 3.718713e-53 1.975991e-51 9.549936e-50 4.209340e-48 1.695813e-46 6.255314e-45 2.115476e-43 6.565532e-42 1.871066e-40 4.897291e-39 1.177021e-37 2.595897e-36 5.247293e-35 9.702490e-34 1.636248e-32 2.505521e-31 3.459657e-30 4.259404e-29 4.581791e-28 4.126970e-27 2.764596e-26 6.467913e-26 -1.790879e-24 -3.967942e-23 -5.380882e-22 -5.794069e-21 -5.300191e-20 -4.230783e-19 -2.984251e-18 -1.871706e-17 -1.046870e-16 -5.226801e-16 -2.329153e-15 -9.255529e-15 -3.275675e-14 -1.031108e-13 -2.883244e-13 -7.155925e-13 -1.575921e-12 -3.080550e-12 -5.348887e-12 -8.254020e-12 -1.130962e-11 -1.369885e-11 -1.449068e-11 -1.298594e-11 -9.046987e-12 -3.247742e-12 3.247742e-12 9.046987e-12 1.298594e-11 1.449068e-11 1.369885e-11 1.130962e-11 8.254020e-12 5.348887e-12 3.080550e-12 1.575921e-12 7.155925e-13 2.883244e-13 1.031108e-13 3.275675e-14 9.255529e-15 2.329153e-15 5.226801e-16 1.046870e-16 1.871706e-17 2.984251e-18 4.230783e-19 5.300191e-20 5.794069e-21 5.380882e-22 3.967942e-23 1.790879e-24 -6.467913e-26 -2.764596e-26 -4.126970e-27 -4.581791e-28 -4.259404e-29 -3.459657e-30 -2.505521e-31 -1.636248e-32 -9.702490e-34 -5.247293e-35 -2.595897e-36 -1.177021e-37 -4.897291e-39 -1.871066e-40 -6.565532e-42 -2.115476e-43 -6.255314e-45 -1.695813e-46 -4.209340e-48 -9.549936e-50 -1.975991e-51 -3.718713e-53 -6.344385e-55 -9.773030e-57 -1.324006e-58 -8.411696e-61 -9.147016e-64 -1.542749e-67 -5.219986e-72 -4.487490e-77 -1.162606e-82 -1.018684e-88
1.442781e-86 1.365018e-80 4.490802e-75 4.543228e-70 1.185717e-65 6.282086e-62 5.211768e-59 7.462649e-57 5.049296e-55 3.021310e-53 1.639592e-51 8.096484e-50 3.648047e-48 1.503103e-46 5.673464e-45 1.964397e-43 6.245360e-42 1.824311e-40 4.897291e-39 1.207967e-37 2.736048e-36 5.683888e-35 1.080913e-33 1.876257e-32 2.959581e-31 4.213276e-30 5.352577e-29 5.946185e-28 5.534967e-27 3.831030e-26 9.123819e-26 -2.705968e-24 -6.201746e-23 -8.742686e-22 -9.807971e-21 -9.364895e-20 -7.817079e-19 -5.776800e-18 -3.803338e-17 -2.237565e-16 -1.177569e-15 -5.543088e-15 -2.331874e-14 -8.755804e-14 -2.930249e-13 -8.728708e-13 -2.312077e-12 -5.443593e-12 -1.139598e-11 -2.123640e-11 -3.528206e-11 -5.232780e-11 -6.926185e-11 -8.148679e-11 -8.420274e-11 -7.414320e-11 -5.105117e-11 -1.821945e-11 1.821945e-11 5.105117e-11 7.414320e-11 8.420274e-11 8.148679e-11 6.926185e-11 5.232780e-11 3.528206e-11 2.123640e-11 1.139598e-11 5.443593e-12 2.312077e-12 8.728708e-13 2.930249e-13 8.755804e-14 2.331874e-14 5.543088e-15 1.177569e-15 2.237565e-16 3.803338e-17 5.776800e-18 7.817079e-19 9.364895e-20 9.807971e-21 8.742686e-22 6.201746e-23 2.705968e-24 -9.123819e-26 -3.831030e-26 -5.534967e-27 -5.946185e-28 -5.352577e-29 -4.213276e-30 -2.959581e-31 -1.876257e-32 -1.080913e-33 -5.683888e-35 -2.736048e-36 -1.207967e-37 -4.897291e-39 -1.824311e-40 -6.245360e-42 -1.964397e-43 -5.673464e-45 -1.503103e-46 -3.648047e-48 -8.096484e-50 -1.639592e-51 -3.021310e-53 -5.049296e-55 -7.462649e-57 -5.211768e-59 -6.282086e-62 -1.185717e-65 -4.543228e-70 -4.490802e-75 -1.365018e-80 -1.442781e-86
1.653397e-84 1.333423e-78 3.815651e-73 3.409125e-68 7.951308e-64 3.800447e-60 2.866453e-57 3.757630e-55 2.342906e-53 1.297950e-51 6.545883e-50 3.013551e-48 1.269283e-46 4.899861e-45 1.736017e-43 5.650742e-42 1.690886e-40 4.652585e-39 1.177021e-37 2.736048e-36 5.837275e-35 1.140847e-33 2.036681e-32 3.306666e-31 4.849059e-30 6.350876e-29 7.279328e-28 6.995898e-27 4.999279e-26 1.214022e-25 -3.831208e-24 -9.078338e-23 -1.328714e-21 -1.550664e-20 -1.542881e-19 -1.344296e-18 -1.038740e-17 -7.163567e-17 -4.422729e-16 -2.447275e-15 -1.213610e-14 -5.389134e-14 -2.140125e-13 -7.588960e-13 -2.399395e-12 -6.755752e-12 -1.692829e-11 -3.775572e-11 -7.503409e-11 -1.331386e-10 -2.114408e-10 -3.011721e-10 -3.848656e-10 -4.396191e-10 -4.436247e-10 -3.837295e-10 -2.610967e-10 -9.263017e-11 9.263017e-11 2.610967e-10 3.837295e-10 4.436247e-10 4.396191e-10 3.848656e-10 3.011721e-10 2.114408e-10 1.331386e-10 7.503409e-11 3.775572e-11 1.692829e-11 6.755752e-12 2.399395e-12 7.588960e-13 2.140125e-13 5.389134e-14 1.213610e-14 2.447275e-15 4.422729e-16 7.163567e-17 1.038740e-17 1.344296e-18 1.542881e-19 1.550664e-20 1.328714e-21 9.078338e-23 3.831208e-24 -1.214022e-25 -4.999279e-26 -6.995898e-27 -7.279328e-28 -6.350876e-29 -4.849059e-30 -3.306666e-31 -2.036681e-32 -1.140847e-33 -5.837275e-35 -2.736048e-36 -1.177021e-37 -4.652585e-39 -1.690886e-40 -5.650742e-42 -1.736017e-43 -4.899861e-45 -1.269283e-46 -3.013551e-48 -6.545883e-50 -1.297950e-51 -2.342906e-53 -3.757630e-55 -2.866453e-57 -3.800447e-60 -7.951308e-64 -3.409125e-68 -3.815651e-73 -1.333423e-78 -1.653397e-84
1.575376e-82 1.105171e-76 2.793228e-71 2.230516e-66 4.693719e-62 2.039578e-58 1.407457e-55 1.698085e-53 9.800241e-52 5.045584e-50 2.372317e-48 1.020941e-46 4.028831e-45 1.459879e-43 4.862496e-42 1.489679e-40 4.198960e-39 1.088820e-37 2.595897e-36 5.683888e-35 1.140847e-33 2.093119e-32 3.495039e-31 5.275235e-30 7.116742e-29 8.408918e-28 8.336622e-27 6.146215e-26 1.524641e-25 -5.086813e-24 -1.245651e-22 -1.890642e-21 -2.292168e-20 -2.372937e-19 -2.154488e-18 -1.737561e-17 -1.252740e-16 -8.099536e-16 -4.701677e-15 -2.450339e-14 -1.145571e-13 -4.797999e-13 -1.797387e-12 -6.012355e-12 -1.793222e-11 -4.764097e-11 -1.127171e-10 -2.376919e-10 -4.476201e-10 -7.550324e-10 -1.144635e-09 -1.564066e-09 -1.927932e-09 -2.136592e-09 -2.104343e-09 -1.787343e-09 -1.201446e-09 -4.236579e-10 4.236579e-10 1.201446e-09 1.787343e-09 2.104343e-09 2.136592e-09 1.927932e-09 1.564066e-09 1.144635e-09 7.550324e-10 4.476201e-10 2.376919e-10 1.127171e-10 4.764097e-11 1.793222e-11 6.012355e-12 1.797387e-12 4.797999e-13 1.145571e-13 2.450339e-14 4.701677e-15 8.099536e-16 1.252740e-16 1.737561e-17 2.154488e-18 2.372937e-19 2.292168e-20 1.890642e-21 1.245651e-22 5.086813e-24 -1.524641e-25 -6.146215e-26 -8.336622e-27 -8.408918e-28 -7.116742e-29 -5.275235e-30 -3.495039e-31 -2.093119e-32 -1.140847e-33 -5.683888e-35 -2.595897e-36 -1.088820e-37 -4.198960e-39 -1.489679e-40 -4.862496e-42 -1.459879e-43 -4.028831e-45 -1.020941e-46 -2.372317e-48 -5.045584e-50 -9.800241e-52 -1.698085e-53 -1.407457e-55 -2.039578e-58 -4.693719e-62 -2.230516e-66 -2.793228e-71 -1.105171e-76 -1.575376e-82
1.272666e-80 7.886368e-75 1.781653e-69 1.283767e-64 2.456240e-60 9.765147e-57 6.197941e-54 6.912722e-52 3.706757e-50 1.779189e-48 7.819932e-47 3.153054e-45 1.167951e-43 3.978659e-42 1.247279e-40 3.599479e-39 9.561485e-38 2.336594e-36 5.247293e-35 1.080913e-33 2.036681e-32 3.495039e-31 5.425381e-30 7.533299e-29 9.168290e-28 9.368795e-27 7.121488e-26 1.808005e-25 -6.337589e-24 -1.603143e-22 -2.520609e-21 -3.170582e-20 -3.410280e-19 -3.221636e-18 -2.707307e-17 -2.036962e-16 -1.376542e-15 -8.365496e-15 -4.571823e-14 -2.245039e-13 -9.892294e-13 -3.904498e-12 -1.377936e-11 -4.340427e-11 -1.218654e-10 -3.047724e-10 -6.791433e-10 -1.350642e-09 -2.404395e-09 -3.847026e-09 -5.556748e-09 -7.272289e-09 -8.634945e-09 -9.273831e-09 -8.906583e-09 -7.423017e-09 -4.927090e-09 -1.726464e-09 1.726464e-09 4.927090e-09 7.423017e-09 8.906583e-09 9.273831e-09 8.634945e-09 7.272289e-09 5.556748e-09 3.847026e-09 2.404395e-09 1.350642e-09 6.791433e-10 3.047724e-10 1.218654e-10 4.340427e-11 1.377936e-11 3.904498e-12 9.892294e-13 2.245039e-13 4.571823e-14 8.365496e-15 1.376542e-15 2.036962e-16 2.707307e-17 3.221636e-18 3.410280e-19 3.170582e-20 2.520609e-21 1.603143e-22 6.337589e-24 -1.808005e-25 -7.121488e-26 -9.368795e-27 -9.168290e-28 -7.533299e-29 -5.425381e-30 -3.495039e-31 -2.036681e-32 -1.080913e-33 -5.247293e-35 -2.336594e-36 -9.561485e-38 -3.599479e-39 -1.247279e-40 -3.978659e-42 -1.167951e-43 -3.153054e-45 -7.819932e-47 -1.779189e-48 -3.706757e-50 -6.912722e-52 -6.197941e-54 -9.765147e-57 -2.456240e-60 -1.283767e-64 -1.781653e-69 -7.886368e-75 -1.272666e-80
8.845138e-79 4.899819e-73 9.989354e-68 6.545219e-63 1.145889e-58 4.190124e-55 2.456892e-52 2.542631e-50 1.270798e-48 5.701997e-47 2.348069e-45 8.887031e-44 3.094761e-42 9.922629e-41 2.930214e-39 7.969212e-38 1.995024e-36 4.592301e-35 9.702490e-34 1.876257e-32 3.306666e-31 5.275235e-30 7.533299e-29 9.436210e-28 9.931375e-27 7.778669e-26 2.025219e-25 -7.412721e-24 -1.936245e-22 -3.150515e-21 -4.106752e-20 -4.583468e-19 -4.498785e-18 -3.933326e-17 -3.083335e-16 -2.174079e-15 -1.380627e-14 -7.896486e-14 -4.064322e-13 -1.879846e-12 -7.799181e-12 -2.896613e-11 -9.610972e-11 -2.843854e-10 -7.495150e-10 -1.758966e-09 -3.679373e-09 -6.877793e-09 -1.153685e-08 -1.745763e-08 -2.396216e-08 -2.996562e-08 -3.420375e-08 -3.553682e-08 -3.323187e-08 -2.714638e-08 -1.777874e-08 -6.188046e-09 6.188046e-09 1.777874e-08 2.714638e-08 3.323187e-08 3.553682e-08 3.420375e-08 2.996562e-08 2.396216e-08 1.745763e-08 1.153685e-08 6.877793e-09 3.679373e-09 1.758966e-09 7.495150e-10 2.843854e-10 9.610972e-11 2.896613e-11 7.799181e-12 1.879846e-12 4.064322e-13 7.896486e-14 1.380627e-14 2.174079e-15 3.083335e-16 3.933326e-17 4.498785e-18 4.583468e-19 4.106752e-20 3.150515e-21 1.936245e-22 7.412721e-24 -2.025219e-25 -7.778669e-26 -9.931375e-27 -9.436210e-28 -7.533299e-29 -5.275235e-30 -3.306666e-31 -1.876257e-32 -9.702490e-34 -4.592301e-35 -1.995024e-36 -7.969212e-38 -2.930214e-39 -9.922629e-41 -3.094761e-42 -8.887031e-44 -2.348069e-45 -5.701997e-47 -1.270798e-48 -2.542631e-50 -2.456892e-52 -4.190124e-55 -1.145889e-58 -6.545219e-63 -9.989354e-68 -4.899819e-73 -8.845138e-79
