0.000000e+00 0.000000e+00 0.000000e+00 0.000000e+00 0.000000e+00 0.000000e+00 0.000000e+00 0.000000e+00 0.000000e+00 0.000000e+00 0.000000e+00 0.000000e+00 0.000000e+00 0.000000e+00 0.000000e+00 0.000000e+00 0.000000e+00 0.000000e+00 0.000000e+00 0.000000e+00 0.000000e+00 0.000000e+00 0.000000e+00 0.000000e+00 0.000000e+00 0.000000e+00 0.000000e+00 0.000000e+00 0.000000e+00 0.000000e+00 0.000000e+00 0.000000e+00 0.000000e+00 0.000000e+00 0.000000e+00 0.000000e+00 0.000000e+00 0.000000e+00 0.000000e+00 0.000000e+00 0.000000e+00 0.000000e+00 0.000000e+00 0.000000e+00 0.000000e+00 0.000000e+00 0.000000e+00 0.000000e+00 0.000000e+00 0.000000e+00 0.000000e+00 0.000000e+00 0.000000e+00 0.000000e+00 0.000000e+00 0.000000e+00 0.000000e+00 0.000000e+00 0.000000e+00 0.000000e+00 0.000000e+00 0.000000e+00 0.000000e+00 0.000000e+00 0.000000e+00 0.000000e+00 0.000000e+00 0.000000e+00 0.000000e+00 0.000000e+00 0.000000e+00 0.000000e+00 0.000000e+00 0.000000e+00 0.000000e+00 0.000000e+00 0.000000e+00 0.000000e+00 0.000000e+00 0.000000e+00 0.000000e+00 0.000000e+00 0.000000e+00 0.000000e+00 0.000000e+00 0.000000e+00 0.000000e+00 0.000000e+00 0.000000e+00 0.000000e+00 0.000000e+00 0.000000e+00 0.000000e+00 0.000000e+00 0.000000e+00 0.000000e+00 0.000000e+00 0.000000e+00 0.000000e+00 0.000000e+00 0.000000e+00 0.000000e+00 0.000000e+00 0.000000e+00 0.000000e+00 0.000000e+00 0.000000e+00 0.000000e+00 0.000000e+00 0.000000e+00 0.000000e+00 0.000000e+00 0.000000e+00 0.000000e+00 0.000000e+00 0.000000e+00
0.000000e+00 0.000000e+00 0.000000e+00 0.000000e+00 0.000000e+00 0.000000e+00 3.867308e-103 7.141706e-100 3.348279e-97 9.993047e-95 2.185955e-92 3.736196e-90 5.194082e-88 6.036665e-86 5.982762e-84 5.131963e-82 3.854160e-80 2.557231e-78 1.509896e-76 7.979981e-75 3.793170e-73 1.627937e-71 6.328288e-70 2.233921e-68 7.175979e-67 2.101035e-65 5.613847e-64 1.370076e-62 3.055777e-61 6.230024e-60 1.160937e-58 1.976504e-57 3.072047e-56 4.354175e-55 5.618903e-54 6.588111e-53 6.999216e-52 6.713690e-51 5.786545e-50 4.452053e-49 3.028522e-48 1.794400e-47 9.018497e-47 3.633193e-46 9.846400e-46 -3.753562e-47 -2.119679e-44 -1.629770e-43 -8.315957e-43 -3.309537e-42 -1.074930e-41 -2.891433e-41 -6.451183e-41 -1.185446e-40 -1.764167e-40 -2.052517e-40 -1.705933e-40 -6.693995e-41 6.693995e-41 1.705933e-40 2.052517e-40 1.764167e-40 1.185446e-40 6.451183e-41 2.891433e-41 1.074930e-41 3.309537e-42 8.315957e-43 1.629770e-43 2.119679e-44 3.753562e-47 -9.846400e-46 -3.633193e-46 -9.018497e-47 -1.794400e-47 -3.028522e-48 -4.452053e-49 -5.786545e-50 -6.713690e-51 -6.999216e-52 -6.588111e-53 -5.618903e-54 -4.354175e-55 -3.072047e-56 -1.976504e-57 -1.160937e-58 -6.230024e-60 -3.055777e-61 -1.370076e-62 -5.613847e-64 -2.101035e-65 -7.175979e-67 -2.233921e-68 -6.328288e-70 -1.627937e-71 -3.793170e-73 -7.979981e-75 -1.509896e-76 -2.557231e-78 -3.854160e-80 -5.131963e-82 -5.982762e-84 -6.036665e-86 -5.194082e-88 -3.736196e-90 -2.185955e-92 -9.993047e-95 -3.348279e-97 -7.141706e-100 -3.867308e-103 0.000000e+00 0.000000e+00 0.000000e+00 0.000000e+00 0.000000e+00 0.000000e+00
0.000000e+00 0.000000e+00 0.000000e+00 0.000000e+00 0.000000e+00 1.507905e-100 1.473907e-96 1.353734e-93 4.213253e-91 9.392147e-89 1.636596e-86 2.320602e-84 2.752126e-82 2.784583e-80 2.439750e-78 1.872494e-76 1.270354e-74 7.673825e-73 4.151772e-71 2.021483e-69 8.892500e-68 3.545582e-66 1.284683e-64 4.239011e-63 1.275905e-61 3.507626e-60 8.815597e-59 2.026717e-57 4.263431e-56 8.206098e-55 1.444684e-53 2.324708e-52 3.415554e-51 4.575124e-50 5.575971e-49 6.166758e-48 6.167018e-47 5.550060e-46 4.464975e-45 3.179444e-44 1.972537e-43 1.036006e-42 4.319948e-42 1.150665e-41 -1.065805e-41 -3.805891e-40 -2.969774e-39 -1.613438e-38 -6.964069e-38 -2.486103e-37 -7.445866e-37 -1.876974e-36 -3.969271e-36 -6.977341e-36 -1.001804e-35 -1.134119e-35 -9.253152e-36 -3.597045e-36 3.597045e-36 9.253152e-36 1.134119e-35 1.001804e-35 6.977341e-36 3.969271e-36 1.876974e-36 7.445866e-37 2.486103e-37 6.964069e-38 1.613438e-38 2.969774e-39 3.805891e-40 1.065805e-41 -1.150665e-41 -4.319948e-42 -1.036006e-42 -1.972537e-43 -3.179444e-44 -4.464975e-45 -5.550060e-46 -6.167018e-47 -6.166758e-48 -5.575971e-49 -4.575124e-50 -3.415554e-51 -2.324708e-52 -1.444684e-53 -8.206098e-55 -4.263431e-56 -2.026717e-57 -8.815597e-59 -3.507626e-60 -1.275905e-61 -4.239011e-63 -1.284683e-64 -3.545582e-66 -8.892500e-68 -2.021483e-69 -4.151772e-71 -7.673825e-73 -1.270354e-74 -1.872494e-76 -2.439750e-78 -2.784583e-80 -2.752126e-82 -2.320602e-84 -1.636596e-86 -9.392147e-89 -4.213253e-91 -1.353734e-93 -1.473907e-96 -1.507905e-100 0.000000e+00 0.000000e+00 0.000000e+00 0.000000e+00 0.000000e+00
0.000000e+00 0.000000e+00 0.000000e+00 0.000000e+00 3.911061e-99 2.198989e-94 1.068344e-90 6.506208e-88 1.512010e-85 2.684740e-83 3.880745e-81 4.693830e-79 4.845757e-77 4.334066e-75 3.397299e-73 2.355184e-71 1.454559e-69 8.050376e-68 4.012087e-66 1.807623e-64 7.386433e-63 2.744730e-61 9.294645e-60 2.873264e-58 8.118978e-57 2.099091e-55 4.968724e-54 1.077174e-52 2.138768e-51 3.888213e-50 6.468019e-49 9.835390e-48 1.365176e-46 1.726290e-45 1.983486e-44 2.063511e-43 1.934441e-42 1.622971e-41 1.206209e-40 7.809272e-40 4.268437e-39 1.830711e-38 4.684265e-38 -1.055820e-37 -2.359481e-36 -1.880489e-35 -1.082941e-34 -5.031377e-34 -1.954899e-33 -6.439425e-33 -1.805703e-32 -4.305202e-32 -8.681369e-32 -1.465977e-31 -2.036923e-31 -2.248704e-31 -1.803651e-31 -6.951210e-32 6.951210e-32 1.803651e-31 2.248704e-31 2.036923e-31 1.465977e-31 8.681369e-32 4.305202e-32 1.805703e-32 6.439425e-33 1.954899e-33 5.031377e-34 1.082941e-34 1.880489e-35 2.359481e-36 1.055820e-37 -4.684265e-38 -1.830711e-38 -4.268437e-39 -7.809272e-40 -1.206209e-40 -1.622971e-41 -1.934441e-42 -2.063511e-43 -1.983486e-44 -1.726290e-45 -1.365176e-46 -9.835390e-48 -6.468019e-49 -3.888213e-50 -2.138768e-51 -1.077174e-52 -4.968724e-54 -2.099091e-55 -8.118978e-57 -2.873264e-58 -9.294645e-60 -2.744730e-61 -7.386433e-63 -1.807623e-64 -4.012087e-66 -8.050376e-68 -1.454559e-69 -2.355184e-71 -3.397299e-73 -4.334066e-75 -4.845757e-77 -4.693830e-79 -3.880745e-81 -2.684740e-83 -1.512010e-85 -6.506208e-88 -1.068344e-90 -2.198989e-94 -3.911061e-99 0.000000e+00 0.000000e+00 0.000000e+00 0.000000e+00
0.000000e+00 0.000000e+00 0.000000e+00 7.496544e-99 1.850800e-93 5.171708e-89 1.664920e-85 7.561991e-83 1.399370e-80 2.061013e-78 2.541032e-76 2.675166e-74 2.441110e-72 1.953137e-70 1.382748e-68 8.725498e-67 4.936807e-65 2.516588e-63 1.160415e-61 4.855866e-60 1.848988e-58 6.420357e-57 2.036563e-55 5.909343e-54 1.570078e-52 3.822444e-51 8.530252e-50 1.745071e-48 3.271807e-47 5.618671e-46 8.829519e-45 1.267934e-43 1.660664e-42 1.978641e-41 2.137095e-40 2.082264e-39 1.817445e-38 1.405917e-37 9.468493e-37 5.364439e-36 2.350987e-35 5.597285e-35 -2.417884e-34 -4.333093e-33 -3.538771e-32 -2.151316e-31 -1.068967e-30 -4.483919e-30 -1.608453e-29 -4.956777e-29 -1.312313e-28 -2.975570e-28 -5.743440e-28 -9.343251e-28 -1.259018e-27 -1.357583e-27 -1.071637e-27 -4.096828e-28 4.096828e-28 1.071637e-27 1.357583e-27 1.259018e-27 9.343251e-28 5.743440e-28 2.975570e-28 1.312313e-28 4.956777e-29 1.608453e-29 4.483919e-30 1.068967e-30 2.151316e-31 3.538771e-32 4.333093e-33 2.417884e-34 -5.597285e-35 -2.350987e-35 -5.364439e-36 -9.468493e-37 -1.405917e-37 -1.817445e-38 -2.082264e-39 -2.137095e-40 -1.978641e-41 -1.660664e-42 -1.267934e-43 -8.829519e-45 -5.618671e-46 -3.271807e-47 -1.745071e-48 -8.530252e-50 -3.822444e-51 -1.570078e-52 -5.909343e-54 -2.036563e-55 -6.420357e-57 -1.848988e-58 -4.855866e-60 -1.160415e-61 -2.516588e-63 -4.936807e-65 -8.725498e-67 -1.382748e-68 -1.953137e-70 -2.441110e-72 -2.675166e-74 -2.541032e-76 -2.061013e-78 -1.399370e-80 -7.561991e-83 -1.664920e-85 -5.171708e-89 -1.850800e-93 -7.496544e-99 0.000000e+00 0.000000e+00 0.000000e+00
0.000000e+00 0.000000e+00 1.095408e-99 9.234348e-94 1.133046e-88 2.097725e-84 5.033255e-81 1.818192e-78 2.790011e-76 3.504573e-74 3.760588e-72 3.499128e-70 2.856058e-68 2.063676e-66 1.329728e-64 7.686196e-63 4.004959e-61 1.888676e-59 8.087565e-58 3.153201e-56 1.121800e-54 3.648191e-53 1.086030e-51 2.962515e-50 7.410498e-49 1.700521e-47 3.580233e-46 6.914278e-45 1.224206e-43 1.985358e-42 2.945198e-41 3.989000e-40 4.920022e-39 5.506636e-38 5.565045e-37 5.041712e-36 4.049052e-35 2.828192e-34 1.654440e-33 7.356802e-33 1.552805e-32 -1.206055e-31 -1.907538e-30 -1.598885e-29 -1.022285e-28 -5.402695e-28 -2.429926e-27 -9.415035e-27 -3.157620e-26 -9.173571e-26 -2.304511e-25 -4.986551e-25 -9.236703e-25 -1.450398e-24 -1.898388e-24 -2.001786e-24 -1.556394e-24 -5.904679e-25 5.904679e-25 1.556394e-24 2.001786e-24 1.898388e-24 1.450398e-24 9.236703e-25 4.986551e-25 2.304511e-25 9.173571e-26 3.157620e-26 9.415035e-27 2.429926e-27 5.402695e-28 1.022285e-28 1.598885e-29 1.907538e-30 1.206055e-31 -1.552805e-32 -7.356802e-33 -1.654440e-33 -2.828192e-34 -4.049052e-35 -5.041712e-36 -5.565045e-37 -5.506636e-38 -4.920022e-39 -3.989000e-40 -2.945198e-41 -1.985358e-42 -1.224206e-43 -6.914278e-45 -3.580233e-46 -1.700521e-47 -7.410498e-49 -2.962515e-50 -1.086030e-51 -3.648191e-53 -1.121800e-54 -3.153201e-56 -8.087565e-58 -1.888676e-59 -4.004959e-61 -7.686196e-63 -1.329728e-64 -2.063676e-66 -2.856058e-68 -3.499128e-70 -3.760588e-72 -3.504573e-74 -2.790011e-76 -1.818192e-78 -5.033255e-81 -2.097725e-84 -1.133046e-88 -9.234348e-94 -1.095408e-99 0.000000e+00 0.000000e+00
0.000000e+00 1.120795e-101 2.665808e-95 1.116911e-89 9.080249e-85 1.252879e-80 2.389378e-77 7.148807e-75 9.353267e-73 1.022497e-70 9.696678e-69 8.069984e-67 5.948153e-65 3.911457e-63 2.308501e-61 1.228785e-59 5.922699e-58 2.593577e-56 1.034660e-54 3.768618e-53 1.255549e-51 3.831489e-50 1.072138e-48 2.753025e-47 6.489937e-46 1.404767e-44 2.791441e-43 5.089728e-42 8.507887e-41 1.302079e-39 1.821091e-38 2.321585e-37 2.688083e-36 2.812587e-35 2.639547e-34 2.195856e-33 1.586515e-32 9.548929e-32 4.277723e-31 7.398547e-31 -1.048732e-29 -1.539339e-28 -1.325720e-27 -8.887300e-27 -4.972637e-26 -2.384459e-25 -9.912116e-25 -3.589167e-24 -1.133451e-23 -3.118715e-23 -7.457672e-23 -1.543578e-22 -2.748843e-22 -4.172607e-22 -5.311272e-22 -5.482099e-22 -4.201091e-22 -1.582220e-22 1.582220e-22 4.201091e-22 5.482099e-22 5.311272e-22 4.172607e-22 2.748843e-22 1.543578e-22 7.457672e-23 3.118715e-23 1.133451e-23 3.589167e-24 9.912116e-25 2.384459e-25 4.972637e-26 8.887300e-27 1.325720e-27 1.539339e-28 1.048732e-29 -7.398547e-31 -4.277723e-31 -9.548929e-32 -1.586515e-32 -2.195856e-33 -2.639547e-34 -2.812587e-35 -2.688083e-36 -2.321585e-37 -1.821091e-38 -1.302079e-39 -8.507887e-41 -5.089728e-42 -2.791441e-43 -1.404767e-44 -6.489937e-46 -2.753025e-47 -1.072138e-48 -3.831489e-50 -1.255549e-51 -3.768618e-53 -1.034660e-54 -2.593577e-56 -5.922699e-58 -1.228785e-59 -2.308501e-61 -3.911457e-63 -5.948153e-65 -8.069984e-67 -9.696678e-69 -1.022497e-70 -9.353267e-73 -7.148807e-75 -2.389378e-77 -1.252879e-80 -9.080249e-85 -1.116911e-89 -2.665808e-95 -1.120795e-101 0.000000e+00
7.739853e-105 4.502922e-98 5.324500e-92 1.478532e-86 8.960687e-82 9.828956e-78 1.551944e-74 3.955332e-72 4.503779e-70 4.352195e-68 3.692384e-66 2.775562e-64 1.862235e-62 1.121899e-60 6.098666e-59 3.003522e-57 1.344585e-55 5.486558e-54 2.045238e-52 6.977686e-51 2.181878e-49 6.260076e-48 1.649300e-46 3.992076e-45 8.878787e-44 1.814286e-42 3.404482e-41 5.861675e-40 9.248189e-39 1.334608e-37 1.757080e-36 2.102816e-35 2.275824e-34 2.210316e-33 1.902835e-32 1.420728e-31 8.789911e-31 3.959120e-30 5.073029e-30 -1.357907e-28 -1.923774e-27 -1.708879e-26 -1.200149e-25 -7.090998e-25 -3.611782e-24 -1.603297e-23 -6.232458e-23 -2.124809e-22 -6.350606e-22 -1.661106e-21 -3.791953e-21 -7.525149e-21 -1.290964e-20 -1.897651e-20 -2.352584e-20 -2.379710e-20 -1.798925e-20 -6.728708e-21 6.728708e-21 1.798925e-20 2.379710e-20 2.352584e-20 1.897651e-20 1.290964e-20 7.525149e-21 3.791953e-21 1.661106e-21 6.350606e-22 2.124809e-22 6.232458e-23 1.603297e-23 3.611782e-24 7.090998e-25 1.200149e-25 1.708879e-26 1.923774e-27 1.357907e-28 -5.073029e-30 -3.959120e-30 -8.789911e-31 -1.420728e-31 -1.902835e-32 -2.210316e-33 -2.275824e-34 -2.102816e-35 -1.757080e-36 -1.334608e-37 -9.248189e-39 -5.861675e-40 -3.404482e-41 -1.814286e-42 -8.878787e-44 -3.992076e-45 -1.649300e-46 -6.260076e-48 -2.181878e-49 -6.977686e-51 -2.045238e-52 -5.486558e-54 -1.344585e-55 -3.003522e-57 -6.098666e-59 -1.121899e-60 -1.862235e-62 -2.775562e-64 -3.692384e-66 -4.352195e-68 -4.503779e-70 -3.955332e-72 -1.551944e-74 -9.828956e-78 -8.960687e-82 -1.478532e-86 -5.324500e-92 -4.502922e-98 -7.739853e-105
8.864525e-102 2.566615e-95 2.013607e-89 4.172832e-84 2.012656e-79 1.829638e-75 2.461987e-72 5.460230e-70 5.500447e-68 4.760250e-66 3.651666e-64 2.501407e-62 1.539264e-60 8.550921e-59 4.305709e-57 1.971810e-55 8.235249e-54 3.143899e-52 1.099117e-50 3.524055e-49 1.037426e-47 2.806347e-46 6.979417e-45 1.596183e-43 3.356527e-42 6.487162e-41 1.151400e-39 1.874397e-38 2.793665e-37 3.802399e-36 4.709234e-35 5.279612e-34 5.316541e-33 4.748799e-32 3.678906e-31 2.357003e-30 1.087093e-29 1.129246e-29 -4.577710e-28 -6.585854e-27 -6.108242e-26 -4.515945e-25 -2.823156e-24 -1.528028e-23 -7.238027e-23 -3.015337e-22 -1.106790e-21 -3.579350e-21 -1.018700e-20 -2.546405e-20 -5.575299e-20 -1.065351e-19 -1.767427e-19 -2.524489e-19 -3.057062e-19 -3.037467e-19 -2.268639e-19 -8.434337e-20 8.434337e-20 2.268639e-19 3.037467e-19 3.057062e-19 2.524489e-19 1.767427e-19 1.065351e-19 5.575299e-20 2.546405e-20 1.018700e-20 3.579350e-21 1.106790e-21 3.015337e-22 7.238027e-23 1.528028e-23 2.823156e-24 4.515945e-25 6.108242e-26 6.585854e-27 4.577710e-28 -1.129246e-29 -1.087093e-29 -2.357003e-30 -3.678906e-31 -4.748799e-32 -5.316541e-33 -5.279612e-34 -4.709234e-35 -3.802399e-36 -2.793665e-37 -1.874397e-38 -1.151400e-39 -6.487162e-41 -3.356527e-42 -1.596183e-43 -6.979417e-45 -2.806347e-46 -1.037426e-47 -3.524055e-49 -1.099117e-50 -3.143899e-52 -8.235249e-54 -1.971810e-55 -4.305709e-57 -8.550921e-59 -1.539264e-60 -2.501407e-62 -3.651666e-64 -4.760250e-66 -5.500447e-68 -5.460230e-70 -2.461987e-72 -1.829638e-75 -2.012656e-79 -4.172832e-84 -2.013607e-89 -2.566615e-95 -8.864525e-102
4.062524e-99 7.810185e-93 4.576291e-87 7.553281e-82 3.021620e-77 2.342523e-73 2.743295e-70 5.380194e-68 4.856239e-66 3.802853e-64 2.660348e-62 1.672627e-60 9.498077e-59 4.891230e-57 2.291988e-55 9.800123e-54 3.832438e-52 1.373277e-50 4.515783e-49 1.364285e-47 3.790031e-46 9.686896e-45 2.278450e-43 4.931540e-42 9.818508e-41 1.796793e-39 3.018680e-38 4.647703e-37 6.541489e-36 8.386705e-35 9.744296e-34 1.018074e-32 9.445306e-32 7.607400e-31 5.068358e-30 2.423033e-29 2.341380e-29 -1.164291e-27 -1.739501e-26 -1.693470e-25 -1.319980e-24 -8.729971e-24 -5.015472e-23 -2.530404e-22 -1.126857e-21 -4.438632e-21 -1.546912e-20 -4.766288e-20 -1.296425e-19 -3.106687e-19 -6.542454e-19 -1.206857e-18 -1.940764e-18 -2.699239e-18 -3.198487e-18 -3.125991e-18 -2.309006e-18 -8.536731e-19 8.536731e-19 2.309006e-18 3.125991e-18 3.198487e-18 2.699239e-18 1.940764e-18 1.206857e-18 6.542454e-19 3.106687e-19 1.296425e-19 4.766288e-20 1.546912e-20 4.438632e-21 1.126857e-21 2.530404e-22 5.015472e-23 8.729971e-24 1.319980e-24 1.693470e-25 1.739501e-26 1.164291e-27 -2.341380e-29 -2.423033e-29 -5.068358e-30 -7.607400e-31 -9.445306e-32 -1.018074e-32 -9.744296e-34 -8.386705e-35 -6.541489e-36 -4.647703e-37 -3.018680e-38 -1.796793e-39 -9.818508e-41 -4.931540e-42 -2.278450e-43 -9.686896e-45 -3.790031e-46 -1.364285e-47 -4.515783e-49 -1.373277e-50 -3.832438e-52 -9.800123e-54 -2.291988e-55 -4.891230e-57 -9.498077e-59 -1.672627e-60 -2.660348e-62 -3.802853e-64 -4.856239e-66 -5.380194e-68 -2.743295e-70 -2.342523e-73 -3.021620e-77 -7.553281e-82 -4.576291e-87 -7.810185e-93 -4.062524e-99
1.213620e-96 1.742731e-90 8.133802e-85 1.113596e-79 3.799471e-75 2.563512e-71 2.653218e-68 4.657105e-66 3.802841e-64 2.715784e-62 1.743818e-60 1.011764e-58 5.326081e-57 2.552476e-55 1.116770e-53 4.471196e-52 1.641221e-50 5.531689e-49 1.714010e-47 4.886704e-46 1.282679e-44 3.100578e-43 6.902107e-42 1.414437e-40 2.666467e-39 4.618868e-38 7.338999e-37 1.067026e-35 1.414583e-34 1.701304e-33 1.841914e-32 1.772629e-31 1.482297e-30 1.025615e-29 5.077642e-29 4.551851e-29 -2.758000e-27 -4.277396e-26 -4.362280e-25 -3.575742e-24 -2.494661e-23 -1.516342e-22 -8.118625e-22 -3.849093e-21 -1.619625e-20 -6.051861e-20 -2.007078e-19 -5.901205e-19 -1.535826e-18 -3.531546e-18 -7.159076e-18 -1.275793e-17 -1.990054e-17 -2.696809e-17 -3.128774e-17 -3.009225e-17 -2.198961e-17 -8.086079e-18 8.086079e-18 2.198961e-17 3.009225e-17 3.128774e-17 2.696809e-17 1.990054e-17 1.275793e-17 7.159076e-18 3.531546e-18 1.535826e-18 5.901205e-19 2.007078e-19 6.051861e-20 1.619625e-20 3.849093e-21 8.118625e-22 1.516342e-22 2.494661e-23 3.575742e-24 4.362280e-25 4.277396e-26 2.758000e-27 -4.551851e-29 -5.077642e-29 -1.025615e-29 -1.482297e-30 -1.772629e-31 -1.841914e-32 -1.701304e-33 -1.414583e-34 -1.067026e-35 -7.338999e-37 -4.618868e-38 -2.666467e-39 -1.414437e-40 -6.902107e-42 -3.100578e-43 -1.282679e-44 -4.886704e-46 -1.714010e-47 -5.531689e-49 -1.641221e-50 -4.471196e-52 -1.116770e-53 -2.552476e-55 -5.326081e-57 -1.011764e-58 -1.743818e-60 -2.715784e-62 -3.802841e-64 -4.657105e-66 -2.653218e-68 -2.563512e-71 -3.799471e-75 -1.113596e-79 -8.133802e-85 -1.742731e-90 -1.213620e-96
2.657290e-94 3.039703e-88 1.176907e-82 1.374374e-77 4.081338e-73 2.433630e-69 2.252919e-66 3.573265e-64 2.660338e-62 1.743818e-60 1.033295e-58 5.557688e-57 2.722664e-55 1.218304e-53 4.991118e-52 1.875671e-50 6.475994e-49 2.056726e-47 6.013966e-46 1.620038e-44 4.021672e-43 9.200504e-42 1.939118e-40 3.762608e-39 6.713968e-38 1.099888e-36 1.650251e-35 2.259852e-34 2.810204e-33 3.148953e-32 3.139657e-31 2.722279e-30 1.953628e-29 1.000632e-28 8.282684e-29 -6.096299e-27 -9.807568e-26 -1.045799e-24 -8.994035e-24 -6.601701e-23 -4.233054e-22 -2.397366e-21 -1.205713e-20 -5.398115e-20 -2.153013e-19 -7.647637e-19 -2.417039e-18 -6.788304e-18 -1.691709e-17 -3.735000e-17 -7.292482e-17 -1.256159e-16 -1.901661e-16 -2.512249e-16 -2.855045e-16 -2.703328e-16 -1.954816e-16 -7.150586e-17 7.150586e-17 1.954816e-16 2.703328e-16 2.855045e-16 2.512249e-16 1.901661e-16 1.256159e-16 7.292482e-17 3.735000e-17 1.691709e-17 6.788304e-18 2.417039e-18 7.647637e-19 2.153013e-19 5.398115e-20 1.205713e-20 2.397366e-21 4.233054e-22 6.601701e-23 8.994035e-24 1.045799e-24 9.807568e-26 6.096299e-27 -8.282684e-29 -1.000632e-28 -1.953628e-29 -2.722279e-30 -3.139657e-31 -3.148953e-32 -2.810204e-33 -2.259852e-34 -1.650251e-35 -1.099888e-36 -6.713968e-38 -3.762608e-39 -1.939118e-40 -9.200504e-42 -4.021672e-43 -1.620038e-44 -6.013966e-46 -2.056726e-47 -6.475994e-49 -1.875671e-50 -4.991118e-52 -1.218304e-53 -2.722664e-55 -5.557688e-57 -1.033295e-58 -1.743818e-60 -2.660338e-62 -3.573265e-64 -2.252919e-66 -2.433630e-69 -4.081338e-73 -1.374374e-77 -1.176907e-82 -3.039703e-88 -2.657290e-94
4.546140e-92 4.314370e-86 1.424931e-80 1.448430e-75 3.801634e-71 2.027533e-67 1.694996e-64 2.448203e-62 1.672620e-60 1.011764e-58 5.557688e-57 2.781860e-55 1.272455e-53 5.331430e-52 2.050144e-50 7.246842e-49 2.357637e-47 7.066012e-46 1.952174e-44 4.973474e-43 1.168471e-41 2.530884e-40 5.050586e-39 9.275906e-38 1.565331e-36 2.421370e-35 3.421639e-34 4.394794e-33 5.091250e-32 5.252919e-31 4.716938e-30 3.506817e-29 1.856548e-28 1.412705e-28 -1.259857e-26 -2.100893e-25 -2.338209e-24 -2.105361e-23 -1.621998e-22 -1.094247e-21 -6.536260e-21 -3.476029e-20 -1.650036e-19 -6.997440e-19 -2.650666e-18 -8.962073e-18 -2.701603e-17 -7.251985e-17 -1.731308e-16 -3.671496e-16 -6.906849e-16 -1.150441e-15 -1.690974e-15 -2.178667e-15 -2.426235e-15 -2.262354e-15 -1.619232e-15 -5.892643e-16 5.892643e-16 1.619232e-15 2.262354e-15 2.426235e-15 2.178667e-15 1.690974e-15 1.150441e-15 6.906849e-16 3.671496e-16 1.731308e-16 7.251985e-17 2.701603e-17 8.962073e-18 2.650666e-18 6.997440e-19 1.650036e-19 3.476029e-20 6.536260e-21 1.094247e-21 1.621998e-22 2.105361e-23 2.338209e-24 2.100893e-25 1.259857e-26 -1.412705e-28 -1.856548e-28 -3.506817e-29 -4.716938e-30 -5.252919e-31 -5.091250e-32 -4.394794e-33 -3.421639e-34 -2.421370e-35 -1.565331e-36 -9.275906e-38 -5.050586e-39 -2.530884e-40 -1.168471e-41 -4.973474e-43 -1.952174e-44 -7.066012e-46 -2.357637e-47 -7.246842e-49 -2.050144e-50 -5.331430e-52 -1.272455e-53 -2.781860e-55 -5.557688e-57 -1.011764e-58 -1.672620e-60 -2.448203e-62 -1.694996e-64 -2.027533e-67 -3.801634e-71 -1.448430e-75 -1.424931e-80 -4.314370e-86 -4.546140e-92
6.326156e-90 5.121718e-84 1.472554e-78 1.323094e-73 3.106324e-69 1.496055e-65 1.138248e-62 1.506836e-60 9.498028e-59 5.326081e-57 2.722664e-55 1.272455e-53 5.449910e-52 2.143328e-50 7.752369e-49 2.582120e-47 7.927404e-46 2.244846e-44 5.865511e-43 1.414234e-41 3.145757e-40 6.451359e-39 1.218552e-37 2.116457e-36 3.372351e-35 4.912947e-34 6.511238e-33 7.790315e-32 8.308420e-31 7.717899e-30 5.937672e-29 3.246461e-28 2.262031e-28 -2.438310e-26 -4.211500e-25 -4.884381e-24 -4.595719e-23 -3.708192e-22 -2.625794e-21 -1.649959e-20 -9.251864e-20 -4.641844e-19 -2.085861e-18 -8.394541e-18 -3.023706e-17 -9.738264e-17 -2.801157e-16 -7.188531e-16 -1.644314e-15 -3.349859e-15 -6.072959e-15 -9.783822e-15 -1.396666e-14 -1.755520e-14 -1.916313e-14 -1.760122e-14 -1.247121e-14 -4.515590e-15 4.515590e-15 1.247121e-14 1.760122e-14 1.916313e-14 1.755520e-14 1.396666e-14 9.783822e-15 6.072959e-15 3.349859e-15 1.644314e-15 7.188531e-16 2.801157e-16 9.738264e-17 3.023706e-17 8.394541e-18 2.085861e-18 4.641844e-19 9.251864e-20 1.649959e-20 2.625794e-21 3.708192e-22 4.595719e-23 4.884381e-24 4.211500e-25 2.438310e-26 -2.262031e-28 -3.246461e-28 -5.937672e-29 -7.717899e-30 -8.308420e-31 -7.790315e-32 -6.511238e-33 -4.912947e-34 -3.372351e-35 -2.116457e-36 -1.218552e-37 -6.451359e-39 -3.145757e-40 -1.414234e-41 -5.865511e-43 -2.244846e-44 -7.927404e-46 -2.582120e-47 -7.752369e-49 -2.143328e-50 -5.449910e-52 -1.272455e-53 -2.722664e-55 -5.326081e-57 -9.498028e-59 -1.506836e-60 -1.138248e-62 -1.496055e-65 -3.106324e-69 -1.323094e-73 -1.472554e-78 -5.121718e-84 -6.326156e-90
7.359521e-88 5.187304e-82 1.318417e-76 1.059737e-71 2.246968e-67 9.848762e-64 6.863524e-61 8.372526e-59 4.891201e-57 2.552476e-55 1.218304e-53 5.331430e-52 2.143328e-50 7.928537e-49 2.702191e-47 8.493444e-46 2.463744e-44 6.598191e-43 1.631610e-41 3.724555e-40 7.844161e-39 1.522617e-37 2.719739e-36 4.460216e-35 6.692968e-34 9.144385e-33 1.128829e-31 1.243186e-30 1.193391e-29 9.491145e-29 5.355310e-28 3.406032e-28 -4.425910e-26 -7.912239e-25 -9.548182e-24 -9.371308e-23 -7.903864e-22 -5.861821e-21 -3.865618e-20 -2.279604e-19 -1.205463e-18 -5.722291e-18 -2.438528e-17 -9.323385e-17 -3.195232e-16 -9.805085e-16 -2.691411e-15 -6.602877e-15 -1.447023e-14 -2.831883e-14 -4.947675e-14 -7.710490e-14 -1.069187e-13 -1.311341e-13 -1.403411e-13 -1.269949e-13 -8.908905e-14 -3.209697e-14 3.209697e-14 8.908905e-14 1.269949e-13 1.403411e-13 1.311341e-13 1.069187e-13 7.710490e-14 4.947675e-14 2.831883e-14 1.447023e-14 6.602877e-15 2.691411e-15 9.805085e-16 3.195232e-16 9.323385e-17 2.438528e-17 5.722291e-18 1.205463e-18 2.279604e-19 3.865618e-20 5.861821e-21 7.903864e-22 9.371308e-23 9.548182e-24 7.912239e-25 4.425910e-26 -3.406032e-28 -5.355310e-28 -9.491145e-29 -1.193391e-29 -1.243186e-30 -1.128829e-31 -9.144385e-33 -6.692968e-34 -4.460216e-35 -2.719739e-36 -1.522617e-37 -7.844161e-39 -3.724555e-40 -1.631610e-41 -6.598191e-43 -2.463744e-44 -8.493444e-46 -2.702191e-47 -7.928537e-49 -2.143328e-50 -5.331430e-52 -1.218304e-53 -2.552476e-55 -4.891201e-57 -8.372526e-59 -6.863524e-61 -9.848762e-64 -2.246968e-67 -1.059737e-71 -1.318417e-76 -5.187304e-82 -7.359521e-88
7.300948e-86 4.549522e-80 1.034533e-74 7.510638e-70 1.449444e-65 5.819142e-62 3.734451e-59 4.216776e-57 2.291972e-55 1.116770e-53 4.991118e-52 2.050144e-50 7.752369e-49 2.702191e-47 8.690897e-46 2.581007e-44 7.080660e-43 1.794625e-41 4.201516e-40 9.080914e-39 1.810155e-37 3.322751e-36 5.603887e-35 8.654571e-34 1.217914e-32 1.549797e-31 1.760814e-30 1.745022e-29 1.433310e-28 8.340224e-28 4.832355e-28 -7.544152e-26 -1.394922e-24 -1.749139e-23 -1.787873e-22 -1.573349e-21 -1.219713e-20 -8.423395e-20 -5.211967e-19 -2.897563e-18 -1.449041e-17 -6.519186e-17 -2.637179e-16 -9.583565e-16 -3.125335e-15 -9.137028e-15 -2.392753e-14 -5.610068e-14 -1.177555e-13 -2.213308e-13 -3.726189e-13 -5.617031e-13 -7.566389e-13 -9.056134e-13 -9.503188e-13 -8.473075e-13 -5.885524e-13 -2.109971e-13 2.109971e-13 5.885524e-13 8.473075e-13 9.503188e-13 9.056134e-13 7.566389e-13 5.617031e-13 3.726189e-13 2.213308e-13 1.177555e-13 5.610068e-14 2.392753e-14 9.137028e-15 3.125335e-15 9.583565e-16 2.637179e-16 6.519186e-17 1.449041e-17 2.897563e-18 5.211967e-19 8.423395e-20 1.219713e-20 1.573349e-21 1.787873e-22 1.749139e-23 1.394922e-24 7.544152e-26 -4.832355e-28 -8.340224e-28 -1.433310e-28 -1.745022e-29 -1.760814e-30 -1.549797e-31 -1.217914e-32 -8.654571e-34 -5.603887e-35 -3.322751e-36 -1.810155e-37 -9.080914e-39 -4.201516e-40 -1.794625e-41 -7.080660e-43 -2.581007e-44 -8.690897e-46 -2.702191e-47 -7.752369e-49 -2.050144e-50 -4.991118e-52 -1.116770e-53 -2.291972e-55 -4.216776e-57 -3.734451e-59 -5.819142e-62 -1.449444e-65 -7.510638e-70 -1.034533e-74 -4.549522e-80 -7.300948e-86
6.268887e-84 3.495304e-78 7.179506e-73 4.744601e-68 8.387670e-64 3.100985e-60 1.840895e-57 1.931499e-55 9.800048e-54 4.471196e-52 1.875671e-50 7.246842e-49 2.582120e-47 8.493444e-46 2.581007e-44 7.249136e-43 1.882092e-41 4.516278e-40 1.001097e-38 2.047912e-37 3.860388e-36 6.690550e-35 1.062604e-33 1.538937e-32 2.016928e-31 2.361949e-30 2.414351e-29 2.046238e-28 1.227131e-27 6.475519e-28 -1.208886e-25 -2.310329e-24 -3.006424e-23 -3.195573e-22 -2.929335e-21 -2.369512e-20 -1.710343e-19 -1.108036e-18 -6.461450e-18 -3.395767e-17 -1.608601e-16 -6.865064e-16 -2.637173e-15 -9.108822e-15 -2.825859e-14 -7.867176e-14 -1.964426e-13 -4.399219e-13 -8.839627e-13 -1.595045e-12 -2.586810e-12 -3.771298e-12 -4.934545e-12 -5.763472e-12 -5.930259e-12 -5.209864e-12 -3.583327e-12 -1.278306e-12 1.278306e-12 3.583327e-12 5.209864e-12 5.930259e-12 5.763472e-12 4.934545e-12 3.771298e-12 2.586810e-12 1.595045e-12 8.839627e-13 4.399219e-13 1.964426e-13 7.867176e-14 2.825859e-14 9.108822e-15 2.637173e-15 6.865064e-16 1.608601e-16 3.395767e-17 6.461450e-18 1.108036e-18 1.710343e-19 2.369512e-20 2.929335e-21 3.195573e-22 3.006424e-23 2.310329e-24 1.208886e-25 -6.475519e-28 -1.227131e-27 -2.046238e-28 -2.414351e-29 -2.361949e-30 -2.016928e-31 -1.538937e-32 -1.062604e-33 -6.690550e-35 -3.860388e-36 -2.047912e-37 -1.001097e-38 -4.516278e-40 -1.882092e-41 -7.249136e-43 -2.581007e-44 -8.493444e-46 -2.582120e-47 -7.246842e-49 -1.875671e-50 -4.471196e-52 -9.800048e-54 -1.931499e-55 -1.840895e-57 -3.100985e-60 -8.387670e-64 -4.744601e-68 -7.179506e-73 -3.495304e-78 -6.268887e-84
4.712714e-82 2.373773e-76 4.438819e-71 2.687442e-66 4.375509e-62 1.496403e-58 8.249002e-56 8.068665e-54 3.832405e-52 1.641221e-50 6.475994e-49 2.357637e-47 7.927404e-46 2.463744e-44 7.080660e-43 1.882092e-41 4.626312e-40 1.051084e-38 2.205172e-37 4.265875e-36 7.592278e-35 1.239122e-33 1.845464e-32 2.489054e-31 3.001862e-30 3.162204e-29 2.763128e-28 1.706800e-27 8.220611e-28 -1.822770e-25 -3.598250e-24 -4.853545e-23 -5.357301e-22 -5.107851e-21 -4.303952e-20 -3.241233e-19 -2.194320e-18 -1.339429e-17 -7.381041e-17 -3.672677e-16 -1.649331e-15 -6.678874e-15 -2.436038e-14 -7.993768e-14 -2.357605e-13 -6.245281e-13 -1.485658e-12 -3.175125e-12 -6.102849e-12 -1.056513e-11 -1.649770e-11 -2.325318e-11 -2.954673e-11 -3.367136e-11 -3.396786e-11 -2.940173e-11 -2.002312e-11 -7.107703e-12 7.107703e-12 2.002312e-11 2.940173e-11 3.396786e-11 3.367136e-11 2.954673e-11 2.325318e-11 1.649770e-11 1.056513e-11 6.102849e-12 3.175125e-12 1.485658e-12 6.245281e-13 2.357605e-13 7.993768e-14 2.436038e-14 6.678874e-15 1.649331e-15 3.672677e-16 7.381041e-17 1.339429e-17 2.194320e-18 3.241233e-19 4.303952e-20 5.107851e-21 5.357301e-22 4.853545e-23 3.598250e-24 1.822770e-25 -8.220611e-28 -1.706800e-27 -2.763128e-28 -3.162204e-29 -3.001862e-30 -2.489054e-31 -1.845464e-32 -1.239122e-33 -7.592278e-35 -4.265875e-36 -2.205172e-37 -1.051084e-38 -4.626312e-40 -1.882092e-41 -7.080660e-43 -2.463744e-44 -7.927404e-46 -2.357637e-47 -6.475994e-49 -1.641221e-50 -3.832405e-52 -8.068665e-54 -8.249002e-56 -1.496403e-58 -4.375509e-62 -2.687442e-66 -4.438819e-71 -2.373773e-76 -4.712714e-82
3.130051e-80 1.435432e-74 2.459383e-69 1.371506e-64 2.065850e-60 6.560613e-57 3.369287e-54 3.080994e-52 1.373264e-50 5.531689e-49 2.056726e-47 7.066012e-46 2.244846e-44 6.598191e-43 1.794625e-41 4.516278e-40 1.051084e-38 2.260209e-37 4.484182e-36 8.190122e-35 1.372653e-33 2.100760e-32 2.913621e-31 3.615946e-30 3.922295e-29 3.530767e-28 2.245275e-27 9.923972e-28 -2.588175e-25 -5.274259e-24 -7.366256e-23 -8.432755e-22 -8.350723e-21 -7.318661e-20 -5.740908e-19 -4.054369e-18 -2.585615e-17 -1.490975e-16 -7.775806e-16 -3.665969e-15 -1.561007e-14 -5.996357e-14 -2.075376e-13 -6.464521e-13 -1.810646e-12 -4.558513e-12 -1.031860e-11 -2.102153e-11 -3.860981e-11 -6.407063e-11 -9.626203e-11 -1.311006e-10 -1.617025e-10 -1.797382e-10 -1.777294e-10 -1.515442e-10 -1.021755e-10 -3.608847e-11 3.608847e-11 1.021755e-10 1.515442e-10 1.777294e-10 1.797382e-10 1.617025e-10 1.311006e-10 9.626203e-11 6.407063e-11 3.860981e-11 2.102153e-11 1.031860e-11 4.558513e-12 1.810646e-12 6.464521e-13 2.075376e-13 5.996357e-14 1.561007e-14 3.665969e-15 7.775806e-16 1.490975e-16 2.585615e-17 4.054369e-18 5.740908e-19 7.318661e-20 8.350723e-21 8.432755e-22 7.366256e-23 5.274259e-24 2.588175e-25 -9.923972e-28 -2.245275e-27 -3.530767e-28 -3.922295e-29 -3.615946e-30 -2.913621e-31 -2.100760e-32 -1.372653e-33 -8.190122e-35 -4.484182e-36 -2.260209e-37 -1.051084e-38 -4.516278e-40 -1.794625e-41 -6.598191e-43 -2.244846e-44 -7.066012e-46 -2.056726e-47 -5.531689e-49 -1.373264e-50 -3.080994e-52 -3.369287e-54 -6.560613e-57 -2.065850e-60 -1.371506e-64 -2.459383e-69 -1.435432e-74 -3.130051e-80
1.850014e-78 7.774429e-73 1.227052e-67 6.331423e-63 8.856889e-59 2.620425e-55 1.257237e-52 1.077371e-50 4.515734e-49 1.714010e-47 6.013966e-46 1.952174e-44 5.865511e-43 1.631610e-41 4.201516e-40 1.001097e-38 2.205172e-37 4.484182e-36 8.399598e-35 1.444673e-33 2.270435e-32 3.235791e-31 4.129316e-30 4.608785e-29 4.270881e-28 2.794664e-27 1.144513e-27 -3.463035e-25 -7.280949e-24 -1.051842e-22 -1.247374e-21 -1.281297e-20 -1.166341e-19 -9.515341e-19 -6.998687e-18 -4.655060e-17 -2.803724e-16 -1.529542e-15 -7.554530e-15 -3.374969e-14 -1.362130e-13 -4.959862e-13 -1.627257e-12 -4.805194e-12 -1.276298e-11 -3.049107e-11 -6.557149e-11 -1.271462e-10 -2.228444e-10 -3.540505e-10 -5.112995e-10 -6.722941e-10 -8.043865e-10 -8.716167e-10 -8.444437e-10 -7.090677e-10 -4.732071e-10 -1.662842e-10 1.662842e-10 4.732071e-10 7.090677e-10 8.444437e-10 8.716167e-10 8.043865e-10 6.722941e-10 5.112995e-10 3.540505e-10 2.228444e-10 1.271462e-10 6.557149e-11 3.049107e-11 1.276298e-11 4.805194e-12 1.627257e-12 4.959862e-13 1.362130e-13 3.374969e-14 7.554530e-15 1.529542e-15 2.803724e-16 4.655060e-17 6.998687e-18 9.515341e-19 1.166341e-19 1.281297e-20 1.247374e-21 1.051842e-22 7.280949e-24 3.463035e-25 -1.144513e-27 -2.794664e-27 -4.270881e-28 -4.608785e-29 -4.129316e-30 -3.235791e-31 -2.270435e-32 -1.444673e-33 -8.399598e-35 -4.484182e-36 -2.205172e-37 -1.001097e-38 -4.201516e-40 -1.631610e-41 -5.865511e-43 -1.952174e-44 -6.013966e-46 -1.714010e-47 -4.515734e-49 -1.077371e-50 -1.257237e-52 -2.620425e-55 -8.856889e-59 -6.331423e-63 -1.227052e-67 -7.774429e-73 -1.850014e-78
9.787769e-77 3.789463e-71 5.534684e-66 2.652580e-61 3.457400e-57 9.556497e-54 4.293706e-51 3.455141e-49 1.364268e-47 4.886704e-46 1.620038e-44 4.973474e-43 1.414234e-41 3.724555e-40 9.080914e-39 2.047912e-37 4.265875e-36 8.190122e-35 1.444673e-33 2.329959e-32 3.409877e-31 4.471361e-30 5.131315e-29 4.891777e-28 3.292329e-27 1.267730e-27 -4.368726e-25 -9.471570e-24 -1.414012e-22 -1.735186e-21 -1.846610e-20 -1.743631e-19 -1.477398e-18 -1.130034e-17 -7.826663e-17 -4.915336e-16 -2.799925e-15 -1.445980e-14 -6.763769e-14 -2.862008e-13 -1.093901e-12 -3.771131e-12 -1.171064e-11 -3.272570e-11 -8.226855e-11 -1.861234e-10 -3.794899e-10 -6.990090e-10 -1.166988e-09 -1.772321e-09 -2.456798e-09 -3.115133e-09 -3.611952e-09 -3.812218e-09 -3.616234e-09 -2.988739e-09 -1.973594e-09 -6.898581e-10 6.898581e-10 1.973594e-09 2.988739e-09 3.616234e-09 3.812218e-09 3.611952e-09 3.115133e-09 2.456798e-09 1.772321e-09 1.166988e-09 6.990090e-10 3.794899e-10 1.861234e-10 8.226855e-11 3.272570e-11 1.171064e-11 3.771131e-12 1.093901e-12 2.862008e-13 6.763769e-14 1.445980e-14 2.799925e-15 4.915336e-16 7.826663e-17 1.130034e-17 1.477398e-18 1.743631e-19 1.846610e-20 1.735186e-21 1.414012e-22 9.471570e-24 4.368726e-25 -1.267730e-27 -3.292329e-27 -4.891777e-28 -5.131315e-29 -4.471361e-30 -3.409877e-31 -2.329959e-32 -1.444673e-33 -8.190122e-35 -4.265875e-36 -2.047912e-37 -9.080914e-39 -3.724555e-40 -1.414234e-41 -4.973474e-43 -1.620038e-44 -4.886704e-46 -1.364268e-47 -3.455141e-49 -4.293706e-51 -9.556497e-54 -3.457400e-57 -2.652580e-61 -5.534684e-66 -3.789463e-71 -9.787769e-77
4.657429e-75 1.668835e-69 2.264241e-64 1.011257e-59 1.231577e-55 3.187922e-52 1.344038e-49 1.017382e-47 3.789979e-46 1.282679e-44 4.021672e-43 1.168471e-41 3.145757e-40 7.844161e-39 1.810155e-37 3.860388e-36 7.592278e-35 1.372653e-33 2.270435e-32 3.409877e-31 4.591504e-30 5.414187e-29 5.306427e-28 3.671935e-27 1.356305e-27 -5.198413e-25 -1.161624e-23 -1.790542e-22 -2.271340e-21 -2.501505e-20 -2.447151e-19 -2.150737e-18 -1.708380e-17 -1.230296e-16 -8.044071e-16 -4.776591e-15 -2.574803e-14 -1.258729e-13 -5.573183e-13 -2.231418e-12 -8.065901e-12 -2.628099e-11 -7.708812e-11 -2.033981e-10 -4.827295e-10 -1.031515e-09 -1.988774e-09 -3.471028e-09 -5.506834e-09 -7.977429e-09 -1.059451e-08 -1.293242e-08 -1.450997e-08 -1.489812e-08 -1.382277e-08 -1.123559e-08 -7.337313e-09 -2.550483e-09 2.550483e-09 7.337313e-09 1.123559e-08 1.382277e-08 1.489812e-08 1.450997e-08 1.293242e-08 1.059451e-08 7.977429e-09 5.506834e-09 3.471028e-09 1.988774e-09 1.031515e-09 4.827295e-10 2.033981e-10 7.708812e-11 2.628099e-11 8.065901e-12 2.231418e-12 5.573183e-13 1.258729e-13 2.574803e-14 4.776591e-15 8.044071e-16 1.230296e-16 1.708380e-17 2.150737e-18 2.447151e-19 2.501505e-20 2.271340e-21 1.790542e-22 1.161624e-23 5.198413e-25 -1.356305e-27 -3.671935e-27 -5.306427e-28 -5.414187e-29 -4.591504e-30 -3.409877e-31 -2.270435e-32 -1.372653e-33 -7.592278e-35 -3.860388e-36 -1.810155e-37 -7.844161e-39 -3.145757e-40 -1.168471e-41 -4.021672e-43 -1.282679e-44 -3.789979e-46 -1.017382e-47 -1.344038e-49 -3.187922e-52 -1.231577e-55 -1.011257e-59 -2.264241e-64 -1.668835e-69 -4.657429e-75
2.001025e-73 6.661456e-68 8.423687e-63 3.515813e-58 4.010398e-54 9.741276e-51 3.860429e-48 2.752804e-46 9.686750e-45 3.100578e-43 9.200504e-42 2.530884e-40 6.451359e-39 1.522617e-37 3.322751e-36 6.690550e-35 1.239122e-33 2.100760e-32 3.235791e-31 4.471361e-30 5.414187e-29 5.452241e-28 3.877695e-27 1.408858e-27 -5.836336e-25 -1.343609e-23 -2.136618e-22 -2.799089e-21 -3.186943e-20 -3.226467e-19 -2.937767e-18 -2.420275e-17 -1.809845e-16 -1.230196e-15 -7.603368e-15 -4.271164e-14 -2.178534e-13 -1.007529e-12 -4.217984e-12 -1.595596e-11 -5.444115e-11 -1.672664e-10 -4.621987e-10 -1.147983e-09 -2.563837e-09 -5.156866e-09 -9.369398e-09 -1.544257e-08 -2.320858e-08 -3.197564e-08 -4.057477e-08 -4.756430e-08 -5.152682e-08 -5.136816e-08 -4.654219e-08 -3.716006e-08 -2.397830e-08 -8.285122e-09 8.285122e-09 2.397830e-08 3.716006e-08 4.654219e-08 5.136816e-08 5.152682e-08 4.756430e-08 4.057477e-08 3.197564e-08 2.320858e-08 1.544257e-08 9.369398e-09 5.156866e-09 2.563837e-09 1.147983e-09 4.621987e-10 1.672664e-10 5.444115e-11 1.595596e-11 4.217984e-12 1.007529e-12 2.178534e-13 4.271164e-14 7.603368e-15 1.230196e-15 1.809845e-16 2.420275e-17 2.937767e-18 3.226467e-19 3.186943e-20 2.799089e-21 2.136618e-22 1.343609e-23 5.836336e-25 -1.408858e-27 -3.877695e-27 -5.452241e-28 -5.414187e-29 -4.471361e-30 -3.235791e-31 -2.100760e-32 -1.239122e-33 -6.690550e-35 -3.322751e-36 -1.522617e-37 -6.451359e-39 -2.530884e-40 -9.200504e-42 -3.100578e-43 -9.686750e-45 -2.752804e-46 -3.860429e-48 -9.741276e-51 -4.010398e-54 -3.515813e-58 -8.423687e-63 -6.661456e-68 -2.001025e-73
7.787218e-72 2.416469e-66 2.856032e-61 1.116653e-56 1.195450e-52 2.729551e-49 1.018231e-46 6.847990e-45 2.278412e-43 6.902107e-42 1.939118e-40 5.050586e-39 1.218552e-37 2.719739e-36 5.603887e-35 1.062604e-33 1.845464e-32 2.913621e-31 4.129316e-30 5.131315e-29 5.306427e-28 3.877695e-27 1.426177e-27 -6.183762e-25 -1.466068e-23 -2.403335e-22 -3.248721e-21 -3.820211e-20 -3.998354e-19 -3.767491e-18 -3.215410e-17 -2.493566e-16 -1.759725e-15 -1.130470e-14 -6.608074e-14 -3.511184e-13 -1.693441e-12 -7.400508e-12 -2.924665e-11 -1.043098e-10 -3.350806e-10 -9.678481e-10 -2.510652e-09 -5.847118e-09 -1.223612e-08 -2.306265e-08 -3.930581e-08 -6.090117e-08 -8.632350e-08 -1.126376e-07 -1.360213e-07 -1.525574e-07 -1.590223e-07 -1.534565e-07 -1.354251e-07 -1.059912e-07 -6.748370e-08 -2.316118e-08 2.316118e-08 6.748370e-08 1.059912e-07 1.354251e-07 1.534565e-07 1.590223e-07 1.525574e-07 1.360213e-07 1.126376e-07 8.632350e-08 6.090117e-08 3.930581e-08 2.306265e-08 1.223612e-08 5.847118e-09 2.510652e-09 9.678481e-10 3.350806e-10 1.043098e-10 2.924665e-11 7.400508e-12 1.693441e-12 3.511184e-13 6.608074e-14 1.130470e-14 1.759725e-15 2.493566e-16 3.215410e-17 3.767491e-18 3.998354e-19 3.820211e-20 3.248721e-21 2.403335e-22 1.466068e-23 6.183762e-25 -1.426177e-27 -3.877695e-27 -5.306427e-28 -5.131315e-29 -4.129316e-30 -2.913621e-31 -1.845464e-32 -1.062604e-33 -5.603887e-35 -2.719739e-36 -1.218552e-37 -5.050586e-39 -1.939118e-40 -6.902107e-42 -2.278412e-43 -6.847990e-45 -1.018231e-46 -2.729551e-49 -1.195450e-52 -1.116653e-56 -2.856032e-61 -2.416469e-66 -7.787218e-72
2.752048e-70 7.982998e-65 8.839908e-60 3.244362e-55 3.265493e-51 7.018809e-48 2.467483e-45 1.566536e-43 4.931449e-42 1.414437e-40 3.762608e-39 9.275906e-38 2.116457e-36 4.460216e-35 8.654571e-34 1.538937e-32 2.489054e-31 3.615946e-30 4.608785e-29 4.891777e-28 3.671935e-27 1.408858e-27 -6.183762e-25 -1.509294e-23 -2.548801e-22 -3.552092e-21 -4.310066e-20 -4.659046e-19 -4.538365e-18 -4.008149e-17 -3.219823e-16 -2.356215e-15 -1.571274e-14 -9.544558e-14 -5.275711e-13 -2.649611e-12 -1.206864e-11 -4.974992e-11 -1.851809e-10 -6.209603e-10 -1.871751e-09 -5.062455e-09 -1.227186e-08 -2.666030e-08 -5.197977e-08 -9.124584e-08 -1.449497e-07 -2.097679e-07 -2.786173e-07 -3.421038e-07 -3.906803e-07 -4.166602e-07 -4.154811e-07 -3.860411e-07 -3.302971e-07 -2.524702e-07 -1.581987e-07 -5.386006e-08 5.386006e-08 1.581987e-07 2.524702e-07 3.302971e-07 3.860411e-07 4.154811e-07 4.166602e-07 3.906803e-07 3.421038e-07 2.786173e-07 2.097679e-07 1.449497e-07 9.124584e-08 5.197977e-08 2.666030e-08 1.227186e-08 5.062455e-09 1.871751e-09 6.209603e-10 1.851809e-10 4.974992e-11 1.206864e-11 2.649611e-12 5.275711e-13 9.544558e-14 1.571274e-14 2.356215e-15 3.219823e-16 4.008149e-17 4.538365e-18 4.659046e-19 4.310066e-20 3.552092e-21 2.548801e-22 1.509294e-23 6.183762e-25 -1.408858e-27 -3.671935e-27 -4.891777e-28 -4.608785e-29 -3.615946e-30 -2.489054e-31 -1.538937e-32 -8.654571e-34 -4.460216e-35 -2.116457e-36 -9.275906e-38 -3.762608e-39 -1.414437e-40 -4.931449e-42 -1.566536e-43 -2.467483e-45 -7.018809e-48 -3.265493e-51 -3.244362e-55 -8.839908e-60 -7.982998e-65 -2.752048e-70
