0.000000e+00 0.000000e+00 0.000000e+00 0.000000e+00 0.000000e+00 0.000000e+00 0.000000e+00 0.000000e+00 0.000000e+00 0.000000e+00 0.000000e+00 0.000000e+00 0.000000e+00 0.000000e+00 0.000000e+00 0.000000e+00 0.000000e+00 0.000000e+00 0.000000e+00 0.000000e+00 0.000000e+00 0.000000e+00 0.000000e+00 0.000000e+00 0.000000e+00 0.000000e+00 0.000000e+00 0.000000e+00 0.000000e+00 0.000000e+00 0.000000e+00 0.000000e+00 0.000000e+00 0.000000e+00 0.000000e+00 0.000000e+00 0.000000e+00 0.000000e+00 0.000000e+00 0.000000e+00 0.000000e+00 0.000000e+00 0.000000e+00 0.000000e+00 0.000000e+00 0.000000e+00 0.000000e+00 0.000000e+00 0.000000e+00 0.000000e+00 0.000000e+00 0.000000e+00 0.000000e+00 0.000000e+00 0.000000e+00 0.000000e+00 0.000000e+00 0.000000e+00 0.000000e+00 0.000000e+00 0.000000e+00 0.000000e+00 0.000000e+00 0.000000e+00 0.000000e+00 0.000000e+00 0.000000e+00 0.000000e+00 0.000000e+00 0.000000e+00 0.000000e+00 0.000000e+00 0.000000e+00 0.000000e+00 0.000000e+00 0.000000e+00 0.000000e+00 0.000000e+00 0.000000e+00 0.000000e+00 0.000000e+00 0.000000e+00 0.000000e+00 0.000000e+00 0.000000e+00 0.000000e+00 0.000000e+00 0.000000e+00 0.000000e+00 0.000000e+00 0.000000e+00 0.000000e+00 0.000000e+00 0.000000e+00 0.000000e+00 0.000000e+00 0.000000e+00 0.000000e+00 0.000000e+00 0.000000e+00 0.000000e+00 0.000000e+00 0.000000e+00 0.000000e+00 0.000000e+00 0.000000e+00 0.000000e+00 0.000000e+00 0.000000e+00 0.000000e+00 0.000000e+00 0.000000e+00 0.000000e+00 0.000000e+00 0.000000e+00 0.000000e+00
0.000000e+00 0.000000e+00 0.000000e+00 0.000000e+00 0.000000e+00 0.000000e+00 0.000000e+00 0.000000e+00 0.000000e+00 0.000000e+00 7.552990e-100 6.518262e-97 2.745625e-94 7.522504e-92 1.507275e-89 2.354344e-87 2.983996e-85 3.153919e-83 2.835208e-81 2.199929e-79 1.490222e-77 8.891562e-76 4.706130e-74 2.222152e-72 9.403581e-71 3.579491e-69 1.229242e-67 3.817263e-66 1.073852e-64 2.740237e-63 6.348520e-62 1.336023e-60 2.554255e-59 4.435183e-58 6.989995e-57 9.988596e-56 1.292241e-54 1.510495e-53 1.591074e-52 1.505149e-51 1.273107e-50 9.571898e-50 6.345727e-49 3.666384e-48 1.812330e-47 7.412035e-47 2.323951e-46 4.212677e-46 -6.959024e-46 -1.017657e-44 -5.246139e-44 -1.876262e-43 -5.147088e-43 -1.109116e-42 -1.867740e-42 -2.382876e-42 -2.106692e-42 -8.527447e-43 8.527447e-43 2.106692e-42 2.382876e-42 1.867740e-42 1.109116e-42 5.147088e-43 1.876262e-43 5.246139e-44 1.017657e-44 6.959024e-46 -4.212677e-46 -2.323951e-46 -7.412035e-47 -1.812330e-47 -3.666384e-48 -6.345727e-49 -9.571898e-50 -1.273107e-50 -1.505149e-51 -1.591074e-52 -1.510495e-53 -1.292241e-54 -9.988596e-56 -6.989995e-57 -4.435183e-58 -2.554255e-59 -1.336023e-60 -6.348520e-62 -2.740237e-63 -1.073852e-64 -3.817263e-66 -1.229242e-67 -3.579491e-69 -9.403581e-71 -2.222152e-72 -4.706130e-74 -8.891562e-76 -1.490222e-77 -2.199929e-79 -2.835208e-81 -3.153919e-83 -2.983996e-85 -2.354344e-87 -1.507275e-89 -7.522504e-92 -2.745625e-94 -6.518262e-97 -7.552990e-100 0.000000e+00 0.000000e+00 0.000000e+00 0.000000e+00 0.000000e+00 0.000000e+00 0.000000e+00 0.000000e+00 0.000000e+00 0.000000e+00
0.000000e+00 0.000000e+00 0.000000e+00 0.000000e+00 0.000000e+00 0.000000e+00 0.000000e+00 0.000000e+00 0.000000e+00 3.267569e-96 2.875030e-93 1.235234e-90 3.453581e-88 7.064946e-86 1.127237e-83 1.460164e-81 1.578164e-79 1.451561e-77 1.153109e-75 8.002014e-74 4.894426e-72 2.657457e-70 1.288172e-68 5.600511e-67 2.192022e-65 7.746860e-64 2.478009e-62 7.187523e-61 1.893022e-59 4.531585e-58 9.865314e-57 1.953549e-55 3.518164e-54 5.759026e-53 8.560749e-52 1.153988e-50 1.407973e-49 1.550961e-48 1.537425e-47 1.365508e-46 1.080373e-45 7.552703e-45 4.609397e-44 2.408126e-43 1.037926e-42 3.374795e-42 5.627097e-42 -2.046397e-41 -2.399757e-40 -1.308778e-39 -5.161723e-39 -1.599949e-38 -3.989849e-38 -8.016238e-38 -1.280337e-37 -1.570956e-37 -1.353159e-37 -5.405966e-38 5.405966e-38 1.353159e-37 1.570956e-37 1.280337e-37 8.016238e-38 3.989849e-38 1.599949e-38 5.161723e-39 1.308778e-39 2.399757e-40 2.046397e-41 -5.627097e-42 -3.374795e-42 -1.037926e-42 -2.408126e-43 -4.609397e-44 -7.552703e-45 -1.080373e-45 -1.365508e-46 -1.537425e-47 -1.550961e-48 -1.407973e-49 -1.153988e-50 -8.560749e-52 -5.759026e-53 -3.518164e-54 -1.953549e-55 -9.865314e-57 -4.531585e-58 -1.893022e-59 -7.187523e-61 -2.478009e-62 -7.746860e-64 -2.192022e-65 -5.600511e-67 -1.288172e-68 -2.657457e-70 -4.894426e-72 -8.002014e-74 -1.153109e-75 -1.451561e-77 -1.578164e-79 -1.460164e-81 -1.127237e-83 -7.064946e-86 -3.453581e-88 -1.235234e-90 -2.875030e-93 -3.267569e-96 0.000000e+00 0.000000e+00 0.000000e+00 0.000000e+00 0.000000e+00 0.000000e+00 0.000000e+00 0.000000e+00 0.000000e+00
0.000000e+00 0.000000e+00 0.000000e+00 0.000000e+00 0.000000e+00 0.000000e+00 0.000000e+00 0.000000e+00 5.297995e-93 4.750255e-90 2.080637e-87 5.933096e-85 1.238472e-82 2.017287e-80 2.668995e-78 2.947949e-76 2.772447e-74 2.253241e-72 1.600687e-70 1.002886e-68 5.581425e-67 2.775125e-65 1.238461e-63 4.979422e-62 1.809216e-60 5.954836e-59 1.778860e-57 4.829819e-56 1.193110e-54 2.683288e-53 5.495509e-52 1.024853e-50 1.739506e-49 2.684902e-48 3.763625e-47 4.782755e-46 5.496618e-45 5.694682e-44 5.295986e-43 4.395421e-42 3.228801e-41 2.073165e-40 1.139441e-39 5.145775e-39 1.718373e-38 2.454959e-38 -1.792551e-37 -1.905162e-36 -1.098689e-35 -4.728634e-35 -1.630087e-34 -4.602079e-34 -1.068765e-33 -2.029646e-33 -3.100677e-33 -3.678919e-33 -3.097864e-33 -1.223527e-33 1.223527e-33 3.097864e-33 3.678919e-33 3.100677e-33 2.029646e-33 1.068765e-33 4.602079e-34 1.630087e-34 4.728634e-35 1.098689e-35 1.905162e-36 1.792551e-37 -2.454959e-38 -1.718373e-38 -5.145775e-39 -1.139441e-39 -2.073165e-40 -3.228801e-41 -4.395421e-42 -5.295986e-43 -5.694682e-44 -5.496618e-45 -4.782755e-46 -3.763625e-47 -2.684902e-48 -1.739506e-49 -1.024853e-50 -5.495509e-52 -2.683288e-53 -1.193110e-54 -4.829819e-56 -1.778860e-57 -5.954836e-59 -1.809216e-60 -4.979422e-62 -1.238461e-63 -2.775125e-65 -5.581425e-67 -1.002886e-68 -1.600687e-70 -2.253241e-72 -2.772447e-74 -2.947949e-76 -2.668995e-78 -2.017287e-80 -1.238472e-82 -5.933096e-85 -2.080637e-87 -4.750255e-90 -5.297995e-93 0.000000e+00 0.000000e+00 0.000000e+00 0.000000e+00 0.000000e+00 0.000000e+00 0.000000e+00 0.000000e+00
0.000000e+00 0.000000e+00 0.000000e+00 0.000000e+00 0.000000e+00 0.000000e+00 0.000000e+00 2.667013e-90 2.494481e-87 1.113304e-84 3.236215e-82 6.889261e-80 1.144944e-77 1.546334e-75 1.744341e-73 1.676322e-71 1.392903e-69 1.012245e-67 6.491653e-66 3.700359e-64 1.885645e-62 8.630498e-61 3.561406e-59 1.329082e-57 4.496737e-56 1.381983e-54 3.863787e-53 9.837742e-52 2.282710e-50 4.828614e-49 9.311050e-48 1.636094e-46 2.617644e-45 3.808704e-44 5.031074e-43 6.019289e-42 6.502315e-41 6.315228e-40 5.482314e-39 4.218126e-38 2.839098e-37 1.634587e-36 7.692141e-36 2.610853e-35 2.786283e-35 -4.326175e-34 -4.390004e-33 -2.671361e-32 -1.243852e-31 -4.710491e-31 -1.481408e-30 -3.891556e-30 -8.520222e-30 -1.541245e-29 -2.263853e-29 -2.606662e-29 -2.150731e-29 -8.407418e-30 8.407418e-30 2.150731e-29 2.606662e-29 2.263853e-29 1.541245e-29 8.520222e-30 3.891556e-30 1.481408e-30 4.710491e-31 1.243852e-31 2.671361e-32 4.390004e-33 4.326175e-34 -2.786283e-35 -2.610853e-35 -7.692141e-36 -1.634587e-36 -2.839098e-37 -4.218126e-38 -5.482314e-39 -6.315228e-40 -6.502315e-41 -6.019289e-42 -5.031074e-43 -3.808704e-44 -2.617644e-45 -1.636094e-46 -9.311050e-48 -4.828614e-49 -2.282710e-50 -9.837742e-52 -3.863787e-53 -1.381983e-54 -4.496737e-56 -1.329082e-57 -3.561406e-59 -8.630498e-61 -1.885645e-62 -3.700359e-64 -6.491653e-66 -1.012245e-67 -1.392903e-69 -1.676322e-71 -1.744341e-73 -1.546334e-75 -1.144944e-77 -6.889261e-80 -3.236215e-82 -1.113304e-84 -2.494481e-87 -2.667013e-90 0.000000e+00 0.000000e+00 0.000000e+00 0.000000e+00 0.000000e+00 0.000000e+00 0.000000e+00
0.000000e+00 0.000000e+00 0.000000e+00 0.000000e+00 0.000000e+00 0.000000e+00 1.779336e-88 3.263256e-85 1.518819e-82 4.498328e-80 9.760935e-78 1.654243e-75 2.279361e-73 2.624481e-71 2.575650e-69 2.186718e-67 1.624555e-65 1.065678e-63 6.217157e-62 3.244539e-60 1.521789e-58 6.439619e-57 2.466151e-55 8.568798e-54 2.706592e-52 7.783820e-51 2.040407e-49 4.878855e-48 1.064543e-46 2.119659e-45 3.850182e-44 6.375240e-43 9.611944e-42 1.317362e-40 1.637522e-39 1.840395e-38 1.862247e-37 1.686506e-36 1.355132e-35 9.529301e-35 5.724547e-34 2.792236e-33 9.521691e-33 5.146109e-33 -2.396216e-31 -2.384221e-30 -1.526792e-29 -7.635576e-29 -3.145384e-28 -1.088193e-27 -3.182327e-27 -7.865200e-27 -1.634924e-26 -2.830684e-26 -4.011485e-26 -4.493571e-26 -3.638898e-26 -1.409077e-26 1.409077e-26 3.638898e-26 4.493571e-26 4.011485e-26 2.830684e-26 1.634924e-26 7.865200e-27 3.182327e-27 1.088193e-27 3.145384e-28 7.635576e-29 1.526792e-29 2.384221e-30 2.396216e-31 -5.146109e-33 -9.521691e-33 -2.792236e-33 -5.724547e-34 -9.529301e-35 -1.355132e-35 -1.686506e-36 -1.862247e-37 -1.840395e-38 -1.637522e-39 -1.317362e-40 -9.611944e-42 -6.375240e-43 -3.850182e-44 -2.119659e-45 -1.064543e-46 -4.878855e-48 -2.040407e-49 -7.783820e-51 -2.706592e-52 -8.568798e-54 -2.466151e-55 -6.439619e-57 -1.521789e-58 -3.244539e-60 -6.217157e-62 -1.065678e-63 -1.624555e-65 -2.186718e-67 -2.575650e-69 -2.624481e-71 -2.279361e-73 -1.654243e-75 -9.760935e-78 -4.498328e-80 -1.518819e-82 -3.263256e-85 -1.779336e-88 0.000000e+00 0.000000e+00 0.000000e+00 0.000000e+00 0.000000e+00 0.000000e+00
0.000000e+00 0.000000e+00 0.000000e+00 0.000000e+00 0.000000e+00 4.429650e-88 4.299051e-84 3.918954e-81 1.210103e-78 2.675258e-76 4.621248e-74 6.493057e-72 7.626989e-70 7.639695e-68 6.623312e-66 5.027282e-64 3.371112e-62 2.011547e-60 1.074324e-58 5.159959e-57 2.237374e-55 8.785688e-54 3.132272e-52 1.015938e-50 3.002481e-49 8.094761e-48 1.992420e-46 4.479182e-45 9.197981e-44 1.724807e-42 2.951572e-41 4.604200e-40 6.536486e-39 8.426553e-38 9.834081e-37 1.034538e-35 9.751298e-35 8.161530e-34 5.978559e-33 3.734321e-32 1.878795e-31 6.356272e-31 -1.301992e-31 -2.360831e-29 -2.340280e-28 -1.573295e-27 -8.400739e-27 -3.734442e-26 -1.407269e-25 -4.525661e-25 -1.243274e-24 -2.909860e-24 -5.768493e-24 -9.590651e-24 -1.314539e-23 -1.435209e-23 -1.142140e-23 -4.383825e-24 4.383825e-24 1.142140e-23 1.435209e-23 1.314539e-23 9.590651e-24 5.768493e-24 2.909860e-24 1.243274e-24 4.525661e-25 1.407269e-25 3.734442e-26 8.400739e-27 1.573295e-27 2.340280e-28 2.360831e-29 1.301992e-31 -6.356272e-31 -1.878795e-31 -3.734321e-32 -5.978559e-33 -8.161530e-34 -9.751298e-35 -1.034538e-35 -9.834081e-37 -8.426553e-38 -6.536486e-39 -4.604200e-40 -2.951572e-41 -1.724807e-42 -9.197981e-44 -4.479182e-45 -1.992420e-46 -8.094761e-48 -3.002481e-49 -1.015938e-50 -3.132272e-52 -8.785688e-54 -2.237374e-55 -5.159959e-57 -1.074324e-58 -2.011547e-60 -3.371112e-62 -5.027282e-64 -6.623312e-66 -7.639695e-68 -7.626989e-70 -6.493057e-72 -4.621248e-74 -2.675258e-76 -1.210103e-78 -3.918954e-81 -4.299051e-84 -4.429650e-88 0.000000e+00 0.000000e+00 0.000000e+00 0.000000e+00 0.000000e+00
0.000000e+00 0.000000e+00 0.000000e+00 0.000000e+00 3.165144e-89 1.767093e-84 8.521355e-81 5.148863e-78 1.186741e-75 2.089026e-73 2.992340e-71 3.584944e-69 3.664126e-67 3.242953e-65 2.514105e-63 1.722786e-61 1.051062e-59 5.742705e-58 2.823342e-56 1.253884e-54 5.046307e-53 1.845134e-51 6.142035e-50 1.864333e-48 5.166350e-47 1.308138e-45 3.027886e-44 6.407619e-43 1.239436e-41 2.190048e-40 3.531257e-39 5.187661e-38 6.928223e-37 8.385893e-36 9.159958e-35 8.973906e-34 7.812286e-33 5.952437e-32 3.859912e-31 1.999697e-30 6.673238e-30 -7.568868e-30 -3.507575e-28 -3.518538e-27 -2.483621e-26 -1.411058e-25 -6.732745e-25 -2.744142e-24 -9.619213e-24 -2.904914e-23 -7.547447e-23 -1.680925e-22 -3.189649e-22 -5.107359e-22 -6.786764e-22 -7.235352e-22 -5.665600e-22 -2.156920e-22 2.156920e-22 5.665600e-22 7.235352e-22 6.786764e-22 5.107359e-22 3.189649e-22 1.680925e-22 7.547447e-23 2.904914e-23 9.619213e-24 2.744142e-24 6.732745e-25 1.411058e-25 2.483621e-26 3.518538e-27 3.507575e-28 7.568868e-30 -6.673238e-30 -1.999697e-30 -3.859912e-31 -5.952437e-32 -7.812286e-33 -8.973906e-34 -9.159958e-35 -8.385893e-36 -6.928223e-37 -5.187661e-38 -3.531257e-39 -2.190048e-40 -1.239436e-41 -6.407619e-43 -3.027886e-44 -1.308138e-45 -5.166350e-47 -1.864333e-48 -6.142035e-50 -1.845134e-51 -5.046307e-53 -1.253884e-54 -2.823342e-56 -5.742705e-58 -1.051062e-59 -1.722786e-61 -2.514105e-63 -3.242953e-65 -3.664126e-67 -3.584944e-69 -2.992340e-71 -2.089026e-73 -1.186741e-75 -5.148863e-78 -8.521355e-81 -1.767093e-84 -3.165144e-89 0.000000e+00 0.000000e+00 0.000000e+00 0.000000e+00
0.000000e+00 0.000000e+00 0.000000e+00 1.466967e-91 3.600365e-86 9.997206e-82 3.196832e-78 1.441681e-75 2.647918e-73 3.869123e-71 4.730548e-69 4.936529e-67 4.462893e-65 3.535861e-63 2.477416e-61 1.546258e-59 8.647619e-58 4.354331e-56 1.981785e-54 8.178820e-53 3.068688e-51 1.048938e-49 3.271859e-48 9.324518e-47 2.430099e-45 5.794473e-44 1.264364e-42 2.524178e-41 4.608008e-40 7.684579e-39 1.168924e-37 1.618369e-36 2.033220e-35 2.308129e-34 2.353035e-33 2.134081e-32 1.695423e-31 1.146176e-30 6.168307e-30 2.086018e-29 -3.730746e-29 -1.381388e-27 -1.439555e-26 -1.074609e-25 -6.508595e-25 -3.331043e-24 -1.464813e-23 -5.573908e-23 -1.839535e-22 -5.262887e-22 -1.302238e-21 -2.775768e-21 -5.066658e-21 -7.846634e-21 -1.014466e-20 -1.059034e-20 -8.175700e-21 -3.090310e-21 3.090310e-21 8.175700e-21 1.059034e-20 1.014466e-20 7.846634e-21 5.066658e-21 2.775768e-21 1.302238e-21 5.262887e-22 1.839535e-22 5.573908e-23 1.464813e-23 3.331043e-24 6.508595e-25 1.074609e-25 1.439555e-26 1.381388e-27 3.730746e-29 -2.086018e-29 -6.168307e-30 -1.146176e-30 -1.695423e-31 -2.134081e-32 -2.353035e-33 -2.308129e-34 -2.033220e-35 -1.618369e-36 -1.168924e-37 -7.684579e-39 -4.608008e-40 -2.524178e-41 -1.264364e-42 -5.794473e-44 -2.430099e-45 -9.324518e-47 -3.271859e-48 -1.048938e-49 -3.068688e-51 -8.178820e-53 -1.981785e-54 -4.354331e-56 -8.647619e-58 -1.546258e-59 -2.477416e-61 -3.535861e-63 -4.462893e-65 -4.936529e-67 -4.730548e-69 -3.869123e-71 -2.647918e-73 -1.441681e-75 -3.196832e-78 -9.997206e-82 -3.600365e-86 -1.466967e-91 0.000000e+00 0.000000e+00 0.000000e+00
0.000000e+00 0.000000e+00 1.597217e-94 1.341017e-88 1.638152e-83 3.018328e-79 7.204515e-76 2.587975e-73 3.947512e-71 4.926851e-69 5.250676e-67 4.850009e-65 3.927888e-63 2.814591e-61 1.797525e-59 1.029201e-57 5.308620e-56 2.476454e-54 1.048209e-52 4.036236e-51 1.416897e-49 4.542147e-48 1.331378e-46 3.571544e-45 8.773458e-44 1.973980e-42 4.067389e-41 7.671316e-40 1.323120e-38 2.083903e-37 2.990879e-36 3.900165e-35 4.601631e-34 4.882386e-33 4.615032e-32 3.826310e-31 2.702227e-30 1.518522e-29 5.309729e-29 -1.150468e-28 -4.116799e-27 -4.508523e-26 -3.567686e-25 -2.302397e-24 -1.261309e-23 -5.964885e-23 -2.453190e-22 -8.798585e-22 -2.752458e-21 -7.499114e-21 -1.774595e-20 -3.633124e-20 -6.398855e-20 -9.610294e-20 -1.211605e-19 -1.240752e-19 -9.455110e-20 -3.550650e-20 3.550650e-20 9.455110e-20 1.240752e-19 1.211605e-19 9.610294e-20 6.398855e-20 3.633124e-20 1.774595e-20 7.499114e-21 2.752458e-21 8.798585e-22 2.453190e-22 5.964885e-23 1.261309e-23 2.302397e-24 3.567686e-25 4.508523e-26 4.116799e-27 1.150468e-28 -5.309729e-29 -1.518522e-29 -2.702227e-30 -3.826310e-31 -4.615032e-32 -4.882386e-33 -4.601631e-34 -3.900165e-35 -2.990879e-36 -2.083903e-37 -1.323120e-38 -7.671316e-40 -4.067389e-41 -1.973980e-42 -8.773458e-44 -3.571544e-45 -1.331378e-46 -4.542147e-48 -1.416897e-49 -4.036236e-51 -1.048209e-52 -2.476454e-54 -5.308620e-56 -1.029201e-57 -1.797525e-59 -2.814591e-61 -3.927888e-63 -4.850009e-65 -5.250676e-67 -4.926851e-69 -3.947512e-71 -2.587975e-73 -7.204515e-76 -3.018328e-79 -1.638152e-83 -1.341017e-88 -1.597217e-94 0.000000e+00 0.000000e+00
0.000000e+00 6.039721e-98 1.433482e-91 5.991033e-86 4.856708e-81 6.679593e-77 1.269262e-73 3.782280e-71 4.926845e-69 5.360090e-67 5.056443e-65 4.184120e-63 3.064842e-61 2.001842e-59 1.172846e-57 6.193590e-56 2.959759e-54 1.284092e-52 5.071271e-51 1.827062e-49 6.015180e-48 1.812067e-46 4.999698e-45 1.264215e-43 2.930369e-42 6.226047e-41 1.211974e-39 2.159646e-38 3.517865e-37 5.227611e-36 7.066453e-35 8.653287e-34 9.541358e-33 9.384862e-32 8.106784e-31 5.970559e-30 3.497839e-29 1.263724e-28 -3.220854e-28 -1.133757e-26 -1.302519e-25 -1.089310e-24 -7.462884e-24 -4.357671e-23 -2.205524e-22 -9.749800e-22 -3.776295e-21 -1.282313e-20 -3.814069e-20 -9.917682e-20 -2.248334e-19 -4.427268e-19 -7.532951e-19 -1.098335e-18 -1.351540e-18 -1.358706e-18 -1.022585e-18 -3.816116e-19 3.816116e-19 1.022585e-18 1.358706e-18 1.351540e-18 1.098335e-18 7.532951e-19 4.427268e-19 2.248334e-19 9.917682e-20 3.814069e-20 1.282313e-20 3.776295e-21 9.749800e-22 2.205524e-22 4.357671e-23 7.462884e-24 1.089310e-24 1.302519e-25 1.133757e-26 3.220854e-28 -1.263724e-28 -3.497839e-29 -5.970559e-30 -8.106784e-31 -9.384862e-32 -9.541358e-33 -8.653287e-34 -7.066453e-35 -5.227611e-36 -3.517865e-37 -2.159646e-38 -1.211974e-39 -6.226047e-41 -2.930369e-42 -1.264215e-43 -4.999698e-45 -1.812067e-46 -6.015180e-48 -1.827062e-49 -5.071271e-51 -1.284092e-52 -2.959759e-54 -6.193590e-56 -1.172846e-57 -2.001842e-59 -3.064842e-61 -4.184120e-63 -5.056443e-65 -5.360090e-67 -4.926845e-69 -3.782280e-71 -1.269262e-73 -6.679593e-77 -4.856708e-81 -5.991033e-86 -1.433482e-91 -6.039721e-98 0.000000e+00
9.146991e-102 5.319238e-95 6.284884e-89 1.743257e-83 1.054940e-78 1.155014e-74 1.819616e-71 4.625289e-69 5.250668e-67 5.056443e-65 4.273166e-63 3.198129e-61 2.135331e-59 1.279494e-57 6.913934e-56 3.382663e-54 1.503361e-52 6.085624e-51 2.248703e-49 7.598024e-48 2.350696e-46 6.665742e-45 1.733554e-43 4.136153e-42 9.053371e-41 1.817191e-39 3.342005e-38 5.624071e-37 8.643233e-36 1.209634e-34 1.535375e-33 1.756890e-32 1.795525e-31 1.613413e-30 1.237176e-29 7.544399e-29 2.813918e-28 -8.262168e-28 -2.892767e-26 -3.479973e-25 -3.067273e-24 -2.223505e-23 -1.378673e-22 -7.436247e-22 -3.516542e-21 -1.462936e-20 -5.359202e-20 -1.727927e-19 -4.896516e-19 -1.217023e-18 -2.646290e-18 -5.017174e-18 -8.254779e-18 -1.169458e-17 -1.405655e-17 -1.388087e-17 -1.032220e-17 -3.828888e-18 3.828888e-18 1.032220e-17 1.388087e-17 1.405655e-17 1.169458e-17 8.254779e-18 5.017174e-18 2.646290e-18 1.217023e-18 4.896516e-19 1.727927e-19 5.359202e-20 1.462936e-20 3.516542e-21 7.436247e-22 1.378673e-22 2.223505e-23 3.067273e-24 3.479973e-25 2.892767e-26 8.262168e-28 -2.813918e-28 -7.544399e-29 -1.237176e-29 -1.613413e-30 -1.795525e-31 -1.756890e-32 -1.535375e-33 -1.209634e-34 -8.643233e-36 -5.624071e-37 -3.342005e-38 -1.817191e-39 -9.053371e-41 -4.136153e-42 -1.733554e-43 -6.665742e-45 -2.350696e-46 -7.598024e-48 -2.248703e-49 -6.085624e-51 -1.503361e-52 -3.382663e-54 -6.913934e-56 -1.279494e-57 -2.135331e-59 -3.198129e-61 -4.273166e-63 -5.056443e-65 -5.250668e-67 -4.625289e-69 -1.819616e-71 -1.155014e-74 -1.054940e-78 -1.743257e-83 -6.284884e-89 -5.319238e-95 -9.146991e-102
7.901280e-99 2.287567e-92 1.793951e-86 3.714803e-81 1.789717e-76 1.624516e-72 2.181804e-69 4.827648e-67 4.849999e-65 4.184120e-63 3.198129e-61 2.181763e-59 1.336374e-57 7.385440e-56 3.697388e-54 1.682358e-52 6.976287e-51 2.642236e-49 9.156498e-48 2.907345e-46 8.466747e-45 2.263002e-43 5.553311e-42 1.251177e-40 2.587179e-39 4.906074e-38 8.520866e-37 1.352825e-35 1.957944e-34 2.572829e-33 3.051252e-32 3.235605e-31 3.020042e-30 2.407513e-29 1.525980e-28 5.871560e-28 -1.953314e-27 -6.856131e-26 -8.621844e-25 -7.989108e-24 -6.109946e-23 -4.009505e-22 -2.296143e-21 -1.156716e-20 -5.144512e-20 -2.022459e-19 -7.026607e-19 -2.155164e-18 -5.826293e-18 -1.385608e-17 -2.892274e-17 -5.283792e-17 -8.412594e-17 -1.158836e-16 -1.361411e-16 -1.321271e-16 -9.711521e-17 -3.581360e-17 3.581360e-17 9.711521e-17 1.321271e-16 1.361411e-16 1.158836e-16 8.412594e-17 5.283792e-17 2.892274e-17 1.385608e-17 5.826293e-18 2.155164e-18 7.026607e-19 2.022459e-19 5.144512e-20 1.156716e-20 2.296143e-21 4.009505e-22 6.109946e-23 7.989108e-24 8.621844e-25 6.856131e-26 1.953314e-27 -5.871560e-28 -1.525980e-28 -2.407513e-29 -3.020042e-30 -3.235605e-31 -3.051252e-32 -2.572829e-33 -1.957944e-34 -1.352825e-35 -8.520866e-37 -4.906074e-38 -2.587179e-39 -1.251177e-40 -5.553311e-42 -2.263002e-43 -8.466747e-45 -2.907345e-46 -9.156498e-48 -2.642236e-49 -6.976287e-51 -1.682358e-52 -3.697388e-54 -7.385440e-56 -1.336374e-57 -2.181763e-59 -3.198129e-61 -4.184120e-63 -4.849999e-65 -4.827648e-67 -2.181804e-69 -1.624516e-72 -1.789717e-76 -3.714803e-81 -1.793951e-86 -2.287567e-92 -7.901280e-99
3.331313e-96 6.401972e-90 3.748402e-84 6.180017e-79 2.468599e-74 1.910200e-70 2.231884e-67 4.365335e-65 3.927878e-63 3.064842e-61 2.135331e-59 1.336374e-57 7.549595e-56 3.865482e-54 1.799749e-52 7.640756e-51 2.964469e-49 1.052989e-47 3.429091e-46 1.024869e-44 2.813212e-43 7.094895e-42 1.644055e-40 3.499225e-39 6.835805e-38 1.224140e-36 2.005774e-35 2.998854e-34 4.074941e-33 5.002654e-32 5.497345e-31 5.322679e-30 4.405099e-29 2.898352e-28 1.149746e-27 -4.274674e-27 -1.512871e-25 -1.985604e-24 -1.929870e-23 -1.553009e-22 -1.075395e-21 -6.517122e-21 -3.484606e-20 -1.650079e-19 -6.929826e-19 -2.581148e-18 -8.519597e-18 -2.488706e-17 -6.423938e-17 -1.462757e-16 -2.932807e-16 -5.165582e-16 -7.963211e-16 -1.067176e-15 -1.226022e-15 -1.169902e-15 -8.501888e-16 -3.117482e-16 3.117482e-16 8.501888e-16 1.169902e-15 1.226022e-15 1.067176e-15 7.963211e-16 5.165582e-16 2.932807e-16 1.462757e-16 6.423938e-17 2.488706e-17 8.519597e-18 2.581148e-18 6.929826e-19 1.650079e-19 3.484606e-20 6.517122e-21 1.075395e-21 1.553009e-22 1.929870e-23 1.985604e-24 1.512871e-25 4.274674e-27 -1.149746e-27 -2.898352e-28 -4.405099e-29 -5.322679e-30 -5.497345e-31 -5.002654e-32 -4.074941e-33 -2.998854e-34 -2.005774e-35 -1.224140e-36 -6.835805e-38 -3.499225e-39 -1.644055e-40 -7.094895e-42 -2.813212e-43 -1.024869e-44 -3.429091e-46 -1.052989e-47 -2.964469e-49 -7.640756e-51 -1.799749e-52 -3.865482e-54 -7.549595e-56 -1.336374e-57 -2.135331e-59 -3.064842e-61 -3.927878e-63 -4.365335e-65 -2.231884e-67 -1.910200e-70 -2.468599e-74 -6.180017e-79 -3.748402e-84 -6.401972e-90 -3.331313e-96
9.135822e-94 1.310918e-87 6.111691e-82 8.355150e-77 2.845360e-72 1.915390e-68 1.977033e-65 3.459267e-63 2.814582e-61 2.001842e-59 1.279494e-57 7.385440e-56 3.865482e-54 1.840658e-52 7.996172e-51 3.176221e-49 1.155714e-47 3.857658e-46 1.182497e-44 3.331207e-43 8.627961e-42 2.054716e-40 4.497865e-39 9.044116e-38 1.668437e-36 2.818653e-35 4.349034e-34 6.104521e-33 7.749128e-32 8.813804e-31 8.841353e-30 7.586788e-29 5.175375e-28 2.115471e-27 -8.688917e-27 -3.114133e-25 -4.259481e-24 -4.333453e-23 -3.660595e-22 -2.667654e-21 -1.705749e-20 -9.648666e-20 -4.847167e-19 -2.165993e-18 -8.610964e-18 -3.043600e-17 -9.553797e-17 -2.659727e-16 -6.558097e-16 -1.430305e-15 -2.755520e-15 -4.680947e-15 -6.989867e-15 -9.117168e-15 -1.024691e-14 -9.617008e-15 -6.911642e-15 -2.520300e-15 2.520300e-15 6.911642e-15 9.617008e-15 1.024691e-14 9.117168e-15 6.989867e-15 4.680947e-15 2.755520e-15 1.430305e-15 6.558097e-16 2.659727e-16 9.553797e-17 3.043600e-17 8.610964e-18 2.165993e-18 4.847167e-19 9.648666e-20 1.705749e-20 2.667654e-21 3.660595e-22 4.333453e-23 4.259481e-24 3.114133e-25 8.688917e-27 -2.115471e-27 -5.175375e-28 -7.586788e-29 -8.841353e-30 -8.813804e-31 -7.749128e-32 -6.104521e-33 -4.349034e-34 -2.818653e-35 -1.668437e-36 -9.044116e-38 -4.497865e-39 -2.054716e-40 -8.627961e-42 -3.331207e-43 -1.182497e-44 -3.857658e-46 -1.155714e-47 -3.176221e-49 -7.996172e-51 -1.840658e-52 -3.865482e-54 -7.385440e-56 -1.279494e-57 -2.001842e-59 -2.814582e-61 -3.459267e-63 -1.977033e-65 -1.915390e-68 -2.845360e-72 -8.355150e-77 -6.111691e-82 -1.310918e-87 -9.135822e-94
1.832277e-91 2.093664e-85 8.094290e-80 9.434784e-75 2.795386e-70 1.662331e-66 1.534028e-63 2.424244e-61 1.797519e-59 1.172846e-57 6.913934e-56 3.697388e-54 1.799749e-52 7.996172e-51 3.250089e-49 1.210745e-47 4.139882e-46 1.300713e-44 3.758101e-43 9.989438e-42 2.443122e-40 5.496288e-39 1.136642e-37 2.158255e-36 3.756019e-35 5.975127e-34 8.654963e-33 1.134830e-31 1.334495e-30 1.385307e-29 1.231071e-28 8.696982e-28 3.661442e-27 -1.644903e-26 -5.990008e-25 -8.526678e-24 -9.063227e-23 -8.019245e-22 -6.135511e-21 -4.128415e-20 -2.463344e-19 -1.308658e-18 -6.200407e-18 -2.620823e-17 -9.877475e-17 -3.315930e-16 -9.903452e-16 -2.628223e-15 -6.191176e-15 -1.293450e-14 -2.394700e-14 -3.924351e-14 -5.677923e-14 -7.210382e-14 -7.930368e-14 -7.322302e-14 -5.205286e-14 -1.887729e-14 1.887729e-14 5.205286e-14 7.322302e-14 7.930368e-14 7.210382e-14 5.677923e-14 3.924351e-14 2.394700e-14 1.293450e-14 6.191176e-15 2.628223e-15 9.903452e-16 3.315930e-16 9.877475e-17 2.620823e-17 6.200407e-18 1.308658e-18 2.463344e-19 4.128415e-20 6.135511e-21 8.019245e-22 9.063227e-23 8.526678e-24 5.990008e-25 1.644903e-26 -3.661442e-27 -8.696982e-28 -1.231071e-28 -1.385307e-29 -1.334495e-30 -1.134830e-31 -8.654963e-33 -5.975127e-34 -3.756019e-35 -2.158255e-36 -1.136642e-37 -5.496288e-39 -2.443122e-40 -9.989438e-42 -3.758101e-43 -1.300713e-44 -4.139882e-46 -1.210745e-47 -3.250089e-49 -7.996172e-51 -1.799749e-52 -3.697388e-54 -6.913934e-56 -1.172846e-57 -1.797519e-59 -2.424244e-61 -1.534028e-63 -1.662331e-66 -2.795386e-70 -9.434784e-75 -8.094290e-80 -2.093664e-85 -1.832277e-91
2.864738e-89 2.714702e-83 8.949359e-78 9.076364e-73 2.375822e-68 1.263114e-64 1.052115e-61 1.513384e-59 1.029197e-57 6.193590e-56 3.382663e-54 1.682358e-52 7.640756e-51 3.176221e-49 1.210745e-47 4.238435e-46 1.364145e-44 4.039841e-43 1.101339e-41 2.764326e-40 6.386626e-39 1.357349e-37 2.650697e-36 4.748028e-35 7.780639e-34 1.161946e-32 1.572124e-31 1.909405e-30 2.048946e-29 1.883588e-28 1.376645e-27 5.967052e-27 -2.906590e-26 -1.078245e-24 -1.595325e-23 -1.768602e-22 -1.635908e-21 -1.311199e-20 -9.262099e-20 -5.814393e-19 -3.257200e-18 -1.631195e-17 -7.305692e-17 -2.924927e-16 -1.045818e-15 -3.335629e-15 -9.479227e-15 -2.397830e-14 -5.395500e-14 -1.079637e-13 -1.920809e-13 -3.036754e-13 -4.257718e-13 -5.265076e-13 -5.667970e-13 -5.149495e-13 -3.621368e-13 -1.306234e-13 1.306234e-13 3.621368e-13 5.149495e-13 5.667970e-13 5.265076e-13 4.257718e-13 3.036754e-13 1.920809e-13 1.079637e-13 5.395500e-14 2.397830e-14 9.479227e-15 3.335629e-15 1.045818e-15 2.924927e-16 7.305692e-17 1.631195e-17 3.257200e-18 5.814393e-19 9.262099e-20 1.311199e-20 1.635908e-21 1.768602e-22 1.595325e-23 1.078245e-24 2.906590e-26 -5.967052e-27 -1.376645e-27 -1.883588e-28 -2.048946e-29 -1.909405e-30 -1.572124e-31 -1.161946e-32 -7.780639e-34 -4.748028e-35 -2.650697e-36 -1.357349e-37 -6.386626e-39 -2.764326e-40 -1.101339e-41 -4.039841e-43 -1.364145e-44 -4.238435e-46 -1.210745e-47 -3.176221e-49 -7.640756e-51 -1.682358e-52 -3.382663e-54 -6.193590e-56 -1.029197e-57 -1.513384e-59 -1.052115e-61 -1.263114e-64 -2.375822e-68 -9.076364e-73 -8.949359e-78 -2.714702e-83 -2.864738e-89
3.634400e-87 2.937005e-81 8.425206e-76 7.549785e-71 1.766966e-66 8.479228e-63 6.424638e-60 8.465532e-58 5.308593e-56 2.959759e-54 1.503361e-52 6.976287e-51 2.964469e-49 1.155714e-47 4.139882e-46 1.364145e-44 4.138334e-43 1.156374e-41 2.976799e-40 7.058204e-39 1.540529e-37 3.091722e-36 5.695571e-35 9.606366e-34 1.477747e-32 2.061266e-31 2.583138e-30 2.862491e-29 2.719384e-28 2.054187e-27 9.164251e-27 -4.802635e-26 -1.818717e-24 -2.793582e-23 -3.225030e-22 -3.112861e-21 -2.608555e-20 -1.930218e-19 -1.271828e-18 -7.493598e-18 -3.955534e-17 -1.871449e-16 -7.933027e-16 -3.010191e-15 -1.021267e-14 -3.094286e-14 -8.364179e-14 -2.015824e-13 -4.330930e-13 -8.297365e-13 -1.418227e-12 -2.162861e-12 -2.938574e-12 -3.538734e-12 -3.729030e-12 -3.333906e-12 -2.319537e-12 -8.321823e-13 8.321823e-13 2.319537e-12 3.333906e-12 3.729030e-12 3.538734e-12 2.938574e-12 2.162861e-12 1.418227e-12 8.297365e-13 4.330930e-13 2.015824e-13 8.364179e-14 3.094286e-14 1.021267e-14 3.010191e-15 7.933027e-16 1.871449e-16 3.955534e-17 7.493598e-18 1.271828e-18 1.930218e-19 2.608555e-20 3.112861e-21 3.225030e-22 2.793582e-23 1.818717e-24 4.802635e-26 -9.164251e-27 -2.054187e-27 -2.719384e-28 -2.862491e-29 -2.583138e-30 -2.061266e-31 -1.477747e-32 -9.606366e-34 -5.695571e-35 -3.091722e-36 -1.540529e-37 -7.058204e-39 -2.976799e-40 -1.156374e-41 -4.138334e-43 -1.364145e-44 -4.139882e-46 -1.155714e-47 -2.964469e-49 -6.976287e-51 -1.503361e-52 -2.959759e-54 -5.308593e-56 -8.465532e-58 -6.424638e-60 -8.479228e-63 -1.766966e-66 -7.549785e-71 -8.425206e-76 -2.937005e-81 -3.634400e-87
3.845104e-85 2.704110e-79 6.854492e-74 5.492432e-69 1.160377e-64 5.065183e-61 3.513435e-58 4.263548e-56 2.476439e-54 1.284092e-52 6.085624e-51 2.642236e-49 1.052989e-47 3.857658e-46 1.300713e-44 4.039841e-43 1.156374e-41 3.051162e-40 7.419798e-39 1.661991e-37 3.425405e-36 6.484957e-35 1.124881e-33 1.780975e-32 2.558860e-31 3.305724e-30 3.779339e-29 3.706771e-28 2.891417e-27 1.327330e-26 -7.431414e-26 -2.877729e-24 -4.583881e-23 -5.502563e-22 -5.533139e-21 -4.838984e-20 -3.743417e-19 -2.583365e-18 -1.597206e-17 -8.864133e-17 -4.418184e-16 -1.977117e-15 -7.936248e-15 -2.854173e-14 -9.185187e-14 -2.642188e-13 -6.788728e-13 -1.557669e-12 -3.193079e-12 -5.853560e-12 -9.607873e-12 -1.412981e-11 -1.859979e-11 -2.181037e-11 -2.249673e-11 -1.979209e-11 -1.362320e-11 -4.861447e-12 4.861447e-12 1.362320e-11 1.979209e-11 2.249673e-11 2.181037e-11 1.859979e-11 1.412981e-11 9.607873e-12 5.853560e-12 3.193079e-12 1.557669e-12 6.788728e-13 2.642188e-13 9.185187e-14 2.854173e-14 7.936248e-15 1.977117e-15 4.418184e-16 8.864133e-17 1.597206e-17 2.583365e-18 3.743417e-19 4.838984e-20 5.533139e-21 5.502563e-22 4.583881e-23 2.877729e-24 7.431414e-26 -1.327330e-26 -2.891417e-27 -3.706771e-28 -3.779339e-29 -3.305724e-30 -2.558860e-31 -1.780975e-32 -1.124881e-33 -6.484957e-35 -3.425405e-36 -1.661991e-37 -7.419798e-39 -3.051162e-40 -1.156374e-41 -4.039841e-43 -1.300713e-44 -3.857658e-46 -1.052989e-47 -2.642236e-49 -6.085624e-51 -1.284092e-52 -2.476439e-54 -4.263548e-56 -3.513435e-58 -5.065183e-61 -1.160377e-64 -5.492432e-69 -6.854492e-74 -2.704110e-79 -3.845104e-85
3.459947e-83 2.150309e-77 4.874501e-72 3.526197e-67 6.777234e-63 2.708266e-59 1.728948e-56 1.940884e-54 1.048201e-52 5.071271e-51 2.248703e-49 9.156498e-48 3.429091e-46 1.182497e-44 3.758101e-43 1.101339e-41 2.976799e-40 7.419798e-39 1.704551e-37 3.605398e-36 7.009690e-35 1.249546e-33 2.034578e-32 3.008582e-31 4.003284e-30 4.717726e-29 4.772831e-28 3.841285e-27 1.814149e-26 -1.078170e-25 -4.275443e-24 -7.055179e-23 -8.794600e-22 -9.199073e-21 -8.381978e-20 -6.766804e-19 -4.881442e-18 -3.160243e-17 -1.839791e-16 -9.637094e-16 -4.540628e-15 -1.922616e-14 -7.307159e-14 -2.489477e-13 -7.593437e-13 -2.071781e-12 -5.054283e-12 -1.102879e-11 -2.154894e-11 -3.776661e-11 -5.948606e-11 -8.431888e-11 -1.074972e-10 -1.227102e-10 -1.238693e-10 -1.072248e-10 -7.301071e-11 -2.591344e-11 2.591344e-11 7.301071e-11 1.072248e-10 1.238693e-10 1.227102e-10 1.074972e-10 8.431888e-11 5.948606e-11 3.776661e-11 2.154894e-11 1.102879e-11 5.054283e-12 2.071781e-12 7.593437e-13 2.489477e-13 7.307159e-14 1.922616e-14 4.540628e-15 9.637094e-16 1.839791e-16 3.160243e-17 4.881442e-18 6.766804e-19 8.381978e-20 9.199073e-21 8.794600e-22 7.055179e-23 4.275443e-24 1.078170e-25 -1.814149e-26 -3.841285e-27 -4.772831e-28 -4.717726e-29 -4.003284e-30 -3.008582e-31 -2.034578e-32 -1.249546e-33 -7.009690e-35 -3.605398e-36 -1.704551e-37 -7.419798e-39 -2.976799e-40 -1.101339e-41 -3.758101e-43 -1.182497e-44 -3.429091e-46 -9.156498e-48 -2.248703e-49 -5.071271e-51 -1.048201e-52 -1.940884e-54 -1.728948e-56 -2.708266e-59 -6.777234e-63 -3.526197e-67 -4.874501e-72 -2.150309e-77 -3.459947e-83
2.687355e-81 1.493746e-75 3.057301e-70 2.012217e-65 3.540870e-61 1.302275e-57 7.685768e-55 8.011777e-53 4.036204e-51 1.827062e-49 7.598024e-48 2.907345e-46 1.024869e-44 3.331207e-43 9.989438e-42 2.764326e-40 7.058204e-39 1.661991e-37 3.605398e-36 7.193789e-35 1.316921e-33 2.203595e-32 3.351062e-31 4.589035e-30 5.569840e-29 5.807437e-28 4.818768e-27 2.340995e-26 -1.468101e-25 -5.969019e-24 -1.019441e-22 -1.317976e-21 -1.432020e-20 -1.357396e-19 -1.141687e-18 -8.593755e-18 -5.814567e-17 -3.543570e-16 -1.946371e-15 -9.632616e-15 -4.291499e-14 -1.718990e-13 -6.181856e-13 -1.993166e-12 -5.755133e-12 -1.487215e-11 -3.439763e-11 -7.127436e-11 -1.325554e-10 -2.218357e-10 -3.349727e-10 -4.572742e-10 -5.642606e-10 -6.267298e-10 -6.189103e-10 -5.269856e-10 -3.549076e-10 -1.252756e-10 1.252756e-10 3.549076e-10 5.269856e-10 6.189103e-10 6.267298e-10 5.642606e-10 4.572742e-10 3.349727e-10 2.218357e-10 1.325554e-10 7.127436e-11 3.439763e-11 1.487215e-11 5.755133e-12 1.993166e-12 6.181856e-13 1.718990e-13 4.291499e-14 9.632616e-15 1.946371e-15 3.543570e-16 5.814567e-17 8.593755e-18 1.141687e-18 1.357396e-19 1.432020e-20 1.317976e-21 1.019441e-22 5.969019e-24 1.468101e-25 -2.340995e-26 -4.818768e-27 -5.807437e-28 -5.569840e-29 -4.589035e-30 -3.351062e-31 -2.203595e-32 -1.316921e-33 -7.193789e-35 -3.605398e-36 -1.661991e-37 -7.058204e-39 -2.764326e-40 -9.989438e-42 -3.331207e-43 -1.024869e-44 -2.907345e-46 -7.598024e-48 -1.827062e-49 -4.036204e-51 -8.011777e-53 -7.685768e-55 -1.302275e-57 -3.540870e-61 -2.012217e-65 -3.057301e-70 -1.493746e-75 -2.687355e-81
1.822236e-79 9.146026e-74 1.703343e-68 1.026548e-63 1.662716e-59 5.653363e-56 3.096171e-53 3.006685e-51 1.416884e-49 6.015180e-48 2.350696e-46 8.466747e-45 2.813212e-43 8.627961e-42 2.443122e-40 6.386626e-39 1.540529e-37 3.425405e-36 7.009690e-35 1.316921e-33 2.262971e-32 3.536518e-31 4.980458e-30 6.220934e-29 6.679651e-28 5.710124e-27 2.853251e-26 -1.877673e-25 -7.836098e-24 -1.383917e-22 -1.853504e-21 -2.089234e-20 -2.057249e-19 -1.799985e-18 -1.411445e-17 -9.963152e-17 -6.344215e-16 -3.646656e-15 -1.891595e-14 -8.846788e-14 -3.725624e-13 -1.410604e-12 -4.794321e-12 -1.460713e-11 -3.985635e-11 -9.736316e-11 -2.130704e-10 -4.184230e-10 -7.393627e-10 -1.179632e-09 -1.705300e-09 -2.239384e-09 -2.672079e-09 -2.885547e-09 -2.785924e-09 -2.332253e-09 -1.553031e-09 -5.450982e-10 5.450982e-10 1.553031e-09 2.332253e-09 2.785924e-09 2.885547e-09 2.672079e-09 2.239384e-09 1.705300e-09 1.179632e-09 7.393627e-10 4.184230e-10 2.130704e-10 9.736316e-11 3.985635e-11 1.460713e-11 4.794321e-12 1.410604e-12 3.725624e-13 8.846788e-14 1.891595e-14 3.646656e-15 6.344215e-16 9.963152e-17 1.411445e-17 1.799985e-18 2.057249e-19 2.089234e-20 1.853504e-21 1.383917e-22 7.836098e-24 1.877673e-25 -2.853251e-26 -5.710124e-27 -6.679651e-28 -6.220934e-29 -4.980458e-30 -3.536518e-31 -2.262971e-32 -1.316921e-33 -7.009690e-35 -3.425405e-36 -1.540529e-37 -6.386626e-39 -2.443122e-40 -8.627961e-42 -2.813212e-43 -8.466747e-45 -2.350696e-46 -6.015180e-48 -1.416884e-49 -3.006685e-51 -3.096171e-53 -5.653363e-56 -1.662716e-59 -1.026548e-63 -1.703343e-68 -9.146026e-74 -1.822236e-79
1.088366e-77 4.971158e-72 8.478486e-67 4.703853e-62 7.044353e-58 2.222635e-54 1.133212e-51 1.027978e-49 4.542102e-48 1.812067e-46 6.665742e-45 2.263002e-43 7.094895e-42 2.054716e-40 5.496288e-39 1.357349e-37 3.091722e-36 6.484957e-35 1.249546e-33 2.203595e-32 3.536518e-31 5.118148e-30 6.574215e-29 7.264035e-28 6.393244e-27 3.285705e-26 -2.257064e-25 -9.678311e-24 -1.766071e-22 -2.447752e-21 -2.858857e-20 -2.920570e-19 -2.654486e-18 -2.165110e-17 -1.591881e-16 -1.057307e-15 -6.348227e-15 -3.444703e-14 -1.687724e-13 -7.456085e-13 -2.965317e-12 -1.059813e-11 -3.398378e-11 -9.763860e-11 -2.511635e-10 -5.785409e-10 -1.194829e-09 -2.218080e-09 -3.715003e-09 -5.638567e-09 -7.788942e-09 -9.823192e-09 -1.131818e-08 -1.186897e-08 -1.119238e-08 -9.205308e-09 -6.057719e-09 -2.113661e-09 2.113661e-09 6.057719e-09 9.205308e-09 1.119238e-08 1.186897e-08 1.131818e-08 9.823192e-09 7.788942e-09 5.638567e-09 3.715003e-09 2.218080e-09 1.194829e-09 5.785409e-10 2.511635e-10 9.763860e-11 3.398378e-11 1.059813e-11 2.965317e-12 7.456085e-13 1.687724e-13 3.444703e-14 6.348227e-15 1.057307e-15 1.591881e-16 2.165110e-17 2.654486e-18 2.920570e-19 2.858857e-20 2.447752e-21 1.766071e-22 9.678311e-24 2.257064e-25 -3.285705e-26 -6.393244e-27 -7.264035e-28 -6.574215e-29 -5.118148e-30 -3.536518e-31 -2.203595e-32 -1.249546e-33 -6.484957e-35 -3.091722e-36 -1.357349e-37 -5.496288e-39 -2.054716e-40 -7.094895e-42 -2.263002e-43 -6.665742e-45 -1.812067e-46 -4.542102e-48 -1.027978e-49 -1.133212e-51 -2.222635e-54 -7.044353e-58 -4.703853e-62 -8.478486e-67 -4.971158e-72 -1.088366e-77
5.766488e-76 2.412315e-70 3.787968e-65 1.943339e-60 2.701036e-56 7.933954e-53 3.776065e-50 3.207231e-48 1.331364e-46 4.999698e-45 1.733554e-43 5.553311e-42 1.644055e-40 4.497865e-39 1.136642e-37 2.650697e-36 5.695571e-35 1.124881e-33 2.034578e-32 3.351062e-31 4.980458e-30 6.574215e-29 7.469872e-28 6.764568e-27 3.575718e-26 -2.551062e-25 -1.125062e-23 -2.119621e-22 -3.037134e-21 -3.671451e-20 -3.886544e-19 -3.664735e-18 -3.104864e-17 -2.374249e-16 -1.642251e-15 -1.028243e-14 -5.826228e-14 -2.984774e-13 -1.380560e-12 -5.755265e-12 -2.158310e-11 -7.267274e-11 -2.193307e-10 -5.925994e-10 -1.432714e-09 -3.101563e-09 -6.024431e-09 -1.053674e-08 -1.667415e-08 -2.400487e-08 -3.160160e-08 -3.818488e-08 -4.239321e-08 -4.309151e-08 -3.962825e-08 -3.198262e-08 -2.078250e-08 -7.205695e-09 7.205695e-09 2.078250e-08 3.198262e-08 3.962825e-08 4.309151e-08 4.239321e-08 3.818488e-08 3.160160e-08 2.400487e-08 1.667415e-08 1.053674e-08 6.024431e-09 3.101563e-09 1.432714e-09 5.925994e-10 2.193307e-10 7.267274e-11 2.158310e-11 5.755265e-12 1.380560e-12 2.984774e-13 5.826228e-14 1.028243e-14 1.642251e-15 2.374249e-16 3.104864e-17 3.664735e-18 3.886544e-19 3.671451e-20 3.037134e-21 2.119621e-22 1.125062e-23 2.551062e-25 -3.575718e-26 -6.764568e-27 -7.469872e-28 -6.574215e-29 -4.980458e-30 -3.351062e-31 -2.034578e-32 -1.124881e-33 -5.695571e-35 -2.650697e-36 -1.136642e-37 -4.497865e-39 -1.644055e-40 -5.553311e-42 -1.733554e-43 -4.999698e-45 -1.331364e-46 -3.207231e-48 -3.776065e-50 -7.933954e-53 -2.701036e-56 -1.943339e-60 -3.787968e-65 -2.412315e-70 -5.766488e-76
2.725710e-74 1.049943e-68 1.524760e-63 7.261057e-59 9.396677e-55 2.576619e-51 1.147381e-48 9.142521e-47 3.571500e-45 1.264215e-43 4.136153e-42 1.251177e-40 3.499225e-39 9.044116e-38 2.158255e-36 4.748028e-35 9.606366e-34 1.780975e-32 3.008582e-31 4.589035e-30 6.220934e-29 7.264035e-28 6.764568e-27 3.677915e-26 -2.711929e-25 -1.231272e-23 -2.393369e-22 -3.542119e-21 -4.427285e-20 -4.850949e-19 -4.739682e-18 -4.165729e-17 -3.308517e-16 -2.379785e-15 -1.551421e-14 -9.164446e-14 -4.900712e-13 -2.368948e-12 -1.033236e-11 -4.057802e-11 -1.431816e-10 -4.529864e-10 -1.282693e-09 -3.247246e-09 -7.348776e-09 -1.488613e-08 -2.707146e-08 -4.440728e-08 -6.610668e-08 -8.989722e-08 -1.123489e-07 -1.295961e-07 -1.381803e-07 -1.357471e-07 -1.214429e-07 -9.599071e-08 -6.150947e-08 -2.117745e-08 2.117745e-08 6.150947e-08 9.599071e-08 1.214429e-07 1.357471e-07 1.381803e-07 1.295961e-07 1.123489e-07 8.989722e-08 6.610668e-08 4.440728e-08 2.707146e-08 1.488613e-08 7.348776e-09 3.247246e-09 1.282693e-09 4.529864e-10 1.431816e-10 4.057802e-11 1.033236e-11 2.368948e-12 4.900712e-13 9.164446e-14 1.551421e-14 2.379785e-15 3.308517e-16 4.165729e-17 4.739682e-18 4.850949e-19 4.427285e-20 3.542119e-21 2.393369e-22 1.231272e-23 2.711929e-25 -3.677915e-26 -6.764568e-27 -7.264035e-28 -6.220934e-29 -4.589035e-30 -3.008582e-31 -1.780975e-32 -9.606366e-34 -4.748028e-35 -2.158255e-36 -9.044116e-38 -3.499225e-39 -1.251177e-40 -4.136153e-42 -1.264215e-43 -3.571500e-45 -9.142521e-47 -1.147381e-48 -2.576619e-51 -9.396677e-55 -7.261057e-59 -1.524760e-63 -1.049943e-68 -2.725710e-74
