0.000000e+00 0.000000e+00 0.000000e+00 0.000000e+00 0.000000e+00 0.000000e+00 0.000000e+00 0.000000e+00 0.000000e+00 0.000000e+00 0.000000e+00 0.000000e+00 0.000000e+00 0.000000e+00 0.000000e+00 0.000000e+00 0.000000e+00 0.000000e+00 0.000000e+00 0.000000e+00 0.000000e+00 0.000000e+00 0.000000e+00 0.000000e+00 0.000000e+00 0.000000e+00 0.000000e+00 0.000000e+00 0.000000e+00 0.000000e+00 0.000000e+00 0.000000e+00 0.000000e+00 0.000000e+00 0.000000e+00 0.000000e+00 0.000000e+00 0.000000e+00 0.000000e+00 0.000000e+00 0.000000e+00 0.000000e+00 0.000000e+00 0.000000e+00 0.000000e+00 0.000000e+00 0.000000e+00 0.000000e+00 0.000000e+00 0.000000e+00 0.000000e+00 0.000000e+00 0.000000e+00 0.000000e+00 0.000000e+00 0.000000e+00 0.000000e+00 0.000000e+00 0.000000e+00 0.000000e+00 0.000000e+00 0.000000e+00 0.000000e+00 0.000000e+00 0.000000e+00 0.000000e+00 0.000000e+00 0.000000e+00 0.000000e+00 0.000000e+00 0.000000e+00 0.000000e+00 0.000000e+00 0.000000e+00 0.000000e+00 0.000000e+00 0.000000e+00 0.000000e+00 0.000000e+00 0.000000e+00 0.000000e+00 0.000000e+00 0.000000e+00 0.000000e+00 0.000000e+00 0.000000e+00 0.000000e+00 0.000000e+00 0.000000e+00 0.000000e+00 0.000000e+00 0.000000e+00 0.000000e+00 0.000000e+00 0.000000e+00 0.000000e+00 0.000000e+00 0.000000e+00 0.000000e+00 0.000000e+00 0.000000e+00 0.000000e+00 0.000000e+00 0.000000e+00 0.000000e+00 0.000000e+00 0.000000e+00 0.000000e+00 0.000000e+00 0.000000e+00 0.000000e+00 0.000000e+00 0.000000e+00 0.000000e+00 0.000000e+00 0.000000e+00
1.449602e-83 1.976265e-78 1.051812e-73 1.893397e-69 9.520642e-66 1.039727e-62 1.890180e-60 6.394074e-59 1.117042e-57 1.810357e-56 2.755083e-55 3.926821e-54 5.222102e-53 6.443702e-52 7.313868e-51 7.524832e-50 6.822157e-49 5.098703e-48 2.463894e-47 -7.460672e-47 -4.032738e-45 -6.860131e-44 -8.797436e-43 -9.627667e-42 -9.384151e-41 -8.307768e-40 -6.749863e-39 -5.063085e-38 -3.518796e-37 -2.270728e-36 -1.362302e-35 -7.603360e-35 -3.948861e-34 -1.908355e-33 -8.579649e-33 -3.587142e-32 -1.394150e-31 -5.034461e-31 -1.688443e-30 -5.257028e-30 -1.519090e-29 -4.073207e-29 -1.013398e-28 -2.339689e-28 -5.013873e-28 -9.976326e-28 -1.843777e-27 -3.166017e-27 -5.051423e-27 -7.485950e-27 -1.029249e-26 -1.309771e-26 -1.535723e-26 -1.645374e-26 -1.585498e-26 -1.328758e-26 -8.865205e-27 -3.115723e-27 3.115723e-27 8.865205e-27 1.328758e-26 1.585498e-26 1.645374e-26 1.535723e-26 1.309771e-26 1.029249e-26 7.485950e-27 5.051423e-27 3.166017e-27 1.843777e-27 9.976326e-28 5.013873e-28 2.339689e-28 1.013398e-28 4.073207e-29 1.519090e-29 5.257028e-30 1.688443e-30 5.034461e-31 1.394150e-31 3.587142e-32 8.579649e-33 1.908355e-33 3.948861e-34 7.603360e-35 1.362302e-35 2.270728e-36 3.518796e-37 5.063085e-38 6.749863e-39 8.307768e-40 9.384151e-41 9.627667e-42 8.797436e-43 6.860131e-44 4.032738e-45 7.460672e-47 -2.463894e-47 -5.098703e-48 -6.822157e-49 -7.524832e-50 -7.313868e-51 -6.443702e-52 -5.222102e-53 -3.926821e-54 -2.755083e-55 -1.810357e-56 -1.117042e-57 -6.394074e-59 -1.890180e-60 -1.039727e-62 -9.520642e-66 -1.893397e-69 -1.051812e-73 -1.976265e-78 -1.449602e-83
1.293844e-78 1.688713e-73 8.603107e-69 1.481893e-64 7.126198e-61 7.436745e-58 1.290781e-55 4.169313e-54 6.962188e-53 1.076882e-51 1.559860e-50 2.107704e-49 2.641213e-48 3.041356e-47 3.167543e-46 2.892484e-45 2.145901e-44 9.520363e-44 -5.560840e-43 -2.156582e-41 -3.590805e-40 -4.631248e-39 -5.141012e-38 -5.103285e-37 -4.612111e-36 -3.831679e-35 -2.942707e-34 -2.096210e-33 -1.387826e-32 -8.549913e-32 -4.904356e-31 -2.619951e-30 -1.303385e-29 -6.036921e-29 -2.602317e-28 -1.043550e-27 -3.891068e-27 -1.348423e-26 -4.341193e-26 -1.298021e-25 -3.603822e-25 -9.290548e-25 -2.224222e-24 -4.946667e-24 -1.022471e-23 -1.965378e-23 -3.515320e-23 -5.853782e-23 -9.077850e-23 -1.310757e-22 -1.760474e-22 -2.194425e-22 -2.527425e-22 -2.667633e-22 -2.539812e-22 -2.109360e-22 -1.398838e-22 -4.901432e-23 4.901432e-23 1.398838e-22 2.109360e-22 2.539812e-22 2.667633e-22 2.527425e-22 2.194425e-22 1.760474e-22 1.310757e-22 9.077850e-23 5.853782e-23 3.515320e-23 1.965378e-23 1.022471e-23 4.946667e-24 2.224222e-24 9.290548e-25 3.603822e-25 1.298021e-25 4.341193e-26 1.348423e-26 3.891068e-27 1.043550e-27 2.602317e-28 6.036921e-29 1.303385e-29 2.619951e-30 4.904356e-31 8.549913e-32 1.387826e-32 2.096210e-33 2.942707e-34 3.831679e-35 4.612111e-36 5.103285e-37 5.141012e-38 4.631248e-39 3.590805e-40 2.156582e-41 5.560840e-43 -9.520363e-44 -2.145901e-44 -2.892484e-45 -3.167543e-46 -3.041356e-47 -2.641213e-48 -2.107704e-49 -1.559860e-50 -1.076882e-51 -6.962188e-53 -4.169313e-54 -1.290781e-55 -7.436745e-58 -7.126198e-61 -1.481893e-64 -8.603107e-69 -1.688713e-73 -1.293844e-78
4.218565e-74 5.270414e-69 2.569246e-64 4.232443e-60 1.944929e-56 1.937374e-53 3.205521e-51 9.866925e-50 1.570985e-48 2.311162e-47 3.170671e-46 4.031626e-45 4.704920e-44 4.953578e-43 4.545923e-42 3.329525e-41 1.302958e-40 -1.344741e-39 -4.251001e-38 -6.957393e-37 -9.026596e-36 -1.015815e-34 -1.026087e-33 -9.457572e-33 -8.025912e-32 -6.303830e-31 -4.597117e-30 -3.118666e-29 -1.970316e-28 -1.159931e-27 -6.364143e-27 -3.254050e-26 -1.550132e-25 -6.877051e-25 -2.840009e-24 -1.091196e-23 -3.898859e-23 -1.294894e-22 -3.996160e-22 -1.145704e-21 -3.051434e-21 -7.550997e-21 -1.736723e-20 -3.714741e-20 -7.394691e-20 -1.371125e-19 -2.370183e-19 -3.822719e-19 -5.755287e-19 -8.088471e-19 -1.060263e-18 -1.293534e-18 -1.462458e-18 -1.519792e-18 -1.429028e-18 -1.175747e-18 -7.748335e-19 -2.706457e-19 2.706457e-19 7.748335e-19 1.175747e-18 1.429028e-18 1.519792e-18 1.462458e-18 1.293534e-18 1.060263e-18 8.088471e-19 5.755287e-19 3.822719e-19 2.370183e-19 1.371125e-19 7.394691e-20 3.714741e-20 1.736723e-20 7.550997e-21 3.051434e-21 1.145704e-21 3.996160e-22 1.294894e-22 3.898859e-23 1.091196e-23 2.840009e-24 6.877051e-25 1.550132e-25 3.254050e-26 6.364143e-27 1.159931e-27 1.970316e-28 3.118666e-29 4.597117e-30 6.303830e-31 8.025912e-32 9.457572e-33 1.026087e-33 1.015815e-34 9.026596e-36 6.957393e-37 4.251001e-38 1.344741e-39 -1.302958e-40 -3.329525e-41 -4.545923e-42 -4.953578e-43 -4.704920e-44 -4.031626e-45 -3.170671e-46 -2.311162e-47 -1.570985e-48 -9.866925e-50 -3.205521e-51 -1.937374e-53 -1.944929e-56 -4.232443e-60 -2.569246e-64 -5.270414e-69 -4.218565e-74
4.259168e-70 5.091686e-65 2.373809e-60 3.736854e-56 1.639074e-52 1.555999e-49 2.448886e-47 7.162792e-46 1.083392e-44 1.507999e-43 1.943968e-42 2.296711e-41 2.440878e-40 2.245461e-39 1.612542e-38 5.191026e-38 -9.542998e-37 -2.623324e-35 -4.234512e-34 -5.527178e-33 -6.302148e-32 -6.472562e-31 -6.078727e-30 -5.263950e-29 -4.223791e-28 -3.149749e-27 -2.186815e-26 -1.415007e-25 -8.537630e-25 -4.804103e-24 -2.520774e-23 -1.233024e-22 -5.620039e-22 -2.385705e-21 -9.426874e-21 -3.465447e-20 -1.184623e-19 -3.764076e-19 -1.111429e-18 -3.049395e-18 -7.775187e-18 -1.843029e-17 -4.063909e-17 -8.342844e-17 -1.596223e-16 -2.849607e-16 -4.752220e-16 -7.411077e-16 -1.081581e-15 -1.477461e-15 -1.887837e-15 -2.251794e-15 -2.496747e-15 -2.552630e-15 -2.368926e-15 -1.929936e-15 -1.263506e-15 -4.398844e-16 4.398844e-16 1.263506e-15 1.929936e-15 2.368926e-15 2.552630e-15 2.496747e-15 2.251794e-15 1.887837e-15 1.477461e-15 1.081581e-15 7.411077e-16 4.752220e-16 2.849607e-16 1.596223e-16 8.342844e-17 4.063909e-17 1.843029e-17 7.775187e-18 3.049395e-18 1.111429e-18 3.764076e-19 1.184623e-19 3.465447e-20 9.426874e-21 2.385705e-21 5.620039e-22 1.233024e-22 2.520774e-23 4.804103e-24 8.537630e-25 1.415007e-25 2.186815e-26 3.149749e-27 4.223791e-28 5.263950e-29 6.078727e-30 6.472562e-31 6.302148e-32 5.527178e-33 4.234512e-34 2.623324e-35 9.542998e-37 -5.191026e-38 -1.612542e-38 -2.245461e-39 -2.440878e-40 -2.296711e-41 -1.943968e-42 -1.507999e-43 -1.083392e-44 -7.162792e-46 -2.448886e-47 -1.555999e-49 -1.639074e-52 -3.736854e-56 -2.373809e-60 -5.091686e-65 -4.259168e-70
1.067769e-66 1.220765e-61 5.438639e-57 8.172089e-53 3.416022e-49 3.083756e-46 4.602340e-44 1.273816e-42 1.820036e-41 2.376709e-40 2.839653e-39 3.041598e-38 2.796929e-37 1.952397e-36 4.472394e-36 -1.638591e-34 -4.071428e-33 -6.500095e-32 -8.536623e-31 -9.856820e-30 -1.028518e-28 -9.833458e-28 -8.681010e-27 -7.108726e-26 -5.414765e-25 -3.842922e-24 -2.543609e-23 -1.570880e-22 -9.052788e-22 -4.867444e-21 -2.440905e-20 -1.141110e-19 -4.970383e-19 -2.015947e-18 -7.609155e-18 -2.671291e-17 -8.718279e-17 -2.644359e-16 -7.452870e-16 -1.951959e-15 -4.752327e-15 -1.076211e-14 -2.269014e-14 -4.458940e-14 -8.178584e-14 -1.402247e-13 -2.250696e-13 -3.386357e-13 -4.780800e-13 -6.335737e-13 -7.877864e-13 -9.173122e-13 -9.961726e-13 -1.000877e-12 -9.159345e-13 -7.383822e-13 -4.800199e-13 -1.665292e-13 1.665292e-13 4.800199e-13 7.383822e-13 9.159345e-13 1.000877e-12 9.961726e-13 9.173122e-13 7.877864e-13 6.335737e-13 4.780800e-13 3.386357e-13 2.250696e-13 1.402247e-13 8.178584e-14 4.458940e-14 2.269014e-14 1.076211e-14 4.752327e-15 1.951959e-15 7.452870e-16 2.644359e-16 8.718279e-17 2.671291e-17 7.609155e-18 2.015947e-18 4.970383e-19 1.141110e-19 2.440905e-20 4.867444e-21 9.052788e-22 1.570880e-22 2.543609e-23 3.842922e-24 5.414765e-25 7.108726e-26 8.681010e-27 9.833458e-28 1.028518e-28 9.856820e-30 8.536623e-31 6.500095e-32 4.071428e-33 1.638591e-34 -4.472394e-36 -1.952397e-36 -2.796929e-37 -3.041598e-38 -2.839653e-39 -2.376709e-40 -1.820036e-41 -1.273816e-42 -4.602340e-44 -3.083756e-46 -3.416022e-49 -8.172089e-53 -5.438639e-57 -1.220765e-61 -1.067769e-66
5.050022e-64 5.517570e-59 2.346500e-54 3.360454e-50 1.335878e-46 1.143325e-43 1.611059e-41 4.193079e-40 5.608759e-39 6.771054e-38 7.299460e-37 6.691007e-36 4.494621e-35 4.748392e-35 -5.239884e-33 -1.208979e-31 -1.914669e-30 -2.531085e-29 -2.958778e-28 -3.135077e-27 -3.049380e-26 -2.742273e-25 -2.289817e-24 -1.779966e-23 -1.290092e-22 -8.725799e-22 -5.509792e-21 -3.248117e-20 -1.787337e-19 -9.176788e-19 -4.393978e-18 -1.960840e-17 -8.149972e-17 -3.152886e-16 -1.134544e-15 -3.795343e-15 -1.179802e-14 -3.407088e-14 -9.140339e-14 -2.278531e-13 -5.280900e-13 -1.138976e-12 -2.288823e-12 -4.292068e-12 -7.523835e-12 -1.235209e-11 -1.902688e-11 -2.754453e-11 -3.752231e-11 -4.812885e-11 -5.810995e-11 -6.592835e-11 -7.000575e-11 -6.902330e-11 -6.221539e-11 -4.958604e-11 -3.199080e-11 -1.105598e-11 1.105598e-11 3.199080e-11 4.958604e-11 6.221539e-11 6.902330e-11 7.000575e-11 6.592835e-11 5.810995e-11 4.812885e-11 3.752231e-11 2.754453e-11 1.902688e-11 1.235209e-11 7.523835e-12 4.292068e-12 2.288823e-12 1.138976e-12 5.280900e-13 2.278531e-13 9.140339e-14 3.407088e-14 1.179802e-14 3.795343e-15 1.134544e-15 3.152886e-16 8.149972e-17 1.960840e-17 4.393978e-18 9.176788e-19 1.787337e-19 3.248117e-20 5.509792e-21 8.725799e-22 1.290092e-22 1.779966e-23 2.289817e-24 2.742273e-25 3.049380e-26 3.135077e-27 2.958778e-28 2.531085e-29 1.914669e-30 1.208979e-31 5.239884e-33 -4.748392e-35 -4.494621e-35 -6.691007e-36 -7.299460e-37 -6.771054e-38 -5.608759e-39 -4.193079e-40 -1.611059e-41 -1.143325e-43 -1.335878e-46 -3.360454e-50 -2.346500e-54 -5.517570e-59 -5.050022e-64
3.810455e-62 3.976829e-57 1.613110e-52 2.198762e-48 8.294250e-45 6.706781e-42 8.873002e-40 2.152336e-38 2.656630e-37 2.885141e-36 2.638895e-35 1.702926e-34 -5.850404e-35 -2.629250e-32 -5.797444e-31 -9.166648e-30 -1.223096e-28 -1.449701e-27 -1.561327e-26 -1.546032e-25 -1.417000e-24 -1.206974e-23 -9.577871e-23 -7.091182e-22 -4.902249e-21 -3.165529e-20 -1.909295e-19 -1.075396e-18 -5.653845e-18 -2.773006e-17 -1.267937e-16 -5.400916e-16 -2.141571e-15 -7.899036e-15 -2.708323e-14 -8.627180e-14 -2.552169e-13 -7.010523e-13 -1.788313e-12 -4.238257e-12 -9.339931e-12 -1.916222e-11 -3.665986e-11 -6.552630e-11 -1.096620e-10 -1.722226e-10 -2.543722e-10 -3.540334e-10 -4.650240e-10 -5.769453e-10 -6.760327e-10 -7.469405e-10 -7.751821e-10 -7.497604e-10 -6.654478e-10 -5.242301e-10 -3.355899e-10 -1.155285e-10 1.155285e-10 3.355899e-10 5.242301e-10 6.654478e-10 7.497604e-10 7.751821e-10 7.469405e-10 6.760327e-10 5.769453e-10 4.650240e-10 3.540334e-10 2.543722e-10 1.722226e-10 1.096620e-10 6.552630e-11 3.665986e-11 1.916222e-11 9.339931e-12 4.238257e-12 1.788313e-12 7.010523e-13 2.552169e-13 8.627180e-14 2.708323e-14 7.899036e-15 2.141571e-15 5.400916e-16 1.267937e-16 2.773006e-17 5.653845e-18 1.075396e-18 1.909295e-19 3.165529e-20 4.902249e-21 7.091182e-22 9.577871e-23 1.206974e-23 1.417000e-24 1.546032e-25 1.561327e-26 1.449701e-27 1.223096e-28 9.166648e-30 5.797444e-31 2.629250e-32 5.850404e-35 -1.702926e-34 -2.638895e-35 -2.885141e-36 -2.656630e-37 -2.152336e-38 -8.873002e-40 -6.706781e-42 -8.294250e-45 -2.198762e-48 -1.613110e-52 -3.976829e-57 -3.810455e-62
8.252029e-61 8.236285e-56 3.189093e-51 4.138437e-47 1.480439e-43 1.128483e-40 1.394453e-38 3.118723e-37 3.474883e-36 3.216156e-35 2.067712e-34 -1.983114e-34 -3.627184e-32 -8.003139e-31 -1.283722e-29 -1.744387e-28 -2.109532e-27 -2.320790e-26 -2.349522e-25 -2.203306e-24 -1.921498e-23 -1.562154e-22 -1.185637e-21 -8.407472e-21 -5.571946e-20 -3.451218e-19 -1.997324e-18 -1.079540e-17 -5.446062e-17 -2.562556e-16 -1.123758e-15 -4.589088e-15 -1.743737e-14 -6.160301e-14 -2.022061e-13 -6.163487e-13 -1.744045e-12 -4.581048e-12 -1.117301e-11 -2.532015e-11 -5.337416e-11 -1.048172e-10 -1.921386e-10 -3.295073e-10 -5.299868e-10 -8.015393e-10 -1.142642e-09 -1.538738e-09 -1.960759e-09 -2.366563e-09 -2.705429e-09 -2.924982e-09 -2.979333e-09 -2.836902e-09 -2.486482e-09 -1.940423e-09 -1.234378e-09 -4.236033e-10 4.236033e-10 1.234378e-09 1.940423e-09 2.486482e-09 2.836902e-09 2.979333e-09 2.924982e-09 2.705429e-09 2.366563e-09 1.960759e-09 1.538738e-09 1.142642e-09 8.015393e-10 5.299868e-10 3.295073e-10 1.921386e-10 1.048172e-10 5.337416e-11 2.532015e-11 1.117301e-11 4.581048e-12 1.744045e-12 6.163487e-13 2.022061e-13 6.160301e-14 1.743737e-14 4.589088e-15 1.123758e-15 2.562556e-16 5.446062e-17 1.079540e-17 1.997324e-18 3.451218e-19 5.571946e-20 8.407472e-21 1.185637e-21 1.562154e-22 1.921498e-23 2.203306e-24 2.349522e-25 2.320790e-26 2.109532e-27 1.744387e-28 1.283722e-29 8.003139e-31 3.627184e-32 1.983114e-34 -2.067712e-34 -3.216156e-35 -3.474883e-36 -3.118723e-37 -1.394453e-38 -1.128483e-40 -1.480439e-43 -4.138437e-47 -3.189093e-51 -8.236285e-56 -8.252029e-61
1.423040e-59 1.358374e-54 5.018162e-50 6.191070e-46 2.094199e-42 1.496314e-39 1.707486e-37 3.439236e-36 3.277278e-35 2.149299e-34 -2.146422e-34 -3.943084e-32 -8.886298e-31 -1.457084e-29 -2.025133e-28 -2.506221e-27 -2.823021e-26 -2.927714e-25 -2.814003e-24 -2.516663e-23 -2.099347e-22 -1.635807e-21 -1.191554e-20 -8.116607e-20 -5.170248e-19 -3.079004e-18 -1.713447e-17 -8.904825e-17 -4.318729e-16 -1.953021e-15 -8.228120e-15 -3.226646e-14 -1.176746e-13 -3.987932e-13 -1.255021e-12 -3.665859e-12 -9.936011e-12 -2.499129e-11 -5.835826e-11 -1.266318e-10 -2.556858e-10 -4.812804e-10 -8.464602e-10 -1.394652e-09 -2.158716e-09 -3.147953e-09 -4.336446e-09 -5.656415e-09 -6.999292e-09 -8.225378e-09 -9.180770e-09 -9.718590e-09 -9.720664e-09 -9.115928e-09 -7.892654e-09 -6.102841e-09 -3.858417e-09 -1.320022e-09 1.320022e-09 3.858417e-09 6.102841e-09 7.892654e-09 9.115928e-09 9.720664e-09 9.718590e-09 9.180770e-09 8.225378e-09 6.999292e-09 5.656415e-09 4.336446e-09 3.147953e-09 2.158716e-09 1.394652e-09 8.464602e-10 4.812804e-10 2.556858e-10 1.266318e-10 5.835826e-11 2.499129e-11 9.936011e-12 3.665859e-12 1.255021e-12 3.987932e-13 1.176746e-13 3.226646e-14 8.228120e-15 1.953021e-15 4.318729e-16 8.904825e-17 1.713447e-17 3.079004e-18 5.170248e-19 8.116607e-20 1.191554e-20 1.635807e-21 2.099347e-22 2.516663e-23 2.814003e-24 2.927714e-25 2.823021e-26 2.506221e-27 2.025133e-28 1.457084e-29 8.886298e-31 3.943084e-32 2.146422e-34 -2.149299e-34 -3.277278e-35 -3.439236e-36 -1.707486e-37 -1.496314e-39 -2.094199e-42 -6.191070e-46 -5.018162e-50 -1.358374e-54 -1.423040e-59
2.311095e-58 2.105998e-53 7.402335e-49 8.644959e-45 2.745549e-41 1.815711e-38 1.865510e-36 3.189055e-35 2.148949e-34 -2.202575e-34 -4.112634e-32 -9.466604e-31 -1.586279e-29 -2.254108e-28 -2.853453e-27 -3.289300e-26 -3.492760e-25 -3.439010e-24 -3.152292e-23 -2.696539e-22 -2.155802e-21 -1.612063e-20 -1.127909e-19 -7.383857e-19 -4.521627e-18 -2.588837e-17 -1.384966e-16 -6.917813e-16 -3.223457e-15 -1.399901e-14 -5.660815e-14 -2.129362e-13 -7.444059e-13 -2.416572e-12 -7.279877e-12 -2.034142e-11 -5.271045e-11 -1.266943e-10 -2.826453e-10 -5.859348e-10 -1.130600e-09 -2.035046e-09 -3.426046e-09 -5.410745e-09 -8.041386e-09 -1.128174e-08 -1.498548e-08 -1.889439e-08 -2.265897e-08 -2.587832e-08 -2.815170e-08 -2.913192e-08 -2.857164e-08 -2.635604e-08 -2.251841e-08 -1.723857e-08 -1.082607e-08 -3.691356e-09 3.691356e-09 1.082607e-08 1.723857e-08 2.251841e-08 2.635604e-08 2.857164e-08 2.913192e-08 2.815170e-08 2.587832e-08 2.265897e-08 1.889439e-08 1.498548e-08 1.128174e-08 8.041386e-09 5.410745e-09 3.426046e-09 2.035046e-09 1.130600e-09 5.859348e-10 2.826453e-10 1.266943e-10 5.271045e-11 2.034142e-11 7.279877e-12 2.416572e-12 7.444059e-13 2.129362e-13 5.660815e-14 1.399901e-14 3.223457e-15 6.917813e-16 1.384966e-16 2.588837e-17 4.521627e-18 7.383857e-19 1.127909e-19 1.612063e-20 2.155802e-21 2.696539e-22 3.152292e-23 3.439010e-24 3.492760e-25 3.289300e-26 2.853453e-27 2.254108e-28 1.586279e-29 9.466604e-31 4.112634e-32 2.202575e-34 -2.148949e-34 -3.189055e-35 -1.865510e-36 -1.815711e-38 -2.745549e-41 -8.644959e-45 -7.402335e-49 -2.105998e-53 -2.311095e-58
3.525266e-57 3.058593e-52 1.018685e-47 1.118711e-43 3.297054e-40 1.971960e-37 1.724617e-35 2.061588e-34 -2.149045e-34 -4.112637e-32 -9.668278e-31 -1.655080e-29 -2.403650e-28 -3.111075e-27 -3.668440e-26 -3.986453e-25 -4.018828e-24 -3.773586e-23 -3.308381e-22 -2.712204e-21 -2.080789e-20 -1.494455e-19 -1.004816e-18 -6.323012e-18 -3.722101e-17 -2.048326e-16 -1.052972e-15 -5.051900e-15 -2.259904e-14 -9.416212e-14 -3.650538e-13 -1.315472e-12 -4.401755e-12 -1.366514e-11 -3.933234e-11 -1.049172e-10 -2.593392e-10 -5.942418e-10 -1.263290e-09 -2.495203e-09 -4.588252e-09 -7.874892e-09 -1.265370e-08 -1.909959e-08 -2.717582e-08 -3.657536e-08 -4.671263e-08 -5.677201e-08 -6.580342e-08 -7.284404e-08 -7.704082e-08 -7.775239e-08 -7.461667e-08 -6.757989e-08 -5.689057e-08 -4.306642e-08 -2.684391e-08 -9.118508e-09 9.118508e-09 2.684391e-08 4.306642e-08 5.689057e-08 6.757989e-08 7.461667e-08 7.775239e-08 7.704082e-08 7.284404e-08 6.580342e-08 5.677201e-08 4.671263e-08 3.657536e-08 2.717582e-08 1.909959e-08 1.265370e-08 7.874892e-09 4.588252e-09 2.495203e-09 1.263290e-09 5.942418e-10 2.593392e-10 1.049172e-10 3.933234e-11 1.366514e-11 4.401755e-12 1.315472e-12 3.650538e-13 9.416212e-14 2.259904e-14 5.051900e-15 1.052972e-15 2.048326e-16 3.722101e-17 6.323012e-18 1.004816e-18 1.494455e-19 2.080789e-20 2.712204e-21 3.308381e-22 3.773586e-23 4.018828e-24 3.986453e-25 3.668440e-26 3.111075e-27 2.403650e-28 1.655080e-29 9.668278e-31 4.112637e-32 2.149045e-34 -2.061588e-34 -1.724617e-35 -1.971960e-37 -3.297054e-40 -1.118711e-43 -1.018685e-47 -3.058593e-52 -3.525266e-57
5.037364e-56 4.145165e-51 1.300044e-46 1.328081e-42 3.556659e-39 1.830531e-36 1.145674e-34 -1.695870e-34 -3.943147e-32 -9.466606e-31 -1.655080e-29 -2.455654e-28 -3.248417e-27 -3.916431e-26 -4.353464e-25 -4.491440e-24 -4.318004e-23 -3.877904e-22 -3.258155e-21 -2.563092e-20 -1.888546e-19 -1.303356e-18 -8.422781e-18 -5.094426e-17 -2.882018e-16 -1.523739e-15 -7.522047e-15 -3.463615e-14 -1.485993e-13 -5.933388e-13 -2.202357e-12 -7.590721e-12 -2.426798e-11 -7.190251e-11 -1.972929e-10 -5.011452e-10 -1.178421e-09 -2.566478e-09 -5.182563e-09 -9.720109e-09 -1.697269e-08 -2.767439e-08 -4.228194e-08 -6.075963e-08 -8.243955e-08 -1.060110e-07 -1.296504e-07 -1.512609e-07 -1.687593e-07 -1.803473e-07 -1.847124e-07 -1.811369e-07 -1.695119e-07 -1.502793e-07 -1.243290e-07 -9.288232e-08 -5.738215e-08 -1.940490e-08 1.940490e-08 5.738215e-08 9.288232e-08 1.243290e-07 1.502793e-07 1.695119e-07 1.811369e-07 1.847124e-07 1.803473e-07 1.687593e-07 1.512609e-07 1.296504e-07 1.060110e-07 8.243955e-08 6.075963e-08 4.228194e-08 2.767439e-08 1.697269e-08 9.720109e-09 5.182563e-09 2.566478e-09 1.178421e-09 5.011452e-10 1.972929e-10 7.190251e-11 2.426798e-11 7.590721e-12 2.202357e-12 5.933388e-13 1.485993e-13 3.463615e-14 7.522047e-15 1.523739e-15 2.882018e-16 5.094426e-17 8.422781e-18 1.303356e-18 1.888546e-19 2.563092e-20 3.258155e-21 3.877904e-22 4.318004e-23 4.491440e-24 4.353464e-25 3.916431e-26 3.248417e-27 2.455654e-28 1.655080e-29 9.466606e-31 3.943147e-32 1.695870e-34 -1.145674e-34 -1.830531e-36 -3.556659e-39 -1.328081e-42 -1.300044e-46 -4.145165e-51 -5.037364e-56
6.718191e-55 5.212573e-50 1.524066e-45 1.420796e-41 3.308996e-38 1.269003e-35 3.869624e-35 -3.550729e-32 -8.886042e-31 -1.586279e-29 -2.403650e-28 -3.248417e-27 -4.002739e-26 -4.549358e-25 -4.801078e-24 -4.723571e-23 -4.343308e-22 -3.737992e-21 -3.013593e-20 -2.276752e-19 -1.611888e-18 -1.069120e-17 -6.640164e-17 -3.859239e-16 -2.097188e-15 -1.064564e-14 -5.042454e-14 -2.226111e-13 -9.148628e-13 -3.495596e-12 -1.240200e-11 -4.080687e-11 -1.243801e-10 -3.508488e-10 -9.152162e-10 -2.206966e-09 -4.920039e-09 -1.014668e-08 -1.938350e-08 -3.437009e-08 -5.672431e-08 -8.743322e-08 -1.263546e-07 -1.719179e-07 -2.211569e-07 -2.700853e-07 -3.143114e-07 -3.497187e-07 -3.730424e-07 -3.822277e-07 -3.765314e-07 -3.563992e-07 -3.231938e-07 -2.788611e-07 -2.256132e-07 -1.656824e-07 -1.011732e-07 -3.401298e-08 3.401298e-08 1.011732e-07 1.656824e-07 2.256132e-07 2.788611e-07 3.231938e-07 3.563992e-07 3.765314e-07 3.822277e-07 3.730424e-07 3.497187e-07 3.143114e-07 2.700853e-07 2.211569e-07 1.719179e-07 1.263546e-07 8.743322e-08 5.672431e-08 3.437009e-08 1.938350e-08 1.014668e-08 4.920039e-09 2.206966e-09 9.152162e-10 3.508488e-10 1.243801e-10 4.080687e-11 1.240200e-11 3.495596e-12 9.148628e-13 2.226111e-13 5.042454e-14 1.064564e-14 2.097188e-15 3.859239e-16 6.640164e-17 1.069120e-17 1.611888e-18 2.276752e-19 3.013593e-20 3.737992e-21 4.343308e-22 4.723571e-23 4.801078e-24 4.549358e-25 4.002739e-26 3.248417e-27 2.403650e-28 1.586279e-29 8.886042e-31 3.550729e-32 -3.869624e-35 -1.269003e-35 -3.308996e-38 -1.420796e-41 -1.524066e-45 -5.212573e-50 -6.718191e-55
8.317475e-54 6.028152e-49 1.614504e-44 1.320924e-40 2.373025e-37 2.205216e-35 -1.590396e-32 -7.870407e-31 -1.457017e-29 -2.254108e-28 -3.111075e-27 -3.916431e-26 -4.549358e-25 -4.908928e-24 -4.940315e-23 -4.648740e-22 -4.096213e-21 -3.382688e-20 -2.618984e-19 -1.901080e-18 -1.293449e-17 -8.244544e-17 -4.919915e-16 -2.746358e-15 -1.432645e-14 -6.976254e-14 -3.167245e-13 -1.338913e-12 -5.263085e-12 -1.921035e-11 -6.501661e-11 -2.037576e-10 -5.905480e-10 -1.581172e-09 -3.907853e-09 -8.911622e-09 -1.875370e-08 -3.644719e-08 -6.551676e-08 -1.091865e-07 -1.692280e-07 -2.448567e-07 -3.321552e-07 -4.243388e-07 -5.128388e-07 -5.888689e-07 -6.449981e-07 -6.763081e-07 -6.809067e-07 -6.597866e-07 -6.161883e-07 -5.547026e-07 -4.803476e-07 -3.977912e-07 -3.108198e-07 -2.220785e-07 -1.330612e-07 -4.430085e-08 4.430085e-08 1.330612e-07 2.220785e-07 3.108198e-07 3.977912e-07 4.803476e-07 5.547026e-07 6.161883e-07 6.597866e-07 6.809067e-07 6.763081e-07 6.449981e-07 5.888689e-07 5.128388e-07 4.243388e-07 3.321552e-07 2.448567e-07 1.692280e-07 1.091865e-07 6.551676e-08 3.644719e-08 1.875370e-08 8.911622e-09 3.907853e-09 1.581172e-09 5.905480e-10 2.037576e-10 6.501661e-11 1.921035e-11 5.263085e-12 1.338913e-12 3.167245e-13 6.976254e-14 1.432645e-14 2.746358e-15 4.919915e-16 8.244544e-17 1.293449e-17 1.901080e-18 2.618984e-19 3.382688e-20 4.096213e-21 4.648740e-22 4.940315e-23 4.908928e-24 4.549358e-25 3.916431e-26 3.111075e-27 2.254108e-28 1.457017e-29 7.870407e-31 1.590396e-32 -2.205216e-35 -2.373025e-37 -1.320924e-40 -1.614504e-44 -6.028152e-49 -8.317475e-54
9.479259e-53 6.314386e-48 1.495892e-43 9.704983e-40 6.715878e-37 -1.285991e-33 -3.610666e-31 -1.264699e-29 -2.025018e-28 -2.853452e-27 -3.668440e-26 -4.353464e-25 -4.801078e-24 -4.940315e-23 -4.755215e-22 -4.287901e-21 -3.625333e-20 -2.875031e-19 -2.138631e-18 -1.491811e-17 -9.753539e-17 -5.972864e-16 -3.422971e-15 -1.833948e-14 -9.175665e-14 -4.281598e-13 -1.860783e-12 -7.520903e-12 -2.822675e-11 -9.821556e-11 -3.163274e-10 -9.415792e-10 -2.586511e-09 -6.548900e-09 -1.526904e-08 -3.276631e-08 -6.472232e-08 -1.177729e-07 -1.977521e-07 -3.071729e-07 -4.428830e-07 -5.950829e-07 -7.484317e-07 -8.850339e-07 -9.882875e-07 -1.046320e-06 -1.054039e-06 -1.013438e-06 -9.323772e-07 -8.224332e-07 -6.964946e-07 -5.666352e-07 -4.425906e-07 -3.309240e-07 -2.348127e-07 -1.542976e-07 -8.682577e-08 -2.794488e-08 2.794488e-08 8.682577e-08 1.542976e-07 2.348127e-07 3.309240e-07 4.425906e-07 5.666352e-07 6.964946e-07 8.224332e-07 9.323772e-07 1.013438e-06 1.054039e-06 1.046320e-06 9.882875e-07 8.850339e-07 7.484317e-07 5.950829e-07 4.428830e-07 3.071729e-07 1.977521e-07 1.177729e-07 6.472232e-08 3.276631e-08 1.526904e-08 6.548900e-09 2.586511e-09 9.415792e-10 3.163274e-10 9.821556e-11 2.822675e-11 7.520903e-12 1.860783e-12 4.281598e-13 9.175665e-14 1.833948e-14 3.422971e-15 5.972864e-16 9.753539e-17 1.491811e-17 2.138631e-18 2.875031e-19 3.625333e-20 4.287901e-21 4.755215e-22 4.940315e-23 4.801078e-24 4.353464e-25 3.668440e-26 2.853452e-27 2.025018e-28 1.264699e-29 3.610666e-31 1.285991e-33 -6.715878e-37 -9.704983e-40 -1.495892e-43 -6.314386e-48 -9.479259e-53
9.805231e-52 5.816635e-47 1.117254e-42 3.537150e-39 -1.711542e-35 -3.106467e-32 -5.771829e-30 -1.720374e-28 -2.506058e-27 -3.289299e-26 -3.986453e-25 -4.491440e-24 -4.723571e-23 -4.648740e-22 -4.287901e-21 -3.709993e-20 -3.012221e-19 -2.295069e-18 -1.640540e-17 -1.099627e-16 -6.906693e-16 -4.061476e-15 -2.233776e-14 -1.147696e-13 -5.501432e-13 -2.456746e-12 -1.020478e-11 -3.936255e-11 -1.407471e-10 -4.656777e-10 -1.423063e-09 -4.009313e-09 -1.039633e-08 -2.477396e-08 -5.418677e-08 -1.087051e-07 -1.999913e-07 -3.376402e-07 -5.238795e-07 -7.487991e-07 -9.889594e-07 -1.211019e-06 -1.379502e-06 -1.465752e-06 -1.454804e-06 -1.348137e-06 -1.162055e-06 -9.229543e-07 -6.613284e-07 -4.062426e-07 -1.813435e-07 -2.776585e-09 1.211880e-07 1.893263e-07 2.060030e-07 1.795708e-07 1.209502e-07 4.253929e-08 -4.253929e-08 -1.209502e-07 -1.795708e-07 -2.060030e-07 -1.893263e-07 -1.211880e-07 2.776585e-09 1.813435e-07 4.062426e-07 6.613284e-07 9.229543e-07 1.162055e-06 1.348137e-06 1.454804e-06 1.465752e-06 1.379502e-06 1.211019e-06 9.889594e-07 7.487991e-07 5.238795e-07 3.376402e-07 1.999913e-07 1.087051e-07 5.418677e-08 2.477396e-08 1.039633e-08 4.009313e-09 1.423063e-09 4.656777e-10 1.407471e-10 3.936255e-11 1.020478e-11 2.456746e-12 5.501432e-13 1.147696e-13 2.233776e-14 4.061476e-15 6.906693e-16 1.099627e-16 1.640540e-17 2.295069e-18 3.012221e-19 3.709993e-20 4.287901e-21 4.648740e-22 4.723571e-23 4.491440e-24 3.986453e-25 3.289299e-26 2.506058e-27 1.720374e-28 5.771829e-30 3.106467e-32 1.711542e-35 -3.537150e-39 -1.117254e-42 -5.816635e-47 -9.805231e-52
8.961087e-51 4.389240e-46 4.754951e-42 -4.860010e-38 -4.514243e-34 -4.996735e-31 -7.750967e-29 -2.082108e-27 -2.822820e-26 -3.492758e-25 -4.018828e-24 -4.318004e-23 -4.343308e-22 -4.096213e-21 -3.625333e-20 -3.012221e-19 -2.349698e-18 -1.720332e-17 -1.181606e-16 -7.608343e-16 -4.588623e-15 -2.589373e-14 -1.365536e-13 -6.720779e-13 -3.082415e-12 -1.315237e-11 -5.211767e-11 -1.914283e-10 -6.504140e-10 -2.039942e-09 -5.893127e-09 -1.564673e-08 -3.810002e-08 -8.491565e-08 -1.729273e-07 -3.213511e-07 -5.444996e-07 -8.411102e-07 -1.185068e-06 -1.524096e-06 -1.790056e-06 -1.917959e-06 -1.865536e-06 -1.625319e-06 -1.225459e-06 -7.206537e-07 -1.777763e-07 3.385530e-07 7.766749e-07 1.103311e-06 1.304027e-06 1.380207e-06 1.344324e-06 1.215006e-06 1.012933e-06 7.580237e-07 4.679990e-07 1.581305e-07 -1.581305e-07 -4.679990e-07 -7.580237e-07 -1.012933e-06 -1.215006e-06 -1.344324e-06 -1.380207e-06 -1.304027e-06 -1.103311e-06 -7.766749e-07 -3.385530e-07 1.777763e-07 7.206537e-07 1.225459e-06 1.625319e-06 1.865536e-06 1.917959e-06 1.790056e-06 1.524096e-06 1.185068e-06 8.411102e-07 5.444996e-07 3.213511e-07 1.729273e-07 8.491565e-08 3.810002e-08 1.564673e-08 5.893127e-09 2.039942e-09 6.504140e-10 1.914283e-10 5.211767e-11 1.315237e-11 3.082415e-12 6.720779e-13 1.365536e-13 2.589373e-14 4.588623e-15 7.608343e-16 1.181606e-16 1.720332e-17 2.349698e-18 3.012221e-19 3.625333e-20 4.096213e-21 4.343308e-22 4.318004e-23 4.018828e-24 3.492758e-25 2.822820e-26 2.082108e-27 7.750967e-29 4.996735e-31 4.514243e-34 4.860010e-38 -4.754951e-42 -4.389240e-46 -8.961087e-51
6.798093e-50 2.070766e-45 -3.712364e-41 -1.445006e-36 -7.335186e-33 -6.663612e-30 -9.229960e-28 -2.292068e-26 -2.927490e-25 -3.439009e-24 -3.773586e-23 -3.877904e-22 -3.737992e-21 -3.382688e-20 -2.875031e-19 -2.295069e-18 -1.720332e-17 -1.210258e-16 -7.985250e-16 -4.936940e-15 -2.857093e-14 -1.545800e-13 -7.807993e-13 -3.676258e-12 -1.610666e-11 -6.554185e-11 -2.472029e-10 -8.622761e-10 -2.774999e-09 -8.218694e-09 -2.234127e-08 -5.558713e-08 -1.262328e-07 -2.608983e-07 -4.894025e-07 -8.309916e-07 -1.273873e-06 -1.758002e-06 -2.175615e-06 -2.397494e-06 -2.316750e-06 -1.888866e-06 -1.148704e-06 -1.991897e-07 8.199783e-07 1.769224e-06 2.538740e-06 3.064136e-06 3.327873e-06 3.350388e-06 3.176261e-06 2.860113e-06 2.455168e-06 2.005759e-06 1.543682e-06 1.087639e-06 6.447741e-07 2.134403e-07 -2.134403e-07 -6.447741e-07 -1.087639e-06 -1.543682e-06 -2.005759e-06 -2.455168e-06 -2.860113e-06 -3.176261e-06 -3.350388e-06 -3.327873e-06 -3.064136e-06 -2.538740e-06 -1.769224e-06 -8.199783e-07 1.991897e-07 1.148704e-06 1.888866e-06 2.316750e-06 2.397494e-06 2.175615e-06 1.758002e-06 1.273873e-06 8.309916e-07 4.894025e-07 2.608983e-07 1.262328e-07 5.558713e-08 2.234127e-08 8.218694e-09 2.774999e-09 8.622761e-10 2.472029e-10 6.554185e-11 1.610666e-11 3.676258e-12 7.807993e-13 1.545800e-13 2.857093e-14 4.936940e-15 7.985250e-16 1.210258e-16 1.720332e-17 2.295069e-18 2.875031e-19 3.382688e-20 3.737992e-21 3.877904e-22 3.773586e-23 3.439009e-24 2.927490e-25 2.292068e-26 9.229960e-28 6.663612e-30 7.335186e-33 1.445006e-36 3.712364e-41 -2.070766e-45 -6.798093e-50
3.444675e-49 -8.853666e-45 -1.308128e-39 -2.378518e-35 -9.725186e-32 -7.838322e-29 -9.978694e-27 -2.321729e-25 -2.813774e-24 -3.152291e-23 -3.308381e-22 -3.258155e-21 -3.013593e-20 -2.618984e-19 -2.138631e-18 -1.640540e-17 -1.181606e-16 -7.985250e-16 -5.058780e-15 -3.001077e-14 -1.665094e-13 -8.628012e-13 -4.168649e-12 -1.874627e-11 -7.830825e-11 -3.031960e-10 -1.085472e-09 -3.583843e-09 -1.088088e-08 -3.028310e-08 -7.699687e-08 -1.781829e-07 -3.737787e-07 -7.075727e-07 -1.202609e-06 -1.823934e-06 -2.448122e-06 -2.869951e-06 -2.863465e-06 -2.276948e-06 -1.109358e-06 4.765341e-07 2.207522e-06 3.787246e-06 4.977524e-06 5.646875e-06 5.778855e-06 5.449503e-06 4.789687e-06 3.946770e-06 3.055077e-06 2.218426e-06 1.503861e-06 9.434449e-07 5.404427e-07 2.769880e-07 1.211770e-07 3.276281e-08 -3.276281e-08 -1.211770e-07 -2.769880e-07 -5.404427e-07 -9.434449e-07 -1.503861e-06 -2.218426e-06 -3.055077e-06 -3.946770e-06 -4.789687e-06 -5.449503e-06 -5.778855e-06 -5.646875e-06 -4.977524e-06 -3.787246e-06 -2.207522e-06 -4.765341e-07 1.109358e-06 2.276948e-06 2.863465e-06 2.869951e-06 2.448122e-06 1.823934e-06 1.202609e-06 7.075727e-07 3.737787e-07 1.781829e-07 7.699687e-08 3.028310e-08 1.088088e-08 3.583843e-09 1.085472e-09 3.031960e-10 7.830825e-11 1.874627e-11 4.168649e-12 8.628012e-13 1.665094e-13 3.001077e-14 5.058780e-15 7.985250e-16 1.181606e-16 1.640540e-17 2.138631e-18 2.618984e-19 3.013593e-20 3.258155e-21 3.308381e-22 3.152291e-23 2.813774e-24 2.321729e-25 9.978694e-27 7.838322e-29 9.725186e-32 2.378518e-35 1.308128e-39 8.853666e-45 -3.444675e-49
-6.767416e-49 -4.047270e-43 -2.187980e-38 -3.135732e-34 -1.130322e-30 -8.347355e-28 -9.914300e-26 -2.178344e-24 -2.516447e-23 -2.696537e-22 -2.712204e-21 -2.563092e-20 -2.276752e-19 -1.901080e-18 -1.491811e-17 -1.099627e-16 -7.608343e-16 -4.936940e-15 -3.001077e-14 -1.706855e-13 -9.069512e-13 -4.494934e-12 -2.074009e-11 -8.890918e-11 -3.532878e-10 -1.297894e-09 -4.395746e-09 -1.368096e-08 -3.898792e-08 -1.013234e-07 -2.390251e-07 -5.090923e-07 -9.726984e-07 -1.653824e-06 -2.475021e-06 -3.205845e-06 -3.484055e-06 -2.946042e-06 -1.420851e-06 9.337450e-07 3.654127e-06 6.140602e-06 7.868836e-06 8.540857e-06 8.132092e-06 6.844245e-06 5.006810e-06 2.974503e-06 1.050074e-06 -5.560182e-07 -1.732582e-06 -2.452931e-06 -2.749685e-06 -2.689050e-06 -2.349726e-06 -1.808859e-06 -1.134940e-06 -3.863025e-07 3.863025e-07 1.134940e-06 1.808859e-06 2.349726e-06 2.689050e-06 2.749685e-06 2.452931e-06 1.732582e-06 5.560182e-07 -1.050074e-06 -2.974503e-06 -5.006810e-06 -6.844245e-06 -8.132092e-06 -8.540857e-06 -7.868836e-06 -6.140602e-06 -3.654127e-06 -9.337450e-07 1.420851e-06 2.946042e-06 3.484055e-06 3.205845e-06 2.475021e-06 1.653824e-06 9.726984e-07 5.090923e-07 2.390251e-07 1.013234e-07 3.898792e-08 1.368096e-08 4.395746e-09 1.297894e-09 3.532878e-10 8.890918e-11 2.074009e-11 4.494934e-12 9.069512e-13 1.706855e-13 3.001077e-14 4.936940e-15 7.608343e-16 1.099627e-16 1.491811e-17 1.901080e-18 2.276752e-19 2.563092e-20 2.712204e-21 2.696537e-22 2.516447e-23 2.178344e-24 9.914300e-26 8.347355e-28 1.130322e-30 3.135732e-34 2.187980e-38 4.047270e-43 6.767416e-49
-4.929167e-47 -6.905098e-42 -2.868596e-37 -3.599508e-33 -1.185630e-29 -8.155123e-27 -9.115266e-25 -1.900635e-23 -2.099157e-22 -2.155800e-21 -2.080789e-20 -1.888546e-19 -1.611888e-18 -1.293449e-17 -9.753539e-17 -6.906693e-16 -4.588623e-15 -2.857093e-14 -1.665094e-13 -9.069512e-13 -4.609230e-12 -2.181451e-11 -9.594077e-11 -3.911582e-10 -1.474382e-09 -5.121979e-09 -1.634228e-08 -4.769653e-08 -1.267444e-07 -3.049539e-07 -6.598983e-07 -1.273349e-06 -2.165873e-06 -3.192047e-06 -3.956752e-06 -3.864469e-06 -2.376148e-06 6.174948e-07 4.569275e-06 8.417212e-06 1.103398e-05 1.168518e-05 1.024796e-05 7.155067e-06 3.163217e-06 -9.220564e-07 -4.454232e-06 -7.044913e-06 -8.567430e-06 -9.097039e-06 -8.829338e-06 -8.004103e-06 -6.848685e-06 -5.545786e-06 -4.220202e-06 -2.940503e-06 -1.727860e-06 -5.692109e-07 5.692109e-07 1.727860e-06 2.940503e-06 4.220202e-06 5.545786e-06 6.848685e-06 8.004103e-06 8.829338e-06 9.097039e-06 8.567430e-06 7.044913e-06 4.454232e-06 9.220564e-07 -3.163217e-06 -7.155067e-06 -1.024796e-05 -1.168518e-05 -1.103398e-05 -8.417212e-06 -4.569275e-06 -6.174948e-07 2.376148e-06 3.864469e-06 3.956752e-06 3.192047e-06 2.165873e-06 1.273349e-06 6.598983e-07 3.049539e-07 1.267444e-07 4.769653e-08 1.634228e-08 5.121979e-09 1.474382e-09 3.911582e-10 9.594077e-11 2.181451e-11 4.609230e-12 9.069512e-13 1.665094e-13 2.857093e-14 4.588623e-15 6.906693e-16 9.753539e-17 1.293449e-17 1.611888e-18 1.888546e-19 2.080789e-20 2.155800e-21 2.099157e-22 1.900635e-23 9.115266e-25 8.155123e-27 1.185630e-29 3.599508e-33 2.868596e-37 6.905098e-42 4.929167e-47
-8.619555e-46 -9.004592e-41 -3.250405e-36 -3.716344e-32 -1.138708e-28 -7.363745e-26 -7.787449e-24 -1.545903e-22 -1.635652e-21 -1.612062e-20 -1.494455e-19 -1.303356e-18 -1.069120e-17 -8.244544e-17 -5.972864e-16 -4.061476e-15 -2.589373e-14 -1.545800e-13 -8.628012e-13 -4.494934e-12 -2.181451e-11 -9.840510e-11 -4.115765e-10 -1.591490e-09 -5.670964e-09 -1.855108e-08 -5.546538e-08 -1.507762e-07 -3.702703e-07 -8.148275e-07 -1.589650e-06 -2.707199e-06 -3.925550e-06 -4.617643e-06 -3.866663e-06 -9.334040e-07 4.067165e-06 9.809339e-06 1.419025e-05 1.538121e-05 1.273217e-05 6.944296e-06 -4.008391e-07 -7.529912e-06 -1.305621e-05 -1.626718e-05 -1.710978e-05 -1.600511e-05 -1.360703e-05 -1.059089e-05 -7.521903e-06 -4.793176e-06 -2.623992e-06 -1.088651e-06 -1.568039e-07 2.667621e-07 3.134809e-07 1.301078e-07 -1.301078e-07 -3.134809e-07 -2.667621e-07 1.568039e-07 1.088651e-06 2.623992e-06 4.793176e-06 7.521903e-06 1.059089e-05 1.360703e-05 1.600511e-05 1.710978e-05 1.626718e-05 1.305621e-05 7.529912e-06 4.008391e-07 -6.944296e-06 -1.273217e-05 -1.538121e-05 -1.419025e-05 -9.809339e-06 -4.067165e-06 9.334040e-07 3.866663e-06 4.617643e-06 3.925550e-06 2.707199e-06 1.589650e-06 8.148275e-07 3.702703e-07 1.507762e-07 5.546538e-08 1.855108e-08 5.670964e-09 1.591490e-09 4.115765e-10 9.840510e-11 2.181451e-11 4.494934e-12 8.628012e-13 1.545800e-13 2.589373e-14 4.061476e-15 5.972864e-16 8.244544e-17 1.069120e-17 1.303356e-18 1.494455e-19 1.612062e-20 1.635652e-21 1.545903e-22 7.787449e-24 7.363745e-26 1.138708e-28 3.716344e-32 3.250405e-36 9.004592e-41 8.619555e-46
-1.118315e-44 -1.006596e-39 -3.300638e-35 -3.505995e-31 -1.009438e-27 -6.172737e-25 -6.197792e-23 -1.173831e-21 -1.191437e-20 -1.127908e-19 -1.004816e-18 -8.422781e-18 -6.640164e-17 -4.919915e-16 -3.422971e-15 -2.233776e-14 -1.365536e-13 -7.807993e-13 -4.168649e-12 -2.074009e-11 -9.594077e-11 -4.115765e-10 -1.632539e-09 -5.966934e-09 -2.001565e-08 -6.132663e-08 -1.706394e-07 -4.280818e-07 -9.592117e-07 -1.895005e-06 -3.236761e-06 -4.620440e-06 -5.119632e-06 -3.405235e-06 1.468003e-06 8.906323e-06 1.623847e-05 1.974665e-05 1.689313e-05 7.970652e-06 -4.167289e-06 -1.576336e-05 -2.377476e-05 -2.673675e-05 -2.483689e-05 -1.938513e-05 -1.211654e-05 -4.649611e-06 1.843903e-06 6.719162e-06 9.785457e-06 1.117345e-05 1.117931e-05 1.015546e-05 8.426687e-06 6.256635e-06 3.835187e-06 1.290519e-06 -1.290519e-06 -3.835187e-06 -6.256635e-06 -8.426687e-06 -1.015546e-05 -1.117931e-05 -1.117345e-05 -9.785457e-06 -6.719162e-06 -1.843903e-06 4.649611e-06 1.211654e-05 1.938513e-05 2.483689e-05 2.673675e-05 2.377476e-05 1.576336e-05 4.167289e-06 -7.970652e-06 -1.689313e-05 -1.974665e-05 -1.623847e-05 -8.906323e-06 -1.468003e-06 3.405235e-06 5.119632e-06 4.620440e-06 3.236761e-06 1.895005e-06 9.592117e-07 4.280818e-07 1.706394e-07 6.132663e-08 2.001565e-08 5.966934e-09 1.632539e-09 4.115765e-10 9.594077e-11 2.074009e-11 4.168649e-12 7.807993e-13 1.365536e-13 2.233776e-14 3.422971e-15 4.919915e-16 6.640164e-17 8.422781e-18 1.004816e-18 1.127908e-19 1.191437e-20 1.173831e-21 6.197792e-23 6.172737e-25 1.009438e-27 3.505995e-31 3.300638e-35 1.006596e-39 1.118315e-44
-1.232647e-43 -1.004510e-38 -3.055868e-34 -3.048527e-30 -8.298753e-27 -4.816593e-24 -4.602052e-22 -8.327454e-21 -8.115774e-20 -7.383849e-19 -6.323012e-18 -5.094426e-17 -3.859239e-16 -2.746358e-15 -1.833948e-14 -1.147696e-13 -6.720779e-13 -3.676258e-12 -1.874627e-11 -8.890918e-11 -3.911582e-10 -1.591490e-09 -5.966934e-09 -2.052884e-08 -6.448279e-08 -1.837730e-07 -4.714474e-07 -1.077230e-06 -2.159575e-06 -3.709517e-06 -5.226136e-06 -5.430029e-06 -2.497473e-06 4.714899e-06 1.481211e-05 2.306119e-05 2.347524e-05 1.313276e-05 -4.991091e-06 -2.367374e-05 -3.593486e-05 -3.826668e-05 -3.109986e-05 -1.765198e-05 -2.128793e-06 1.190258e-05 2.223508e-05 2.809551e-05 2.984051e-05 2.842356e-05 2.500207e-05 2.062619e-05 1.609064e-05 1.190986e-05 8.325111e-06 5.387017e-06 2.991064e-06 9.565528e-07 -9.565528e-07 -2.991064e-06 -5.387017e-06 -8.325111e-06 -1.190986e-05 -1.609064e-05 -2.062619e-05 -2.500207e-05 -2.842356e-05 -2.984051e-05 -2.809551e-05 -2.223508e-05 -1.190258e-05 2.128793e-06 1.765198e-05 3.109986e-05 3.826668e-05 3.593486e-05 2.367374e-05 4.991091e-06 -1.313276e-05 -2.347524e-05 -2.306119e-05 -1.481211e-05 -4.714899e-06 2.497473e-06 5.430029e-06 5.226136e-06 3.709517e-06 2.159575e-06 1.077230e-06 4.714474e-07 1.837730e-07 6.448279e-08 2.052884e-08 5.966934e-09 1.591490e-09 3.911582e-10 8.890918e-11 1.874627e-11 3.676258e-12 6.720779e-13 1.147696e-13 1.833948e-14 2.746358e-15 3.859239e-16 5.094426e-17 6.323012e-18 7.383849e-19 8.115774e-20 8.327454e-21 4.602052e-22 4.816593e-24 8.298753e-27 3.048527e-30 3.055868e-34 1.004510e-38 1.232647e-43
