0.000000e+00 0.000000e+00 0.000000e+00 0.000000e+00 0.000000e+00 0.000000e+00 0.000000e+00 0.000000e+00 0.000000e+00 0.000000e+00 0.000000e+00 0.000000e+00 0.000000e+00 0.000000e+00 0.000000e+00 0.000000e+00 0.000000e+00 0.000000e+00 0.000000e+00 0.000000e+00 0.000000e+00 0.000000e+00 0.000000e+00 0.000000e+00 0.000000e+00 0.000000e+00 0.000000e+00 0.000000e+00 0.000000e+00 0.000000e+00 0.000000e+00 0.000000e+00 0.000000e+00 0.000000e+00 0.000000e+00 0.000000e+00 0.000000e+00 0.000000e+00 0.000000e+00 0.000000e+00 0.000000e+00 0.000000e+00 0.000000e+00 0.000000e+00 0.000000e+00 0.000000e+00 0.000000e+00 0.000000e+00 0.000000e+00 0.000000e+00 0.000000e+00 0.000000e+00 0.000000e+00 0.000000e+00 0.000000e+00 0.000000e+00 0.000000e+00 0.000000e+00 0.000000e+00 0.000000e+00 0.000000e+00 0.000000e+00 0.000000e+00 0.000000e+00 0.000000e+00 0.000000e+00 0.000000e+00 0.000000e+00 0.000000e+00 0.000000e+00 0.000000e+00 0.000000e+00 0.000000e+00 0.000000e+00 0.000000e+00 0.000000e+00 0.000000e+00 0.000000e+00 0.000000e+00 0.000000e+00 0.000000e+00 0.000000e+00 0.000000e+00 0.000000e+00 0.000000e+00 0.000000e+00 0.000000e+00 0.000000e+00 0.000000e+00 0.000000e+00 0.000000e+00 0.000000e+00 0.000000e+00 0.000000e+00 0.000000e+00 0.000000e+00 0.000000e+00 0.000000e+00 0.000000e+00 0.000000e+00 0.000000e+00 0.000000e+00 0.000000e+00 0.000000e+00 0.000000e+00 0.000000e+00 0.000000e+00 0.000000e+00 0.000000e+00 0.000000e+00 0.000000e+00 0.000000e+00 0.000000e+00 0.000000e+00 0.000000e+00 0.000000e+00
0.000000e+00 0.000000e+00 0.000000e+00 0.000000e+00 0.000000e+00 0.000000e+00 0.000000e+00 0.000000e+00 0.000000e+00 1.376847e-100 1.213417e-97 5.222342e-95 1.462772e-92 2.998130e-90 4.793325e-88 6.222294e-86 6.740270e-84 6.214247e-82 4.948874e-80 3.443312e-78 2.111942e-76 1.150049e-74 5.591986e-73 2.439155e-71 9.579893e-70 3.398106e-68 1.091213e-66 3.178275e-65 8.408025e-64 2.022312e-62 4.425043e-61 8.810620e-60 1.596113e-58 2.629535e-57 3.936194e-56 5.346862e-55 6.579367e-54 7.316888e-53 7.331947e-52 6.594215e-51 5.295573e-50 3.770631e-49 2.356680e-48 1.273046e-47 5.786111e-47 2.091632e-46 5.073851e-46 3.893223e-47 -7.781296e-45 -5.130417e-44 -2.183220e-43 -7.069050e-43 -1.815835e-42 -3.728966e-42 -6.055577e-42 -7.522173e-42 -6.533115e-42 -2.620963e-42 2.620963e-42 6.533115e-42 7.522173e-42 6.055577e-42 3.728966e-42 1.815835e-42 7.069050e-43 2.183220e-43 5.130417e-44 7.781296e-45 -3.893223e-47 -5.073851e-46 -2.091632e-46 -5.786111e-47 -1.273046e-47 -2.356680e-48 -3.770631e-49 -5.295573e-50 -6.594215e-51 -7.331947e-52 -7.316888e-53 -6.579367e-54 -5.346862e-55 -3.936194e-56 -2.629535e-57 -1.596113e-58 -8.810620e-60 -4.425043e-61 -2.022312e-62 -8.408025e-64 -3.178275e-65 -1.091213e-66 -3.398106e-68 -9.579893e-70 -2.439155e-71 -5.591986e-73 -1.150049e-74 -2.111942e-76 -3.443312e-78 -4.948874e-80 -6.214247e-82 -6.740270e-84 -6.222294e-86 -4.793325e-88 -2.998130e-90 -1.462772e-92 -5.222342e-95 -1.213417e-97 -1.376847e-100 0.000000e+00 0.000000e+00 0.000000e+00 0.000000e+00 0.000000e+00 0.000000e+00 0.000000e+00 0.000000e+00 0.000000e+00
0.000000e+00 0.000000e+00 0.000000e+00 0.000000e+00 0.000000e+00 0.000000e+00 0.000000e+00 0.000000e+00 5.834944e-97 5.240548e-94 2.299496e-91 6.569575e-89 1.374061e-86 2.242832e-84 2.973952e-82 3.292401e-80 3.103952e-78 2.529144e-76 1.801547e-74 1.131949e-72 6.318652e-71 3.151656e-69 1.411219e-67 5.694192e-66 2.076721e-64 6.862679e-63 2.058797e-61 5.615304e-60 1.393895e-58 3.151197e-57 6.490015e-56 1.217650e-54 2.080332e-53 3.233998e-52 4.569080e-51 5.857092e-50 6.797352e-49 7.120979e-48 6.708414e-47 5.654005e-46 4.233251e-45 2.786726e-44 1.586870e-43 7.591820e-43 2.861551e-42 6.859642e-42 -5.083531e-42 -1.705700e-40 -1.151134e-39 -5.306880e-39 -1.906625e-38 -5.541844e-38 -1.316081e-37 -2.544206e-37 -3.942268e-37 -4.728284e-37 -4.010927e-37 -1.590095e-37 1.590095e-37 4.010927e-37 4.728284e-37 3.942268e-37 2.544206e-37 1.316081e-37 5.541844e-38 1.906625e-38 5.306880e-39 1.151134e-39 1.705700e-40 5.083531e-42 -6.859642e-42 -2.861551e-42 -7.591820e-43 -1.586870e-43 -2.786726e-44 -4.233251e-45 -5.654005e-46 -6.708414e-47 -7.120979e-48 -6.797352e-49 -5.857092e-50 -4.569080e-51 -3.233998e-52 -2.080332e-53 -1.217650e-54 -6.490015e-56 -3.151197e-57 -1.393895e-58 -5.615304e-60 -2.058797e-61 -6.862679e-63 -2.076721e-64 -5.694192e-66 -1.411219e-67 -3.151656e-69 -6.318652e-71 -1.131949e-72 -1.801547e-74 -2.529144e-76 -3.103952e-78 -3.292401e-80 -2.973952e-82 -2.242832e-84 -1.374061e-86 -6.569575e-89 -2.299496e-91 -5.240548e-94 -5.834944e-97 0.000000e+00 0.000000e+00 0.000000e+00 0.000000e+00 0.000000e+00 0.000000e+00 0.000000e+00 0.000000e+00
0.000000e+00 0.000000e+00 0.000000e+00 0.000000e+00 0.000000e+00 0.000000e+00 0.000000e+00 9.052688e-94 8.481956e-91 3.792585e-88 1.104608e-85 2.356334e-83 3.924536e-81 5.312453e-79 6.007049e-77 5.787325e-75 4.821566e-73 3.513658e-71 2.259954e-69 1.292192e-67 6.606265e-66 3.034067e-64 1.256582e-62 4.707560e-61 1.599263e-59 4.936476e-58 1.386579e-56 3.547995e-55 8.276550e-54 1.760786e-52 3.416382e-51 6.043485e-50 9.740184e-49 1.428652e-47 1.904077e-46 2.301010e-45 2.514199e-44 2.474518e-43 2.182587e-42 1.712878e-41 1.183397e-40 7.074627e-40 3.545016e-39 1.383215e-38 3.196552e-38 -6.355249e-38 -1.262701e-36 -8.789638e-36 -4.359450e-35 -1.717485e-34 -5.558769e-34 -1.493813e-33 -3.332538e-33 -6.123569e-33 -9.110887e-33 -1.059542e-32 -8.802103e-33 -3.452840e-33 3.452840e-33 8.802103e-33 1.059542e-32 9.110887e-33 6.123569e-33 3.332538e-33 1.493813e-33 5.558769e-34 1.717485e-34 4.359450e-35 8.789638e-36 1.262701e-36 6.355249e-38 -3.196552e-38 -1.383215e-38 -3.545016e-39 -7.074627e-40 -1.183397e-40 -1.712878e-41 -2.182587e-42 -2.474518e-43 -2.514199e-44 -2.301010e-45 -1.904077e-46 -1.428652e-47 -9.740184e-49 -6.043485e-50 -3.416382e-51 -1.760786e-52 -8.276550e-54 -3.547995e-55 -1.386579e-56 -4.936476e-58 -1.599263e-59 -4.707560e-61 -1.256582e-62 -3.034067e-64 -6.606265e-66 -1.292192e-67 -2.259954e-69 -3.513658e-71 -4.821566e-73 -5.787325e-75 -6.007049e-77 -5.312453e-79 -3.924536e-81 -2.356334e-83 -1.104608e-85 -3.792585e-88 -8.481956e-91 -9.052688e-94 0.000000e+00 0.000000e+00 0.000000e+00 0.000000e+00 0.000000e+00 0.000000e+00 0.000000e+00
0.000000e+00 0.000000e+00 0.000000e+00 0.000000e+00 0.000000e+00 0.000000e+00 2.320196e-91 4.262934e-88 1.987913e-85 5.899562e-83 1.282869e-80 2.179009e-78 3.009471e-76 3.473669e-74 3.417854e-72 2.909628e-70 2.167793e-68 1.426305e-66 8.347399e-65 4.370792e-63 2.057269e-61 8.738043e-60 3.359600e-58 1.172214e-56 3.719159e-55 1.074675e-53 2.831426e-52 6.807202e-51 1.494013e-49 2.993645e-48 5.475101e-47 9.133910e-46 1.388498e-44 1.920467e-43 2.411837e-42 2.742608e-41 2.813390e-40 2.590097e-39 2.124438e-38 1.535364e-37 9.599977e-37 5.014924e-36 2.010668e-35 4.328678e-35 -1.715325e-34 -2.723291e-33 -1.961512e-32 -1.040232e-31 -4.451228e-31 -1.584354e-30 -4.741385e-30 -1.195019e-29 -2.526484e-29 -4.438456e-29 -6.366667e-29 -7.199636e-29 -5.868424e-29 -2.279987e-29 2.279987e-29 5.868424e-29 7.199636e-29 6.366667e-29 4.438456e-29 2.526484e-29 1.195019e-29 4.741385e-30 1.584354e-30 4.451228e-31 1.040232e-31 1.961512e-32 2.723291e-33 1.715325e-34 -4.328678e-35 -2.010668e-35 -5.014924e-36 -9.599977e-37 -1.535364e-37 -2.124438e-38 -2.590097e-39 -2.813390e-40 -2.742608e-41 -2.411837e-42 -1.920467e-43 -1.388498e-44 -9.133910e-46 -5.475101e-47 -2.993645e-48 -1.494013e-49 -6.807202e-51 -2.831426e-52 -1.074675e-53 -3.719159e-55 -1.172214e-56 -3.359600e-58 -8.738043e-60 -2.057269e-61 -4.370792e-63 -8.347399e-65 -1.426305e-66 -2.167793e-68 -2.909628e-70 -3.417854e-72 -3.473669e-74 -3.009471e-76 -2.179009e-78 -1.282869e-80 -5.899562e-83 -1.987913e-85 -4.262934e-88 -2.320196e-91 0.000000e+00 0.000000e+00 0.000000e+00 0.000000e+00 0.000000e+00 0.000000e+00
0.000000e+00 0.000000e+00 0.000000e+00 0.000000e+00 0.000000e+00 2.923372e-90 2.842429e-86 2.596179e-83 8.032999e-81 1.779741e-78 3.081294e-76 4.339647e-74 5.110234e-72 5.132157e-70 4.461619e-68 3.396290e-66 2.284358e-64 1.367448e-62 7.327939e-61 3.532160e-59 1.537339e-57 6.060961e-56 2.170033e-54 7.070208e-53 2.099582e-51 5.689679e-50 1.408174e-48 3.184544e-47 6.581431e-46 1.242755e-44 2.142864e-43 3.370726e-42 4.829990e-41 6.292031e-40 7.431363e-39 7.927887e-38 7.599807e-37 6.497466e-36 4.897436e-35 3.191493e-34 1.730341e-33 7.073645e-33 1.346789e-32 -9.859589e-32 -1.389507e-30 -1.036642e-29 -5.846688e-29 -2.696000e-28 -1.044813e-27 -3.439002e-27 -9.640085e-27 -2.297036e-26 -4.626790e-26 -7.800385e-26 -1.081749e-25 -1.191932e-25 -9.545562e-26 -3.675669e-26 3.675669e-26 9.545562e-26 1.191932e-25 1.081749e-25 7.800385e-26 4.626790e-26 2.297036e-26 9.640085e-27 3.439002e-27 1.044813e-27 2.696000e-28 5.846688e-29 1.036642e-29 1.389507e-30 9.859589e-32 -1.346789e-32 -7.073645e-33 -1.730341e-33 -3.191493e-34 -4.897436e-35 -6.497466e-36 -7.599807e-37 -7.927887e-38 -7.431363e-39 -6.292031e-40 -4.829990e-41 -3.370726e-42 -2.142864e-43 -1.242755e-44 -6.581431e-46 -3.184544e-47 -1.408174e-48 -5.689679e-50 -2.099582e-51 -7.070208e-53 -2.170033e-54 -6.060961e-56 -1.537339e-57 -3.532160e-59 -7.327939e-61 -1.367448e-62 -2.284358e-64 -3.396290e-66 -4.461619e-68 -5.132157e-70 -5.110234e-72 -4.339647e-74 -3.081294e-76 -1.779741e-78 -8.032999e-81 -2.596179e-83 -2.842429e-86 -2.923372e-90 0.000000e+00 0.000000e+00 0.000000e+00 0.000000e+00 0.000000e+00
0.000000e+00 0.000000e+00 0.000000e+00 0.000000e+00 1.265363e-90 7.076013e-86 3.418144e-82 2.069142e-79 4.778322e-77 8.428483e-75 1.209903e-72 1.452800e-70 1.488437e-68 1.320667e-66 1.026569e-64 7.054262e-63 4.316512e-61 2.365806e-59 1.166983e-57 5.200957e-56 2.100970e-54 7.712553e-53 2.578224e-51 7.861338e-50 2.189079e-48 5.571769e-47 1.296935e-45 2.761322e-44 5.376753e-43 9.569729e-42 1.555440e-40 2.305548e-39 3.110333e-38 3.808649e-37 4.217339e-36 4.200668e-35 3.734667e-34 2.928101e-33 1.982608e-32 1.111151e-31 4.595693e-31 7.100886e-31 -9.753771e-30 -1.285631e-28 -9.938452e-28 -5.934764e-27 -2.929996e-26 -1.226372e-25 -4.396220e-25 -1.354134e-24 -3.581825e-24 -8.108541e-24 -1.561515e-23 -2.533081e-23 -3.403129e-23 -3.659374e-23 -2.882448e-23 -1.100674e-23 1.100674e-23 2.882448e-23 3.659374e-23 3.403129e-23 2.533081e-23 1.561515e-23 8.108541e-24 3.581825e-24 1.354134e-24 4.396220e-25 1.226372e-25 2.929996e-26 5.934764e-27 9.938452e-28 1.285631e-28 9.753771e-30 -7.100886e-31 -4.595693e-31 -1.111151e-31 -1.982608e-32 -2.928101e-33 -3.734667e-34 -4.200668e-35 -4.217339e-36 -3.808649e-37 -3.110333e-38 -2.305548e-39 -1.555440e-40 -9.569729e-42 -5.376753e-43 -2.761322e-44 -1.296935e-45 -5.571769e-47 -2.189079e-48 -7.861338e-50 -2.578224e-51 -7.712553e-53 -2.100970e-54 -5.200957e-56 -1.166983e-57 -2.365806e-59 -4.316512e-61 -7.054262e-63 -1.026569e-64 -1.320667e-66 -1.488437e-68 -1.452800e-70 -1.209903e-72 -8.428483e-75 -4.778322e-77 -2.069142e-79 -3.418144e-82 -7.076013e-86 -1.265363e-90 0.000000e+00 0.000000e+00 0.000000e+00 0.000000e+00
0.000000e+00 0.000000e+00 0.000000e+00 2.059266e-92 5.057238e-87 1.405271e-82 4.497353e-79 2.030037e-76 3.732315e-74 5.459697e-72 6.683367e-70 6.983622e-68 6.322673e-66 5.017154e-64 3.521237e-62 2.201772e-60 1.233801e-58 6.225839e-57 2.840115e-55 1.175046e-53 4.420701e-52 1.515517e-50 4.742280e-49 1.356193e-47 3.547785e-46 8.494523e-45 1.861936e-43 3.735801e-42 6.857847e-41 1.150782e-39 1.762832e-38 2.460362e-37 3.120215e-36 3.582055e-35 3.702670e-34 3.418840e-33 2.784444e-32 1.956241e-31 1.131743e-30 4.723317e-30 5.264245e-30 -1.424266e-28 -1.825286e-27 -1.466400e-26 -9.252463e-26 -4.870669e-25 -2.189508e-24 -8.487895e-24 -2.847877e-23 -8.271689e-23 -2.075528e-22 -4.481546e-22 -8.276918e-22 -1.295204e-21 -1.689231e-21 -1.775536e-21 -1.377153e-21 -5.217905e-22 5.217905e-22 1.377153e-21 1.775536e-21 1.689231e-21 1.295204e-21 8.276918e-22 4.481546e-22 2.075528e-22 8.271689e-23 2.847877e-23 8.487895e-24 2.189508e-24 4.870669e-25 9.252463e-26 1.466400e-26 1.825286e-27 1.424266e-28 -5.264245e-30 -4.723317e-30 -1.131743e-30 -1.956241e-31 -2.784444e-32 -3.418840e-33 -3.702670e-34 -3.582055e-35 -3.120215e-36 -2.460362e-37 -1.762832e-38 -1.150782e-39 -6.857847e-41 -3.735801e-42 -1.861936e-43 -8.494523e-45 -3.547785e-46 -1.356193e-47 -4.742280e-49 -1.515517e-50 -4.420701e-52 -1.175046e-53 -2.840115e-55 -6.225839e-57 -1.233801e-58 -2.201772e-60 -3.521237e-62 -5.017154e-64 -6.322673e-66 -6.983622e-68 -6.683367e-70 -5.459697e-72 -3.732315e-74 -2.030037e-76 -4.497353e-79 -1.405271e-82 -5.057238e-87 -2.059266e-92 0.000000e+00 0.000000e+00 0.000000e+00
0.000000e+00 0.000000e+00 2.795129e-95 2.346660e-89 2.866718e-84 5.282638e-80 1.261198e-76 4.531830e-74 6.915345e-72 8.635351e-70 9.208546e-68 8.511982e-66 6.899363e-64 4.948562e-62 3.163792e-60 1.813685e-58 9.367746e-57 4.376676e-55 1.855655e-53 7.158844e-52 2.518320e-50 8.091687e-49 2.377906e-47 6.397175e-46 1.576456e-44 3.559533e-43 7.363625e-42 1.395053e-40 2.418406e-39 3.831254e-38 5.536130e-37 7.277334e-36 8.669982e-35 9.311462e-34 8.943114e-33 7.583107e-32 5.547950e-31 3.336035e-30 1.429876e-29 1.237858e-29 -5.381789e-28 -7.040132e-27 -5.943265e-26 -3.976856e-25 -2.233635e-24 -1.077085e-23 -4.503390e-23 -1.639119e-22 -5.197651e-22 -1.434220e-21 -3.434770e-21 -7.110907e-21 -1.265263e-20 -1.917516e-20 -2.435942e-20 -2.509395e-20 -1.920075e-20 -7.225331e-21 7.225331e-21 1.920075e-20 2.509395e-20 2.435942e-20 1.917516e-20 1.265263e-20 7.110907e-21 3.434770e-21 1.434220e-21 5.197651e-22 1.639119e-22 4.503390e-23 1.077085e-23 2.233635e-24 3.976856e-25 5.943265e-26 7.040132e-27 5.381789e-28 -1.237858e-29 -1.429876e-29 -3.336035e-30 -5.547950e-31 -7.583107e-32 -8.943114e-33 -9.311462e-34 -8.669982e-35 -7.277334e-36 -5.536130e-37 -3.831254e-38 -2.418406e-39 -1.395053e-40 -7.363625e-42 -3.559533e-43 -1.576456e-44 -6.397175e-46 -2.377906e-47 -8.091687e-49 -2.518320e-50 -7.158844e-52 -1.855655e-53 -4.376676e-55 -9.367746e-57 -1.813685e-58 -3.163792e-60 -4.948562e-62 -6.899363e-64 -8.511982e-66 -9.208546e-68 -8.635351e-70 -6.915345e-72 -4.531830e-74 -1.261198e-76 -5.282638e-80 -2.866718e-84 -2.346660e-89 -2.795129e-95 0.000000e+00 0.000000e+00
0.000000e+00 1.078522e-98 2.559596e-92 1.069757e-86 8.672984e-82 1.193053e-77 2.267700e-74 6.760132e-72 8.810097e-70 9.590452e-68 9.053456e-66 7.497651e-64 5.497092e-62 3.594298e-60 2.108356e-58 1.114878e-56 5.335709e-55 2.318768e-53 9.174550e-52 3.312207e-50 1.092969e-48 3.300949e-47 9.133496e-46 2.316771e-44 5.389064e-43 1.149526e-41 2.247679e-40 4.025527e-39 6.595430e-38 9.867391e-37 1.344543e-35 1.662515e-34 1.855551e-33 1.854500e-32 1.638443e-31 1.250366e-30 7.844702e-30 3.494435e-29 2.701712e-29 -1.525123e-27 -2.080041e-26 -1.853437e-25 -1.316009e-24 -7.877078e-24 -4.065095e-23 -1.827058e-22 -7.182797e-22 -2.473098e-21 -7.453228e-21 -1.962547e-20 -4.502607e-20 -8.966404e-20 -1.541428e-19 -2.268051e-19 -2.812388e-19 -2.844223e-19 -2.149368e-19 -8.037716e-20 8.037716e-20 2.149368e-19 2.844223e-19 2.812388e-19 2.268051e-19 1.541428e-19 8.966404e-20 4.502607e-20 1.962547e-20 7.453228e-21 2.473098e-21 7.182797e-22 1.827058e-22 4.065095e-23 7.877078e-24 1.316009e-24 1.853437e-25 2.080041e-26 1.525123e-27 -2.701712e-29 -3.494435e-29 -7.844702e-30 -1.250366e-30 -1.638443e-31 -1.854500e-32 -1.855551e-33 -1.662515e-34 -1.344543e-35 -9.867391e-37 -6.595430e-38 -4.025527e-39 -2.247679e-40 -1.149526e-41 -5.389064e-43 -2.316771e-44 -9.133496e-46 -3.300949e-47 -1.092969e-48 -3.312207e-50 -9.174550e-52 -2.318768e-53 -5.335709e-55 -1.114878e-56 -2.108356e-58 -3.594298e-60 -5.497092e-62 -7.497651e-64 -9.053456e-66 -9.590452e-68 -8.810097e-70 -6.760132e-72 -2.267700e-74 -1.193053e-77 -8.672984e-82 -1.069757e-86 -2.559596e-92 -1.078522e-98 0.000000e+00
1.667420e-102 9.695804e-96 1.145609e-89 3.177926e-84 1.923504e-79 2.106573e-75 3.319989e-72 8.443200e-70 9.590437e-68 9.242114e-66 7.816778e-64 5.855688e-62 3.913870e-60 2.347998e-58 1.270476e-56 6.225163e-55 2.771278e-53 1.123902e-51 4.161515e-50 1.409336e-48 4.371345e-47 1.243069e-45 3.243039e-44 7.764975e-43 1.706352e-41 3.440276e-40 6.359143e-39 1.076382e-37 1.665437e-36 2.349537e-35 3.011334e-34 3.488000e-33 3.622250e-32 3.329334e-31 2.645980e-30 1.729350e-29 7.996981e-29 5.452891e-29 -4.001900e-27 -5.686898e-26 -5.335162e-25 -4.006898e-24 -2.546470e-23 -1.400490e-22 -6.734078e-22 -2.844025e-21 -1.056681e-20 -3.453376e-20 -9.914889e-20 -2.495728e-19 -5.492998e-19 -1.053421e-18 -1.751495e-18 -2.504471e-18 -3.033799e-18 -3.014024e-18 -2.250569e-18 -8.365660e-19 8.365660e-19 2.250569e-18 3.014024e-18 3.033799e-18 2.504471e-18 1.751495e-18 1.053421e-18 5.492998e-19 2.495728e-19 9.914889e-20 3.453376e-20 1.056681e-20 2.844025e-21 6.734078e-22 1.400490e-22 2.546470e-23 4.006898e-24 5.335162e-25 5.686898e-26 4.001900e-27 -5.452891e-29 -7.996981e-29 -1.729350e-29 -2.645980e-30 -3.329334e-31 -3.622250e-32 -3.488000e-33 -3.011334e-34 -2.349537e-35 -1.665437e-36 -1.076382e-37 -6.359143e-39 -3.440276e-40 -1.706352e-41 -7.764975e-43 -3.243039e-44 -1.243069e-45 -4.371345e-47 -1.409336e-48 -4.161515e-50 -1.123902e-51 -2.771278e-53 -6.225163e-55 -1.270476e-56 -2.347998e-58 -3.913870e-60 -5.855688e-62 -7.816778e-64 -9.242114e-66 -9.590437e-68 -8.443200e-70 -3.319989e-72 -2.106573e-75 -1.923504e-79 -3.177926e-84 -1.145609e-89 -9.695804e-96 -1.667420e-102
1.470875e-99 4.258504e-93 3.339927e-87 6.917436e-82 3.333633e-77 3.027082e-73 4.067498e-70 9.005434e-68 9.053438e-66 7.816778e-64 5.980307e-62 4.084079e-60 2.504568e-58 1.385999e-56 6.949153e-55 3.167233e-53 1.315806e-51 4.993840e-50 1.734549e-48 5.521510e-47 1.612521e-45 4.323558e-44 1.064722e-42 2.408336e-41 5.002173e-40 9.533772e-39 1.665477e-37 2.662154e-36 3.883917e-35 5.153480e-34 6.186756e-33 6.666714e-32 6.365461e-31 5.260419e-30 3.576151e-29 1.714700e-28 1.012673e-28 -9.747999e-27 -1.441972e-25 -1.420915e-24 -1.125512e-23 -7.569460e-23 -4.419984e-22 -2.264209e-21 -1.022453e-20 -4.077682e-20 -1.436471e-19 -4.465921e-19 -1.223450e-18 -2.947518e-18 -6.229748e-18 -1.151558e-17 -1.853320e-17 -2.577303e-17 -3.051951e-17 -2.980218e-17 -2.199686e-17 -8.129080e-18 8.129080e-18 2.199686e-17 2.980218e-17 3.051951e-17 2.577303e-17 1.853320e-17 1.151558e-17 6.229748e-18 2.947518e-18 1.223450e-18 4.465921e-19 1.436471e-19 4.077682e-20 1.022453e-20 2.264209e-21 4.419984e-22 7.569460e-23 1.125512e-23 1.420915e-24 1.441972e-25 9.747999e-27 -1.012673e-28 -1.714700e-28 -3.576151e-29 -5.260419e-30 -6.365461e-31 -6.666714e-32 -6.186756e-33 -5.153480e-34 -3.883917e-35 -2.662154e-36 -1.665477e-37 -9.533772e-39 -5.002173e-40 -2.408336e-41 -1.064722e-42 -4.323558e-44 -1.612521e-45 -5.521510e-47 -1.734549e-48 -4.993840e-50 -1.315806e-51 -3.167233e-53 -6.949153e-55 -1.385999e-56 -2.504568e-58 -4.084079e-60 -5.980307e-62 -7.816778e-64 -9.053438e-66 -9.005434e-68 -4.067498e-70 -3.027082e-73 -3.333633e-77 -6.917436e-82 -3.339927e-87 -4.258504e-93 -1.470875e-99
6.336356e-97 1.217815e-90 7.131756e-85 1.176153e-79 4.699925e-75 3.638563e-71 4.253832e-68 8.325901e-66 7.497632e-64 5.855688e-62 4.084079e-60 2.559027e-58 1.447612e-56 7.423045e-55 3.461902e-53 1.472464e-51 5.724666e-50 2.038078e-48 6.653946e-47 1.994324e-45 5.491569e-44 1.389847e-42 3.233336e-41 6.912568e-40 1.357235e-38 2.444671e-37 4.032814e-36 6.077999e-35 8.339683e-34 1.036406e-32 1.157357e-31 1.146400e-30 9.837307e-30 6.946472e-29 3.449842e-28 1.725539e-28 -2.209678e-26 -3.399245e-25 -3.510736e-24 -2.925303e-23 -2.075798e-22 -1.282679e-21 -6.974453e-21 -3.353699e-20 -1.429094e-19 -5.398729e-19 -1.806958e-18 -5.351777e-18 -1.400412e-17 -3.231768e-17 -6.563880e-17 -1.170265e-16 -1.824254e-16 -2.468742e-16 -2.859372e-16 -2.745680e-16 -2.003873e-16 -7.363705e-17 7.363705e-17 2.003873e-16 2.745680e-16 2.859372e-16 2.468742e-16 1.824254e-16 1.170265e-16 6.563880e-17 3.231768e-17 1.400412e-17 5.351777e-18 1.806958e-18 5.398729e-19 1.429094e-19 3.353699e-20 6.974453e-21 1.282679e-21 2.075798e-22 2.925303e-23 3.510736e-24 3.399245e-25 2.209678e-26 -1.725539e-28 -3.449842e-28 -6.946472e-29 -9.837307e-30 -1.146400e-30 -1.157357e-31 -1.036406e-32 -8.339683e-34 -6.077999e-35 -4.032814e-36 -2.444671e-37 -1.357235e-38 -6.912568e-40 -3.233336e-41 -1.389847e-42 -5.491569e-44 -1.994324e-45 -6.653946e-47 -2.038078e-48 -5.724666e-50 -1.472464e-51 -3.461902e-53 -7.423045e-55 -1.447612e-56 -2.559027e-58 -4.084079e-60 -5.855688e-62 -7.497632e-64 -8.325901e-66 -4.253832e-68 -3.638563e-71 -4.699925e-75 -1.176153e-79 -7.131756e-85 -1.217815e-90 -6.336356e-97
1.776485e-94 2.549601e-88 1.188999e-82 1.626073e-77 5.540298e-73 3.731726e-69 3.854533e-66 6.749898e-64 5.497075e-62 3.913870e-60 2.504568e-58 1.447612e-56 7.588031e-55 3.619283e-53 1.575203e-51 6.269886e-50 2.286610e-48 7.651883e-47 2.352180e-45 6.647191e-44 1.727710e-42 4.130732e-41 9.082676e-40 1.835568e-38 3.405943e-37 5.793030e-36 9.010245e-35 1.277086e-33 1.641072e-32 1.896854e-31 1.946734e-30 1.732327e-29 1.268967e-28 6.521152e-28 2.683763e-28 -4.671248e-26 -7.465882e-25 -8.065828e-24 -7.053271e-23 -5.266849e-22 -3.433825e-21 -1.975358e-20 -1.007800e-19 -4.570198e-19 -1.843213e-18 -6.608609e-18 -2.104249e-17 -5.942382e-17 -1.486182e-16 -3.286911e-16 -6.418225e-16 -1.104206e-15 -1.668016e-15 -2.197746e-15 -2.490868e-15 -2.352884e-15 -1.698413e-15 -6.206900e-16 6.206900e-16 1.698413e-15 2.352884e-15 2.490868e-15 2.197746e-15 1.668016e-15 1.104206e-15 6.418225e-16 3.286911e-16 1.486182e-16 5.942382e-17 2.104249e-17 6.608609e-18 1.843213e-18 4.570198e-19 1.007800e-19 1.975358e-20 3.433825e-21 5.266849e-22 7.053271e-23 8.065828e-24 7.465882e-25 4.671248e-26 -2.683763e-28 -6.521152e-28 -1.268967e-28 -1.732327e-29 -1.946734e-30 -1.896854e-31 -1.641072e-32 -1.277086e-33 -9.010245e-35 -5.793030e-36 -3.405943e-37 -1.835568e-38 -9.082676e-40 -4.130732e-41 -1.727710e-42 -6.647191e-44 -2.352180e-45 -7.651883e-47 -2.286610e-48 -6.269886e-50 -1.575203e-51 -3.619283e-53 -7.588031e-55 -1.447612e-56 -2.504568e-58 -3.913870e-60 -5.497075e-62 -6.749898e-64 -3.854533e-66 -3.731726e-69 -5.540298e-73 -1.626073e-77 -1.188999e-82 -2.549601e-88 -1.776485e-94
3.644592e-92 4.165700e-86 1.611109e-80 1.878830e-75 5.569967e-71 3.314611e-67 3.061290e-64 4.842344e-62 3.594284e-60 2.347998e-58 1.385999e-56 7.423045e-55 3.619283e-53 1.611007e-51 6.561516e-50 2.449931e-48 8.398296e-47 2.646123e-45 7.669409e-44 2.045783e-42 5.023137e-41 1.135090e-39 2.359285e-38 4.505901e-37 7.894826e-36 1.266022e-34 1.851762e-33 2.457877e-32 2.937318e-31 3.119742e-30 2.875403e-29 2.182397e-28 1.159475e-27 3.774783e-28 -9.226318e-26 -1.530607e-24 -1.726648e-23 -1.581202e-22 -1.239517e-21 -8.503979e-21 -5.160557e-20 -2.784477e-19 -1.339031e-18 -5.743078e-18 -2.196244e-17 -7.481978e-17 -2.267990e-16 -6.109524e-16 -1.460826e-15 -3.097062e-15 -5.815592e-15 -9.657674e-15 -1.414239e-14 -1.814878e-14 -2.013495e-14 -1.871537e-14 -1.336456e-14 -4.857787e-15 4.857787e-15 1.336456e-14 1.871537e-14 2.013495e-14 1.814878e-14 1.414239e-14 9.657674e-15 5.815592e-15 3.097062e-15 1.460826e-15 6.109524e-16 2.267990e-16 7.481978e-17 2.196244e-17 5.743078e-18 1.339031e-18 2.784477e-19 5.160557e-20 8.503979e-21 1.239517e-21 1.581202e-22 1.726648e-23 1.530607e-24 9.226318e-26 -3.774783e-28 -1.159475e-27 -2.182397e-28 -2.875403e-29 -3.119742e-30 -2.937318e-31 -2.457877e-32 -1.851762e-33 -1.266022e-34 -7.894826e-36 -4.505901e-37 -2.359285e-38 -1.135090e-39 -5.023137e-41 -2.045783e-42 -7.669409e-44 -2.646123e-45 -8.398296e-47 -2.449931e-48 -6.561516e-50 -1.611007e-51 -3.619283e-53 -7.423045e-55 -1.385999e-56 -2.347998e-58 -3.594284e-60 -4.842344e-62 -3.061290e-64 -3.314611e-67 -5.569967e-71 -1.878830e-75 -1.611109e-80 -4.165700e-86 -3.644592e-92
5.832455e-90 5.529086e-84 1.823609e-78 1.850572e-73 4.847423e-69 2.579251e-65 2.150421e-62 3.096520e-60 2.108347e-58 1.270476e-56 6.949153e-55 3.461902e-53 1.575203e-51 6.561516e-50 2.506903e-48 8.798155e-47 2.839690e-45 8.436038e-44 2.307911e-42 5.815638e-41 1.349613e-39 2.882863e-38 5.662564e-37 1.021177e-35 1.686870e-34 2.543772e-33 3.484101e-32 4.300437e-31 4.721726e-30 4.502444e-29 3.536855e-28 1.941097e-27 4.718312e-28 -1.705329e-25 -2.933852e-24 -3.450121e-23 -3.302289e-22 -2.711698e-21 -1.953050e-20 -1.246966e-19 -7.095319e-19 -3.606936e-18 -1.639490e-17 -6.661952e-17 -2.418103e-16 -7.831639e-16 -2.260605e-15 -5.809348e-15 -1.328004e-14 -2.698915e-14 -4.873926e-14 -7.813834e-14 -1.109452e-13 -1.387043e-13 -1.506717e-13 -1.378386e-13 -9.738863e-14 -3.521109e-14 3.521109e-14 9.738863e-14 1.378386e-13 1.506717e-13 1.387043e-13 1.109452e-13 7.813834e-14 4.873926e-14 2.698915e-14 1.328004e-14 5.809348e-15 2.260605e-15 7.831639e-16 2.418103e-16 6.661952e-17 1.639490e-17 3.606936e-18 7.095319e-19 1.246966e-19 1.953050e-20 2.711698e-21 3.302289e-22 3.450121e-23 2.933852e-24 1.705329e-25 -4.718312e-28 -1.941097e-27 -3.536855e-28 -4.502444e-29 -4.721726e-30 -4.300437e-31 -3.484101e-32 -2.543772e-33 -1.686870e-34 -1.021177e-35 -5.662564e-37 -2.882863e-38 -1.349613e-39 -5.815638e-41 -2.307911e-42 -8.436038e-44 -2.839690e-45 -8.798155e-47 -2.506903e-48 -6.561516e-50 -1.575203e-51 -3.461902e-53 -6.949153e-55 -1.270476e-56 -2.108347e-58 -3.096520e-60 -2.150421e-62 -2.579251e-65 -4.847423e-69 -1.850572e-73 -1.823609e-78 -5.529086e-84 -5.832455e-90
7.578516e-88 6.127227e-82 1.758706e-76 1.577062e-71 3.693983e-67 1.774313e-63 1.345823e-60 1.775490e-58 1.114872e-56 6.225163e-55 3.167233e-53 1.472464e-51 6.269886e-50 2.449931e-48 8.798155e-47 2.907285e-45 8.847388e-44 2.480907e-42 6.411657e-41 1.527015e-39 3.349743e-38 6.761781e-37 1.254097e-35 2.132210e-34 3.312043e-33 4.676729e-32 5.956221e-31 6.753610e-30 6.655710e-29 5.405685e-28 3.062411e-27 5.051223e-28 -2.953733e-25 -5.265273e-24 -6.444875e-23 -6.436059e-22 -5.525195e-21 -4.168492e-20 -2.793554e-19 -1.671947e-18 -8.959554e-18 -4.302696e-17 -1.851557e-16 -7.134439e-16 -2.458947e-15 -7.571860e-15 -2.080961e-14 -5.100321e-14 -1.114387e-13 -2.170563e-13 -3.769265e-13 -5.833698e-13 -8.031862e-13 -9.783901e-13 -1.040775e-12 -9.372289e-13 -6.552505e-13 -2.356616e-13 2.356616e-13 6.552505e-13 9.372289e-13 1.040775e-12 9.783901e-13 8.031862e-13 5.833698e-13 3.769265e-13 2.170563e-13 1.114387e-13 5.100321e-14 2.080961e-14 7.571860e-15 2.458947e-15 7.134439e-16 1.851557e-16 4.302696e-17 8.959554e-18 1.671947e-18 2.793554e-19 4.168492e-20 5.525195e-21 6.436059e-22 6.444875e-23 5.265273e-24 2.953733e-25 -5.051223e-28 -3.062411e-27 -5.405685e-28 -6.655710e-29 -6.753610e-30 -5.956221e-31 -4.676729e-32 -3.312043e-33 -2.132210e-34 -1.254097e-35 -6.761781e-37 -3.349743e-38 -1.527015e-39 -6.411657e-41 -2.480907e-42 -8.847388e-44 -2.907285e-45 -8.798155e-47 -2.449931e-48 -6.269886e-50 -1.472464e-51 -3.167233e-53 -6.225163e-55 -1.114872e-56 -1.775490e-58 -1.345823e-60 -1.774313e-63 -3.693983e-67 -1.577062e-71 -1.758706e-76 -6.127227e-82 -7.578516e-88
8.217381e-86 5.782319e-80 1.466740e-74 1.176233e-69 2.487327e-65 1.086907e-61 7.548401e-59 9.172405e-57 5.335678e-55 2.771278e-53 1.315806e-51 5.724666e-50 2.286610e-48 8.398296e-47 2.839690e-45 8.847388e-44 2.541383e-42 6.732000e-41 1.644362e-39 3.701900e-38 7.674057e-37 1.462686e-35 2.557558e-34 4.088839e-33 5.947034e-32 7.807957e-31 9.134067e-30 9.294095e-29 7.797145e-28 4.556591e-27 4.192684e-28 -4.799908e-25 -8.858230e-24 -1.127018e-22 -1.172337e-21 -1.050256e-20 -8.283749e-20 -5.814437e-19 -3.651801e-18 -2.057634e-17 -1.041151e-16 -4.730647e-16 -1.928807e-15 -7.049571e-15 -2.306905e-14 -6.751677e-14 -1.765833e-13 -4.125497e-13 -8.611000e-13 -1.606747e-12 -2.682208e-12 -4.006869e-12 -5.349035e-12 -6.348718e-12 -6.613786e-12 -5.862849e-12 -4.056126e-12 -1.451151e-12 1.451151e-12 4.056126e-12 5.862849e-12 6.613786e-12 6.348718e-12 5.349035e-12 4.006869e-12 2.682208e-12 1.606747e-12 8.611000e-13 4.125497e-13 1.765833e-13 6.751677e-14 2.306905e-14 7.049571e-15 1.928807e-15 4.730647e-16 1.041151e-16 2.057634e-17 3.651801e-18 5.814437e-19 8.283749e-20 1.050256e-20 1.172337e-21 1.127018e-22 8.858230e-24 4.799908e-25 -4.192684e-28 -4.556591e-27 -7.797145e-28 -9.294095e-29 -9.134067e-30 -7.807957e-31 -5.947034e-32 -4.088839e-33 -2.557558e-34 -1.462686e-35 -7.674057e-37 -3.701900e-38 -1.644362e-39 -6.732000e-41 -2.541383e-42 -8.847388e-44 -2.839690e-45 -8.398296e-47 -2.286610e-48 -5.724666e-50 -1.315806e-51 -2.771278e-53 -5.335678e-55 -9.172405e-57 -7.548401e-59 -1.086907e-61 -2.487327e-65 -1.176233e-69 -1.466740e-74 -5.782319e-80 -8.217381e-86
7.583527e-84 4.716300e-78 1.069990e-72 7.747456e-68 1.490616e-63 5.963867e-60 3.812496e-57 4.286331e-55 2.318752e-53 1.123902e-51 4.993840e-50 2.038078e-48 7.651883e-47 2.646123e-45 8.436038e-44 2.480907e-42 6.732000e-41 1.685431e-39 3.891506e-38 8.278950e-37 1.620500e-35 2.911891e-34 4.787600e-33 7.166630e-32 9.691392e-31 1.168651e-29 1.226630e-28 1.062007e-27 6.398210e-27 1.608555e-28 -7.325448e-25 -1.398550e-23 -1.847102e-22 -1.998372e-21 -1.865151e-20 -1.535184e-19 -1.126399e-18 -7.408070e-18 -4.378939e-17 -2.328799e-16 -1.114270e-15 -4.793514e-15 -1.852093e-14 -6.419225e-14 -1.993404e-13 -5.540990e-13 -1.377961e-12 -3.066071e-12 -6.108731e-12 -1.091211e-11 -1.750208e-11 -2.522721e-11 -3.264627e-11 -3.774803e-11 -3.850687e-11 -3.360031e-11 -2.300245e-11 -8.186324e-12 8.186324e-12 2.300245e-11 3.360031e-11 3.850687e-11 3.774803e-11 3.264627e-11 2.522721e-11 1.750208e-11 1.091211e-11 6.108731e-12 3.066071e-12 1.377961e-12 5.540990e-13 1.993404e-13 6.419225e-14 1.852093e-14 4.793514e-15 1.114270e-15 2.328799e-16 4.378939e-17 7.408070e-18 1.126399e-18 1.535184e-19 1.865151e-20 1.998372e-21 1.847102e-22 1.398550e-23 7.325448e-25 -1.608555e-28 -6.398210e-27 -1.062007e-27 -1.226630e-28 -1.168651e-29 -9.691392e-31 -7.166630e-32 -4.787600e-33 -2.911891e-34 -1.620500e-35 -8.278950e-37 -3.891506e-38 -1.685431e-39 -6.732000e-41 -2.480907e-42 -8.436038e-44 -2.646123e-45 -7.651883e-47 -2.038078e-48 -4.993840e-50 -1.123902e-51 -2.318752e-53 -4.286331e-55 -3.812496e-57 -5.963867e-60 -1.490616e-63 -7.747456e-68 -1.069990e-72 -4.716300e-78 -7.583527e-84
6.045335e-82 3.362943e-76 6.889407e-71 4.539172e-66 7.997087e-62 2.945183e-58 1.740835e-55 1.817746e-53 9.174479e-52 4.161515e-50 1.734549e-48 6.653946e-47 2.352180e-45 7.669409e-44 2.307911e-42 6.411657e-41 1.644362e-39 3.891506e-38 8.490906e-37 1.705625e-35 3.147421e-34 5.317949e-33 8.186553e-32 1.139342e-30 1.415009e-29 1.530734e-28 1.366589e-27 8.483121e-27 -2.953254e-28 -1.050868e-24 -2.073997e-23 -2.840083e-22 -3.191383e-21 -3.098474e-20 -2.656982e-19 -2.034199e-18 -1.398235e-17 -8.652537e-17 -4.825614e-16 -2.425599e-15 -1.098140e-14 -4.473005e-14 -1.637124e-13 -5.376938e-13 -1.582969e-12 -4.174279e-12 -9.858583e-12 -2.086680e-11 -3.964010e-11 -6.772417e-11 -1.042863e-10 -1.449497e-10 -1.817535e-10 -2.046678e-10 -2.043934e-10 -1.755264e-10 -1.188919e-10 -4.208783e-11 4.208783e-11 1.188919e-10 1.755264e-10 2.043934e-10 2.046678e-10 1.817535e-10 1.449497e-10 1.042863e-10 6.772417e-11 3.964010e-11 2.086680e-11 9.858583e-12 4.174279e-12 1.582969e-12 5.376938e-13 1.637124e-13 4.473005e-14 1.098140e-14 2.425599e-15 4.825614e-16 8.652537e-17 1.398235e-17 2.034199e-18 2.656982e-19 3.098474e-20 3.191383e-21 2.840083e-22 2.073997e-23 1.050868e-24 2.953254e-28 -8.483121e-27 -1.366589e-27 -1.530734e-28 -1.415009e-29 -1.139342e-30 -8.186553e-32 -5.317949e-33 -3.147421e-34 -1.705625e-35 -8.490906e-37 -3.891506e-38 -1.644362e-39 -6.411657e-41 -2.307911e-42 -7.669409e-44 -2.352180e-45 -6.653946e-47 -1.734549e-48 -4.161515e-50 -9.174479e-52 -1.817746e-53 -1.740835e-55 -2.945183e-58 -7.997087e-62 -4.539172e-66 -6.889407e-71 -3.362943e-76 -6.045335e-82
4.210433e-80 2.115210e-74 3.943471e-69 2.379430e-64 3.859182e-60 1.314139e-56 7.209351e-54 7.014156e-52 3.312178e-50 1.409336e-48 5.521510e-47 1.994324e-45 6.647191e-44 2.045783e-42 5.815638e-41 1.527015e-39 3.701900e-38 8.278950e-37 1.705625e-35 3.230053e-34 5.604563e-33 8.866257e-32 1.268947e-30 1.621850e-29 1.806810e-28 1.662028e-27 1.062491e-26 -9.240574e-28 -1.418032e-24 -2.891146e-23 -4.100362e-22 -4.779431e-21 -4.820198e-20 -4.299689e-19 -3.429259e-18 -2.459198e-17 -1.590129e-16 -9.281217e-16 -4.890293e-15 -2.324553e-14 -9.957199e-14 -3.838253e-13 -1.329543e-12 -4.133050e-12 -1.151897e-11 -2.877095e-11 -6.442569e-11 -1.295092e-10 -2.342333e-10 -3.822520e-10 -5.645068e-10 -7.559433e-10 -9.178014e-10 -1.005948e-09 -9.830458e-10 -8.305713e-10 -5.565061e-10 -1.959368e-10 1.959368e-10 5.565061e-10 8.305713e-10 9.830458e-10 1.005948e-09 9.178014e-10 7.559433e-10 5.645068e-10 3.822520e-10 2.342333e-10 1.295092e-10 6.442569e-11 2.877095e-11 1.151897e-11 4.133050e-12 1.329543e-12 3.838253e-13 9.957199e-14 2.324553e-14 4.890293e-15 9.281217e-16 1.590129e-16 2.459198e-17 3.429259e-18 4.299689e-19 4.820198e-20 4.779431e-21 4.100362e-22 2.891146e-23 1.418032e-24 9.240574e-28 -1.062491e-26 -1.662028e-27 -1.806810e-28 -1.621850e-29 -1.268947e-30 -8.866257e-32 -5.604563e-33 -3.230053e-34 -1.705625e-35 -8.278950e-37 -3.701900e-38 -1.527015e-39 -5.815638e-41 -2.045783e-42 -6.647191e-44 -1.994324e-45 -5.521510e-47 -1.409336e-48 -3.312178e-50 -7.014156e-52 -7.209351e-54 -1.314139e-56 -3.859182e-60 -2.379430e-64 -3.943471e-69 -2.115210e-74 -4.210433e-80
2.585086e-78 1.181981e-72 2.018297e-67 1.121245e-62 1.681669e-58 5.314959e-55 2.714955e-52 2.467982e-50 1.092958e-48 4.371345e-47 1.612521e-45 5.491569e-44 1.727710e-42 5.023137e-41 1.349613e-39 3.349743e-38 7.674057e-37 1.620500e-35 3.147421e-34 5.604563e-33 9.105029e-32 1.339126e-30 1.760056e-29 2.017721e-28 1.910997e-27 1.257537e-26 -1.640257e-27 -1.800947e-24 -3.790867e-23 -5.562551e-22 -6.717674e-21 -7.028485e-20 -6.512589e-19 -5.402790e-18 -4.035647e-17 -2.721912e-16 -1.659607e-15 -9.148301e-15 -4.556146e-14 -2.047772e-13 -8.294003e-13 -3.022455e-12 -9.894743e-12 -2.906341e-11 -7.653349e-11 -1.806817e-10 -3.827881e-10 -7.292755e-10 -1.253334e-09 -1.950353e-09 -2.758191e-09 -3.554075e-09 -4.173669e-09 -4.448572e-09 -4.250993e-09 -3.531716e-09 -2.339933e-09 -8.192399e-10 8.192399e-10 2.339933e-09 3.531716e-09 4.250993e-09 4.448572e-09 4.173669e-09 3.554075e-09 2.758191e-09 1.950353e-09 1.253334e-09 7.292755e-10 3.827881e-10 1.806817e-10 7.653349e-11 2.906341e-11 9.894743e-12 3.022455e-12 8.294003e-13 2.047772e-13 4.556146e-14 9.148301e-15 1.659607e-15 2.721912e-16 4.035647e-17 5.402790e-18 6.512589e-19 7.028485e-20 6.717674e-21 5.562551e-22 3.790867e-23 1.800947e-24 1.640257e-27 -1.257537e-26 -1.910997e-27 -2.017721e-28 -1.760056e-29 -1.339126e-30 -9.105029e-32 -5.604563e-33 -3.147421e-34 -1.620500e-35 -7.674057e-37 -3.349743e-38 -1.349613e-39 -5.023137e-41 -1.727710e-42 -5.491569e-44 -1.612521e-45 -4.371345e-47 -1.092958e-48 -2.467982e-50 -2.714955e-52 -5.314959e-55 -1.681669e-58 -1.121245e-62 -2.018297e-67 -1.181981e-72 -2.585086e-78
1.409156e-76 5.901906e-71 9.279849e-66 4.767943e-61 6.638041e-57 1.953501e-53 9.316955e-51 7.931786e-49 3.300912e-47 1.243069e-45 4.323558e-44 1.389847e-42 4.130732e-41 1.135090e-39 2.882863e-38 6.761781e-37 1.462686e-35 2.911891e-34 5.317949e-33 8.866257e-32 1.339126e-30 1.808671e-29 2.132148e-28 2.077764e-27 1.406874e-26 -2.311206e-27 -2.153730e-24 -4.677723e-23 -7.094790e-22 -8.867419e-21 -9.613246e-20 -9.240944e-19 -7.962975e-18 -6.186200e-17 -4.345256e-16 -2.762921e-15 -1.590473e-14 -8.283351e-14 -3.898511e-13 -1.655553e-12 -6.332767e-12 -2.178176e-11 -6.725991e-11 -1.862402e-10 -4.621983e-10 -1.028550e-09 -2.055869e-09 -3.701988e-09 -6.030144e-09 -8.927169e-09 -1.206489e-08 -1.493211e-08 -1.693398e-08 -1.752880e-08 -1.636108e-08 -1.335454e-08 -8.744181e-09 -3.043411e-09 3.043411e-09 8.744181e-09 1.335454e-08 1.636108e-08 1.752880e-08 1.693398e-08 1.493211e-08 1.206489e-08 8.927169e-09 6.030144e-09 3.701988e-09 2.055869e-09 1.028550e-09 4.621983e-10 1.862402e-10 6.725991e-11 2.178176e-11 6.332767e-12 1.655553e-12 3.898511e-13 8.283351e-14 1.590473e-14 2.762921e-15 4.345256e-16 6.186200e-17 7.962975e-18 9.240944e-19 9.613246e-20 8.867419e-21 7.094790e-22 4.677723e-23 2.153730e-24 2.311206e-27 -1.406874e-26 -2.077764e-27 -2.132148e-28 -1.808671e-29 -1.339126e-30 -8.866257e-32 -5.317949e-33 -2.911891e-34 -1.462686e-35 -6.761781e-37 -2.882863e-38 -1.135090e-39 -4.130732e-41 -1.389847e-42 -4.323558e-44 -1.243069e-45 -3.300912e-47 -7.931786e-49 -9.316955e-51 -1.953501e-53 -6.638041e-57 -4.767943e-61 -9.279849e-66 -5.901906e-71 -1.409156e-76
6.859078e-75 2.645601e-69 3.847722e-64 1.835370e-59 2.379611e-55 6.538624e-52 2.918467e-49 2.331471e-47 9.133383e-46 3.243039e-44 1.064722e-42 3.233336e-41 9.082676e-40 2.359285e-38 5.662564e-37 1.254097e-35 2.557558e-34 4.787600e-33 8.186553e-32 1.268947e-30 1.760056e-29 2.132148e-28 2.136496e-27 1.488002e-26 -2.790785e-27 -2.426075e-24 -5.434089e-23 -8.511724e-22 -1.099877e-20 -1.234128e-19 -1.229241e-18 -1.098828e-17 -8.866124e-17 -6.476182e-16 -4.287639e-15 -2.573252e-14 -1.399034e-13 -6.882290e-13 -3.058463e-12 -1.225563e-11 -4.419583e-11 -1.431592e-10 -4.158660e-10 -1.082257e-09 -2.522786e-09 -5.273032e-09 -9.907517e-09 -1.680129e-08 -2.585006e-08 -3.629136e-08 -4.673501e-08 -5.540927e-08 -6.053864e-08 -6.073147e-08 -5.527246e-08 -4.426493e-08 -2.861667e-08 -9.896668e-09 9.896668e-09 2.861667e-08 4.426493e-08 5.527246e-08 6.073147e-08 6.053864e-08 5.540927e-08 4.673501e-08 3.629136e-08 2.585006e-08 1.680129e-08 9.907517e-09 5.273032e-09 2.522786e-09 1.082257e-09 4.158660e-10 1.431592e-10 4.419583e-11 1.225563e-11 3.058463e-12 6.882290e-13 1.399034e-13 2.573252e-14 4.287639e-15 6.476182e-16 8.866124e-17 1.098828e-17 1.229241e-18 1.234128e-19 1.099877e-20 8.511724e-22 5.434089e-23 2.426075e-24 2.790785e-27 -1.488002e-26 -2.136496e-27 -2.132148e-28 -1.760056e-29 -1.268947e-30 -8.186553e-32 -4.787600e-33 -2.557558e-34 -1.254097e-35 -5.662564e-37 -2.359285e-38 -9.082676e-40 -3.233336e-41 -1.064722e-42 -3.243039e-44 -9.133383e-46 -2.331471e-47 -2.918467e-49 -6.538624e-52 -2.379611e-55 -1.835370e-59 -3.847722e-64 -2.645601e-69 -6.859078e-75
2.995056e-73 1.068682e-67 1.443169e-62 6.411729e-58 7.762969e-54 1.996312e-50 8.355215e-48 6.273784e-46 2.316739e-44 7.764975e-43 2.408336e-41 6.912568e-40 1.835568e-38 4.505901e-37 1.021177e-35 2.132210e-34 4.088839e-33 7.166630e-32 1.139342e-30 1.621850e-29 2.017721e-28 2.077764e-27 1.488002e-26 -2.965001e-27 -2.574759e-24 -5.944766e-23 -9.608493e-22 -1.282441e-20 -1.487802e-19 -1.533789e-18 -1.420603e-17 -1.188993e-16 -9.019266e-16 -6.208613e-15 -3.878896e-14 -2.198002e-13 -1.128286e-12 -5.237905e-12 -2.194753e-11 -8.282568e-11 -2.808934e-10 -8.543367e-10 -2.326593e-09 -5.667993e-09 -1.235541e-08 -2.414136e-08 -4.242952e-08 -6.742961e-08 -9.752595e-08 -1.292504e-07 -1.579125e-07 -1.786196e-07 -1.873100e-07 -1.814985e-07 -1.606064e-07 -1.259124e-07 -8.024510e-08 -2.755306e-08 2.755306e-08 8.024510e-08 1.259124e-07 1.606064e-07 1.814985e-07 1.873100e-07 1.786196e-07 1.579125e-07 1.292504e-07 9.752595e-08 6.742961e-08 4.242952e-08 2.414136e-08 1.235541e-08 5.667993e-09 2.326593e-09 8.543367e-10 2.808934e-10 8.282568e-11 2.194753e-11 5.237905e-12 1.128286e-12 2.198002e-13 3.878896e-14 6.208613e-15 9.019266e-16 1.188993e-16 1.420603e-17 1.533789e-18 1.487802e-19 1.282441e-20 9.608493e-22 5.944766e-23 2.574759e-24 2.965001e-27 -1.488002e-26 -2.077764e-27 -2.017721e-28 -1.621850e-29 -1.139342e-30 -7.166630e-32 -4.088839e-33 -2.132210e-34 -1.021177e-35 -4.505901e-37 -1.835568e-38 -6.912568e-40 -2.408336e-41 -7.764975e-43 -2.316739e-44 -6.273784e-46 -8.355215e-48 -1.996312e-50 -7.762969e-54 -6.411729e-58 -1.443169e-62 -1.068682e-67 -2.995056e-73
