0.000000e+00 0.000000e+00 0.000000e+00 0.000000e+00 0.000000e+00 0.000000e+00 0.000000e+00 0.000000e+00 0.000000e+00 0.000000e+00 0.000000e+00 0.000000e+00 0.000000e+00 0.000000e+00 0.000000e+00 0.000000e+00 0.000000e+00 0.000000e+00 0.000000e+00 0.000000e+00 0.000000e+00 0.000000e+00 0.000000e+00 0.000000e+00 0.000000e+00 0.000000e+00 0.000000e+00 0.000000e+00 0.000000e+00 0.000000e+00 0.000000e+00 0.000000e+00 0.000000e+00 0.000000e+00 0.000000e+00 0.000000e+00 0.000000e+00 0.000000e+00 0.000000e+00 0.000000e+00 0.000000e+00 0.000000e+00 0.000000e+00 0.000000e+00 0.000000e+00 0.000000e+00 0.000000e+00 0.000000e+00 0.000000e+00 0.000000e+00 0.000000e+00 0.000000e+00 0.000000e+00 0.000000e+00 0.000000e+00 0.000000e+00 0.000000e+00 0.000000e+00 0.000000e+00 0.000000e+00 0.000000e+00 0.000000e+00 0.000000e+00 0.000000e+00 0.000000e+00 0.000000e+00 0.000000e+00 0.000000e+00 0.000000e+00 0.000000e+00 0.000000e+00 0.000000e+00 0.000000e+00 0.000000e+00 0.000000e+00 0.000000e+00 0.000000e+00 0.000000e+00 0.000000e+00 0.000000e+00 0.000000e+00 0.000000e+00 0.000000e+00 0.000000e+00 0.000000e+00 0.000000e+00 0.000000e+00 0.000000e+00 0.000000e+00 0.000000e+00 0.000000e+00 0.000000e+00 0.000000e+00 0.000000e+00 0.000000e+00 0.000000e+00 0.000000e+00 0.000000e+00 0.000000e+00 0.000000e+00 0.000000e+00 0.000000e+00 0.000000e+00 0.000000e+00 0.000000e+00 0.000000e+00 0.000000e+00 0.000000e+00 0.000000e+00 0.000000e+00 0.000000e+00 0.000000e+00 0.000000e+00 0.000000e+00 0.000000e+00 0.000000e+00
2.390918e-84 3.387356e-79 1.872921e-74 3.501897e-70 1.828840e-66 2.074425e-63 3.917102e-61 1.375148e-59 2.489080e-58 4.180401e-57 6.598325e-56 9.767020e-55 1.351751e-53 1.741680e-52 2.075757e-51 2.264836e-50 2.221553e-49 1.887765e-48 1.260345e-47 4.042254e-47 -5.554141e-46 -1.462189e-44 -2.169875e-43 -2.581193e-42 -2.669803e-41 -2.478624e-40 -2.097629e-39 -1.631951e-38 -1.172980e-37 -7.812063e-37 -4.829466e-36 -2.774098e-35 -1.481289e-34 -7.353674e-34 -3.393589e-33 -1.455376e-32 -5.797998e-32 -2.144718e-31 -7.362940e-31 -2.344967e-30 -6.925854e-30 -1.896505e-29 -4.814237e-29 -1.132932e-28 -2.472013e-28 -5.002422e-28 -9.391217e-28 -1.635981e-27 -2.644604e-27 -3.965480e-27 -5.509170e-27 -7.074469e-27 -8.359175e-27 -9.013496e-27 -8.729824e-27 -7.344072e-27 -4.912209e-27 -1.728599e-27 1.728599e-27 4.912209e-27 7.344072e-27 8.729824e-27 9.013496e-27 8.359175e-27 7.074469e-27 5.509170e-27 3.965480e-27 2.644604e-27 1.635981e-27 9.391217e-28 5.002422e-28 2.472013e-28 1.132932e-28 4.814237e-29 1.896505e-29 6.925854e-30 2.344967e-30 7.362940e-31 2.144718e-31 5.797998e-32 1.455376e-32 3.393589e-33 7.353674e-34 1.481289e-34 2.774098e-35 4.829466e-36 7.812063e-37 1.172980e-37 1.631951e-38 2.097629e-39 2.478624e-40 2.669803e-41 2.581193e-42 2.169875e-43 1.462189e-44 5.554141e-46 -4.042254e-47 -1.260345e-47 -1.887765e-48 -2.221553e-49 -2.264836e-50 -2.075757e-51 -1.741680e-52 -1.351751e-53 -9.767020e-55 -6.598325e-56 -4.180401e-57 -2.489080e-58 -1.375148e-59 -3.917102e-61 -2.074425e-63 -1.828840e-66 -3.501897e-70 -1.872921e-74 -3.387356e-79 -2.390918e-84
2.217737e-79 3.006827e-74 1.590898e-69 2.845787e-65 1.421242e-61 1.540669e-58 2.778406e-56 9.318276e-55 1.613310e-53 2.588779e-52 3.895653e-51 5.480708e-50 7.176452e-49 8.686504e-48 9.613006e-47 9.536657e-46 8.138968e-45 5.331428e-44 1.340256e-43 -3.298958e-42 -7.852080e-41 -1.157404e-39 -1.390826e-38 -1.462460e-37 -1.384822e-36 -1.197829e-35 -9.539324e-35 -7.027153e-34 -4.801714e-33 -3.048545e-32 -1.800007e-31 -9.888517e-31 -5.054802e-30 -2.403971e-29 -1.063338e-28 -4.372705e-28 -1.670946e-27 -5.930646e-27 -1.954244e-26 -5.976341e-26 -1.695761e-25 -4.463972e-25 -1.090268e-24 -2.471167e-24 -5.199933e-24 -1.016345e-23 -1.846165e-23 -3.118129e-23 -4.898011e-23 -7.154155e-23 -9.706970e-23 -1.220717e-22 -1.416582e-22 -1.504512e-22 -1.439538e-22 -1.199992e-22 -7.977409e-23 -2.798656e-23 2.798656e-23 7.977409e-23 1.199992e-22 1.439538e-22 1.504512e-22 1.416582e-22 1.220717e-22 9.706970e-23 7.154155e-23 4.898011e-23 3.118129e-23 1.846165e-23 1.016345e-23 5.199933e-24 2.471167e-24 1.090268e-24 4.463972e-25 1.695761e-25 5.976341e-26 1.954244e-26 5.930646e-27 1.670946e-27 4.372705e-28 1.063338e-28 2.403971e-29 5.054802e-30 9.888517e-31 1.800007e-31 3.048545e-32 4.801714e-33 7.027153e-34 9.539324e-35 1.197829e-35 1.384822e-36 1.462460e-37 1.390826e-38 1.157404e-39 7.852080e-41 3.298958e-42 -1.340256e-43 -5.331428e-44 -8.138968e-45 -9.536657e-46 -9.613006e-47 -8.686504e-48 -7.176452e-49 -5.480708e-50 -3.895653e-51 -2.588779e-52 -1.613310e-53 -9.318276e-55 -2.778406e-56 -1.540669e-58 -1.421242e-61 -2.845787e-65 -1.590898e-69 -3.006827e-74 -2.217737e-79
7.512278e-75 9.746415e-70 4.933537e-65 8.439531e-61 4.028122e-57 4.169327e-54 7.171658e-52 2.294060e-50 3.791441e-49 5.796770e-48 8.284337e-47 1.101516e-45 1.352879e-44 1.516837e-43 1.519519e-42 1.298729e-41 8.272568e-41 1.311418e-40 -7.060376e-39 -1.557661e-37 -2.284761e-36 -2.772934e-35 -2.962066e-34 -2.858172e-33 -2.524232e-32 -2.055496e-31 -1.550047e-30 -1.085325e-29 -7.067137e-29 -4.283257e-28 -2.417261e-27 -1.270338e-26 -6.215646e-26 -2.830607e-25 -1.199247e-24 -4.724545e-24 -1.729877e-23 -5.883989e-23 -1.858493e-22 -5.449596e-22 -1.483311e-21 -3.747954e-21 -8.793652e-21 -1.916743e-20 -3.883852e-20 -7.321589e-20 -1.285133e-19 -2.101891e-19 -3.204786e-19 -4.555247e-19 -6.031062e-19 -7.421990e-19 -8.453267e-19 -8.838348e-19 -8.350833e-19 -6.895584e-19 -4.555190e-19 -1.593010e-19 1.593010e-19 4.555190e-19 6.895584e-19 8.350833e-19 8.838348e-19 8.453267e-19 7.421990e-19 6.031062e-19 4.555247e-19 3.204786e-19 2.101891e-19 1.285133e-19 7.321589e-20 3.883852e-20 1.916743e-20 8.793652e-21 3.747954e-21 1.483311e-21 5.449596e-22 1.858493e-22 5.883989e-23 1.729877e-23 4.724545e-24 1.199247e-24 2.830607e-25 6.215646e-26 1.270338e-26 2.417261e-27 4.283257e-28 7.067137e-29 1.085325e-29 1.550047e-30 2.055496e-31 2.524232e-32 2.858172e-33 2.962066e-34 2.772934e-35 2.284761e-36 1.557661e-37 7.060376e-39 -1.311418e-40 -8.272568e-41 -1.298729e-41 -1.519519e-42 -1.516837e-43 -1.352879e-44 -1.101516e-45 -8.284337e-47 -5.796770e-48 -3.791441e-49 -2.294060e-50 -7.171658e-52 -4.169327e-54 -4.028122e-57 -8.439531e-61 -4.933537e-65 -9.746415e-70 -7.512278e-75
7.878177e-71 9.778545e-66 4.733552e-61 7.738711e-57 3.526708e-53 3.480893e-50 5.700804e-48 1.735227e-46 2.729591e-45 3.960043e-44 5.342542e-43 6.651874e-42 7.547045e-41 7.621259e-40 6.501801e-39 3.979708e-38 1.260169e-38 -4.657478e-36 -9.689869e-35 -1.416440e-33 -1.735806e-32 -1.882333e-31 -1.849225e-30 -1.665865e-29 -1.385563e-28 -1.068378e-27 -7.656165e-27 -5.106509e-26 -3.172583e-25 -1.836661e-24 -9.907942e-24 -4.979516e-23 -2.330673e-22 -1.015456e-21 -4.116208e-21 -1.551507e-20 -5.435117e-20 -1.768777e-19 -5.345752e-19 -1.500197e-18 -3.909410e-18 -9.462720e-18 -2.128564e-17 -4.452969e-17 -8.671974e-17 -1.573847e-16 -2.664815e-16 -4.213756e-16 -6.227042e-16 -8.601814e-16 -1.109972e-15 -1.335305e-15 -1.491327e-15 -1.533862e-15 -1.430260e-15 -1.169354e-15 -7.673657e-16 -2.674688e-16 2.674688e-16 7.673657e-16 1.169354e-15 1.430260e-15 1.533862e-15 1.491327e-15 1.335305e-15 1.109972e-15 8.601814e-16 6.227042e-16 4.213756e-16 2.664815e-16 1.573847e-16 8.671974e-17 4.452969e-17 2.128564e-17 9.462720e-18 3.909410e-18 1.500197e-18 5.345752e-19 1.768777e-19 5.435117e-20 1.551507e-20 4.116208e-21 1.015456e-21 2.330673e-22 4.979516e-23 9.907942e-24 1.836661e-24 3.172583e-25 5.106509e-26 7.656165e-27 1.068378e-27 1.385563e-28 1.665865e-29 1.849225e-30 1.882333e-31 1.735806e-32 1.416440e-33 9.689869e-35 4.657478e-36 -1.260169e-38 -3.979708e-38 -6.501801e-39 -7.621259e-40 -7.547045e-41 -6.651874e-42 -5.342542e-43 -3.960043e-44 -2.729591e-45 -1.735227e-46 -5.700804e-48 -3.480893e-50 -3.526708e-53 -7.738711e-57 -4.733552e-61 -9.778545e-66 -7.878177e-71
2.051344e-67 2.434903e-62 1.126459e-57 1.758395e-53 7.641333e-50 7.178983e-47 1.116634e-44 3.223377e-43 4.804942e-42 6.572538e-41 8.288000e-40 9.504021e-39 9.656837e-38 8.191483e-37 4.740930e-36 -6.942455e-36 -7.639932e-34 -1.517988e-32 -2.214196e-31 -2.739193e-30 -3.013520e-29 -3.011646e-28 -2.764741e-27 -2.346374e-26 -1.847961e-25 -1.353780e-24 -9.237558e-24 -5.875428e-23 -3.484363e-22 -1.926640e-21 -9.930363e-21 -4.769144e-20 -2.133059e-19 -8.879774e-19 -3.438572e-18 -1.237893e-17 -4.140931e-17 -1.286635e-16 -3.712428e-16 -9.947180e-16 -2.475616e-15 -5.725724e-15 -1.231651e-14 -2.466709e-14 -4.605529e-14 -8.027663e-14 -1.308190e-13 -1.995674e-13 -2.852791e-13 -3.822886e-13 -4.800075e-13 -5.636814e-13 -6.165557e-13 -6.231560e-13 -5.729639e-13 -4.635215e-13 -3.020372e-13 -1.049051e-13 1.049051e-13 3.020372e-13 4.635215e-13 5.729639e-13 6.231560e-13 6.165557e-13 5.636814e-13 4.800075e-13 3.822886e-13 2.852791e-13 1.995674e-13 1.308190e-13 8.027663e-14 4.605529e-14 2.466709e-14 1.231651e-14 5.725724e-15 2.475616e-15 9.947180e-16 3.712428e-16 1.286635e-16 4.140931e-17 1.237893e-17 3.438572e-18 8.879774e-19 2.133059e-19 4.769144e-20 9.930363e-21 1.926640e-21 3.484363e-22 5.875428e-23 9.237558e-24 1.353780e-24 1.847961e-25 2.346374e-26 2.764741e-27 3.011646e-28 3.013520e-29 2.739193e-30 2.214196e-31 1.517988e-32 7.639932e-34 6.942455e-36 -4.740930e-36 -8.191483e-37 -9.656837e-38 -9.504021e-39 -8.288000e-40 -6.572538e-41 -4.804942e-42 -3.223377e-43 -1.116634e-44 -7.178983e-47 -7.641333e-50 -1.758395e-53 -1.126459e-57 -2.434903e-62 -2.051344e-67
1.007663e-64 1.143154e-59 5.049976e-55 7.517611e-51 3.109828e-47 2.774231e-44 4.083925e-42 1.112611e-40 1.561084e-39 1.992280e-38 2.306642e-37 2.354263e-36 1.977891e-35 1.059947e-34 -4.255048e-34 -2.375548e-32 -4.555691e-31 -6.641181e-30 -8.294429e-29 -9.253836e-28 -9.402118e-27 -8.789438e-26 -7.605127e-25 -6.112427e-24 -4.573233e-23 -3.189228e-22 -2.074382e-21 -1.258740e-20 -7.125231e-20 -3.761409e-19 -1.850945e-18 -8.485571e-18 -3.621900e-17 -1.438369e-16 -5.311294e-16 -1.822509e-15 -5.808565e-15 -1.718929e-14 -4.722692e-14 -1.204843e-13 -2.855481e-13 -6.291864e-13 -1.290381e-12 -2.466688e-12 -4.402406e-12 -7.348949e-12 -1.149470e-11 -1.687375e-11 -2.327619e-11 -3.019116e-11 -3.681224e-11 -4.212206e-11 -4.505140e-11 -4.468504e-11 -4.046899e-11 -3.236820e-11 -2.093162e-11 -7.242411e-12 7.242411e-12 2.093162e-11 3.236820e-11 4.046899e-11 4.468504e-11 4.505140e-11 4.212206e-11 3.681224e-11 3.019116e-11 2.327619e-11 1.687375e-11 1.149470e-11 7.348949e-12 4.402406e-12 2.466688e-12 1.290381e-12 6.291864e-13 2.855481e-13 1.204843e-13 4.722692e-14 1.718929e-14 5.808565e-15 1.822509e-15 5.311294e-16 1.438369e-16 3.621900e-17 8.485571e-18 1.850945e-18 3.761409e-19 7.125231e-20 1.258740e-20 2.074382e-21 3.189228e-22 4.573233e-23 6.112427e-24 7.605127e-25 8.789438e-26 9.402118e-27 9.253836e-28 8.294429e-29 6.641181e-30 4.555691e-31 2.375548e-32 4.255048e-34 -1.059947e-34 -1.977891e-35 -2.354263e-36 -2.306642e-37 -1.992280e-38 -1.561084e-39 -1.112611e-40 -4.083925e-42 -2.774231e-44 -3.109828e-47 -7.517611e-51 -5.049976e-55 -1.143154e-59 -1.007663e-64
7.894477e-63 8.557419e-58 3.607629e-53 5.116258e-49 2.011326e-45 1.699195e-42 2.357404e-40 6.021935e-39 7.873414e-38 9.210806e-37 9.451871e-36 7.871252e-35 3.867641e-34 -2.794349e-33 -1.178340e-31 -2.213738e-30 -3.239876e-29 -4.093890e-28 -4.637637e-27 -4.794336e-26 -4.566658e-25 -4.030253e-24 -3.306702e-23 -2.527396e-22 -1.801697e-21 -1.198621e-20 -7.443146e-20 -4.313774e-19 -2.332593e-18 -1.176205e-17 -5.527385e-17 -2.419048e-16 -9.852257e-16 -3.731407e-15 -1.313271e-14 -4.292607e-14 -1.302501e-13 -3.667922e-13 -9.586452e-13 -2.326171e-12 -5.244209e-12 -1.099641e-11 -2.147813e-11 -3.914763e-11 -6.672265e-11 -1.065734e-10 -1.598698e-10 -2.256672e-10 -3.002051e-10 -3.766988e-10 -4.458139e-10 -4.968449e-10 -5.194257e-10 -5.054467e-10 -4.507746e-10 -3.563925e-10 -2.286928e-10 -7.882242e-11 7.882242e-11 2.286928e-10 3.563925e-10 4.507746e-10 5.054467e-10 5.194257e-10 4.968449e-10 4.458139e-10 3.766988e-10 3.002051e-10 2.256672e-10 1.598698e-10 1.065734e-10 6.672265e-11 3.914763e-11 2.147813e-11 1.099641e-11 5.244209e-12 2.326171e-12 9.586452e-13 3.667922e-13 1.302501e-13 4.292607e-14 1.313271e-14 3.731407e-15 9.852257e-16 2.419048e-16 5.527385e-17 1.176205e-17 2.332593e-18 4.313774e-19 7.443146e-20 1.198621e-20 1.801697e-21 2.527396e-22 3.306702e-23 4.030253e-24 4.566658e-25 4.794336e-26 4.637637e-27 4.093890e-28 3.239876e-29 2.213738e-30 1.178340e-31 2.794349e-33 -3.867641e-34 -7.871252e-35 -9.451871e-36 -9.210806e-37 -7.873414e-38 -6.021935e-39 -2.357404e-40 -1.699195e-42 -2.011326e-45 -5.116258e-49 -3.607629e-53 -8.557419e-58 -7.894477e-63
1.772211e-61 1.837943e-56 7.402083e-52 1.000668e-47 3.738225e-44 2.987135e-41 3.893035e-39 9.261319e-38 1.113515e-36 1.159663e-35 9.747618e-35 4.672484e-34 -4.133591e-33 -1.644949e-31 -3.116273e-30 -4.636467e-29 -5.973116e-28 -6.909439e-27 -7.301585e-26 -7.115343e-25 -6.429204e-24 -5.404317e-23 -4.234667e-22 -3.096695e-21 -2.114628e-20 -1.348664e-19 -8.032561e-19 -4.466135e-18 -2.316912e-17 -1.120737e-16 -5.051166e-16 -2.119473e-15 -8.272952e-15 -3.001578e-14 -1.011551e-13 -3.164627e-13 -9.187216e-13 -2.474632e-12 -6.185559e-12 -1.435581e-11 -3.096544e-11 -6.216352e-11 -1.163564e-10 -2.035075e-10 -3.333865e-10 -5.128343e-10 -7.425396e-10 -1.014181e-09 -1.308893e-09 -1.597811e-09 -1.844933e-09 -2.012001e-09 -2.064527e-09 -1.977838e-09 -1.741948e-09 -1.364321e-09 -8.699844e-10 -2.989120e-10 2.989120e-10 8.699844e-10 1.364321e-09 1.741948e-09 1.977838e-09 2.064527e-09 2.012001e-09 1.844933e-09 1.597811e-09 1.308893e-09 1.014181e-09 7.425396e-10 5.128343e-10 3.333865e-10 2.035075e-10 1.163564e-10 6.216352e-11 3.096544e-11 1.435581e-11 6.185559e-12 2.474632e-12 9.187216e-13 3.164627e-13 1.011551e-13 3.001578e-14 8.272952e-15 2.119473e-15 5.051166e-16 1.120737e-16 2.316912e-17 4.466135e-18 8.032561e-19 1.348664e-19 2.114628e-20 3.096695e-21 4.234667e-22 5.404317e-23 6.429204e-24 7.115343e-25 7.301585e-26 6.909439e-27 5.973116e-28 4.636467e-29 3.116273e-30 1.644949e-31 4.133591e-33 -4.672484e-34 -9.747618e-35 -1.159663e-35 -1.113515e-36 -9.261319e-38 -3.893035e-39 -2.987135e-41 -3.738225e-44 -1.000668e-47 -7.402083e-52 -1.837943e-56 -1.772211e-61
3.165310e-60 3.141605e-55 1.208505e-50 1.556072e-46 5.513281e-43 4.150918e-40 5.043583e-38 1.101155e-36 1.181821e-35 1.013666e-34 4.953316e-34 -4.505031e-33 -1.827441e-31 -3.538173e-30 -5.383939e-29 -7.097887e-28 -8.406559e-27 -9.100624e-26 -9.089976e-25 -8.423177e-24 -7.265333e-23 -5.844925e-22 -4.390930e-21 -3.082107e-20 -2.021772e-19 -1.239244e-18 -7.095229e-18 -3.792523e-17 -1.891252e-16 -8.792109e-16 -3.807088e-15 -1.534154e-14 -5.748355e-14 -2.001068e-13 -6.467146e-13 -1.939344e-12 -5.394434e-12 -1.391784e-11 -3.331797e-11 -7.406230e-11 -1.530603e-10 -2.945883e-10 -5.291607e-10 -8.893325e-10 -1.402257e-09 -2.080119e-09 -2.910746e-09 -3.851270e-09 -4.827217e-09 -5.738211e-09 -6.469752e-09 -6.909107e-09 -6.962393e-09 -6.569790e-09 -5.716289e-09 -4.436320e-09 -2.811667e-09 -9.630904e-10 9.630904e-10 2.811667e-09 4.436320e-09 5.716289e-09 6.569790e-09 6.962393e-09 6.909107e-09 6.469752e-09 5.738211e-09 4.827217e-09 3.851270e-09 2.910746e-09 2.080119e-09 1.402257e-09 8.893325e-10 5.291607e-10 2.945883e-10 1.530603e-10 7.406230e-11 3.331797e-11 1.391784e-11 5.394434e-12 1.939344e-12 6.467146e-13 2.001068e-13 5.748355e-14 1.534154e-14 3.807088e-15 8.792109e-16 1.891252e-16 3.792523e-17 7.095229e-18 1.239244e-18 2.021772e-19 3.082107e-20 4.390930e-21 5.844925e-22 7.265333e-23 8.423177e-24 9.089976e-25 9.100624e-26 8.406559e-27 7.097887e-28 5.383939e-29 3.538173e-30 1.827441e-31 4.505031e-33 -4.953316e-34 -1.013666e-34 -1.181821e-35 -1.101155e-36 -5.043583e-38 -4.150918e-40 -5.513281e-43 -1.556072e-46 -1.208505e-50 -3.141605e-55 -3.165310e-60
5.326703e-59 5.052281e-54 1.852313e-49 2.264074e-45 7.567777e-42 5.320370e-39 5.927559e-37 1.148175e-35 1.013545e-34 5.052584e-34 -4.704027e-33 -1.947338e-31 -3.852597e-30 -5.993627e-29 -8.082553e-28 -9.796723e-27 -1.085909e-25 -1.111134e-24 -1.055328e-23 -9.334858e-23 -7.705645e-22 -5.943007e-21 -4.285114e-20 -2.889078e-19 -1.821143e-18 -1.072902e-17 -5.904313e-17 -3.032985e-16 -1.453156e-15 -6.487971e-15 -2.696826e-14 -1.042631e-13 -3.745754e-13 -1.249421e-12 -3.866565e-12 -1.109584e-11 -2.951902e-11 -7.280984e-11 -1.665897e-10 -3.539248e-10 -6.992640e-10 -1.287438e-09 -2.214398e-09 -3.568388e-09 -5.403892e-09 -7.714375e-09 -1.041178e-08 -1.331980e-08 -1.618467e-08 -1.870235e-08 -2.055746e-08 -2.146625e-08 -2.121638e-08 -1.969692e-08 -1.691518e-08 -1.299879e-08 -8.184268e-09 -2.794140e-09 2.794140e-09 8.184268e-09 1.299879e-08 1.691518e-08 1.969692e-08 2.121638e-08 2.146625e-08 2.055746e-08 1.870235e-08 1.618467e-08 1.331980e-08 1.041178e-08 7.714375e-09 5.403892e-09 3.568388e-09 2.214398e-09 1.287438e-09 6.992640e-10 3.539248e-10 1.665897e-10 7.280984e-11 2.951902e-11 1.109584e-11 3.866565e-12 1.249421e-12 3.745754e-13 1.042631e-13 2.696826e-14 6.487971e-15 1.453156e-15 3.032985e-16 5.904313e-17 1.072902e-17 1.821143e-18 2.889078e-19 4.285114e-20 5.943007e-21 7.705645e-22 9.334858e-23 1.055328e-23 1.111134e-24 1.085909e-25 9.796723e-27 8.082553e-28 5.993627e-29 3.852597e-30 1.947338e-31 4.704027e-33 -5.052584e-34 -1.013545e-34 -1.148175e-35 -5.927559e-37 -5.320370e-39 -7.567777e-42 -2.264074e-45 -1.852313e-49 -5.052281e-54 -5.326703e-59
8.426021e-58 7.621519e-53 2.654732e-48 3.064911e-44 9.584139e-41 6.195556e-38 6.126271e-36 9.675846e-35 4.952211e-34 -4.704038e-33 -1.989012e-31 -4.020060e-30 -6.391855e-29 -8.813194e-28 -1.092724e-26 -1.239574e-25 -1.298689e-24 -1.263580e-23 -1.145570e-22 -9.697255e-22 -7.673683e-21 -5.680063e-20 -3.933516e-19 -2.548208e-18 -1.543677e-17 -8.739842e-17 -4.621322e-16 -2.280242e-15 -1.048921e-14 -4.493844e-14 -1.791255e-13 -6.636095e-13 -2.282728e-12 -7.284417e-12 -2.154850e-11 -5.906161e-11 -1.499620e-10 -3.528117e-10 -7.696621e-10 -1.558845e-09 -2.936669e-09 -5.158288e-09 -8.472560e-09 -1.305552e-08 -1.893789e-08 -2.594810e-08 -3.369018e-08 -4.156626e-08 -4.884101e-08 -5.473415e-08 -5.852191e-08 -5.962854e-08 -5.769404e-08 -5.261136e-08 -4.453281e-08 -3.385051e-08 -2.115753e-08 -7.196807e-09 7.196807e-09 2.115753e-08 3.385051e-08 4.453281e-08 5.261136e-08 5.769404e-08 5.962854e-08 5.852191e-08 5.473415e-08 4.884101e-08 4.156626e-08 3.369018e-08 2.594810e-08 1.893789e-08 1.305552e-08 8.472560e-09 5.158288e-09 2.936669e-09 1.558845e-09 7.696621e-10 3.528117e-10 1.499620e-10 5.906161e-11 2.154850e-11 7.284417e-12 2.282728e-12 6.636095e-13 1.791255e-13 4.493844e-14 1.048921e-14 2.280242e-15 4.621322e-16 8.739842e-17 1.543677e-17 2.548208e-18 3.933516e-19 5.680063e-20 7.673683e-21 9.697255e-22 1.145570e-22 1.263580e-23 1.298689e-24 1.239574e-25 1.092724e-26 8.813194e-28 6.391855e-29 4.020060e-30 1.989012e-31 4.704038e-33 -4.952211e-34 -9.675846e-35 -6.126271e-36 -6.195556e-38 -9.584139e-41 -3.064911e-44 -2.654732e-48 -7.621519e-53 -8.426021e-58
1.250210e-56 1.075193e-51 3.541363e-47 3.831733e-43 1.105208e-39 6.378268e-37 5.173609e-35 4.686335e-34 -4.505715e-33 -1.947339e-31 -4.020060e-30 -6.530350e-29 -9.202737e-28 -1.166677e-26 -1.353821e-25 -1.451587e-24 -1.446095e-23 -1.343026e-22 -1.165195e-21 -9.455033e-21 -7.180391e-20 -5.104348e-19 -3.396159e-18 -2.114130e-17 -1.230623e-16 -6.693456e-16 -3.398856e-15 -1.609716e-14 -7.102991e-14 -2.916930e-13 -1.113551e-12 -3.947353e-12 -1.297938e-11 -3.954987e-11 -1.115976e-10 -2.914597e-10 -7.044847e-10 -1.576501e-09 -3.269262e-09 -6.292370e-09 -1.126540e-08 -1.881359e-08 -2.940579e-08 -4.317385e-08 -5.977044e-08 -7.831618e-08 -9.745991e-08 -1.155403e-07 -1.308083e-07 -1.416593e-07 -1.468264e-07 -1.455077e-07 -1.374163e-07 -1.227637e-07 -1.021963e-07 -7.670637e-08 -4.753799e-08 -1.610130e-08 1.610130e-08 4.753799e-08 7.670637e-08 1.021963e-07 1.227637e-07 1.374163e-07 1.455077e-07 1.468264e-07 1.416593e-07 1.308083e-07 1.155403e-07 9.745991e-08 7.831618e-08 5.977044e-08 4.317385e-08 2.940579e-08 1.881359e-08 1.126540e-08 6.292370e-09 3.269262e-09 1.576501e-09 7.044847e-10 2.914597e-10 1.115976e-10 3.954987e-11 1.297938e-11 3.947353e-12 1.113551e-12 2.916930e-13 7.102991e-14 1.609716e-14 3.398856e-15 6.693456e-16 1.230623e-16 2.114130e-17 3.396159e-18 5.104348e-19 7.180391e-20 9.455033e-21 1.165195e-21 1.343026e-22 1.446095e-23 1.451587e-24 1.353821e-25 1.166677e-26 9.202737e-28 6.530350e-29 4.020060e-30 1.947339e-31 4.505715e-33 -4.686335e-34 -5.173609e-35 -6.378268e-37 -1.105208e-39 -3.831733e-43 -3.541363e-47 -1.075193e-51 -1.250210e-56
1.734849e-55 1.412267e-50 4.366490e-46 4.370398e-42 1.132213e-38 5.446083e-36 2.677989e-34 -3.989558e-33 -1.827430e-31 -3.852598e-30 -6.391855e-29 -9.202737e-28 -1.192416e-26 -1.414805e-25 -1.551769e-24 -1.582076e-23 -1.504408e-22 -1.337026e-21 -1.111933e-20 -8.658759e-20 -6.314809e-19 -4.312626e-18 -2.757019e-17 -1.648939e-16 -9.219596e-16 -4.814768e-15 -2.346151e-14 -1.065545e-13 -4.505134e-13 -1.771037e-12 -6.465288e-12 -2.189051e-11 -6.866453e-11 -1.993335e-10 -5.351309e-10 -1.327918e-09 -3.045797e-09 -6.460571e-09 -1.268769e-08 -2.311245e-08 -3.915485e-08 -6.188873e-08 -9.161349e-08 -1.275271e-07 -1.676319e-07 -2.089238e-07 -2.478194e-07 -2.806990e-07 -3.044273e-07 -3.167363e-07 -3.164130e-07 -3.032947e-07 -2.781145e-07 -2.422650e-07 -1.975454e-07 -1.459435e-07 -8.948285e-08 -3.014472e-08 3.014472e-08 8.948285e-08 1.459435e-07 1.975454e-07 2.422650e-07 2.781145e-07 3.032947e-07 3.164130e-07 3.167363e-07 3.044273e-07 2.806990e-07 2.478194e-07 2.089238e-07 1.676319e-07 1.275271e-07 9.161349e-08 6.188873e-08 3.915485e-08 2.311245e-08 1.268769e-08 6.460571e-09 3.045797e-09 1.327918e-09 5.351309e-10 1.993335e-10 6.866453e-11 2.189051e-11 6.465288e-12 1.771037e-12 4.505134e-13 1.065545e-13 2.346151e-14 4.814768e-15 9.219596e-16 1.648939e-16 2.757019e-17 4.312626e-18 6.314809e-19 8.658759e-20 1.111933e-20 1.337026e-21 1.504408e-22 1.582076e-23 1.551769e-24 1.414805e-25 1.192416e-26 9.202737e-28 6.391855e-29 3.852598e-30 1.827430e-31 3.989558e-33 -2.677989e-34 -5.446083e-36 -1.132213e-38 -4.370398e-42 -4.366490e-46 -1.412267e-50 -1.734849e-55
2.241999e-54 1.715793e-49 4.920046e-45 4.446891e-41 9.746614e-38 3.076150e-35 -1.523163e-33 -1.613880e-31 -3.538047e-30 -5.993627e-29 -8.813194e-28 -1.166677e-26 -1.414805e-25 -1.586665e-24 -1.654753e-23 -1.610329e-22 -1.465324e-21 -1.248313e-20 -9.962350e-20 -7.449727e-19 -5.219273e-18 -3.424601e-17 -2.103232e-16 -1.208126e-15 -6.484673e-15 -3.249084e-14 -1.517843e-13 -6.602998e-13 -2.671323e-12 -1.003657e-11 -3.497151e-11 -1.128559e-10 -3.368711e-10 -9.290810e-10 -2.365514e-09 -5.557396e-09 -1.204751e-08 -2.411458e-08 -4.462859e-08 -7.653158e-08 -1.219694e-07 -1.813159e-07 -2.524718e-07 -3.307666e-07 -4.095636e-07 -4.813967e-07 -5.392873e-07 -5.778743e-07 -5.940964e-07 -5.873409e-07 -5.591265e-07 -5.124844e-07 -4.512291e-07 -3.792801e-07 -3.001469e-07 -2.166255e-07 -1.307075e-07 -4.367423e-08 4.367423e-08 1.307075e-07 2.166255e-07 3.001469e-07 3.792801e-07 4.512291e-07 5.124844e-07 5.591265e-07 5.873409e-07 5.940964e-07 5.778743e-07 5.392873e-07 4.813967e-07 4.095636e-07 3.307666e-07 2.524718e-07 1.813159e-07 1.219694e-07 7.653158e-08 4.462859e-08 2.411458e-08 1.204751e-08 5.557396e-09 2.365514e-09 9.290810e-10 3.368711e-10 1.128559e-10 3.497151e-11 1.003657e-11 2.671323e-12 6.602998e-13 1.517843e-13 3.249084e-14 6.484673e-15 1.208126e-15 2.103232e-16 3.424601e-17 5.219273e-18 7.449727e-19 9.962350e-20 1.248313e-20 1.465324e-21 1.610329e-22 1.654753e-23 1.586665e-24 1.414805e-25 1.166677e-26 8.813194e-28 5.993627e-29 3.538047e-30 1.613880e-31 1.523163e-33 -3.076150e-35 -9.746614e-38 -4.446891e-41 -4.920046e-45 -1.715793e-49 -2.241999e-54
2.681520e-53 1.907712e-48 4.963328e-44 3.843750e-40 5.885015e-37 -8.155561e-35 -7.232729e-32 -3.066774e-30 -5.383669e-29 -8.082552e-28 -1.092724e-26 -1.353821e-25 -1.551769e-24 -1.654753e-23 -1.647256e-22 -1.533983e-21 -1.337981e-20 -1.093781e-19 -8.382188e-19 -6.021200e-18 -4.052718e-17 -2.554421e-16 -1.506559e-15 -8.306576e-15 -4.276933e-14 -2.053968e-13 -9.188243e-13 -3.823258e-12 -1.477570e-11 -5.295469e-11 -1.757214e-10 -5.390687e-10 -1.526652e-09 -3.986273e-09 -9.587453e-09 -2.122785e-08 -4.326876e-08 -8.124790e-08 -1.407605e-07 -2.255413e-07 -3.353234e-07 -4.644267e-07 -6.018835e-07 -7.332623e-07 -8.436113e-07 -9.205334e-07 -9.564666e-07 -9.496444e-07 -9.037048e-07 -8.263003e-07 -7.272260e-07 -6.165589e-07 -5.031547e-07 -3.936694e-07 -2.921170e-07 -1.998822e-07 -1.160601e-07 -3.800542e-08 3.800542e-08 1.160601e-07 1.998822e-07 2.921170e-07 3.936694e-07 5.031547e-07 6.165589e-07 7.272260e-07 8.263003e-07 9.037048e-07 9.496444e-07 9.564666e-07 9.205334e-07 8.436113e-07 7.332623e-07 6.018835e-07 4.644267e-07 3.353234e-07 2.255413e-07 1.407605e-07 8.124790e-08 4.326876e-08 2.122785e-08 9.587453e-09 3.986273e-09 1.526652e-09 5.390687e-10 1.757214e-10 5.295469e-11 1.477570e-11 3.823258e-12 9.188243e-13 2.053968e-13 4.276933e-14 8.306576e-15 1.506559e-15 2.554421e-16 4.052718e-17 6.021200e-18 8.382188e-19 1.093781e-19 1.337981e-20 1.533983e-21 1.647256e-22 1.654753e-23 1.551769e-24 1.353821e-25 1.092724e-26 8.082552e-28 5.383669e-29 3.066774e-30 7.232729e-32 8.155561e-35 -5.885015e-37 -3.843750e-40 -4.963328e-44 -1.907712e-48 -2.681520e-53
2.938754e-52 1.904878e-47 4.292139e-43 2.434426e-39 -2.865019e-37 -5.971837e-33 -1.384875e-30 -4.569437e-29 -7.097466e-28 -9.796721e-27 -1.239574e-25 -1.451587e-24 -1.582076e-23 -1.610329e-22 -1.533983e-21 -1.369268e-20 -1.146052e-19 -8.996342e-19 -6.622591e-18 -4.570141e-17 -2.954707e-16 -1.788310e-15 -1.012283e-14 -5.353174e-14 -2.641372e-13 -1.214388e-12 -5.194508e-12 -2.063918e-11 -7.604411e-11 -2.593582e-10 -8.173713e-10 -2.376054e-09 -6.360364e-09 -1.565473e-08 -3.538549e-08 -7.339897e-08 -1.396914e-07 -2.440753e-07 -3.920958e-07 -5.805110e-07 -7.946304e-07 -1.009451e-06 -1.194764e-06 -1.322421e-06 -1.373075e-06 -1.340203e-06 -1.230538e-06 -1.061398e-06 -8.562337e-07 -6.398367e-07 -4.343659e-07 -2.567601e-07 -1.176115e-07 -2.122970e-08 3.352800e-08 5.206971e-08 4.284272e-08 1.624794e-08 -1.624794e-08 -4.284272e-08 -5.206971e-08 -3.352800e-08 2.122970e-08 1.176115e-07 2.567601e-07 4.343659e-07 6.398367e-07 8.562337e-07 1.061398e-06 1.230538e-06 1.340203e-06 1.373075e-06 1.322421e-06 1.194764e-06 1.009451e-06 7.946304e-07 5.805110e-07 3.920958e-07 2.440753e-07 1.396914e-07 7.339897e-08 3.538549e-08 1.565473e-08 6.360364e-09 2.376054e-09 8.173713e-10 2.593582e-10 7.604411e-11 2.063918e-11 5.194508e-12 1.214388e-12 2.641372e-13 5.353174e-14 1.012283e-14 1.788310e-15 2.954707e-16 4.570141e-17 6.622591e-18 8.996342e-19 1.146052e-19 1.369268e-20 1.533983e-21 1.610329e-22 1.582076e-23 1.451587e-24 1.239574e-25 9.796721e-27 7.097466e-28 4.569437e-29 1.384875e-30 5.971837e-33 2.865019e-37 -2.434426e-39 -4.292139e-43 -1.904878e-47 -2.938754e-52
2.900058e-51 1.642954e-46 2.812020e-42 2.511842e-39 -8.246935e-35 -1.178192e-31 -2.044632e-29 -5.892292e-28 -8.406001e-27 -1.085909e-25 -1.298689e-24 -1.446095e-23 -1.504408e-22 -1.465324e-21 -1.337981e-20 -1.146052e-19 -9.210824e-19 -6.945272e-18 -4.911530e-17 -3.255544e-16 -2.021001e-15 -1.173887e-14 -6.372526e-14 -3.228976e-13 -1.524977e-12 -6.702295e-12 -2.736546e-11 -1.036105e-10 -3.630621e-10 -1.175031e-09 -3.505083e-09 -9.616401e-09 -2.421591e-08 -5.586453e-08 -1.178711e-07 -2.271863e-07 -3.997384e-07 -6.421082e-07 -9.423821e-07 -1.265486e-06 -1.557525e-06 -1.759072e-06 -1.822153e-06 -1.723828e-06 -1.471550e-06 -1.099573e-06 -6.590396e-07 -2.059028e-07 2.096159e-07 5.498945e-07 7.925956e-07 9.299053e-07 9.656165e-07 9.113781e-07 7.831324e-07 5.983482e-07 3.742893e-07 1.272743e-07 -1.272743e-07 -3.742893e-07 -5.983482e-07 -7.831324e-07 -9.113781e-07 -9.656165e-07 -9.299053e-07 -7.925956e-07 -5.498945e-07 -2.096159e-07 2.059028e-07 6.590396e-07 1.099573e-06 1.471550e-06 1.723828e-06 1.822153e-06 1.759072e-06 1.557525e-06 1.265486e-06 9.423821e-07 6.421082e-07 3.997384e-07 2.271863e-07 1.178711e-07 5.586453e-08 2.421591e-08 9.616401e-09 3.505083e-09 1.175031e-09 3.630621e-10 1.036105e-10 2.736546e-11 6.702295e-12 1.524977e-12 3.228976e-13 6.372526e-14 1.173887e-14 2.021001e-15 3.255544e-16 4.911530e-17 6.945272e-18 9.210824e-19 1.146052e-19 1.337981e-20 1.465324e-21 1.504408e-22 1.446095e-23 1.298689e-24 1.085909e-25 8.406001e-27 5.892292e-28 2.044632e-29 1.178192e-31 8.246935e-35 -2.511842e-39 -2.812020e-42 -1.642954e-46 -2.900058e-51
2.488043e-50 1.102028e-45 5.984314e-42 -2.483453e-37 -1.695845e-33 -1.738636e-30 -2.598160e-28 -6.820823e-27 -9.099965e-26 -1.111133e-24 -1.263580e-23 -1.343026e-22 -1.337026e-21 -1.248313e-20 -1.093781e-19 -8.996342e-19 -6.945272e-18 -5.030858e-17 -3.417169e-16 -2.174788e-15 -1.295593e-14 -7.216407e-14 -3.753203e-13 -1.819988e-12 -8.214982e-12 -3.445344e-11 -1.339962e-10 -4.822405e-10 -1.602348e-09 -4.903684e-09 -1.378665e-08 -3.551626e-08 -8.361332e-08 -1.794183e-07 -3.500405e-07 -6.194995e-07 -9.925695e-07 -1.437099e-06 -1.876465e-06 -2.202404e-06 -2.307287e-06 -2.121573e-06 -1.638390e-06 -9.154333e-07 -5.638246e-08 8.182185e-07 1.599171e-06 2.207876e-06 2.603930e-06 2.782575e-06 2.765777e-06 2.591011e-06 2.300821e-06 1.934953e-06 1.525587e-06 1.095418e-06 6.579501e-07 2.192706e-07 -2.192706e-07 -6.579501e-07 -1.095418e-06 -1.525587e-06 -1.934953e-06 -2.300821e-06 -2.591011e-06 -2.765777e-06 -2.782575e-06 -2.603930e-06 -2.207876e-06 -1.599171e-06 -8.182185e-07 5.638246e-08 9.154333e-07 1.638390e-06 2.121573e-06 2.307287e-06 2.202404e-06 1.876465e-06 1.437099e-06 9.925695e-07 6.194995e-07 3.500405e-07 1.794183e-07 8.361332e-08 3.551626e-08 1.378665e-08 4.903684e-09 1.602348e-09 4.822405e-10 1.339962e-10 3.445344e-11 8.214982e-12 1.819988e-12 3.753203e-13 7.216407e-14 1.295593e-14 2.174788e-15 3.417169e-16 5.030858e-17 6.945272e-18 8.996342e-19 1.093781e-19 1.248313e-20 1.337026e-21 1.343026e-22 1.263580e-23 1.111133e-24 9.099965e-26 6.820823e-27 2.598160e-28 1.738636e-30 1.695845e-33 2.483453e-37 -5.984314e-42 -1.102028e-45 -2.488043e-50
1.695183e-49 3.238893e-45 -2.087025e-40 -5.383608e-36 -2.507388e-32 -2.188027e-29 -2.955901e-27 -7.212265e-26 -9.089270e-25 -1.055328e-23 -1.145570e-22 -1.165195e-21 -1.111933e-20 -9.962350e-20 -8.382188e-19 -6.622591e-18 -4.911530e-17 -3.417169e-16 -2.228588e-15 -1.361061e-14 -7.775026e-14 -4.148757e-13 -2.064736e-12 -9.567555e-12 -4.120087e-11 -1.645413e-10 -6.080118e-10 -2.073629e-09 -6.509511e-09 -1.875341e-08 -4.942421e-08 -1.187505e-07 -2.591602e-07 -5.117067e-07 -9.101839e-07 -1.451413e-06 -2.062686e-06 -2.590583e-06 -2.833593e-06 -2.615346e-06 -1.862573e-06 -6.434830e-07 8.519613e-07 2.374123e-06 3.686444e-06 4.621142e-06 5.103872e-06 5.148686e-06 4.833790e-06 4.270355e-06 3.574267e-06 2.846023e-06 2.159923e-06 1.561161e-06 1.068163e-06 6.776723e-07 3.705704e-07 1.173350e-07 -1.173350e-07 -3.705704e-07 -6.776723e-07 -1.068163e-06 -1.561161e-06 -2.159923e-06 -2.846023e-06 -3.574267e-06 -4.270355e-06 -4.833790e-06 -5.148686e-06 -5.103872e-06 -4.621142e-06 -3.686444e-06 -2.374123e-06 -8.519613e-07 6.434830e-07 1.862573e-06 2.615346e-06 2.833593e-06 2.590583e-06 2.062686e-06 1.451413e-06 9.101839e-07 5.117067e-07 2.591602e-07 1.187505e-07 4.942421e-08 1.875341e-08 6.509511e-09 2.073629e-09 6.080118e-10 1.645413e-10 4.120087e-11 9.567555e-12 2.064736e-12 4.148757e-13 7.775026e-14 1.361061e-14 2.228588e-15 3.417169e-16 4.911530e-17 6.622591e-18 8.382188e-19 9.962350e-20 1.111933e-20 1.165195e-21 1.145570e-22 1.055328e-23 9.089270e-25 7.212265e-26 2.955901e-27 2.188027e-29 2.507388e-32 5.383608e-36 2.087025e-40 -3.238893e-45 -1.695183e-49
6.015327e-49 -5.881827e-44 -4.840707e-39 -7.985960e-35 -3.127236e-31 -2.455073e-28 -3.066866e-26 -7.032057e-25 -8.422482e-24 -9.334853e-23 -9.697255e-22 -9.455033e-21 -8.658759e-20 -7.449727e-19 -6.021200e-18 -4.570141e-17 -3.255544e-16 -2.174788e-15 -1.361061e-14 -7.970606e-14 -4.361776e-13 -2.226979e-12 -1.058977e-11 -4.680797e-11 -1.918950e-10 -7.278779e-10 -2.547574e-09 -8.202749e-09 -2.421574e-08 -6.529966e-08 -1.601638e-07 -3.556066e-07 -7.107302e-07 -1.270160e-06 -2.012410e-06 -2.792819e-06 -3.328434e-06 -3.271765e-06 -2.366234e-06 -5.994546e-07 1.749931e-06 4.204907e-06 6.260925e-06 7.543290e-06 7.892614e-06 7.365771e-06 6.175279e-06 4.605640e-06 2.937623e-06 1.397488e-06 1.349353e-07 -7.764541e-07 -1.324896e-06 -1.540998e-06 -1.479307e-06 -1.204028e-06 -7.801851e-07 -2.695450e-07 2.695450e-07 7.801851e-07 1.204028e-06 1.479307e-06 1.540998e-06 1.324896e-06 7.764541e-07 -1.349353e-07 -1.397488e-06 -2.937623e-06 -4.605640e-06 -6.175279e-06 -7.365771e-06 -7.892614e-06 -7.543290e-06 -6.260925e-06 -4.204907e-06 -1.749931e-06 5.994546e-07 2.366234e-06 3.271765e-06 3.328434e-06 2.792819e-06 2.012410e-06 1.270160e-06 7.107302e-07 3.556066e-07 1.601638e-07 6.529966e-08 2.421574e-08 8.202749e-09 2.547574e-09 7.278779e-10 1.918950e-10 4.680797e-11 1.058977e-11 2.226979e-12 4.361776e-13 7.970606e-14 1.361061e-14 2.174788e-15 3.255544e-16 4.570141e-17 6.021200e-18 7.449727e-19 8.658759e-20 9.455033e-21 9.697255e-22 9.334853e-23 8.422482e-24 7.032057e-25 3.066866e-26 2.455073e-28 3.127236e-31 7.985960e-35 4.840707e-39 5.881827e-44 -6.015327e-49
-6.341939e-48 -1.490455e-42 -7.214073e-38 -9.869631e-34 -3.461023e-30 -2.506328e-27 -2.930763e-25 -6.357095e-24 -7.264700e-23 -7.705639e-22 -7.673683e-21 -7.180391e-20 -6.314809e-19 -5.219273e-18 -4.052718e-17 -2.954707e-16 -2.021001e-15 -1.295593e-14 -7.775026e-14 -4.361776e-13 -2.283823e-12 -1.114079e-11 -5.052902e-11 -2.125902e-10 -8.275708e-10 -2.972126e-09 -9.815316e-09 -2.969573e-08 -8.195431e-08 -2.052883e-07 -4.639632e-07 -9.391808e-07 -1.686752e-06 -2.652468e-06 -3.576917e-06 -3.976586e-06 -3.294596e-06 -1.209248e-06 2.080557e-06 5.827245e-06 9.022346e-06 1.081074e-05 1.078391e-05 9.046606e-06 6.093526e-06 2.592344e-06 -8.221545e-07 -3.680200e-06 -5.726071e-06 -6.899767e-06 -7.282384e-06 -7.033064e-06 -6.333735e-06 -5.351458e-06 -4.217310e-06 -3.019973e-06 -1.808611e-06 -6.016580e-07 6.016580e-07 1.808611e-06 3.019973e-06 4.217310e-06 5.351458e-06 6.333735e-06 7.033064e-06 7.282384e-06 6.899767e-06 5.726071e-06 3.680200e-06 8.221545e-07 -2.592344e-06 -6.093526e-06 -9.046606e-06 -1.078391e-05 -1.081074e-05 -9.022346e-06 -5.827245e-06 -2.080557e-06 1.209248e-06 3.294596e-06 3.976586e-06 3.576917e-06 2.652468e-06 1.686752e-06 9.391808e-07 4.639632e-07 2.052883e-07 8.195431e-08 2.969573e-08 9.815316e-09 2.972126e-09 8.275708e-10 2.125902e-10 5.052902e-11 1.114079e-11 2.283823e-12 4.361776e-13 7.775026e-14 1.295593e-14 2.021001e-15 2.954707e-16 4.052718e-17 5.219273e-18 6.314809e-19 7.180391e-20 7.673683e-21 7.705639e-22 7.264700e-23 6.357095e-24 2.930763e-25 2.506328e-27 3.461023e-30 9.869631e-34 7.214073e-38 1.490455e-42 6.341939e-48
-1.811096e-46 -2.235301e-41 -8.832550e-37 -1.076787e-32 -3.475937e-29 -2.353016e-26 -2.594443e-24 -5.346222e-23 -5.844390e-22 -5.943002e-21 -5.680063e-20 -5.104348e-19 -4.312626e-18 -3.424601e-17 -2.554421e-16 -1.788310e-15 -1.173887e-14 -7.216407e-14 -4.148757e-13 -2.226979e-12 -1.114079e-11 -5.183344e-11 -2.237531e-10 -8.937670e-10 -3.293393e-09 -1.115572e-08 -3.459510e-08 -9.774880e-08 -2.502020e-07 -5.760650e-07 -1.182198e-06 -2.135611e-06 -3.332780e-06 -4.348522e-06 -4.412975e-06 -2.692195e-06 1.139318e-06 6.393422e-06 1.142877e-05 1.438773e-05 1.410841e-05 1.058125e-05 4.790032e-06 -1.795342e-06 -7.767327e-06 -1.215952e-05 -1.456796e-05 -1.507763e-05 -1.409202e-05 -1.214394e-05 -9.751893e-06 -7.332168e-06 -5.165191e-06 -3.400294e-06 -2.078116e-06 -1.161858e-06 -5.632122e-07 -1.650494e-07 1.650494e-07 5.632122e-07 1.161858e-06 2.078116e-06 3.400294e-06 5.165191e-06 7.332168e-06 9.751893e-06 1.214394e-05 1.409202e-05 1.507763e-05 1.456796e-05 1.215952e-05 7.767327e-06 1.795342e-06 -4.790032e-06 -1.058125e-05 -1.410841e-05 -1.438773e-05 -1.142877e-05 -6.393422e-06 -1.139318e-06 2.692195e-06 4.412975e-06 4.348522e-06 3.332780e-06 2.135611e-06 1.182198e-06 5.760650e-07 2.502020e-07 9.774880e-08 3.459510e-08 1.115572e-08 3.293393e-09 8.937670e-10 2.237531e-10 5.183344e-11 1.114079e-11 2.226979e-12 4.148757e-13 7.216407e-14 1.173887e-14 1.788310e-15 2.554421e-16 3.424601e-17 4.312626e-18 5.104348e-19 5.680063e-20 5.943002e-21 5.844390e-22 5.346222e-23 2.594443e-24 2.353016e-26 3.475937e-29 1.076787e-32 8.832550e-37 2.235301e-41 1.811096e-46
-2.739085e-45 -2.710684e-40 -9.493096e-36 -1.063073e-31 -3.204921e-28 -2.044100e-25 -2.134969e-23 -4.191059e-22 -4.390510e-21 -4.285110e-20 -3.933516e-19 -3.396159e-18 -2.757019e-17 -2.103232e-16 -1.506559e-15 -1.012283e-14 -6.372526e-14 -3.753203e-13 -2.064736e-12 -1.058977e-11 -5.052902e-11 -2.237531e-10 -9.169787e-10 -3.466703e-09 -1.204540e-08 -3.829730e-08 -1.108350e-07 -2.901025e-07 -6.811469e-07 -1.419084e-06 -2.582593e-06 -4.003950e-06 -5.040546e-06 -4.544423e-06 -1.339864e-06 4.783715e-06 1.221800e-05 1.781731e-05 1.855096e-05 1.335771e-05 3.688891e-06 -7.466028e-06 -1.703513e-05 -2.292635e-05 -2.445356e-05 -2.214948e-05 -1.724570e-05 -1.116204e-05 -5.123524e-06 2.750796e-08 3.848357e-06 6.231921e-06 7.289713e-06 7.250874e-06 6.378837e-06 4.921477e-06 3.089335e-06 1.051315e-06 -1.051315e-06 -3.089335e-06 -4.921477e-06 -6.378837e-06 -7.250874e-06 -7.289713e-06 -6.231921e-06 -3.848357e-06 -2.750796e-08 5.123524e-06 1.116204e-05 1.724570e-05 2.214948e-05 2.445356e-05 2.292635e-05 1.703513e-05 7.466028e-06 -3.688891e-06 -1.335771e-05 -1.855096e-05 -1.781731e-05 -1.221800e-05 -4.783715e-06 1.339864e-06 4.544423e-06 5.040546e-06 4.003950e-06 2.582593e-06 1.419084e-06 6.811469e-07 2.901025e-07 1.108350e-07 3.829730e-08 1.204540e-08 3.466703e-09 9.169787e-10 2.237531e-10 5.052902e-11 1.058977e-11 2.064736e-12 3.753203e-13 6.372526e-14 1.012283e-14 1.506559e-15 2.103232e-16 2.757019e-17 3.396159e-18 3.933516e-19 4.285110e-20 4.390510e-21 4.191059e-22 2.134969e-23 2.044100e-25 3.204921e-28 1.063073e-31 9.493096e-36 2.710684e-40 2.739085e-45
-3.289351e-44 -2.868091e-39 -9.205275e-35 -9.618166e-31 -2.730995e-27 -1.649222e-24 -1.636576e-22 -3.066182e-21 -3.081800e-20 -2.889075e-19 -2.548208e-18 -2.114130e-17 -1.648939e-16 -1.208126e-15 -8.306576e-15 -5.353174e-14 -3.228976e-13 -1.819988e-12 -9.567555e-12 -4.680797e-11 -2.125902e-10 -8.937670e-10 -3.466703e-09 -1.235730e-08 -4.029275e-08 -1.195018e-07 -3.201133e-07 -7.674280e-07 -1.625969e-06 -2.987979e-06 -4.613636e-06 -5.602239e-06 -4.343860e-06 7.362088e-07 9.568721e-06 1.905724e-05 2.377895e-05 1.930654e-05 5.730650e-06 -1.201595e-05 -2.730858e-05 -3.532511e-05 -3.451700e-05 -2.631495e-05 -1.389226e-05 -6.393921e-07 1.083012e-05 1.904005e-05 2.362337e-05 2.496738e-05 2.385657e-05 2.117320e-05 1.768371e-05 1.396861e-05 1.037945e-05 7.085920e-06 4.100156e-06 1.340212e-06 -1.340212e-06 -4.100156e-06 -7.085920e-06 -1.037945e-05 -1.396861e-05 -1.768371e-05 -2.117320e-05 -2.385657e-05 -2.496738e-05 -2.362337e-05 -1.904005e-05 -1.083012e-05 6.393921e-07 1.389226e-05 2.631495e-05 3.451700e-05 3.532511e-05 2.730858e-05 1.201595e-05 -5.730650e-06 -1.930654e-05 -2.377895e-05 -1.905724e-05 -9.568721e-06 -7.362088e-07 4.343860e-06 5.602239e-06 4.613636e-06 2.987979e-06 1.625969e-06 7.674280e-07 3.201133e-07 1.195018e-07 4.029275e-08 1.235730e-08 3.466703e-09 8.937670e-10 2.125902e-10 4.680797e-11 9.567555e-12 1.819988e-12 3.228976e-13 5.353174e-14 8.306576e-15 1.208126e-15 1.648939e-16 2.114130e-17 2.548208e-18 2.889075e-19 3.081800e-20 3.066182e-21 1.636576e-22 1.649222e-24 2.730995e-27 9.618166e-31 9.205275e-35 2.868091e-39 3.289351e-44
