0.000000e+00 0.000000e+00 0.000000e+00 0.000000e+00 0.000000e+00 0.000000e+00 0.000000e+00 0.000000e+00 0.000000e+00 0.000000e+00 0.000000e+00 0.000000e+00 0.000000e+00 0.000000e+00 0.000000e+00 0.000000e+00 0.000000e+00 0.000000e+00 0.000000e+00 0.000000e+00 0.000000e+00 0.000000e+00 0.000000e+00 0.000000e+00 0.000000e+00 0.000000e+00 0.000000e+00 0.000000e+00 0.000000e+00 0.000000e+00 0.000000e+00 0.000000e+00 0.000000e+00 0.000000e+00 0.000000e+00 0.000000e+00 0.000000e+00 0.000000e+00 0.000000e+00 0.000000e+00 0.000000e+00 0.000000e+00 0.000000e+00 0.000000e+00 0.000000e+00 0.000000e+00 0.000000e+00 0.000000e+00 0.000000e+00 0.000000e+00 0.000000e+00 0.000000e+00 0.000000e+00 0.000000e+00 0.000000e+00 0.000000e+00 0.000000e+00 0.000000e+00 0.000000e+00 0.000000e+00 0.000000e+00 0.000000e+00 0.000000e+00 0.000000e+00 0.000000e+00 0.000000e+00 0.000000e+00 0.000000e+00 0.000000e+00 0.000000e+00 0.000000e+00 0.000000e+00 0.000000e+00 0.000000e+00 0.000000e+00 0.000000e+00 0.000000e+00 0.000000e+00 0.000000e+00 0.000000e+00 0.000000e+00 0.000000e+00 0.000000e+00 0.000000e+00 0.000000e+00 0.000000e+00 0.000000e+00 0.000000e+00 0.000000e+00 0.000000e+00 0.000000e+00 0.000000e+00 0.000000e+00 0.000000e+00 0.000000e+00 0.000000e+00 0.000000e+00 0.000000e+00 0.000000e+00 0.000000e+00 0.000000e+00 0.000000e+00 0.000000e+00 0.000000e+00 0.000000e+00 0.000000e+00 0.000000e+00 0.000000e+00 0.000000e+00 0.000000e+00 0.000000e+00 0.000000e+00 0.000000e+00 0.000000e+00 0.000000e+00 0.000000e+00
0.000000e+00 0.000000e+00 0.000000e+00 0.000000e+00 0.000000e+00 6.595872e-105 6.457689e-101 5.941407e-98 1.852513e-95 4.137481e-93 7.224061e-91 1.026484e-88 1.220046e-86 1.237290e-84 1.086700e-82 8.361623e-81 5.687965e-79 3.445609e-77 1.869710e-75 9.132026e-74 4.030438e-72 1.612607e-70 5.864594e-69 1.942691e-67 5.871646e-66 1.621334e-64 4.094077e-63 9.459839e-62 2.000759e-60 3.873430e-59 6.862139e-58 1.111779e-56 1.645706e-55 2.222628e-54 2.733785e-53 3.054873e-52 3.091521e-51 2.821398e-50 2.308661e-49 1.679867e-48 1.073319e-47 5.894363e-47 2.666273e-46 8.871621e-46 1.136704e-45 -1.128669e-44 -1.176275e-43 -7.023600e-43 -3.189125e-42 -1.177576e-41 -3.617453e-41 -9.307064e-41 -2.001914e-40 -3.569448e-40 -5.184990e-40 -5.922798e-40 -4.862172e-40 -1.896038e-40 1.896038e-40 4.862172e-40 5.922798e-40 5.184990e-40 3.569448e-40 2.001914e-40 9.307064e-41 3.617453e-41 1.177576e-41 3.189125e-42 7.023600e-43 1.176275e-43 1.128669e-44 -1.136704e-45 -8.871621e-46 -2.666273e-46 -5.894363e-47 -1.073319e-47 -1.679867e-48 -2.308661e-49 -2.821398e-50 -3.091521e-51 -3.054873e-52 -2.733785e-53 -2.222628e-54 -1.645706e-55 -1.111779e-56 -6.862139e-58 -3.873430e-59 -2.000759e-60 -9.459839e-62 -4.094077e-63 -1.621334e-64 -5.871646e-66 -1.942691e-67 -5.864594e-69 -1.612607e-70 -4.030438e-72 -9.132026e-74 -1.869710e-75 -3.445609e-77 -5.687965e-79 -8.361623e-81 -1.086700e-82 -1.237290e-84 -1.220046e-86 -1.026484e-88 -7.224061e-91 -4.137481e-93 -1.852513e-95 -5.941407e-98 -6.457689e-101 -6.595872e-105 0.000000e+00 0.000000e+00 0.000000e+00 0.000000e+00 0.000000e+00
0.000000e+00 0.000000e+00 0.000000e+00 0.000000e+00 4.471538e-103 2.518377e-98 1.225703e-94 7.478596e-92 1.741421e-89 3.098483e-87 4.488522e-85 5.441293e-83 5.630805e-81 5.048805e-79 3.967934e-77 2.758353e-75 1.708488e-73 9.484572e-72 4.742021e-70 2.143724e-68 8.791162e-67 3.279075e-65 1.114866e-63 3.461073e-62 9.824245e-61 2.552241e-59 6.072565e-58 1.323767e-56 2.644056e-55 4.837793e-54 8.104024e-53 1.241761e-51 1.738179e-50 2.218702e-49 2.576472e-48 2.713378e-47 2.580589e-46 2.203493e-45 1.674957e-44 1.118543e-43 6.413322e-43 3.010920e-42 1.011940e-41 8.746308e-42 -1.979513e-40 -1.992345e-39 -1.249250e-38 -6.088029e-38 -2.444337e-37 -8.257730e-37 -2.364345e-36 -5.738513e-36 -1.175164e-35 -2.010899e-35 -2.824977e-35 -3.145497e-35 -2.537828e-35 -9.810047e-36 9.810047e-36 2.537828e-35 3.145497e-35 2.824977e-35 2.010899e-35 1.175164e-35 5.738513e-36 2.364345e-36 8.257730e-37 2.444337e-37 6.088029e-38 1.249250e-38 1.992345e-39 1.979513e-40 -8.746308e-42 -1.011940e-41 -3.010920e-42 -6.413322e-43 -1.118543e-43 -1.674957e-44 -2.203493e-45 -2.580589e-46 -2.713378e-47 -2.576472e-48 -2.218702e-49 -1.738179e-50 -1.241761e-51 -8.104024e-53 -4.837793e-54 -2.644056e-55 -1.323767e-56 -6.072565e-58 -2.552241e-59 -9.824245e-61 -3.461073e-62 -1.114866e-63 -3.279075e-65 -8.791162e-67 -2.143724e-68 -4.742021e-70 -9.484572e-72 -1.708488e-73 -2.758353e-75 -3.967934e-77 -5.048805e-79 -5.630805e-81 -5.441293e-83 -4.488522e-85 -3.098483e-87 -1.741421e-89 -7.478596e-92 -1.225703e-94 -2.518377e-98 -4.471538e-103 0.000000e+00 0.000000e+00 0.000000e+00 0.000000e+00
0.000000e+00 0.000000e+00 0.000000e+00 2.641501e-102 6.532985e-97 1.828902e-92 5.899250e-89 2.684904e-86 4.979136e-84 7.349777e-82 9.082831e-80 9.585781e-78 8.769616e-76 7.035521e-74 4.994992e-72 3.161346e-70 1.794256e-68 9.176530e-67 4.246051e-65 1.783317e-63 6.816743e-62 2.376746e-60 7.572008e-59 2.207303e-57 5.893669e-56 1.442431e-54 3.237205e-53 6.662892e-52 1.257456e-50 2.174917e-49 3.444633e-48 4.989441e-47 6.598133e-46 7.947707e-45 8.692806e-44 8.596712e-43 7.641431e-42 6.051737e-41 4.211171e-40 2.511775e-39 1.217800e-38 4.085428e-38 1.088224e-38 -1.188393e-36 -1.178911e-35 -7.745279e-35 -4.027237e-34 -1.744256e-33 -6.416779e-33 -2.019910e-32 -5.447986e-32 -1.255859e-31 -2.459862e-31 -4.053064e-31 -5.520267e-31 -6.002314e-31 -4.765310e-31 -1.827093e-31 1.827093e-31 4.765310e-31 6.002314e-31 5.520267e-31 4.053064e-31 2.459862e-31 1.255859e-31 5.447986e-32 2.019910e-32 6.416779e-33 1.744256e-33 4.027237e-34 7.745279e-35 1.178911e-35 1.188393e-36 -1.088224e-38 -4.085428e-38 -1.217800e-38 -2.511775e-39 -4.211171e-40 -6.051737e-41 -7.641431e-42 -8.596712e-43 -8.692806e-44 -7.947707e-45 -6.598133e-46 -4.989441e-47 -3.444633e-48 -2.174917e-49 -1.257456e-50 -6.662892e-52 -3.237205e-53 -1.442431e-54 -5.893669e-56 -2.207303e-57 -7.572008e-59 -2.376746e-60 -6.816743e-62 -1.783317e-63 -4.246051e-65 -9.176530e-67 -1.794256e-68 -3.161346e-70 -4.994992e-72 -7.035521e-74 -8.769616e-76 -9.585781e-78 -9.082831e-80 -7.349777e-82 -4.979136e-84 -2.684904e-86 -5.899250e-89 -1.828902e-92 -6.532985e-97 -2.641501e-102 0.000000e+00 0.000000e+00 0.000000e+00
0.000000e+00 0.000000e+00 1.482791e-102 1.252272e-96 1.539466e-91 2.855911e-87 6.866940e-84 2.486085e-81 3.823705e-79 4.814609e-77 5.179379e-75 4.832025e-73 3.954927e-71 2.865982e-69 1.852329e-67 1.074131e-65 5.615747e-64 2.657720e-62 1.142345e-60 4.471484e-59 1.597487e-57 5.218344e-56 1.560817e-54 4.279183e-53 1.076188e-51 2.483889e-50 5.262139e-49 1.023099e-47 1.824737e-46 2.983051e-45 4.464533e-44 6.106810e-43 7.616911e-42 8.636077e-41 8.862688e-40 8.182430e-39 6.734646e-38 4.869345e-37 3.010839e-36 1.499887e-35 4.950595e-35 -2.921094e-35 -2.105008e-33 -2.082801e-32 -1.430319e-31 -7.894048e-31 -3.663569e-30 -1.455725e-29 -4.988867e-29 -1.477549e-28 -3.777248e-28 -8.304568e-28 -1.560530e-27 -2.481542e-27 -3.282632e-27 -3.490200e-27 -2.729118e-27 -1.038381e-27 1.038381e-27 2.729118e-27 3.490200e-27 3.282632e-27 2.481542e-27 1.560530e-27 8.304568e-28 3.777248e-28 1.477549e-28 4.988867e-29 1.455725e-29 3.663569e-30 7.894048e-31 1.430319e-31 2.082801e-32 2.105008e-33 2.921094e-35 -4.950595e-35 -1.499887e-35 -3.010839e-36 -4.869345e-37 -6.734646e-38 -8.182430e-39 -8.862688e-40 -8.636077e-41 -7.616911e-42 -6.106810e-43 -4.464533e-44 -2.983051e-45 -1.824737e-46 -1.023099e-47 -5.262139e-49 -2.483889e-50 -1.076188e-51 -4.279183e-53 -1.560817e-54 -5.218344e-56 -1.597487e-57 -4.471484e-59 -1.142345e-60 -2.657720e-62 -5.615747e-64 -1.074131e-65 -1.852329e-67 -2.865982e-69 -3.954927e-71 -4.832025e-73 -5.179379e-75 -4.814609e-77 -3.823705e-79 -2.486085e-81 -6.866940e-84 -2.855911e-87 -1.539466e-91 -1.252272e-96 -1.482791e-102 0.000000e+00 0.000000e+00
0.000000e+00 7.678530e-104 1.829703e-97 7.680891e-92 6.257135e-87 8.652002e-83 1.653744e-79 4.959507e-77 6.504761e-75 7.129199e-73 6.778975e-71 5.657587e-69 4.182320e-67 2.758757e-65 1.633476e-63 8.724490e-62 4.220315e-60 1.855119e-58 7.430391e-57 2.717943e-55 9.095955e-54 2.789091e-52 7.844460e-51 2.025315e-49 4.802471e-48 1.046080e-46 2.092903e-45 3.844462e-44 6.478751e-43 1.000480e-41 1.413406e-40 1.822534e-39 2.138333e-38 2.272877e-37 2.175007e-36 1.856128e-35 1.390689e-34 8.884542e-34 4.523908e-33 1.442376e-32 -2.642568e-32 -8.922748e-31 -8.870789e-30 -6.352551e-29 -3.704654e-28 -1.831712e-27 -7.807616e-27 -2.889532e-26 -9.307207e-26 -2.608095e-25 -6.343511e-25 -1.333774e-24 -2.409417e-24 -3.703767e-24 -4.764712e-24 -4.958796e-24 -3.821685e-24 -1.443485e-24 1.443485e-24 3.821685e-24 4.958796e-24 4.764712e-24 3.703767e-24 2.409417e-24 1.333774e-24 6.343511e-25 2.608095e-25 9.307207e-26 2.889532e-26 7.807616e-27 1.831712e-27 3.704654e-28 6.352551e-29 8.870789e-30 8.922748e-31 2.642568e-32 -1.442376e-32 -4.523908e-33 -8.884542e-34 -1.390689e-34 -1.856128e-35 -2.175007e-36 -2.272877e-37 -2.138333e-38 -1.822534e-39 -1.413406e-40 -1.000480e-41 -6.478751e-43 -3.844462e-44 -2.092903e-45 -1.046080e-46 -4.802471e-48 -2.025315e-49 -7.844460e-51 -2.789091e-52 -9.095955e-54 -2.717943e-55 -7.430391e-57 -1.855119e-58 -4.220315e-60 -8.724490e-62 -1.633476e-63 -2.758757e-65 -4.182320e-67 -5.657587e-69 -6.778975e-71 -7.129199e-73 -6.504761e-75 -4.959507e-77 -1.653744e-79 -8.652002e-83 -6.257135e-87 -7.680891e-92 -1.829703e-97 -7.678530e-104 0.000000e+00
3.212119e-106 1.871798e-99 2.217123e-93 6.167793e-88 3.745174e-83 4.116380e-79 6.513414e-76 1.663743e-73 1.898861e-71 1.839444e-69 1.564591e-67 1.179283e-65 7.934815e-64 4.794651e-62 2.614635e-60 1.291984e-58 5.804288e-57 2.377313e-55 8.897249e-54 3.048305e-52 9.574875e-51 2.760398e-49 7.310216e-48 1.779244e-46 3.980957e-45 8.187585e-44 1.547296e-42 2.684851e-41 4.272677e-40 6.225880e-39 8.287659e-38 1.004667e-36 1.104193e-35 1.093194e-34 9.653118e-34 7.476981e-33 4.920594e-32 2.548154e-31 7.669857e-31 -2.804805e-30 -6.927582e-29 -6.957456e-28 -5.185535e-27 -3.183370e-26 -1.668822e-25 -7.586987e-25 -3.011974e-24 -1.046839e-23 -3.185739e-23 -8.476124e-23 -1.966307e-22 -3.961165e-22 -6.889255e-22 -1.024999e-21 -1.283685e-21 -1.308785e-21 -9.947308e-22 -3.730926e-22 3.730926e-22 9.947308e-22 1.308785e-21 1.283685e-21 1.024999e-21 6.889255e-22 3.961165e-22 1.966307e-22 8.476124e-23 3.185739e-23 1.046839e-23 3.011974e-24 7.586987e-25 1.668822e-25 3.183370e-26 5.185535e-27 6.957456e-28 6.927582e-29 2.804805e-30 -7.669857e-31 -2.548154e-31 -4.920594e-32 -7.476981e-33 -9.653118e-34 -1.093194e-34 -1.104193e-35 -1.004667e-36 -8.287659e-38 -6.225880e-39 -4.272677e-40 -2.684851e-41 -1.547296e-42 -8.187585e-44 -3.980957e-45 -1.779244e-46 -7.310216e-48 -2.760398e-49 -9.574875e-51 -3.048305e-52 -8.897249e-54 -2.377313e-55 -5.804288e-57 -1.291984e-58 -2.614635e-60 -4.794651e-62 -7.934815e-64 -1.179283e-65 -1.564591e-67 -1.839444e-69 -1.898861e-71 -1.663743e-73 -6.513414e-76 -4.116380e-79 -3.745174e-83 -6.167793e-88 -2.217123e-93 -1.871798e-99 -3.212119e-106
1.292590e-102 3.745225e-96 2.940635e-90 6.099371e-85 2.944772e-80 2.679890e-76 3.610363e-73 8.017390e-71 8.087575e-69 7.009628e-67 5.385818e-65 3.695677e-63 2.278396e-61 1.268227e-59 6.399752e-58 2.937581e-56 1.229947e-54 4.708128e-53 1.650773e-51 5.309492e-50 1.568370e-48 4.258361e-47 1.063344e-45 2.442619e-44 5.161441e-43 1.002918e-41 1.790737e-40 2.934837e-39 4.407752e-38 6.052589e-37 7.574839e-36 8.601056e-35 8.802219e-34 8.035282e-33 6.428696e-32 4.354632e-31 2.290962e-30 6.417524e-30 -3.914452e-29 -8.312909e-28 -8.502424e-27 -6.598405e-26 -4.256611e-25 -2.359005e-24 -1.139524e-23 -4.829918e-23 -1.801182e-22 -5.912654e-22 -1.706905e-21 -4.325172e-21 -9.593143e-21 -1.855408e-20 -3.112306e-20 -4.488845e-20 -5.480199e-20 -5.479542e-20 -4.110256e-20 -1.531451e-20 1.531451e-20 4.110256e-20 5.479542e-20 5.480199e-20 4.488845e-20 3.112306e-20 1.855408e-20 9.593143e-21 4.325172e-21 1.706905e-21 5.912654e-22 1.801182e-22 4.829918e-23 1.139524e-23 2.359005e-24 4.256611e-25 6.598405e-26 8.502424e-27 8.312909e-28 3.914452e-29 -6.417524e-30 -2.290962e-30 -4.354632e-31 -6.428696e-32 -8.035282e-33 -8.802219e-34 -8.601056e-35 -7.574839e-36 -6.052589e-37 -4.407752e-38 -2.934837e-39 -1.790737e-40 -1.002918e-41 -5.161441e-43 -2.442619e-44 -1.063344e-45 -4.258361e-47 -1.568370e-48 -5.309492e-50 -1.650773e-51 -4.708128e-53 -1.229947e-54 -2.937581e-56 -6.399752e-58 -1.268227e-59 -2.278396e-61 -3.695677e-63 -5.385818e-65 -7.009628e-67 -8.087575e-69 -8.017390e-71 -3.610363e-73 -2.679890e-76 -2.944772e-80 -6.099371e-85 -2.940635e-90 -3.745225e-96 -1.292590e-102
7.380180e-100 1.419000e-93 8.316119e-88 1.372987e-82 5.494563e-78 4.261674e-74 4.993609e-71 9.800059e-69 8.852422e-67 6.938237e-65 4.858533e-63 3.058058e-61 1.738674e-59 8.965971e-58 4.207785e-56 1.802211e-54 7.060893e-53 2.535349e-51 8.356051e-50 2.530843e-48 7.050361e-47 1.807560e-45 4.266153e-44 9.269177e-43 1.853397e-41 3.408217e-40 5.757685e-39 8.921562e-38 1.265114e-36 1.636589e-35 1.922681e-34 2.037625e-33 1.927634e-32 1.598660e-31 1.121350e-30 6.071737e-30 1.663091e-29 -1.311036e-28 -2.715392e-27 -2.880572e-26 -2.343561e-25 -1.593531e-24 -9.347666e-24 -4.798010e-23 -2.169395e-22 -8.665553e-22 -3.060317e-21 -9.550253e-21 -2.629886e-20 -6.377585e-20 -1.358433e-19 -2.532711e-19 -4.112730e-19 -5.769207e-19 -6.885313e-19 -6.766613e-19 -5.017042e-19 -1.858422e-19 1.858422e-19 5.017042e-19 6.766613e-19 6.885313e-19 5.769207e-19 4.112730e-19 2.532711e-19 1.358433e-19 6.377585e-20 2.629886e-20 9.550253e-21 3.060317e-21 8.665553e-22 2.169395e-22 4.798010e-23 9.347666e-24 1.593531e-24 2.343561e-25 2.880572e-26 2.715392e-27 1.311036e-28 -1.663091e-29 -6.071737e-30 -1.121350e-30 -1.598660e-31 -1.927634e-32 -2.037625e-33 -1.922681e-34 -1.636589e-35 -1.265114e-36 -8.921562e-38 -5.757685e-39 -3.408217e-40 -1.853397e-41 -9.269177e-43 -4.266153e-44 -1.807560e-45 -7.050361e-47 -2.530843e-48 -8.356051e-50 -2.535349e-51 -7.060893e-53 -1.802211e-54 -4.207785e-56 -8.965971e-58 -1.738674e-59 -3.058058e-61 -4.858533e-63 -6.938237e-65 -8.852422e-67 -9.800059e-69 -4.993609e-71 -4.261674e-74 -5.494563e-78 -1.372987e-82 -8.316119e-88 -1.419000e-93 -7.380180e-100
2.249811e-97 3.231238e-91 1.508499e-85 2.066003e-80 7.052101e-76 4.760639e-72 4.930395e-69 8.660617e-67 7.077982e-65 5.059571e-63 3.252293e-61 1.889269e-59 9.958852e-58 4.779863e-56 2.094790e-54 8.402350e-53 3.090503e-51 1.043995e-49 3.242920e-48 9.271224e-47 2.441002e-45 5.920681e-44 1.323007e-42 2.722816e-41 5.157831e-40 8.983758e-39 1.436552e-37 2.104268e-36 2.814766e-35 3.422940e-34 3.759028e-33 3.688933e-32 3.176705e-31 2.314977e-30 1.300671e-29 3.628280e-29 -3.218464e-28 -6.830216e-27 -7.577751e-26 -6.479923e-25 -4.646871e-24 -2.883742e-23 -1.570817e-22 -7.561973e-22 -3.227264e-21 -1.222263e-20 -4.106952e-20 -1.223067e-19 -3.223192e-19 -7.502226e-19 -1.538665e-18 -2.772153e-18 -4.367485e-18 -5.970550e-18 -6.977524e-18 -6.748788e-18 -4.950528e-18 -1.823951e-18 1.823951e-18 4.950528e-18 6.748788e-18 6.977524e-18 5.970550e-18 4.367485e-18 2.772153e-18 1.538665e-18 7.502226e-19 3.223192e-19 1.223067e-19 4.106952e-20 1.222263e-20 3.227264e-21 7.561973e-22 1.570817e-22 2.883742e-23 4.646871e-24 6.479923e-25 7.577751e-26 6.830216e-27 3.218464e-28 -3.628280e-29 -1.300671e-29 -2.314977e-30 -3.176705e-31 -3.688933e-32 -3.759028e-33 -3.422940e-34 -2.814766e-35 -2.104268e-36 -1.436552e-37 -8.983758e-39 -5.157831e-40 -2.722816e-41 -1.323007e-42 -5.920681e-44 -2.441002e-45 -9.271224e-47 -3.242920e-48 -1.043995e-49 -3.090503e-51 -8.402350e-53 -2.094790e-54 -4.779863e-56 -9.958852e-58 -1.889269e-59 -3.252293e-61 -5.059571e-63 -7.077982e-65 -8.660617e-67 -4.930395e-69 -4.760639e-72 -7.052101e-76 -2.066003e-80 -1.508499e-85 -3.231238e-91 -2.249811e-97
5.029600e-95 5.754906e-89 2.228951e-83 2.604081e-78 7.737232e-74 4.616527e-70 4.276919e-67 6.789262e-65 5.059553e-63 3.320063e-61 1.969679e-59 1.060845e-57 5.204795e-56 2.332855e-54 9.574805e-53 3.605564e-51 1.247674e-49 3.972397e-48 1.164755e-46 3.147223e-45 7.839475e-44 1.800291e-42 3.810559e-41 7.429662e-40 1.333063e-38 2.197770e-37 3.322202e-36 4.590355e-35 5.771823e-34 6.560564e-33 6.670490e-32 5.956958e-31 4.504287e-30 2.623190e-29 7.456312e-29 -7.358236e-28 -1.602943e-26 -1.856926e-25 -1.665318e-24 -1.256246e-23 -8.223616e-23 -4.738464e-22 -2.420005e-21 -1.099056e-20 -4.443981e-20 -1.599787e-19 -5.123299e-19 -1.457797e-18 -3.680008e-18 -8.227424e-18 -1.625840e-17 -2.832363e-17 -4.332067e-17 -5.774613e-17 -6.611654e-17 -6.296378e-17 -4.570800e-17 -1.675267e-17 1.675267e-17 4.570800e-17 6.296378e-17 6.611654e-17 5.774613e-17 4.332067e-17 2.832363e-17 1.625840e-17 8.227424e-18 3.680008e-18 1.457797e-18 5.123299e-19 1.599787e-19 4.443981e-20 1.099056e-20 2.420005e-21 4.738464e-22 8.223616e-23 1.256246e-23 1.665318e-24 1.856926e-25 1.602943e-26 7.358236e-28 -7.456312e-29 -2.623190e-29 -4.504287e-30 -5.956958e-31 -6.670490e-32 -6.560564e-33 -5.771823e-34 -4.590355e-35 -3.322202e-36 -2.197770e-37 -1.333063e-38 -7.429662e-40 -3.810559e-41 -1.800291e-42 -7.839475e-44 -3.147223e-45 -1.164755e-46 -3.972397e-48 -1.247674e-49 -3.605564e-51 -9.574805e-53 -2.332855e-54 -5.204795e-56 -1.060845e-57 -1.969679e-59 -3.320063e-61 -5.059553e-63 -6.789262e-65 -4.276919e-67 -4.616527e-70 -7.737232e-74 -2.604081e-78 -2.228951e-83 -5.754906e-89 -5.029600e-95
8.790103e-93 8.344865e-87 2.757315e-81 2.804287e-76 7.364986e-72 3.930908e-68 3.289016e-65 4.755182e-63 3.252279e-61 1.969679e-59 1.083420e-57 5.431120e-56 2.488392e-54 1.044527e-52 4.024798e-51 1.425890e-49 4.650450e-48 1.397620e-46 3.873121e-45 9.901011e-44 2.335004e-42 5.079189e-41 1.018495e-39 1.880893e-38 3.194302e-37 4.978218e-36 7.098047e-35 9.218414e-34 1.083306e-32 1.139852e-31 1.054324e-30 8.261731e-30 4.981740e-29 1.443089e-28 -1.570392e-27 -3.514816e-26 -4.244885e-25 -3.984248e-24 -3.154169e-23 -2.172308e-22 -1.320193e-21 -7.130018e-21 -3.433673e-20 -1.476496e-19 -5.669835e-19 -1.943167e-18 -5.937457e-18 -1.615461e-17 -3.908548e-17 -8.397566e-17 -1.599659e-16 -2.695865e-16 -4.004810e-16 -5.207808e-16 -5.844188e-16 -5.481637e-16 -3.939061e-16 -1.436380e-16 1.436380e-16 3.939061e-16 5.481637e-16 5.844188e-16 5.207808e-16 4.004810e-16 2.695865e-16 1.599659e-16 8.397566e-17 3.908548e-17 1.615461e-17 5.937457e-18 1.943167e-18 5.669835e-19 1.476496e-19 3.433673e-20 7.130018e-21 1.320193e-21 2.172308e-22 3.154169e-23 3.984248e-24 4.244885e-25 3.514816e-26 1.570392e-27 -1.443089e-28 -4.981740e-29 -8.261731e-30 -1.054324e-30 -1.139852e-31 -1.083306e-32 -9.218414e-34 -7.098047e-35 -4.978218e-36 -3.194302e-37 -1.880893e-38 -1.018495e-39 -5.079189e-41 -2.335004e-42 -9.901011e-44 -3.873121e-45 -1.397620e-46 -4.650450e-48 -1.425890e-49 -4.024798e-51 -1.044527e-52 -2.488392e-54 -5.431120e-56 -1.083420e-57 -1.969679e-59 -3.252279e-61 -4.755182e-63 -3.289016e-65 -3.930908e-68 -7.364986e-72 -2.804287e-76 -2.757315e-81 -8.344865e-87 -8.790103e-93
1.250208e-90 1.012624e-84 2.912965e-79 2.618967e-74 6.153294e-70 2.966057e-66 2.258875e-63 2.993624e-61 1.889260e-59 1.060845e-57 5.431120e-56 2.542492e-54 1.090951e-52 4.299205e-51 1.558514e-49 5.203946e-48 1.602077e-46 4.550570e-45 1.193057e-43 2.887523e-42 6.450314e-41 1.329232e-39 2.524548e-38 4.412761e-37 7.083968e-36 1.041307e-34 1.395456e-33 1.693650e-32 1.842151e-31 1.762848e-30 1.429910e-29 8.918352e-29 2.633409e-28 -3.135025e-27 -7.213510e-26 -9.069056e-25 -8.892072e-24 -7.371760e-23 -5.328722e-22 -3.406775e-21 -1.940098e-20 -9.876166e-20 -4.500696e-19 -1.836587e-18 -6.707734e-18 -2.190678e-17 -6.390554e-17 -1.663259e-16 -3.858133e-16 -7.968104e-16 -1.463568e-15 -2.386842e-15 -3.445074e-15 -4.371928e-15 -4.810260e-15 -4.445079e-15 -3.162481e-15 -1.147448e-15 1.147448e-15 3.162481e-15 4.445079e-15 4.810260e-15 4.371928e-15 3.445074e-15 2.386842e-15 1.463568e-15 7.968104e-16 3.858133e-16 1.663259e-16 6.390554e-17 2.190678e-17 6.707734e-18 1.836587e-18 4.500696e-19 9.876166e-20 1.940098e-20 3.406775e-21 5.328722e-22 7.371760e-23 8.892072e-24 9.069056e-25 7.213510e-26 3.135025e-27 -2.633409e-28 -8.918352e-29 -1.429910e-29 -1.762848e-30 -1.842151e-31 -1.693650e-32 -1.395456e-33 -1.041307e-34 -7.083968e-36 -4.412761e-37 -2.524548e-38 -1.329232e-39 -6.450314e-41 -2.887523e-42 -1.193057e-43 -4.550570e-45 -1.602077e-46 -5.203946e-48 -1.558514e-49 -4.299205e-51 -1.090951e-52 -2.542492e-54 -5.431120e-56 -1.060845e-57 -1.889260e-59 -2.993624e-61 -2.258875e-63 -2.966057e-66 -6.153294e-70 -2.618967e-74 -2.912965e-79 -1.012624e-84 -1.250208e-90
1.487399e-88 1.048939e-82 2.667691e-77 2.145857e-72 4.553743e-68 1.997904e-64 1.393855e-61 1.702395e-59 9.958793e-58 5.204795e-56 2.488392e-54 1.090951e-52 4.394739e-51 1.629346e-49 5.566930e-48 1.754602e-46 5.105240e-45 1.371894e-43 3.405334e-42 7.806712e-41 1.652087e-39 3.224526e-38 5.796458e-37 9.577090e-36 1.450072e-34 2.003286e-33 2.508639e-32 2.817720e-31 2.786696e-30 2.337309e-29 1.506439e-28 4.535818e-28 -5.864442e-27 -1.387759e-25 -1.813816e-24 -1.854579e-23 -1.606920e-22 -1.216533e-21 -8.162468e-21 -4.888852e-20 -2.623270e-19 -1.263033e-18 -5.458555e-18 -2.116722e-17 -7.358937e-17 -2.291316e-16 -6.382903e-16 -1.589326e-15 -3.534726e-15 -7.017891e-15 -1.243094e-14 -1.962173e-14 -2.752372e-14 -3.409542e-14 -3.678967e-14 -3.350061e-14 -2.360109e-14 -8.521177e-15 8.521177e-15 2.360109e-14 3.350061e-14 3.678967e-14 3.409542e-14 2.752372e-14 1.962173e-14 1.243094e-14 7.017891e-15 3.534726e-15 1.589326e-15 6.382903e-16 2.291316e-16 7.358937e-17 2.116722e-17 5.458555e-18 1.263033e-18 2.623270e-19 4.888852e-20 8.162468e-21 1.216533e-21 1.606920e-22 1.854579e-23 1.813816e-24 1.387759e-25 5.864442e-27 -4.535818e-28 -1.506439e-28 -2.337309e-29 -2.786696e-30 -2.817720e-31 -2.508639e-32 -2.003286e-33 -1.450072e-34 -9.577090e-36 -5.796458e-37 -3.224526e-38 -1.652087e-39 -7.806712e-41 -3.405334e-42 -1.371894e-43 -5.105240e-45 -1.754602e-46 -5.566930e-48 -1.629346e-49 -4.394739e-51 -1.090951e-52 -2.488392e-54 -5.204795e-56 -9.958793e-58 -1.702395e-59 -1.393855e-61 -1.997904e-64 -4.553743e-68 -2.145857e-72 -2.667691e-77 -1.048939e-82 -1.487399e-88
1.509897e-86 9.414704e-81 2.142416e-75 1.556694e-70 3.007093e-66 1.208591e-62 7.765734e-60 8.780747e-58 4.779830e-56 2.332855e-54 1.044527e-52 4.299205e-51 1.629346e-49 5.693423e-48 1.836184e-46 5.469723e-45 1.505649e-43 3.830630e-42 9.006402e-41 1.955987e-39 3.920482e-38 7.242366e-37 1.230589e-35 1.917616e-34 2.728672e-33 3.522368e-32 4.081645e-31 4.167706e-30 3.610970e-29 2.402938e-28 7.380860e-28 -1.029461e-26 -2.506026e-25 -3.400807e-24 -3.620405e-23 -3.272728e-22 -2.589779e-21 -1.819723e-20 -1.143618e-19 -6.451880e-19 -3.272955e-18 -1.493590e-17 -6.129447e-17 -2.260339e-16 -7.482677e-16 -2.221401e-15 -5.908785e-15 -1.407342e-14 -3.000543e-14 -5.726352e-14 -9.781470e-14 -1.494464e-13 -2.037533e-13 -2.464207e-13 -2.608028e-13 -2.340542e-13 -1.632945e-13 -5.867121e-14 5.867121e-14 1.632945e-13 2.340542e-13 2.608028e-13 2.464207e-13 2.037533e-13 1.494464e-13 9.781470e-14 5.726352e-14 3.000543e-14 1.407342e-14 5.908785e-15 2.221401e-15 7.482677e-16 2.260339e-16 6.129447e-17 1.493590e-17 3.272955e-18 6.451880e-19 1.143618e-19 1.819723e-20 2.589779e-21 3.272728e-22 3.620405e-23 3.400807e-24 2.506026e-25 1.029461e-26 -7.380860e-28 -2.402938e-28 -3.610970e-29 -4.167706e-30 -4.081645e-31 -3.522368e-32 -2.728672e-33 -1.917616e-34 -1.230589e-35 -7.242366e-37 -3.920482e-38 -1.955987e-39 -9.006402e-41 -3.830630e-42 -1.505649e-43 -5.469723e-45 -1.836184e-46 -5.693423e-48 -1.629346e-49 -4.299205e-51 -1.044527e-52 -2.332855e-54 -4.779830e-56 -8.780747e-58 -7.765734e-60 -1.208591e-62 -3.007093e-66 -1.556694e-70 -2.142416e-75 -9.414704e-81 -1.509897e-86
1.327439e-84 7.406718e-79 1.522652e-73 1.007216e-68 1.782528e-64 6.598226e-61 3.922417e-58 4.121745e-56 2.094774e-54 9.574805e-53 4.024798e-51 1.558514e-49 5.566930e-48 1.836184e-46 5.596865e-45 1.577301e-43 4.110683e-42 9.906063e-41 2.206410e-39 4.538438e-38 8.609606e-37 1.503327e-35 2.409096e-34 3.527945e-33 4.690490e-32 5.602316e-31 5.900583e-30 5.276163e-29 3.622196e-28 1.135597e-27 -1.698015e-26 -4.252724e-25 -5.985128e-24 -6.624254e-23 -6.237070e-22 -5.149618e-21 -3.781919e-20 -2.488614e-19 -1.472767e-18 -7.852189e-18 -3.773490e-17 -1.634078e-16 -6.371716e-16 -2.234935e-15 -7.044422e-15 -1.993417e-14 -5.061093e-14 -1.152594e-13 -2.354907e-13 -4.318714e-13 -7.112635e-13 -1.051783e-12 -1.393784e-12 -1.645789e-12 -1.708620e-12 -1.511325e-12 -1.044269e-12 -3.733914e-13 3.733914e-13 1.044269e-12 1.511325e-12 1.708620e-12 1.645789e-12 1.393784e-12 1.051783e-12 7.112635e-13 4.318714e-13 2.354907e-13 1.152594e-13 5.061093e-14 1.993417e-14 7.044422e-15 2.234935e-15 6.371716e-16 1.634078e-16 3.773490e-17 7.852189e-18 1.472767e-18 2.488614e-19 3.781919e-20 5.149618e-21 6.237070e-22 6.624254e-23 5.985128e-24 4.252724e-25 1.698015e-26 -1.135597e-27 -3.622196e-28 -5.276163e-29 -5.900583e-30 -5.602316e-31 -4.690490e-32 -3.527945e-33 -2.409096e-34 -1.503327e-35 -8.609606e-37 -4.538438e-38 -2.206410e-39 -9.906063e-41 -4.110683e-42 -1.577301e-43 -5.596865e-45 -1.836184e-46 -5.566930e-48 -1.558514e-49 -4.024798e-51 -9.574805e-53 -2.094774e-54 -4.121745e-56 -3.922417e-58 -6.598226e-61 -1.782528e-64 -1.007216e-68 -1.522652e-73 -7.406718e-79 -1.327439e-84
1.022419e-82 5.154189e-77 9.647239e-72 5.847150e-67 9.531534e-63 3.264201e-59 1.802163e-56 1.765746e-54 8.402278e-53 3.605564e-51 1.425890e-49 5.203946e-48 1.754602e-46 5.469723e-45 1.577301e-43 4.208476e-42 1.038877e-40 2.371669e-39 5.003139e-38 9.740091e-37 1.746482e-35 2.876040e-34 4.331149e-33 5.925963e-32 7.289352e-31 7.912293e-30 7.295324e-29 5.163102e-28 1.653151e-27 -2.634459e-26 -6.788882e-25 -9.897883e-24 -1.137386e-22 -1.113746e-21 -9.578655e-21 -7.339368e-20 -5.046995e-19 -3.126617e-18 -1.748064e-17 -8.825070e-17 -4.022111e-16 -1.653667e-15 -6.127234e-15 -2.043761e-14 -6.130717e-14 -1.652676e-13 -4.002398e-13 -8.709571e-13 -1.704254e-12 -3.001989e-12 -4.765220e-12 -6.818567e-12 -8.781206e-12 -1.012299e-11 -1.030870e-11 -8.987109e-12 -6.149977e-12 -2.188387e-12 2.188387e-12 6.149977e-12 8.987109e-12 1.030870e-11 1.012299e-11 8.781206e-12 6.818567e-12 4.765220e-12 3.001989e-12 1.704254e-12 8.709571e-13 4.002398e-13 1.652676e-13 6.130717e-14 2.043761e-14 6.127234e-15 1.653667e-15 4.022111e-16 8.825070e-17 1.748064e-17 3.126617e-18 5.046995e-19 7.339368e-20 9.578655e-21 1.113746e-21 1.137386e-22 9.897883e-24 6.788882e-25 2.634459e-26 -1.653151e-27 -5.163102e-28 -7.295324e-29 -7.912293e-30 -7.289352e-31 -5.925963e-32 -4.331149e-33 -2.876040e-34 -1.746482e-35 -9.740091e-37 -5.003139e-38 -2.371669e-39 -1.038877e-40 -4.208476e-42 -1.577301e-43 -5.469723e-45 -1.754602e-46 -5.203946e-48 -1.425890e-49 -3.605564e-51 -8.402278e-53 -1.765746e-54 -1.802163e-56 -3.264201e-59 -9.531534e-63 -5.847150e-67 -9.647239e-72 -5.154189e-77 -1.022419e-82
6.962010e-81 3.195789e-75 5.481358e-70 3.060452e-65 4.616118e-61 1.468193e-57 7.552900e-55 6.919568e-53 3.090473e-51 1.247674e-49 4.650450e-48 1.602077e-46 5.105240e-45 1.505649e-43 4.110683e-42 1.038877e-40 2.429439e-39 5.252888e-38 1.048781e-36 1.929862e-35 3.263494e-34 5.050246e-33 7.105497e-32 8.994113e-31 1.005314e-29 9.550128e-29 6.962876e-28 2.278416e-27 -3.848191e-26 -1.020367e-24 -1.539570e-23 -1.834530e-22 -1.865655e-21 -1.668833e-20 -1.331894e-19 -9.554407e-19 -6.184203e-18 -3.618297e-17 -1.914787e-16 -9.163062e-16 -3.962321e-15 -1.546679e-14 -5.443656e-14 -1.725604e-13 -4.922313e-13 -1.262892e-12 -2.914511e-12 -6.054548e-12 -1.133696e-11 -1.916739e-11 -2.930877e-11 -4.056444e-11 -5.075398e-11 -5.710956e-11 -5.703773e-11 -4.900468e-11 -3.320945e-11 -1.175973e-11 1.175973e-11 3.320945e-11 4.900468e-11 5.703773e-11 5.710956e-11 5.075398e-11 4.056444e-11 2.930877e-11 1.916739e-11 1.133696e-11 6.054548e-12 2.914511e-12 1.262892e-12 4.922313e-13 1.725604e-13 5.443656e-14 1.546679e-14 3.962321e-15 9.163062e-16 1.914787e-16 3.618297e-17 6.184203e-18 9.554407e-19 1.331894e-19 1.668833e-20 1.865655e-21 1.834530e-22 1.539570e-23 1.020367e-24 3.848191e-26 -2.278416e-27 -6.962876e-28 -9.550128e-29 -1.005314e-29 -8.994113e-31 -7.105497e-32 -5.050246e-33 -3.263494e-34 -1.929862e-35 -1.048781e-36 -5.252888e-38 -2.429439e-39 -1.038877e-40 -4.110683e-42 -1.505649e-43 -5.105240e-45 -1.602077e-46 -4.650450e-48 -1.247674e-49 -3.090473e-51 -6.919568e-53 -7.552900e-55 -1.468193e-57 -4.616118e-61 -3.060452e-65 -5.481358e-70 -3.195789e-75 -6.962010e-81
4.221720e-79 1.776016e-73 2.806491e-68 1.450068e-63 2.031535e-59 6.020706e-56 2.894072e-53 2.485169e-51 1.043984e-49 3.972397e-48 1.397620e-46 4.550570e-45 1.371894e-43 3.830630e-42 9.906063e-41 2.371669e-39 5.252888e-38 1.074949e-36 2.028589e-35 3.520365e-34 5.594191e-33 8.087805e-32 1.052693e-30 1.210709e-29 1.184081e-28 8.887862e-28 2.974444e-27 -5.296262e-26 -1.444986e-24 -2.254225e-23 -2.782138e-22 -2.934624e-21 -2.726386e-20 -2.263025e-19 -1.690740e-18 -1.141400e-17 -6.975659e-17 -3.861801e-16 -1.936282e-15 -8.786278e-15 -3.604431e-14 -1.335149e-13 -4.460164e-13 -1.342274e-12 -3.636628e-12 -8.868669e-12 -1.947865e-11 -3.858113e-11 -6.905285e-11 -1.119502e-10 -1.647710e-10 -2.204422e-10 -2.678355e-10 -2.940509e-10 -2.879418e-10 -2.437497e-10 -1.635596e-10 -5.763226e-11 5.763226e-11 1.635596e-10 2.437497e-10 2.879418e-10 2.940509e-10 2.678355e-10 2.204422e-10 1.647710e-10 1.119502e-10 6.905285e-11 3.858113e-11 1.947865e-11 8.868669e-12 3.636628e-12 1.342274e-12 4.460164e-13 1.335149e-13 3.604431e-14 8.786278e-15 1.936282e-15 3.861801e-16 6.975659e-17 1.141400e-17 1.690740e-18 2.263025e-19 2.726386e-20 2.934624e-21 2.782138e-22 2.254225e-23 1.444986e-24 5.296262e-26 -2.974444e-27 -8.887862e-28 -1.184081e-28 -1.210709e-29 -1.052693e-30 -8.087805e-32 -5.594191e-33 -3.520365e-34 -2.028589e-35 -1.074949e-36 -5.252888e-38 -2.371669e-39 -9.906063e-41 -3.830630e-42 -1.371894e-43 -4.550570e-45 -1.397620e-46 -3.972397e-48 -1.043984e-49 -2.485169e-51 -2.894072e-53 -6.020706e-56 -2.031535e-59 -1.450068e-63 -2.806491e-68 -1.776016e-73 -4.221720e-79
2.293246e-77 8.889223e-72 1.300054e-66 6.240051e-62 8.146979e-58 2.256092e-54 1.015766e-51 8.192572e-50 3.242881e-48 1.164755e-46 3.873121e-45 1.193057e-43 3.405334e-42 9.006402e-41 2.206410e-39 5.003139e-38 1.048781e-36 2.028589e-35 3.610367e-34 5.887560e-33 8.740627e-32 1.168994e-30 1.382387e-29 1.390897e-28 1.074214e-27 3.679690e-27 -6.872315e-26 -1.929249e-24 -3.109087e-23 -3.970113e-22 -4.338343e-21 -4.180684e-20 -3.604022e-19 -2.800126e-18 -1.968448e-17 -1.254458e-16 -7.252000e-16 -3.802355e-15 -1.806847e-14 -7.772936e-14 -3.023260e-13 -1.061698e-12 -3.362176e-12 -9.592272e-12 -2.464393e-11 -5.702902e-11 -1.190037e-10 -2.243753e-10 -3.832984e-10 -5.951174e-10 -8.421875e-10 -1.088165e-09 -1.282890e-09 -1.373380e-09 -1.317917e-09 -1.098830e-09 -7.298981e-10 -2.558890e-10 2.558890e-10 7.298981e-10 1.098830e-09 1.317917e-09 1.373380e-09 1.282890e-09 1.088165e-09 8.421875e-10 5.951174e-10 3.832984e-10 2.243753e-10 1.190037e-10 5.702902e-11 2.464393e-11 9.592272e-12 3.362176e-12 1.061698e-12 3.023260e-13 7.772936e-14 1.806847e-14 3.802355e-15 7.252000e-16 1.254458e-16 1.968448e-17 2.800126e-18 3.604022e-19 4.180684e-20 4.338343e-21 3.970113e-22 3.109087e-23 1.929249e-24 6.872315e-26 -3.679690e-27 -1.074214e-27 -1.390897e-28 -1.382387e-29 -1.168994e-30 -8.740627e-32 -5.887560e-33 -3.610367e-34 -2.028589e-35 -1.048781e-36 -5.003139e-38 -2.206410e-39 -9.006402e-41 -3.405334e-42 -1.193057e-43 -3.873121e-45 -1.164755e-46 -3.242881e-48 -8.192572e-50 -1.015766e-51 -2.256092e-54 -8.146979e-58 -6.240051e-62 -1.300054e-66 -8.889223e-72 -2.293246e-77
1.121255e-75 4.022998e-70 5.466455e-65 2.445493e-60 2.983811e-56 7.739527e-53 3.270521e-50 2.481920e-48 9.271099e-47 3.147222e-45 9.901011e-44 2.887523e-42 7.806712e-41 1.955987e-39 4.538438e-38 9.740091e-37 1.929862e-35 3.520365e-34 5.887560e-33 8.969638e-32 1.231834e-30 1.496759e-29 1.548279e-28 1.229669e-27 4.315112e-27 -8.411539e-26 -2.429688e-24 -4.041599e-23 -5.334290e-22 -6.032001e-21 -6.022129e-20 -5.384755e-19 -4.344683e-18 -3.175770e-17 -2.107093e-16 -1.269865e-15 -6.950237e-15 -3.452126e-14 -1.554257e-13 -6.334389e-13 -2.333364e-12 -7.757597e-12 -2.324918e-11 -6.275962e-11 -1.525762e-10 -3.343088e-10 -6.613449e-10 -1.184500e-09 -1.927618e-09 -2.861333e-09 -3.887557e-09 -4.844761e-09 -5.536117e-09 -5.773604e-09 -5.425354e-09 -4.452676e-09 -2.926725e-09 -1.020668e-09 1.020668e-09 2.926725e-09 4.452676e-09 5.425354e-09 5.773604e-09 5.536117e-09 4.844761e-09 3.887557e-09 2.861333e-09 1.927618e-09 1.184500e-09 6.613449e-10 3.343088e-10 1.525762e-10 6.275962e-11 2.324918e-11 7.757597e-12 2.333364e-12 6.334389e-13 1.554257e-13 3.452126e-14 6.950237e-15 1.269865e-15 2.107093e-16 3.175770e-17 4.344683e-18 5.384755e-19 6.022129e-20 6.032001e-21 5.334290e-22 4.041599e-23 2.429688e-24 8.411539e-26 -4.315112e-27 -1.229669e-27 -1.548279e-28 -1.496759e-29 -1.231834e-30 -8.969638e-32 -5.887560e-33 -3.520365e-34 -1.929862e-35 -9.740091e-37 -4.538438e-38 -1.955987e-39 -7.806712e-41 -2.887523e-42 -9.901011e-44 -3.147222e-45 -9.271099e-47 -2.481920e-48 -3.270521e-50 -7.739527e-53 -2.983811e-56 -2.445493e-60 -5.466455e-65 -4.022998e-70 -1.121255e-75
4.954034e-74 1.651649e-68 2.092026e-63 8.747597e-59 9.998617e-55 2.434221e-51 9.671291e-49 6.915763e-47 2.440965e-45 7.839475e-44 2.335004e-42 6.450314e-41 1.652087e-39 3.920482e-38 8.609606e-37 1.746482e-35 3.263494e-34 5.594191e-33 8.740627e-32 1.231834e-30 1.536929e-29 1.633466e-28 1.333439e-27 4.797934e-27 -9.715232e-26 -2.887508e-24 -4.954003e-23 -6.751933e-22 -7.892723e-21 -8.154436e-20 -7.553781e-19 -6.321241e-18 -4.797845e-17 -3.309445e-16 -2.076037e-15 -1.184186e-14 -6.137369e-14 -2.886753e-13 -1.230450e-12 -4.745016e-12 -1.652776e-11 -5.192040e-11 -1.469277e-10 -3.743310e-10 -8.588192e-10 -1.776696e-09 -3.322647e-09 -5.637745e-09 -8.718010e-09 -1.234370e-08 -1.606770e-08 -1.927759e-08 -2.131636e-08 -2.162634e-08 -1.987663e-08 -1.604340e-08 -1.042846e-08 -3.616609e-09 3.616609e-09 1.042846e-08 1.604340e-08 1.987663e-08 2.162634e-08 2.131636e-08 1.927759e-08 1.606770e-08 1.234370e-08 8.718010e-09 5.637745e-09 3.322647e-09 1.776696e-09 8.588192e-10 3.743310e-10 1.469277e-10 5.192040e-11 1.652776e-11 4.745016e-12 1.230450e-12 2.886753e-13 6.137369e-14 1.184186e-14 2.076037e-15 3.309445e-16 4.797845e-17 6.321241e-18 7.553781e-19 8.154436e-20 7.892723e-21 6.751933e-22 4.954003e-23 2.887508e-24 9.715232e-26 -4.797934e-27 -1.333439e-27 -1.633466e-28 -1.536929e-29 -1.231834e-30 -8.740627e-32 -5.594191e-33 -3.263494e-34 -1.746482e-35 -8.609606e-37 -3.920482e-38 -1.652087e-39 -6.450314e-41 -2.335004e-42 -7.839475e-44 -2.440965e-45 -6.915763e-47 -9.671291e-49 -2.434221e-51 -9.998617e-55 -8.747597e-59 -2.092026e-63 -1.651649e-68 -4.954034e-74
1.984334e-72 6.167719e-67 7.302950e-62 2.861114e-57 3.069949e-53 7.027281e-50 2.628849e-47 1.773498e-45 5.920583e-44 1.800291e-42 5.079189e-41 1.329232e-39 3.224526e-38 7.242366e-37 1.503327e-35 2.876040e-34 5.050246e-33 8.087805e-32 1.168994e-30 1.496759e-29 1.633466e-28 1.369922e-27 5.059037e-27 -1.059140e-25 -3.239176e-24 -5.727881e-23 -8.054470e-22 -9.723677e-21 -1.038540e-19 -9.955512e-19 -8.630414e-18 -6.793301e-17 -4.865012e-16 -3.172171e-15 -1.882943e-14 -1.016704e-13 -4.987700e-13 -2.219645e-12 -8.945007e-12 -3.258284e-11 -1.070851e-10 -3.170480e-10 -8.447061e-10 -2.024526e-09 -4.368002e-09 -8.500648e-09 -1.497303e-08 -2.398176e-08 -3.511820e-08 -4.727689e-08 -5.878482e-08 -6.771422e-08 -7.227612e-08 -7.117904e-08 -6.387064e-08 -5.062908e-08 -3.251359e-08 -1.120752e-08 1.120752e-08 3.251359e-08 5.062908e-08 6.387064e-08 7.117904e-08 7.227612e-08 6.771422e-08 5.878482e-08 4.727689e-08 3.511820e-08 2.398176e-08 1.497303e-08 8.500648e-09 4.368002e-09 2.024526e-09 8.447061e-10 3.170480e-10 1.070851e-10 3.258284e-11 8.945007e-12 2.219645e-12 4.987700e-13 1.016704e-13 1.882943e-14 3.172171e-15 4.865012e-16 6.793301e-17 8.630414e-18 9.955512e-19 1.038540e-19 9.723677e-21 8.054470e-22 5.727881e-23 3.239176e-24 1.059140e-25 -5.059037e-27 -1.369922e-27 -1.633466e-28 -1.496759e-29 -1.168994e-30 -8.087805e-32 -5.050246e-33 -2.876040e-34 -1.503327e-35 -7.242366e-37 -3.224526e-38 -1.329232e-39 -5.079189e-41 -1.800291e-42 -5.920583e-44 -1.773498e-45 -2.628849e-47 -7.027281e-50 -3.069949e-53 -2.861114e-57 -7.302950e-62 -6.167719e-67 -1.984334e-72
7.224612e-71 2.099471e-65 2.329517e-60 8.568822e-56 8.646220e-52 1.863607e-48 6.572062e-46 4.186846e-44 1.322983e-42 3.810559e-41 1.018495e-39 2.524548e-38 5.796458e-37 1.230589e-35 2.409096e-34 4.331149e-33 7.105497e-32 1.052693e-30 1.382387e-29 1.548279e-28 1.333439e-27 5.059037e-27 -1.090048e-25 -3.430593e-24 -6.248475e-23 -9.058083e-22 -1.128324e-20 -1.244600e-19 -1.233358e-18 -1.106390e-17 -9.021003e-17 -6.699079e-16 -4.534342e-15 -2.797018e-14 -1.571171e-13 -8.027043e-13 -3.723835e-12 -1.565712e-11 -5.954340e-11 -2.043876e-10 -6.320151e-10 -1.757731e-09 -4.392336e-09 -9.861269e-09 -1.991589e-08 -3.628371e-08 -5.989555e-08 -9.010867e-08 -1.243537e-07 -1.584297e-07 -1.873335e-07 -2.063020e-07 -2.117219e-07 -2.016881e-07 -1.761628e-07 -1.368128e-07 -8.665979e-08 -2.966606e-08 2.966606e-08 8.665979e-08 1.368128e-07 1.761628e-07 2.016881e-07 2.117219e-07 2.063020e-07 1.873335e-07 1.584297e-07 1.243537e-07 9.010867e-08 5.989555e-08 3.628371e-08 1.991589e-08 9.861269e-09 4.392336e-09 1.757731e-09 6.320151e-10 2.043876e-10 5.954340e-11 1.565712e-11 3.723835e-12 8.027043e-13 1.571171e-13 2.797018e-14 4.534342e-15 6.699079e-16 9.021003e-17 1.106390e-17 1.233358e-18 1.244600e-19 1.128324e-20 9.058083e-22 6.248475e-23 3.430593e-24 1.090048e-25 -5.059037e-27 -1.333439e-27 -1.548279e-28 -1.382387e-29 -1.052693e-30 -7.105497e-32 -4.331149e-33 -2.409096e-34 -1.230589e-35 -5.796458e-37 -2.524548e-38 -1.018495e-39 -3.810559e-41 -1.322983e-42 -4.186846e-44 -6.572062e-46 -1.863607e-48 -8.646220e-52 -8.568822e-56 -2.329517e-60 -2.099471e-65 -7.224612e-71
2.395976e-69 6.525672e-64 6.799410e-59 2.352417e-54 2.235477e-50 4.542449e-47 1.511498e-44 9.099305e-43 2.722762e-41 7.429662e-40 1.880893e-38 4.412761e-37 9.577090e-36 1.917616e-34 3.527945e-33 5.925963e-32 8.994113e-31 1.210709e-29 1.390897e-28 1.229669e-27 4.797934e-27 -1.059140e-25 -3.430593e-24 -6.432210e-23 -9.605370e-22 -1.233532e-20 -1.403963e-19 -1.436859e-18 -1.332410e-17 -1.124115e-16 -8.646305e-16 -6.067821e-15 -3.884764e-14 -2.267197e-13 -1.204621e-12 -5.817264e-12 -2.548175e-11 -1.010224e-10 -3.616303e-10 -1.166150e-09 -3.380281e-09 -8.792622e-09 -2.050437e-08 -4.287884e-08 -8.055716e-08 -1.364729e-07 -2.096567e-07 -2.941449e-07 -3.797832e-07 -4.545632e-07 -5.074119e-07 -5.303983e-07 -5.197846e-07 -4.759243e-07 -4.023897e-07 -3.048112e-07 -1.898375e-07 -6.443411e-08 6.443411e-08 1.898375e-07 3.048112e-07 4.023897e-07 4.759243e-07 5.197846e-07 5.303983e-07 5.074119e-07 4.545632e-07 3.797832e-07 2.941449e-07 2.096567e-07 1.364729e-07 8.055716e-08 4.287884e-08 2.050437e-08 8.792622e-09 3.380281e-09 1.166150e-09 3.616303e-10 1.010224e-10 2.548175e-11 5.817264e-12 1.204621e-12 2.267197e-13 3.884764e-14 6.067821e-15 8.646305e-16 1.124115e-16 1.332410e-17 1.436859e-18 1.403963e-19 1.233532e-20 9.605370e-22 6.432210e-23 3.430593e-24 1.059140e-25 -4.797934e-27 -1.229669e-27 -1.390897e-28 -1.210709e-29 -8.994113e-31 -5.925963e-32 -3.527945e-33 -1.917616e-34 -9.577090e-36 -4.412761e-37 -1.880893e-38 -7.429662e-40 -2.722762e-41 -9.099305e-43 -1.511498e-44 -4.542449e-47 -2.235477e-50 -2.352417e-54 -6.799410e-59 -6.525672e-64 -2.395976e-69
