0.000000e+00 0.000000e+00 0.000000e+00 0.000000e+00 0.000000e+00 0.000000e+00 0.000000e+00 0.000000e+00 0.000000e+00 0.000000e+00 0.000000e+00 0.000000e+00 0.000000e+00 0.000000e+00 0.000000e+00 0.000000e+00 0.000000e+00 0.000000e+00 0.000000e+00 0.000000e+00 0.000000e+00 0.000000e+00 0.000000e+00 0.000000e+00 0.000000e+00 0.000000e+00 0.000000e+00 0.000000e+00 0.000000e+00 0.000000e+00 0.000000e+00 0.000000e+00 0.000000e+00 0.000000e+00 0.000000e+00 0.000000e+00 0.000000e+00 0.000000e+00 0.000000e+00 0.000000e+00 0.000000e+00 0.000000e+00 0.000000e+00 0.000000e+00 0.000000e+00 0.000000e+00 0.000000e+00 0.000000e+00 0.000000e+00 0.000000e+00 0.000000e+00 0.000000e+00 0.000000e+00 0.000000e+00 0.000000e+00 0.000000e+00 0.000000e+00 0.000000e+00 0.000000e+00 0.000000e+00 0.000000e+00 0.000000e+00 0.000000e+00 0.000000e+00 0.000000e+00 0.000000e+00 0.000000e+00 0.000000e+00 0.000000e+00 0.000000e+00 0.000000e+00 0.000000e+00 0.000000e+00 0.000000e+00 0.000000e+00 0.000000e+00 0.000000e+00 0.000000e+00 0.000000e+00 0.000000e+00 0.000000e+00 0.000000e+00 0.000000e+00 0.000000e+00 0.000000e+00 0.000000e+00 0.000000e+00 0.000000e+00 0.000000e+00 0.000000e+00 0.000000e+00 0.000000e+00 0.000000e+00 0.000000e+00 0.000000e+00 0.000000e+00 0.000000e+00 0.000000e+00 0.000000e+00 0.000000e+00 0.000000e+00 0.000000e+00 0.000000e+00 0.000000e+00 0.000000e+00 0.000000e+00 0.000000e+00 0.000000e+00 0.000000e+00 0.000000e+00 0.000000e+00 0.000000e+00 0.000000e+00 0.000000e+00 0.000000e+00 0.000000e+00
2.198051e-74 1.881705e-69 6.258112e-65 6.979986e-61 2.145058e-57 1.401416e-54 1.477086e-52 2.804802e-51 2.621757e-50 1.893310e-49 5.790100e-49 -1.276193e-47 -3.501546e-46 -5.819167e-45 -7.898635e-44 -9.433303e-43 -1.021437e-41 -1.017811e-40 -9.411369e-40 -8.116005e-39 -6.547763e-38 -4.951800e-37 -3.514694e-36 -2.343047e-35 -1.467584e-34 -8.637749e-34 -4.776802e-33 -2.481508e-32 -1.210581e-31 -5.543703e-31 -2.382011e-30 -9.599072e-30 -3.626321e-29 -1.283753e-28 -4.257269e-28 -1.322246e-27 -3.845702e-27 -1.047454e-26 -2.672251e-26 -6.388034e-26 -1.431692e-25 -3.010538e-25 -5.944749e-25 -1.103433e-24 -1.927206e-24 -3.170384e-24 -4.916688e-24 -7.192496e-24 -9.927323e-24 -1.292334e-23 -1.584790e-23 -1.826021e-23 -1.967514e-23 -1.965584e-23 -1.791583e-23 -1.440423e-23 -9.348865e-24 -3.240824e-24 3.240824e-24 9.348865e-24 1.440423e-23 1.791583e-23 1.965584e-23 1.967514e-23 1.826021e-23 1.584790e-23 1.292334e-23 9.927323e-24 7.192496e-24 4.916688e-24 3.170384e-24 1.927206e-24 1.103433e-24 5.944749e-25 3.010538e-25 1.431692e-25 6.388034e-26 2.672251e-26 1.047454e-26 3.845702e-27 1.322246e-27 4.257269e-28 1.283753e-28 3.626321e-29 9.599072e-30 2.382011e-30 5.543703e-31 1.210581e-31 2.481508e-32 4.776802e-33 8.637749e-34 1.467584e-34 2.343047e-35 3.514694e-36 4.951800e-37 6.547763e-38 8.116005e-39 9.411369e-40 1.017811e-40 1.021437e-41 9.433303e-43 7.898635e-44 5.819167e-45 3.501546e-46 1.276193e-47 -5.790100e-49 -1.893310e-49 -2.621757e-50 -2.804802e-51 -1.477086e-52 -1.401416e-54 -2.145058e-57 -6.979986e-61 -6.258112e-65 -1.881705e-69 -2.198051e-74
1.231388e-69 1.005796e-64 3.180272e-60 3.354737e-56 9.670734e-53 5.845106e-50 5.555961e-48 9.054635e-47 6.386358e-46 1.331206e-45 -5.979445e-44 -1.497235e-42 -2.460676e-41 -3.355755e-40 -4.050881e-39 -4.446941e-38 -4.500683e-37 -4.232267e-36 -3.715229e-35 -3.053477e-34 -2.354018e-33 -1.704250e-32 -1.159464e-31 -7.415223e-31 -4.458278e-30 -2.519635e-29 -1.338217e-28 -6.676974e-28 -3.128329e-27 -1.375689e-26 -5.675326e-26 -2.195411e-25 -7.959801e-25 -2.703860e-24 -8.602741e-24 -2.563234e-23 -7.152083e-23 -1.869135e-22 -4.576882e-22 -1.050671e-21 -2.262917e-21 -4.577143e-21 -8.704228e-21 -1.558138e-20 -2.628848e-20 -4.185333e-20 -6.294391e-20 -8.948971e-20 -1.203216e-19 -1.529516e-19 -1.836137e-19 -2.076377e-19 -2.201499e-19 -2.169909e-19 -1.956570e-19 -1.560358e-19 -1.007258e-19 -3.482256e-20 3.482256e-20 1.007258e-19 1.560358e-19 1.956570e-19 2.169909e-19 2.201499e-19 2.076377e-19 1.836137e-19 1.529516e-19 1.203216e-19 8.948971e-20 6.294391e-20 4.185333e-20 2.628848e-20 1.558138e-20 8.704228e-21 4.577143e-21 2.262917e-21 1.050671e-21 4.576882e-22 1.869135e-22 7.152083e-23 2.563234e-23 8.602741e-24 2.703860e-24 7.959801e-25 2.195411e-25 5.675326e-26 1.375689e-26 3.128329e-27 6.676974e-28 1.338217e-28 2.519635e-29 4.458278e-30 7.415223e-31 1.159464e-31 1.704250e-32 2.354018e-33 3.053477e-34 3.715229e-35 4.232267e-36 4.500683e-37 4.446941e-38 4.050881e-39 3.355755e-40 2.460676e-41 1.497235e-42 5.979445e-44 -1.331206e-45 -6.386358e-46 -9.054635e-47 -5.555961e-48 -5.845106e-50 -9.670734e-53 -3.354737e-56 -3.180272e-60 -1.005796e-64 -1.231388e-69
2.507619e-65 1.947314e-60 5.823535e-56 5.762892e-52 1.537171e-48 8.375172e-46 6.766414e-44 7.888695e-43 6.007730e-43 -1.018522e-40 -2.376457e-39 -3.869940e-38 -5.302706e-37 -6.467138e-36 -7.193155e-35 -7.389073e-34 -7.060906e-33 -6.304371e-32 -5.273952e-31 -4.140991e-30 -3.055030e-29 -2.119036e-28 -1.382282e-27 -8.480235e-27 -4.892264e-26 -2.653258e-25 -1.352224e-24 -6.473154e-24 -2.909109e-23 -1.226729e-22 -4.851220e-22 -1.798245e-21 -6.245242e-21 -2.031412e-20 -6.187185e-20 -1.764411e-19 -4.711543e-19 -1.178476e-18 -2.762556e-18 -6.074010e-18 -1.253882e-17 -2.433249e-17 -4.444944e-17 -7.654894e-17 -1.244674e-16 -1.913522e-16 -2.784912e-16 -3.840587e-16 -5.021190e-16 -6.222656e-16 -7.302016e-16 -8.093699e-16 -8.434751e-16 -8.194731e-16 -7.304110e-16 -5.774616e-16 -3.706136e-16 -1.277559e-16 1.277559e-16 3.706136e-16 5.774616e-16 7.304110e-16 8.194731e-16 8.434751e-16 8.093699e-16 7.302016e-16 6.222656e-16 5.021190e-16 3.840587e-16 2.784912e-16 1.913522e-16 1.244674e-16 7.654894e-17 4.444944e-17 2.433249e-17 1.253882e-17 6.074010e-18 2.762556e-18 1.178476e-18 4.711543e-19 1.764411e-19 6.187185e-20 2.031412e-20 6.245242e-21 1.798245e-21 4.851220e-22 1.226729e-22 2.909109e-23 6.473154e-24 1.352224e-24 2.653258e-25 4.892264e-26 8.480235e-27 1.382282e-27 2.119036e-28 3.055030e-29 4.140991e-30 5.273952e-31 6.304371e-32 7.060906e-33 7.389073e-34 7.193155e-35 6.467138e-36 5.302706e-37 3.869940e-38 2.376457e-39 1.018522e-40 -6.007730e-43 -7.888695e-43 -6.766414e-44 -8.375172e-46 -1.537171e-48 -5.762892e-52 -5.823535e-56 -1.947314e-60 -2.507619e-65
1.567788e-61 1.151426e-56 3.230278e-52 2.958032e-48 7.113866e-45 3.291768e-42 1.849773e-40 -2.868183e-40 -5.384800e-38 -1.188204e-36 -1.920330e-35 -2.643744e-34 -3.256082e-33 -3.667173e-32 -3.820773e-31 -3.707386e-30 -3.364092e-29 -2.862058e-28 -2.286713e-27 -1.717526e-26 -1.213381e-25 -8.064863e-25 -5.043169e-24 -2.966458e-23 -1.640823e-22 -8.530786e-22 -4.166777e-21 -1.910963e-20 -8.224118e-20 -3.319351e-19 -1.255726e-18 -4.450278e-18 -1.476858e-17 -4.587842e-17 -1.333894e-16 -3.629819e-16 -9.247063e-16 -2.206441e-15 -4.934949e-15 -1.035682e-14 -2.042150e-14 -3.789027e-14 -6.626418e-14 -1.094239e-13 -1.709215e-13 -2.529636e-13 -3.552453e-13 -4.739096e-13 -6.009524e-13 -7.243587e-13 -8.291212e-13 -8.990989e-13 -9.194616e-13 -8.792944e-13 -7.738546e-13 -6.060022e-13 -3.864623e-13 -1.327953e-13 1.327953e-13 3.864623e-13 6.060022e-13 7.738546e-13 8.792944e-13 9.194616e-13 8.990989e-13 8.291212e-13 7.243587e-13 6.009524e-13 4.739096e-13 3.552453e-13 2.529636e-13 1.709215e-13 1.094239e-13 6.626418e-14 3.789027e-14 2.042150e-14 1.035682e-14 4.934949e-15 2.206441e-15 9.247063e-16 3.629819e-16 1.333894e-16 4.587842e-17 1.476858e-17 4.450278e-18 1.255726e-18 3.319351e-19 8.224118e-20 1.910963e-20 4.166777e-21 8.530786e-22 1.640823e-22 2.966458e-23 5.043169e-24 8.064863e-25 1.213381e-25 1.717526e-26 2.286713e-27 2.862058e-28 3.364092e-29 3.707386e-30 3.820773e-31 3.667173e-32 3.256082e-33 2.643744e-34 1.920330e-35 1.188204e-36 5.384800e-38 2.868183e-40 -1.849773e-40 -3.291768e-42 -7.113866e-45 -2.958032e-48 -3.230278e-52 -1.151426e-56 -1.567788e-61
2.400853e-58 1.653936e-53 4.293294e-49 3.544599e-45 7.240953e-42 2.324580e-39 -3.276516e-38 -6.987457e-36 -1.502420e-34 -2.413349e-33 -3.338183e-32 -4.150182e-31 -4.730207e-30 -4.995270e-29 -4.918193e-28 -4.531974e-27 -3.917943e-26 -3.182595e-25 -2.431416e-24 -1.747870e-23 -1.182534e-22 -7.529305e-22 -4.510614e-21 -2.541549e-20 -1.346288e-19 -6.700576e-19 -3.131505e-18 -1.373333e-17 -5.647933e-17 -2.176746e-16 -7.857078e-16 -2.654674e-15 -8.392010e-15 -2.481404e-14 -6.862135e-14 -1.775029e-13 -4.296430e-13 -9.737964e-13 -2.068844e-12 -4.125390e-12 -7.733674e-12 -1.365529e-11 -2.275593e-11 -3.586609e-11 -5.357670e-11 -7.600090e-11 -1.025542e-10 -1.318141e-10 -1.615121e-10 -1.886869e-10 -2.099960e-10 -2.221442e-10 -2.223641e-10 -2.088675e-10 -1.811881e-10 -1.403548e-10 -8.886011e-11 -3.042308e-11 3.042308e-11 8.886011e-11 1.403548e-10 1.811881e-10 2.088675e-10 2.223641e-10 2.221442e-10 2.099960e-10 1.886869e-10 1.615121e-10 1.318141e-10 1.025542e-10 7.600090e-11 5.357670e-11 3.586609e-11 2.275593e-11 1.365529e-11 7.733674e-12 4.125390e-12 2.068844e-12 9.737964e-13 4.296430e-13 1.775029e-13 6.862135e-14 2.481404e-14 8.392010e-15 2.654674e-15 7.857078e-16 2.176746e-16 5.647933e-17 1.373333e-17 3.131505e-18 6.700576e-19 1.346288e-19 2.541549e-20 4.510614e-21 7.529305e-22 1.182534e-22 1.747870e-23 2.431416e-24 3.182595e-25 3.917943e-26 4.531974e-27 4.918193e-28 4.995270e-29 4.730207e-30 4.150182e-31 3.338183e-32 2.413349e-33 1.502420e-34 6.987457e-36 3.276516e-38 -2.324580e-39 -7.240953e-42 -3.544599e-45 -4.293294e-49 -1.653936e-53 -2.400853e-58
6.794487e-56 4.330710e-51 1.013525e-46 7.108695e-43 1.008418e-39 -8.371833e-38 -9.167066e-35 -3.602373e-33 -5.844672e-32 -8.125467e-31 -1.019572e-29 -1.175583e-28 -1.257736e-27 -1.255840e-26 -1.174471e-25 -1.031092e-24 -8.509745e-24 -6.607965e-23 -4.829944e-22 -3.323535e-21 -2.152799e-20 -1.312307e-19 -7.525184e-19 -4.057149e-18 -2.055321e-17 -9.776782e-17 -4.363667e-16 -1.826068e-15 -7.159134e-15 -2.627616e-14 -9.022457e-14 -2.896629e-13 -8.690958e-13 -2.436294e-12 -6.380561e-12 -1.561555e-11 -3.573288e-11 -7.652285e-11 -1.535644e-10 -2.892613e-10 -5.124591e-10 -8.558175e-10 -1.350565e-09 -2.019064e-09 -2.866496e-09 -3.873596e-09 -4.992435e-09 -6.146749e-09 -7.237354e-09 -8.152088e-09 -8.778800e-09 -9.019357e-09 -8.802525e-09 -8.093905e-09 -6.901648e-09 -5.277363e-09 -3.312257e-09 -1.129091e-09 1.129091e-09 3.312257e-09 5.277363e-09 6.901648e-09 8.093905e-09 8.802525e-09 9.019357e-09 8.778800e-09 8.152088e-09 7.237354e-09 6.146749e-09 4.992435e-09 3.873596e-09 2.866496e-09 2.019064e-09 1.350565e-09 8.558175e-10 5.124591e-10 2.892613e-10 1.535644e-10 7.652285e-11 3.573288e-11 1.561555e-11 6.380561e-12 2.436294e-12 8.690958e-13 2.896629e-13 9.022457e-14 2.627616e-14 7.159134e-15 1.826068e-15 4.363667e-16 9.776782e-17 2.055321e-17 4.057149e-18 7.525184e-19 1.312307e-19 2.152799e-20 3.323535e-21 4.829944e-22 6.607965e-23 8.509745e-24 1.031092e-24 1.174471e-25 1.255840e-26 1.257736e-27 1.175583e-28 1.019572e-29 8.125467e-31 5.844672e-32 3.602373e-33 9.167066e-35 8.371833e-38 -1.008418e-39 -7.108695e-43 -1.013525e-46 -4.330710e-51 -6.794487e-56
2.992964e-54 1.723600e-49 3.440009e-45 1.694809e-41 -5.024764e-39 -3.773867e-35 -7.696758e-33 -2.286544e-31 -3.243579e-30 -4.114359e-29 -4.804416e-28 -5.212096e-27 -5.281678e-26 -5.016322e-25 -4.474874e-24 -3.754369e-23 -2.964793e-22 -2.204562e-21 -1.543700e-20 -1.017794e-19 -6.316534e-19 -3.688269e-18 -2.025080e-17 -1.044831e-16 -5.061849e-16 -2.300805e-15 -9.803677e-15 -3.912545e-14 -1.461222e-13 -5.102702e-13 -1.664880e-12 -5.072063e-12 -1.442103e-11 -3.825632e-11 -9.469125e-11 -2.187594e-10 -4.720557e-10 -9.525634e-10 -1.800386e-09 -3.193670e-09 -5.329800e-09 -8.390663e-09 -1.249655e-08 -1.765867e-08 -2.374285e-08 -3.045533e-08 -3.735635e-08 -4.390021e-08 -4.949461e-08 -5.356809e-08 -5.563416e-08 -5.534293e-08 -5.251451e-08 -4.715269e-08 -3.944067e-08 -2.972226e-08 -1.847321e-08 -6.266362e-09 6.266362e-09 1.847321e-08 2.972226e-08 3.944067e-08 4.715269e-08 5.251451e-08 5.534293e-08 5.563416e-08 5.356809e-08 4.949461e-08 4.390021e-08 3.735635e-08 3.045533e-08 2.374285e-08 1.765867e-08 1.249655e-08 8.390663e-09 5.329800e-09 3.193670e-09 1.800386e-09 9.525634e-10 4.720557e-10 2.187594e-10 9.469125e-11 3.825632e-11 1.442103e-11 5.072063e-12 1.664880e-12 5.102702e-13 1.461222e-13 3.912545e-14 9.803677e-15 2.300805e-15 5.061849e-16 1.044831e-16 2.025080e-17 3.688269e-18 6.316534e-19 1.017794e-19 1.543700e-20 2.204562e-21 2.964793e-22 3.754369e-23 4.474874e-24 5.016322e-25 5.281678e-26 5.212096e-27 4.804416e-28 4.114359e-29 3.243579e-30 2.286544e-31 7.696758e-33 3.773867e-35 5.024764e-39 -1.694809e-41 -3.440009e-45 -1.723600e-49 -2.992964e-54
3.730233e-53 1.862308e-48 2.738182e-44 -5.799443e-43 -7.751273e-37 -9.516595e-34 -1.469824e-31 -3.825083e-30 -4.992479e-29 -5.934170e-28 -6.556789e-27 -6.770934e-26 -6.556516e-25 -5.965923e-24 -5.107773e-23 -4.117835e-22 -3.127190e-21 -2.237305e-20 -1.507720e-19 -9.567568e-19 -5.714304e-18 -3.210320e-17 -1.695327e-16 -8.408883e-16 -3.914100e-15 -1.708207e-14 -6.983212e-14 -2.671545e-13 -9.555529e-13 -3.192606e-12 -9.956002e-12 -2.895898e-11 -7.852934e-11 -1.984875e-10 -4.676572e-10 -1.027602e-09 -2.107791e-09 -4.041550e-09 -7.257922e-09 -1.223622e-08 -1.941998e-08 -2.910286e-08 -4.131360e-08 -5.573322e-08 -7.167118e-08 -8.811141e-08 -1.038199e-07 -1.174902e-07 -1.278972e-07 -1.340301e-07 -1.351856e-07 -1.310143e-07 -1.215210e-07 -1.070317e-07 -8.813898e-08 -6.563933e-08 -4.047344e-08 -1.367437e-08 1.367437e-08 4.047344e-08 6.563933e-08 8.813898e-08 1.070317e-07 1.215210e-07 1.310143e-07 1.351856e-07 1.340301e-07 1.278972e-07 1.174902e-07 1.038199e-07 8.811141e-08 7.167118e-08 5.573322e-08 4.131360e-08 2.910286e-08 1.941998e-08 1.223622e-08 7.257922e-09 4.041550e-09 2.107791e-09 1.027602e-09 4.676572e-10 1.984875e-10 7.852934e-11 2.895898e-11 9.956002e-12 3.192606e-12 9.555529e-13 2.671545e-13 6.983212e-14 1.708207e-14 3.914100e-15 8.408883e-16 1.695327e-16 3.210320e-17 5.714304e-18 9.567568e-19 1.507720e-19 2.237305e-20 3.127190e-21 4.117835e-22 5.107773e-23 5.965923e-24 6.556516e-25 6.770934e-26 6.556789e-27 5.934170e-28 4.992479e-29 3.825083e-30 1.469824e-31 9.516595e-34 7.751273e-37 5.799443e-43 -2.738182e-44 -1.862308e-48 -3.730233e-53
3.490629e-52 1.340896e-47 4.206839e-44 -2.894229e-39 -1.688254e-35 -1.539231e-32 -2.068482e-30 -4.932942e-29 -6.048236e-28 -6.820876e-27 -7.191264e-26 -7.112166e-25 -6.612222e-24 -5.786489e-23 -4.770262e-22 -3.705917e-21 -2.713406e-20 -1.872145e-19 -1.216829e-18 -7.446947e-18 -4.288676e-17 -2.322492e-16 -1.181735e-15 -5.644622e-15 -2.528626e-14 -1.061290e-13 -4.169026e-13 -1.531210e-12 -5.252824e-12 -1.681478e-11 -5.018297e-11 -1.395347e-10 -3.612905e-10 -8.709496e-10 -1.955076e-09 -4.089125e-09 -7.977622e-09 -1.454139e-08 -2.481848e-08 -3.976873e-08 -6.001223e-08 -8.557011e-08 -1.156905e-07 -1.488235e-07 -1.827631e-07 -2.149262e-07 -2.426985e-07 -2.637704e-07 -2.763943e-07 -2.795289e-07 -2.728606e-07 -2.567266e-07 -2.319718e-07 -1.997807e-07 -1.615189e-07 -1.186070e-07 -7.244088e-08 -2.435769e-08 2.435769e-08 7.244088e-08 1.186070e-07 1.615189e-07 1.997807e-07 2.319718e-07 2.567266e-07 2.728606e-07 2.795289e-07 2.763943e-07 2.637704e-07 2.426985e-07 2.149262e-07 1.827631e-07 1.488235e-07 1.156905e-07 8.557011e-08 6.001223e-08 3.976873e-08 2.481848e-08 1.454139e-08 7.977622e-09 4.089125e-09 1.955076e-09 8.709496e-10 3.612905e-10 1.395347e-10 5.018297e-11 1.681478e-11 5.252824e-12 1.531210e-12 4.169026e-13 1.061290e-13 2.528626e-14 5.644622e-15 1.181735e-15 2.322492e-16 4.288676e-17 7.446947e-18 1.216829e-18 1.872145e-19 2.713406e-20 3.705917e-21 4.770262e-22 5.786489e-23 6.612222e-24 7.112166e-25 7.191264e-26 6.820876e-27 6.048236e-28 4.932942e-29 2.068482e-30 1.539231e-32 1.688254e-35 2.894229e-39 -4.206839e-44 -1.340896e-47 -3.490629e-52
2.581755e-51 3.588185e-47 -3.036685e-42 -6.638261e-38 -2.748955e-34 -2.156452e-31 -2.635105e-29 -5.866398e-28 -6.820295e-27 -7.339210e-26 -7.410560e-25 -7.036612e-24 -6.291651e-23 -5.301447e-22 -4.211363e-21 -3.154210e-20 -2.227095e-19 -1.481925e-18 -9.288478e-18 -5.480589e-17 -3.041986e-16 -1.586988e-15 -7.774569e-15 -3.572996e-14 -1.538797e-13 -6.203564e-13 -2.338397e-12 -8.232205e-12 -2.703646e-11 -8.274896e-11 -2.358016e-10 -6.251299e-10 -1.541018e-09 -3.531630e-09 -7.526059e-09 -1.492433e-08 -2.757465e-08 -4.755816e-08 -7.675459e-08 -1.162618e-07 -1.658388e-07 -2.235750e-07 -2.859318e-07 -3.481758e-07 -4.050954e-07 -4.518106e-07 -4.844765e-07 -5.007364e-07 -4.998655e-07 -4.826273e-07 -4.509254e-07 -4.073529e-07 -3.547398e-07 -2.957712e-07 -2.327212e-07 -1.673157e-07 -1.007182e-07 -3.361655e-08 3.361655e-08 1.007182e-07 1.673157e-07 2.327212e-07 2.957712e-07 3.547398e-07 4.073529e-07 4.509254e-07 4.826273e-07 4.998655e-07 5.007364e-07 4.844765e-07 4.518106e-07 4.050954e-07 3.481758e-07 2.859318e-07 2.235750e-07 1.658388e-07 1.162618e-07 7.675459e-08 4.755816e-08 2.757465e-08 1.492433e-08 7.526059e-09 3.531630e-09 1.541018e-09 6.251299e-10 2.358016e-10 8.274896e-11 2.703646e-11 8.232205e-12 2.338397e-12 6.203564e-13 1.538797e-13 3.572996e-14 7.774569e-15 1.586988e-15 3.041986e-16 5.480589e-17 9.288478e-18 1.481925e-18 2.227095e-19 3.154210e-20 4.211363e-21 5.301447e-22 6.291651e-23 7.036612e-24 7.410560e-25 7.339210e-26 6.820295e-27 5.866398e-28 2.635105e-29 2.156452e-31 2.748955e-34 6.638261e-38 3.036685e-42 -3.588185e-47 -2.581755e-51
9.097650e-51 -1.076569e-45 -7.424382e-41 -1.088817e-36 -3.834196e-33 -2.721759e-30 -3.088424e-28 -6.485271e-27 -7.190615e-26 -7.410554e-25 -7.184023e-24 -6.560450e-23 -5.647972e-22 -4.585819e-21 -3.511962e-20 -2.536489e-19 -1.727131e-18 -1.108196e-17 -6.696329e-17 -3.807703e-16 -2.035754e-15 -1.022376e-14 -4.818019e-14 -2.128209e-13 -8.801064e-13 -3.403268e-12 -1.228991e-11 -4.139439e-11 -1.298776e-10 -3.791551e-10 -1.028803e-09 -2.592422e-09 -6.062898e-09 -1.315697e-08 -2.649914e-08 -4.957309e-08 -8.625905e-08 -1.398925e-07 -2.120156e-07 -3.012331e-07 -4.026583e-07 -5.082650e-07 -6.081268e-07 -6.921949e-07 -7.521046e-07 -7.825383e-07 -7.818621e-07 -7.519977e-07 -6.976845e-07 -6.253956e-07 -5.421805e-07 -4.546497e-07 -3.682298e-07 -2.867310e-07 -2.122047e-07 -1.450339e-07 -8.418609e-08 -2.756768e-08 2.756768e-08 8.418609e-08 1.450339e-07 2.122047e-07 2.867310e-07 3.682298e-07 4.546497e-07 5.421805e-07 6.253956e-07 6.976845e-07 7.519977e-07 7.818621e-07 7.825383e-07 7.521046e-07 6.921949e-07 6.081268e-07 5.082650e-07 4.026583e-07 3.012331e-07 2.120156e-07 1.398925e-07 8.625905e-08 4.957309e-08 2.649914e-08 1.315697e-08 6.062898e-09 2.592422e-09 1.028803e-09 3.791551e-10 1.298776e-10 4.139439e-11 1.228991e-11 3.403268e-12 8.801064e-13 2.128209e-13 4.818019e-14 1.022376e-14 2.035754e-15 3.807703e-16 6.696329e-17 1.108196e-17 1.727131e-18 2.536489e-19 3.511962e-20 4.585819e-21 5.647972e-22 6.560450e-23 7.184023e-24 7.410554e-25 7.190615e-26 6.485271e-27 3.088424e-28 2.721759e-30 3.834196e-33 1.088817e-36 7.424382e-41 1.076569e-45 -9.097650e-51
-1.474976e-49 -2.856310e-44 -1.228551e-39 -1.512046e-35 -4.796210e-32 -3.153599e-29 -3.361590e-27 -6.700287e-26 -7.111495e-25 -7.036606e-24 -6.560450e-23 -5.768408e-22 -4.785265e-21 -3.745666e-20 -2.766100e-19 -1.926557e-18 -1.264909e-17 -7.823976e-17 -4.555731e-16 -2.495014e-15 -1.283949e-14 -6.201764e-14 -2.808465e-13 -1.190876e-12 -4.722091e-12 -1.748532e-11 -6.037661e-11 -1.941321e-10 -5.804252e-10 -1.611500e-09 -4.149711e-09 -9.900637e-09 -2.186979e-08 -4.471048e-08 -8.460925e-08 -1.483155e-07 -2.411648e-07 -3.644881e-07 -5.133698e-07 -6.758874e-07 -8.344916e-07 -9.692950e-07 -1.062247e-06 -1.100883e-06 -1.080596e-06 -1.005013e-06 -8.846345e-07 -7.343931e-07 -5.708454e-07 -4.096548e-07 -2.637511e-07 -1.423049e-07 -5.044336e-08 1.047979e-08 4.228621e-08 4.924622e-08 3.736775e-08 1.377868e-08 -1.377868e-08 -3.736775e-08 -4.924622e-08 -4.228621e-08 -1.047979e-08 5.044336e-08 1.423049e-07 2.637511e-07 4.096548e-07 5.708454e-07 7.343931e-07 8.846345e-07 1.005013e-06 1.080596e-06 1.100883e-06 1.062247e-06 9.692950e-07 8.344916e-07 6.758874e-07 5.133698e-07 3.644881e-07 2.411648e-07 1.483155e-07 8.460925e-08 4.471048e-08 2.186979e-08 9.900637e-09 4.149711e-09 1.611500e-09 5.804252e-10 1.941321e-10 6.037661e-11 1.748532e-11 4.722091e-12 1.190876e-12 2.808465e-13 6.201764e-14 1.283949e-14 2.495014e-15 4.555731e-16 7.823976e-17 1.264909e-17 1.926557e-18 2.766100e-19 3.745666e-20 4.785265e-21 5.768408e-22 6.560450e-23 7.036606e-24 7.111495e-25 6.700287e-26 3.361590e-27 3.153599e-29 4.796210e-32 1.512046e-35 1.228551e-39 2.856310e-44 1.474976e-49
-4.357812e-48 -4.776992e-43 -1.698636e-38 -1.873941e-34 -5.494243e-31 -3.388710e-28 -3.417012e-26 -6.491047e-25 -6.611572e-24 -6.291645e-23 -5.647972e-22 -4.785265e-21 -3.826949e-20 -2.888531e-19 -2.057021e-18 -1.381419e-17 -8.743031e-17 -5.210934e-16 -2.922140e-15 -1.540222e-14 -7.622206e-14 -3.537252e-13 -1.537339e-12 -6.248587e-12 -2.371680e-11 -8.392956e-11 -2.764754e-10 -8.463797e-10 -2.403957e-09 -6.324800e-09 -1.539141e-08 -3.459821e-08 -7.176706e-08 -1.372809e-07 -2.421218e-07 -3.938812e-07 -5.915930e-07 -8.215658e-07 -1.056763e-06 -1.261046e-06 -1.397313e-06 -1.436677e-06 -1.365501e-06 -1.188163e-06 -9.252431e-07 -6.083068e-07 -2.732380e-07 4.600668e-08 3.219535e-07 5.359837e-07 6.786772e-07 7.486765e-07 7.507433e-07 6.936144e-07 5.880935e-07 4.456239e-07 2.774216e-07 9.412839e-08 -9.412839e-08 -2.774216e-07 -4.456239e-07 -5.880935e-07 -6.936144e-07 -7.507433e-07 -7.486765e-07 -6.786772e-07 -5.359837e-07 -3.219535e-07 -4.600668e-08 2.732380e-07 6.083068e-07 9.252431e-07 1.188163e-06 1.365501e-06 1.436677e-06 1.397313e-06 1.261046e-06 1.056763e-06 8.215658e-07 5.915930e-07 3.938812e-07 2.421218e-07 1.372809e-07 7.176706e-08 3.459821e-08 1.539141e-08 6.324800e-09 2.403957e-09 8.463797e-10 2.764754e-10 8.392956e-11 2.371680e-11 6.248587e-12 1.537339e-12 3.537252e-13 7.622206e-14 1.540222e-14 2.922140e-15 5.210934e-16 8.743031e-17 1.381419e-17 2.057021e-18 2.888531e-19 3.826949e-20 4.785265e-21 5.647972e-22 6.291645e-23 6.611572e-24 6.491047e-25 3.417012e-26 3.388710e-28 5.494243e-31 1.873941e-34 1.698636e-38 4.776992e-43 4.357812e-48
-7.382172e-47 -6.576049e-42 -2.084825e-37 -2.121270e-33 -5.828105e-30 -3.397352e-27 -3.254998e-25 -5.908933e-24 -5.785899e-23 -5.301441e-22 -4.585819e-21 -3.745666e-20 -2.888531e-19 -2.102430e-18 -1.443610e-17 -9.345121e-17 -5.698891e-16 -3.270956e-15 -1.765200e-14 -8.946489e-14 -4.253098e-13 -1.893901e-12 -7.887967e-12 -3.067875e-11 -1.112343e-10 -3.753096e-10 -1.176185e-09 -3.417066e-09 -9.184666e-09 -2.279539e-08 -5.213988e-08 -1.097110e-07 -2.120267e-07 -3.758479e-07 -6.104801e-07 -9.079177e-07 -1.235516e-06 -1.536746e-06 -1.742545e-06 -1.790130e-06 -1.641815e-06 -1.296379e-06 -7.893353e-07 -1.832196e-07 4.476576e-07 1.032708e-06 1.516747e-06 1.865975e-06 2.068430e-06 2.130379e-06 2.070605e-06 1.914315e-06 1.687902e-06 1.415167e-06 1.115128e-06 8.012501e-07 4.817492e-07 1.606582e-07 -1.606582e-07 -4.817492e-07 -8.012501e-07 -1.115128e-06 -1.415167e-06 -1.687902e-06 -1.914315e-06 -2.070605e-06 -2.130379e-06 -2.068430e-06 -1.865975e-06 -1.516747e-06 -1.032708e-06 -4.476576e-07 1.832196e-07 7.893353e-07 1.296379e-06 1.641815e-06 1.790130e-06 1.742545e-06 1.536746e-06 1.235516e-06 9.079177e-07 6.104801e-07 3.758479e-07 2.120267e-07 1.097110e-07 5.213988e-08 2.279539e-08 9.184666e-09 3.417066e-09 1.176185e-09 3.753096e-10 1.112343e-10 3.067875e-11 7.887967e-12 1.893901e-12 4.253098e-13 8.946489e-14 1.765200e-14 3.270956e-15 5.698891e-16 9.345121e-17 1.443610e-17 2.102430e-18 2.888531e-19 3.745666e-20 4.585819e-21 5.301441e-22 5.785899e-23 5.908933e-24 3.254998e-25 3.397352e-27 5.828105e-30 2.121270e-33 2.084825e-37 6.576049e-42 7.382172e-47
-1.011876e-45 -7.989547e-41 -2.330667e-36 -2.219954e-32 -5.761951e-29 -3.189619e-26 -2.912140e-24 -5.061142e-23 -4.769758e-22 -4.211358e-21 -3.511962e-20 -2.766100e-19 -2.057021e-18 -1.443610e-17 -9.554829e-17 -5.959622e-16 -3.499778e-15 -1.933020e-14 -1.002995e-13 -4.882769e-13 -2.227003e-12 -9.501414e-12 -3.785614e-11 -1.405963e-10 -4.857909e-10 -1.558304e-09 -4.630343e-09 -1.271472e-08 -3.218536e-08 -7.491164e-08 -1.598922e-07 -3.121136e-07 -5.556407e-07 -8.994866e-07 -1.319668e-06 -1.747059e-06 -2.072673e-06 -2.175049e-06 -1.961046e-06 -1.401510e-06 -5.453163e-07 4.930805e-07 1.565272e-06 2.526231e-06 3.264748e-06 3.719795e-06 3.882014e-06 3.784012e-06 3.484965e-06 3.054635e-06 2.560235e-06 2.057687e-06 1.587298e-06 1.172994e-06 8.238825e-07 5.370137e-07 3.004943e-07 9.643657e-08 -9.643657e-08 -3.004943e-07 -5.370137e-07 -8.238825e-07 -1.172994e-06 -1.587298e-06 -2.057687e-06 -2.560235e-06 -3.054635e-06 -3.484965e-06 -3.784012e-06 -3.882014e-06 -3.719795e-06 -3.264748e-06 -2.526231e-06 -1.565272e-06 -4.930805e-07 5.453163e-07 1.401510e-06 1.961046e-06 2.175049e-06 2.072673e-06 1.747059e-06 1.319668e-06 8.994866e-07 5.556407e-07 3.121136e-07 1.598922e-07 7.491164e-08 3.218536e-08 1.271472e-08 4.630343e-09 1.558304e-09 4.857909e-10 1.405963e-10 3.785614e-11 9.501414e-12 2.227003e-12 4.882769e-13 1.002995e-13 1.933020e-14 3.499778e-15 5.959622e-16 9.554829e-17 1.443610e-17 2.057021e-18 2.766100e-19 3.511962e-20 4.211358e-21 4.769758e-22 5.061142e-23 2.912140e-24 3.189619e-26 5.761951e-29 2.219954e-32 2.330667e-36 7.989547e-41 1.011876e-45
-1.216422e-44 -8.815311e-40 -2.404689e-35 -2.162878e-31 -5.330477e-28 -2.810933e-25 -2.450354e-23 -4.081962e-22 -3.705513e-21 -3.154205e-20 -2.536489e-19 -1.926557e-18 -1.381419e-17 -9.345121e-17 -5.959622e-16 -3.579530e-15 -2.022777e-14 -1.074156e-13 -5.353126e-13 -2.499945e-12 -1.092280e-11 -4.457056e-11 -1.695239e-10 -5.997402e-10 -1.968988e-09 -5.983840e-09 -1.678751e-08 -4.334794e-08 -1.026867e-07 -2.223674e-07 -4.384422e-07 -7.835431e-07 -1.262267e-06 -1.820030e-06 -2.324075e-06 -2.579971e-06 -2.392207e-06 -1.647276e-06 -3.757621e-07 1.241652e-06 2.926518e-06 4.385825e-06 5.390182e-06 5.821134e-06 5.679426e-06 5.061794e-06 4.121427e-06 3.026973e-06 1.930369e-06 9.477133e-07 1.526672e-07 -4.208045e-07 -7.704126e-07 -9.157428e-07 -8.891853e-07 -7.289225e-07 -4.744245e-07 -1.642648e-07 1.642648e-07 4.744245e-07 7.289225e-07 8.891853e-07 9.157428e-07 7.704126e-07 4.208045e-07 -1.526672e-07 -9.477133e-07 -1.930369e-06 -3.026973e-06 -4.121427e-06 -5.061794e-06 -5.679426e-06 -5.821134e-06 -5.390182e-06 -4.385825e-06 -2.926518e-06 -1.241652e-06 3.757621e-07 1.647276e-06 2.392207e-06 2.579971e-06 2.324075e-06 1.820030e-06 1.262267e-06 7.835431e-07 4.384422e-07 2.223674e-07 1.026867e-07 4.334794e-08 1.678751e-08 5.983840e-09 1.968988e-09 5.997402e-10 1.695239e-10 4.457056e-11 1.092280e-11 2.499945e-12 5.353126e-13 1.074156e-13 2.022777e-14 3.579530e-15 5.959622e-16 9.345121e-17 1.381419e-17 1.926557e-18 2.536489e-19 3.154205e-20 3.705513e-21 4.081962e-22 2.450354e-23 2.810933e-25 5.330477e-28 2.162878e-31 2.404689e-35 8.815311e-40 1.216422e-44
-1.323848e-43 -8.960737e-39 -2.307120e-34 -1.970222e-30 -4.626055e-27 -2.328724e-24 -1.940684e-22 -3.101247e-21 -2.713103e-20 -2.227091e-19 -1.727131e-18 -1.264909e-17 -8.743031e-17 -5.698891e-16 -3.499778e-15 -2.022777e-14 -1.098973e-13 -5.604906e-13 -2.679392e-12 -1.198571e-11 -5.007800e-11 -1.950283e-10 -7.063733e-10 -2.373397e-09 -7.377349e-09 -2.114852e-08 -5.571869e-08 -1.343855e-07 -2.953684e-07 -5.884447e-07 -1.055629e-06 -1.690537e-06 -2.386852e-06 -2.910167e-06 -2.937961e-06 -2.183557e-06 -5.554653e-07 1.744428e-06 4.255750e-06 6.413865e-06 7.739366e-06 7.975847e-06 7.133183e-06 5.442100e-06 3.257467e-06 9.544421e-07 -1.151496e-06 -2.847437e-06 -4.030757e-06 -4.692496e-06 -4.888677e-06 -4.710076e-06 -4.256885e-06 -3.621028e-06 -2.876364e-06 -2.075302e-06 -1.250125e-06 -4.171885e-07 4.171885e-07 1.250125e-06 2.075302e-06 2.876364e-06 3.621028e-06 4.256885e-06 4.710076e-06 4.888677e-06 4.692496e-06 4.030757e-06 2.847437e-06 1.151496e-06 -9.544421e-07 -3.257467e-06 -5.442100e-06 -7.133183e-06 -7.975847e-06 -7.739366e-06 -6.413865e-06 -4.255750e-06 -1.744428e-06 5.554653e-07 2.183557e-06 2.937961e-06 2.910167e-06 2.386852e-06 1.690537e-06 1.055629e-06 5.884447e-07 2.953684e-07 1.343855e-07 5.571869e-08 2.114852e-08 7.377349e-09 2.373397e-09 7.063733e-10 1.950283e-10 5.007800e-11 1.198571e-11 2.679392e-12 5.604906e-13 1.098973e-13 2.022777e-14 3.499778e-15 5.698891e-16 8.743031e-17 1.264909e-17 1.727131e-18 2.227091e-19 2.713103e-20 3.101247e-21 1.940684e-22 2.328724e-24 4.626055e-27 1.970222e-30 2.307120e-34 8.960737e-39 1.323848e-43
-1.324845e-42 -8.459591e-38 -2.067743e-33 -1.682527e-29 -3.772202e-26 -1.815217e-23 -1.447340e-21 -2.219674e-20 -1.871930e-19 -1.481922e-18 -1.108196e-17 -7.823976e-17 -5.210934e-16 -3.270956e-15 -1.933020e-14 -1.074156e-13 -5.604906e-13 -2.742005e-12 -1.255505e-11 -5.370136e-11 -2.141112e-10 -7.938579e-10 -2.729804e-09 -8.679473e-09 -2.542943e-08 -6.838271e-08 -1.680032e-07 -3.750184e-07 -7.554076e-07 -1.360927e-06 -2.165579e-06 -2.984261e-06 -3.432765e-06 -3.010846e-06 -1.337899e-06 1.558567e-06 5.103825e-06 8.329467e-06 1.025540e-05 1.027339e-05 8.336050e-06 4.906991e-06 7.475573e-07 -3.342173e-06 -6.726949e-06 -9.038432e-06 -1.018113e-05 -1.027278e-05 -9.558290e-06 -8.327369e-06 -6.852330e-06 -5.351609e-06 -3.975366e-06 -2.807107e-06 -1.874032e-06 -1.160637e-06 -6.219627e-07 -1.946086e-07 1.946086e-07 6.219627e-07 1.160637e-06 1.874032e-06 2.807107e-06 3.975366e-06 5.351609e-06 6.852330e-06 8.327369e-06 9.558290e-06 1.027278e-05 1.018113e-05 9.038432e-06 6.726949e-06 3.342173e-06 -7.475573e-07 -4.906991e-06 -8.336050e-06 -1.027339e-05 -1.025540e-05 -8.329467e-06 -5.103825e-06 -1.558567e-06 1.337899e-06 3.010846e-06 3.432765e-06 2.984261e-06 2.165579e-06 1.360927e-06 7.554076e-07 3.750184e-07 1.680032e-07 6.838271e-08 2.542943e-08 8.679473e-09 2.729804e-09 7.938579e-10 2.141112e-10 5.370136e-11 1.255505e-11 2.742005e-12 5.604906e-13 1.074156e-13 1.933020e-14 3.270956e-15 5.210934e-16 7.823976e-17 1.108196e-17 1.481922e-18 1.871930e-19 2.219674e-20 1.447340e-21 1.815217e-23 3.772202e-26 1.682527e-29 2.067743e-33 8.459591e-38 1.324845e-42
-1.229796e-41 -7.453668e-37 -1.736136e-32 -1.349314e-28 -2.892944e-25 -1.331950e-22 -1.016546e-20 -1.496469e-19 -1.216686e-18 -9.288461e-18 -6.696329e-17 -4.555731e-16 -2.922140e-15 -1.765200e-14 -1.002995e-13 -5.353126e-13 -2.679392e-12 -1.255505e-11 -5.496606e-11 -2.243363e-10 -8.514227e-10 -2.996393e-09 -9.746558e-09 -2.919277e-08 -8.016075e-08 -2.007356e-07 -4.554526e-07 -9.285226e-07 -1.681588e-06 -2.659682e-06 -3.568589e-06 -3.819473e-06 -2.682341e-06 2.961185e-07 4.798008e-06 9.561355e-06 1.280738e-05 1.308123e-05 9.950586e-06 4.142667e-06 -2.846927e-06 -9.362094e-06 -1.411438e-05 -1.645906e-05 -1.639786e-05 -1.440474e-05 -1.118776e-05 -7.473851e-06 -3.866837e-06 -7.816151e-07 1.559390e-06 3.092290e-06 3.863953e-06 3.984144e-06 3.588641e-06 2.813891e-06 1.784667e-06 6.105033e-07 -6.105033e-07 -1.784667e-06 -2.813891e-06 -3.588641e-06 -3.984144e-06 -3.863953e-06 -3.092290e-06 -1.559390e-06 7.816151e-07 3.866837e-06 7.473851e-06 1.118776e-05 1.440474e-05 1.639786e-05 1.645906e-05 1.411438e-05 9.362094e-06 2.846927e-06 -4.142667e-06 -9.950586e-06 -1.308123e-05 -1.280738e-05 -9.561355e-06 -4.798008e-06 -2.961185e-07 2.682341e-06 3.819473e-06 3.568589e-06 2.659682e-06 1.681588e-06 9.285226e-07 4.554526e-07 2.007356e-07 8.016075e-08 2.919277e-08 9.746558e-09 2.996393e-09 8.514227e-10 2.243363e-10 5.496606e-11 1.255505e-11 2.679392e-12 5.353126e-13 1.002995e-13 1.765200e-14 2.922140e-15 4.555731e-16 6.696329e-17 9.288461e-18 1.216686e-18 1.496469e-19 1.016546e-20 1.331950e-22 2.892944e-25 1.349314e-28 1.736136e-32 7.453668e-37 1.229796e-41
-1.064377e-40 -6.147943e-36 -1.368111e-31 -1.017242e-27 -2.087752e-24 -9.201721e-22 -6.723207e-20 -9.500198e-19 -7.446054e-18 -5.480578e-17 -3.807703e-16 -2.495014e-15 -1.540222e-14 -8.946489e-14 -4.882769e-13 -2.499945e-12 -1.198571e-11 -5.370136e-11 -2.243363e-10 -8.715165e-10 -3.139210e-09 -1.044816e-08 -3.200257e-08 -8.977805e-08 -2.293231e-07 -5.294158e-07 -1.093818e-06 -1.994443e-06 -3.139599e-06 -4.097245e-06 -4.018777e-06 -1.895243e-06 2.750326e-06 9.057484e-06 1.464613e-05 1.658575e-05 1.308123e-05 4.627391e-06 -6.233540e-06 -1.620783e-05 -2.261755e-05 -2.419660e-05 -2.118531e-05 -1.488619e-05 -7.026622e-06 7.798243e-07 7.364809e-06 1.210607e-05 1.486273e-05 1.583530e-05 1.540485e-05 1.400395e-05 1.202699e-05 9.782967e-06 7.481372e-06 5.236993e-06 3.088720e-06 1.019493e-06 -1.019493e-06 -3.088720e-06 -5.236993e-06 -7.481372e-06 -9.782967e-06 -1.202699e-05 -1.400395e-05 -1.540485e-05 -1.583530e-05 -1.486273e-05 -1.210607e-05 -7.364809e-06 -7.798243e-07 7.026622e-06 1.488619e-05 2.118531e-05 2.419660e-05 2.261755e-05 1.620783e-05 6.233540e-06 -4.627391e-06 -1.308123e-05 -1.658575e-05 -1.464613e-05 -9.057484e-06 -2.750326e-06 1.895243e-06 4.018777e-06 4.097245e-06 3.139599e-06 1.994443e-06 1.093818e-06 5.294158e-07 2.293231e-07 8.977805e-08 3.200257e-08 1.044816e-08 3.139210e-09 8.715165e-10 2.243363e-10 5.370136e-11 1.198571e-11 2.499945e-12 4.882769e-13 8.946489e-14 1.540222e-14 2.495014e-15 3.807703e-16 5.480578e-17 7.446054e-18 9.500198e-19 6.723207e-20 9.201721e-22 2.087752e-24 1.017242e-27 1.368111e-31 6.147943e-36 1.064377e-40
-8.617004e-40 -4.756282e-35 -1.012975e-30 -7.213636e-27 -1.418101e-23 -5.984728e-21 -4.185928e-19 -5.676499e-18 -4.288153e-17 -3.041979e-16 -2.035754e-15 -1.283949e-14 -7.622206e-14 -4.253098e-13 -2.227003e-12 -1.092280e-11 -5.007800e-11 -2.141112e-10 -8.514227e-10 -3.139210e-09 -1.069297e-08 -3.350616e-08 -9.608592e-08 -2.505658e-07 -5.892821e-07 -1.235904e-06 -2.273748e-06 -3.571085e-06 -4.537609e-06 -4.018269e-06 -6.828749e-07 5.900231e-06 1.401405e-05 1.963913e-05 1.836922e-05 8.533386e-06 -7.055229e-06 -2.246869e-05 -3.197578e-05 -3.262991e-05 -2.487269e-05 -1.164027e-05 3.191657e-06 1.624817e-05 2.542052e-05 2.999583e-05 3.038198e-05 2.762578e-05 2.298368e-05 1.760919e-05 1.238144e-05 7.868801e-06 4.349561e-06 1.886676e-06 3.928649e-07 -3.032877e-07 -4.167486e-07 -1.780752e-07 1.780752e-07 4.167486e-07 3.032877e-07 -3.928649e-07 -1.886676e-06 -4.349561e-06 -7.868801e-06 -1.238144e-05 -1.760919e-05 -2.298368e-05 -2.762578e-05 -3.038198e-05 -2.999583e-05 -2.542052e-05 -1.624817e-05 -3.191657e-06 1.164027e-05 2.487269e-05 3.262991e-05 3.197578e-05 2.246869e-05 7.055229e-06 -8.533386e-06 -1.836922e-05 -1.963913e-05 -1.401405e-05 -5.900231e-06 6.828749e-07 4.018269e-06 4.537609e-06 3.571085e-06 2.273748e-06 1.235904e-06 5.892821e-07 2.505658e-07 9.608592e-08 3.350616e-08 1.069297e-08 3.139210e-09 8.514227e-10 2.141112e-10 5.007800e-11 1.092280e-11 2.227003e-12 4.253098e-13 7.622206e-14 1.283949e-14 2.035754e-15 3.041979e-16 4.288153e-17 5.676499e-18 4.185928e-19 5.984728e-21 1.418101e-23 7.213636e-27 1.012975e-30 4.756282e-35 8.617004e-40
-6.538896e-39 -3.455463e-34 -7.051797e-30 -4.813036e-26 -9.066015e-23 -3.663594e-20 -2.452353e-18 -3.190465e-17 -2.322205e-16 -1.586984e-15 -1.022376e-14 -6.201764e-14 -3.537252e-13 -1.893901e-12 -9.501414e-12 -4.457056e-11 -1.950283e-10 -7.938579e-10 -2.996393e-09 -1.044816e-08 -3.350616e-08 -9.828420e-08 -2.619003e-07 -6.283134e-07 -1.340250e-06 -2.494574e-06 -3.923253e-06 -4.872613e-06 -3.852965e-06 8.202152e-07 9.466886e-06 1.918921e-05 2.377631e-05 1.709181e-05 -1.540799e-06 -2.486739e-05 -4.158167e-05 -4.360705e-05 -3.031685e-05 -7.311326e-06 1.736261e-05 3.667844e-05 4.677720e-05 4.725080e-05 4.008838e-05 2.841139e-05 1.532358e-05 3.198489e-06 -6.506452e-06 -1.321996e-05 -1.699603e-05 -1.826207e-05 -1.760238e-05 -1.558653e-05 -1.270681e-05 -9.318298e-06 -5.669405e-06 -1.899578e-06 1.899578e-06 5.669405e-06 9.318298e-06 1.270681e-05 1.558653e-05 1.760238e-05 1.826207e-05 1.699603e-05 1.321996e-05 6.506452e-06 -3.198489e-06 -1.532358e-05 -2.841139e-05 -4.008838e-05 -4.725080e-05 -4.677720e-05 -3.667844e-05 -1.736261e-05 7.311326e-06 3.031685e-05 4.360705e-05 4.158167e-05 2.486739e-05 1.540799e-06 -1.709181e-05 -2.377631e-05 -1.918921e-05 -9.466886e-06 -8.202152e-07 3.852965e-06 4.872613e-06 3.923253e-06 2.494574e-06 1.340250e-06 6.283134e-07 2.619003e-07 9.828420e-08 3.350616e-08 1.044816e-08 2.996393e-09 7.938579e-10 1.950283e-10 4.457056e-11 9.501414e-12 1.893901e-12 3.537252e-13 6.201764e-14 1.022376e-14 1.586984e-15 2.322205e-16 3.190465e-17 2.452353e-18 3.663594e-20 9.066015e-23 4.813036e-26 7.051797e-30 3.455463e-34 6.538896e-39
-4.656882e-38 -2.359135e-33 -4.617000e-29 -3.021549e-25 -5.454064e-22 -2.110032e-19 -1.351165e-17 -1.685583e-16 -1.181587e-15 -7.774549e-15 -4.818019e-14 -2.808465e-13 -1.537339e-12 -7.887967e-12 -3.785614e-11 -1.695239e-10 -7.063733e-10 -2.729804e-09 -9.746558e-09 -3.200257e-08 -9.608592e-08 -2.619003e-07 -6.418745e-07 -1.395525e-06 -2.636216e-06 -4.171692e-06 -5.100760e-06 -3.599016e-06 2.395064e-06 1.305923e-05 2.406157e-05 2.650473e-05 1.235207e-05 -1.687718e-05 -4.674668e-05 -5.842543e-05 -4.304369e-05 -7.708071e-06 3.147532e-05 5.984764e-05 6.966759e-05 6.101834e-05 3.973315e-05 1.345126e-05 -1.124476e-05 -3.006952e-05 -4.144054e-05 -4.573365e-05 -4.445861e-05 -3.957574e-05 -3.284929e-05 -2.570964e-05 -1.906568e-05 -1.342299e-05 -8.935593e-06 -5.520563e-06 -2.956976e-06 -9.229584e-07 9.229584e-07 2.956976e-06 5.520563e-06 8.935593e-06 1.342299e-05 1.906568e-05 2.570964e-05 3.284929e-05 3.957574e-05 4.445861e-05 4.573365e-05 4.144054e-05 3.006952e-05 1.124476e-05 -1.345126e-05 -3.973315e-05 -6.101834e-05 -6.966759e-05 -5.984764e-05 -3.147532e-05 7.708071e-06 4.304369e-05 5.842543e-05 4.674668e-05 1.687718e-05 -1.235207e-05 -2.650473e-05 -2.406157e-05 -1.305923e-05 -2.395064e-06 3.599016e-06 5.100760e-06 4.171692e-06 2.636216e-06 1.395525e-06 6.418745e-07 2.619003e-07 9.608592e-08 3.200257e-08 9.746558e-09 2.729804e-09 7.063733e-10 1.695239e-10 3.785614e-11 7.887967e-12 1.537339e-12 2.808465e-13 4.818019e-14 7.774549e-15 1.181587e-15 1.685583e-16 1.351165e-17 2.110032e-19 5.454064e-22 3.021549e-25 4.617000e-29 2.359135e-33 4.656882e-38
-3.115003e-37 -1.514123e-32 -2.843193e-28 -1.784499e-24 -3.086524e-21 -1.142801e-18 -6.996547e-17 -8.364289e-16 -5.643915e-15 -3.572985e-14 -2.128209e-13 -1.190876e-12 -6.248587e-12 -3.067875e-11 -1.405963e-10 -5.997402e-10 -2.373397e-09 -8.679473e-09 -2.919277e-08 -8.977805e-08 -2.505658e-07 -6.283134e-07 -1.395525e-06 -2.685018e-06 -4.299979e-06 -5.230636e-06 -3.353169e-06 3.780428e-06 1.624388e-05 2.818394e-05 2.768345e-05 4.678248e-06 -3.586964e-05 -6.936378e-05 -6.745920e-05 -2.393734e-05 3.761090e-05 8.399733e-05 9.628479e-05 7.483799e-05 3.216920e-05 -1.470073e-05 -5.192280e-05 -7.301610e-05 -7.745983e-05 -6.888280e-05 -5.275238e-05 -3.392046e-05 -1.621808e-05 -1.812663e-06 8.453386e-06 1.456467e-05 1.718488e-05 1.700237e-05 1.487681e-05 1.139210e-05 7.129444e-06 2.411646e-06 -2.411646e-06 -7.129444e-06 -1.139210e-05 -1.487681e-05 -1.700237e-05 -1.718488e-05 -1.456467e-05 -8.453386e-06 1.812663e-06 1.621808e-05 3.392046e-05 5.275238e-05 6.888280e-05 7.745983e-05 7.301610e-05 5.192280e-05 1.470073e-05 -3.216920e-05 -7.483799e-05 -9.628479e-05 -8.399733e-05 -3.761090e-05 2.393734e-05 6.745920e-05 6.936378e-05 3.586964e-05 -4.678248e-06 -2.768345e-05 -2.818394e-05 -1.624388e-05 -3.780428e-06 3.353169e-06 5.230636e-06 4.299979e-06 2.685018e-06 1.395525e-06 6.283134e-07 2.505658e-07 8.977805e-08 2.919277e-08 8.679473e-09 2.373397e-09 5.997402e-10 1.405963e-10 3.067875e-11 6.248587e-12 1.190876e-12 2.128209e-13 3.572985e-14 5.643915e-15 8.364289e-16 6.996547e-17 1.142801e-18 3.086524e-21 1.784499e-24 2.843193e-28 1.514123e-32 3.115003e-37
