0.000000e+00 0.000000e+00 0.000000e+00 0.000000e+00 0.000000e+00 0.000000e+00 0.000000e+00 0.000000e+00 0.000000e+00 0.000000e+00 0.000000e+00 0.000000e+00 0.000000e+00 0.000000e+00 0.000000e+00 0.000000e+00 0.000000e+00 0.000000e+00 0.000000e+00 0.000000e+00 0.000000e+00 0.000000e+00 0.000000e+00 0.000000e+00 0.000000e+00 0.000000e+00 0.000000e+00 0.000000e+00 0.000000e+00 0.000000e+00 0.000000e+00 0.000000e+00 0.000000e+00 0.000000e+00 0.000000e+00 0.000000e+00 0.000000e+00 0.000000e+00 0.000000e+00 0.000000e+00 0.000000e+00 0.000000e+00 0.000000e+00 0.000000e+00 0.000000e+00 0.000000e+00 0.000000e+00 0.000000e+00 0.000000e+00 0.000000e+00 0.000000e+00 0.000000e+00 0.000000e+00 0.000000e+00 0.000000e+00 0.000000e+00 0.000000e+00 0.000000e+00 0.000000e+00 0.000000e+00 0.000000e+00 0.000000e+00 0.000000e+00 0.000000e+00 0.000000e+00 0.000000e+00 0.000000e+00 0.000000e+00 0.000000e+00 0.000000e+00 0.000000e+00 0.000000e+00 0.000000e+00 0.000000e+00 0.000000e+00 0.000000e+00 0.000000e+00 0.000000e+00 0.000000e+00 0.000000e+00 0.000000e+00 0.000000e+00 0.000000e+00 0.000000e+00 0.000000e+00 0.000000e+00 0.000000e+00 0.000000e+00 0.000000e+00 0.000000e+00 0.000000e+00 0.000000e+00 0.000000e+00 0.000000e+00 0.000000e+00 0.000000e+00 0.000000e+00 0.000000e+00 0.000000e+00 0.000000e+00 0.000000e+00 0.000000e+00 0.000000e+00 0.000000e+00 0.000000e+00 0.000000e+00 0.000000e+00 0.000000e+00 0.000000e+00 0.000000e+00 0.000000e+00 0.000000e+00 0.000000e+00 0.000000e+00 0.000000e+00 0.000000e+00
7.829692e-111 5.619423e-105 1.456181e-99 1.194994e-94 2.590629e-90 1.162819e-86 8.312310e-84 1.041739e-81 6.261096e-80 3.367505e-78 1.659939e-76 7.518308e-75 3.135714e-73 1.206526e-71 4.289309e-70 1.410715e-68 4.296737e-67 1.212932e-65 3.175349e-64 7.712148e-63 1.738091e-61 3.634788e-60 7.051764e-59 1.268617e-57 2.114780e-56 3.263296e-55 4.654749e-54 6.125869e-53 7.419481e-52 8.241717e-51 8.356042e-50 7.677819e-49 6.322447e-48 4.576604e-47 2.800527e-46 1.306378e-45 2.691275e-45 -2.952554e-44 -4.882776e-43 -4.578444e-42 -3.361957e-41 -2.086424e-40 -1.126707e-39 -5.365523e-39 -2.267793e-38 -8.531796e-38 -2.859483e-37 -8.533728e-37 -2.264560e-36 -5.331812e-36 -1.110485e-35 -2.037617e-35 -3.274471e-35 -4.565848e-35 -5.433787e-35 -5.335498e-35 -3.956175e-35 -1.465781e-35 1.465781e-35 3.956175e-35 5.335498e-35 5.433787e-35 4.565848e-35 3.274471e-35 2.037617e-35 1.110485e-35 5.331812e-36 2.264560e-36 8.533728e-37 2.859483e-37 8.531796e-38 2.267793e-38 5.365523e-39 1.126707e-39 2.086424e-40 3.361957e-41 4.578444e-42 4.882776e-43 2.952554e-44 -2.691275e-45 -1.306378e-45 -2.800527e-46 -4.576604e-47 -6.322447e-48 -7.677819e-49 -8.356042e-50 -8.241717e-51 -7.419481e-52 -6.125869e-53 -4.654749e-54 -3.263296e-55 -2.114780e-56 -1.268617e-57 -7.051764e-59 -3.634788e-60 -1.738091e-61 -7.712148e-63 -3.175349e-64 -1.212932e-65 -4.296737e-67 -1.410715e-68 -4.289309e-70 -1.206526e-71 -3.135714e-73 -7.518308e-75 -1.659939e-76 -3.367505e-78 -6.261096e-80 -1.041739e-81 -8.312310e-84 -1.162819e-86 -2.590629e-90 -1.194994e-94 -1.456181e-99 -5.619423e-105 -7.829692e-111
3.681251e-105 2.334500e-99 5.409570e-94 4.007771e-89 7.904937e-85 3.248938e-81 2.138224e-78 2.480102e-76 1.386744e-74 6.964234e-73 3.214862e-71 1.367150e-69 5.365835e-68 1.946701e-66 6.536732e-65 2.033649e-63 5.866832e-62 1.570406e-60 3.901945e-59 9.001299e-58 1.927921e-56 3.833058e-55 7.071058e-54 1.209489e-52 1.916280e-51 2.808340e-50 3.799748e-49 4.734397e-48 5.413193e-47 5.651443e-46 5.347745e-45 4.532873e-44 3.370840e-43 2.106283e-42 9.806960e-42 1.566717e-41 -3.169974e-40 -4.909311e-39 -4.686629e-38 -3.564104e-37 -2.308386e-36 -1.307526e-35 -6.558013e-35 -2.930502e-34 -1.170061e-33 -4.178311e-33 -1.334234e-32 -3.805967e-32 -9.682755e-32 -2.192264e-31 -4.404766e-31 -7.824111e-31 -1.221838e-30 -1.662507e-30 -1.939391e-30 -1.875542e-30 -1.376488e-30 -5.073701e-31 5.073701e-31 1.376488e-30 1.875542e-30 1.939391e-30 1.662507e-30 1.221838e-30 7.824111e-31 4.404766e-31 2.192264e-31 9.682755e-32 3.805967e-32 1.334234e-32 4.178311e-33 1.170061e-33 2.930502e-34 6.558013e-35 1.307526e-35 2.308386e-36 3.564104e-37 4.686629e-38 4.909311e-39 3.169974e-40 -1.566717e-41 -9.806960e-42 -2.106283e-42 -3.370840e-43 -4.532873e-44 -5.347745e-45 -5.651443e-46 -5.413193e-47 -4.734397e-48 -3.799748e-49 -2.808340e-50 -1.916280e-51 -1.209489e-52 -7.071058e-54 -3.833058e-55 -1.927921e-56 -9.001299e-58 -3.901945e-59 -1.570406e-60 -5.866832e-62 -2.033649e-63 -6.536732e-65 -1.946701e-66 -5.365835e-68 -1.367150e-69 -3.214862e-71 -6.964234e-73 -1.386744e-74 -2.480102e-76 -2.138224e-78 -3.248938e-81 -7.904937e-85 -4.007771e-89 -5.409570e-94 -2.334500e-99 -3.681251e-105
5.847663e-100 3.316090e-94 6.937229e-89 4.676108e-84 8.445258e-80 3.195267e-76 1.944778e-73 2.095685e-71 1.093754e-69 5.143389e-68 2.228993e-66 8.918862e-65 3.300132e-63 1.130680e-61 3.590846e-60 1.057957e-58 2.893542e-57 7.349710e-56 1.734168e-54 3.801074e-53 7.738114e-52 1.462499e-50 2.564421e-49 4.167551e-48 6.268519e-47 8.709953e-46 1.115082e-44 1.310619e-43 1.406988e-42 1.368968e-41 1.192248e-40 9.087881e-40 5.778995e-39 2.661999e-38 2.562035e-38 -1.205331e-36 -1.784041e-35 -1.734545e-34 -1.363597e-33 -9.193128e-33 -5.445147e-32 -2.866482e-31 -1.349014e-30 -5.691627e-30 -2.155142e-29 -7.323664e-29 -2.231915e-28 -6.092422e-28 -1.487172e-27 -3.239789e-27 -6.282713e-27 -1.080800e-26 -1.640796e-26 -2.179387e-26 -2.492876e-26 -2.375035e-26 -1.725623e-26 -6.328508e-27 6.328508e-27 1.725623e-26 2.375035e-26 2.492876e-26 2.179387e-26 1.640796e-26 1.080800e-26 6.282713e-27 3.239789e-27 1.487172e-27 6.092422e-28 2.231915e-28 7.323664e-29 2.155142e-29 5.691627e-30 1.349014e-30 2.866482e-31 5.445147e-32 9.193128e-33 1.363597e-33 1.734545e-34 1.784041e-35 1.205331e-36 -2.562035e-38 -2.661999e-38 -5.778995e-39 -9.087881e-40 -1.192248e-40 -1.368968e-41 -1.406988e-42 -1.310619e-43 -1.115082e-44 -8.709953e-46 -6.268519e-47 -4.167551e-48 -2.564421e-49 -1.462499e-50 -7.738114e-52 -3.801074e-53 -1.734168e-54 -7.349710e-56 -2.893542e-57 -1.057957e-58 -3.590846e-60 -1.130680e-61 -3.300132e-63 -8.918862e-65 -2.228993e-66 -5.143389e-68 -1.093754e-69 -2.095685e-71 -1.944778e-73 -3.195267e-76 -8.445258e-80 -4.676108e-84 -6.937229e-89 -3.316090e-94 -5.847663e-100
2.693219e-95 1.378814e-89 2.624362e-84 1.619780e-79 2.692967e-75 9.421560e-72 5.323378e-69 5.346843e-67 2.612073e-65 1.152998e-63 4.700829e-62 1.773015e-60 6.194611e-59 2.007001e-57 6.035117e-56 1.685432e-54 4.373405e-53 1.054678e-51 2.363917e-50 4.923598e-49 9.525649e-48 1.710700e-46 2.848962e-45 4.393644e-44 6.262582e-43 8.228565e-42 9.929616e-41 1.094616e-39 1.093438e-38 9.767125e-38 7.613917e-37 4.909362e-36 2.212615e-35 1.893910e-36 -1.389751e-33 -1.992949e-32 -1.973494e-31 -1.600973e-30 -1.120831e-29 -6.922728e-29 -3.813032e-28 -1.883297e-27 -8.363956e-27 -3.343739e-26 -1.203448e-25 -3.897286e-25 -1.134535e-24 -2.965164e-24 -6.947149e-24 -1.456547e-23 -2.726702e-23 -4.543625e-23 -6.706994e-23 -8.698154e-23 -9.757643e-23 -9.160047e-23 -6.589609e-23 -2.404625e-23 2.404625e-23 6.589609e-23 9.160047e-23 9.757643e-23 8.698154e-23 6.706994e-23 4.543625e-23 2.726702e-23 1.456547e-23 6.947149e-24 2.965164e-24 1.134535e-24 3.897286e-25 1.203448e-25 3.343739e-26 8.363956e-27 1.883297e-27 3.813032e-28 6.922728e-29 1.120831e-29 1.600973e-30 1.973494e-31 1.992949e-32 1.389751e-33 -1.893910e-36 -2.212615e-35 -4.909362e-36 -7.613917e-37 -9.767125e-38 -1.093438e-38 -1.094616e-39 -9.929616e-41 -8.228565e-42 -6.262582e-43 -4.393644e-44 -2.848962e-45 -1.710700e-46 -9.525649e-48 -4.923598e-49 -2.363917e-50 -1.054678e-51 -4.373405e-53 -1.685432e-54 -6.035117e-56 -2.007001e-57 -6.194611e-59 -1.773015e-60 -4.700829e-62 -1.152998e-63 -2.612073e-65 -5.346843e-67 -5.323378e-69 -9.421560e-72 -2.692967e-75 -1.619780e-79 -2.624362e-84 -1.378814e-89 -2.693219e-95
2.912568e-91 1.356652e-85 2.364402e-80 1.343389e-75 2.065242e-71 6.706723e-68 3.529252e-65 3.313284e-63 1.518788e-61 6.306200e-60 2.423193e-58 8.628576e-57 2.850331e-55 8.742492e-54 2.491425e-52 6.599858e-51 1.625588e-49 3.723072e-48 7.927546e-47 1.568736e-45 2.882988e-44 4.915677e-43 7.765296e-42 1.134276e-40 1.527889e-39 1.890699e-38 2.137474e-37 2.188896e-36 2.001904e-35 1.592344e-34 1.036975e-33 4.508073e-33 -5.147416e-33 -3.923893e-31 -5.504840e-30 -5.551303e-29 -4.639645e-28 -3.365653e-27 -2.162183e-26 -1.242516e-25 -6.420403e-25 -2.991002e-24 -1.257622e-23 -4.773537e-23 -1.634958e-22 -5.049013e-22 -1.404427e-21 -3.514677e-21 -7.903438e-21 -1.594646e-20 -2.881588e-20 -4.651051e-20 -6.675767e-20 -8.453660e-20 -9.301404e-20 -8.604383e-20 -6.129082e-20 -2.225518e-20 2.225518e-20 6.129082e-20 8.604383e-20 9.301404e-20 8.453660e-20 6.675767e-20 4.651051e-20 2.881588e-20 1.594646e-20 7.903438e-21 3.514677e-21 1.404427e-21 5.049013e-22 1.634958e-22 4.773537e-23 1.257622e-23 2.991002e-24 6.420403e-25 1.242516e-25 2.162183e-26 3.365653e-27 4.639645e-28 5.551303e-29 5.504840e-30 3.923893e-31 5.147416e-33 -4.508073e-33 -1.036975e-33 -1.592344e-34 -2.001904e-35 -2.188896e-36 -2.137474e-37 -1.890699e-38 -1.527889e-39 -1.134276e-40 -7.765296e-42 -4.915677e-43 -2.882988e-44 -1.568736e-45 -7.927546e-47 -3.723072e-48 -1.625588e-49 -6.599858e-51 -2.491425e-52 -8.742492e-54 -2.850331e-55 -8.628576e-57 -2.423193e-58 -6.306200e-60 -1.518788e-61 -3.313284e-63 -3.529252e-65 -6.706723e-68 -2.065242e-71 -1.343389e-75 -2.364402e-80 -1.356652e-85 -2.912568e-91
5.659224e-88 2.413794e-82 3.872750e-77 2.034760e-72 2.903647e-68 8.781194e-65 4.315724e-62 3.796230e-60 1.636324e-58 6.402809e-57 2.322506e-55 7.818298e-54 2.444672e-52 7.105200e-51 1.920376e-49 4.828037e-48 1.129172e-46 2.456347e-45 4.968095e-44 9.336192e-43 1.628518e-41 2.632919e-40 3.937685e-39 5.432487e-38 6.886542e-37 7.975079e-36 8.361719e-35 7.818048e-34 6.332135e-33 4.148855e-32 1.709625e-31 -4.911513e-31 -2.069888e-29 -2.863426e-28 -2.941153e-27 -2.529302e-26 -1.897682e-25 -1.265297e-24 -7.567541e-24 -4.079849e-23 -1.987706e-22 -8.761019e-22 -3.494169e-21 -1.260585e-20 -4.110976e-20 -1.210844e-19 -3.218072e-19 -7.710053e-19 -1.663634e-18 -3.229504e-18 -5.632185e-18 -8.804365e-18 -1.228708e-17 -1.519271e-17 -1.639599e-17 -1.494671e-17 -1.054270e-17 -3.809295e-18 3.809295e-18 1.054270e-17 1.494671e-17 1.639599e-17 1.519271e-17 1.228708e-17 8.804365e-18 5.632185e-18 3.229504e-18 1.663634e-18 7.710053e-19 3.218072e-19 1.210844e-19 4.110976e-20 1.260585e-20 3.494169e-21 8.761019e-22 1.987706e-22 4.079849e-23 7.567541e-24 1.265297e-24 1.897682e-25 2.529302e-26 2.941153e-27 2.863426e-28 2.069888e-29 4.911513e-31 -1.709625e-31 -4.148855e-32 -6.332135e-33 -7.818048e-34 -8.361719e-35 -7.975079e-36 -6.886542e-37 -5.432487e-38 -3.937685e-39 -2.632919e-40 -1.628518e-41 -9.336192e-43 -4.968095e-44 -2.456347e-45 -1.129172e-46 -4.828037e-48 -1.920376e-49 -7.105200e-51 -2.444672e-52 -7.818298e-54 -2.322506e-55 -6.402809e-57 -1.636324e-58 -3.796230e-60 -4.315724e-62 -8.781194e-65 -2.903647e-68 -2.034760e-72 -3.872750e-77 -2.413794e-82 -5.659224e-88
1.666706e-85 6.546494e-80 9.715962e-75 4.740132e-70 6.301434e-66 1.780230e-62 8.193929e-60 6.769657e-58 2.749827e-56 1.015956e-54 3.484723e-53 1.110657e-51 3.291618e-50 9.075465e-49 2.328538e-47 5.560170e-46 1.235443e-44 2.553408e-43 4.905586e-42 8.751777e-41 1.447803e-39 2.216423e-38 3.131082e-37 4.065130e-36 4.821507e-35 5.175172e-34 4.946545e-33 4.080077e-32 2.689831e-31 1.042192e-30 -5.254029e-30 -1.716680e-28 -2.368817e-27 -2.484988e-26 -2.200220e-25 -1.706926e-24 -1.180334e-23 -7.339129e-23 -4.122521e-22 -2.097050e-21 -9.670448e-21 -4.043678e-20 -1.532743e-19 -5.263297e-19 -1.636086e-18 -4.600033e-18 -1.168935e-17 -2.682894e-17 -5.558298e-17 -1.038782e-16 -1.749547e-16 -2.650594e-16 -3.599034e-16 -4.348002e-16 -4.605021e-16 -4.138754e-16 -2.891617e-16 -1.039825e-16 1.039825e-16 2.891617e-16 4.138754e-16 4.605021e-16 4.348002e-16 3.599034e-16 2.650594e-16 1.749547e-16 1.038782e-16 5.558298e-17 2.682894e-17 1.168935e-17 4.600033e-18 1.636086e-18 5.263297e-19 1.532743e-19 4.043678e-20 9.670448e-21 2.097050e-21 4.122521e-22 7.339129e-23 1.180334e-23 1.706926e-24 2.200220e-25 2.484988e-26 2.368817e-27 1.716680e-28 5.254029e-30 -1.042192e-30 -2.689831e-31 -4.080077e-32 -4.946545e-33 -5.175172e-34 -4.821507e-35 -4.065130e-36 -3.131082e-37 -2.216423e-38 -1.447803e-39 -8.751777e-41 -4.905586e-42 -2.553408e-43 -1.235443e-44 -5.560170e-46 -2.328538e-47 -9.075465e-49 -3.291618e-50 -1.110657e-51 -3.484723e-53 -1.015956e-54 -2.749827e-56 -6.769657e-58 -8.193929e-60 -1.780230e-62 -6.301434e-66 -4.740132e-70 -9.715962e-75 -6.546494e-80 -1.666706e-85
1.306209e-83 4.751812e-78 6.556934e-73 2.983962e-68 3.710642e-64 9.829804e-61 4.251858e-58 3.309957e-56 1.270823e-54 4.445718e-53 1.445732e-51 4.373551e-50 1.231403e-48 3.227882e-47 7.878240e-46 1.790118e-44 3.785426e-43 7.444676e-42 1.360323e-40 2.306113e-39 3.619804e-38 5.245899e-37 6.990541e-36 8.513624e-35 9.385575e-34 9.212456e-33 7.793650e-32 5.242978e-31 2.003295e-30 -1.272672e-29 -3.934407e-28 -5.545338e-27 -5.999413e-26 -5.499790e-25 -4.428818e-24 -3.185383e-23 -2.063949e-22 -1.210333e-21 -6.439144e-21 -3.111320e-20 -1.365750e-19 -5.444986e-19 -1.970483e-18 -6.468160e-18 -1.924371e-17 -5.185552e-17 -1.264913e-16 -2.792047e-16 -5.575406e-16 -1.006948e-15 -1.643812e-15 -2.421910e-15 -3.209632e-15 -3.799024e-15 -3.957762e-15 -3.513078e-15 -2.434155e-15 -8.716847e-16 8.716847e-16 2.434155e-15 3.513078e-15 3.957762e-15 3.799024e-15 3.209632e-15 2.421910e-15 1.643812e-15 1.006948e-15 5.575406e-16 2.792047e-16 1.264913e-16 5.185552e-17 1.924371e-17 6.468160e-18 1.970483e-18 5.444986e-19 1.365750e-19 3.111320e-20 6.439144e-21 1.210333e-21 2.063949e-22 3.185383e-23 4.428818e-24 5.499790e-25 5.999413e-26 5.545338e-27 3.934407e-28 1.272672e-29 -2.003295e-30 -5.242978e-31 -7.793650e-32 -9.212456e-33 -9.385575e-34 -8.513624e-35 -6.990541e-36 -5.245899e-37 -3.619804e-38 -2.306113e-39 -1.360323e-40 -7.444676e-42 -3.785426e-43 -1.790118e-44 -7.878240e-46 -3.227882e-47 -1.231403e-48 -4.373551e-50 -1.445732e-51 -4.445718e-53 -1.270823e-54 -3.309957e-56 -4.251858e-58 -9.829804e-61 -3.710642e-64 -2.983962e-68 -6.556934e-73 -4.751812e-78 -1.306209e-83
7.694405e-82 2.604748e-76 3.355719e-71 1.429838e-66 1.668819e-62 4.158027e-59 1.694906e-56 1.246431e-54 4.534014e-53 1.505137e-51 4.649963e-50 1.337630e-48 3.584064e-47 8.945802e-46 2.079802e-44 4.502287e-43 9.069415e-42 1.698390e-40 2.952535e-39 4.755383e-38 7.075917e-37 9.687688e-36 1.212994e-34 1.375701e-33 1.389999e-32 1.210932e-31 8.384708e-31 3.273109e-30 -2.243524e-29 -7.049851e-28 -1.026391e-26 -1.150442e-25 -1.094610e-24 -9.162963e-24 -6.861195e-23 -4.635411e-22 -2.838726e-21 -1.579703e-20 -7.997275e-20 -3.684349e-19 -1.544321e-18 -5.886225e-18 -2.038673e-17 -6.411215e-17 -1.829430e-16 -4.734180e-16 -1.110700e-15 -2.362361e-15 -4.555570e-15 -7.965847e-15 -1.262710e-14 -1.812315e-14 -2.347771e-14 -2.726287e-14 -2.796862e-14 -2.454049e-14 -1.687278e-14 -6.018910e-15 6.018910e-15 1.687278e-14 2.454049e-14 2.796862e-14 2.726287e-14 2.347771e-14 1.812315e-14 1.262710e-14 7.965847e-15 4.555570e-15 2.362361e-15 1.110700e-15 4.734180e-16 1.829430e-16 6.411215e-17 2.038673e-17 5.886225e-18 1.544321e-18 3.684349e-19 7.997275e-20 1.579703e-20 2.838726e-21 4.635411e-22 6.861195e-23 9.162963e-24 1.094610e-24 1.150442e-25 1.026391e-26 7.049851e-28 2.243524e-29 -3.273109e-30 -8.384708e-31 -1.210932e-31 -1.389999e-32 -1.375701e-33 -1.212994e-34 -9.687688e-36 -7.075917e-37 -4.755383e-38 -2.952535e-39 -1.698390e-40 -9.069415e-42 -4.502287e-43 -2.079802e-44 -8.945802e-46 -3.584064e-47 -1.337630e-48 -4.649963e-50 -1.505137e-51 -4.534014e-53 -1.246431e-54 -1.694906e-56 -4.158027e-59 -1.668819e-62 -1.429838e-66 -3.355719e-71 -2.604748e-76 -7.694405e-82
4.142802e-80 1.309553e-74 1.579849e-69 6.319045e-65 6.937802e-61 1.629062e-57 6.268520e-55 4.361348e-53 1.505113e-51 4.746781e-50 1.394510e-48 3.817597e-47 9.740105e-46 2.315825e-44 5.129489e-43 1.057802e-41 2.029002e-40 3.614980e-39 5.970588e-38 9.115892e-37 1.281425e-35 1.648409e-34 1.921926e-33 1.997495e-32 1.790698e-31 1.275479e-30 5.089084e-30 -3.734979e-29 -1.195385e-27 -1.796484e-26 -2.083952e-25 -2.055447e-24 -1.786192e-23 -1.390405e-22 -9.778878e-22 -6.243225e-21 -3.627352e-20 -1.920207e-19 -9.264835e-19 -4.073596e-18 -1.631323e-17 -5.945839e-17 -1.970886e-16 -5.937085e-16 -1.624450e-15 -4.035768e-15 -9.103957e-15 -1.865285e-14 -3.472865e-14 -5.878546e-14 -9.047572e-14 -1.264958e-13 -1.601882e-13 -1.825000e-13 -1.843764e-13 -1.599232e-13 -1.091121e-13 -3.877321e-14 3.877321e-14 1.091121e-13 1.599232e-13 1.843764e-13 1.825000e-13 1.601882e-13 1.264958e-13 9.047572e-14 5.878546e-14 3.472865e-14 1.865285e-14 9.103957e-15 4.035768e-15 1.624450e-15 5.937085e-16 1.970886e-16 5.945839e-17 1.631323e-17 4.073596e-18 9.264835e-19 1.920207e-19 3.627352e-20 6.243225e-21 9.778878e-22 1.390405e-22 1.786192e-23 2.055447e-24 2.083952e-25 1.796484e-26 1.195385e-27 3.734979e-29 -5.089084e-30 -1.275479e-30 -1.790698e-31 -1.997495e-32 -1.921926e-33 -1.648409e-34 -1.281425e-35 -9.115892e-37 -5.970588e-38 -3.614980e-39 -2.029002e-40 -1.057802e-41 -5.129489e-43 -2.315825e-44 -9.740105e-46 -3.817597e-47 -1.394510e-48 -4.746781e-50 -1.505113e-51 -4.361348e-53 -6.268520e-55 -1.629062e-57 -6.937802e-61 -6.319045e-65 -1.579849e-69 -1.309553e-74 -4.142802e-80
2.044325e-78 6.052077e-73 6.854709e-68 2.579494e-63 2.669327e-59 5.916872e-56 2.152413e-53 1.418634e-51 4.649883e-50 1.394510e-48 3.898752e-47 1.016313e-45 2.470011e-44 5.595068e-43 1.180567e-41 2.318197e-40 4.230482e-39 7.160792e-38 1.121129e-36 1.617044e-35 2.135652e-34 2.558010e-33 2.732725e-32 2.519143e-31 1.844664e-30 7.523728e-30 -5.878142e-29 -1.918455e-27 -2.973869e-26 -3.566563e-25 -3.642365e-24 -3.281667e-23 -2.651898e-22 -1.938742e-21 -1.288355e-20 -7.802032e-20 -4.310919e-19 -2.174150e-18 -1.000680e-17 -4.201086e-17 -1.607584e-16 -5.602503e-16 -1.776858e-15 -5.125249e-15 -1.344020e-14 -3.204102e-14 -6.946393e-14 -1.370440e-13 -2.462645e-13 -4.034286e-13 -6.027605e-13 -8.208383e-13 -1.016063e-12 -1.135691e-12 -1.129911e-12 -9.688287e-13 -6.559476e-13 -2.321977e-13 2.321977e-13 6.559476e-13 9.688287e-13 1.129911e-12 1.135691e-12 1.016063e-12 8.208383e-13 6.027605e-13 4.034286e-13 2.462645e-13 1.370440e-13 6.946393e-14 3.204102e-14 1.344020e-14 5.125249e-15 1.776858e-15 5.602503e-16 1.607584e-16 4.201086e-17 1.000680e-17 2.174150e-18 4.310919e-19 7.802032e-20 1.288355e-20 1.938742e-21 2.651898e-22 3.281667e-23 3.642365e-24 3.566563e-25 2.973869e-26 1.918455e-27 5.878142e-29 -7.523728e-30 -1.844664e-30 -2.519143e-31 -2.732725e-32 -2.558010e-33 -2.135652e-34 -1.617044e-35 -1.121129e-36 -7.160792e-38 -4.230482e-39 -2.318197e-40 -1.180567e-41 -5.595068e-43 -2.470011e-44 -1.016313e-45 -3.898752e-47 -1.394510e-48 -4.649883e-50 -1.418634e-51 -2.152413e-53 -5.916872e-56 -2.669327e-59 -2.579494e-63 -6.854709e-68 -6.052077e-73 -2.044325e-78
9.269567e-77 2.576684e-71 2.746094e-66 9.741424e-62 9.517591e-58 1.994487e-54 6.867802e-52 4.292621e-50 1.337605e-48 3.817597e-47 1.016313e-45 2.523638e-44 5.843353e-43 1.260911e-41 2.533362e-40 4.732768e-39 8.205371e-38 1.316577e-36 1.947220e-35 2.638639e-34 3.244601e-33 3.560433e-32 3.372772e-31 2.537541e-30 1.058156e-29 -8.753544e-29 -2.916253e-27 -4.659505e-26 -5.771811e-25 -6.096576e-24 -5.688125e-23 -4.765672e-22 -3.616653e-21 -2.497934e-20 -1.574222e-19 -9.063766e-19 -4.769668e-18 -2.293718e-17 -1.007487e-16 -4.038913e-16 -1.476548e-15 -4.918426e-15 -1.491731e-14 -4.117484e-14 -1.034158e-13 -2.364131e-13 -4.922581e-13 -9.346069e-13 -1.620166e-12 -2.567675e-12 -3.723122e-12 -4.937369e-12 -5.973109e-12 -6.549380e-12 -6.416430e-12 -5.438390e-12 -3.653757e-12 -1.288402e-12 1.288402e-12 3.653757e-12 5.438390e-12 6.416430e-12 6.549380e-12 5.973109e-12 4.937369e-12 3.723122e-12 2.567675e-12 1.620166e-12 9.346069e-13 4.922581e-13 2.364131e-13 1.034158e-13 4.117484e-14 1.491731e-14 4.918426e-15 1.476548e-15 4.038913e-16 1.007487e-16 2.293718e-17 4.769668e-18 9.063766e-19 1.574222e-19 2.497934e-20 3.616653e-21 4.765672e-22 5.688125e-23 6.096576e-24 5.771811e-25 4.659505e-26 2.916253e-27 8.753544e-29 -1.058156e-29 -2.537541e-30 -3.372772e-31 -3.560433e-32 -3.244601e-33 -2.638639e-34 -1.947220e-35 -1.316577e-36 -8.205371e-38 -4.732768e-39 -2.533362e-40 -1.260911e-41 -5.843353e-43 -2.523638e-44 -1.016313e-45 -3.817597e-47 -1.337605e-48 -4.292621e-50 -6.867802e-52 -1.994487e-54 -9.517591e-58 -9.741424e-62 -2.746094e-66 -2.576684e-71 -9.269567e-77
3.870502e-75 1.012504e-69 1.017362e-64 3.407910e-60 3.148278e-56 6.245116e-53 2.037710e-50 1.208919e-48 3.583991e-47 9.740105e-46 2.470011e-44 5.843353e-43 1.288880e-41 2.648264e-40 5.062102e-39 8.984408e-38 1.476538e-36 2.237997e-35 3.109672e-34 3.923110e-33 4.419157e-32 4.299071e-31 3.321442e-30 1.416360e-29 -1.234381e-28 -4.201451e-27 -6.914593e-26 -8.838746e-25 -9.646328e-24 -9.309697e-23 -8.077292e-22 -6.354992e-21 -4.555738e-20 -2.983524e-19 -1.787255e-18 -9.797572e-18 -4.914354e-17 -2.254263e-16 -9.449328e-16 -3.616331e-15 -1.262440e-14 -4.016737e-14 -1.164099e-13 -3.072079e-13 -7.383419e-13 -1.617097e-12 -3.231163e-12 -5.899310e-12 -9.859121e-12 -1.510777e-11 -2.125043e-11 -2.743353e-11 -3.242726e-11 -3.487209e-11 -3.363643e-11 -2.817799e-11 -1.878422e-11 -6.597989e-12 6.597989e-12 1.878422e-11 2.817799e-11 3.363643e-11 3.487209e-11 3.242726e-11 2.743353e-11 2.125043e-11 1.510777e-11 9.859121e-12 5.899310e-12 3.231163e-12 1.617097e-12 7.383419e-13 3.072079e-13 1.164099e-13 4.016737e-14 1.262440e-14 3.616331e-15 9.449328e-16 2.254263e-16 4.914354e-17 9.797572e-18 1.787255e-18 2.983524e-19 4.555738e-20 6.354992e-21 8.077292e-22 9.309697e-23 9.646328e-24 8.838746e-25 6.914593e-26 4.201451e-27 1.234381e-28 -1.416360e-29 -3.321442e-30 -4.299071e-31 -4.419157e-32 -3.923110e-33 -3.109672e-34 -2.237997e-35 -1.476538e-36 -8.984408e-38 -5.062102e-39 -2.648264e-40 -1.288880e-41 -5.843353e-43 -2.470011e-44 -9.740105e-46 -3.583991e-47 -1.208919e-48 -2.037710e-50 -6.245116e-53 -3.148278e-56 -3.407910e-60 -1.017362e-64 -1.012504e-69 -3.870502e-75
1.490974e-73 3.677773e-68 3.490084e-63 1.105607e-58 9.669853e-55 1.817673e-51 5.624875e-49 3.169759e-47 8.945602e-46 2.315825e-44 5.595068e-43 1.260911e-41 2.648264e-40 5.176858e-39 9.401021e-38 1.581623e-36 2.455388e-35 3.496330e-34 4.522747e-33 5.226528e-32 5.218420e-31 4.138064e-30 1.804933e-29 -1.649344e-28 -5.739913e-27 -9.724147e-26 -1.281622e-24 -1.443826e-23 -1.439889e-22 -1.292267e-21 -1.052820e-20 -7.823852e-20 -5.317368e-19 -3.309426e-18 -1.887060e-17 -9.856908e-17 -4.714002e-16 -2.062482e-15 -8.247702e-15 -3.011534e-14 -1.003111e-13 -3.045688e-13 -8.425421e-13 -2.123444e-12 -4.877864e-12 -1.022365e-11 -1.958227e-11 -3.434705e-11 -5.529215e-11 -8.186387e-11 -1.116336e-10 -1.402212e-10 -1.618766e-10 -1.706757e-10 -1.620412e-10 -1.341410e-10 -8.871569e-11 -3.103820e-11 3.103820e-11 8.871569e-11 1.341410e-10 1.620412e-10 1.706757e-10 1.618766e-10 1.402212e-10 1.116336e-10 8.186387e-11 5.529215e-11 3.434705e-11 1.958227e-11 1.022365e-11 4.877864e-12 2.123444e-12 8.425421e-13 3.045688e-13 1.003111e-13 3.011534e-14 8.247702e-15 2.062482e-15 4.714002e-16 9.856908e-17 1.887060e-17 3.309426e-18 5.317368e-19 7.823852e-20 1.052820e-20 1.292267e-21 1.439889e-22 1.443826e-23 1.281622e-24 9.724147e-26 5.739913e-27 1.649344e-28 -1.804933e-29 -4.138064e-30 -5.218420e-31 -5.226528e-32 -4.522747e-33 -3.496330e-34 -2.455388e-35 -1.581623e-36 -9.401021e-38 -5.176858e-39 -2.648264e-40 -1.260911e-41 -5.595068e-43 -2.315825e-44 -8.945602e-46 -3.169759e-47 -5.624875e-49 -1.817673e-51 -9.669853e-55 -1.105607e-58 -3.490084e-63 -3.677773e-68 -1.490974e-73
5.306823e-72 1.236476e-66 1.109837e-61 3.329162e-57 2.759676e-53 4.920007e-50 1.444962e-47 7.738432e-46 2.079751e-44 5.129489e-43 1.180567e-41 2.533362e-40 5.062102e-39 9.401021e-38 1.618275e-36 2.571815e-35 3.750845e-34 4.972165e-33 5.891248e-32 6.033617e-31 4.908367e-30 2.190481e-29 -2.089269e-28 -7.439398e-27 -1.296601e-25 -1.760576e-24 -2.045528e-23 -2.105911e-22 -1.953020e-21 -1.645818e-20 -1.266377e-19 -8.920842e-19 -5.760909e-18 -3.412111e-17 -1.853320e-16 -9.226607e-16 -4.206724e-15 -1.754790e-14 -6.689897e-14 -2.328462e-13 -7.392190e-13 -2.139137e-12 -5.640770e-12 -1.355708e-11 -2.972225e-11 -5.952953e-11 -1.091531e-10 -1.837001e-10 -2.845394e-10 -4.066485e-10 -5.371488e-10 -6.560039e-10 -7.391851e-10 -7.637301e-10 -7.134080e-10 -5.834128e-10 -3.827195e-10 -1.333549e-10 1.333549e-10 3.827195e-10 5.834128e-10 7.134080e-10 7.637301e-10 7.391851e-10 6.560039e-10 5.371488e-10 4.066485e-10 2.845394e-10 1.837001e-10 1.091531e-10 5.952953e-11 2.972225e-11 1.355708e-11 5.640770e-12 2.139137e-12 7.392190e-13 2.328462e-13 6.689897e-14 1.754790e-14 4.206724e-15 9.226607e-16 1.853320e-16 3.412111e-17 5.760909e-18 8.920842e-19 1.266377e-19 1.645818e-20 1.953020e-21 2.105911e-22 2.045528e-23 1.760576e-24 1.296601e-25 7.439398e-27 2.089269e-28 -2.190481e-29 -4.908367e-30 -6.033617e-31 -5.891248e-32 -4.972165e-33 -3.750845e-34 -2.571815e-35 -1.618275e-36 -9.401021e-38 -5.062102e-39 -2.533362e-40 -1.180567e-41 -5.129489e-43 -2.079751e-44 -7.738432e-46 -1.444962e-47 -4.920007e-50 -2.759676e-53 -3.329162e-57 -1.109837e-61 -1.236476e-66 -5.306823e-72
1.747484e-70 3.851719e-65 3.274261e-60 9.310533e-56 7.321347e-52 1.238834e-48 3.454701e-46 1.758832e-44 4.502168e-43 1.057802e-41 2.318197e-40 4.732768e-39 8.984408e-38 1.581623e-36 2.571815e-35 3.839703e-34 5.213216e-33 6.329658e-32 6.646048e-31 5.544122e-30 2.532273e-29 -2.510025e-28 -9.150738e-27 -1.639861e-25 -2.292307e-24 -2.744453e-23 -2.914187e-22 -2.790016e-21 -2.429452e-20 -1.933438e-19 -1.410065e-18 -9.436804e-18 -5.798277e-17 -3.270485e-16 -1.692507e-15 -8.029510e-15 -3.488465e-14 -1.386324e-13 -5.033498e-13 -1.667924e-12 -5.039623e-12 -1.387698e-11 -3.482053e-11 -7.966259e-11 -1.663795e-10 -3.178670e-10 -5.570003e-10 -8.980315e-10 -1.336481e-09 -1.841330e-09 -2.353345e-09 -2.791613e-09 -3.067614e-09 -3.103603e-09 -2.850675e-09 -2.301912e-09 -1.497354e-09 -5.195382e-10 5.195382e-10 1.497354e-09 2.301912e-09 2.850675e-09 3.103603e-09 3.067614e-09 2.791613e-09 2.353345e-09 1.841330e-09 1.336481e-09 8.980315e-10 5.570003e-10 3.178670e-10 1.663795e-10 7.966259e-11 3.482053e-11 1.387698e-11 5.039623e-12 1.667924e-12 5.033498e-13 1.386324e-13 3.488465e-14 8.029510e-15 1.692507e-15 3.270485e-16 5.798277e-17 9.436804e-18 1.410065e-18 1.933438e-19 2.429452e-20 2.790016e-21 2.914187e-22 2.744453e-23 2.292307e-24 1.639861e-25 9.150738e-27 2.510025e-28 -2.532273e-29 -5.544122e-30 -6.646048e-31 -6.329658e-32 -5.213216e-33 -3.839703e-34 -2.571815e-35 -1.581623e-36 -8.984408e-38 -4.732768e-39 -2.318197e-40 -1.057802e-41 -4.502168e-43 -1.758832e-44 -3.454701e-46 -1.238834e-48 -7.321347e-52 -9.310533e-56 -3.274261e-60 -3.851719e-65 -1.747484e-70
5.329095e-69 1.112632e-63 8.967575e-59 2.419452e-54 1.806076e-50 2.901957e-47 7.686299e-45 3.720327e-43 9.069155e-42 2.029002e-40 4.230482e-39 8.205371e-38 1.476538e-36 2.455388e-35 3.750845e-34 5.213216e-33 6.482871e-32 6.975002e-31 5.964111e-30 2.789007e-29 -2.860877e-28 -1.068529e-26 -1.967868e-25 -2.829933e-24 -3.488598e-23 -3.817425e-22 -3.769541e-21 -3.388431e-20 -2.786246e-19 -2.101493e-18 -1.455869e-17 -9.268751e-17 -5.422225e-16 -2.913092e-15 -1.436069e-14 -6.488825e-14 -2.684046e-13 -1.015044e-12 -3.505133e-12 -1.103993e-11 -3.168903e-11 -8.286250e-11 -1.974216e-10 -4.289629e-10 -8.515243e-10 -1.548300e-09 -2.587201e-09 -3.987920e-09 -5.691672e-09 -7.546628e-09 -9.317634e-09 -1.072067e-08 -1.147429e-08 -1.135549e-08 -1.024682e-08 -8.164684e-09 -5.263896e-09 -1.818293e-09 1.818293e-09 5.263896e-09 8.164684e-09 1.024682e-08 1.135549e-08 1.147429e-08 1.072067e-08 9.317634e-09 7.546628e-09 5.691672e-09 3.987920e-09 2.587201e-09 1.548300e-09 8.515243e-10 4.289629e-10 1.974216e-10 8.286250e-11 3.168903e-11 1.103993e-11 3.505133e-12 1.015044e-12 2.684046e-13 6.488825e-14 1.436069e-14 2.913092e-15 5.422225e-16 9.268751e-17 1.455869e-17 2.101493e-18 2.786246e-19 3.388431e-20 3.769541e-21 3.817425e-22 3.488598e-23 2.829933e-24 1.967868e-25 1.068529e-26 2.860877e-28 -2.789007e-29 -5.964111e-30 -6.975002e-31 -6.482871e-32 -5.213216e-33 -3.750845e-34 -2.455388e-35 -1.476538e-36 -8.205371e-38 -4.230482e-39 -2.029002e-40 -9.069155e-42 -3.720327e-43 -7.686299e-45 -2.901957e-47 -1.806076e-50 -2.419452e-54 -8.967575e-59 -1.112632e-63 -5.329095e-69
1.506283e-67 2.982263e-62 2.281050e-57 5.843505e-53 4.143063e-49 6.323221e-46 1.590792e-43 7.318818e-42 1.698337e-40 3.614980e-39 7.160792e-38 1.316577e-36 2.237997e-35 3.496330e-34 4.972165e-33 6.329658e-32 6.975002e-31 6.111005e-30 2.926892e-29 -3.094239e-28 -1.184736e-26 -2.241208e-25 -3.313545e-24 -4.202807e-23 -4.735555e-22 -4.818905e-21 -4.467616e-20 -3.792121e-19 -2.954980e-18 -2.116899e-17 -1.394899e-16 -8.453542e-16 -4.709204e-15 -2.409256e-14 -1.130708e-13 -4.861603e-13 -1.912308e-12 -6.871746e-12 -2.252825e-11 -6.730572e-11 -1.831094e-10 -4.535302e-10 -1.023180e-09 -2.105433e-09 -3.960821e-09 -6.834388e-09 -1.085978e-08 -1.596076e-08 -2.179063e-08 -2.773934e-08 -3.301331e-08 -3.676823e-08 -3.826005e-08 -3.697880e-08 -3.273900e-08 -2.571475e-08 -1.642026e-08 -5.644780e-09 5.644780e-09 1.642026e-08 2.571475e-08 3.273900e-08 3.697880e-08 3.826005e-08 3.676823e-08 3.301331e-08 2.773934e-08 2.179063e-08 1.596076e-08 1.085978e-08 6.834388e-09 3.960821e-09 2.105433e-09 1.023180e-09 4.535302e-10 1.831094e-10 6.730572e-11 2.252825e-11 6.871746e-12 1.912308e-12 4.861603e-13 1.130708e-13 2.409256e-14 4.709204e-15 8.453542e-16 1.394899e-16 2.116899e-17 2.954980e-18 3.792121e-19 4.467616e-20 4.818905e-21 4.735555e-22 4.202807e-23 3.313545e-24 2.241208e-25 1.184736e-26 3.094239e-28 -2.926892e-29 -6.111005e-30 -6.975002e-31 -6.329658e-32 -4.972165e-33 -3.496330e-34 -2.237997e-35 -1.316577e-36 -7.160792e-38 -3.614980e-39 -1.698337e-40 -7.318818e-42 -1.590792e-43 -6.323221e-46 -4.143063e-49 -5.843505e-53 -2.281050e-57 -2.982263e-62 -1.506283e-67
3.948513e-66 7.420272e-61 5.390097e-56 1.311796e-51 8.836546e-48 1.281120e-44 3.060650e-42 1.337742e-40 2.952435e-39 5.970588e-38 1.121129e-36 1.947220e-35 3.109672e-34 4.522747e-33 5.891248e-32 6.646048e-31 5.964111e-30 2.926892e-29 -3.176136e-28 -1.247452e-26 -2.422942e-25 -3.680598e-24 -4.799942e-23 -5.564858e-22 -5.831019e-21 -5.570862e-20 -4.876717e-19 -3.922446e-18 -2.902860e-17 -1.977722e-16 -1.240317e-15 -7.156254e-15 -3.795149e-14 -1.847771e-13 -8.247880e-13 -3.370158e-12 -1.258590e-11 -4.289115e-11 -1.331943e-10 -3.764829e-10 -9.679476e-10 -2.263581e-09 -4.818843e-09 -9.356334e-09 -1.661802e-08 -2.710838e-08 -4.080789e-08 -5.697768e-08 -7.414901e-08 -9.031606e-08 -1.032736e-07 -1.109993e-07 -1.119836e-07 -1.054438e-07 -9.140369e-08 -7.065522e-08 -4.463631e-08 -1.526229e-08 1.526229e-08 4.463631e-08 7.065522e-08 9.140369e-08 1.054438e-07 1.119836e-07 1.109993e-07 1.032736e-07 9.031606e-08 7.414901e-08 5.697768e-08 4.080789e-08 2.710838e-08 1.661802e-08 9.356334e-09 4.818843e-09 2.263581e-09 9.679476e-10 3.764829e-10 1.331943e-10 4.289115e-11 1.258590e-11 3.370158e-12 8.247880e-13 1.847771e-13 3.795149e-14 7.156254e-15 1.240317e-15 1.977722e-16 2.902860e-17 3.922446e-18 4.876717e-19 5.570862e-20 5.831019e-21 5.564858e-22 4.799942e-23 3.680598e-24 2.422942e-25 1.247452e-26 3.176136e-28 -2.926892e-29 -5.964111e-30 -6.646048e-31 -5.891248e-32 -4.522747e-33 -3.109672e-34 -1.947220e-35 -1.121129e-36 -5.970588e-38 -2.952435e-39 -1.337742e-40 -3.060650e-42 -1.281120e-44 -8.836546e-48 -1.311796e-51 -5.390097e-56 -7.420272e-61 -3.948513e-66
9.603007e-65 1.714230e-59 1.183249e-54 2.736691e-50 1.751663e-46 2.411904e-43 5.468718e-41 2.268581e-39 4.755209e-38 9.115892e-37 1.617044e-35 2.638639e-34 3.923110e-33 5.226528e-32 6.033617e-31 5.544122e-30 2.789007e-29 -3.094239e-28 -1.247452e-26 -2.486709e-25 -3.878961e-24 -5.197824e-23 -6.196133e-22 -6.680340e-21 -6.571776e-20 -5.928219e-19 -4.917335e-18 -3.755982e-17 -2.643270e-16 -1.713740e-15 -1.023032e-14 -5.617855e-14 -2.834377e-13 -1.311958e-12 -5.562251e-12 -2.156231e-11 -7.629293e-11 -2.459655e-10 -7.214481e-10 -1.922964e-09 -4.654907e-09 -1.023551e-08 -2.046918e-08 -3.732057e-08 -6.226841e-08 -9.553449e-08 -1.355345e-07 -1.788371e-07 -2.206800e-07 -2.558555e-07 -2.796626e-07 -2.886567e-07 -2.810487e-07 -2.567477e-07 -2.171386e-07 -1.647246e-07 -1.027543e-07 -3.491083e-08 3.491083e-08 1.027543e-07 1.647246e-07 2.171386e-07 2.567477e-07 2.810487e-07 2.886567e-07 2.796626e-07 2.558555e-07 2.206800e-07 1.788371e-07 1.355345e-07 9.553449e-08 6.226841e-08 3.732057e-08 2.046918e-08 1.023551e-08 4.654907e-09 1.922964e-09 7.214481e-10 2.459655e-10 7.629293e-11 2.156231e-11 5.562251e-12 1.311958e-12 2.834377e-13 5.617855e-14 1.023032e-14 1.713740e-15 2.643270e-16 3.755982e-17 4.917335e-18 5.928219e-19 6.571776e-20 6.680340e-21 6.196133e-22 5.197824e-23 3.878961e-24 2.486709e-25 1.247452e-26 3.094239e-28 -2.789007e-29 -5.544122e-30 -6.033617e-31 -5.226528e-32 -3.923110e-33 -2.638639e-34 -1.617044e-35 -9.115892e-37 -4.755209e-38 -2.268581e-39 -5.468718e-41 -2.411904e-43 -1.751663e-46 -2.736691e-50 -1.183249e-54 -1.714230e-59 -9.603007e-65
2.167275e-63 3.677065e-58 2.412661e-53 5.303697e-49 3.225071e-45 4.215213e-42 9.061721e-40 3.562151e-38 7.075635e-37 1.281425e-35 2.135652e-34 3.244601e-33 4.419157e-32 5.218420e-31 4.908367e-30 2.532273e-29 -2.860877e-28 -1.184736e-26 -2.422942e-25 -3.878961e-24 -5.337585e-23 -6.537887e-22 -7.247642e-21 -7.336079e-20 -6.813993e-19 -5.824072e-18 -4.587454e-17 -3.331800e-16 -2.231067e-15 -1.376661e-14 -7.820073e-14 -4.084302e-13 -1.958349e-12 -8.605562e-12 -3.459135e-11 -1.269391e-10 -4.244186e-10 -1.290436e-09 -3.562019e-09 -8.915315e-09 -2.022161e-08 -4.158227e-08 -7.764749e-08 -1.320717e-07 -2.055524e-07 -2.944122e-07 -3.905788e-07 -4.830851e-07 -5.604630e-07 -6.131120e-07 -6.349058e-07 -6.237237e-07 -5.810241e-07 -5.108242e-07 -4.185058e-07 -3.097843e-07 -1.900334e-07 -6.401816e-08 6.401816e-08 1.900334e-07 3.097843e-07 4.185058e-07 5.108242e-07 5.810241e-07 6.237237e-07 6.349058e-07 6.131120e-07 5.604630e-07 4.830851e-07 3.905788e-07 2.944122e-07 2.055524e-07 1.320717e-07 7.764749e-08 4.158227e-08 2.022161e-08 8.915315e-09 3.562019e-09 1.290436e-09 4.244186e-10 1.269391e-10 3.459135e-11 8.605562e-12 1.958349e-12 4.084302e-13 7.820073e-14 1.376661e-14 2.231067e-15 3.331800e-16 4.587454e-17 5.824072e-18 6.813993e-19 7.336079e-20 7.247642e-21 6.537887e-22 5.337585e-23 3.878961e-24 2.422942e-25 1.184736e-26 2.860877e-28 -2.532273e-29 -4.908367e-30 -5.218420e-31 -4.419157e-32 -3.244601e-33 -2.135652e-34 -1.281425e-35 -7.075635e-37 -3.562151e-38 -9.061721e-40 -4.215213e-42 -3.225071e-45 -5.303697e-49 -2.412661e-53 -3.677065e-58 -2.167275e-63
4.538917e-62 7.322030e-57 4.567505e-52 9.541933e-48 5.509620e-44 6.829020e-41 1.389707e-38 5.164334e-37 9.687266e-36 1.648408e-34 2.558010e-33 3.560433e-32 4.299071e-31 4.138064e-30 2.190481e-29 -2.510025e-28 -1.068529e-26 -2.241208e-25 -3.680598e-24 -5.197824e-23 -6.537887e-22 -7.447156e-21 -7.750629e-20 -7.407159e-19 -6.518714e-18 -5.290647e-17 -3.962242e-16 -2.737955e-15 -1.744692e-14 -1.024238e-13 -5.532395e-13 -2.745197e-12 -1.249092e-11 -5.201163e-11 -1.977636e-10 -6.850845e-10 -2.157244e-09 -6.161166e-09 -1.592965e-08 -3.723234e-08 -7.862203e-08 -1.500764e-07 -2.594758e-07 -4.078478e-07 -5.859043e-07 -7.743520e-07 -9.483216e-07 -1.083859e-06 -1.163693e-06 -1.180373e-06 -1.136268e-06 -1.041169e-06 -9.087622e-07 -7.531739e-07 -5.863530e-07 -4.166192e-07 -2.483288e-07 -8.242341e-08 8.242341e-08 2.483288e-07 4.166192e-07 5.863530e-07 7.531739e-07 9.087622e-07 1.041169e-06 1.136268e-06 1.180373e-06 1.163693e-06 1.083859e-06 9.483216e-07 7.743520e-07 5.859043e-07 4.078478e-07 2.594758e-07 1.500764e-07 7.862203e-08 3.723234e-08 1.592965e-08 6.161166e-09 2.157244e-09 6.850845e-10 1.977636e-10 5.201163e-11 1.249092e-11 2.745197e-12 5.532395e-13 1.024238e-13 1.744692e-14 2.737955e-15 3.962242e-16 5.290647e-17 6.518714e-18 7.407159e-19 7.750629e-20 7.447156e-21 6.537887e-22 5.197824e-23 3.680598e-24 2.241208e-25 1.068529e-26 2.510025e-28 -2.190481e-29 -4.138064e-30 -4.299071e-31 -3.560433e-32 -2.558010e-33 -1.648408e-34 -9.687266e-36 -5.164334e-37 -1.389707e-38 -6.829020e-41 -5.509620e-44 -9.541933e-48 -4.567505e-52 -7.322030e-57 -4.538917e-62
8.819164e-61 1.352926e-55 8.022888e-51 1.592105e-46 8.721567e-43 1.023593e-39 1.967022e-37 6.884798e-36 1.212936e-34 1.921926e-33 2.732725e-32 3.372772e-31 3.321442e-30 1.804933e-29 -2.089269e-28 -9.150738e-27 -1.967868e-25 -3.313545e-24 -4.799942e-23 -6.196133e-22 -7.247642e-21 -7.750629e-20 -7.616035e-19 -6.896214e-18 -5.762782e-17 -4.446813e-16 -3.168346e-15 -2.083233e-14 -1.262824e-13 -7.048170e-13 -3.616054e-12 -1.702145e-11 -7.335534e-11 -2.887464e-10 -1.035498e-09 -3.374226e-09 -9.963692e-09 -2.659238e-08 -6.399973e-08 -1.386488e-07 -2.701440e-07 -4.735921e-07 -7.486202e-07 -1.071265e-06 -1.395663e-06 -1.666684e-06 -1.837143e-06 -1.881149e-06 -1.798944e-06 -1.613263e-06 -1.360396e-06 -1.080064e-06 -8.071154e-07 -5.664641e-07 -3.712714e-07 -2.235491e-07 -1.162002e-07 -3.561946e-08 3.561946e-08 1.162002e-07 2.235491e-07 3.712714e-07 5.664641e-07 8.071154e-07 1.080064e-06 1.360396e-06 1.613263e-06 1.798944e-06 1.881149e-06 1.837143e-06 1.666684e-06 1.395663e-06 1.071265e-06 7.486202e-07 4.735921e-07 2.701440e-07 1.386488e-07 6.399973e-08 2.659238e-08 9.963692e-09 3.374226e-09 1.035498e-09 2.887464e-10 7.335534e-11 1.702145e-11 3.616054e-12 7.048170e-13 1.262824e-13 2.083233e-14 3.168346e-15 4.446813e-16 5.762782e-17 6.896214e-18 7.616035e-19 7.750629e-20 7.247642e-21 6.196133e-22 4.799942e-23 3.313545e-24 1.967868e-25 9.150738e-27 2.089269e-28 -1.804933e-29 -3.321442e-30 -3.372772e-31 -2.732725e-32 -1.921926e-33 -1.212936e-34 -6.884798e-36 -1.967022e-37 -1.023593e-39 -8.721567e-43 -1.592105e-46 -8.022888e-51 -1.352926e-55 -8.819164e-61
1.589077e-59 2.318086e-54 1.306239e-49 2.460290e-45 1.276803e-41 1.415612e-38 2.559394e-36 8.388975e-35 1.375627e-33 1.997495e-32 2.519143e-31 2.537541e-30 1.416360e-29 -1.649344e-28 -7.439398e-27 -1.639861e-25 -2.829933e-24 -4.202807e-23 -5.564858e-22 -6.680340e-21 -7.336079e-20 -7.407159e-19 -6.896214e-18 -5.929256e-17 -4.710671e-16 -3.458081e-15 -2.344300e-14 -1.466196e-13 -8.448716e-13 -4.478038e-12 -2.178865e-11 -9.710486e-11 -3.953877e-10 -1.466793e-09 -4.942766e-09 -1.508129e-08 -4.152792e-08 -1.028607e-07 -2.284732e-07 -4.539216e-07 -8.052806e-07 -1.275120e-06 -1.804283e-06 -2.287682e-06 -2.608320e-06 -2.681260e-06 -2.482383e-06 -2.050893e-06 -1.470763e-06 -8.428385e-07 -2.594585e-07 2.115086e-07 5.323887e-07 6.933540e-07 7.058609e-07 5.951234e-07 3.937220e-07 1.373635e-07 -1.373635e-07 -3.937220e-07 -5.951234e-07 -7.058609e-07 -6.933540e-07 -5.323887e-07 -2.115086e-07 2.594585e-07 8.428385e-07 1.470763e-06 2.050893e-06 2.482383e-06 2.681260e-06 2.608320e-06 2.287682e-06 1.804283e-06 1.275120e-06 8.052806e-07 4.539216e-07 2.284732e-07 1.028607e-07 4.152792e-08 1.508129e-08 4.942766e-09 1.466793e-09 3.953877e-10 9.710486e-11 2.178865e-11 4.478038e-12 8.448716e-13 1.466196e-13 2.344300e-14 3.458081e-15 4.710671e-16 5.929256e-17 6.896214e-18 7.407159e-19 7.336079e-20 6.680340e-21 5.564858e-22 4.202807e-23 2.829933e-24 1.639861e-25 7.439398e-27 1.649344e-28 -1.416360e-29 -2.537541e-30 -2.519143e-31 -1.997495e-32 -1.375627e-33 -8.388975e-35 -2.559394e-36 -1.415612e-38 -1.276803e-41 -2.460290e-45 -1.306239e-49 -2.318086e-54 -1.589077e-59
