0.000000e+00 0.000000e+00 0.000000e+00 0.000000e+00 0.000000e+00 0.000000e+00 0.000000e+00 0.000000e+00 0.000000e+00 0.000000e+00 0.000000e+00 0.000000e+00 0.000000e+00 0.000000e+00 0.000000e+00 0.000000e+00 0.000000e+00 0.000000e+00 0.000000e+00 0.000000e+00 0.000000e+00 0.000000e+00 0.000000e+00 0.000000e+00 0.000000e+00 0.000000e+00 0.000000e+00 0.000000e+00 0.000000e+00 0.000000e+00 0.000000e+00 0.000000e+00 0.000000e+00 0.000000e+00 0.000000e+00 0.000000e+00 0.000000e+00 0.000000e+00 0.000000e+00 0.000000e+00 0.000000e+00 0.000000e+00 0.000000e+00 0.000000e+00 0.000000e+00 0.000000e+00 0.000000e+00 0.000000e+00 0.000000e+00 0.000000e+00 0.000000e+00 0.000000e+00 0.000000e+00 0.000000e+00 0.000000e+00 0.000000e+00 0.000000e+00 0.000000e+00 0.000000e+00 0.000000e+00 0.000000e+00 0.000000e+00 0.000000e+00 0.000000e+00 0.000000e+00 0.000000e+00 0.000000e+00 0.000000e+00 0.000000e+00 0.000000e+00 0.000000e+00 0.000000e+00 0.000000e+00 0.000000e+00 0.000000e+00 0.000000e+00 0.000000e+00 0.000000e+00 0.000000e+00 0.000000e+00 0.000000e+00 0.000000e+00 0.000000e+00 0.000000e+00 0.000000e+00 0.000000e+00 0.000000e+00 0.000000e+00 0.000000e+00 0.000000e+00 0.000000e+00 0.000000e+00 0.000000e+00 0.000000e+00 0.000000e+00 0.000000e+00 0.000000e+00 0.000000e+00 0.000000e+00 0.000000e+00 0.000000e+00 0.000000e+00 0.000000e+00 0.000000e+00 0.000000e+00 0.000000e+00 0.000000e+00 0.000000e+00 0.000000e+00 0.000000e+00 0.000000e+00 0.000000e+00 0.000000e+00 0.000000e+00 0.000000e+00 0.000000e+00
5.451682e-92 1.134672e-86 9.158173e-82 2.486233e-77 1.877019e-73 3.067124e-70 8.311341e-68 4.140745e-66 1.044951e-64 2.437497e-63 5.343904e-62 1.100844e-60 2.129817e-59 3.867343e-58 6.584578e-57 1.049868e-55 1.564901e-54 2.175562e-53 2.811792e-52 3.362848e-51 3.695831e-50 3.690694e-49 3.282226e-48 2.492563e-47 1.437950e-46 3.024817e-46 -7.138083e-45 -1.452660e-43 -1.838226e-42 -1.886127e-41 -1.681472e-40 -1.339426e-39 -9.665898e-39 -6.366685e-38 -3.844017e-37 -2.132628e-36 -1.088609e-35 -5.115787e-35 -2.213525e-34 -8.816527e-34 -3.231262e-33 -1.089122e-32 -3.374083e-32 -9.601852e-32 -2.508625e-31 -6.014284e-31 -1.322532e-30 -2.666291e-30 -4.925470e-30 -8.330260e-30 -1.287989e-29 -1.815932e-29 -2.324053e-29 -2.677734e-29 -2.734174e-29 -2.392813e-29 -1.643055e-29 -5.858164e-30 5.858164e-30 1.643055e-29 2.392813e-29 2.734174e-29 2.677734e-29 2.324053e-29 1.815932e-29 1.287989e-29 8.330260e-30 4.925470e-30 2.666291e-30 1.322532e-30 6.014284e-31 2.508625e-31 9.601852e-32 3.374083e-32 1.089122e-32 3.231262e-33 8.816527e-34 2.213525e-34 5.115787e-35 1.088609e-35 2.132628e-36 3.844017e-37 6.366685e-38 9.665898e-39 1.339426e-39 1.681472e-40 1.886127e-41 1.838226e-42 1.452660e-43 7.138083e-45 -3.024817e-46 -1.437950e-46 -2.492563e-47 -3.282226e-48 -3.690694e-49 -3.695831e-50 -3.362848e-51 -2.811792e-52 -2.175562e-53 -1.564901e-54 -1.049868e-55 -6.584578e-57 -3.867343e-58 -2.129817e-59 -1.100844e-60 -5.343904e-62 -2.437497e-63 -1.044951e-64 -4.140745e-66 -8.311341e-68 -3.067124e-70 -1.877019e-73 -2.486233e-77 -9.158173e-82 -1.134672e-86 -5.451682e-92
7.430543e-87 1.469466e-81 1.127904e-76 2.913995e-72 2.094815e-68 3.260836e-65 8.421465e-63 4.003760e-61 9.661600e-60 2.156065e-58 4.522174e-57 8.910737e-56 1.648401e-54 2.860096e-53 4.648397e-52 7.064276e-51 1.001456e-49 1.319899e-48 1.609511e-47 1.802605e-46 1.832113e-45 1.653460e-44 1.264488e-43 7.141881e-43 9.425329e-43 -4.854043e-41 -9.283874e-40 -1.178281e-38 -1.229772e-37 -1.121673e-36 -9.171493e-36 -6.809114e-35 -4.622400e-34 -2.880858e-33 -1.652181e-32 -8.730096e-32 -4.252565e-31 -1.909855e-30 -7.906438e-30 -3.015931e-29 -1.059502e-28 -3.425963e-28 -1.019134e-27 -2.787659e-27 -7.008743e-27 -1.619232e-26 -3.436831e-26 -6.700528e-26 -1.199609e-25 -1.971050e-25 -2.968666e-25 -4.088972e-25 -5.128110e-25 -5.808540e-25 -5.849932e-25 -5.066728e-25 -3.455064e-25 -1.227594e-25 1.227594e-25 3.455064e-25 5.066728e-25 5.849932e-25 5.808540e-25 5.128110e-25 4.088972e-25 2.968666e-25 1.971050e-25 1.199609e-25 6.700528e-26 3.436831e-26 1.619232e-26 7.008743e-27 2.787659e-27 1.019134e-27 3.425963e-28 1.059502e-28 3.015931e-29 7.906438e-30 1.909855e-30 4.252565e-31 8.730096e-32 1.652181e-32 2.880858e-33 4.622400e-34 6.809114e-35 9.171493e-36 1.121673e-36 1.229772e-37 1.178281e-38 9.283874e-40 4.854043e-41 -9.425329e-43 -7.141881e-43 -1.264488e-43 -1.653460e-44 -1.832113e-45 -1.802605e-46 -1.609511e-47 -1.319899e-48 -1.001456e-49 -7.064276e-51 -4.648397e-52 -2.860096e-53 -1.648401e-54 -8.910737e-56 -4.522174e-57 -2.156065e-58 -9.661600e-60 -4.003760e-61 -8.421465e-63 -3.260836e-65 -2.094815e-68 -2.913995e-72 -1.127904e-76 -1.469466e-81 -7.430543e-87
3.675084e-82 6.911626e-77 5.048691e-72 1.242024e-67 8.505598e-64 1.261633e-60 3.105770e-58 1.409063e-56 3.251214e-55 6.939369e-54 1.391820e-52 2.621475e-51 4.632193e-50 7.668855e-49 1.187393e-47 1.715155e-46 2.303283e-45 2.861073e-44 3.261966e-43 3.369993e-42 3.080929e-41 2.365139e-40 1.293743e-39 3.289867e-40 -1.196818e-37 -2.182923e-36 -2.781346e-35 -2.950950e-34 -2.750809e-33 -2.305810e-32 -1.758674e-31 -1.228574e-30 -7.890813e-30 -4.669787e-29 -2.549425e-28 -1.284658e-27 -5.975488e-27 -2.565143e-26 -1.015857e-25 -3.709530e-25 -1.248354e-24 -3.869587e-24 -1.104352e-23 -2.900841e-23 -7.011852e-23 -1.559608e-22 -3.192298e-22 -6.013727e-22 -1.042656e-21 -1.663269e-21 -2.438897e-21 -3.280260e-21 -4.029785e-21 -4.485875e-21 -4.455062e-21 -3.818127e-21 -2.585326e-21 -9.153340e-22 9.153340e-22 2.585326e-21 3.818127e-21 4.455062e-21 4.485875e-21 4.029785e-21 3.280260e-21 2.438897e-21 1.663269e-21 1.042656e-21 6.013727e-22 3.192298e-22 1.559608e-22 7.011852e-23 2.900841e-23 1.104352e-23 3.869587e-24 1.248354e-24 3.709530e-25 1.015857e-25 2.565143e-26 5.975488e-27 1.284658e-27 2.549425e-28 4.669787e-29 7.890813e-30 1.228574e-30 1.758674e-31 2.305810e-32 2.750809e-33 2.950950e-34 2.781346e-35 2.182923e-36 1.196818e-37 -3.289867e-40 -1.293743e-39 -2.365139e-40 -3.080929e-41 -3.369993e-42 -3.261966e-43 -2.861073e-44 -2.303283e-45 -1.715155e-46 -1.187393e-47 -7.668855e-49 -4.632193e-50 -2.621475e-51 -1.391820e-52 -6.939369e-54 -3.251214e-55 -1.409063e-56 -3.105770e-58 -1.261633e-60 -8.505598e-64 -1.242024e-67 -5.048691e-72 -6.911626e-77 -3.675084e-82
5.597328e-78 1.001792e-72 6.968029e-68 1.632980e-63 1.065602e-59 1.506331e-56 3.534394e-54 1.529958e-52 3.374475e-51 6.885435e-50 1.319614e-48 2.373216e-47 3.999567e-46 6.304758e-45 9.272389e-44 1.267684e-42 1.602586e-41 1.858030e-40 1.948607e-39 1.801199e-38 1.382896e-37 7.220176e-37 -8.875379e-37 -9.120623e-35 -1.603360e-33 -2.052360e-32 -2.212162e-31 -2.105345e-30 -1.806936e-29 -1.413928e-28 -1.014953e-27 -6.707335e-27 -4.089171e-26 -2.302421e-25 -1.197873e-24 -5.758926e-24 -2.557894e-23 -1.049200e-22 -3.972354e-22 -1.387442e-21 -4.468204e-21 -1.326208e-20 -3.626744e-20 -9.136681e-20 -2.120551e-19 -4.535238e-19 -8.941420e-19 -1.625746e-18 -2.726949e-18 -4.219599e-18 -6.019059e-18 -7.899761e-18 -9.501093e-18 -1.038950e-17 -1.017108e-17 -8.623179e-18 -5.796853e-18 -2.044955e-18 2.044955e-18 5.796853e-18 8.623179e-18 1.017108e-17 1.038950e-17 9.501093e-18 7.899761e-18 6.019059e-18 4.219599e-18 2.726949e-18 1.625746e-18 8.941420e-19 4.535238e-19 2.120551e-19 9.136681e-20 3.626744e-20 1.326208e-20 4.468204e-21 1.387442e-21 3.972354e-22 1.049200e-22 2.557894e-23 5.758926e-24 1.197873e-24 2.302421e-25 4.089171e-26 6.707335e-27 1.014953e-27 1.413928e-28 1.806936e-29 2.105345e-30 2.212162e-31 2.052360e-32 1.603360e-33 9.120623e-35 8.875379e-37 -7.220176e-37 -1.382896e-37 -1.801199e-38 -1.948607e-39 -1.858030e-40 -1.602586e-41 -1.267684e-42 -9.272389e-44 -6.304758e-45 -3.999567e-46 -2.373216e-47 -1.319614e-48 -6.885435e-50 -3.374475e-51 -1.529958e-52 -3.534394e-54 -1.506331e-56 -1.065602e-59 -1.632980e-63 -6.968029e-68 -1.001792e-72 -5.597328e-78
2.107377e-74 3.591458e-69 2.379709e-64 5.314182e-60 3.304783e-56 4.451873e-53 9.953840e-51 4.109458e-49 8.659475e-48 1.687811e-46 3.087442e-45 5.293296e-44 8.489362e-43 1.270258e-41 1.766591e-40 2.270814e-39 2.674440e-38 2.843410e-37 2.652058e-36 2.027768e-35 9.902597e-35 -3.333640e-34 -1.729909e-32 -2.954904e-31 -3.802138e-30 -4.160923e-29 -4.039086e-28 -3.545348e-27 -2.842573e-26 -2.093788e-25 -1.421599e-24 -8.914242e-24 -5.167777e-23 -2.770926e-22 -1.374236e-21 -6.302396e-21 -2.671600e-20 -1.046229e-19 -3.782882e-19 -1.262181e-18 -3.884383e-18 -1.102257e-17 -2.883671e-17 -6.955843e-17 -1.547527e-16 -3.177252e-16 -6.024232e-16 -1.055656e-15 -1.710787e-15 -2.564734e-15 -3.555215e-15 -4.549059e-15 -5.352130e-15 -5.745421e-15 -5.541604e-15 -4.645915e-15 -3.099875e-15 -1.089450e-15 1.089450e-15 3.099875e-15 4.645915e-15 5.541604e-15 5.745421e-15 5.352130e-15 4.549059e-15 3.555215e-15 2.564734e-15 1.710787e-15 1.055656e-15 6.024232e-16 3.177252e-16 1.547527e-16 6.955843e-17 2.883671e-17 1.102257e-17 3.884383e-18 1.262181e-18 3.782882e-19 1.046229e-19 2.671600e-20 6.302396e-21 1.374236e-21 2.770926e-22 5.167777e-23 8.914242e-24 1.421599e-24 2.093788e-25 2.842573e-26 3.545348e-27 4.039086e-28 4.160923e-29 3.802138e-30 2.954904e-31 1.729909e-32 3.333640e-34 -9.902597e-35 -2.027768e-35 -2.652058e-36 -2.843410e-37 -2.674440e-38 -2.270814e-39 -1.766591e-40 -1.270258e-41 -8.489362e-43 -5.293296e-44 -3.087442e-45 -1.687811e-46 -8.659475e-48 -4.109458e-49 -9.953840e-51 -4.451873e-53 -3.304783e-56 -5.314182e-60 -2.379709e-64 -3.591458e-69 -2.107377e-74
1.491041e-71 2.420807e-66 1.528551e-61 3.253216e-57 1.928038e-53 2.474623e-50 5.270281e-48 2.073932e-46 4.171986e-45 7.758818e-44 1.352506e-42 2.205620e-41 3.355612e-40 4.744017e-39 6.195787e-38 7.405885e-37 7.972794e-36 7.489600e-35 5.678264e-34 2.523784e-33 -1.651194e-32 -6.219295e-31 -1.039634e-29 -1.345897e-28 -1.495007e-27 -1.479167e-26 -1.326643e-25 -1.088733e-24 -8.219478e-24 -5.726452e-23 -3.688328e-22 -2.198314e-21 -1.212918e-20 -6.195112e-20 -2.928321e-19 -1.280374e-18 -5.175522e-18 -1.932867e-17 -6.665318e-17 -2.121224e-16 -6.227828e-16 -1.686537e-15 -4.213062e-15 -9.711790e-15 -2.067205e-14 -4.066743e-14 -7.402266e-14 -1.248056e-13 -1.951139e-13 -2.829973e-13 -3.807443e-13 -4.744473e-13 -5.455494e-13 -5.744679e-13 -5.455695e-13 -4.520830e-13 -2.992978e-13 -1.047780e-13 1.047780e-13 2.992978e-13 4.520830e-13 5.455695e-13 5.744679e-13 5.455494e-13 4.744473e-13 3.807443e-13 2.829973e-13 1.951139e-13 1.248056e-13 7.402266e-14 4.066743e-14 2.067205e-14 9.711790e-15 4.213062e-15 1.686537e-15 6.227828e-16 2.121224e-16 6.665318e-17 1.932867e-17 5.175522e-18 1.280374e-18 2.928321e-19 6.195112e-20 1.212918e-20 2.198314e-21 3.688328e-22 5.726452e-23 8.219478e-24 1.088733e-24 1.326643e-25 1.479167e-26 1.495007e-27 1.345897e-28 1.039634e-29 6.219295e-31 1.651194e-32 -2.523784e-33 -5.678264e-34 -7.489600e-35 -7.972794e-36 -7.405885e-37 -6.195787e-38 -4.744017e-39 -3.355612e-40 -2.205620e-41 -1.352506e-42 -7.758818e-44 -4.171986e-45 -2.073932e-46 -5.270281e-48 -2.474623e-50 -1.928038e-53 -3.253216e-57 -1.528551e-61 -2.420807e-66 -1.491041e-71
1.671559e-69 2.587416e-64 1.557851e-59 3.161463e-55 1.786165e-51 2.184517e-48 4.430983e-46 1.661376e-44 3.188562e-43 5.652206e-42 9.373649e-41 1.450257e-39 2.084692e-38 2.767066e-37 3.358135e-36 3.662658e-35 3.467975e-34 2.608507e-33 1.038148e-32 -1.118877e-31 -3.567225e-30 -5.901522e-29 -7.714234e-28 -8.711636e-27 -8.792735e-26 -8.061610e-25 -6.773363e-24 -5.241603e-23 -3.747049e-22 -2.478671e-21 -1.518577e-20 -8.619590e-20 -4.532572e-19 -2.207344e-18 -9.950411e-18 -4.149416e-17 -1.599613e-16 -5.696865e-16 -1.873239e-15 -5.684462e-15 -1.591527e-14 -4.111230e-14 -9.801728e-14 -2.158222e-13 -4.393279e-13 -8.278367e-13 -1.446140e-12 -2.345567e-12 -3.537043e-12 -4.963310e-12 -6.481332e-12 -7.865897e-12 -8.840455e-12 -9.132387e-12 -8.540397e-12 -6.995368e-12 -4.595480e-12 -1.602554e-12 1.602554e-12 4.595480e-12 6.995368e-12 8.540397e-12 9.132387e-12 8.840455e-12 7.865897e-12 6.481332e-12 4.963310e-12 3.537043e-12 2.345567e-12 1.446140e-12 8.278367e-13 4.393279e-13 2.158222e-13 9.801728e-14 4.111230e-14 1.591527e-14 5.684462e-15 1.873239e-15 5.696865e-16 1.599613e-16 4.149416e-17 9.950411e-18 2.207344e-18 4.532572e-19 8.619590e-20 1.518577e-20 2.478671e-21 3.747049e-22 5.241603e-23 6.773363e-24 8.061610e-25 8.792735e-26 8.711636e-27 7.714234e-28 5.901522e-29 3.567225e-30 1.118877e-31 -1.038148e-32 -2.608507e-33 -3.467975e-34 -3.662658e-35 -3.358135e-36 -2.767066e-37 -2.084692e-38 -1.450257e-39 -9.373649e-41 -5.652206e-42 -3.188562e-43 -1.661376e-44 -4.430983e-46 -2.184517e-48 -1.786165e-51 -3.161463e-55 -1.557851e-59 -2.587416e-64 -1.671559e-69
5.277094e-68 7.803328e-63 4.488591e-58 8.701425e-54 4.694558e-50 5.479569e-47 1.059998e-44 3.791157e-43 6.947736e-42 1.174362e-40 1.852240e-39 2.714812e-38 3.674565e-37 4.547025e-36 5.053876e-35 4.867777e-34 3.701085e-33 1.418603e-32 -1.866681e-31 -5.762501e-30 -9.661120e-29 -1.289004e-27 -1.490003e-26 -1.541893e-25 -1.451178e-24 -1.252890e-23 -9.972026e-23 -7.338362e-22 -5.001366e-21 -3.159584e-20 -1.850813e-19 -1.005213e-18 -5.060215e-18 -2.359737e-17 -1.018724e-16 -4.068491e-16 -1.502029e-15 -5.122691e-15 -1.613067e-14 -4.687931e-14 -1.257292e-13 -3.112484e-13 -7.116122e-13 -1.504056e-12 -2.942726e-12 -5.338440e-12 -8.996027e-12 -1.410763e-11 -2.062153e-11 -2.812720e-11 -3.580661e-11 -4.249232e-11 -4.684398e-11 -4.761641e-11 -4.395763e-11 -3.565740e-11 -2.327323e-11 -8.089677e-12 8.089677e-12 2.327323e-11 3.565740e-11 4.395763e-11 4.761641e-11 4.684398e-11 4.249232e-11 3.580661e-11 2.812720e-11 2.062153e-11 1.410763e-11 8.996027e-12 5.338440e-12 2.942726e-12 1.504056e-12 7.116122e-13 3.112484e-13 1.257292e-13 4.687931e-14 1.613067e-14 5.122691e-15 1.502029e-15 4.068491e-16 1.018724e-16 2.359737e-17 5.060215e-18 1.005213e-18 1.850813e-19 3.159584e-20 5.001366e-21 7.338362e-22 9.972026e-23 1.252890e-23 1.451178e-24 1.541893e-25 1.490003e-26 1.289004e-27 9.661120e-29 5.762501e-30 1.866681e-31 -1.418603e-32 -3.701085e-33 -4.867777e-34 -5.053876e-35 -4.547025e-36 -3.674565e-37 -2.714812e-38 -1.852240e-39 -1.174362e-40 -6.947736e-42 -3.791157e-43 -1.059998e-44 -5.479569e-47 -4.694558e-50 -8.701425e-54 -4.488591e-58 -7.803328e-63 -5.277094e-68
1.310536e-66 1.853756e-61 1.019954e-56 1.890805e-52 9.750252e-49 1.086886e-45 2.005991e-43 6.844093e-42 1.197207e-40 1.927465e-39 2.884727e-38 3.988616e-37 5.043929e-36 5.731310e-35 5.645048e-34 4.388473e-33 1.712473e-32 -2.346692e-31 -7.391446e-30 -1.269988e-28 -1.738599e-27 -2.063797e-26 -2.194798e-25 -2.124414e-24 -1.887683e-23 -1.547467e-22 -1.173789e-21 -8.252197e-21 -5.382005e-20 -3.257293e-19 -1.829284e-18 -9.529436e-18 -4.602327e-17 -2.059274e-16 -8.529906e-16 -3.268316e-15 -1.157507e-14 -3.786649e-14 -1.143671e-13 -3.188215e-13 -8.203776e-13 -1.949313e-12 -4.280693e-12 -8.698872e-12 -1.638523e-11 -2.866433e-11 -4.667262e-11 -7.088104e-11 -1.005873e-10 -1.335536e-10 -1.659651e-10 -1.928181e-10 -2.087189e-10 -2.089491e-10 -1.905504e-10 -1.531581e-10 -9.935473e-11 -3.442972e-11 3.442972e-11 9.935473e-11 1.531581e-10 1.905504e-10 2.089491e-10 2.087189e-10 1.928181e-10 1.659651e-10 1.335536e-10 1.005873e-10 7.088104e-11 4.667262e-11 2.866433e-11 1.638523e-11 8.698872e-12 4.280693e-12 1.949313e-12 8.203776e-13 3.188215e-13 1.143671e-13 3.786649e-14 1.157507e-14 3.268316e-15 8.529906e-16 2.059274e-16 4.602327e-17 9.529436e-18 1.829284e-18 3.257293e-19 5.382005e-20 8.252197e-21 1.173789e-21 1.547467e-22 1.887683e-23 2.124414e-24 2.194798e-25 2.063797e-26 1.738599e-27 1.269988e-28 7.391446e-30 2.346692e-31 -1.712473e-32 -4.388473e-33 -5.645048e-34 -5.731310e-35 -5.043929e-36 -3.988616e-37 -2.884727e-38 -1.927465e-39 -1.197207e-40 -6.844093e-42 -2.005991e-43 -1.086886e-45 -9.750252e-49 -1.890805e-52 -1.019954e-56 -1.853756e-61 -1.310536e-66
3.061526e-65 4.143308e-60 2.180637e-55 3.865039e-51 1.904101e-47 2.025462e-44 3.562063e-42 1.157215e-40 1.927364e-39 2.944503e-38 4.157287e-37 5.370429e-36 6.236073e-35 6.278811e-34 4.989760e-33 1.984301e-32 -2.818138e-31 -9.063443e-30 -1.595423e-28 -2.239889e-27 -2.728795e-26 -2.980415e-25 -2.964812e-24 -2.709341e-23 -2.285802e-22 -1.785677e-21 -1.293890e-20 -8.703836e-20 -5.437390e-19 -3.154359e-18 -1.698717e-17 -8.487428e-17 -3.931576e-16 -1.687101e-15 -6.700821e-15 -2.461277e-14 -8.354144e-14 -2.618636e-13 -7.576946e-13 -2.023480e-12 -4.988704e-12 -1.136179e-11 -2.393140e-11 -4.669267e-11 -8.456084e-11 -1.424768e-10 -2.238967e-10 -3.289433e-10 -4.527542e-10 -5.846598e-10 -7.086808e-10 -8.055005e-10 -8.556382e-10 -8.431875e-10 -7.592884e-10 -6.045275e-10 -3.896860e-10 -1.346121e-10 1.346121e-10 3.896860e-10 6.045275e-10 7.592884e-10 8.431875e-10 8.556382e-10 8.055005e-10 7.086808e-10 5.846598e-10 4.527542e-10 3.289433e-10 2.238967e-10 1.424768e-10 8.456084e-11 4.669267e-11 2.393140e-11 1.136179e-11 4.988704e-12 2.023480e-12 7.576946e-13 2.618636e-13 8.354144e-14 2.461277e-14 6.700821e-15 1.687101e-15 3.931576e-16 8.487428e-17 1.698717e-17 3.154359e-18 5.437390e-19 8.703836e-20 1.293890e-20 1.785677e-21 2.285802e-22 2.709341e-23 2.964812e-24 2.980415e-25 2.728795e-26 2.239889e-27 1.595423e-28 9.063443e-30 2.818138e-31 -1.984301e-32 -4.989760e-33 -6.278811e-34 -6.236073e-35 -5.370429e-36 -4.157287e-37 -2.944503e-38 -1.927364e-39 -1.157215e-40 -3.562063e-42 -2.025462e-44 -1.904101e-47 -3.865039e-51 -2.180637e-55 -4.143308e-60 -3.061526e-65
6.722467e-64 8.704725e-59 4.381488e-54 7.421763e-50 3.490388e-46 3.538636e-43 5.918682e-41 1.825925e-39 2.884564e-38 4.157286e-37 5.483868e-36 6.504784e-35 6.692503e-34 5.435407e-33 2.204311e-32 -3.232216e-31 -1.061887e-29 -1.914310e-28 -2.754804e-27 -3.442388e-26 -3.858969e-25 -3.942556e-24 -3.702672e-23 -3.212565e-22 -2.582704e-21 -1.927217e-20 -1.336024e-19 -8.607477e-19 -5.153371e-18 -2.866205e-17 -1.480039e-16 -7.090361e-16 -3.148636e-15 -1.294904e-14 -4.927308e-14 -1.733220e-13 -5.631580e-13 -1.689191e-12 -4.675751e-12 -1.194404e-11 -2.816876e-11 -6.139107e-11 -1.238222e-10 -2.315831e-10 -4.026053e-10 -6.523719e-10 -9.880478e-10 -1.402474e-09 -1.870018e-09 -2.346060e-09 -2.771024e-09 -3.078590e-09 -3.206608e-09 -3.108455e-09 -2.762503e-09 -2.177759e-09 -1.394557e-09 -4.801404e-10 4.801404e-10 1.394557e-09 2.177759e-09 2.762503e-09 3.108455e-09 3.206608e-09 3.078590e-09 2.771024e-09 2.346060e-09 1.870018e-09 1.402474e-09 9.880478e-10 6.523719e-10 4.026053e-10 2.315831e-10 1.238222e-10 6.139107e-11 2.816876e-11 1.194404e-11 4.675751e-12 1.689191e-12 5.631580e-13 1.733220e-13 4.927308e-14 1.294904e-14 3.148636e-15 7.090361e-16 1.480039e-16 2.866205e-17 5.153371e-18 8.607477e-19 1.336024e-19 1.927217e-20 2.582704e-21 3.212565e-22 3.702672e-23 3.942556e-24 3.858969e-25 3.442388e-26 2.754804e-27 1.914310e-28 1.061887e-29 3.232216e-31 -2.204311e-32 -5.435407e-33 -6.692503e-34 -6.504784e-35 -5.483868e-36 -4.157286e-37 -2.884564e-38 -1.825925e-39 -5.918682e-41 -3.538636e-43 -3.490388e-46 -7.421763e-50 -4.381488e-54 -8.704725e-59 -6.722467e-64
1.387071e-62 1.718209e-57 8.267972e-53 1.337470e-48 5.997539e-45 5.784654e-42 9.176570e-40 2.677445e-38 3.988371e-37 5.370428e-36 6.504784e-35 6.836328e-34 5.672833e-33 2.347764e-32 -3.541206e-31 -1.188936e-29 -2.194281e-28 -3.235094e-27 -4.144208e-26 -4.765414e-25 -4.997115e-24 -4.819906e-23 -4.297671e-22 -3.553011e-21 -2.728236e-20 -1.947548e-19 -1.292915e-18 -7.981849e-18 -4.580723e-17 -2.442337e-16 -1.208888e-15 -5.549934e-15 -2.360951e-14 -9.297019e-14 -3.385512e-13 -1.139010e-12 -3.537651e-12 -1.013786e-11 -2.679900e-11 -6.535934e-11 -1.471655e-10 -3.063036e-10 -5.903926e-10 -1.056353e-09 -1.759499e-09 -2.736746e-09 -3.987718e-09 -5.459535e-09 -7.040947e-09 -8.569173e-09 -9.849296e-09 -1.068265e-08 -1.089855e-08 -1.038303e-08 -9.099594e-09 -7.098541e-09 -4.513865e-09 -1.548656e-09 1.548656e-09 4.513865e-09 7.098541e-09 9.099594e-09 1.038303e-08 1.089855e-08 1.068265e-08 9.849296e-09 8.569173e-09 7.040947e-09 5.459535e-09 3.987718e-09 2.736746e-09 1.759499e-09 1.056353e-09 5.903926e-10 3.063036e-10 1.471655e-10 6.535934e-11 2.679900e-11 1.013786e-11 3.537651e-12 1.139010e-12 3.385512e-13 9.297019e-14 2.360951e-14 5.549934e-15 1.208888e-15 2.442337e-16 4.580723e-17 7.981849e-18 1.292915e-18 1.947548e-19 2.728236e-20 3.553011e-21 4.297671e-22 4.819906e-23 4.997115e-24 4.765414e-25 4.144208e-26 3.235094e-27 2.194281e-28 1.188936e-29 3.541206e-31 -2.347764e-32 -5.672833e-33 -6.836328e-34 -6.504784e-35 -5.370428e-36 -3.988371e-37 -2.677445e-38 -9.176570e-40 -5.784654e-42 -5.997539e-45 -1.337470e-48 -8.267972e-53 -1.718209e-57 -1.387071e-62
2.688123e-61 3.184324e-56 1.463866e-51 2.258949e-47 9.642148e-44 8.824212e-41 1.322260e-38 3.625879e-37 5.043588e-36 6.236071e-35 6.692503e-34 5.672833e-33 2.397611e-32 -3.706502e-31 -1.272290e-29 -2.403134e-28 -3.628182e-27 -4.762147e-26 -5.613906e-25 -6.038603e-24 -5.978114e-23 -5.474319e-22 -4.650869e-21 -3.672276e-20 -2.697352e-19 -1.843737e-18 -1.172728e-17 -6.938664e-17 -3.816574e-16 -1.950062e-15 -9.246892e-15 -4.065063e-14 -1.654962e-13 -6.232714e-13 -2.169061e-12 -6.968750e-12 -2.065331e-11 -5.643645e-11 -1.421715e-10 -3.302982e-10 -7.083533e-10 -1.404535e-09 -2.580644e-09 -4.406245e-09 -7.014309e-09 -1.044759e-08 -1.461176e-08 -1.925199e-08 -2.396326e-08 -2.823496e-08 -3.152056e-08 -3.331745e-08 -3.324111e-08 -3.108105e-08 -2.683137e-08 -2.069432e-08 -1.305948e-08 -4.463507e-09 4.463507e-09 1.305948e-08 2.069432e-08 2.683137e-08 3.108105e-08 3.324111e-08 3.331745e-08 3.152056e-08 2.823496e-08 2.396326e-08 1.925199e-08 1.461176e-08 1.044759e-08 7.014309e-09 4.406245e-09 2.580644e-09 1.404535e-09 7.083533e-10 3.302982e-10 1.421715e-10 5.643645e-11 2.065331e-11 6.968750e-12 2.169061e-12 6.232714e-13 1.654962e-13 4.065063e-14 9.246892e-15 1.950062e-15 3.816574e-16 6.938664e-17 1.172728e-17 1.843737e-18 2.697352e-19 3.672276e-20 4.650869e-21 5.474319e-22 5.978114e-23 6.038603e-24 5.613906e-25 4.762147e-26 3.628182e-27 2.403134e-28 1.272290e-29 3.706502e-31 -2.397611e-32 -5.672833e-33 -6.692503e-34 -6.236071e-35 -5.043588e-36 -3.625879e-37 -1.322260e-38 -8.824212e-41 -9.642148e-44 -2.258949e-47 -1.463866e-51 -3.184324e-56 -2.688123e-61
4.889779e-60 5.535687e-55 2.428643e-50 3.569312e-46 1.446596e-42 1.251287e-39 1.760001e-37 4.489656e-36 5.730874e-35 6.278808e-34 5.435407e-33 2.347764e-32 -3.706502e-31 -1.301343e-29 -2.514842e-28 -3.886418e-27 -5.224058e-26 -6.310185e-25 -6.958575e-24 -7.066397e-23 -6.641468e-22 -5.794624e-21 -4.701610e-20 -3.550890e-19 -2.497227e-18 -1.635267e-17 -9.967164e-17 -5.651200e-16 -2.978134e-15 -1.457345e-14 -6.614901e-14 -2.781756e-13 -1.082488e-12 -3.893242e-12 -1.292674e-11 -3.958410e-11 -1.117044e-10 -2.903661e-10 -6.952650e-10 -1.534380e-09 -3.124879e-09 -5.884487e-09 -1.027381e-08 -1.668586e-08 -2.530487e-08 -3.597767e-08 -4.814437e-08 -6.085744e-08 -7.288939e-08 -8.290274e-08 -8.964091e-08 -9.209957e-08 -8.964923e-08 -8.209689e-08 -6.968919e-08 -5.306963e-08 -3.320569e-08 -1.130060e-08 1.130060e-08 3.320569e-08 5.306963e-08 6.968919e-08 8.209689e-08 8.964923e-08 9.209957e-08 8.964091e-08 8.290274e-08 7.288939e-08 6.085744e-08 4.814437e-08 3.597767e-08 2.530487e-08 1.668586e-08 1.027381e-08 5.884487e-09 3.124879e-09 1.534380e-09 6.952650e-10 2.903661e-10 1.117044e-10 3.958410e-11 1.292674e-11 3.893242e-12 1.082488e-12 2.781756e-13 6.614901e-14 1.457345e-14 2.978134e-15 5.651200e-16 9.967164e-17 1.635267e-17 2.497227e-18 3.550890e-19 4.701610e-20 5.794624e-21 6.641468e-22 7.066397e-23 6.958575e-24 6.310185e-25 5.224058e-26 3.886418e-27 2.514842e-28 1.301343e-29 3.706502e-31 -2.347764e-32 -5.435407e-33 -6.278808e-34 -5.730874e-35 -4.489656e-36 -1.760001e-37 -1.251287e-39 -1.446596e-42 -3.569312e-46 -2.428643e-50 -5.535687e-55 -4.889779e-60
8.340973e-59 9.015399e-54 3.768928e-49 5.262954e-45 2.017866e-41 1.639958e-38 2.143370e-36 4.994399e-35 5.644545e-34 4.989756e-33 2.204311e-32 -3.541206e-31 -1.272290e-29 -2.514842e-28 -3.976486e-27 -5.471419e-26 -6.768405e-25 -7.647840e-24 -7.961988e-23 -7.675935e-22 -6.873561e-21 -5.727224e-20 -4.444598e-19 -3.213744e-18 -2.165021e-17 -1.358396e-16 -7.932935e-16 -4.308483e-15 -2.174021e-14 -1.018025e-13 -4.418434e-13 -1.775105e-12 -6.592386e-12 -2.260226e-11 -7.145249e-11 -2.080558e-10 -5.575685e-10 -1.374685e-09 -3.118561e-09 -6.514772e-09 -1.255223e-08 -2.235951e-08 -3.694137e-08 -5.682669e-08 -8.174305e-08 -1.104456e-07 -1.407770e-07 -1.699506e-07 -1.949753e-07 -2.131049e-07 -2.222067e-07 -2.209862e-07 -2.090515e-07 -1.868471e-07 -1.555023e-07 -1.166494e-07 -7.225131e-08 -2.446350e-08 2.446350e-08 7.225131e-08 1.166494e-07 1.555023e-07 1.868471e-07 2.090515e-07 2.209862e-07 2.222067e-07 2.131049e-07 1.949753e-07 1.699506e-07 1.407770e-07 1.104456e-07 8.174305e-08 5.682669e-08 3.694137e-08 2.235951e-08 1.255223e-08 6.514772e-09 3.118561e-09 1.374685e-09 5.575685e-10 2.080558e-10 7.145249e-11 2.260226e-11 6.592386e-12 1.775105e-12 4.418434e-13 1.018025e-13 2.174021e-14 4.308483e-15 7.932935e-16 1.358396e-16 2.165021e-17 3.213744e-18 4.444598e-19 5.727224e-20 6.873561e-21 7.675935e-22 7.961988e-23 7.647840e-24 6.768405e-25 5.471419e-26 3.976486e-27 2.514842e-28 1.272290e-29 3.541206e-31 -2.204311e-32 -4.989756e-33 -5.644545e-34 -4.994399e-35 -2.143370e-36 -1.639958e-38 -2.017866e-41 -5.262954e-45 -3.768928e-49 -9.015399e-54 -8.340973e-59
1.332561e-57 1.373119e-52 5.457709e-48 7.216159e-44 2.602849e-40 1.968732e-37 2.348659e-35 4.816924e-34 4.387963e-33 1.984297e-32 -3.232216e-31 -1.188936e-29 -2.403134e-28 -3.886418e-27 -5.471419e-26 -6.928366e-25 -8.017461e-24 -8.552490e-23 -8.452852e-22 -7.764075e-21 -6.639409e-20 -5.291045e-19 -3.930920e-18 -2.722521e-17 -1.757168e-16 -1.056202e-15 -5.907513e-15 -3.071416e-14 -1.482639e-13 -6.636293e-13 -2.750414e-12 -1.053936e-11 -3.728430e-11 -1.215910e-10 -3.650532e-10 -1.007844e-09 -2.556564e-09 -5.956484e-09 -1.274986e-08 -2.509864e-08 -4.552579e-08 -7.630751e-08 -1.186314e-07 -1.718204e-07 -2.329658e-07 -2.971631e-07 -3.582988e-07 -4.101311e-07 -4.473367e-07 -4.662586e-07 -4.652240e-07 -4.444499e-07 -4.056518e-07 -3.515125e-07 -2.851568e-07 -2.097368e-07 -1.281799e-07 -4.310701e-08 4.310701e-08 1.281799e-07 2.097368e-07 2.851568e-07 3.515125e-07 4.056518e-07 4.444499e-07 4.652240e-07 4.662586e-07 4.473367e-07 4.101311e-07 3.582988e-07 2.971631e-07 2.329658e-07 1.718204e-07 1.186314e-07 7.630751e-08 4.552579e-08 2.509864e-08 1.274986e-08 5.956484e-09 2.556564e-09 1.007844e-09 3.650532e-10 1.215910e-10 3.728430e-11 1.053936e-11 2.750414e-12 6.636293e-13 1.482639e-13 3.071416e-14 5.907513e-15 1.056202e-15 1.757168e-16 2.722521e-17 3.930920e-18 5.291045e-19 6.639409e-20 7.764075e-21 8.452852e-22 8.552490e-23 8.017461e-24 6.928366e-25 5.471419e-26 3.886418e-27 2.403134e-28 1.188936e-29 3.232216e-31 -1.984297e-32 -4.387963e-33 -4.816924e-34 -2.348659e-35 -1.968732e-37 -2.602849e-40 -7.216159e-44 -5.457709e-48 -1.373119e-52 -1.332561e-57
1.990525e-56 1.951278e-51 7.349619e-47 9.153121e-43 3.078516e-39 2.131626e-36 2.239946e-34 3.672612e-33 1.712045e-32 -2.818142e-31 -1.061887e-29 -2.194281e-28 -3.628182e-27 -5.224058e-26 -6.768405e-25 -8.017461e-24 -8.758823e-23 -8.870077e-22 -8.352379e-21 -7.326185e-20 -5.991767e-19 -4.571026e-18 -3.252670e-17 -2.158116e-16 -1.334264e-15 -7.680097e-15 -4.111405e-14 -2.044468e-13 -9.430627e-13 -4.029222e-12 -1.591952e-11 -5.806935e-11 -1.952290e-10 -6.039658e-10 -1.716704e-09 -4.477529e-09 -1.070646e-08 -2.346142e-08 -4.713131e-08 -8.690479e-08 -1.474112e-07 -2.307797e-07 -3.348739e-07 -4.526027e-07 -5.727896e-07 -6.823591e-07 -7.690590e-07 -8.238200e-07 -8.421180e-07 -8.241446e-07 -7.739797e-07 -6.981794e-07 -6.042240e-07 -4.991746e-07 -3.887378e-07 -2.767999e-07 -1.653894e-07 -5.497925e-08 5.497925e-08 1.653894e-07 2.767999e-07 3.887378e-07 4.991746e-07 6.042240e-07 6.981794e-07 7.739797e-07 8.241446e-07 8.421180e-07 8.238200e-07 7.690590e-07 6.823591e-07 5.727896e-07 4.526027e-07 3.348739e-07 2.307797e-07 1.474112e-07 8.690479e-08 4.713131e-08 2.346142e-08 1.070646e-08 4.477529e-09 1.716704e-09 6.039658e-10 1.952290e-10 5.806935e-11 1.591952e-11 4.029222e-12 9.430627e-13 2.044468e-13 4.111405e-14 7.680097e-15 1.334264e-15 2.158116e-16 3.252670e-17 4.571026e-18 5.991767e-19 7.326185e-20 8.352379e-21 8.870077e-22 8.758823e-23 8.017461e-24 6.768405e-25 5.224058e-26 3.628182e-27 2.194281e-28 1.061887e-29 2.818142e-31 -1.712045e-32 -3.672612e-33 -2.239946e-34 -2.131626e-36 -3.078516e-39 -9.153121e-43 -7.349619e-47 -1.951278e-51 -1.990525e-56
2.773727e-55 2.578660e-50 9.158805e-46 1.065510e-41 3.291280e-38 2.019947e-35 1.709814e-33 1.426701e-32 -2.346929e-31 -9.063446e-30 -1.914310e-28 -3.235094e-27 -4.762147e-26 -6.310185e-25 -7.647840e-24 -8.552490e-23 -8.870077e-22 -8.558145e-21 -7.695550e-20 -6.455612e-19 -5.054165e-18 -3.692872e-17 -2.517233e-16 -1.599737e-15 -9.470216e-15 -5.216604e-14 -2.670445e-13 -1.268604e-12 -5.583799e-12 -2.273277e-11 -8.544870e-11 -2.959843e-10 -9.429958e-10 -2.758114e-09 -7.392904e-09 -1.813279e-08 -4.065207e-08 -8.326244e-08 -1.558448e-07 -2.669158e-07 -4.193197e-07 -6.063758e-07 -8.107825e-07 -1.007452e-06 -1.169392e-06 -1.274307e-06 -1.309539e-06 -1.274003e-06 -1.177042e-06 -1.035170e-06 -8.679781e-07 -6.943549e-07 -5.297190e-07 -3.844915e-07 -2.636913e-07 -1.673510e-07 -9.142462e-08 -2.891896e-08 2.891896e-08 9.142462e-08 1.673510e-07 2.636913e-07 3.844915e-07 5.297190e-07 6.943549e-07 8.679781e-07 1.035170e-06 1.177042e-06 1.274003e-06 1.309539e-06 1.274307e-06 1.169392e-06 1.007452e-06 8.107825e-07 6.063758e-07 4.193197e-07 2.669158e-07 1.558448e-07 8.326244e-08 4.065207e-08 1.813279e-08 7.392904e-09 2.758114e-09 9.429958e-10 2.959843e-10 8.544870e-11 2.273277e-11 5.583799e-12 1.268604e-12 2.670445e-13 5.216604e-14 9.470216e-15 1.599737e-15 2.517233e-16 3.692872e-17 5.054165e-18 6.455612e-19 7.695550e-20 8.558145e-21 8.870077e-22 8.552490e-23 7.647840e-24 6.310185e-25 4.762147e-26 3.235094e-27 1.914310e-28 9.063446e-30 2.346929e-31 -1.426701e-32 -1.709814e-33 -2.019947e-35 -3.291280e-38 -1.065510e-41 -9.158805e-46 -2.578660e-50 -2.773727e-55
3.594168e-54 3.154149e-49 1.048241e-44 1.123331e-40 3.095250e-37 1.557618e-34 7.255815e-33 -1.810953e-31 -7.391388e-30 -1.595423e-28 -2.754804e-27 -4.144208e-26 -5.613906e-25 -6.958575e-24 -7.961988e-23 -8.452852e-22 -8.352379e-21 -7.695550e-20 -6.618008e-19 -5.314399e-18 -3.984848e-17 -2.788964e-16 -1.820824e-15 -1.107905e-14 -6.275788e-14 -3.305229e-13 -1.616067e-12 -7.323574e-12 -3.070467e-11 -1.188641e-10 -4.239881e-10 -1.390471e-09 -4.183120e-09 -1.151855e-08 -2.896866e-08 -6.641511e-08 -1.385999e-07 -2.630453e-07 -4.539885e-07 -7.132205e-07 -1.022022e-06 -1.339856e-06 -1.612661e-06 -1.787922e-06 -1.829817e-06 -1.728382e-06 -1.500240e-06 -1.182133e-06 -8.207440e-07 -4.624832e-07 -1.458090e-07 1.029094e-07 2.702417e-07 3.542339e-07 3.617731e-07 3.057517e-07 2.026428e-07 7.076693e-08 -7.076693e-08 -2.026428e-07 -3.057517e-07 -3.617731e-07 -3.542339e-07 -2.702417e-07 -1.029094e-07 1.458090e-07 4.624832e-07 8.207440e-07 1.182133e-06 1.500240e-06 1.728382e-06 1.829817e-06 1.787922e-06 1.612661e-06 1.339856e-06 1.022022e-06 7.132205e-07 4.539885e-07 2.630453e-07 1.385999e-07 6.641511e-08 2.896866e-08 1.151855e-08 4.183120e-09 1.390471e-09 4.239881e-10 1.188641e-10 3.070467e-11 7.323574e-12 1.616067e-12 3.305229e-13 6.275788e-14 1.107905e-14 1.820824e-15 2.788964e-16 3.984848e-17 5.314399e-18 6.618008e-19 7.695550e-20 8.352379e-21 8.452852e-22 7.961988e-23 6.958575e-24 5.613906e-25 4.144208e-26 2.754804e-27 1.595423e-28 7.391388e-30 1.810953e-31 -7.255815e-33 -1.557618e-34 -3.095250e-37 -1.123331e-40 -1.048241e-44 -3.154149e-49 -3.594168e-54
4.311251e-53 3.545534e-48 1.088317e-43 1.046308e-39 2.403311e-36 7.370443e-34 -6.375441e-32 -5.654691e-30 -1.269946e-28 -2.239889e-27 -3.442388e-26 -4.765414e-25 -6.038603e-24 -7.066397e-23 -7.675935e-22 -7.764075e-21 -7.326185e-20 -6.455612e-19 -5.314399e-18 -4.087174e-17 -2.935545e-16 -1.967756e-15 -1.229936e-14 -7.160392e-14 -3.877556e-13 -1.950219e-12 -9.094205e-12 -3.924387e-11 -1.563841e-10 -5.741643e-10 -1.937483e-09 -5.993325e-09 -1.694906e-08 -4.369831e-08 -1.024298e-07 -2.177171e-07 -4.186476e-07 -7.269081e-07 -1.138233e-06 -1.606254e-06 -2.042019e-06 -2.336053e-06 -2.394952e-06 -2.174039e-06 -1.691023e-06 -1.017664e-06 -2.565058e-07 4.864102e-07 1.123473e-06 1.597498e-06 1.883779e-06 1.984926e-06 1.922195e-06 1.726423e-06 1.430612e-06 1.065059e-06 6.550807e-07 2.209032e-07 -2.209032e-07 -6.550807e-07 -1.065059e-06 -1.430612e-06 -1.726423e-06 -1.922195e-06 -1.984926e-06 -1.883779e-06 -1.597498e-06 -1.123473e-06 -4.864102e-07 2.565058e-07 1.017664e-06 1.691023e-06 2.174039e-06 2.394952e-06 2.336053e-06 2.042019e-06 1.606254e-06 1.138233e-06 7.269081e-07 4.186476e-07 2.177171e-07 1.024298e-07 4.369831e-08 1.694906e-08 5.993325e-09 1.937483e-09 5.741643e-10 1.563841e-10 3.924387e-11 9.094205e-12 1.950219e-12 3.877556e-13 7.160392e-14 1.229936e-14 1.967756e-15 2.935545e-16 4.087174e-17 5.314399e-18 6.455612e-19 7.326185e-20 7.764075e-21 7.675935e-22 7.066397e-23 6.038603e-24 4.765414e-25 3.442388e-26 2.239889e-27 1.269946e-28 5.654691e-30 6.375441e-32 -7.370443e-34 -2.403311e-36 -1.046308e-39 -1.088317e-43 -3.545534e-48 -4.311251e-53
4.754746e-52 3.620398e-47 1.002008e-42 8.143583e-39 1.232873e-35 -3.601706e-33 -2.194729e-30 -9.505466e-29 -1.738518e-27 -2.728795e-26 -3.858969e-25 -4.997115e-24 -5.978114e-23 -6.641468e-22 -6.873561e-21 -6.639409e-20 -5.991767e-19 -5.054165e-18 -3.984848e-17 -2.935545e-16 -2.019301e-15 -1.295859e-14 -7.749402e-14 -4.312658e-13 -2.230017e-12 -1.069508e-11 -4.747932e-11 -1.946718e-10 -7.353824e-10 -2.552488e-09 -8.116651e-09 -2.357045e-08 -6.229409e-08 -1.492883e-07 -3.231683e-07 -6.293666e-07 -1.098046e-06 -1.708520e-06 -2.358369e-06 -2.866683e-06 -3.027826e-06 -2.695458e-06 -1.848541e-06 -6.024393e-07 8.336444e-07 2.224859e-06 3.373891e-06 4.159048e-06 4.542482e-06 4.555934e-06 4.275102e-06 3.792934e-06 3.198425e-06 2.563216e-06 1.935817e-06 1.341430e-06 7.853756e-07 2.582481e-07 -2.582481e-07 -7.853756e-07 -1.341430e-06 -1.935817e-06 -2.563216e-06 -3.198425e-06 -3.792934e-06 -4.275102e-06 -4.555934e-06 -4.542482e-06 -4.159048e-06 -3.373891e-06 -2.224859e-06 -8.336444e-07 6.024393e-07 1.848541e-06 2.695458e-06 3.027826e-06 2.866683e-06 2.358369e-06 1.708520e-06 1.098046e-06 6.293666e-07 3.231683e-07 1.492883e-07 6.229409e-08 2.357045e-08 8.116651e-09 2.552488e-09 7.353824e-10 1.946718e-10 4.747932e-11 1.069508e-11 2.230017e-12 4.312658e-13 7.749402e-14 1.295859e-14 2.019301e-15 2.935545e-16 3.984848e-17 5.054165e-18 5.991767e-19 6.639409e-20 6.873561e-21 6.641468e-22 5.978114e-23 4.997115e-24 3.858969e-25 2.728795e-26 1.738518e-27 9.505466e-29 2.194729e-30 3.601706e-33 -1.232873e-35 -8.143583e-39 -1.002008e-42 -3.620398e-47 -4.754746e-52
4.769087e-51 3.288810e-46 7.786354e-42 4.420794e-38 -2.753753e-35 -1.570649e-31 -3.689181e-29 -1.269923e-27 -2.063683e-26 -2.980414e-25 -3.942556e-24 -4.819906e-23 -5.474319e-22 -5.794624e-21 -5.727224e-20 -5.291045e-19 -4.571026e-18 -3.692872e-17 -2.788964e-16 -1.967756e-15 -1.295859e-14 -7.956225e-14 -4.548030e-13 -2.416641e-12 -1.191454e-11 -5.438982e-11 -2.293604e-10 -8.911359e-10 -3.180719e-09 -1.039552e-08 -3.099746e-08 -8.398411e-08 -2.058138e-07 -4.538484e-07 -8.951981e-07 -1.568281e-06 -2.418443e-06 -3.241660e-06 -3.697574e-06 -3.429935e-06 -2.248671e-06 -2.550838e-07 2.178966e-06 4.555820e-06 6.425469e-06 7.508408e-06 7.736711e-06 7.221755e-06 6.183308e-06 4.874510e-06 3.523496e-06 2.300924e-06 1.310202e-06 5.934491e-07 1.453525e-07 -7.174331e-08 -1.146582e-07 -5.027747e-08 5.027747e-08 1.146582e-07 7.174331e-08 -1.453525e-07 -5.934491e-07 -1.310202e-06 -2.300924e-06 -3.523496e-06 -4.874510e-06 -6.183308e-06 -7.221755e-06 -7.736711e-06 -7.508408e-06 -6.425469e-06 -4.555820e-06 -2.178966e-06 2.550838e-07 2.248671e-06 3.429935e-06 3.697574e-06 3.241660e-06 2.418443e-06 1.568281e-06 8.951981e-07 4.538484e-07 2.058138e-07 8.398411e-08 3.099746e-08 1.039552e-08 3.180719e-09 8.911359e-10 2.293604e-10 5.438982e-11 1.191454e-11 2.416641e-12 4.548030e-13 7.956225e-14 1.295859e-14 1.967756e-15 2.788964e-16 3.692872e-17 4.571026e-18 5.291045e-19 5.727224e-20 5.794624e-21 5.474319e-22 4.819906e-23 3.942556e-24 2.980414e-25 2.063683e-26 1.269923e-27 3.689181e-29 1.570649e-31 2.753753e-35 -4.420794e-38 -7.786354e-42 -3.288810e-46 -4.769087e-51
4.267171e-50 2.542812e-45 4.396328e-41 -1.897187e-38 -1.880096e-33 -2.687305e-30 -4.860174e-28 -1.469254e-26 -2.194662e-25 -2.964811e-24 -3.702672e-23 -4.297671e-22 -4.650869e-21 -4.701610e-20 -4.444598e-19 -3.930920e-18 -3.252670e-17 -2.517233e-16 -1.820824e-15 -1.229936e-14 -7.749402e-14 -4.548030e-13 -2.482227e-12 -1.257501e-11 -5.900557e-11 -2.558230e-10 -1.022000e-09 -3.750330e-09 -1.259658e-08 -3.856882e-08 -1.071487e-07 -2.686135e-07 -6.037028e-07 -1.206643e-06 -2.122550e-06 -3.237820e-06 -4.182309e-06 -4.362319e-06 -3.208827e-06 -5.489633e-07 3.169925e-06 7.015091e-06 9.977279e-06 1.136483e-05 1.098597e-05 9.111035e-06 6.293227e-06 3.154706e-06 2.256416e-07 -2.139187e-06 -3.772539e-06 -4.659173e-06 -4.883897e-06 -4.579170e-06 -3.886335e-06 -2.931423e-06 -1.815209e-06 -6.138615e-07 6.138615e-07 1.815209e-06 2.931423e-06 3.886335e-06 4.579170e-06 4.883897e-06 4.659173e-06 3.772539e-06 2.139187e-06 -2.256416e-07 -3.154706e-06 -6.293227e-06 -9.111035e-06 -1.098597e-05 -1.136483e-05 -9.977279e-06 -7.015091e-06 -3.169925e-06 5.489633e-07 3.208827e-06 4.362319e-06 4.182309e-06 3.237820e-06 2.122550e-06 1.206643e-06 6.037028e-07 2.686135e-07 1.071487e-07 3.856882e-08 1.259658e-08 3.750330e-09 1.022000e-09 2.558230e-10 5.900557e-11 1.257501e-11 2.482227e-12 4.548030e-13 7.749402e-14 1.229936e-14 1.820824e-15 2.517233e-16 3.252670e-17 3.930920e-18 4.444598e-19 4.701610e-20 4.650869e-21 4.297671e-22 3.702672e-23 2.964811e-24 2.194662e-25 1.469254e-26 4.860174e-28 2.687305e-30 1.880096e-33 1.897187e-38 -4.396328e-41 -2.542812e-45 -4.267171e-50
3.272819e-49 1.474595e-44 3.714373e-41 -4.910227e-36 -3.300879e-32 -3.516595e-29 -5.517156e-27 -1.521476e-25 -2.124270e-24 -2.709340e-23 -3.212565e-22 -3.553011e-21 -3.672276e-20 -3.550890e-19 -3.213744e-18 -2.722521e-17 -2.158116e-16 -1.599737e-15 -1.107905e-14 -7.160392e-14 -4.312658e-13 -2.416641e-12 -1.257501e-11 -6.062886e-11 -2.701677e-10 -1.109482e-09 -4.185096e-09 -1.444548e-08 -4.542241e-08 -1.294310e-07 -3.321123e-07 -7.613625e-07 -1.543540e-06 -2.728313e-06 -4.113383e-06 -5.082443e-06 -4.671384e-06 -2.038898e-06 2.821531e-06 8.699150e-06 1.359857e-05 1.575880e-05 1.446873e-05 1.019233e-05 4.172149e-06 -2.131476e-06 -7.520503e-06 -1.129687e-05 -1.326750e-05 -1.362371e-05 -1.276435e-05 -1.114292e-05 -9.164087e-06 -7.127533e-06 -5.218071e-06 -3.513870e-06 -2.012452e-06 -6.536929e-07 6.536929e-07 2.012452e-06 3.513870e-06 5.218071e-06 7.127533e-06 9.164087e-06 1.114292e-05 1.276435e-05 1.362371e-05 1.326750e-05 1.129687e-05 7.520503e-06 2.131476e-06 -4.172149e-06 -1.019233e-05 -1.446873e-05 -1.575880e-05 -1.359857e-05 -8.699150e-06 -2.821531e-06 2.038898e-06 4.671384e-06 5.082443e-06 4.113383e-06 2.728313e-06 1.543540e-06 7.613625e-07 3.321123e-07 1.294310e-07 4.542241e-08 1.444548e-08 4.185096e-09 1.109482e-09 2.701677e-10 6.062886e-11 1.257501e-11 2.416641e-12 4.312658e-13 7.160392e-14 1.107905e-14 1.599737e-15 2.158116e-16 2.722521e-17 3.213744e-18 3.550890e-19 3.672276e-20 3.553011e-21 3.212565e-22 2.709340e-23 2.124270e-24 1.521476e-25 5.517156e-27 3.516595e-29 3.300879e-32 4.910227e-36 -3.714373e-41 -1.474595e-44 -3.272819e-49
