0.000000e+00 0.000000e+00 0.000000e+00 0.000000e+00 0.000000e+00 0.000000e+00 0.000000e+00 0.000000e+00 0.000000e+00 0.000000e+00 0.000000e+00 0.000000e+00 0.000000e+00 0.000000e+00 0.000000e+00 0.000000e+00 0.000000e+00 0.000000e+00 0.000000e+00 0.000000e+00 0.000000e+00 0.000000e+00 0.000000e+00 0.000000e+00 0.000000e+00 0.000000e+00 0.000000e+00 0.000000e+00 0.000000e+00 0.000000e+00 0.000000e+00 0.000000e+00 0.000000e+00 0.000000e+00 0.000000e+00 0.000000e+00 0.000000e+00 0.000000e+00 0.000000e+00 0.000000e+00 0.000000e+00 0.000000e+00 0.000000e+00 0.000000e+00 0.000000e+00 0.000000e+00 0.000000e+00 0.000000e+00 0.000000e+00 0.000000e+00 0.000000e+00 0.000000e+00 0.000000e+00 0.000000e+00 0.000000e+00 0.000000e+00 0.000000e+00 0.000000e+00 0.000000e+00 0.000000e+00 0.000000e+00 0.000000e+00 0.000000e+00 0.000000e+00 0.000000e+00 0.000000e+00 0.000000e+00 0.000000e+00 0.000000e+00 0.000000e+00 0.000000e+00 0.000000e+00 0.000000e+00 0.000000e+00 0.000000e+00 0.000000e+00 0.000000e+00 0.000000e+00 0.000000e+00 0.000000e+00 0.000000e+00 0.000000e+00 0.000000e+00 0.000000e+00 0.000000e+00 0.000000e+00 0.000000e+00 0.000000e+00 0.000000e+00 0.000000e+00 0.000000e+00 0.000000e+00 0.000000e+00 0.000000e+00 0.000000e+00 0.000000e+00 0.000000e+00 0.000000e+00 0.000000e+00 0.000000e+00 0.000000e+00 0.000000e+00 0.000000e+00 0.000000e+00 0.000000e+00 0.000000e+00 0.000000e+00 0.000000e+00 0.000000e+00 0.000000e+00 0.000000e+00 0.000000e+00 0.000000e+00 0.000000e+00 0.000000e+00 0.000000e+00
3.825217e-108 2.179513e-102 4.582162e-97 3.104698e-92 5.637743e-88 2.145223e-84 1.313499e-81 1.424249e-79 7.481036e-78 3.541584e-76 1.545630e-74 6.230285e-73 2.323257e-71 8.025134e-70 2.570695e-68 7.643208e-67 2.110690e-65 5.416385e-64 1.291999e-62 2.865042e-61 5.905811e-60 1.131307e-58 2.012825e-57 3.323633e-56 5.087698e-55 7.209068e-54 9.436510e-53 1.137984e-51 1.259577e-50 1.272788e-49 1.164787e-48 9.529252e-48 6.807497e-47 4.035959e-46 1.701875e-45 8.652855e-46 -7.752846e-44 -1.037635e-42 -9.354916e-42 -6.853490e-41 -4.310936e-40 -2.382009e-39 -1.168898e-38 -5.121932e-38 -2.009131e-37 -7.060682e-37 -2.222385e-36 -6.258444e-36 -1.574248e-35 -3.529286e-35 -7.031799e-35 -1.240319e-34 -1.925910e-34 -2.608763e-34 -3.032905e-34 -2.925944e-34 -2.144058e-34 -7.896958e-35 7.896958e-35 2.144058e-34 2.925944e-34 3.032905e-34 2.608763e-34 1.925910e-34 1.240319e-34 7.031799e-35 3.529286e-35 1.574248e-35 6.258444e-36 2.222385e-36 7.060682e-37 2.009131e-37 5.121932e-38 1.168898e-38 2.382009e-39 4.310936e-40 6.853490e-41 9.354916e-42 1.037635e-42 7.752846e-44 -8.652855e-46 -1.701875e-45 -4.035959e-46 -6.807497e-47 -9.529252e-48 -1.164787e-48 -1.272788e-49 -1.259577e-50 -1.137984e-51 -9.436510e-53 -7.209068e-54 -5.087698e-55 -3.323633e-56 -2.012825e-57 -1.131307e-58 -5.905811e-60 -2.865042e-61 -1.291999e-62 -5.416385e-64 -2.110690e-65 -7.643208e-67 -2.570695e-68 -8.025134e-70 -2.323257e-71 -6.230285e-73 -1.545630e-74 -3.541584e-76 -7.481036e-78 -1.424249e-79 -1.313499e-81 -2.145223e-84 -5.637743e-88 -3.104698e-92 -4.582162e-97 -2.179513e-102 -3.825217e-108
1.427732e-102 7.346647e-97 1.405774e-91 8.724964e-87 1.459054e-82 5.135963e-79 2.920637e-76 2.953203e-74 1.452692e-72 6.458684e-71 2.653222e-69 1.008704e-67 3.553859e-66 1.161628e-64 3.525784e-63 9.944202e-62 2.607537e-60 6.358814e-59 1.442327e-57 3.042741e-56 5.968426e-55 1.087996e-53 1.841747e-52 2.891950e-51 4.205880e-50 5.653866e-49 7.005760e-48 7.971072e-47 8.281860e-46 7.791880e-45 6.547459e-44 4.790326e-43 2.882921e-42 1.186905e-41 -4.958740e-42 -7.473492e-40 -9.791319e-39 -9.026824e-38 -6.845968e-37 -4.485463e-36 -2.592673e-35 -1.335668e-34 -6.164750e-34 -2.555530e-33 -9.523265e-33 -3.189954e-32 -9.597098e-32 -2.590045e-31 -6.259971e-31 -1.352213e-30 -2.603715e-30 -4.453219e-30 -6.729505e-30 -8.906845e-30 -1.016137e-29 -9.663336e-30 -7.012988e-30 -2.570500e-30 2.570500e-30 7.012988e-30 9.663336e-30 1.016137e-29 8.906845e-30 6.729505e-30 4.453219e-30 2.603715e-30 1.352213e-30 6.259971e-31 2.590045e-31 9.597098e-32 3.189954e-32 9.523265e-33 2.555530e-33 6.164750e-34 1.335668e-34 2.592673e-35 4.485463e-36 6.845968e-37 9.026824e-38 9.791319e-39 7.473492e-40 4.958740e-42 -1.186905e-41 -2.882921e-42 -4.790326e-43 -6.547459e-44 -7.791880e-45 -8.281860e-46 -7.971072e-47 -7.005760e-48 -5.653866e-49 -4.205880e-50 -2.891950e-51 -1.841747e-52 -1.087996e-53 -5.968426e-55 -3.042741e-56 -1.442327e-57 -6.358814e-59 -2.607537e-60 -9.944202e-62 -3.525784e-63 -1.161628e-64 -3.553859e-66 -1.008704e-67 -2.653222e-69 -6.458684e-71 -1.452692e-72 -2.953203e-74 -2.920637e-76 -5.135963e-79 -1.459054e-82 -8.724964e-87 -1.405774e-91 -7.346647e-97 -1.427732e-102
1.839946e-97 8.617136e-92 1.510393e-86 8.633008e-82 1.335520e-77 4.365626e-74 2.313240e-71 2.187371e-69 1.010134e-67 4.226831e-66 1.637467e-64 5.880949e-63 1.960333e-61 6.070406e-60 1.747517e-58 4.679169e-57 1.165750e-55 2.702685e-54 5.830644e-53 1.170188e-51 2.183718e-50 3.786218e-49 6.092656e-48 9.085388e-47 1.252916e-45 1.593369e-44 1.861272e-43 1.985673e-42 1.917699e-41 1.652137e-40 1.235021e-39 7.514126e-39 2.973957e-38 -5.120742e-38 -2.593924e-36 -3.351825e-35 -3.158324e-34 -2.474993e-33 -1.685039e-32 -1.016036e-31 -5.478018e-31 -2.653986e-30 -1.158225e-29 -4.557436e-29 -1.616936e-28 -5.169608e-28 -1.487947e-27 -3.850607e-27 -8.945875e-27 -1.862431e-26 -3.466590e-26 -5.750403e-26 -8.458955e-26 -1.094215e-25 -1.225270e-25 -1.148832e-25 -8.258432e-26 -3.012553e-26 3.012553e-26 8.258432e-26 1.148832e-25 1.225270e-25 1.094215e-25 8.458955e-26 5.750403e-26 3.466590e-26 1.862431e-26 8.945875e-27 3.850607e-27 1.487947e-27 5.169608e-28 1.616936e-28 4.557436e-29 1.158225e-29 2.653986e-30 5.478018e-31 1.016036e-31 1.685039e-32 2.474993e-33 3.158324e-34 3.351825e-35 2.593924e-36 5.120742e-38 -2.973957e-38 -7.514126e-39 -1.235021e-39 -1.652137e-40 -1.917699e-41 -1.985673e-42 -1.861272e-43 -1.593369e-44 -1.252916e-45 -9.085388e-47 -6.092656e-48 -3.786218e-49 -2.183718e-50 -1.170188e-51 -5.830644e-53 -2.702685e-54 -1.165750e-55 -4.679169e-57 -1.747517e-58 -6.070406e-60 -1.960333e-61 -5.880949e-63 -1.637467e-64 -4.226831e-66 -1.010134e-67 -2.187371e-69 -2.313240e-71 -4.365626e-74 -1.335520e-77 -8.633008e-82 -1.510393e-86 -8.617136e-92 -1.839946e-97
6.996431e-93 3.001470e-87 4.844903e-82 2.561761e-77 3.680170e-73 1.120797e-69 5.549256e-67 4.918984e-65 2.137137e-63 8.432087e-62 3.085407e-60 1.048250e-58 3.309755e-57 9.719008e-56 2.655687e-54 6.754801e-53 1.599553e-51 3.526297e-50 7.235435e-49 1.381096e-47 2.450557e-46 4.037472e-45 6.167311e-44 8.715957e-43 1.136350e-41 1.361178e-40 1.489103e-39 1.474024e-38 1.299645e-37 9.902091e-37 6.062885e-36 2.258022e-35 -8.174068e-35 -2.761411e-33 -3.538458e-32 -3.405702e-31 -2.752821e-30 -1.943150e-29 -1.219136e-28 -6.859495e-28 -3.477444e-27 -1.592134e-26 -6.589809e-26 -2.465963e-25 -8.339237e-25 -2.546502e-24 -7.014479e-24 -1.740894e-23 -3.887847e-23 -7.800955e-23 -1.403599e-22 -2.258217e-22 -3.233859e-22 -4.088766e-22 -4.494356e-22 -4.155127e-22 -2.958852e-22 -1.074238e-22 1.074238e-22 2.958852e-22 4.155127e-22 4.494356e-22 4.088766e-22 3.233859e-22 2.258217e-22 1.403599e-22 7.800955e-23 3.887847e-23 1.740894e-23 7.014479e-24 2.546502e-24 8.339237e-25 2.465963e-25 6.589809e-26 1.592134e-26 3.477444e-27 6.859495e-28 1.219136e-28 1.943150e-29 2.752821e-30 3.405702e-31 3.538458e-32 2.761411e-33 8.174068e-35 -2.258022e-35 -6.062885e-36 -9.902091e-37 -1.299645e-37 -1.474024e-38 -1.489103e-39 -1.361178e-40 -1.136350e-41 -8.715957e-43 -6.167311e-44 -4.037472e-45 -2.450557e-46 -1.381096e-47 -7.235435e-49 -3.526297e-50 -1.599553e-51 -6.754801e-53 -2.655687e-54 -9.719008e-56 -3.309755e-57 -1.048250e-58 -3.085407e-60 -8.432087e-62 -2.137137e-63 -4.918984e-65 -5.549256e-67 -1.120797e-69 -3.680170e-73 -2.561761e-77 -4.844903e-82 -3.001470e-87 -6.996431e-93
6.337450e-89 2.503779e-83 3.738775e-78 1.835802e-73 2.457051e-69 6.991181e-66 3.242166e-63 2.699733e-61 1.105541e-59 4.119393e-58 1.425673e-56 4.587208e-55 1.373223e-53 3.826803e-52 9.930964e-51 2.400387e-49 5.403732e-48 1.132724e-46 2.209850e-45 4.009385e-44 6.757532e-43 1.056386e-41 1.528460e-40 2.040766e-39 2.503834e-38 2.805268e-37 2.842034e-36 2.559952e-35 1.982954e-34 1.215530e-33 4.129761e-33 -2.694649e-32 -7.259519e-31 -9.262323e-30 -9.100336e-29 -7.574917e-28 -5.532320e-27 -3.603148e-26 -2.110174e-25 -1.116187e-24 -5.344647e-24 -2.318904e-23 -9.117878e-23 -3.247833e-22 -1.047337e-21 -3.054910e-21 -8.052318e-21 -1.916157e-20 -4.112335e-20 -7.950404e-20 -1.382476e-19 -2.156924e-19 -3.006647e-19 -3.715503e-19 -4.008982e-19 -3.654662e-19 -2.578045e-19 -9.315629e-20 9.315629e-20 2.578045e-19 3.654662e-19 4.008982e-19 3.715503e-19 3.006647e-19 2.156924e-19 1.382476e-19 7.950404e-20 4.112335e-20 1.916157e-20 8.052318e-21 3.054910e-21 1.047337e-21 3.247833e-22 9.117878e-23 2.318904e-23 5.344647e-24 1.116187e-24 2.110174e-25 3.603148e-26 5.532320e-27 7.574917e-28 9.100336e-29 9.262323e-30 7.259519e-31 2.694649e-32 -4.129761e-33 -1.215530e-33 -1.982954e-34 -2.559952e-35 -2.842034e-36 -2.805268e-37 -2.503834e-38 -2.040766e-39 -1.528460e-40 -1.056386e-41 -6.757532e-43 -4.009385e-44 -2.209850e-45 -1.132724e-46 -5.403732e-48 -2.400387e-49 -9.930964e-51 -3.826803e-52 -1.373223e-53 -4.587208e-55 -1.425673e-56 -4.119393e-58 -1.105541e-59 -2.699733e-61 -3.242166e-63 -6.991181e-66 -2.457051e-69 -1.835802e-73 -3.738775e-78 -2.503779e-83 -6.337450e-89
1.043921e-85 3.815468e-80 5.291059e-75 2.420572e-70 3.026901e-66 8.066265e-63 3.511138e-60 2.751530e-58 1.063721e-56 3.748415e-55 1.228453e-53 3.747079e-52 1.064373e-50 2.816590e-49 6.944813e-48 1.595499e-46 3.414518e-45 6.803784e-44 1.261324e-42 2.173061e-41 3.473792e-40 5.141314e-39 7.023525e-38 8.817441e-37 1.010626e-35 1.046576e-34 9.615587e-34 7.554961e-33 4.611910e-32 1.365714e-31 -1.536398e-30 -3.590054e-29 -4.577904e-28 -4.590041e-27 -3.929445e-26 -2.964281e-25 -2.000124e-24 -1.216515e-23 -6.697498e-23 -3.344847e-22 -1.516748e-21 -6.245910e-21 -2.334988e-20 -7.919800e-20 -2.435308e-19 -6.783514e-19 -1.710340e-18 -3.900613e-18 -8.041120e-18 -1.497283e-17 -2.515368e-17 -3.804736e-17 -5.161675e-17 -6.233675e-17 -6.602025e-17 -5.934374e-17 -4.146848e-17 -1.491363e-17 1.491363e-17 4.146848e-17 5.934374e-17 6.602025e-17 6.233675e-17 5.161675e-17 3.804736e-17 2.515368e-17 1.497283e-17 8.041120e-18 3.900613e-18 1.710340e-18 6.783514e-19 2.435308e-19 7.919800e-20 2.334988e-20 6.245910e-21 1.516748e-21 3.344847e-22 6.697498e-23 1.216515e-23 2.000124e-24 2.964281e-25 3.929445e-26 4.590041e-27 4.577904e-28 3.590054e-29 1.536398e-30 -1.365714e-31 -4.611910e-32 -7.554961e-33 -9.615587e-34 -1.046576e-34 -1.010626e-35 -8.817441e-37 -7.023525e-38 -5.141314e-39 -3.473792e-40 -2.173061e-41 -1.261324e-42 -6.803784e-44 -3.414518e-45 -1.595499e-46 -6.944813e-48 -2.816590e-49 -1.064373e-50 -3.747079e-52 -1.228453e-53 -3.748415e-55 -1.063721e-56 -2.751530e-58 -3.511138e-60 -8.066265e-63 -3.026901e-66 -2.420572e-70 -5.291059e-75 -3.815468e-80 -1.043921e-85
2.634525e-83 8.945184e-78 1.156148e-72 4.943523e-68 5.791744e-64 1.449033e-60 5.933043e-58 4.384072e-56 1.602816e-54 5.349742e-53 1.662476e-51 4.812885e-50 1.298521e-48 3.265645e-47 7.655277e-46 1.672342e-44 3.402941e-43 6.444885e-42 1.134794e-40 1.854674e-39 2.807373e-38 3.923298e-37 5.039101e-36 5.907974e-35 6.253700e-34 5.861295e-33 4.672445e-32 2.839815e-31 7.044046e-31 -1.305395e-29 -2.813270e-28 -3.611139e-27 -3.702321e-26 -3.261282e-25 -2.540629e-24 -1.774884e-23 -1.120099e-22 -6.410965e-22 -3.334766e-21 -1.577879e-20 -6.792362e-20 -2.659362e-19 -9.464396e-19 -3.059547e-18 -8.977408e-18 -2.389385e-17 -5.765445e-17 -1.260745e-16 -2.497749e-16 -4.481786e-16 -7.278190e-16 -1.067947e-15 -1.410882e-15 -1.666110e-15 -1.732865e-15 -1.536444e-15 -1.063845e-15 -3.808443e-16 3.808443e-16 1.063845e-15 1.536444e-15 1.732865e-15 1.666110e-15 1.410882e-15 1.067947e-15 7.278190e-16 4.481786e-16 2.497749e-16 1.260745e-16 5.765445e-17 2.389385e-17 8.977408e-18 3.059547e-18 9.464396e-19 2.659362e-19 6.792362e-20 1.577879e-20 3.334766e-21 6.410965e-22 1.120099e-22 1.774884e-23 2.540629e-24 3.261282e-25 3.702321e-26 3.611139e-27 2.813270e-28 1.305395e-29 -7.044046e-31 -2.839815e-31 -4.672445e-32 -5.861295e-33 -6.253700e-34 -5.907974e-35 -5.039101e-36 -3.923298e-37 -2.807373e-38 -1.854674e-39 -1.134794e-40 -6.444885e-42 -3.402941e-43 -1.672342e-44 -7.655277e-46 -3.265645e-47 -1.298521e-48 -4.812885e-50 -1.662476e-51 -5.349742e-53 -1.602816e-54 -4.384072e-56 -5.933043e-58 -1.449033e-60 -5.791744e-64 -4.943523e-68 -1.156148e-72 -8.945184e-78 -2.634525e-83
1.788838e-81 5.668220e-76 6.856380e-71 2.750455e-66 3.029553e-62 7.139048e-59 2.757827e-56 1.926928e-54 6.680044e-53 2.117134e-51 6.253345e-50 1.722069e-48 4.422338e-47 1.059055e-45 2.364595e-44 4.920007e-43 9.532728e-42 1.718008e-40 2.875409e-39 4.459357e-38 6.388111e-37 8.414183e-36 1.011998e-34 1.099023e-33 1.056341e-32 8.618678e-32 5.316925e-31 1.214485e-30 -2.881832e-29 -6.170555e-28 -8.112429e-27 -8.575189e-26 -7.812536e-25 -6.308475e-24 -4.576395e-23 -3.004081e-22 -1.791395e-21 -9.724258e-21 -4.809564e-20 -2.167818e-19 -8.902035e-19 -3.328619e-18 -1.132517e-17 -3.503631e-17 -9.849322e-17 -2.514780e-16 -5.830198e-16 -1.227253e-15 -2.345799e-15 -4.071647e-15 -6.415275e-15 -9.163128e-15 -1.182558e-14 -1.369261e-14 -1.401730e-14 -1.228099e-14 -8.435893e-15 -3.007920e-15 3.007920e-15 8.435893e-15 1.228099e-14 1.401730e-14 1.369261e-14 1.182558e-14 9.163128e-15 6.415275e-15 4.071647e-15 2.345799e-15 1.227253e-15 5.830198e-16 2.514780e-16 9.849322e-17 3.503631e-17 1.132517e-17 3.328619e-18 8.902035e-19 2.167818e-19 4.809564e-20 9.724258e-21 1.791395e-21 3.004081e-22 4.576395e-23 6.308475e-24 7.812536e-25 8.575189e-26 8.112429e-27 6.170555e-28 2.881832e-29 -1.214485e-30 -5.316925e-31 -8.618678e-32 -1.056341e-32 -1.099023e-33 -1.011998e-34 -8.414183e-36 -6.388111e-37 -4.459357e-38 -2.875409e-39 -1.718008e-40 -9.532728e-42 -4.920007e-43 -2.364595e-44 -1.059055e-45 -4.422338e-47 -1.722069e-48 -6.253345e-50 -2.117134e-51 -6.680044e-53 -1.926928e-54 -2.757827e-56 -7.139048e-59 -3.029553e-62 -2.750455e-66 -6.856380e-71 -5.668220e-76 -1.788838e-81
9.213107e-80 2.734633e-74 3.106269e-69 1.172649e-64 1.217754e-60 2.709751e-57 9.899439e-55 6.554798e-53 2.159083e-51 6.509979e-50 1.830805e-48 4.803533e-47 1.175831e-45 2.684787e-44 5.715608e-43 1.133661e-41 2.092645e-40 3.589372e-39 5.708108e-38 8.389858e-37 1.134550e-35 1.401812e-34 1.564861e-33 1.546878e-32 1.298292e-31 8.229868e-31 1.890022e-30 -4.850750e-29 -1.065557e-27 -1.446760e-26 -1.582798e-25 -1.494787e-24 -1.252914e-23 -9.447637e-23 -6.455285e-22 -4.012508e-21 -2.273716e-20 -1.175690e-19 -5.548617e-19 -2.389492e-18 -9.384703e-18 -3.359131e-17 -1.094979e-16 -3.248389e-16 -8.765878e-16 -2.151164e-15 -4.800765e-15 -9.746071e-15 -1.800636e-14 -3.028800e-14 -4.638171e-14 -6.459322e-14 -8.155410e-14 -9.270857e-14 -9.351408e-14 -8.102469e-14 -5.524476e-14 -1.962516e-14 1.962516e-14 5.524476e-14 8.102469e-14 9.351408e-14 9.270857e-14 8.155410e-14 6.459322e-14 4.638171e-14 3.028800e-14 1.800636e-14 9.746071e-15 4.800765e-15 2.151164e-15 8.765878e-16 3.248389e-16 1.094979e-16 3.359131e-17 9.384703e-18 2.389492e-18 5.548617e-19 1.175690e-19 2.273716e-20 4.012508e-21 6.455285e-22 9.447637e-23 1.252914e-23 1.494787e-24 1.582798e-25 1.446760e-26 1.065557e-27 4.850750e-29 -1.890022e-30 -8.229868e-31 -1.298292e-31 -1.546878e-32 -1.564861e-33 -1.401812e-34 -1.134550e-35 -8.389858e-37 -5.708108e-38 -3.589372e-39 -2.092645e-40 -1.133661e-41 -5.715608e-43 -2.684787e-44 -1.175831e-45 -4.803533e-47 -1.830805e-48 -6.509979e-50 -2.159083e-51 -6.554798e-53 -9.899439e-55 -2.709751e-57 -1.217754e-60 -1.172649e-64 -3.106269e-69 -2.734633e-74 -9.213107e-80
4.366339e-78 1.217210e-72 1.301346e-67 4.632460e-63 4.543408e-59 9.561401e-56 3.307720e-53 2.077908e-51 6.509858e-50 1.868915e-48 5.007729e-47 1.252421e-45 2.923078e-44 6.363946e-43 1.291508e-41 2.440530e-40 4.287609e-39 6.987781e-38 1.053178e-36 1.461260e-35 1.853571e-34 2.125511e-33 2.159406e-32 1.863187e-31 1.213124e-30 2.807350e-30 -7.735784e-29 -1.743798e-27 -2.443295e-26 -2.763769e-25 -2.702474e-24 -2.348370e-23 -1.838149e-22 -1.305395e-21 -8.444662e-21 -4.986880e-20 -2.690999e-19 -1.327236e-18 -5.981831e-18 -2.462292e-17 -9.250319e-17 -3.169231e-16 -9.895119e-16 -2.813938e-15 -7.286125e-15 -1.717775e-14 -3.688687e-14 -7.219314e-14 -1.288841e-13 -2.100440e-13 -3.125720e-13 -4.243861e-13 -5.241782e-13 -5.849980e-13 -5.814191e-13 -4.981992e-13 -3.371752e-13 -1.193346e-13 1.193346e-13 3.371752e-13 4.981992e-13 5.814191e-13 5.849980e-13 5.241782e-13 4.243861e-13 3.125720e-13 2.100440e-13 1.288841e-13 7.219314e-14 3.688687e-14 1.717775e-14 7.286125e-15 2.813938e-15 9.895119e-16 3.169231e-16 9.250319e-17 2.462292e-17 5.981831e-18 1.327236e-18 2.690999e-19 4.986880e-20 8.444662e-21 1.305395e-21 1.838149e-22 2.348370e-23 2.702474e-24 2.763769e-25 2.443295e-26 1.743798e-27 7.735784e-29 -2.807350e-30 -1.213124e-30 -1.863187e-31 -2.159406e-32 -2.125511e-33 -1.853571e-34 -1.461260e-35 -1.053178e-36 -6.987781e-38 -4.287609e-39 -2.440530e-40 -1.291508e-41 -6.363946e-43 -2.923078e-44 -1.252421e-45 -5.007729e-47 -1.868915e-48 -6.509858e-50 -2.077908e-51 -3.307720e-53 -9.561401e-56 -4.543408e-59 -4.632460e-63 -1.301346e-67 -1.217210e-72 -4.366339e-78
1.907715e-76 5.006169e-71 5.047592e-66 1.697259e-61 1.574535e-57 3.137809e-54 1.029059e-51 6.138998e-50 1.830768e-48 5.007729e-47 1.279036e-45 3.049984e-44 6.787471e-43 1.408674e-41 2.723610e-40 4.898319e-39 8.176626e-38 1.262930e-36 1.796771e-35 2.338360e-34 2.752620e-33 2.872215e-32 2.546036e-31 1.701898e-30 3.974699e-30 -1.169248e-28 -2.704598e-27 -3.907488e-26 -4.565546e-25 -4.617242e-24 -4.154649e-23 -3.371369e-22 -2.485100e-21 -1.670674e-20 -1.026575e-19 -5.771469e-19 -2.969617e-18 -1.398108e-17 -6.019695e-17 -2.368572e-16 -8.509960e-16 -2.789715e-15 -8.338802e-15 -2.271852e-14 -5.640934e-14 -1.276870e-13 -2.636769e-13 -4.972586e-13 -8.574540e-13 -1.353462e-12 -1.956786e-12 -2.589700e-12 -3.128767e-12 -3.427790e-12 -3.356625e-12 -2.844293e-12 -1.910717e-12 -6.737384e-13 6.737384e-13 1.910717e-12 2.844293e-12 3.356625e-12 3.427790e-12 3.128767e-12 2.589700e-12 1.956786e-12 1.353462e-12 8.574540e-13 4.972586e-13 2.636769e-13 1.276870e-13 5.640934e-14 2.271852e-14 8.338802e-15 2.789715e-15 8.509960e-16 2.368572e-16 6.019695e-17 1.398108e-17 2.969617e-18 5.771469e-19 1.026575e-19 1.670674e-20 2.485100e-21 3.371369e-22 4.154649e-23 4.617242e-24 4.565546e-25 3.907488e-26 2.704598e-27 1.169248e-28 -3.974699e-30 -1.701898e-30 -2.546036e-31 -2.872215e-32 -2.752620e-33 -2.338360e-34 -1.796771e-35 -1.262930e-36 -8.176626e-38 -4.898319e-39 -2.723610e-40 -1.408674e-41 -6.787471e-43 -3.049984e-44 -1.279036e-45 -5.007729e-47 -1.830768e-48 -6.138998e-50 -1.029059e-51 -3.137809e-54 -1.574535e-57 -1.697259e-61 -5.047592e-66 -5.006169e-71 -1.907715e-76
7.698654e-75 1.905539e-69 1.815123e-64 5.773963e-60 5.073188e-56 9.584565e-53 2.982593e-50 1.691008e-48 4.803427e-47 1.252421e-45 3.049984e-44 6.934774e-43 1.471155e-41 2.908862e-40 5.352667e-39 9.146704e-38 1.446994e-36 2.109664e-35 2.815166e-34 3.399756e-33 3.641184e-32 3.313989e-31 2.273244e-30 5.366739e-30 -1.676104e-28 -3.978059e-27 -5.921837e-26 -7.140365e-25 -7.460975e-24 -6.944050e-23 -5.834811e-22 -4.458517e-21 -3.110713e-20 -1.986045e-19 -1.161541e-18 -6.224817e-18 -3.056171e-17 -1.373894e-16 -5.651029e-16 -2.124863e-15 -7.297837e-15 -2.287672e-14 -6.541811e-14 -1.706126e-13 -4.058945e-13 -8.814226e-13 -1.749053e-12 -3.176209e-12 -5.287081e-12 -8.079282e-12 -1.134399e-11 -1.462984e-11 -1.728505e-11 -1.858664e-11 -1.793022e-11 -1.502358e-11 -1.001701e-11 -3.518876e-12 3.518876e-12 1.001701e-11 1.502358e-11 1.793022e-11 1.858664e-11 1.728505e-11 1.462984e-11 1.134399e-11 8.079282e-12 5.287081e-12 3.176209e-12 1.749053e-12 8.814226e-13 4.058945e-13 1.706126e-13 6.541811e-14 2.287672e-14 7.297837e-15 2.124863e-15 5.651029e-16 1.373894e-16 3.056171e-17 6.224817e-18 1.161541e-18 1.986045e-19 3.110713e-20 4.458517e-21 5.834811e-22 6.944050e-23 7.460975e-24 7.140365e-25 5.921837e-26 3.978059e-27 1.676104e-28 -5.366739e-30 -2.273244e-30 -3.313989e-31 -3.641184e-32 -3.399756e-33 -2.815166e-34 -2.109664e-35 -1.446994e-36 -9.146704e-38 -5.352667e-39 -2.908862e-40 -1.471155e-41 -6.934774e-43 -3.049984e-44 -1.252421e-45 -4.803427e-47 -1.691008e-48 -2.982593e-50 -9.584565e-53 -5.073188e-56 -5.773963e-60 -1.815123e-64 -1.905539e-69 -7.698654e-75
2.874181e-73 6.721851e-68 6.058282e-63 1.825552e-58 1.520867e-54 2.726494e-51 8.056722e-49 4.343703e-47 1.175803e-45 2.923078e-44 6.787471e-43 1.471155e-41 2.973350e-40 5.595288e-39 9.782717e-38 1.584254e-36 2.365711e-35 3.234996e-34 4.005604e-33 4.400750e-32 4.110046e-31 2.891937e-30 6.913786e-30 -2.279957e-28 -5.551849e-27 -8.509585e-26 -1.057953e-24 -1.141066e-23 -1.097347e-22 -9.537168e-22 -7.545662e-21 -5.456887e-20 -3.615160e-19 -2.196401e-18 -1.224153e-17 -6.257700e-17 -2.932318e-16 -1.258600e-15 -4.943709e-15 -1.775429e-14 -5.824619e-14 -1.744424e-13 -4.767494e-13 -1.189015e-12 -2.707458e-12 -5.634586e-12 -1.073391e-11 -1.875368e-11 -3.011255e-11 -4.451961e-11 -6.067518e-11 -7.621900e-11 -8.803308e-11 -9.288374e-11 -8.825153e-11 -7.310605e-11 -4.837397e-11 -1.692873e-11 1.692873e-11 4.837397e-11 7.310605e-11 8.825153e-11 9.288374e-11 8.803308e-11 7.621900e-11 6.067518e-11 4.451961e-11 3.011255e-11 1.875368e-11 1.073391e-11 5.634586e-12 2.707458e-12 1.189015e-12 4.767494e-13 1.744424e-13 5.824619e-14 1.775429e-14 4.943709e-15 1.258600e-15 2.932318e-16 6.257700e-17 1.224153e-17 2.196401e-18 3.615160e-19 5.456887e-20 7.545662e-21 9.537168e-22 1.097347e-22 1.141066e-23 1.057953e-24 8.509585e-26 5.551849e-27 2.279957e-28 -6.913786e-30 -2.891937e-30 -4.110046e-31 -4.400750e-32 -4.005604e-33 -3.234996e-34 -2.365711e-35 -1.584254e-36 -9.782717e-38 -5.595288e-39 -2.973350e-40 -1.471155e-41 -6.787471e-43 -2.923078e-44 -1.175803e-45 -4.343703e-47 -8.056722e-49 -2.726494e-51 -1.520867e-54 -1.825552e-58 -6.058282e-63 -6.721851e-68 -2.874181e-73
9.940115e-72 2.199906e-66 1.878510e-61 5.368176e-57 4.244471e-53 7.225813e-50 2.028700e-47 1.040503e-45 2.684717e-44 6.363946e-43 1.408674e-41 2.908862e-40 5.595288e-39 1.000433e-37 1.657655e-36 2.533904e-35 3.548826e-34 4.502821e-33 5.071781e-32 4.857995e-31 3.504946e-30 8.501389e-30 -2.944318e-28 -7.355340e-27 -1.160040e-25 -1.485843e-24 -1.652712e-23 -1.640689e-22 -1.473379e-21 -1.205673e-20 -9.027126e-20 -6.197980e-19 -3.906676e-18 -2.261341e-17 -1.201831e-16 -5.861358e-16 -2.621086e-15 -1.073688e-14 -4.024857e-14 -1.379355e-13 -4.318123e-13 -1.234124e-12 -3.219449e-12 -7.668139e-12 -1.669014e-11 -3.324534e-11 -6.072688e-11 -1.019665e-10 -1.577803e-10 -2.254957e-10 -2.980916e-10 -3.645115e-10 -4.113564e-10 -4.256838e-10 -3.982138e-10 -3.260444e-10 -2.140685e-10 -7.462320e-11 7.462320e-11 2.140685e-10 3.260444e-10 3.982138e-10 4.256838e-10 4.113564e-10 3.645115e-10 2.980916e-10 2.254957e-10 1.577803e-10 1.019665e-10 6.072688e-11 3.324534e-11 1.669014e-11 7.668139e-12 3.219449e-12 1.234124e-12 4.318123e-13 1.379355e-13 4.024857e-14 1.073688e-14 2.621086e-15 5.861358e-16 1.201831e-16 2.261341e-17 3.906676e-18 6.197980e-19 9.027126e-20 1.205673e-20 1.473379e-21 1.640689e-22 1.652712e-23 1.485843e-24 1.160040e-25 7.355340e-27 2.944318e-28 -8.501389e-30 -3.504946e-30 -4.857995e-31 -5.071781e-32 -4.502821e-33 -3.548826e-34 -2.533904e-35 -1.657655e-36 -1.000433e-37 -5.595288e-39 -2.908862e-40 -1.408674e-41 -6.363946e-43 -2.684717e-44 -1.040503e-45 -2.028700e-47 -7.225813e-50 -4.244471e-53 -5.368176e-57 -1.878510e-61 -2.199906e-66 -9.940115e-72
3.188049e-70 6.685836e-65 5.415144e-60 1.468950e-55 1.103157e-51 1.784432e-48 4.761791e-46 2.323819e-44 5.715447e-43 1.291508e-41 2.723610e-40 5.352667e-39 9.782717e-38 1.657655e-36 2.592564e-35 3.716888e-34 4.830063e-33 5.574580e-32 5.473485e-31 4.047795e-30 9.980924e-30 -3.611096e-28 -9.254083e-27 -1.500841e-25 -1.979005e-24 -2.268221e-23 -2.322293e-22 -2.152771e-21 -1.820141e-20 -1.409373e-19 -1.001721e-18 -6.542619e-18 -3.928183e-17 -2.167634e-16 -1.098724e-15 -5.111385e-15 -2.180215e-14 -8.517191e-14 -3.044082e-13 -9.943745e-13 -2.966473e-12 -8.078631e-12 -2.008421e-11 -4.560985e-11 -9.473419e-11 -1.803230e-10 -3.153545e-10 -5.081835e-10 -7.568451e-10 -1.044456e-09 -1.337906e-09 -1.591189e-09 -1.753191e-09 -1.778280e-09 -1.637021e-09 -1.324267e-09 -8.624936e-10 -2.994526e-10 2.994526e-10 8.624936e-10 1.324267e-09 1.637021e-09 1.778280e-09 1.753191e-09 1.591189e-09 1.337906e-09 1.044456e-09 7.568451e-10 5.081835e-10 3.153545e-10 1.803230e-10 9.473419e-11 4.560985e-11 2.008421e-11 8.078631e-12 2.966473e-12 9.943745e-13 3.044082e-13 8.517191e-14 2.180215e-14 5.111385e-15 1.098724e-15 2.167634e-16 3.928183e-17 6.542619e-18 1.001721e-18 1.409373e-19 1.820141e-20 2.152771e-21 2.322293e-22 2.268221e-23 1.979005e-24 1.500841e-25 9.254083e-27 3.611096e-28 -9.980924e-30 -4.047795e-30 -5.473485e-31 -5.574580e-32 -4.830063e-33 -3.716888e-34 -2.592564e-35 -1.657655e-36 -9.782717e-38 -5.352667e-39 -2.723610e-40 -1.291508e-41 -5.715447e-43 -2.323819e-44 -4.761791e-46 -1.784432e-48 -1.103157e-51 -1.468950e-55 -5.415144e-60 -6.685836e-65 -3.188049e-70
9.490733e-69 1.888204e-63 1.452005e-58 3.741870e-54 2.670606e-50 4.106193e-47 1.041644e-44 4.836563e-43 1.133627e-41 2.440530e-40 4.898319e-39 9.146704e-38 1.584254e-36 2.533904e-35 3.716888e-34 4.944305e-33 5.844222e-32 5.879291e-31 4.455240e-30 1.119093e-29 -4.207446e-28 -1.106023e-26 -1.843509e-25 -2.500691e-24 -2.951003e-23 -3.113395e-22 -2.976562e-21 -2.597751e-20 -2.078162e-19 -1.527412e-18 -1.032572e-17 -6.422855e-17 -3.675363e-16 -1.933690e-15 -9.345770e-15 -4.145017e-14 -1.685044e-13 -6.271123e-13 -2.134169e-12 -6.634876e-12 -1.883017e-11 -4.877249e-11 -1.153252e-10 -2.491910e-10 -4.929056e-10 -8.947645e-10 -1.495287e-09 -2.308438e-09 -3.303585e-09 -4.395614e-09 -5.448727e-09 -6.295108e-09 -6.764759e-09 -6.719431e-09 -6.082607e-09 -4.858759e-09 -3.137925e-09 -1.084880e-09 1.084880e-09 3.137925e-09 4.858759e-09 6.082607e-09 6.719431e-09 6.764759e-09 6.295108e-09 5.448727e-09 4.395614e-09 3.303585e-09 2.308438e-09 1.495287e-09 8.947645e-10 4.929056e-10 2.491910e-10 1.153252e-10 4.877249e-11 1.883017e-11 6.634876e-12 2.134169e-12 6.271123e-13 1.685044e-13 4.145017e-14 9.345770e-15 1.933690e-15 3.675363e-16 6.422855e-17 1.032572e-17 1.527412e-18 2.078162e-19 2.597751e-20 2.976562e-21 3.113395e-22 2.951003e-23 2.500691e-24 1.843509e-25 1.106023e-26 4.207446e-28 -1.119093e-29 -4.455240e-30 -5.879291e-31 -5.844222e-32 -4.944305e-33 -3.716888e-34 -2.533904e-35 -1.584254e-36 -9.146704e-38 -4.898319e-39 -2.440530e-40 -1.133627e-41 -4.836563e-43 -1.041644e-44 -4.106193e-47 -2.670606e-50 -3.741870e-54 -1.452005e-58 -1.888204e-63 -9.490733e-69
2.624300e-67 4.957994e-62 3.622730e-57 8.874501e-53 6.021874e-49 8.802500e-46 2.122566e-43 9.373881e-42 2.092576e-40 4.287609e-39 8.176626e-38 1.446994e-36 2.365711e-35 3.548826e-34 4.830063e-33 5.844222e-32 6.021085e-31 4.673967e-30 1.198540e-29 -4.658209e-28 -1.256026e-26 -2.150427e-25 -2.998822e-24 -3.640904e-23 -3.955126e-22 -3.896477e-21 -3.507033e-20 -2.895816e-19 -2.198723e-18 -1.536874e-17 -9.893190e-17 -5.863897e-16 -3.198415e-15 -1.603975e-14 -7.387458e-14 -3.120931e-13 -1.207787e-12 -4.276064e-12 -1.383321e-11 -4.085119e-11 -1.100595e-10 -2.704945e-10 -6.068241e-10 -1.244398e-09 -2.338020e-09 -4.037258e-09 -6.431378e-09 -9.489867e-09 -1.302152e-08 -1.667113e-08 -1.996030e-08 -2.236385e-08 -2.340323e-08 -2.273487e-08 -2.021522e-08 -1.593171e-08 -1.019688e-08 -3.509514e-09 3.509514e-09 1.019688e-08 1.593171e-08 2.021522e-08 2.273487e-08 2.340323e-08 2.236385e-08 1.996030e-08 1.667113e-08 1.302152e-08 9.489867e-09 6.431378e-09 4.037258e-09 2.338020e-09 1.244398e-09 6.068241e-10 2.704945e-10 1.100595e-10 4.085119e-11 1.383321e-11 4.276064e-12 1.207787e-12 3.120931e-13 7.387458e-14 1.603975e-14 3.198415e-15 5.863897e-16 9.893190e-17 1.536874e-17 2.198723e-18 2.895816e-19 3.507033e-20 3.896477e-21 3.955126e-22 3.640904e-23 2.998822e-24 2.150427e-25 1.256026e-26 4.658209e-28 -1.198540e-29 -4.673967e-30 -6.021085e-31 -5.844222e-32 -4.830063e-33 -3.548826e-34 -2.365711e-35 -1.446994e-36 -8.176626e-38 -4.287609e-39 -2.092576e-40 -9.373881e-42 -2.122566e-43 -8.802500e-46 -6.021874e-49 -8.874501e-53 -3.622730e-57 -4.957994e-62 -2.624300e-67
6.743427e-66 1.210787e-60 8.411607e-56 1.959563e-51 1.264451e-47 1.757099e-44 4.025940e-42 1.689917e-40 3.589243e-39 6.987781e-38 1.262930e-36 2.109664e-35 3.234996e-34 4.502821e-33 5.574580e-32 5.879291e-31 4.673967e-30 1.226242e-29 -4.901211e-28 -1.355533e-26 -2.382659e-25 -3.413703e-24 -4.261183e-23 -4.762574e-22 -4.831016e-21 -4.480490e-20 -3.815229e-19 -2.989768e-18 -2.158660e-17 -1.436572e-16 -8.810291e-16 -4.976410e-15 -2.586487e-14 -1.235588e-13 -5.417901e-13 -2.177508e-12 -8.009797e-12 -2.692782e-11 -8.263316e-11 -2.312420e-10 -5.898271e-10 -1.371493e-09 -2.910011e-09 -5.644990e-09 -1.004078e-08 -1.643853e-08 -2.488154e-08 -3.498137e-08 -4.588474e-08 -5.636360e-08 -6.500622e-08 -7.045584e-08 -7.163718e-08 -6.792418e-08 -5.922612e-08 -4.599183e-08 -2.914651e-08 -9.981826e-09 9.981826e-09 2.914651e-08 4.599183e-08 5.922612e-08 6.792418e-08 7.163718e-08 7.045584e-08 6.500622e-08 5.636360e-08 4.588474e-08 3.498137e-08 2.488154e-08 1.643853e-08 1.004078e-08 5.644990e-09 2.910011e-09 1.371493e-09 5.898271e-10 2.312420e-10 8.263316e-11 2.692782e-11 8.009797e-12 2.177508e-12 5.417901e-13 1.235588e-13 2.586487e-14 4.976410e-15 8.810291e-16 1.436572e-16 2.158660e-17 2.989768e-18 3.815229e-19 4.480490e-20 4.831016e-21 4.762574e-22 4.261183e-23 3.413703e-24 2.382659e-25 1.355533e-26 4.901211e-28 -1.226242e-29 -4.673967e-30 -5.879291e-31 -5.574580e-32 -4.502821e-33 -3.234996e-34 -2.109664e-35 -1.262930e-36 -6.987781e-38 -3.589243e-39 -1.689917e-40 -4.025940e-42 -1.757099e-44 -1.264451e-47 -1.959563e-51 -8.411607e-56 -1.210787e-60 -6.743427e-66
1.610771e-64 2.750379e-59 1.817516e-54 4.027442e-50 2.471242e-46 3.263497e-43 7.099935e-41 2.829350e-39 5.707886e-38 1.053178e-36 1.796771e-35 2.815166e-34 4.005604e-33 5.071781e-32 5.473485e-31 4.455240e-30 1.198540e-29 -4.901211e-28 -1.390408e-26 -2.507933e-25 -3.689442e-24 -4.731794e-23 -5.437403e-22 -5.674762e-21 -5.418893e-20 -4.754536e-19 -3.842053e-18 -2.862803e-17 -1.967725e-16 -1.247405e-15 -7.288881e-15 -3.922115e-14 -1.941193e-13 -8.824719e-13 -3.679157e-12 -1.404453e-11 -4.900843e-11 -1.560891e-10 -4.531483e-10 -1.198023e-09 -2.883262e-09 -6.319334e-09 -1.263062e-08 -2.307952e-08 -3.869441e-08 -5.979661e-08 -8.561740e-08 -1.141863e-07 -1.425574e-07 -1.673018e-07 -1.851078e-07 -1.933179e-07 -1.902892e-07 -1.755358e-07 -1.496806e-07 -1.142821e-07 -7.160400e-08 -2.438224e-08 2.438224e-08 7.160400e-08 1.142821e-07 1.496806e-07 1.755358e-07 1.902892e-07 1.933179e-07 1.851078e-07 1.673018e-07 1.425574e-07 1.141863e-07 8.561740e-08 5.979661e-08 3.869441e-08 2.307952e-08 1.263062e-08 6.319334e-09 2.883262e-09 1.198023e-09 4.531483e-10 1.560891e-10 4.900843e-11 1.404453e-11 3.679157e-12 8.824719e-13 1.941193e-13 3.922115e-14 7.288881e-15 1.247405e-15 1.967725e-16 2.862803e-17 3.842053e-18 4.754536e-19 5.418893e-20 5.674762e-21 5.437403e-22 4.731794e-23 3.689442e-24 2.507933e-25 1.390408e-26 4.901211e-28 -1.198540e-29 -4.455240e-30 -5.473485e-31 -5.071781e-32 -4.005604e-33 -2.815166e-34 -1.796771e-35 -1.053178e-36 -5.707886e-38 -2.829350e-39 -7.099935e-41 -3.263497e-43 -2.471242e-46 -4.027442e-50 -1.817516e-54 -2.750379e-59 -1.610771e-64
3.577040e-63 5.811054e-58 3.653621e-53 7.700995e-49 4.492069e-45 5.633644e-42 1.162357e-39 4.389522e-38 8.389503e-37 1.461260e-35 2.338360e-34 3.399756e-33 4.400750e-32 4.857995e-31 4.047795e-30 1.119093e-29 -4.658209e-28 -1.355533e-26 -2.507933e-25 -3.786175e-24 -4.986068e-23 -5.886940e-22 -6.316828e-21 -6.206048e-20 -5.606295e-19 -4.667818e-18 -3.586343e-17 -2.543706e-16 -1.665277e-15 -1.005654e-14 -5.596811e-14 -2.867010e-13 -1.349837e-12 -5.831573e-12 -2.307683e-11 -8.349446e-11 -2.757041e-10 -8.294699e-10 -2.270472e-09 -5.649048e-09 -1.277205e-08 -2.625791e-08 -4.917734e-08 -8.416502e-08 -1.322110e-07 -1.916551e-07 -2.579186e-07 -3.241577e-07 -3.825966e-07 -4.260453e-07 -4.491279e-07 -4.489365e-07 -4.250779e-07 -3.792618e-07 -3.146589e-07 -2.352493e-07 -1.453121e-07 -4.912622e-08 4.912622e-08 1.453121e-07 2.352493e-07 3.146589e-07 3.792618e-07 4.250779e-07 4.489365e-07 4.491279e-07 4.260453e-07 3.825966e-07 3.241577e-07 2.579186e-07 1.916551e-07 1.322110e-07 8.416502e-08 4.917734e-08 2.625791e-08 1.277205e-08 5.649048e-09 2.270472e-09 8.294699e-10 2.757041e-10 8.349446e-11 2.307683e-11 5.831573e-12 1.349837e-12 2.867010e-13 5.596811e-14 1.005654e-14 1.665277e-15 2.543706e-16 3.586343e-17 4.667818e-18 5.606295e-19 6.206048e-20 6.316828e-21 5.886940e-22 4.986068e-23 3.786175e-24 2.507933e-25 1.355533e-26 4.658209e-28 -1.119093e-29 -4.047795e-30 -4.857995e-31 -4.400750e-32 -3.399756e-33 -2.338360e-34 -1.461260e-35 -8.389503e-37 -4.389522e-38 -1.162357e-39 -5.633644e-42 -4.492069e-45 -7.700995e-49 -3.653621e-53 -5.811054e-58 -3.577040e-63
7.384423e-62 1.141663e-56 6.829726e-52 1.368944e-47 7.586166e-44 9.024928e-41 1.762662e-38 6.290575e-37 1.134497e-35 1.853571e-34 2.752620e-33 3.641184e-32 4.110046e-31 3.504946e-30 9.980924e-30 -4.207446e-28 -1.256026e-26 -2.382659e-25 -3.689442e-24 -4.986068e-23 -6.044824e-22 -6.664359e-21 -6.731688e-20 -6.256474e-19 -5.363113e-18 -4.245380e-17 -3.104638e-16 -2.097154e-15 -1.307709e-14 -7.520283e-14 -3.983371e-13 -1.940452e-12 -8.678411e-12 -3.556621e-11 -1.332958e-10 -4.559030e-10 -1.420087e-09 -4.020870e-09 -1.033246e-08 -2.407241e-08 -5.083629e-08 -9.739928e-08 -1.696877e-07 -2.698352e-07 -3.936915e-07 -5.303137e-07 -6.639676e-07 -7.778040e-07 -8.576914e-07 -8.948951e-07 -8.869790e-07 -8.370672e-07 -7.520679e-07 -6.405752e-07 -5.110312e-07 -3.704827e-07 -2.240329e-07 -7.492138e-08 7.492138e-08 2.240329e-07 3.704827e-07 5.110312e-07 6.405752e-07 7.520679e-07 8.370672e-07 8.869790e-07 8.948951e-07 8.576914e-07 7.778040e-07 6.639676e-07 5.303137e-07 3.936915e-07 2.698352e-07 1.696877e-07 9.739928e-08 5.083629e-08 2.407241e-08 1.033246e-08 4.020870e-09 1.420087e-09 4.559030e-10 1.332958e-10 3.556621e-11 8.678411e-12 1.940452e-12 3.983371e-13 7.520283e-14 1.307709e-14 2.097154e-15 3.104638e-16 4.245380e-17 5.363113e-18 6.256474e-19 6.731688e-20 6.664359e-21 6.044824e-22 4.986068e-23 3.689442e-24 2.382659e-25 1.256026e-26 4.207446e-28 -9.980924e-30 -3.504946e-30 -4.110046e-31 -3.641184e-32 -2.752620e-33 -1.853571e-34 -1.134497e-35 -6.290575e-37 -1.762662e-38 -9.024928e-41 -7.586166e-44 -1.368944e-47 -6.829726e-52 -1.141663e-56 -7.384423e-62
1.416732e-60 2.084611e-55 1.186285e-50 2.259829e-46 1.188456e-42 1.338798e-39 2.468318e-37 8.289421e-36 1.401740e-34 2.125510e-33 2.872215e-32 3.313989e-31 2.891937e-30 8.501389e-30 -3.611096e-28 -1.106023e-26 -2.150427e-25 -3.413703e-24 -4.731794e-23 -5.886940e-22 -6.664359e-21 -6.916526e-20 -6.609051e-19 -5.828582e-18 -4.750046e-17 -3.578759e-16 -2.492297e-15 -1.603378e-14 -9.519542e-14 -5.209291e-13 -2.623271e-12 -1.213454e-11 -5.145651e-11 -1.995890e-10 -7.064744e-10 -2.276533e-09 -6.662451e-09 -1.766905e-08 -4.238411e-08 -9.184694e-08 -1.797495e-07 -3.180121e-07 -5.099356e-07 -7.442990e-07 -9.946260e-07 -1.225162e-06 -1.400886e-06 -1.496896e-06 -1.503702e-06 -1.427374e-06 -1.285615e-06 -1.101945e-06 -8.999928e-07 -6.992239e-07 -5.125764e-07 -3.458432e-07 -1.983615e-07 -6.449206e-08 6.449206e-08 1.983615e-07 3.458432e-07 5.125764e-07 6.992239e-07 8.999928e-07 1.101945e-06 1.285615e-06 1.427374e-06 1.503702e-06 1.496896e-06 1.400886e-06 1.225162e-06 9.946260e-07 7.442990e-07 5.099356e-07 3.180121e-07 1.797495e-07 9.184694e-08 4.238411e-08 1.766905e-08 6.662451e-09 2.276533e-09 7.064744e-10 1.995890e-10 5.145651e-11 1.213454e-11 2.623271e-12 5.209291e-13 9.519542e-14 1.603378e-14 2.492297e-15 3.578759e-16 4.750046e-17 5.828582e-18 6.609051e-19 6.916526e-20 6.664359e-21 5.886940e-22 4.731794e-23 3.413703e-24 2.150427e-25 1.106023e-26 3.611096e-28 -8.501389e-30 -2.891937e-30 -3.313989e-31 -2.872215e-32 -2.125510e-33 -1.401740e-34 -8.289421e-36 -2.468318e-37 -1.338798e-39 -1.188456e-42 -2.259829e-46 -1.186285e-50 -2.084611e-55 -1.416732e-60
2.524721e-59 3.534953e-54 1.912548e-49 3.459118e-45 1.723527e-41 1.833584e-38 3.177611e-36 9.975130e-35 1.564772e-33 2.159405e-32 2.546036e-31 2.273244e-30 6.913786e-30 -2.944318e-28 -9.254083e-27 -1.843509e-25 -2.998822e-24 -4.261183e-23 -5.437403e-22 -6.316828e-21 -6.731688e-20 -6.609051e-19 -5.992465e-18 -5.024236e-17 -3.896971e-16 -2.795850e-15 -1.854243e-14 -1.135680e-13 -6.415200e-13 -3.336790e-12 -1.595122e-11 -6.993212e-11 -2.805095e-10 -1.026800e-09 -3.420559e-09 -1.034043e-08 -2.828535e-08 -6.981920e-08 -1.551445e-07 -3.097999e-07 -5.554948e-07 -8.949709e-07 -1.298600e-06 -1.703784e-06 -2.031755e-06 -2.213909e-06 -2.213667e-06 -2.034828e-06 -1.716019e-06 -1.316277e-06 -8.986922e-07 -5.174077e-07 -2.101501e-07 3.793328e-09 1.218008e-07 1.542271e-07 1.203399e-07 4.483177e-08 -4.483177e-08 -1.203399e-07 -1.542271e-07 -1.218008e-07 -3.793328e-09 2.101501e-07 5.174077e-07 8.986922e-07 1.316277e-06 1.716019e-06 2.034828e-06 2.213667e-06 2.213909e-06 2.031755e-06 1.703784e-06 1.298600e-06 8.949709e-07 5.554948e-07 3.097999e-07 1.551445e-07 6.981920e-08 2.828535e-08 1.034043e-08 3.420559e-09 1.026800e-09 2.805095e-10 6.993212e-11 1.595122e-11 3.336790e-12 6.415200e-13 1.135680e-13 1.854243e-14 2.795850e-15 3.896971e-16 5.024236e-17 5.992465e-18 6.609051e-19 6.731688e-20 6.316828e-21 5.437403e-22 4.261183e-23 2.998822e-24 1.843509e-25 9.254083e-27 2.944318e-28 -6.913786e-30 -2.273244e-30 -2.546036e-31 -2.159405e-32 -1.564772e-33 -9.975130e-35 -3.177611e-36 -1.833584e-38 -1.723527e-41 -3.459118e-45 -1.912548e-49 -3.534953e-54 -2.524721e-59
4.175951e-58 5.560876e-53 2.857763e-48 4.899607e-44 2.307077e-40 2.308540e-37 3.735590e-35 1.083991e-33 1.546777e-32 1.863186e-31 1.701898e-30 5.366739e-30 -2.279957e-28 -7.355340e-27 -1.500841e-25 -2.500691e-24 -3.640904e-23 -4.762574e-22 -5.674762e-21 -6.206048e-20 -6.256474e-19 -5.828582e-18 -5.024236e-17 -4.009150e-16 -2.961088e-15 -2.023040e-14 -1.277262e-13 -7.442127e-13 -3.995203e-12 -1.972237e-11 -8.932755e-11 -3.702730e-10 -1.400721e-09 -4.821021e-09 -1.504673e-08 -4.243553e-08 -1.077492e-07 -2.454178e-07 -4.996872e-07 -9.067310e-07 -1.463062e-06 -2.096502e-06 -2.666826e-06 -3.009580e-06 -3.002345e-06 -2.612762e-06 -1.904658e-06 -1.008821e-06 -7.856298e-08 7.506117e-07 1.385050e-06 1.779449e-06 1.930434e-06 1.863540e-06 1.619655e-06 1.244076e-06 7.798921e-07 2.653764e-07 -2.653764e-07 -7.798921e-07 -1.244076e-06 -1.619655e-06 -1.863540e-06 -1.930434e-06 -1.779449e-06 -1.385050e-06 -7.506117e-07 7.856298e-08 1.008821e-06 1.904658e-06 2.612762e-06 3.002345e-06 3.009580e-06 2.666826e-06 2.096502e-06 1.463062e-06 9.067310e-07 4.996872e-07 2.454178e-07 1.077492e-07 4.243553e-08 1.504673e-08 4.821021e-09 1.400721e-09 3.702730e-10 8.932755e-11 1.972237e-11 3.995203e-12 7.442127e-13 1.277262e-13 2.023040e-14 2.961088e-15 4.009150e-16 5.024236e-17 5.828582e-18 6.256474e-19 6.206048e-20 5.674762e-21 4.762574e-22 3.640904e-23 2.500691e-24 1.500841e-25 7.355340e-27 2.279957e-28 -5.366739e-30 -1.701898e-30 -1.863186e-31 -1.546777e-32 -1.083991e-33 -3.735590e-35 -2.308540e-37 -2.307077e-40 -4.899607e-44 -2.857763e-48 -5.560876e-53 -4.175951e-58
