0.000000e+00 0.000000e+00 0.000000e+00 0.000000e+00 0.000000e+00 0.000000e+00 0.000000e+00 0.000000e+00 0.000000e+00 0.000000e+00 0.000000e+00 0.000000e+00 0.000000e+00 0.000000e+00 0.000000e+00 0.000000e+00 0.000000e+00 0.000000e+00 0.000000e+00 0.000000e+00 0.000000e+00 0.000000e+00 0.000000e+00 0.000000e+00 0.000000e+00 0.000000e+00 0.000000e+00 0.000000e+00 0.000000e+00 0.000000e+00 0.000000e+00 0.000000e+00 0.000000e+00 0.000000e+00 0.000000e+00 0.000000e+00 0.000000e+00 0.000000e+00 0.000000e+00 0.000000e+00 0.000000e+00 0.000000e+00 0.000000e+00 0.000000e+00 0.000000e+00 0.000000e+00 0.000000e+00 0.000000e+00 0.000000e+00 0.000000e+00 0.000000e+00 0.000000e+00 0.000000e+00 0.000000e+00 0.000000e+00 0.000000e+00 0.000000e+00 0.000000e+00 0.000000e+00 0.000000e+00 0.000000e+00 0.000000e+00 0.000000e+00 0.000000e+00 0.000000e+00 0.000000e+00 0.000000e+00 0.000000e+00 0.000000e+00 0.000000e+00 0.000000e+00 0.000000e+00 0.000000e+00 0.000000e+00 0.000000e+00 0.000000e+00 0.000000e+00 0.000000e+00 0.000000e+00 0.000000e+00 0.000000e+00 0.000000e+00 0.000000e+00 0.000000e+00 0.000000e+00 0.000000e+00 0.000000e+00 0.000000e+00 0.000000e+00 0.000000e+00 0.000000e+00 0.000000e+00 0.000000e+00 0.000000e+00 0.000000e+00 0.000000e+00 0.000000e+00 0.000000e+00 0.000000e+00 0.000000e+00 0.000000e+00 0.000000e+00 0.000000e+00 0.000000e+00 0.000000e+00 0.000000e+00 0.000000e+00 0.000000e+00 0.000000e+00 0.000000e+00 0.000000e+00 0.000000e+00 0.000000e+00 0.000000e+00 0.000000e+00 0.000000e+00
0.000000e+00 0.000000e+00 0.000000e+00 0.000000e+00 0.000000e+00 0.000000e+00 0.000000e+00 0.000000e+00 0.000000e+00 0.000000e+00 0.000000e+00 0.000000e+00 0.000000e+00 0.000000e+00 0.000000e+00 0.000000e+00 1.595944e-95 1.202031e-92 4.402322e-90 1.044622e-87 1.805373e-85 2.421928e-83 2.624553e-81 2.360614e-79 1.796893e-77 1.174459e-75 6.664612e-74 3.311763e-72 1.450814e-70 5.632854e-69 1.946293e-67 6.004033e-66 1.657613e-64 4.102828e-63 9.114586e-62 1.818435e-60 3.258313e-59 5.241173e-58 7.561138e-57 9.768246e-56 1.127740e-54 1.160295e-53 1.060131e-52 8.563154e-52 6.080111e-51 3.767015e-50 2.016813e-49 9.206252e-49 3.512515e-48 1.083875e-47 2.531660e-47 3.674253e-47 -5.471037e-48 -2.071136e-46 -6.446678e-46 -1.151466e-45 -1.241633e-45 -5.528321e-46 5.528321e-46 1.241633e-45 1.151466e-45 6.446678e-46 2.071136e-46 5.471037e-48 -3.674253e-47 -2.531660e-47 -1.083875e-47 -3.512515e-48 -9.206252e-49 -2.016813e-49 -3.767015e-50 -6.080111e-51 -8.563154e-52 -1.060131e-52 -1.160295e-53 -1.127740e-54 -9.768246e-56 -7.561138e-57 -5.241173e-58 -3.258313e-59 -1.818435e-60 -9.114586e-62 -4.102828e-63 -1.657613e-64 -6.004033e-66 -1.946293e-67 -5.632854e-69 -1.450814e-70 -3.311763e-72 -6.664612e-74 -1.174459e-75 -1.796893e-77 -2.360614e-79 -2.624553e-81 -2.421928e-83 -1.805373e-85 -1.044622e-87 -4.402322e-90 -1.202031e-92 -1.595944e-95 0.000000e+00 0.000000e+00 0.000000e+00 0.000000e+00 0.000000e+00 0.000000e+00 0.000000e+00 0.000000e+00 0.000000e+00 0.000000e+00 0.000000e+00 0.000000e+00 0.000000e+00 0.000000e+00 0.000000e+00 0.000000e+00
0.000000e+00 0.000000e+00 0.000000e+00 0.000000e+00 0.000000e+00 0.000000e+00 0.000000e+00 0.000000e+00 0.000000e+00 0.000000e+00 0.000000e+00 0.000000e+00 0.000000e+00 0.000000e+00 0.000000e+00 7.890699e-92 6.077766e-89 2.277689e-86 5.533792e-84 9.798566e-82 1.347670e-79 1.498358e-77 1.383728e-75 1.082328e-73 7.275311e-72 4.249637e-70 2.175755e-68 9.830412e-67 3.940592e-65 1.407372e-63 4.493043e-62 1.285417e-60 3.301542e-59 7.622530e-58 1.583059e-56 2.957989e-55 4.971297e-54 7.508844e-53 1.017976e-51 1.236372e-50 1.341888e-49 1.297240e-48 1.112343e-47 8.414417e-47 5.575798e-46 3.205891e-45 1.577900e-44 6.511345e-44 2.172095e-43 5.403737e-43 7.479719e-43 -9.751174e-43 -9.840675e-42 -3.401939e-41 -7.595475e-41 -1.168036e-40 -1.162843e-40 -4.991118e-41 4.991118e-41 1.162843e-40 1.168036e-40 7.595475e-41 3.401939e-41 9.840675e-42 9.751174e-43 -7.479719e-43 -5.403737e-43 -2.172095e-43 -6.511345e-44 -1.577900e-44 -3.205891e-45 -5.575798e-46 -8.414417e-47 -1.112343e-47 -1.297240e-48 -1.341888e-49 -1.236372e-50 -1.017976e-51 -7.508844e-53 -4.971297e-54 -2.957989e-55 -1.583059e-56 -7.622530e-58 -3.301542e-59 -1.285417e-60 -4.493043e-62 -1.407372e-63 -3.940592e-65 -9.830412e-67 -2.175755e-68 -4.249637e-70 -7.275311e-72 -1.082328e-73 -1.383728e-75 -1.498358e-77 -1.347670e-79 -9.798566e-82 -5.533792e-84 -2.277689e-86 -6.077766e-89 -7.890699e-92 0.000000e+00 0.000000e+00 0.000000e+00 0.000000e+00 0.000000e+00 0.000000e+00 0.000000e+00 0.000000e+00 0.000000e+00 0.000000e+00 0.000000e+00 0.000000e+00 0.000000e+00 0.000000e+00 0.000000e+00
0.000000e+00 0.000000e+00 0.000000e+00 0.000000e+00 0.000000e+00 0.000000e+00 0.000000e+00 0.000000e+00 0.000000e+00 0.000000e+00 0.000000e+00 0.000000e+00 0.000000e+00 0.000000e+00 1.457907e-88 1.147662e-85 4.398063e-83 1.093303e-80 1.981968e-78 2.792635e-76 3.182998e-74 3.015582e-72 2.421615e-70 1.672503e-68 1.004615e-66 5.293888e-65 2.464113e-63 1.018608e-61 3.755529e-60 1.239110e-58 3.668132e-57 9.761375e-56 2.338242e-54 5.045825e-53 9.812431e-52 1.719300e-50 2.712545e-49 3.849057e-48 4.903972e-47 5.596966e-46 5.704844e-45 5.172470e-44 4.150177e-43 2.926599e-42 1.796723e-41 9.471950e-41 4.194648e-40 1.498246e-39 3.913223e-39 4.804088e-39 -1.708236e-38 -1.377758e-37 -5.282376e-37 -1.401059e-36 -2.729355e-36 -3.862010e-36 -3.654451e-36 -1.530313e-36 1.530313e-36 3.654451e-36 3.862010e-36 2.729355e-36 1.401059e-36 5.282376e-37 1.377758e-37 1.708236e-38 -4.804088e-39 -3.913223e-39 -1.498246e-39 -4.194648e-40 -9.471950e-41 -1.796723e-41 -2.926599e-42 -4.150177e-43 -5.172470e-44 -5.704844e-45 -5.596966e-46 -4.903972e-47 -3.849057e-48 -2.712545e-49 -1.719300e-50 -9.812431e-52 -5.045825e-53 -2.338242e-54 -9.761375e-56 -3.668132e-57 -1.239110e-58 -3.755529e-60 -1.018608e-61 -2.464113e-63 -5.293888e-65 -1.004615e-66 -1.672503e-68 -2.421615e-70 -3.015582e-72 -3.182998e-74 -2.792635e-76 -1.981968e-78 -1.093303e-80 -4.398063e-83 -1.147662e-85 -1.457907e-88 0.000000e+00 0.000000e+00 0.000000e+00 0.000000e+00 0.000000e+00 0.000000e+00 0.000000e+00 0.000000e+00 0.000000e+00 0.000000e+00 0.000000e+00 0.000000e+00 0.000000e+00 0.000000e+00
0.000000e+00 0.000000e+00 0.000000e+00 0.000000e+00 0.000000e+00 0.000000e+00 0.000000e+00 0.000000e+00 0.000000e+00 0.000000e+00 0.000000e+00 0.000000e+00 0.000000e+00 8.541474e-86 6.867647e-83 2.689531e-80 6.836246e-78 1.267911e-75 1.828885e-73 2.135340e-71 2.073732e-69 1.708225e-67 1.211126e-65 7.473883e-64 4.049539e-62 1.939800e-60 8.259864e-59 3.140041e-57 1.069371e-55 3.271174e-54 9.005934e-53 2.234712e-51 5.002356e-50 1.010577e-48 1.842401e-47 3.029655e-46 4.489088e-45 5.984238e-44 7.161623e-43 7.672147e-42 7.329576e-41 6.213261e-40 4.641958e-39 3.027634e-38 1.699693e-37 8.022953e-37 3.042347e-36 8.225716e-36 7.860546e-36 -6.809469e-35 -5.149803e-34 -2.172298e-33 -6.636624e-33 -1.549089e-32 -2.772957e-32 -3.701341e-32 -3.372439e-32 -1.385858e-32 1.385858e-32 3.372439e-32 3.701341e-32 2.772957e-32 1.549089e-32 6.636624e-33 2.172298e-33 5.149803e-34 6.809469e-35 -7.860546e-36 -8.225716e-36 -3.042347e-36 -8.022953e-37 -1.699693e-37 -3.027634e-38 -4.641958e-39 -6.213261e-40 -7.329576e-41 -7.672147e-42 -7.161623e-43 -5.984238e-44 -4.489088e-45 -3.029655e-46 -1.842401e-47 -1.010577e-48 -5.002356e-50 -2.234712e-51 -9.005934e-53 -3.271174e-54 -1.069371e-55 -3.140041e-57 -8.259864e-59 -1.939800e-60 -4.049539e-62 -7.473883e-64 -1.211126e-65 -1.708225e-67 -2.073732e-69 -2.135340e-71 -1.828885e-73 -1.267911e-75 -6.836246e-78 -2.689531e-80 -6.867647e-83 -8.541474e-86 0.000000e+00 0.000000e+00 0.000000e+00 0.000000e+00 0.000000e+00 0.000000e+00 0.000000e+00 0.000000e+00 0.000000e+00 0.000000e+00 0.000000e+00 0.000000e+00 0.000000e+00
0.000000e+00 0.000000e+00 0.000000e+00 0.000000e+00 0.000000e+00 0.000000e+00 0.000000e+00 0.000000e+00 0.000000e+00 0.000000e+00 0.000000e+00 0.000000e+00 1.273684e-83 1.045383e-80 4.181208e-78 1.086000e-75 2.059343e-73 3.038822e-71 3.631859e-69 3.612724e-67 3.050268e-65 2.218189e-63 1.405054e-61 7.820398e-60 3.851362e-58 1.687493e-56 6.607183e-55 2.319775e-53 7.323333e-52 2.083061e-50 5.346577e-49 1.239532e-47 2.596979e-46 4.917325e-45 8.411243e-44 1.298598e-42 1.806998e-41 2.261692e-40 2.539299e-39 2.548065e-38 2.274019e-37 1.792858e-36 1.236782e-35 7.356102e-35 3.678774e-34 1.469640e-33 4.053500e-33 2.144153e-33 -5.715495e-32 -4.277502e-31 -1.968151e-30 -6.780942e-30 -1.834383e-29 -3.932242e-29 -6.608973e-29 -8.424034e-29 -7.442838e-29 -3.011471e-29 3.011471e-29 7.442838e-29 8.424034e-29 6.608973e-29 3.932242e-29 1.834383e-29 6.780942e-30 1.968151e-30 4.277502e-31 5.715495e-32 -2.144153e-33 -4.053500e-33 -1.469640e-33 -3.678774e-34 -7.356102e-35 -1.236782e-35 -1.792858e-36 -2.274019e-37 -2.548065e-38 -2.539299e-39 -2.261692e-40 -1.806998e-41 -1.298598e-42 -8.411243e-44 -4.917325e-45 -2.596979e-46 -1.239532e-47 -5.346577e-49 -2.083061e-50 -7.323333e-52 -2.319775e-53 -6.607183e-55 -1.687493e-56 -3.851362e-58 -7.820398e-60 -1.405054e-61 -2.218189e-63 -3.050268e-65 -3.612724e-67 -3.631859e-69 -3.038822e-71 -2.059343e-73 -1.086000e-75 -4.181208e-78 -1.045383e-80 -1.273684e-83 0.000000e+00 0.000000e+00 0.000000e+00 0.000000e+00 0.000000e+00 0.000000e+00 0.000000e+00 0.000000e+00 0.000000e+00 0.000000e+00 0.000000e+00 0.000000e+00
0.000000e+00 0.000000e+00 0.000000e+00 0.000000e+00 0.000000e+00 0.000000e+00 0.000000e+00 0.000000e+00 0.000000e+00 0.000000e+00 0.000000e+00 3.671108e-82 3.074127e-79 1.255070e-76 3.329162e-74 6.450613e-72 9.731607e-70 1.189778e-67 1.211412e-65 1.047588e-63 7.807923e-62 5.072449e-60 2.897745e-58 1.465846e-56 6.602569e-55 2.659861e-53 9.617372e-52 3.129735e-50 9.186188e-49 2.435670e-47 5.840042e-46 1.267017e-44 2.487574e-43 4.418329e-42 7.093893e-41 1.028222e-39 1.342883e-38 1.576149e-37 1.656607e-36 1.551691e-35 1.286565e-34 9.350647e-34 5.866286e-33 3.092055e-32 1.292447e-31 3.581426e-31 -3.730702e-32 -8.098140e-30 -6.142139e-29 -3.059504e-28 -1.170517e-27 -3.588352e-27 -8.914325e-27 -1.788663e-26 -2.854511e-26 -3.499142e-26 -3.010992e-26 -1.202109e-26 1.202109e-26 3.010992e-26 3.499142e-26 2.854511e-26 1.788663e-26 8.914325e-27 3.588352e-27 1.170517e-27 3.059504e-28 6.142139e-29 8.098140e-30 3.730702e-32 -3.581426e-31 -1.292447e-31 -3.092055e-32 -5.866286e-33 -9.350647e-34 -1.286565e-34 -1.551691e-35 -1.656607e-36 -1.576149e-37 -1.342883e-38 -1.028222e-39 -7.093893e-41 -4.418329e-42 -2.487574e-43 -1.267017e-44 -5.840042e-46 -2.435670e-47 -9.186188e-49 -3.129735e-50 -9.617372e-52 -2.659861e-53 -6.602569e-55 -1.465846e-56 -2.897745e-58 -5.072449e-60 -7.807923e-62 -1.047588e-63 -1.211412e-65 -1.189778e-67 -9.731607e-70 -6.450613e-72 -3.329162e-74 -1.255070e-76 -3.074127e-79 -3.671108e-82 0.000000e+00 0.000000e+00 0.000000e+00 0.000000e+00 0.000000e+00 0.000000e+00 0.000000e+00 0.000000e+00 0.000000e+00 0.000000e+00 0.000000e+00
0.000000e+00 0.000000e+00 0.000000e+00 0.000000e+00 0.000000e+00 0.000000e+00 0.000000e+00 0.000000e+00 0.000000e+00 0.000000e+00 1.709565e-81 1.460188e-78 6.083512e-76 1.647519e-73 3.260806e-71 5.027664e-69 6.285574e-67 6.548159e-65 5.797340e-63 4.426494e-61 2.947929e-59 1.727578e-57 8.971453e-56 4.151649e-54 1.719705e-52 6.399016e-51 2.144975e-49 6.491245e-48 1.776376e-46 4.400786e-45 9.876413e-44 2.008322e-42 3.699386e-41 6.168545e-40 9.299603e-39 1.265287e-37 1.549734e-36 1.702782e-35 1.670385e-34 1.453097e-33 1.109804e-32 7.323405e-32 4.056028e-31 1.767690e-30 4.878470e-30 -4.556858e-30 -1.667631e-28 -1.303734e-27 -7.000792e-27 -2.943430e-26 -1.007085e-25 -2.838242e-25 -6.590929e-25 -1.251463e-24 -1.910254e-24 -2.263287e-24 -1.902987e-24 -7.508904e-25 7.508904e-25 1.902987e-24 2.263287e-24 1.910254e-24 1.251463e-24 6.590929e-25 2.838242e-25 1.007085e-25 2.943430e-26 7.000792e-27 1.303734e-27 1.667631e-28 4.556858e-30 -4.878470e-30 -1.767690e-30 -4.056028e-31 -7.323405e-32 -1.109804e-32 -1.453097e-33 -1.670385e-34 -1.702782e-35 -1.549734e-36 -1.265287e-37 -9.299603e-39 -6.168545e-40 -3.699386e-41 -2.008322e-42 -9.876413e-44 -4.400786e-45 -1.776376e-46 -6.491245e-48 -2.144975e-49 -6.399016e-51 -1.719705e-52 -4.151649e-54 -8.971453e-56 -1.727578e-57 -2.947929e-59 -4.426494e-61 -5.797340e-63 -6.548159e-65 -6.285574e-67 -5.027664e-69 -3.260806e-71 -1.647519e-73 -6.083512e-76 -1.460188e-78 -1.709565e-81 0.000000e+00 0.000000e+00 0.000000e+00 0.000000e+00 0.000000e+00 0.000000e+00 0.000000e+00 0.000000e+00 0.000000e+00 0.000000e+00
0.000000e+00 0.000000e+00 0.000000e+00 0.000000e+00 0.000000e+00 0.000000e+00 0.000000e+00 0.000000e+00 0.000000e+00 2.220038e-81 1.935167e-78 8.231803e-76 2.277228e-73 4.606276e-71 7.262119e-69 9.288542e-67 9.905385e-65 8.982271e-63 7.028952e-61 4.800676e-59 2.887177e-57 1.539785e-55 7.323307e-54 3.120152e-52 1.195186e-50 4.127928e-49 1.288354e-47 3.639774e-46 9.318900e-45 2.163819e-43 4.557927e-42 8.708364e-41 1.508208e-39 2.365129e-38 3.352551e-37 4.285176e-36 4.922329e-35 5.057575e-34 4.617133e-33 3.707614e-32 2.576438e-31 1.503442e-30 6.878893e-30 1.935316e-29 -3.102481e-29 -8.848082e-28 -7.305824e-27 -4.242342e-26 -1.953102e-25 -7.399012e-25 -2.336605e-24 -6.166734e-24 -1.355103e-23 -2.456429e-23 -3.610171e-23 -4.154727e-23 -3.424898e-23 -1.337951e-23 1.337951e-23 3.424898e-23 4.154727e-23 3.610171e-23 2.456429e-23 1.355103e-23 6.166734e-24 2.336605e-24 7.399012e-25 1.953102e-25 4.242342e-26 7.305824e-27 8.848082e-28 3.102481e-29 -1.935316e-29 -6.878893e-30 -1.503442e-30 -2.576438e-31 -3.707614e-32 -4.617133e-33 -5.057575e-34 -4.922329e-35 -4.285176e-36 -3.352551e-37 -2.365129e-38 -1.508208e-39 -8.708364e-41 -4.557927e-42 -2.163819e-43 -9.318900e-45 -3.639774e-46 -1.288354e-47 -4.127928e-49 -1.195186e-50 -3.120152e-52 -7.323307e-54 -1.539785e-55 -2.887177e-57 -4.800676e-59 -7.028952e-61 -8.982271e-63 -9.905385e-65 -9.288542e-67 -7.262119e-69 -4.606276e-71 -2.277228e-73 -8.231803e-76 -1.935167e-78 -2.220038e-81 0.000000e+00 0.000000e+00 0.000000e+00 0.000000e+00 0.000000e+00 0.000000e+00 0.000000e+00 0.000000e+00 0.000000e+00
0.000000e+00 0.000000e+00 0.000000e+00 0.000000e+00 0.000000e+00 0.000000e+00 0.000000e+00 0.000000e+00 2.265345e-81 2.015751e-78 8.756841e-76 2.475086e-73 5.117659e-71 8.251585e-69 1.079939e-66 1.179060e-64 1.095242e-62 8.784813e-61 6.153662e-59 3.798211e-57 2.080370e-55 1.016900e-53 4.456266e-52 1.757144e-50 6.252490e-49 2.012333e-47 5.868156e-46 1.552384e-44 3.728519e-43 8.133324e-42 1.611243e-40 2.897242e-39 4.723818e-38 6.972493e-37 9.295269e-36 1.115578e-34 1.199810e-33 1.148770e-32 9.694426e-32 7.093548e-31 4.365146e-30 2.105046e-29 6.149934e-29 -1.275913e-28 -3.473136e-27 -3.057571e-26 -1.918396e-25 -9.626292e-25 -4.008264e-24 -1.404130e-23 -4.154763e-23 -1.036991e-22 -2.171532e-22 -3.778144e-22 -5.368592e-22 -6.020294e-22 -4.876145e-22 -1.888007e-22 1.888007e-22 4.876145e-22 6.020294e-22 5.368592e-22 3.778144e-22 2.171532e-22 1.036991e-22 4.154763e-23 1.404130e-23 4.008264e-24 9.626292e-25 1.918396e-25 3.057571e-26 3.473136e-27 1.275913e-28 -6.149934e-29 -2.105046e-29 -4.365146e-30 -7.093548e-31 -9.694426e-32 -1.148770e-32 -1.199810e-33 -1.115578e-34 -9.295269e-36 -6.972493e-37 -4.723818e-38 -2.897242e-39 -1.611243e-40 -8.133324e-42 -3.728519e-43 -1.552384e-44 -5.868156e-46 -2.012333e-47 -6.252490e-49 -1.757144e-50 -4.456266e-52 -1.016900e-53 -2.080370e-55 -3.798211e-57 -6.153662e-59 -8.784813e-61 -1.095242e-62 -1.179060e-64 -1.079939e-66 -8.251585e-69 -5.117659e-71 -2.475086e-73 -8.756841e-76 -2.015751e-78 -2.265345e-81 0.000000e+00 0.000000e+00 0.000000e+00 0.000000e+00 0.000000e+00 0.000000e+00 0.000000e+00 0.000000e+00
0.000000e+00 0.000000e+00 0.000000e+00 0.000000e+00 0.000000e+00 0.000000e+00 0.000000e+00 2.167646e-81 2.015751e-78 8.939291e-76 2.580423e-73 5.451475e-71 8.985206e-69 1.202688e-66 1.343623e-64 1.277834e-62 1.049944e-60 7.538674e-59 4.772426e-57 2.682775e-55 1.346808e-53 6.065933e-52 2.460177e-50 9.011480e-49 2.988128e-47 8.985686e-46 2.453674e-44 6.089278e-43 1.373982e-41 2.818775e-40 5.255408e-39 8.896293e-38 1.365241e-36 1.895140e-35 2.372104e-34 2.665268e-33 2.670760e-32 2.363193e-31 1.816324e-30 1.175661e-29 5.960763e-29 1.806019e-28 -4.632107e-28 -1.236517e-26 -1.156964e-25 -7.801126e-25 -4.237752e-24 -1.923701e-23 -7.402343e-23 -2.426555e-22 -6.777003e-22 -1.607526e-21 -3.219304e-21 -5.390546e-21 -7.421678e-21 -8.123036e-21 -6.471826e-21 -2.485094e-21 2.485094e-21 6.471826e-21 8.123036e-21 7.421678e-21 5.390546e-21 3.219304e-21 1.607526e-21 6.777003e-22 2.426555e-22 7.402343e-23 1.923701e-23 4.237752e-24 7.801126e-25 1.156964e-25 1.236517e-26 4.632107e-28 -1.806019e-28 -5.960763e-29 -1.175661e-29 -1.816324e-30 -2.363193e-31 -2.670760e-32 -2.665268e-33 -2.372104e-34 -1.895140e-35 -1.365241e-36 -8.896293e-38 -5.255408e-39 -2.818775e-40 -1.373982e-41 -6.089278e-43 -2.453674e-44 -8.985686e-46 -2.988128e-47 -9.011480e-49 -2.460177e-50 -6.065933e-52 -1.346808e-53 -2.682775e-55 -4.772426e-57 -7.538674e-59 -1.049944e-60 -1.277834e-62 -1.343623e-64 -1.202688e-66 -8.985206e-69 -5.451475e-71 -2.580423e-73 -8.939291e-76 -2.015751e-78 -2.167646e-81 0.000000e+00 0.000000e+00 0.000000e+00 0.000000e+00 0.000000e+00 0.000000e+00 0.000000e+00
0.000000e+00 0.000000e+00 0.000000e+00 0.000000e+00 0.000000e+00 0.000000e+00 1.034478e-81 1.889869e-78 8.756840e-76 2.580423e-73 5.567482e-71 9.375944e-69 1.282885e-66 1.465801e-64 1.426461e-62 1.199981e-60 8.826161e-59 5.727211e-57 3.302070e-55 1.701337e-53 7.869818e-52 3.280433e-50 1.235923e-48 4.218676e-47 1.307018e-45 3.680387e-44 9.427694e-43 2.197993e-41 4.664244e-40 9.005407e-39 1.580574e-37 2.518208e-36 3.634169e-35 4.736120e-34 5.549287e-33 5.808379e-32 5.377484e-31 4.331570e-30 2.942107e-29 1.564701e-28 4.909936e-28 -1.509130e-27 -4.013331e-26 -3.978902e-25 -2.869575e-24 -1.677789e-23 -8.246530e-23 -3.457652e-22 -1.243720e-21 -3.841983e-21 -1.017486e-20 -2.301329e-20 -4.418694e-20 -7.135221e-20 -9.534317e-20 -1.019852e-19 -8.000107e-20 -3.047946e-20 3.047946e-20 8.000107e-20 1.019852e-19 9.534317e-20 7.135221e-20 4.418694e-20 2.301329e-20 1.017486e-20 3.841983e-21 1.243720e-21 3.457652e-22 8.246530e-23 1.677789e-23 2.869575e-24 3.978902e-25 4.013331e-26 1.509130e-27 -4.909936e-28 -1.564701e-28 -2.942107e-29 -4.331570e-30 -5.377484e-31 -5.808379e-32 -5.549287e-33 -4.736120e-34 -3.634169e-35 -2.518208e-36 -1.580574e-37 -9.005407e-39 -4.664244e-40 -2.197993e-41 -9.427694e-43 -3.680387e-44 -1.307018e-45 -4.218676e-47 -1.235923e-48 -3.280433e-50 -7.869818e-52 -1.701337e-53 -3.302070e-55 -5.727211e-57 -8.826161e-59 -1.199981e-60 -1.426461e-62 -1.465801e-64 -1.282885e-66 -9.375944e-69 -5.567482e-71 -2.580423e-73 -8.756840e-76 -1.889869e-78 -1.034478e-81 0.000000e+00 0.000000e+00 0.000000e+00 0.000000e+00 0.000000e+00 0.000000e+00
0.000000e+00 0.000000e+00 0.000000e+00 0.000000e+00 0.000000e+00 9.129292e-83 8.842895e-79 8.040696e-76 2.475086e-73 5.451475e-71 9.375944e-69 1.310780e-66 1.530964e-64 1.523746e-62 1.311639e-60 9.877210e-59 6.565595e-57 3.880106e-55 2.050430e-53 9.734220e-52 4.167242e-50 1.613634e-48 5.665241e-47 1.806770e-45 5.241609e-44 1.384582e-42 3.331941e-41 7.305513e-40 1.458947e-38 2.651643e-37 4.380110e-36 6.562269e-35 8.890458e-34 1.084482e-32 1.183546e-31 1.144281e-30 9.640033e-30 6.856186e-29 3.816828e-28 1.239016e-27 -4.457311e-27 -1.193015e-25 -1.249766e-24 -9.600693e-24 -6.011729e-23 -3.180837e-22 -1.443441e-21 -5.652501e-21 -1.913466e-20 -5.594783e-20 -1.409374e-19 -3.046617e-19 -5.618979e-19 -8.763945e-19 -1.138088e-18 -1.191029e-18 -9.205770e-19 -3.481266e-19 3.481266e-19 9.205770e-19 1.191029e-18 1.138088e-18 8.763945e-19 5.618979e-19 3.046617e-19 1.409374e-19 5.594783e-20 1.913466e-20 5.652501e-21 1.443441e-21 3.180837e-22 6.011729e-23 9.600693e-24 1.249766e-24 1.193015e-25 4.457311e-27 -1.239016e-27 -3.816828e-28 -6.856186e-29 -9.640033e-30 -1.144281e-30 -1.183546e-31 -1.084482e-32 -8.890458e-34 -6.562269e-35 -4.380110e-36 -2.651643e-37 -1.458947e-38 -7.305513e-40 -3.331941e-41 -1.384582e-42 -5.241609e-44 -1.806770e-45 -5.665241e-47 -1.613634e-48 -4.167242e-50 -9.734220e-52 -2.050430e-53 -3.880106e-55 -6.565595e-57 -9.877210e-59 -1.311639e-60 -1.523746e-62 -1.530964e-64 -1.310780e-66 -9.375944e-69 -5.451475e-71 -2.475086e-73 -8.040696e-76 -8.842895e-79 -9.129292e-83 0.000000e+00 0.000000e+00 0.000000e+00 0.000000e+00 0.000000e+00
0.000000e+00 0.000000e+00 0.000000e+00 0.000000e+00 1.370985e-84 7.652328e-80 3.687165e-76 2.224798e-73 5.117657e-71 8.985206e-69 1.282885e-66 1.530964e-64 1.557616e-62 1.371276e-60 1.056652e-58 7.191075e-57 4.353429e-55 2.358081e-53 1.148184e-51 5.044753e-50 2.006209e-48 7.239088e-47 2.374622e-45 7.091412e-44 1.929892e-42 4.789047e-41 1.083812e-39 2.236318e-38 4.204027e-37 7.190947e-36 1.116940e-34 1.570833e-33 1.991794e-32 2.262748e-31 2.280552e-30 2.005625e-29 1.490716e-28 8.670440e-28 2.908907e-27 -1.202155e-26 -3.260769e-25 -3.600132e-24 -2.935136e-23 -1.959838e-22 -1.110706e-21 -5.423915e-21 -2.297143e-20 -8.456516e-20 -2.705442e-19 -7.509050e-19 -1.803092e-18 -3.731442e-18 -6.619958e-18 -9.985449e-18 -1.261568e-17 -1.292828e-17 -9.852143e-18 -3.699261e-18 3.699261e-18 9.852143e-18 1.292828e-17 1.261568e-17 9.985449e-18 6.619958e-18 3.731442e-18 1.803092e-18 7.509050e-19 2.705442e-19 8.456516e-20 2.297143e-20 5.423915e-21 1.110706e-21 1.959838e-22 2.935136e-23 3.600132e-24 3.260769e-25 1.202155e-26 -2.908907e-27 -8.670440e-28 -1.490716e-28 -2.005625e-29 -2.280552e-30 -2.262748e-31 -1.991794e-32 -1.570833e-33 -1.116940e-34 -7.190947e-36 -4.204027e-37 -2.236318e-38 -1.083812e-39 -4.789047e-41 -1.929892e-42 -7.091412e-44 -2.374622e-45 -7.239088e-47 -2.006209e-48 -5.044753e-50 -1.148184e-51 -2.358081e-53 -4.353429e-55 -7.191075e-57 -1.056652e-58 -1.371276e-60 -1.557616e-62 -1.530964e-64 -1.282885e-66 -8.985206e-69 -5.117657e-71 -2.224798e-73 -3.687165e-76 -7.652328e-80 -1.370985e-84 0.000000e+00 0.000000e+00 0.000000e+00 0.000000e+00
0.000000e+00 0.000000e+00 0.000000e+00 4.587289e-87 1.126376e-81 3.127338e-77 9.993635e-74 4.501114e-71 8.251580e-69 1.202688e-66 1.465801e-64 1.523746e-62 1.371276e-60 1.080674e-58 7.525640e-57 4.664477e-55 2.588201e-53 1.291743e-51 5.821038e-50 2.375836e-48 8.804459e-47 2.968288e-45 9.117342e-44 2.554124e-42 6.529805e-41 1.523834e-39 3.245353e-38 6.303414e-37 1.115170e-35 1.793575e-34 2.615004e-33 3.441794e-32 4.063915e-31 4.262844e-30 3.906835e-29 3.029242e-28 1.837637e-27 6.366723e-27 -2.976831e-26 -8.221903e-25 -9.544932e-24 -8.232161e-23 -5.839139e-22 -3.529199e-21 -1.845443e-20 -8.405595e-20 -3.343525e-19 -1.161761e-18 -3.522091e-18 -9.297395e-18 -2.131159e-17 -4.227327e-17 -7.221893e-17 -1.054543e-16 -1.297358e-16 -1.302842e-16 -9.794008e-17 -3.652325e-17 3.652325e-17 9.794008e-17 1.302842e-16 1.297358e-16 1.054543e-16 7.221893e-17 4.227327e-17 2.131159e-17 9.297395e-18 3.522091e-18 1.161761e-18 3.343525e-19 8.405595e-20 1.845443e-20 3.529199e-21 5.839139e-22 8.232161e-23 9.544932e-24 8.221903e-25 2.976831e-26 -6.366723e-27 -1.837637e-27 -3.029242e-28 -3.906835e-29 -4.262844e-30 -4.063915e-31 -3.441794e-32 -2.615004e-33 -1.793575e-34 -1.115170e-35 -6.303414e-37 -3.245353e-38 -1.523834e-39 -6.529805e-41 -2.554124e-42 -9.117342e-44 -2.968288e-45 -8.804459e-47 -2.375836e-48 -5.821038e-50 -1.291743e-51 -2.588201e-53 -4.664477e-55 -7.525640e-57 -1.080674e-58 -1.371276e-60 -1.523746e-62 -1.465801e-64 -1.202688e-66 -8.251580e-69 -4.501114e-71 -9.993635e-74 -3.127338e-77 -1.126376e-81 -4.587289e-87 0.000000e+00 0.000000e+00 0.000000e+00
0.000000e+00 0.000000e+00 4.395236e-90 3.692003e-84 4.509725e-79 8.303857e-75 1.979591e-71 7.097729e-69 1.079938e-66 1.343623e-64 1.426461e-62 1.311639e-60 1.056652e-58 7.525640e-57 4.772984e-55 2.711482e-53 1.386284e-51 6.403265e-50 2.680480e-48 1.019478e-46 3.529866e-45 1.114323e-43 3.210750e-42 8.449576e-41 2.031470e-39 4.461300e-38 8.943609e-37 1.634744e-35 2.719313e-34 4.105136e-33 5.600995e-32 6.864063e-31 7.482313e-30 7.134918e-29 5.761678e-28 3.639755e-27 1.301389e-26 -6.796729e-26 -1.917967e-24 -2.336238e-23 -2.125371e-22 -1.596066e-21 -1.024871e-20 -5.713948e-20 -2.785427e-19 -1.190642e-18 -4.465320e-18 -1.468136e-17 -4.225036e-17 -1.062040e-16 -2.326163e-16 -4.426423e-16 -7.287828e-16 -1.030987e-15 -1.235989e-15 -1.217054e-15 -9.029081e-16 -3.344830e-16 3.344830e-16 9.029081e-16 1.217054e-15 1.235989e-15 1.030987e-15 7.287828e-16 4.426423e-16 2.326163e-16 1.062040e-16 4.225036e-17 1.468136e-17 4.465320e-18 1.190642e-18 2.785427e-19 5.713948e-20 1.024871e-20 1.596066e-21 2.125371e-22 2.336238e-23 1.917967e-24 6.796729e-26 -1.301389e-26 -3.639755e-27 -5.761678e-28 -7.134918e-29 -7.482313e-30 -6.864063e-31 -5.600995e-32 -4.105136e-33 -2.719313e-34 -1.634744e-35 -8.943609e-37 -4.461300e-38 -2.031470e-39 -8.449576e-41 -3.210750e-42 -1.114323e-43 -3.529866e-45 -1.019478e-46 -2.680480e-48 -6.403265e-50 -1.386284e-51 -2.711482e-53 -4.772984e-55 -7.525640e-57 -1.056652e-58 -1.311639e-60 -1.426461e-62 -1.343623e-64 -1.079938e-66 -7.097729e-69 -1.979591e-71 -8.303857e-75 -4.509725e-79 -3.692003e-84 -4.395236e-90 0.000000e+00 0.000000e+00
0.000000e+00 1.458504e-93 3.463292e-87 1.447320e-81 1.172524e-76 1.610599e-72 3.054760e-69 9.080087e-67 1.179058e-64 1.277834e-62 1.199981e-60 9.877210e-59 7.191075e-57 4.664477e-55 2.711482e-53 1.419299e-51 6.715684e-50 2.881549e-48 1.124050e-46 3.994329e-45 1.295009e-43 3.834926e-42 1.038017e-40 2.568896e-39 5.812073e-38 1.201442e-36 2.266570e-35 3.895280e-34 6.081653e-33 8.591144e-32 1.091330e-30 1.234547e-29 1.223075e-28 1.027089e-27 6.746893e-27 2.488168e-26 -1.435738e-25 -4.149469e-24 -5.292916e-23 -5.065968e-22 -4.015662e-21 -2.730230e-20 -1.616844e-19 -8.399948e-19 -3.840291e-18 -1.546267e-17 -5.480420e-17 -1.707620e-16 -4.669573e-16 -1.118549e-15 -2.342399e-15 -4.278448e-15 -6.792817e-15 -9.315593e-15 -1.088899e-14 -1.051857e-14 -7.703828e-15 -2.835551e-15 2.835551e-15 7.703828e-15 1.051857e-14 1.088899e-14 9.315593e-15 6.792817e-15 4.278448e-15 2.342399e-15 1.118549e-15 4.669573e-16 1.707620e-16 5.480420e-17 1.546267e-17 3.840291e-18 8.399948e-19 1.616844e-19 2.730230e-20 4.015662e-21 5.065968e-22 5.292916e-23 4.149469e-24 1.435738e-25 -2.488168e-26 -6.746893e-27 -1.027089e-27 -1.223075e-28 -1.234547e-29 -1.091330e-30 -8.591144e-32 -6.081653e-33 -3.895280e-34 -2.266570e-35 -1.201442e-36 -5.812073e-38 -2.568896e-39 -1.038017e-40 -3.834926e-42 -1.295009e-43 -3.994329e-45 -1.124050e-46 -2.881549e-48 -6.715684e-50 -1.419299e-51 -2.711482e-53 -4.664477e-55 -7.191075e-57 -9.877210e-59 -1.199981e-60 -1.277834e-62 -1.179058e-64 -9.080087e-67 -3.054760e-69 -1.610599e-72 -1.172524e-76 -1.447320e-81 -3.463292e-87 -1.458504e-93 0.000000e+00
1.932756e-97 1.124478e-90 1.328503e-84 3.682499e-79 2.225703e-74 2.432296e-70 3.822251e-67 9.685022e-65 1.095240e-62 1.049944e-60 8.826161e-59 6.565595e-57 4.353429e-55 2.588201e-53 1.386284e-51 6.715684e-50 2.951841e-48 1.180257e-46 4.301590e-45 1.431314e-43 4.353049e-42 1.210955e-40 3.082383e-39 7.178509e-38 1.528743e-36 2.973817e-35 5.274768e-34 8.508106e-33 1.242959e-31 1.634642e-30 1.916516e-29 1.969979e-28 1.717934e-27 1.171929e-26 4.455791e-26 -2.813742e-25 -8.343442e-24 -1.112489e-22 -1.117624e-21 -9.326129e-21 -6.693606e-20 -4.196402e-19 -2.314862e-18 -1.127243e-17 -4.850531e-17 -1.843740e-16 -6.184056e-16 -1.827537e-15 -4.751019e-15 -1.084867e-14 -2.172784e-14 -3.810662e-14 -5.836565e-14 -7.762785e-14 -8.851172e-14 -8.390865e-14 -6.068632e-14 -2.219644e-14 2.219644e-14 6.068632e-14 8.390865e-14 8.851172e-14 7.762785e-14 5.836565e-14 3.810662e-14 2.172784e-14 1.084867e-14 4.751019e-15 1.827537e-15 6.184056e-16 1.843740e-16 4.850531e-17 1.127243e-17 2.314862e-18 4.196402e-19 6.693606e-20 9.326129e-21 1.117624e-21 1.112489e-22 8.343442e-24 2.813742e-25 -4.455791e-26 -1.171929e-26 -1.717934e-27 -1.969979e-28 -1.916516e-29 -1.634642e-30 -1.242959e-31 -8.508106e-33 -5.274768e-34 -2.973817e-35 -1.528743e-36 -7.178509e-38 -3.082383e-39 -1.210955e-40 -4.353049e-42 -1.431314e-43 -4.301590e-45 -1.180257e-46 -2.951841e-48 -6.715684e-50 -1.386284e-51 -2.588201e-53 -4.353429e-55 -6.565595e-57 -8.826161e-59 -1.049944e-60 -1.095240e-62 -9.685022e-65 -3.822251e-67 -2.432296e-70 -2.225703e-74 -3.682499e-79 -1.328503e-84 -1.124478e-90 -1.932756e-97
1.457073e-94 4.218119e-88 3.305752e-82 6.836820e-77 3.287718e-72 2.976783e-68 3.985294e-65 8.784211e-63 8.784795e-61 7.538674e-59 5.727211e-57 3.880106e-55 2.358081e-53 1.291743e-51 6.403265e-50 2.881549e-48 1.180257e-46 4.409131e-45 1.504708e-43 4.696639e-42 1.341822e-40 3.510256e-39 8.408143e-38 1.843146e-36 3.693706e-35 6.755497e-34 1.124592e-32 1.697262e-31 2.308253e-30 2.801503e-29 2.983998e-28 2.698813e-27 1.909583e-26 7.482678e-26 -5.127656e-25 -1.562038e-23 -2.173578e-22 -2.287102e-21 -2.004239e-20 -1.514443e-19 -1.002125e-18 -5.850315e-18 -3.023416e-17 -1.384764e-16 -5.619961e-16 -2.019069e-15 -6.412640e-15 -1.797857e-14 -4.443588e-14 -9.672296e-14 -1.852737e-13 -3.120375e-13 -4.611609e-13 -5.950294e-13 -6.620034e-13 -6.160554e-13 -4.400717e-13 -1.599641e-13 1.599641e-13 4.400717e-13 6.160554e-13 6.620034e-13 5.950294e-13 4.611609e-13 3.120375e-13 1.852737e-13 9.672296e-14 4.443588e-14 1.797857e-14 6.412640e-15 2.019069e-15 5.619961e-16 1.384764e-16 3.023416e-17 5.850315e-18 1.002125e-18 1.514443e-19 2.004239e-20 2.287102e-21 2.173578e-22 1.562038e-23 5.127656e-25 -7.482678e-26 -1.909583e-26 -2.698813e-27 -2.983998e-28 -2.801503e-29 -2.308253e-30 -1.697262e-31 -1.124592e-32 -6.755497e-34 -3.693706e-35 -1.843146e-36 -8.408143e-38 -3.510256e-39 -1.341822e-40 -4.696639e-42 -1.504708e-43 -4.409131e-45 -1.180257e-46 -2.881549e-48 -6.403265e-50 -1.291743e-51 -2.358081e-53 -3.880106e-55 -5.727211e-57 -7.538674e-59 -8.784795e-61 -8.784211e-63 -3.985294e-65 -2.976783e-68 -3.287718e-72 -6.836820e-77 -3.305752e-82 -4.218119e-88 -1.457073e-94
5.341411e-92 1.025812e-85 5.998721e-80 9.871784e-75 3.933445e-70 3.034082e-66 3.531352e-63 6.875356e-61 6.153646e-59 4.772426e-57 3.302070e-55 2.050430e-53 1.148184e-51 5.821038e-50 2.680480e-48 1.124050e-46 4.301590e-45 1.504708e-43 4.817042e-42 1.412420e-40 3.794719e-39 9.341669e-38 2.106177e-36 4.344631e-35 8.185871e-34 1.405076e-32 2.188509e-31 3.074620e-30 3.858621e-29 4.253932e-28 3.985428e-27 2.921628e-26 1.179562e-25 -8.705658e-25 -2.727177e-23 -3.954326e-22 -4.349641e-21 -3.994133e-20 -3.169671e-19 -2.207869e-18 -1.360076e-17 -7.435451e-17 -3.612046e-16 -1.559075e-15 -5.974005e-15 -2.029459e-14 -6.103652e-14 -1.623069e-13 -3.812662e-13 -7.908357e-13 -1.448474e-12 -2.342444e-12 -3.340561e-12 -4.182027e-12 -4.540662e-12 -4.148595e-12 -2.927362e-12 -1.057571e-12 1.057571e-12 2.927362e-12 4.148595e-12 4.540662e-12 4.182027e-12 3.340561e-12 2.342444e-12 1.448474e-12 7.908357e-13 3.812662e-13 1.623069e-13 6.103652e-14 2.029459e-14 5.974005e-15 1.559075e-15 3.612046e-16 7.435451e-17 1.360076e-17 2.207869e-18 3.169671e-19 3.994133e-20 4.349641e-21 3.954326e-22 2.727177e-23 8.705658e-25 -1.179562e-25 -2.921628e-26 -3.985428e-27 -4.253932e-28 -3.858621e-29 -3.074620e-30 -2.188509e-31 -1.405076e-32 -8.185871e-34 -4.344631e-35 -2.106177e-36 -9.341669e-38 -3.794719e-39 -1.412420e-40 -4.817042e-42 -1.504708e-43 -4.301590e-45 -1.124050e-46 -2.680480e-48 -5.821038e-50 -1.148184e-51 -2.050430e-53 -3.302070e-55 -4.772426e-57 -6.153646e-59 -6.875356e-61 -3.531352e-63 -3.034082e-66 -3.933445e-70 -9.871784e-75 -5.998721e-80 -1.025812e-85 -5.341411e-92
1.268659e-89 1.818156e-83 8.460807e-78 1.153783e-72 3.916863e-68 2.626548e-64 2.698658e-61 4.696732e-59 3.798200e-57 2.682775e-55 1.701337e-53 9.734220e-52 5.044753e-50 2.375836e-48 1.019478e-46 3.994329e-45 1.431314e-43 4.696639e-42 1.412420e-40 3.894528e-39 9.846250e-38 2.281515e-36 4.840492e-35 9.387555e-34 1.659961e-32 2.665834e-31 3.865044e-30 5.010429e-29 5.710991e-28 5.536352e-27 4.200568e-26 1.747017e-25 -1.379160e-24 -4.446251e-23 -6.708465e-22 -7.700306e-21 -7.394613e-20 -6.149483e-19 -4.498203e-18 -2.916194e-17 -1.681648e-16 -8.637408e-16 -3.951500e-15 -1.608832e-14 -5.821938e-14 -1.869816e-13 -5.322544e-13 -1.341553e-12 -2.992966e-12 -5.912060e-12 -1.034863e-11 -1.606438e-11 -2.210277e-11 -2.684563e-11 -2.844607e-11 -2.551775e-11 -1.778708e-11 -6.386761e-12 6.386761e-12 1.778708e-11 2.551775e-11 2.844607e-11 2.684563e-11 2.210277e-11 1.606438e-11 1.034863e-11 5.912060e-12 2.992966e-12 1.341553e-12 5.322544e-13 1.869816e-13 5.821938e-14 1.608832e-14 3.951500e-15 8.637408e-16 1.681648e-16 2.916194e-17 4.498203e-18 6.149483e-19 7.394613e-20 7.700306e-21 6.708465e-22 4.446251e-23 1.379160e-24 -1.747017e-25 -4.200568e-26 -5.536352e-27 -5.710991e-28 -5.010429e-29 -3.865044e-30 -2.665834e-31 -1.659961e-32 -9.387555e-34 -4.840492e-35 -2.281515e-36 -9.846250e-38 -3.894528e-39 -1.412420e-40 -4.696639e-42 -1.431314e-43 -3.994329e-45 -1.019478e-46 -2.375836e-48 -5.044753e-50 -9.734220e-52 -1.701337e-53 -2.682775e-55 -3.798200e-57 -4.696732e-59 -2.698658e-61 -2.626548e-64 -3.916863e-68 -1.153783e-72 -8.460807e-78 -1.818156e-83 -1.268659e-89
2.194661e-87 2.503106e-81 9.653249e-76 1.121664e-70 3.310597e-66 1.959728e-62 1.798813e-59 2.825248e-57 2.080362e-55 1.346808e-53 7.869818e-52 4.167242e-50 2.006209e-48 8.804459e-47 3.529866e-45 1.295009e-43 4.353049e-42 1.341822e-40 3.794719e-39 9.846250e-38 2.343117e-36 5.109057e-35 1.019083e-33 1.854819e-32 3.068598e-31 4.587073e-30 6.136379e-29 7.224127e-28 7.238962e-27 5.679099e-26 2.432804e-25 -2.041370e-24 -6.776868e-23 -1.062601e-21 -1.270740e-20 -1.273829e-19 -1.107887e-18 -8.491566e-18 -5.779880e-17 -3.506618e-16 -1.898974e-15 -9.179885e-15 -3.958197e-14 -1.520313e-13 -5.193769e-13 -1.575819e-12 -4.241395e-12 -1.012177e-11 -2.142258e-11 -4.025823e-11 -6.729262e-11 -1.002108e-10 -1.329707e-10 -1.566498e-10 -1.619655e-10 -1.426380e-10 -9.821030e-11 -3.504800e-11 3.504800e-11 9.821030e-11 1.426380e-10 1.619655e-10 1.566498e-10 1.329707e-10 1.002108e-10 6.729262e-11 4.025823e-11 2.142258e-11 1.012177e-11 4.241395e-12 1.575819e-12 5.193769e-13 1.520313e-13 3.958197e-14 9.179885e-15 1.898974e-15 3.506618e-16 5.779880e-17 8.491566e-18 1.107887e-18 1.273829e-19 1.270740e-20 1.062601e-21 6.776868e-23 2.041370e-24 -2.432804e-25 -5.679099e-26 -7.238962e-27 -7.224127e-28 -6.136379e-29 -4.587073e-30 -3.068598e-31 -1.854819e-32 -1.019083e-33 -5.109057e-35 -2.343117e-36 -9.846250e-38 -3.794719e-39 -1.341822e-40 -4.353049e-42 -1.295009e-43 -3.529866e-45 -8.804459e-47 -2.006209e-48 -4.167242e-50 -7.869818e-52 -1.346808e-53 -2.080362e-55 -2.825248e-57 -1.798813e-59 -1.959728e-62 -3.310597e-66 -1.121664e-70 -9.653249e-76 -2.503106e-81 -2.194661e-87
2.946996e-85 2.785749e-79 9.154873e-74 9.249388e-69 2.410116e-64 1.274531e-60 1.055101e-57 1.507073e-55 1.016896e-53 6.065933e-52 3.280433e-50 1.613634e-48 7.239088e-47 2.968288e-45 1.114323e-43 3.834926e-42 1.210955e-40 3.510256e-39 9.341669e-38 2.281515e-36 5.109057e-35 1.047344e-33 1.960581e-32 3.338610e-31 5.141104e-30 7.090740e-29 8.613680e-28 8.913329e-27 7.223993e-26 3.187257e-25 -2.826074e-24 -9.665719e-23 -1.573162e-21 -1.957113e-20 -2.044527e-19 -1.856283e-18 -1.487867e-17 -1.060992e-16 -6.756449e-16 -3.847995e-15 -1.960233e-14 -8.924840e-14 -3.626903e-13 -1.313454e-12 -4.231834e-12 -1.211375e-11 -3.078267e-11 -6.944150e-11 -1.392130e-10 -2.485431e-10 -3.962582e-10 -5.655820e-10 -7.232607e-10 -8.260161e-10 -8.330203e-10 -7.200100e-10 -4.895980e-10 -1.736346e-10 1.736346e-10 4.895980e-10 7.200100e-10 8.330203e-10 8.260161e-10 7.232607e-10 5.655820e-10 3.962582e-10 2.485431e-10 1.392130e-10 6.944150e-11 3.078267e-11 1.211375e-11 4.231834e-12 1.313454e-12 3.626903e-13 8.924840e-14 1.960233e-14 3.847995e-15 6.756449e-16 1.060992e-16 1.487867e-17 1.856283e-18 2.044527e-19 1.957113e-20 1.573162e-21 9.665719e-23 2.826074e-24 -3.187257e-25 -7.223993e-26 -8.913329e-27 -8.613680e-28 -7.090740e-29 -5.141104e-30 -3.338610e-31 -1.960581e-32 -1.047344e-33 -5.109057e-35 -2.281515e-36 -9.341669e-38 -3.510256e-39 -1.210955e-40 -3.834926e-42 -1.114323e-43 -2.968288e-45 -7.239088e-47 -1.613634e-48 -3.280433e-50 -6.065933e-52 -1.016896e-53 -1.507073e-55 -1.055101e-57 -1.274531e-60 -2.410116e-64 -9.249388e-69 -9.154873e-74 -2.785749e-79 -2.946996e-85
3.196652e-83 2.575208e-77 7.359279e-72 6.564796e-67 1.528307e-62 7.289088e-59 5.484202e-56 7.169248e-54 4.456243e-52 2.460177e-50 1.235923e-48 5.665241e-47 2.374622e-45 9.117342e-44 3.210750e-42 1.038017e-40 3.082383e-39 8.408143e-38 2.106177e-36 4.840492e-35 1.019083e-33 1.960581e-32 3.433744e-31 5.442479e-30 7.732460e-29 9.683945e-28 1.033888e-26 8.649464e-26 3.930436e-25 -3.662428e-24 -1.291075e-22 -2.178787e-21 -2.815914e-20 -3.060929e-19 -2.896301e-18 -2.423274e-17 -1.806819e-16 -1.205143e-15 -7.201943e-15 -3.856672e-14 -1.849246e-13 -7.928743e-13 -3.034594e-12 -1.034899e-11 -3.139635e-11 -8.463041e-11 -2.026119e-10 -4.311213e-10 -8.169492e-10 -1.383034e-09 -2.099765e-09 -2.868666e-09 -3.531566e-09 -3.906626e-09 -3.840110e-09 -3.255904e-09 -2.185752e-09 -7.702146e-10 7.702146e-10 2.185752e-09 3.255904e-09 3.840110e-09 3.906626e-09 3.531566e-09 2.868666e-09 2.099765e-09 1.383034e-09 8.169492e-10 4.311213e-10 2.026119e-10 8.463041e-11 3.139635e-11 1.034899e-11 3.034594e-12 7.928743e-13 1.849246e-13 3.856672e-14 7.201943e-15 1.205143e-15 1.806819e-16 2.423274e-17 2.896301e-18 3.060929e-19 2.815914e-20 2.178787e-21 1.291075e-22 3.662428e-24 -3.930436e-25 -8.649464e-26 -1.033888e-26 -9.683945e-28 -7.732460e-29 -5.442479e-30 -3.433744e-31 -1.960581e-32 -1.019083e-33 -4.840492e-35 -2.106177e-36 -8.408143e-38 -3.082383e-39 -1.038017e-40 -3.210750e-42 -9.117342e-44 -2.374622e-45 -5.665241e-47 -1.235923e-48 -2.460177e-50 -4.456243e-52 -7.169248e-54 -5.484202e-56 -7.289088e-59 -1.528307e-62 -6.564796e-67 -7.359279e-72 -2.575208e-77 -3.196652e-83
2.878001e-81 2.016325e-75 5.088058e-70 4.055540e-65 8.515932e-61 3.691397e-57 2.540232e-54 3.055174e-52 1.757134e-50 9.011480e-49 4.218676e-47 1.806770e-45 7.091412e-44 2.554124e-42 8.449576e-41 2.568896e-39 7.178509e-38 1.843146e-36 4.344631e-35 9.387555e-34 1.854819e-32 3.338610e-31 5.442479e-30 7.958896e-29 1.026745e-27 1.130027e-26 9.751109e-26 4.563962e-25 -4.445955e-24 -1.616050e-22 -2.824914e-21 -3.788126e-20 -4.278606e-19 -4.212730e-18 -3.673148e-17 -2.858488e-16 -1.993155e-15 -1.247237e-14 -7.005512e-14 -3.529257e-13 -1.592470e-12 -6.424216e-12 -2.312409e-11 -7.412449e-11 -2.112585e-10 -5.348368e-10 -1.202933e-09 -2.407360e-09 -4.299897e-09 -6.884978e-09 -9.931832e-09 -1.296272e-08 -1.533773e-08 -1.641115e-08 -1.570611e-08 -1.305173e-08 -8.645132e-09 -3.025993e-09 3.025993e-09 8.645132e-09 1.305173e-08 1.570611e-08 1.641115e-08 1.533773e-08 1.296272e-08 9.931832e-09 6.884978e-09 4.299897e-09 2.407360e-09 1.202933e-09 5.348368e-10 2.112585e-10 7.412449e-11 2.312409e-11 6.424216e-12 1.592470e-12 3.529257e-13 7.005512e-14 1.247237e-14 1.993155e-15 2.858488e-16 3.673148e-17 4.212730e-18 4.278606e-19 3.788126e-20 2.824914e-21 1.616050e-22 4.445955e-24 -4.563962e-25 -9.751109e-26 -1.130027e-26 -1.026745e-27 -7.958896e-29 -5.442479e-30 -3.338610e-31 -1.854819e-32 -9.387555e-34 -4.344631e-35 -1.843146e-36 -7.178509e-38 -2.568896e-39 -8.449576e-41 -2.554124e-42 -7.091412e-44 -1.806770e-45 -4.218676e-47 -9.011480e-49 -1.757134e-50 -3.055174e-52 -2.540232e-54 -3.691397e-57 -8.515932e-61 -4.055540e-65 -5.088058e-70 -2.016325e-75 -2.878001e-81
