0.000000e+00 0.000000e+00 0.000000e+00 0.000000e+00 0.000000e+00 0.000000e+00 0.000000e+00 0.000000e+00 0.000000e+00 0.000000e+00 0.000000e+00 0.000000e+00 0.000000e+00 0.000000e+00 0.000000e+00 0.000000e+00 0.000000e+00 0.000000e+00 0.000000e+00 0.000000e+00 0.000000e+00 0.000000e+00 0.000000e+00 0.000000e+00 0.000000e+00 0.000000e+00 0.000000e+00 0.000000e+00 0.000000e+00 0.000000e+00 0.000000e+00 0.000000e+00 0.000000e+00 0.000000e+00 0.000000e+00 0.000000e+00 0.000000e+00 0.000000e+00 0.000000e+00 0.000000e+00 0.000000e+00 0.000000e+00 0.000000e+00 0.000000e+00 0.000000e+00 0.000000e+00 0.000000e+00 0.000000e+00 0.000000e+00 0.000000e+00 0.000000e+00 0.000000e+00 0.000000e+00 0.000000e+00 0.000000e+00 0.000000e+00 0.000000e+00 0.000000e+00 0.000000e+00 0.000000e+00 0.000000e+00 0.000000e+00 0.000000e+00 0.000000e+00 0.000000e+00 0.000000e+00 0.000000e+00 0.000000e+00 0.000000e+00 0.000000e+00 0.000000e+00 0.000000e+00 0.000000e+00 0.000000e+00 0.000000e+00 0.000000e+00 0.000000e+00 0.000000e+00 0.000000e+00 0.000000e+00 0.000000e+00 0.000000e+00 0.000000e+00 0.000000e+00 0.000000e+00 0.000000e+00 0.000000e+00 0.000000e+00 0.000000e+00 0.000000e+00 0.000000e+00 0.000000e+00 0.000000e+00 0.000000e+00 0.000000e+00 0.000000e+00 0.000000e+00 0.000000e+00 0.000000e+00 0.000000e+00 0.000000e+00 0.000000e+00 0.000000e+00 0.000000e+00 0.000000e+00 0.000000e+00 0.000000e+00 0.000000e+00 0.000000e+00 0.000000e+00 0.000000e+00 0.000000e+00 0.000000e+00 0.000000e+00 0.000000e+00 0.000000e+00
0.000000e+00 0.000000e+00 0.000000e+00 0.000000e+00 1.973883e-107 1.113508e-102 5.428832e-99 3.318405e-96 7.741751e-94 1.380228e-91 2.003609e-89 2.434241e-87 2.524815e-85 2.269311e-83 1.788000e-81 1.246251e-79 7.740671e-78 4.309812e-76 2.161453e-74 9.803160e-73 4.034013e-71 1.510157e-69 5.154259e-68 1.606677e-66 4.580397e-65 1.195458e-63 2.858442e-62 6.264196e-61 1.258321e-59 2.316485e-58 3.906321e-57 6.029089e-56 8.506777e-55 1.095480e-53 1.284805e-52 1.368472e-51 1.318778e-50 1.144030e-49 8.869974e-49 6.080974e-48 3.622258e-47 1.814062e-46 7.065760e-46 1.577889e-45 -4.250973e-45 -7.548186e-44 -5.368173e-43 -2.778828e-42 -1.158979e-41 -4.025741e-41 -1.178416e-40 -2.913406e-40 -6.060743e-40 -1.051019e-39 -1.492838e-39 -1.676445e-39 -1.360506e-39 -5.274750e-40 5.274750e-40 1.360506e-39 1.676445e-39 1.492838e-39 1.051019e-39 6.060743e-40 2.913406e-40 1.178416e-40 4.025741e-41 1.158979e-41 2.778828e-42 5.368173e-43 7.548186e-44 4.250973e-45 -1.577889e-45 -7.065760e-46 -1.814062e-46 -3.622258e-47 -6.080974e-48 -8.869974e-49 -1.144030e-49 -1.318778e-50 -1.368472e-51 -1.284805e-52 -1.095480e-53 -8.506777e-55 -6.029089e-56 -3.906321e-57 -2.316485e-58 -1.258321e-59 -6.264196e-61 -2.858442e-62 -1.195458e-63 -4.580397e-65 -1.606677e-66 -5.154259e-68 -1.510157e-69 -4.034013e-71 -9.803160e-73 -2.161453e-74 -4.309812e-76 -7.740671e-78 -1.246251e-79 -1.788000e-81 -2.269311e-83 -2.524815e-85 -2.434241e-87 -2.003609e-89 -1.380228e-91 -7.741751e-94 -3.318405e-96 -5.428832e-99 -1.113508e-102 -1.973883e-107 0.000000e+00 0.000000e+00 0.000000e+00 0.000000e+00
0.000000e+00 0.000000e+00 0.000000e+00 3.047750e-106 7.550488e-101 2.117527e-96 6.843083e-93 3.120624e-90 5.799128e-88 8.578682e-86 1.062550e-83 1.124046e-81 1.030895e-79 8.292004e-78 5.903137e-76 3.746834e-74 2.132971e-72 1.094349e-70 5.080587e-69 2.141355e-67 8.215910e-66 2.875908e-64 9.200687e-63 2.694025e-61 7.227382e-60 1.777807e-58 4.011521e-57 8.304729e-56 1.577169e-54 2.746501e-53 4.382280e-52 6.399545e-51 8.539809e-50 1.039171e-48 1.149886e-47 1.152730e-46 1.041541e-45 8.420064e-45 6.022772e-44 3.741223e-43 1.946626e-42 7.755134e-42 1.584064e-41 -8.023179e-41 -1.202990e-39 -8.832486e-39 -4.858471e-38 -2.182877e-37 -8.253845e-37 -2.656843e-36 -7.303783e-36 -1.711957e-35 -3.402673e-35 -5.677941e-35 -7.815377e-35 -8.567977e-35 -6.840729e-35 -2.630395e-35 2.630395e-35 6.840729e-35 8.567977e-35 7.815377e-35 5.677941e-35 3.402673e-35 1.711957e-35 7.303783e-36 2.656843e-36 8.253845e-37 2.182877e-37 4.858471e-38 8.832486e-39 1.202990e-39 8.023179e-41 -1.584064e-41 -7.755134e-42 -1.946626e-42 -3.741223e-43 -6.022772e-44 -8.420064e-45 -1.041541e-45 -1.152730e-46 -1.149886e-47 -1.039171e-48 -8.539809e-50 -6.399545e-51 -4.382280e-52 -2.746501e-53 -1.577169e-54 -8.304729e-56 -4.011521e-57 -1.777807e-58 -7.227382e-60 -2.694025e-61 -9.200687e-63 -2.875908e-64 -8.215910e-66 -2.141355e-67 -5.080587e-69 -1.094349e-70 -2.132971e-72 -3.746834e-74 -5.903137e-76 -8.292004e-78 -1.030895e-79 -1.124046e-81 -1.062550e-83 -8.578682e-86 -5.799128e-88 -3.120624e-90 -6.843083e-93 -2.117527e-96 -7.550488e-101 -3.047750e-106 0.000000e+00 0.000000e+00 0.000000e+00
0.000000e+00 0.000000e+00 5.272732e-106 4.460839e-100 5.494024e-95 1.021197e-90 2.460456e-87 8.926849e-85 1.376055e-82 1.736702e-80 1.872845e-78 1.751713e-76 1.437588e-74 1.044691e-72 6.771908e-71 3.939072e-69 2.066129e-67 9.811782e-66 4.232591e-64 1.663106e-62 5.965695e-61 1.957120e-59 5.880488e-58 1.620044e-56 4.095436e-55 9.504918e-54 2.025635e-52 3.963720e-51 7.118804e-50 1.172640e-48 1.769729e-47 2.443288e-46 3.079459e-45 3.533497e-44 3.677364e-43 3.453089e-42 2.903614e-41 2.161002e-40 1.395364e-39 7.511831e-39 3.037606e-38 5.334736e-38 -4.929674e-37 -6.719196e-36 -5.097021e-35 -2.966013e-34 -1.426276e-33 -5.823497e-33 -2.041254e-32 -6.165381e-32 -1.604020e-31 -3.582738e-31 -6.828294e-31 -1.099341e-30 -1.469379e-30 -1.574979e-30 -1.238395e-30 -4.725225e-31 4.725225e-31 1.238395e-30 1.574979e-30 1.469379e-30 1.099341e-30 6.828294e-31 3.582738e-31 1.604020e-31 6.165381e-32 2.041254e-32 5.823497e-33 1.426276e-33 2.966013e-34 5.097021e-35 6.719196e-36 4.929674e-37 -5.334736e-38 -3.037606e-38 -7.511831e-39 -1.395364e-39 -2.161002e-40 -2.903614e-41 -3.453089e-42 -3.677364e-43 -3.533497e-44 -3.079459e-45 -2.443288e-46 -1.769729e-47 -1.172640e-48 -7.118804e-50 -3.963720e-51 -2.025635e-52 -9.504918e-54 -4.095436e-55 -1.620044e-56 -5.880488e-58 -1.957120e-59 -5.965695e-61 -1.663106e-62 -4.232591e-64 -9.811782e-66 -2.066129e-67 -3.939072e-69 -6.771908e-71 -1.044691e-72 -1.437588e-74 -1.751713e-76 -1.872845e-78 -1.736702e-80 -1.376055e-82 -8.926849e-85 -2.460456e-87 -1.021197e-90 -5.494024e-95 -4.460839e-100 -5.272732e-106 0.000000e+00 0.000000e+00
0.000000e+00 1.048934e-106 2.504024e-100 1.053169e-94 8.596719e-90 1.191210e-85 2.281916e-82 6.859201e-80 9.018002e-78 9.908546e-76 9.446557e-74 7.905594e-72 5.860993e-70 3.877745e-68 2.303331e-66 1.234332e-64 5.991865e-63 2.643609e-61 1.063005e-59 3.904456e-58 1.312419e-56 4.043046e-55 1.142776e-53 2.966110e-52 7.073226e-51 1.550096e-49 3.121706e-48 5.775226e-47 9.808410e-46 1.527668e-44 2.178797e-43 2.839744e-42 3.373005e-41 3.637374e-40 3.542286e-39 3.091100e-38 2.387487e-37 1.597557e-36 8.861484e-36 3.606086e-35 4.845989e-35 -8.729188e-34 -1.123942e-32 -8.807384e-32 -5.400011e-31 -2.763747e-30 -1.210239e-29 -4.582099e-29 -1.505937e-28 -4.298046e-28 -1.063170e-27 -2.270299e-27 -4.159119e-27 -6.472739e-27 -8.413523e-27 -8.827272e-27 -6.840895e-27 -2.591167e-27 2.591167e-27 6.840895e-27 8.827272e-27 8.413523e-27 6.472739e-27 4.159119e-27 2.270299e-27 1.063170e-27 4.298046e-28 1.505937e-28 4.582099e-29 1.210239e-29 2.763747e-30 5.400011e-31 8.807384e-32 1.123942e-32 8.729188e-34 -4.845989e-35 -3.606086e-35 -8.861484e-36 -1.597557e-36 -2.387487e-37 -3.091100e-38 -3.542286e-39 -3.637374e-40 -3.373005e-41 -2.839744e-42 -2.178797e-43 -1.527668e-44 -9.808410e-46 -5.775226e-47 -3.121706e-48 -1.550096e-49 -7.073226e-51 -2.966110e-52 -1.142776e-53 -4.043046e-55 -1.312419e-56 -3.904456e-58 -1.063005e-59 -2.643609e-61 -5.991865e-63 -1.234332e-64 -2.303331e-66 -3.877745e-68 -5.860993e-70 -7.905594e-72 -9.446557e-74 -9.908546e-76 -9.018002e-78 -6.859201e-80 -2.281916e-82 -1.191210e-85 -8.596719e-90 -1.053169e-94 -2.504024e-100 -1.048934e-106 0.000000e+00
2.220801e-108 1.296511e-101 1.538674e-95 4.289124e-90 2.609976e-85 2.875089e-81 4.559985e-78 1.167631e-75 1.336038e-73 1.297679e-71 1.106855e-69 8.367098e-68 5.647052e-66 3.423235e-64 1.873083e-62 9.288531e-61 4.188576e-59 1.722355e-57 6.473073e-56 2.227616e-54 7.030103e-53 2.036943e-51 5.423291e-50 1.327572e-48 2.988722e-47 6.187882e-46 1.177860e-44 2.059987e-43 3.306865e-42 4.865382e-41 6.547705e-40 8.037668e-39 8.965516e-38 9.037720e-37 8.166926e-36 6.530435e-35 4.515089e-34 2.569828e-33 1.041983e-32 7.942394e-33 -3.653168e-31 -4.545110e-30 -3.676828e-29 -2.366731e-28 -1.282971e-27 -5.990298e-27 -2.433042e-26 -8.631556e-26 -2.677005e-25 -7.250032e-25 -1.710080e-24 -3.498630e-24 -6.171024e-24 -9.295961e-24 -1.176389e-23 -1.209161e-23 -9.241342e-24 -3.475943e-24 3.475943e-24 9.241342e-24 1.209161e-23 1.176389e-23 9.295961e-24 6.171024e-24 3.498630e-24 1.710080e-24 7.250032e-25 2.677005e-25 8.631556e-26 2.433042e-26 5.990298e-27 1.282971e-27 2.366731e-28 3.676828e-29 4.545110e-30 3.653168e-31 -7.942394e-33 -1.041983e-32 -2.569828e-33 -4.515089e-34 -6.530435e-35 -8.166926e-36 -9.037720e-37 -8.965516e-38 -8.037668e-39 -6.547705e-40 -4.865382e-41 -3.306865e-42 -2.059987e-43 -1.177860e-44 -6.187882e-46 -2.988722e-47 -1.327572e-48 -5.423291e-50 -2.036943e-51 -7.030103e-53 -2.227616e-54 -6.473073e-56 -1.722355e-57 -4.188576e-59 -9.288531e-61 -1.873083e-62 -3.423235e-64 -5.647052e-66 -8.367098e-68 -1.106855e-69 -1.297679e-71 -1.336038e-73 -1.167631e-75 -4.559985e-78 -2.875089e-81 -2.609976e-85 -4.289124e-90 -1.538674e-95 -1.296511e-101 -2.220801e-108
5.422395e-104 1.573813e-97 1.237947e-91 2.572610e-86 1.244551e-81 1.135003e-77 1.532493e-74 3.411103e-72 3.449347e-70 2.997236e-68 2.309092e-66 1.588939e-64 9.824956e-63 5.486005e-61 2.777510e-59 1.279373e-57 5.376469e-56 2.066138e-54 7.274521e-53 2.350133e-51 6.974921e-50 1.903389e-48 4.778745e-47 1.104161e-45 2.347970e-44 4.593819e-43 8.264418e-42 1.365778e-40 2.070394e-39 2.873127e-38 3.639772e-37 4.192925e-36 4.367670e-35 4.079454e-34 3.369844e-33 2.401092e-32 1.396870e-31 5.582060e-31 -2.232913e-32 -2.779254e-29 -3.392964e-28 -2.832170e-27 -1.908212e-26 -1.091159e-25 -5.405641e-25 -2.341905e-24 -8.908779e-24 -2.979242e-23 -8.753441e-23 -2.255569e-22 -5.082956e-22 -9.978034e-22 -1.696577e-21 -2.476346e-21 -3.053641e-21 -3.077110e-21 -2.320471e-21 -8.669248e-22 8.669248e-22 2.320471e-21 3.077110e-21 3.053641e-21 2.476346e-21 1.696577e-21 9.978034e-22 5.082956e-22 2.255569e-22 8.753441e-23 2.979242e-23 8.908779e-24 2.341905e-24 5.405641e-25 1.091159e-25 1.908212e-26 2.832170e-27 3.392964e-28 2.779254e-29 2.232913e-32 -5.582060e-31 -1.396870e-31 -2.401092e-32 -3.369844e-33 -4.079454e-34 -4.367670e-35 -4.192925e-36 -3.639772e-37 -2.873127e-38 -2.070394e-39 -1.365778e-40 -8.264418e-42 -4.593819e-43 -2.347970e-44 -1.104161e-45 -4.778745e-47 -1.903389e-48 -6.974921e-50 -2.350133e-51 -7.274521e-53 -2.066138e-54 -5.376469e-56 -1.279373e-57 -2.777510e-59 -5.486005e-61 -9.824956e-63 -1.588939e-64 -2.309092e-66 -2.997236e-68 -3.449347e-70 -3.411103e-72 -1.532493e-74 -1.135003e-77 -1.244551e-81 -2.572610e-86 -1.237947e-91 -1.573813e-97 -5.422395e-104
1.086801e-100 2.091284e-94 1.226695e-88 2.027246e-83 8.121540e-79 6.306570e-75 7.399119e-72 1.454088e-69 1.315415e-67 1.032609e-65 7.243205e-64 4.567366e-62 2.601914e-60 1.344593e-58 6.324641e-57 2.715517e-55 1.066727e-53 3.841218e-52 1.269899e-50 3.859046e-49 1.078935e-47 2.777052e-46 6.582508e-45 1.436943e-43 2.888147e-42 5.341689e-41 9.082374e-40 1.417633e-38 2.027205e-37 2.648381e-36 3.148407e-35 3.386343e-34 3.266552e-33 2.785383e-32 2.043850e-31 1.214472e-30 4.764143e-30 -4.799310e-30 -3.243492e-28 -3.951268e-27 -3.410388e-26 -2.402966e-25 -1.446220e-24 -7.578281e-24 -3.488408e-23 -1.416303e-22 -5.078732e-22 -1.608164e-21 -4.490938e-21 -1.103831e-20 -2.381500e-20 -4.493713e-20 -7.377277e-20 -1.044846e-19 -1.257020e-19 -1.243047e-19 -9.255571e-20 -3.435828e-20 3.435828e-20 9.255571e-20 1.243047e-19 1.257020e-19 1.044846e-19 7.377277e-20 4.493713e-20 2.381500e-20 1.103831e-20 4.490938e-21 1.608164e-21 5.078732e-22 1.416303e-22 3.488408e-23 7.578281e-24 1.446220e-24 2.402966e-25 3.410388e-26 3.951268e-27 3.243492e-28 4.799310e-30 -4.764143e-30 -1.214472e-30 -2.043850e-31 -2.785383e-32 -3.266552e-33 -3.386343e-34 -3.148407e-35 -2.648381e-36 -2.027205e-37 -1.417633e-38 -9.082374e-40 -5.341689e-41 -2.888147e-42 -1.436943e-43 -6.582508e-45 -2.777052e-46 -1.078935e-47 -3.859046e-49 -1.269899e-50 -3.841218e-52 -1.066727e-53 -2.715517e-55 -6.324641e-57 -1.344593e-58 -2.601914e-60 -4.567366e-62 -7.243205e-64 -1.032609e-65 -1.315415e-67 -1.454088e-69 -7.399119e-72 -6.306570e-75 -8.121540e-79 -2.027246e-83 -1.226695e-88 -2.091284e-94 -1.086801e-100
4.125087e-98 5.925709e-92 2.767180e-86 3.791246e-81 1.294696e-76 8.744888e-73 9.062617e-70 1.593117e-67 1.303101e-65 9.323951e-64 5.999908e-62 3.489572e-60 1.841916e-58 8.853629e-57 3.886517e-55 1.561743e-53 5.755835e-52 1.948668e-50 6.067862e-49 1.739432e-47 4.593403e-46 1.117831e-44 2.507080e-43 5.181034e-42 9.860152e-41 1.726502e-39 2.777558e-38 4.097421e-37 5.527105e-36 6.790534e-35 7.554663e-34 7.543408e-33 6.660995e-32 5.059117e-31 3.100798e-30 1.228595e-29 -1.985371e-29 -1.017383e-27 -1.273486e-26 -1.147299e-25 -8.490128e-25 -5.389189e-24 -2.989373e-23 -1.461899e-22 -6.328955e-22 -2.429464e-21 -8.269567e-21 -2.493835e-20 -6.652906e-20 -1.566946e-19 -3.250281e-19 -5.918319e-19 -9.414722e-19 -1.297988e-18 -1.527652e-18 -1.485663e-18 -1.093856e-18 -4.037744e-19 4.037744e-19 1.093856e-18 1.485663e-18 1.527652e-18 1.297988e-18 9.414722e-19 5.918319e-19 3.250281e-19 1.566946e-19 6.652906e-20 2.493835e-20 8.269567e-21 2.429464e-21 6.328955e-22 1.461899e-22 2.989373e-23 5.389189e-24 8.490128e-25 1.147299e-25 1.273486e-26 1.017383e-27 1.985371e-29 -1.228595e-29 -3.100798e-30 -5.059117e-31 -6.660995e-32 -7.543408e-33 -7.554663e-34 -6.790534e-35 -5.527105e-36 -4.097421e-37 -2.777558e-38 -1.726502e-39 -9.860152e-41 -5.181034e-42 -2.507080e-43 -1.117831e-44 -4.593403e-46 -1.739432e-47 -6.067862e-49 -1.948668e-50 -5.755835e-52 -1.561743e-53 -3.886517e-55 -8.853629e-57 -1.841916e-58 -3.489572e-60 -5.999908e-62 -9.323951e-64 -1.303101e-65 -1.593117e-67 -9.062617e-70 -8.744888e-73 -1.294696e-76 -3.791246e-81 -2.767180e-86 -5.925709e-92 -4.125087e-98
9.411019e-96 1.077089e-89 4.173128e-84 4.877565e-79 1.449982e-74 8.656936e-71 8.025963e-68 1.275123e-65 9.511528e-64 6.248033e-62 3.711129e-60 2.001404e-58 9.833818e-57 4.414795e-55 1.815229e-53 6.849128e-52 2.375273e-50 7.580800e-49 2.228733e-47 6.039995e-46 1.509468e-44 3.479132e-43 7.394333e-42 1.448397e-40 2.612472e-39 4.333173e-38 6.596424e-37 9.191073e-36 1.167551e-34 1.344425e-33 1.390871e-32 1.273732e-31 1.004026e-30 6.384928e-30 2.607707e-29 -4.956506e-29 -2.445478e-27 -3.187710e-26 -3.009699e-25 -2.342209e-24 -1.568114e-23 -9.200897e-23 -4.773720e-22 -2.199498e-21 -9.015779e-21 -3.288718e-20 -1.066914e-19 -3.074692e-19 -7.859168e-19 -1.778557e-18 -3.555787e-18 -6.262413e-18 -9.673731e-18 -1.300737e-17 -1.500059e-17 -1.436496e-17 -1.046761e-17 -3.843872e-18 3.843872e-18 1.046761e-17 1.436496e-17 1.500059e-17 1.300737e-17 9.673731e-18 6.262413e-18 3.555787e-18 1.778557e-18 7.859168e-19 3.074692e-19 1.066914e-19 3.288718e-20 9.015779e-21 2.199498e-21 4.773720e-22 9.200897e-23 1.568114e-23 2.342209e-24 3.009699e-25 3.187710e-26 2.445478e-27 4.956506e-29 -2.607707e-29 -6.384928e-30 -1.004026e-30 -1.273732e-31 -1.390871e-32 -1.344425e-33 -1.167551e-34 -9.191073e-36 -6.596424e-37 -4.333173e-38 -2.612472e-39 -1.448397e-40 -7.394333e-42 -3.479132e-43 -1.509468e-44 -6.039995e-46 -2.228733e-47 -7.580800e-49 -2.375273e-50 -6.849128e-52 -1.815229e-53 -4.414795e-55 -9.833818e-57 -2.001404e-58 -3.711129e-60 -6.248033e-62 -9.511528e-64 -1.275123e-65 -8.025963e-68 -8.656936e-71 -1.449982e-74 -4.877565e-79 -4.173128e-84 -1.077089e-89 -9.411019e-96
1.679434e-93 1.594908e-87 5.272168e-82 5.364792e-77 1.409850e-72 7.530258e-69 6.305902e-66 9.125591e-64 6.248006e-62 3.788459e-60 2.086584e-58 1.047524e-56 4.807254e-55 2.021511e-53 7.804781e-52 2.771101e-50 9.059634e-49 2.730016e-47 7.587909e-46 1.946111e-44 4.606449e-43 1.006130e-41 2.026871e-40 3.762819e-39 6.429067e-38 1.009032e-36 1.450805e-35 1.903588e-34 2.266252e-33 2.426365e-32 2.301685e-31 1.880686e-30 1.239519e-29 5.216146e-29 -1.138048e-28 -5.494100e-27 -7.449948e-26 -7.357477e-25 -6.007590e-24 -4.231237e-23 -2.618545e-22 -1.436761e-21 -7.020413e-21 -3.060806e-20 -1.191273e-19 -4.137230e-19 -1.280908e-18 -3.530941e-18 -8.653906e-18 -1.882844e-17 -3.630138e-17 -6.187148e-17 -9.285717e-17 -1.218323e-16 -1.377342e-16 -1.299266e-16 -9.372516e-17 -3.424356e-17 3.424356e-17 9.372516e-17 1.299266e-16 1.377342e-16 1.218323e-16 9.285717e-17 6.187148e-17 3.630138e-17 1.882844e-17 8.653906e-18 3.530941e-18 1.280908e-18 4.137230e-19 1.191273e-19 3.060806e-20 7.020413e-21 1.436761e-21 2.618545e-22 4.231237e-23 6.007590e-24 7.357477e-25 7.449948e-26 5.494100e-27 1.138048e-28 -5.216146e-29 -1.239519e-29 -1.880686e-30 -2.301685e-31 -2.426365e-32 -2.266252e-33 -1.903588e-34 -1.450805e-35 -1.009032e-36 -6.429067e-38 -3.762819e-39 -2.026871e-40 -1.006130e-41 -4.606449e-43 -1.946111e-44 -7.587909e-46 -2.730016e-47 -9.059634e-49 -2.771101e-50 -7.804781e-52 -2.021511e-53 -4.807254e-55 -1.047524e-56 -2.086584e-58 -3.788459e-60 -6.248006e-62 -9.125591e-64 -6.305902e-66 -7.530258e-69 -1.409850e-72 -5.364792e-77 -5.272168e-82 -1.594908e-87 -1.679434e-93
2.440297e-91 1.977399e-85 5.691254e-80 5.120023e-75 1.203827e-70 5.807625e-67 4.427158e-64 5.873473e-62 3.711111e-60 2.086584e-58 1.069814e-56 5.016283e-55 2.156282e-53 8.514278e-52 3.093282e-50 1.035357e-48 3.195952e-47 9.104729e-46 2.394907e-44 5.817582e-43 1.304903e-41 2.701499e-40 5.157851e-39 9.070219e-38 1.466368e-36 2.173628e-35 2.942877e-34 3.618483e-33 4.004911e-32 3.930796e-31 3.325388e-30 2.268922e-29 9.832387e-29 -2.420455e-28 -1.155230e-26 -1.627644e-25 -1.678337e-24 -1.434823e-23 -1.060597e-22 -6.904710e-22 -3.994997e-21 -2.063624e-20 -9.536395e-20 -3.944973e-19 -1.460469e-18 -4.834848e-18 -1.429701e-17 -3.771924e-17 -8.867849e-17 -1.855644e-16 -3.451488e-16 -5.695157e-16 -8.307710e-16 -1.064035e-15 -1.179658e-15 -1.096489e-15 -7.831965e-16 -2.847361e-16 2.847361e-16 7.831965e-16 1.096489e-15 1.179658e-15 1.064035e-15 8.307710e-16 5.695157e-16 3.451488e-16 1.855644e-16 8.867849e-17 3.771924e-17 1.429701e-17 4.834848e-18 1.460469e-18 3.944973e-19 9.536395e-20 2.063624e-20 3.994997e-21 6.904710e-22 1.060597e-22 1.434823e-23 1.678337e-24 1.627644e-25 1.155230e-26 2.420455e-28 -9.832387e-29 -2.268922e-29 -3.325388e-30 -3.930796e-31 -4.004911e-32 -3.618483e-33 -2.942877e-34 -2.173628e-35 -1.466368e-36 -9.070219e-38 -5.157851e-39 -2.701499e-40 -1.304903e-41 -5.817582e-43 -2.394907e-44 -9.104729e-46 -3.195952e-47 -1.035357e-48 -3.093282e-50 -8.514278e-52 -2.156282e-53 -5.016283e-55 -1.069814e-56 -2.086584e-58 -3.711111e-60 -5.873473e-62 -4.427158e-64 -5.807625e-67 -1.203827e-70 -5.120023e-75 -5.691254e-80 -1.977399e-85 -2.440297e-91
2.967657e-89 2.093930e-83 5.328629e-78 4.289371e-73 9.110077e-69 4.000738e-65 2.794147e-62 3.416748e-60 2.001393e-58 1.047524e-56 5.016283e-55 2.203159e-53 8.892676e-52 3.304162e-50 1.131648e-48 3.576292e-47 1.043648e-45 2.813738e-44 7.009890e-43 1.613611e-41 3.430593e-40 6.731042e-39 1.217308e-37 2.025490e-36 3.092617e-35 4.316491e-34 5.476180e-33 6.259131e-32 6.349394e-31 5.555315e-30 3.919907e-29 1.748386e-28 -4.788625e-28 -2.277094e-26 -3.329860e-25 -3.579039e-24 -3.197370e-23 -2.475111e-22 -1.691080e-21 -1.029096e-20 -5.603702e-20 -2.736294e-19 -1.199035e-18 -4.714242e-18 -1.661882e-17 -5.247749e-17 -1.482745e-16 -3.744897e-16 -8.447142e-16 -1.700353e-15 -3.051733e-15 -4.876312e-15 -6.915879e-15 -8.649348e-15 -9.406535e-15 -8.617341e-15 -6.095677e-15 -2.205369e-15 2.205369e-15 6.095677e-15 8.617341e-15 9.406535e-15 8.649348e-15 6.915879e-15 4.876312e-15 3.051733e-15 1.700353e-15 8.447142e-16 3.744897e-16 1.482745e-16 5.247749e-17 1.661882e-17 4.714242e-18 1.199035e-18 2.736294e-19 5.603702e-20 1.029096e-20 1.691080e-21 2.475111e-22 3.197370e-23 3.579039e-24 3.329860e-25 2.277094e-26 4.788625e-28 -1.748386e-28 -3.919907e-29 -5.555315e-30 -6.349394e-31 -6.259131e-32 -5.476180e-33 -4.316491e-34 -3.092617e-35 -2.025490e-36 -1.217308e-37 -6.731042e-39 -3.430593e-40 -1.613611e-41 -7.009890e-43 -2.813738e-44 -1.043648e-45 -3.576292e-47 -1.131648e-48 -3.304162e-50 -8.892676e-52 -2.203159e-53 -5.016283e-55 -1.047524e-56 -2.001393e-58 -3.416748e-60 -2.794147e-62 -4.000738e-65 -9.110077e-69 -4.289371e-73 -5.328629e-78 -2.093930e-83 -2.967657e-89
3.081087e-87 1.922340e-81 4.377626e-76 3.183443e-71 6.155312e-67 2.476549e-63 1.593208e-60 1.803857e-58 9.833752e-57 4.807254e-55 2.156282e-53 8.892676e-52 3.377579e-50 1.183076e-48 3.825718e-47 1.142996e-45 3.156655e-44 8.060481e-43 1.902917e-41 4.151824e-40 8.365485e-39 1.554720e-37 2.660373e-36 4.180528e-35 6.009974e-34 7.859793e-33 9.268238e-32 9.707535e-31 8.775165e-30 6.397256e-29 2.935522e-28 -8.840587e-28 -4.213533e-26 -6.388401e-25 -7.146404e-24 -6.659664e-23 -5.388296e-22 -3.855331e-21 -2.461821e-20 -1.409525e-19 -7.252513e-19 -3.356248e-18 -1.396796e-17 -5.224611e-17 -1.754761e-16 -5.286701e-16 -1.427393e-15 -3.451182e-15 -7.468601e-15 -1.446181e-14 -2.504696e-14 -3.876186e-14 -5.345924e-14 -6.529994e-14 -6.967787e-14 -6.292313e-14 -4.408553e-14 -1.587345e-14 1.587345e-14 4.408553e-14 6.292313e-14 6.967787e-14 6.529994e-14 5.345924e-14 3.876186e-14 2.504696e-14 1.446181e-14 7.468601e-15 3.451182e-15 1.427393e-15 5.286701e-16 1.754761e-16 5.224611e-17 1.396796e-17 3.356248e-18 7.252513e-19 1.409525e-19 2.461821e-20 3.855331e-21 5.388296e-22 6.659664e-23 7.146404e-24 6.388401e-25 4.213533e-26 8.840587e-28 -2.935522e-28 -6.397256e-29 -8.775165e-30 -9.707535e-31 -9.268238e-32 -7.859793e-33 -6.009974e-34 -4.180528e-35 -2.660373e-36 -1.554720e-37 -8.365485e-39 -4.151824e-40 -1.902917e-41 -8.060481e-43 -3.156655e-44 -1.142996e-45 -3.825718e-47 -1.183076e-48 -3.377579e-50 -8.892676e-52 -2.156282e-53 -4.807254e-55 -9.833752e-57 -1.803857e-58 -1.593208e-60 -2.476549e-63 -6.155312e-67 -3.183443e-71 -4.377626e-76 -1.922340e-81 -3.081087e-87
2.772021e-85 1.547811e-79 3.184562e-74 2.108525e-69 3.735546e-65 1.384410e-61 8.240893e-59 8.672552e-57 4.414761e-55 2.021511e-53 8.514278e-52 3.304162e-50 1.183076e-48 3.912638e-47 1.196134e-45 3.381989e-44 8.846220e-43 2.140530e-41 4.789708e-40 9.903905e-39 1.890174e-37 3.323750e-36 5.371157e-35 7.946708e-34 1.070386e-32 1.301014e-31 1.405652e-30 1.311531e-29 9.869589e-29 4.657529e-28 -1.526806e-27 -7.328221e-26 -1.150852e-24 -1.337996e-23 -1.298529e-22 -1.096146e-21 -8.197251e-21 -5.480773e-20 -3.291949e-19 -1.780371e-18 -8.677511e-18 -3.811509e-17 -1.507872e-16 -5.367980e-16 -1.717908e-15 -4.937653e-15 -1.273659e-14 -2.947254e-14 -6.117703e-14 -1.139338e-13 -1.904036e-13 -2.853864e-13 -3.827777e-13 -4.567095e-13 -4.782020e-13 -4.257419e-13 -2.954637e-13 -1.058799e-13 1.058799e-13 2.954637e-13 4.257419e-13 4.782020e-13 4.567095e-13 3.827777e-13 2.853864e-13 1.904036e-13 1.139338e-13 6.117703e-14 2.947254e-14 1.273659e-14 4.937653e-15 1.717908e-15 5.367980e-16 1.507872e-16 3.811509e-17 8.677511e-18 1.780371e-18 3.291949e-19 5.480773e-20 8.197251e-21 1.096146e-21 1.298529e-22 1.337996e-23 1.150852e-24 7.328221e-26 1.526806e-27 -4.657529e-28 -9.869589e-29 -1.311531e-29 -1.405652e-30 -1.301014e-31 -1.070386e-32 -7.946708e-34 -5.371157e-35 -3.323750e-36 -1.890174e-37 -9.903905e-39 -4.789708e-40 -2.140530e-41 -8.846220e-43 -3.381989e-44 -1.196134e-45 -3.912638e-47 -1.183076e-48 -3.304162e-50 -8.514278e-52 -2.021511e-53 -4.414761e-55 -8.672552e-57 -8.240893e-59 -1.384410e-61 -3.735546e-65 -2.108525e-69 -3.184562e-74 -1.547811e-79 -2.772021e-85
2.186266e-83 1.103036e-77 2.066509e-72 1.253825e-67 2.046314e-63 7.017239e-60 3.879998e-57 3.807858e-55 1.815214e-53 7.804781e-52 3.093282e-50 1.131648e-48 3.825718e-47 1.196134e-45 3.460592e-44 9.267129e-43 2.296992e-41 5.268053e-40 1.117156e-38 2.188018e-37 3.950994e-36 6.561064e-35 9.982357e-34 1.383713e-32 1.732097e-31 1.928715e-30 1.855812e-29 1.440371e-28 6.988022e-28 -2.471573e-27 -1.199227e-25 -1.948936e-24 -2.351825e-23 -2.373467e-22 -2.086897e-21 -1.628216e-20 -1.137683e-19 -7.153470e-19 -4.057261e-18 -2.077666e-17 -9.606285e-17 -4.008057e-16 -1.507742e-15 -5.108458e-15 -1.557370e-14 -4.268625e-14 -1.051436e-13 -2.327411e-13 -4.631824e-13 -8.293671e-13 -1.337083e-12 -1.940748e-12 -2.531383e-12 -2.950239e-12 -3.031320e-12 -2.660742e-12 -1.829137e-12 -6.523759e-13 6.523759e-13 1.829137e-12 2.660742e-12 3.031320e-12 2.950239e-12 2.531383e-12 1.940748e-12 1.337083e-12 8.293671e-13 4.631824e-13 2.327411e-13 1.051436e-13 4.268625e-14 1.557370e-14 5.108458e-15 1.507742e-15 4.008057e-16 9.606285e-17 2.077666e-17 4.057261e-18 7.153470e-19 1.137683e-19 1.628216e-20 2.086897e-21 2.373467e-22 2.351825e-23 1.948936e-24 1.199227e-25 2.471573e-27 -6.988022e-28 -1.440371e-28 -1.855812e-29 -1.928715e-30 -1.732097e-31 -1.383713e-32 -9.982357e-34 -6.561064e-35 -3.950994e-36 -2.188018e-37 -1.117156e-38 -5.268053e-40 -2.296992e-41 -9.267129e-43 -3.460592e-44 -1.196134e-45 -3.825718e-47 -1.131648e-48 -3.093282e-50 -7.804781e-52 -1.815214e-53 -3.807858e-55 -3.879998e-57 -7.017239e-60 -2.046314e-63 -1.253825e-67 -2.066509e-72 -1.103036e-77 -2.186266e-83
1.525385e-81 7.008512e-76 1.203350e-70 6.726711e-66 1.015945e-61 3.236091e-58 1.667515e-55 1.530475e-53 6.849062e-52 2.771101e-50 1.035357e-48 3.576292e-47 1.142996e-45 3.381989e-44 9.267129e-43 2.351627e-41 5.524703e-40 1.200810e-38 2.411989e-37 4.469599e-36 7.621838e-35 1.191620e-33 1.698541e-32 2.187950e-31 2.508836e-30 2.487362e-29 1.989580e-28 9.920780e-28 -3.756089e-27 -1.848226e-25 -3.105653e-24 -3.885128e-23 -4.071591e-22 -3.723263e-21 -3.025736e-20 -2.205486e-19 -1.448948e-18 -8.600700e-18 -4.617148e-17 -2.241812e-16 -9.839655e-16 -3.900576e-15 -1.395031e-14 -4.496581e-14 -1.305071e-13 -3.408730e-13 -8.011559e-13 -1.695162e-12 -3.232303e-12 -5.561652e-12 -8.646268e-12 -1.214981e-11 -1.540822e-11 -1.753909e-11 -1.768290e-11 -1.530178e-11 -1.041983e-11 -3.698704e-12 3.698704e-12 1.041983e-11 1.530178e-11 1.768290e-11 1.753909e-11 1.540822e-11 1.214981e-11 8.646268e-12 5.561652e-12 3.232303e-12 1.695162e-12 8.011559e-13 3.408730e-13 1.305071e-13 4.496581e-14 1.395031e-14 3.900576e-15 9.839655e-16 2.241812e-16 4.617148e-17 8.600700e-18 1.448948e-18 2.205486e-19 3.025736e-20 3.723263e-21 4.071591e-22 3.885128e-23 3.105653e-24 1.848226e-25 3.756089e-27 -9.920780e-28 -1.989580e-28 -2.487362e-29 -2.508836e-30 -2.187950e-31 -1.698541e-32 -1.191620e-33 -7.621838e-35 -4.469599e-36 -2.411989e-37 -1.200810e-38 -5.524703e-40 -2.351627e-41 -9.267129e-43 -3.381989e-44 -1.142996e-45 -3.576292e-47 -1.035357e-48 -2.771101e-50 -6.849062e-52 -1.530475e-53 -1.667515e-55 -3.236091e-58 -1.015945e-61 -6.726711e-66 -1.203350e-70 -7.008512e-76 -1.525385e-81
9.484131e-80 3.994002e-74 6.318812e-69 3.269131e-64 4.586781e-60 1.361587e-56 6.556958e-54 5.641873e-52 2.375247e-50 9.059634e-49 3.195952e-47 1.043648e-45 3.156655e-44 8.846220e-43 2.296992e-41 5.524703e-40 1.230052e-38 2.532357e-37 4.812602e-36 8.421805e-35 1.352074e-33 1.980374e-32 2.623100e-31 3.094917e-30 3.159181e-29 2.602341e-28 1.333382e-27 -5.365662e-27 -2.684745e-25 -4.660716e-24 -6.037554e-23 -6.562121e-22 -6.232134e-21 -5.267222e-20 -3.998622e-19 -2.740002e-18 -1.698950e-17 -9.542097e-17 -4.854894e-16 -2.236467e-15 -9.319628e-15 -3.509166e-14 -1.192548e-13 -3.653976e-13 -1.008678e-12 -2.507947e-12 -5.618362e-12 -1.135186e-11 -2.072034e-11 -3.423386e-11 -5.128982e-11 -6.974284e-11 -8.596541e-11 -9.554725e-11 -9.450422e-11 -8.061135e-11 -5.436895e-11 -1.920691e-11 1.920691e-11 5.436895e-11 8.061135e-11 9.450422e-11 9.554725e-11 8.596541e-11 6.974284e-11 5.128982e-11 3.423386e-11 2.072034e-11 1.135186e-11 5.618362e-12 2.507947e-12 1.008678e-12 3.653976e-13 1.192548e-13 3.509166e-14 9.319628e-15 2.236467e-15 4.854894e-16 9.542097e-17 1.698950e-17 2.740002e-18 3.998622e-19 5.267222e-20 6.232134e-21 6.562121e-22 6.037554e-23 4.660716e-24 2.684745e-25 5.365662e-27 -1.333382e-27 -2.602341e-28 -3.159181e-29 -3.094917e-30 -2.623100e-31 -1.980374e-32 -1.352074e-33 -8.421805e-35 -4.812602e-36 -2.532357e-37 -1.230052e-38 -5.524703e-40 -2.296992e-41 -8.846220e-43 -3.156655e-44 -1.043648e-45 -3.195952e-47 -9.059634e-49 -2.375247e-50 -5.641873e-52 -6.556958e-54 -1.361587e-56 -4.586781e-60 -3.269131e-64 -6.318812e-69 -3.994002e-74 -9.484131e-80
5.286023e-78 2.051396e-72 3.004107e-67 1.444034e-62 1.888404e-58 5.238964e-55 2.363529e-52 1.910528e-50 7.580708e-49 2.730016e-47 9.104729e-46 2.813738e-44 8.060481e-43 2.140530e-41 5.268053e-40 1.200810e-38 2.532357e-37 4.932640e-36 8.852471e-35 1.458445e-33 2.193545e-32 2.985450e-31 3.621791e-30 3.803526e-29 3.224403e-28 1.697335e-27 -7.212362e-27 -3.678190e-25 -6.591881e-24 -8.833226e-23 -9.945141e-22 -9.796542e-21 -8.598982e-20 -6.788569e-19 -4.844085e-18 -3.132153e-17 -1.837094e-16 -9.775221e-16 -4.716343e-15 -2.061412e-14 -8.152600e-14 -2.913755e-13 -9.399825e-13 -2.734557e-12 -7.170200e-12 -1.694704e-11 -3.613608e-11 -6.962791e-11 -1.215129e-10 -1.925761e-10 -2.778159e-10 -3.653008e-10 -4.373920e-10 -4.744703e-10 -4.602303e-10 -3.868681e-10 -2.583913e-10 -9.083733e-11 9.083733e-11 2.583913e-10 3.868681e-10 4.602303e-10 4.744703e-10 4.373920e-10 3.653008e-10 2.778159e-10 1.925761e-10 1.215129e-10 6.962791e-11 3.613608e-11 1.694704e-11 7.170200e-12 2.734557e-12 9.399825e-13 2.913755e-13 8.152600e-14 2.061412e-14 4.716343e-15 9.775221e-16 1.837094e-16 3.132153e-17 4.844085e-18 6.788569e-19 8.598982e-20 9.796542e-21 9.945141e-22 8.833226e-23 6.591881e-24 3.678190e-25 7.212362e-27 -1.697335e-27 -3.224403e-28 -3.803526e-29 -3.621791e-30 -2.985450e-31 -2.193545e-32 -1.458445e-33 -8.852471e-35 -4.932640e-36 -2.532357e-37 -1.200810e-38 -5.268053e-40 -2.140530e-41 -8.060481e-43 -2.813738e-44 -9.104729e-46 -2.730016e-47 -7.580708e-49 -1.910528e-50 -2.363529e-52 -5.238964e-55 -1.888404e-58 -1.444034e-62 -3.004107e-67 -2.051396e-72 -5.286023e-78
2.653849e-76 9.534247e-71 1.297398e-65 5.813498e-61 7.106019e-57 1.846897e-53 7.821973e-51 5.950507e-49 2.228703e-47 7.587909e-46 2.394907e-44 7.009890e-43 1.902917e-41 4.789708e-40 1.117156e-38 2.411989e-37 4.812602e-36 8.852471e-35 1.495714e-33 2.308511e-32 3.226243e-31 4.021503e-30 4.341971e-29 3.785726e-28 2.047080e-27 -9.129508e-27 -4.755409e-25 -8.791952e-24 -1.217514e-22 -1.418386e-21 -1.447447e-20 -1.317782e-19 -1.080374e-18 -8.015979e-18 -5.396378e-17 -3.299778e-16 -1.832999e-15 -9.245112e-15 -4.229817e-14 -1.753299e-13 -6.575411e-13 -2.228109e-12 -6.813796e-12 -1.879032e-11 -4.671677e-11 -1.047703e-10 -2.122526e-10 -3.893436e-10 -6.486389e-10 -9.847109e-10 -1.366255e-09 -1.735465e-09 -2.016814e-09 -2.133752e-09 -2.028613e-09 -1.679751e-09 -1.110697e-09 -3.885076e-10 3.885076e-10 1.110697e-09 1.679751e-09 2.028613e-09 2.133752e-09 2.016814e-09 1.735465e-09 1.366255e-09 9.847109e-10 6.486389e-10 3.893436e-10 2.122526e-10 1.047703e-10 4.671677e-11 1.879032e-11 6.813796e-12 2.228109e-12 6.575411e-13 1.753299e-13 4.229817e-14 9.245112e-15 1.832999e-15 3.299778e-16 5.396378e-17 8.015979e-18 1.080374e-18 1.317782e-19 1.447447e-20 1.418386e-21 1.217514e-22 8.791952e-24 4.755409e-25 9.129508e-27 -2.047080e-27 -3.785726e-28 -4.341971e-29 -4.021503e-30 -3.226243e-31 -2.308511e-32 -1.495714e-33 -8.852471e-35 -4.812602e-36 -2.411989e-37 -1.117156e-38 -4.789708e-40 -1.902917e-41 -7.009890e-43 -2.394907e-44 -7.587909e-46 -2.228703e-47 -5.950507e-49 -7.821973e-51 -1.846897e-53 -7.106019e-57 -5.813498e-61 -1.297398e-65 -9.534247e-71 -2.653849e-76
1.204938e-74 4.023001e-69 5.103849e-64 2.137948e-59 2.448580e-55 5.974461e-52 2.379557e-49 1.706205e-47 6.039905e-46 1.946111e-44 5.817582e-43 1.613611e-41 4.151824e-40 9.903905e-39 2.188018e-37 4.469599e-36 8.421805e-35 1.458445e-33 2.308511e-32 3.310710e-31 4.237459e-30 4.700624e-29 4.212711e-28 2.339766e-27 -1.088931e-26 -5.804388e-25 -1.106356e-23 -1.581861e-22 -1.904896e-21 -2.011593e-20 -1.897251e-19 -1.613232e-18 -1.242891e-17 -8.698828e-17 -5.536882e-16 -3.205625e-15 -1.687256e-14 -8.065771e-14 -3.497418e-13 -1.373559e-12 -4.878516e-12 -1.564801e-11 -4.527720e-11 -1.181098e-10 -2.778001e-10 -5.897672e-10 -1.132534e-09 -1.973354e-09 -3.131977e-09 -4.546256e-09 -6.056765e-09 -7.421581e-09 -8.360644e-09 -8.617911e-09 -8.023677e-09 -6.540205e-09 -4.279415e-09 -1.489045e-09 1.489045e-09 4.279415e-09 6.540205e-09 8.023677e-09 8.617911e-09 8.360644e-09 7.421581e-09 6.056765e-09 4.546256e-09 3.131977e-09 1.973354e-09 1.132534e-09 5.897672e-10 2.778001e-10 1.181098e-10 4.527720e-11 1.564801e-11 4.878516e-12 1.373559e-12 3.497418e-13 8.065771e-14 1.687256e-14 3.205625e-15 5.536882e-16 8.698828e-17 1.242891e-17 1.613232e-18 1.897251e-19 2.011593e-20 1.904896e-21 1.581861e-22 1.106356e-23 5.804388e-25 1.088931e-26 -2.339766e-27 -4.212711e-28 -4.700624e-29 -4.237459e-30 -3.310710e-31 -2.308511e-32 -1.458445e-33 -8.421805e-35 -4.469599e-36 -2.188018e-37 -9.903905e-39 -4.151824e-40 -1.613611e-41 -5.817582e-43 -1.946111e-44 -6.039905e-46 -1.706205e-47 -2.379557e-49 -5.974461e-52 -2.448580e-55 -2.137948e-59 -5.103849e-64 -4.023001e-69 -1.204938e-74
4.963798e-73 1.545315e-67 1.832999e-62 7.195445e-58 7.737657e-54 1.775541e-50 6.660330e-48 4.506783e-46 1.509443e-44 4.606449e-43 1.304903e-41 3.430593e-40 8.365485e-39 1.890174e-37 3.950994e-36 7.621838e-35 1.352074e-33 2.193545e-32 3.226243e-31 4.237459e-30 4.826583e-29 4.443772e-28 2.534910e-27 -1.224419e-26 -6.690941e-25 -1.314033e-23 -1.938197e-22 -2.410281e-21 -2.631142e-20 -2.567956e-19 -2.261949e-18 -1.807267e-17 -1.313250e-16 -8.688702e-16 -5.235018e-15 -2.870878e-14 -1.431562e-13 -6.482157e-13 -2.661089e-12 -9.887838e-12 -3.319959e-11 -1.005843e-10 -2.746944e-10 -6.759789e-10 -1.499749e-09 -3.004950e-09 -5.453247e-09 -8.999586e-09 -1.357065e-08 -1.878804e-08 -2.397974e-08 -2.828660e-08 -3.083365e-08 -3.091613e-08 -2.815162e-08 -2.256593e-08 -1.460116e-08 -5.052166e-09 5.052166e-09 1.460116e-08 2.256593e-08 2.815162e-08 3.091613e-08 3.083365e-08 2.828660e-08 2.397974e-08 1.878804e-08 1.357065e-08 8.999586e-09 5.453247e-09 3.004950e-09 1.499749e-09 6.759789e-10 2.746944e-10 1.005843e-10 3.319959e-11 9.887838e-12 2.661089e-12 6.482157e-13 1.431562e-13 2.870878e-14 5.235018e-15 8.688702e-16 1.313250e-16 1.807267e-17 2.261949e-18 2.567956e-19 2.631142e-20 2.410281e-21 1.938197e-22 1.314033e-23 6.690941e-25 1.224419e-26 -2.534910e-27 -4.443772e-28 -4.826583e-29 -4.237459e-30 -3.226243e-31 -2.193545e-32 -1.352074e-33 -7.621838e-35 -3.950994e-36 -1.890174e-37 -8.365485e-39 -3.430593e-40 -1.304903e-41 -4.606449e-43 -1.509443e-44 -4.506783e-46 -6.660330e-48 -1.775541e-50 -7.737657e-54 -7.195445e-58 -1.832999e-62 -1.545315e-67 -4.963798e-73
1.860318e-71 5.415620e-66 6.020818e-61 2.219513e-56 2.245008e-52 4.852028e-49 1.716268e-46 1.097034e-44 3.479069e-43 1.006130e-41 2.701499e-40 6.731042e-39 1.554720e-37 3.323750e-36 6.561064e-35 1.191620e-33 1.980374e-32 2.985450e-31 4.021503e-30 4.700624e-29 4.443772e-28 2.603477e-27 -1.298267e-26 -7.285918e-25 -1.473484e-23 -2.240336e-22 -2.874494e-21 -3.240591e-20 -3.269445e-19 -2.979964e-18 -2.466283e-17 -1.858336e-16 -1.276330e-15 -7.991706e-15 -4.559643e-14 -2.368062e-13 -1.117937e-12 -4.789368e-12 -1.858568e-11 -6.520843e-11 -2.064846e-10 -5.892446e-10 -1.514019e-09 -3.502357e-09 -7.301950e-09 -1.375354e-08 -2.349386e-08 -3.658039e-08 -5.221271e-08 -6.870300e-08 -8.373032e-08 -9.479184e-08 -9.970269e-08 -9.700587e-08 -8.621143e-08 -6.784900e-08 -4.336461e-08 -1.491234e-08 1.491234e-08 4.336461e-08 6.784900e-08 8.621143e-08 9.700587e-08 9.970269e-08 9.479184e-08 8.373032e-08 6.870300e-08 5.221271e-08 3.658039e-08 2.349386e-08 1.375354e-08 7.301950e-09 3.502357e-09 1.514019e-09 5.892446e-10 2.064846e-10 6.520843e-11 1.858568e-11 4.789368e-12 1.117937e-12 2.368062e-13 4.559643e-14 7.991706e-15 1.276330e-15 1.858336e-16 2.466283e-17 2.979964e-18 3.269445e-19 3.240591e-20 2.874494e-21 2.240336e-22 1.473484e-23 7.285918e-25 1.298267e-26 -2.603477e-27 -4.443772e-28 -4.700624e-29 -4.021503e-30 -2.985450e-31 -1.980374e-32 -1.191620e-33 -6.561064e-35 -3.323750e-36 -1.554720e-37 -6.731042e-39 -2.701499e-40 -1.006130e-41 -3.479069e-43 -1.097034e-44 -1.716268e-46 -4.852028e-49 -2.245008e-52 -2.219513e-56 -6.020818e-61 -5.415620e-66 -1.860318e-71
6.356698e-70 1.734677e-64 1.811353e-59 6.281897e-55 5.985662e-51 1.219931e-47 4.072976e-45 2.461089e-43 7.394185e-42 2.026871e-40 5.157851e-39 1.217308e-37 2.660373e-36 5.371157e-35 9.982357e-34 1.698541e-32 2.623100e-31 3.621791e-30 4.341971e-29 4.212711e-28 2.534910e-27 -1.298267e-26 -7.495659e-25 -1.560250e-23 -2.443544e-22 -3.232100e-21 -3.759584e-20 -3.917189e-19 -3.690672e-18 -3.160493e-17 -2.466554e-16 -1.756435e-15 -1.141472e-14 -6.766563e-14 -3.655005e-13 -1.796364e-12 -8.019028e-12 -3.244953e-11 -1.187796e-10 -3.924764e-10 -1.168409e-09 -3.129210e-09 -7.533310e-09 -1.630625e-08 -3.178688e-08 -5.598670e-08 -8.953531e-08 -1.308162e-07 -1.758004e-07 -2.187105e-07 -2.532327e-07 -2.738134e-07 -2.766401e-07 -2.601129e-07 -2.248302e-07 -1.732421e-07 -1.091598e-07 -3.727025e-08 3.727025e-08 1.091598e-07 1.732421e-07 2.248302e-07 2.601129e-07 2.766401e-07 2.738134e-07 2.532327e-07 2.187105e-07 1.758004e-07 1.308162e-07 8.953531e-08 5.598670e-08 3.178688e-08 1.630625e-08 7.533310e-09 3.129210e-09 1.168409e-09 3.924764e-10 1.187796e-10 3.244953e-11 8.019028e-12 1.796364e-12 3.655005e-13 6.766563e-14 1.141472e-14 1.756435e-15 2.466554e-16 3.160493e-17 3.690672e-18 3.917189e-19 3.759584e-20 3.232100e-21 2.443544e-22 1.560250e-23 7.495659e-25 1.298267e-26 -2.534910e-27 -4.212711e-28 -4.341971e-29 -3.621791e-30 -2.623100e-31 -1.698541e-32 -9.982357e-34 -5.371157e-35 -2.660373e-36 -1.217308e-37 -5.157851e-39 -2.026871e-40 -7.394185e-42 -2.461089e-43 -4.072976e-45 -1.219931e-47 -5.985662e-51 -6.281897e-55 -1.811353e-59 -1.734677e-64 -6.356698e-70
1.983841e-68 5.085564e-63 4.996712e-58 1.632737e-53 1.467368e-49 2.822949e-46 8.902267e-44 5.087394e-42 1.448365e-40 3.762819e-39 9.070219e-38 2.025490e-36 4.180528e-35 7.946708e-34 1.383713e-32 2.187950e-31 3.094917e-30 3.803526e-29 3.785726e-28 2.339766e-27 -1.224419e-26 -7.285918e-25 -1.560250e-23 -2.515256e-22 -3.427083e-21 -4.109644e-20 -4.418050e-19 -4.298703e-18 -3.805069e-17 -3.072465e-16 -2.265899e-15 -1.526568e-14 -9.390589e-14 -5.268783e-13 -2.692271e-12 -1.250593e-11 -5.269633e-11 -2.009583e-10 -6.919064e-10 -2.145763e-09 -5.981277e-09 -1.496218e-08 -3.356409e-08 -6.755930e-08 -1.222968e-07 -1.999420e-07 -2.970335e-07 -4.039701e-07 -5.069298e-07 -5.912617e-07 -6.448493e-07 -6.603011e-07 -6.355407e-07 -5.730667e-07 -4.784959e-07 -3.590087e-07 -2.221471e-07 -7.515400e-08 7.515400e-08 2.221471e-07 3.590087e-07 4.784959e-07 5.730667e-07 6.355407e-07 6.603011e-07 6.448493e-07 5.912617e-07 5.069298e-07 4.039701e-07 2.970335e-07 1.999420e-07 1.222968e-07 6.755930e-08 3.356409e-08 1.496218e-08 5.981277e-09 2.145763e-09 6.919064e-10 2.009583e-10 5.269633e-11 1.250593e-11 2.692271e-12 5.268783e-13 9.390589e-14 1.526568e-14 2.265899e-15 3.072465e-16 3.805069e-17 4.298703e-18 4.418050e-19 4.109644e-20 3.427083e-21 2.515256e-22 1.560250e-23 7.285918e-25 1.224419e-26 -2.339766e-27 -3.785726e-28 -3.803526e-29 -3.094917e-30 -2.187950e-31 -1.383713e-32 -7.946708e-34 -4.180528e-35 -2.025490e-36 -9.070219e-38 -3.762819e-39 -1.448365e-40 -5.087394e-42 -8.902267e-44 -2.822949e-46 -1.467368e-49 -1.632737e-53 -4.996712e-58 -5.085564e-63 -1.983841e-68
