0.000000e+00 0.000000e+00 0.000000e+00 0.000000e+00 0.000000e+00 0.000000e+00 0.000000e+00 0.000000e+00 0.000000e+00 0.000000e+00 0.000000e+00 0.000000e+00 0.000000e+00 0.000000e+00 0.000000e+00 0.000000e+00 0.000000e+00 0.000000e+00 0.000000e+00 0.000000e+00 0.000000e+00 0.000000e+00 0.000000e+00 0.000000e+00 0.000000e+00 0.000000e+00 0.000000e+00 0.000000e+00 0.000000e+00 0.000000e+00 0.000000e+00 0.000000e+00 0.000000e+00 0.000000e+00 0.000000e+00 0.000000e+00 0.000000e+00 0.000000e+00 0.000000e+00 0.000000e+00 0.000000e+00 0.000000e+00 0.000000e+00 0.000000e+00 0.000000e+00 0.000000e+00 0.000000e+00 0.000000e+00 0.000000e+00 0.000000e+00 0.000000e+00 0.000000e+00 0.000000e+00 0.000000e+00 0.000000e+00 0.000000e+00 0.000000e+00 0.000000e+00 0.000000e+00 0.000000e+00 0.000000e+00 0.000000e+00 0.000000e+00 0.000000e+00 0.000000e+00 0.000000e+00 0.000000e+00 0.000000e+00 0.000000e+00 0.000000e+00 0.000000e+00 0.000000e+00 0.000000e+00 0.000000e+00 0.000000e+00 0.000000e+00 0.000000e+00 0.000000e+00 0.000000e+00 0.000000e+00 0.000000e+00 0.000000e+00 0.000000e+00 0.000000e+00 0.000000e+00 0.000000e+00 0.000000e+00 0.000000e+00 0.000000e+00 0.000000e+00 0.000000e+00 0.000000e+00 0.000000e+00 0.000000e+00 0.000000e+00 0.000000e+00 0.000000e+00 0.000000e+00 0.000000e+00 0.000000e+00 0.000000e+00 0.000000e+00 0.000000e+00 0.000000e+00 0.000000e+00 0.000000e+00 0.000000e+00 0.000000e+00 0.000000e+00 0.000000e+00 0.000000e+00 0.000000e+00 0.000000e+00 0.000000e+00 0.000000e+00 0.000000e+00
6.010106e-123 3.532936e-116 4.223233e-110 1.186213e-104 7.275942e-100 8.082254e-96 1.293151e-92 3.341689e-90 3.860176e-88 3.786725e-86 3.263570e-84 2.493983e-82 1.702482e-80 1.044434e-78 5.786894e-77 2.907767e-75 1.329553e-73 5.547742e-72 2.117452e-70 7.406954e-69 2.378371e-67 7.019060e-66 1.905707e-64 4.763346e-63 1.096568e-61 2.325440e-60 4.542443e-59 8.170376e-58 1.352360e-56 2.057931e-55 2.875325e-54 3.682079e-53 4.311512e-52 4.601906e-51 4.458328e-50 3.897096e-49 3.046559e-48 2.100106e-47 1.244494e-46 5.998674e-46 1.978533e-45 -4.329322e-47 -6.570963e-44 -6.509591e-43 -4.375434e-42 -2.354615e-41 -1.065706e-40 -4.136392e-40 -1.387833e-39 -4.034668e-39 -1.015289e-38 -2.203534e-38 -4.098931e-38 -6.468950e-38 -8.511881e-38 -9.018778e-38 -7.037834e-38 -2.675306e-38 2.675306e-38 7.037834e-38 9.018778e-38 8.511881e-38 6.468950e-38 4.098931e-38 2.203534e-38 1.015289e-38 4.034668e-39 1.387833e-39 4.136392e-40 1.065706e-40 2.354615e-41 4.375434e-42 6.509591e-43 6.570963e-44 4.329322e-47 -1.978533e-45 -5.998674e-46 -1.244494e-46 -2.100106e-47 -3.046559e-48 -3.897096e-49 -4.458328e-50 -4.601906e-51 -4.311512e-52 -3.682079e-53 -2.875325e-54 -2.057931e-55 -1.352360e-56 -8.170376e-58 -4.542443e-59 -2.325440e-60 -1.096568e-61 -4.763346e-63 -1.905707e-64 -7.019060e-66 -2.378371e-67 -7.406954e-69 -2.117452e-70 -5.547742e-72 -1.329553e-73 -2.907767e-75 -5.786894e-77 -1.044434e-78 -1.702482e-80 -2.493983e-82 -3.263570e-84 -3.786725e-86 -3.860176e-88 -3.341689e-90 -1.293151e-92 -8.082254e-96 -7.275942e-100 -1.186213e-104 -4.223233e-110 -3.532936e-116 -6.010106e-123
2.314703e-116 6.768419e-110 5.365664e-104 1.124207e-98 5.485378e-94 5.047671e-90 6.879853e-87 1.546466e-84 1.579815e-82 1.387416e-80 1.080828e-78 7.524554e-77 4.709852e-75 2.663788e-73 1.366943e-71 6.386313e-70 2.724213e-68 1.063544e-66 3.807550e-65 1.252013e-63 3.786188e-62 1.054042e-60 2.703276e-59 6.390035e-58 1.392486e-56 2.797294e-55 5.178632e-54 8.830152e-53 1.385496e-51 1.997886e-50 2.643078e-49 3.200446e-48 3.535980e-47 3.549258e-46 3.216888e-45 2.608647e-44 1.864565e-43 1.142745e-42 5.643220e-42 1.819750e-41 -1.768539e-41 -8.722406e-40 -8.635703e-39 -6.048128e-38 -3.438819e-37 -1.658329e-36 -6.905707e-36 -2.502579e-35 -7.913949e-35 -2.183406e-34 -5.243589e-34 -1.091672e-33 -1.957814e-33 -2.994670e-33 -3.840550e-33 -3.990028e-33 -3.072447e-33 -1.160112e-33 1.160112e-33 3.072447e-33 3.990028e-33 3.840550e-33 2.994670e-33 1.957814e-33 1.091672e-33 5.243589e-34 2.183406e-34 7.913949e-35 2.502579e-35 6.905707e-36 1.658329e-36 3.438819e-37 6.048128e-38 8.635703e-39 8.722406e-40 1.768539e-41 -1.819750e-41 -5.643220e-42 -1.142745e-42 -1.864565e-43 -2.608647e-44 -3.216888e-45 -3.549258e-46 -3.535980e-47 -3.200446e-48 -2.643078e-49 -1.997886e-50 -1.385496e-51 -8.830152e-53 -5.178632e-54 -2.797294e-55 -1.392486e-56 -6.390035e-58 -2.703276e-59 -1.054042e-60 -3.786188e-62 -1.252013e-63 -3.807550e-65 -1.063544e-66 -2.724213e-68 -6.386313e-70 -1.366943e-71 -2.663788e-73 -4.709852e-75 -7.524554e-77 -1.080828e-78 -1.387416e-80 -1.579815e-82 -1.546466e-84 -6.879853e-87 -5.047671e-90 -5.485378e-94 -1.124207e-98 -5.365664e-104 -6.768419e-110 -2.314703e-116
1.696374e-110 3.289585e-104 1.945286e-98 3.242213e-93 1.310508e-88 1.027185e-84 1.216988e-81 2.416208e-79 2.209066e-77 1.753436e-75 1.244289e-73 7.942155e-72 4.582600e-70 2.400169e-68 1.145056e-66 4.990191e-65 1.991382e-63 7.291241e-62 2.453381e-60 7.596503e-59 2.166663e-57 5.696724e-56 1.381439e-54 3.090431e-53 6.378024e-52 1.213997e-50 2.129976e-49 3.441743e-48 5.115471e-47 6.981518e-46 8.728924e-45 9.966554e-44 1.034663e-42 9.704762e-42 8.145827e-41 6.022021e-40 3.805118e-39 1.915382e-38 5.921752e-38 -1.392564e-37 -4.097989e-36 -4.079449e-35 -2.970874e-34 -1.777756e-33 -9.089704e-33 -4.037666e-32 -1.569829e-31 -5.357772e-31 -1.605697e-30 -4.219672e-30 -9.696664e-30 -1.940311e-29 -3.360079e-29 -4.987553e-29 -6.240667e-29 -6.362418e-29 -4.837150e-29 -1.814724e-29 1.814724e-29 4.837150e-29 6.362418e-29 6.240667e-29 4.987553e-29 3.360079e-29 1.940311e-29 9.696664e-30 4.219672e-30 1.605697e-30 5.357772e-31 1.569829e-31 4.037666e-32 9.089704e-33 1.777756e-33 2.970874e-34 4.079449e-35 4.097989e-36 1.392564e-37 -5.921752e-38 -1.915382e-38 -3.805118e-39 -6.022021e-40 -8.145827e-41 -9.704762e-42 -1.034663e-42 -9.966554e-44 -8.728924e-45 -6.981518e-46 -5.115471e-47 -3.441743e-48 -2.129976e-49 -1.213997e-50 -6.378024e-52 -3.090431e-53 -1.381439e-54 -5.696724e-56 -2.166663e-57 -7.596503e-59 -2.453381e-60 -7.291241e-62 -1.991382e-63 -4.990191e-65 -1.145056e-66 -2.400169e-68 -4.582600e-70 -7.942155e-72 -1.244289e-73 -1.753436e-75 -2.209066e-77 -2.416208e-79 -1.216988e-81 -1.027185e-84 -1.310508e-88 -3.242213e-93 -1.945286e-98 -3.289585e-104 -1.696374e-110
2.674432e-105 3.868624e-99 1.819845e-93 2.512644e-88 8.650655e-84 5.893305e-80 6.162863e-77 1.093684e-74 9.034565e-73 6.531697e-71 4.249173e-69 2.499887e-67 1.335613e-65 6.502665e-64 2.893415e-62 1.179474e-60 4.413630e-59 1.518622e-57 4.810925e-56 1.404710e-54 3.783227e-53 9.403379e-52 2.157603e-50 4.570213e-49 8.934611e-48 1.611247e-46 2.678107e-45 4.097685e-44 5.761720e-43 7.427713e-42 8.750993e-41 9.380203e-40 9.088414e-39 7.879786e-38 6.010607e-37 3.903337e-36 1.991758e-35 5.745022e-35 -2.547948e-34 -5.818191e-33 -5.846097e-32 -4.417984e-31 -2.772627e-30 -1.496604e-29 -7.055718e-29 -2.926094e-28 -1.070660e-27 -3.458715e-27 -9.856238e-27 -2.472875e-26 -5.446630e-26 -1.048890e-25 -1.755787e-25 -2.531418e-25 -3.092701e-25 -3.096011e-25 -2.324956e-25 -8.668364e-26 8.668364e-26 2.324956e-25 3.096011e-25 3.092701e-25 2.531418e-25 1.755787e-25 1.048890e-25 5.446630e-26 2.472875e-26 9.856238e-27 3.458715e-27 1.070660e-27 2.926094e-28 7.055718e-29 1.496604e-29 2.772627e-30 4.417984e-31 5.846097e-32 5.818191e-33 2.547948e-34 -5.745022e-35 -1.991758e-35 -3.903337e-36 -6.010607e-37 -7.879786e-38 -9.088414e-39 -9.380203e-40 -8.750993e-41 -7.427713e-42 -5.761720e-43 -4.097685e-44 -2.678107e-45 -1.611247e-46 -8.934611e-48 -4.570213e-49 -2.157603e-50 -9.403379e-52 -3.783227e-53 -1.404710e-54 -4.810925e-56 -1.518622e-57 -4.413630e-59 -1.179474e-60 -2.893415e-62 -6.502665e-64 -1.335613e-65 -2.499887e-67 -4.249173e-69 -6.531697e-71 -9.034565e-73 -1.093684e-74 -6.162863e-77 -5.893305e-80 -8.650655e-84 -2.512644e-88 -1.819845e-93 -3.868624e-99 -2.674432e-105
8.183999e-101 9.417302e-95 3.669814e-89 4.315809e-84 1.291451e-79 7.764718e-76 7.252791e-73 1.161447e-70 8.735962e-69 5.789375e-67 3.471053e-65 1.890661e-63 9.388626e-62 4.262765e-60 1.773941e-58 6.779924e-57 2.383819e-55 7.720982e-54 2.306142e-52 6.357145e-51 1.618226e-49 3.804944e-48 8.264392e-47 1.657810e-45 3.069746e-44 5.242690e-43 8.248235e-42 1.193389e-40 1.584146e-39 1.923038e-38 2.125011e-37 2.123120e-36 1.897700e-35 1.490110e-34 9.914382e-34 5.097267e-33 1.316816e-32 -1.025118e-31 -2.013330e-30 -2.047165e-29 -1.602329e-28 -1.051322e-27 -5.967947e-27 -2.972968e-26 -1.308494e-25 -5.103566e-25 -1.765513e-24 -5.414520e-24 -1.470093e-23 -3.526330e-23 -7.452224e-23 -1.382309e-22 -2.238324e-22 -3.136503e-22 -3.743625e-22 -3.681524e-22 -2.731651e-22 -1.012331e-22 1.012331e-22 2.731651e-22 3.681524e-22 3.743625e-22 3.136503e-22 2.238324e-22 1.382309e-22 7.452224e-23 3.526330e-23 1.470093e-23 5.414520e-24 1.765513e-24 5.103566e-25 1.308494e-25 2.972968e-26 5.967947e-27 1.051322e-27 1.602329e-28 2.047165e-29 2.013330e-30 1.025118e-31 -1.316816e-32 -5.097267e-33 -9.914382e-34 -1.490110e-34 -1.897700e-35 -2.123120e-36 -2.125011e-37 -1.923038e-38 -1.584146e-39 -1.193389e-40 -8.248235e-42 -5.242690e-43 -3.069746e-44 -1.657810e-45 -8.264392e-47 -3.804944e-48 -1.618226e-49 -6.357145e-51 -2.306142e-52 -7.720982e-54 -2.383819e-55 -6.779924e-57 -1.773941e-58 -4.262765e-60 -9.388626e-62 -1.890661e-63 -3.471053e-65 -5.789375e-67 -8.735962e-69 -1.161447e-70 -7.252791e-73 -7.764718e-76 -1.291451e-79 -4.315809e-84 -3.669814e-89 -9.417302e-95 -8.183999e-101
3.934969e-97 3.751091e-91 1.245127e-85 1.272760e-80 3.361340e-76 1.805026e-72 1.520382e-69 2.214074e-67 1.526080e-65 9.320058e-64 5.173107e-62 2.618765e-60 1.212622e-58 5.148760e-57 2.008698e-55 7.212642e-54 2.386919e-52 7.288142e-51 2.054891e-49 5.353050e-48 1.288826e-46 2.868130e-45 5.898356e-44 1.120421e-42 1.964246e-41 3.174307e-40 4.720596e-39 6.444754e-38 8.050734e-37 9.158531e-36 9.421403e-35 8.666583e-34 6.990876e-33 4.751858e-32 2.446304e-31 5.310346e-31 -7.256805e-30 -1.295350e-28 -1.335847e-27 -1.081284e-26 -7.397793e-26 -4.402030e-25 -2.308391e-24 -1.073638e-23 -4.442031e-23 -1.636474e-22 -5.367162e-22 -1.565502e-21 -4.054760e-21 -9.307096e-21 -1.888471e-20 -3.375968e-20 -5.290810e-20 -7.209274e-20 -8.410197e-20 -8.127843e-20 -5.960403e-20 -2.195881e-20 2.195881e-20 5.960403e-20 8.127843e-20 8.410197e-20 7.209274e-20 5.290810e-20 3.375968e-20 1.888471e-20 9.307096e-21 4.054760e-21 1.565502e-21 5.367162e-22 1.636474e-22 4.442031e-23 1.073638e-23 2.308391e-24 4.402030e-25 7.397793e-26 1.081284e-26 1.335847e-27 1.295350e-28 7.256805e-30 -5.310346e-31 -2.446304e-31 -4.751858e-32 -6.990876e-33 -8.666583e-34 -9.421403e-35 -9.158531e-36 -8.050734e-37 -6.444754e-38 -4.720596e-39 -3.174307e-40 -1.964246e-41 -1.120421e-42 -5.898356e-44 -2.868130e-45 -1.288826e-46 -5.353050e-48 -2.054891e-49 -7.288142e-51 -2.386919e-52 -7.212642e-54 -2.008698e-55 -5.148760e-57 -1.212622e-58 -2.618765e-60 -5.173107e-62 -9.320058e-64 -1.526080e-65 -2.214074e-67 -1.520382e-69 -1.805026e-72 -3.361340e-76 -1.272760e-80 -1.245127e-85 -3.751091e-91 -3.934969e-97
2.590227e-94 2.103875e-88 6.071847e-83 5.479449e-78 1.292873e-73 6.261851e-70 4.794446e-67 6.391647e-65 4.059859e-63 2.295884e-61 1.184595e-59 5.593077e-58 2.422499e-56 9.644994e-55 3.535949e-53 1.195307e-51 3.729946e-50 1.075327e-48 2.865828e-47 7.062846e-46 1.609789e-44 3.392677e-43 6.608425e-42 1.188742e-40 1.972370e-39 3.013384e-38 4.229044e-37 5.433540e-36 6.360078e-35 6.732942e-34 6.371039e-33 5.277363e-32 3.663592e-31 1.886528e-30 3.207884e-30 -7.707146e-29 -1.306822e-27 -1.374025e-26 -1.150949e-25 -8.204124e-25 -5.108936e-24 -2.813928e-23 -1.379246e-22 -6.033638e-22 -2.358244e-21 -8.234689e-21 -2.567009e-20 -7.135242e-20 -1.765795e-19 -3.883799e-19 -7.575769e-19 -1.306744e-18 -1.984262e-18 -2.631818e-18 -3.003479e-18 -2.854557e-18 -2.069950e-18 -7.583008e-19 7.583008e-19 2.069950e-18 2.854557e-18 3.003479e-18 2.631818e-18 1.984262e-18 1.306744e-18 7.575769e-19 3.883799e-19 1.765795e-19 7.135242e-20 2.567009e-20 8.234689e-21 2.358244e-21 6.033638e-22 1.379246e-22 2.813928e-23 5.108936e-24 8.204124e-25 1.150949e-25 1.374025e-26 1.306822e-27 7.707146e-29 -3.207884e-30 -1.886528e-30 -3.663592e-31 -5.277363e-32 -6.371039e-33 -6.732942e-34 -6.360078e-35 -5.433540e-36 -4.229044e-37 -3.013384e-38 -1.972370e-39 -1.188742e-40 -6.608425e-42 -3.392677e-43 -1.609789e-44 -7.062846e-46 -2.865828e-47 -1.075327e-48 -3.729946e-50 -1.195307e-51 -3.535949e-53 -9.644994e-55 -2.422499e-56 -5.593077e-58 -1.184595e-59 -2.295884e-61 -4.059859e-63 -6.391647e-65 -4.794446e-67 -6.261851e-70 -1.292873e-73 -5.479449e-78 -6.071847e-83 -2.103875e-88 -2.590227e-94
4.166717e-92 2.945834e-86 7.514291e-81 6.065431e-76 1.292307e-71 5.695753e-68 3.994221e-65 4.906495e-63 2.888418e-61 1.520161e-59 7.324181e-58 3.238536e-56 1.316922e-54 4.933340e-53 1.704921e-51 5.441751e-50 1.605533e-48 4.381396e-47 1.106311e-45 2.585023e-44 5.588681e-43 1.117432e-41 2.064729e-40 3.521458e-39 5.534301e-38 7.995492e-37 1.058279e-35 1.277026e-34 1.394526e-33 1.361695e-32 1.163691e-31 8.317702e-31 4.366460e-30 6.438595e-30 -2.141240e-28 -3.653413e-27 -3.972680e-26 -3.466111e-25 -2.583590e-24 -1.687532e-23 -9.776253e-23 -5.053899e-22 -2.338304e-21 -9.694062e-21 -3.601481e-20 -1.198330e-19 -3.567521e-19 -9.491330e-19 -2.253600e-18 -4.768439e-18 -8.975489e-18 -1.499150e-17 -2.212926e-17 -2.865389e-17 -3.206872e-17 -3.003179e-17 -2.156255e-17 -7.860016e-18 7.860016e-18 2.156255e-17 3.003179e-17 3.206872e-17 2.865389e-17 2.212926e-17 1.499150e-17 8.975489e-18 4.768439e-18 2.253600e-18 9.491330e-19 3.567521e-19 1.198330e-19 3.601481e-20 9.694062e-21 2.338304e-21 5.053899e-22 9.776253e-23 1.687532e-23 2.583590e-24 3.466111e-25 3.972680e-26 3.653413e-27 2.141240e-28 -6.438595e-30 -4.366460e-30 -8.317702e-31 -1.163691e-31 -1.361695e-32 -1.394526e-33 -1.277026e-34 -1.058279e-35 -7.995492e-37 -5.534301e-38 -3.521458e-39 -2.064729e-40 -1.117432e-41 -5.588681e-43 -2.585023e-44 -1.106311e-45 -4.381396e-47 -1.605533e-48 -5.441751e-50 -1.704921e-51 -4.933340e-53 -1.316922e-54 -3.238536e-56 -7.324181e-58 -1.520161e-59 -2.888418e-61 -4.906495e-63 -3.994221e-65 -5.695753e-68 -1.292307e-71 -6.065431e-76 -7.514291e-81 -2.945834e-86 -4.166717e-92
4.710597e-90 2.945873e-84 6.726708e-79 4.907037e-74 9.521853e-70 3.846556e-66 2.485821e-63 2.828713e-61 1.550601e-59 7.626376e-58 3.443826e-56 1.430808e-54 5.478920e-53 1.936435e-51 6.324176e-50 1.910217e-48 5.339689e-47 1.381892e-45 3.311457e-44 7.346819e-43 1.508471e-41 2.864237e-40 5.023626e-39 8.125305e-38 1.209072e-36 1.649678e-35 2.053824e-34 2.315965e-33 2.337175e-32 2.065669e-31 1.527322e-30 8.276041e-30 1.191362e-29 -4.521135e-28 -7.962498e-27 -9.013973e-26 -8.213854e-25 -6.409739e-24 -4.392884e-23 -2.676232e-22 -1.458264e-21 -7.128834e-21 -3.130632e-20 -1.235298e-19 -4.377690e-19 -1.392160e-18 -3.968765e-18 -1.013129e-17 -2.313331e-17 -4.719303e-17 -8.589882e-17 -1.392078e-16 -2.001236e-16 -2.533880e-16 -2.784916e-16 -2.572551e-16 -1.830205e-16 -6.640898e-17 6.640898e-17 1.830205e-16 2.572551e-16 2.784916e-16 2.533880e-16 2.001236e-16 1.392078e-16 8.589882e-17 4.719303e-17 2.313331e-17 1.013129e-17 3.968765e-18 1.392160e-18 4.377690e-19 1.235298e-19 3.130632e-20 7.128834e-21 1.458264e-21 2.676232e-22 4.392884e-23 6.409739e-24 8.213854e-25 9.013973e-26 7.962498e-27 4.521135e-28 -1.191362e-29 -8.276041e-30 -1.527322e-30 -2.065669e-31 -2.337175e-32 -2.315965e-33 -2.053824e-34 -1.649678e-35 -1.209072e-36 -8.125305e-38 -5.023626e-39 -2.864237e-40 -1.508471e-41 -7.346819e-43 -3.311457e-44 -1.381892e-45 -5.339689e-47 -1.910217e-48 -6.324176e-50 -1.936435e-51 -5.478920e-53 -1.430808e-54 -3.443826e-56 -7.626376e-58 -1.550601e-59 -2.828713e-61 -2.485821e-63 -3.846556e-66 -9.521853e-70 -4.907037e-74 -6.726708e-79 -2.945873e-84 -4.710597e-90
4.625494e-88 2.589726e-82 5.344870e-77 3.551458e-72 6.317214e-68 2.351793e-64 1.407038e-61 1.489045e-59 7.626318e-58 3.515574e-56 1.491691e-54 5.836202e-53 2.108529e-51 7.042616e-50 2.176645e-48 6.229121e-47 1.651324e-45 4.055808e-44 9.228299e-43 1.944463e-41 3.791416e-40 6.833482e-39 1.136614e-37 1.740620e-36 2.446090e-35 3.139145e-34 3.651851e-33 3.804988e-32 3.474575e-31 2.654980e-30 1.484028e-29 2.090654e-29 -8.968100e-28 -1.630172e-26 -1.918710e-25 -1.822988e-24 -1.486486e-23 -1.066679e-22 -6.817962e-22 -3.905932e-21 -2.011928e-20 -9.330848e-20 -3.897518e-19 -1.465761e-18 -4.959356e-18 -1.508240e-17 -4.118852e-17 -1.009131e-16 -2.216332e-16 -4.360206e-16 -7.676208e-16 -1.207342e-15 -1.690853e-15 -2.094076e-15 -2.260807e-15 -2.060457e-15 -1.452727e-15 -5.247471e-16 5.247471e-16 1.452727e-15 2.060457e-15 2.260807e-15 2.094076e-15 1.690853e-15 1.207342e-15 7.676208e-16 4.360206e-16 2.216332e-16 1.009131e-16 4.118852e-17 1.508240e-17 4.959356e-18 1.465761e-18 3.897518e-19 9.330848e-20 2.011928e-20 3.905932e-21 6.817962e-22 1.066679e-22 1.486486e-23 1.822988e-24 1.918710e-25 1.630172e-26 8.968100e-28 -2.090654e-29 -1.484028e-29 -2.654980e-30 -3.474575e-31 -3.804988e-32 -3.651851e-33 -3.139145e-34 -2.446090e-35 -1.740620e-36 -1.136614e-37 -6.833482e-39 -3.791416e-40 -1.944463e-41 -9.228299e-43 -4.055808e-44 -1.651324e-45 -6.229121e-47 -2.176645e-48 -7.042616e-50 -2.108529e-51 -5.836202e-53 -1.491691e-54 -3.515574e-56 -7.626318e-58 -1.489045e-59 -1.407038e-61 -2.351793e-64 -6.317214e-68 -3.551458e-72 -5.344870e-77 -2.589726e-82 -4.625494e-88
3.990414e-86 2.019524e-80 3.796899e-75 2.312929e-70 3.791824e-66 1.306858e-62 7.266627e-60 7.175804e-58 3.443797e-56 1.491691e-54 5.960364e-53 2.200187e-51 7.511987e-50 2.374439e-48 6.953029e-47 1.887053e-45 4.747607e-44 1.107176e-42 2.392518e-41 4.787326e-40 8.860479e-39 1.514440e-37 2.384956e-36 3.449143e-35 4.558773e-34 5.466220e-33 5.874843e-32 5.537336e-31 4.368543e-30 2.517049e-29 3.475131e-29 -1.672922e-27 -3.137415e-26 -3.834345e-25 -3.792461e-24 -3.225602e-23 -2.418805e-22 -1.618627e-21 -9.726854e-21 -5.265963e-20 -2.572173e-19 -1.133993e-18 -4.511172e-18 -1.618243e-17 -5.229899e-17 -1.521393e-16 -3.980430e-16 -9.360075e-16 -1.977403e-15 -3.751692e-15 -6.389229e-15 -9.754684e-15 -1.331129e-14 -1.612875e-14 -1.710830e-14 -1.538615e-14 -1.075198e-14 -3.866526e-15 3.866526e-15 1.075198e-14 1.538615e-14 1.710830e-14 1.612875e-14 1.331129e-14 9.754684e-15 6.389229e-15 3.751692e-15 1.977403e-15 9.360075e-16 3.980430e-16 1.521393e-16 5.229899e-17 1.618243e-17 4.511172e-18 1.133993e-18 2.572173e-19 5.265963e-20 9.726854e-21 1.618627e-21 2.418805e-22 3.225602e-23 3.792461e-24 3.834345e-25 3.137415e-26 1.672922e-27 -3.475131e-29 -2.517049e-29 -4.368543e-30 -5.537336e-31 -5.874843e-32 -5.466220e-33 -4.558773e-34 -3.449143e-35 -2.384956e-36 -1.514440e-37 -8.860479e-39 -4.787326e-40 -2.392518e-41 -1.107176e-42 -4.747607e-44 -1.887053e-45 -6.953029e-47 -2.374439e-48 -7.511987e-50 -2.200187e-51 -5.960364e-53 -1.491691e-54 -3.443797e-56 -7.175804e-58 -7.266627e-60 -1.306858e-62 -3.791824e-66 -2.312929e-70 -3.796899e-75 -2.019524e-80 -3.990414e-86
3.052489e-84 1.407422e-78 2.426129e-73 1.362271e-68 2.067772e-64 6.623382e-61 3.434231e-58 3.173622e-56 1.430794e-54 5.836202e-53 2.200187e-51 7.675245e-50 2.479927e-48 7.426839e-47 2.062467e-45 5.312278e-44 1.269013e-42 2.810604e-41 5.767592e-40 1.095443e-38 1.922656e-37 3.111318e-36 4.626992e-35 6.293287e-34 7.771094e-33 8.607427e-32 8.366384e-31 6.808686e-30 4.041125e-29 5.478470e-29 -2.938406e-27 -5.683199e-26 -7.203258e-25 -7.405930e-24 -6.559535e-23 -5.131040e-22 -3.587853e-21 -2.256861e-20 -1.281275e-19 -6.575261e-19 -3.051507e-18 -1.280412e-17 -4.854492e-17 -1.661600e-16 -5.129875e-16 -1.427356e-15 -3.577191e-15 -8.072304e-15 -1.640140e-14 -3.000808e-14 -4.943545e-14 -7.326756e-14 -9.743125e-14 -1.155134e-13 -1.204016e-13 -1.068634e-13 -7.402233e-14 -2.650212e-14 2.650212e-14 7.402233e-14 1.068634e-13 1.204016e-13 1.155134e-13 9.743125e-14 7.326756e-14 4.943545e-14 3.000808e-14 1.640140e-14 8.072304e-15 3.577191e-15 1.427356e-15 5.129875e-16 1.661600e-16 4.854492e-17 1.280412e-17 3.051507e-18 6.575261e-19 1.281275e-19 2.256861e-20 3.587853e-21 5.131040e-22 6.559535e-23 7.405930e-24 7.203258e-25 5.683199e-26 2.938406e-27 -5.478470e-29 -4.041125e-29 -6.808686e-30 -8.366384e-31 -8.607427e-32 -7.771094e-33 -6.293287e-34 -4.626992e-35 -3.111318e-36 -1.922656e-37 -1.095443e-38 -5.767592e-40 -2.810604e-41 -1.269013e-42 -5.312278e-44 -2.062467e-45 -7.426839e-47 -2.479927e-48 -7.675245e-50 -2.200187e-51 -5.836202e-53 -1.430794e-54 -3.173622e-56 -3.434231e-58 -6.623382e-61 -2.067772e-64 -1.362271e-68 -2.426129e-73 -1.407422e-78 -3.052489e-84
2.085857e-82 8.818789e-77 1.401403e-71 7.286478e-67 1.028024e-62 3.070621e-59 1.488906e-56 1.290812e-54 5.478861e-53 2.108529e-51 7.511987e-50 2.479927e-48 7.591792e-47 2.156149e-45 5.682569e-44 1.389735e-42 3.152879e-41 6.631232e-40 1.291644e-38 2.326377e-37 3.865736e-36 5.907311e-35 8.261811e-34 1.049772e-32 1.197303e-31 1.199103e-30 1.005797e-29 6.145631e-29 8.201235e-29 -4.864910e-27 -9.699714e-26 -1.273569e-24 -1.359272e-23 -1.251845e-22 -1.019796e-21 -7.437982e-21 -4.888078e-20 -2.904100e-19 -1.562301e-18 -7.614080e-18 -3.361165e-17 -1.343125e-16 -4.854324e-16 -1.585359e-15 -4.674619e-15 -1.243680e-14 -2.984543e-14 -6.460730e-14 -1.262114e-13 -2.226297e-13 -3.547352e-13 -5.103451e-13 -6.613549e-13 -7.672592e-13 -7.858907e-13 -6.884275e-13 -4.727003e-13 -1.684999e-13 1.684999e-13 4.727003e-13 6.884275e-13 7.858907e-13 7.672592e-13 6.613549e-13 5.103451e-13 3.547352e-13 2.226297e-13 1.262114e-13 6.460730e-14 2.984543e-14 1.243680e-14 4.674619e-15 1.585359e-15 4.854324e-16 1.343125e-16 3.361165e-17 7.614080e-18 1.562301e-18 2.904100e-19 4.888078e-20 7.437982e-21 1.019796e-21 1.251845e-22 1.359272e-23 1.273569e-24 9.699714e-26 4.864910e-27 -8.201235e-29 -6.145631e-29 -1.005797e-29 -1.199103e-30 -1.197303e-31 -1.049772e-32 -8.261811e-34 -5.907311e-35 -3.865736e-36 -2.326377e-37 -1.291644e-38 -6.631232e-40 -3.152879e-41 -1.389735e-42 -5.682569e-44 -2.156149e-45 -7.591792e-47 -2.479927e-48 -7.511987e-50 -2.108529e-51 -5.478861e-53 -1.290812e-54 -1.488906e-56 -3.070621e-59 -1.028024e-62 -7.286478e-67 -1.401403e-71 -8.818789e-77 -2.085857e-82
1.280947e-80 4.993061e-75 7.348130e-70 3.551667e-65 4.673215e-61 1.305367e-57 5.933907e-55 4.836628e-53 1.936412e-51 7.042616e-50 2.374439e-48 7.426839e-47 2.156149e-45 5.811605e-44 1.454303e-42 3.377776e-41 7.277091e-40 1.452766e-38 2.683382e-37 4.575664e-36 7.179796e-35 1.031780e-33 1.348003e-32 1.581888e-31 1.631048e-30 1.408999e-29 8.858059e-29 1.167166e-28 -7.599190e-27 -1.561258e-25 -2.121335e-24 -2.347375e-23 -2.244781e-22 -1.901562e-21 -1.444299e-20 -9.898989e-20 -6.143015e-19 -3.457314e-18 -1.765631e-17 -8.180850e-17 -3.436952e-16 -1.308133e-15 -4.506279e-15 -1.403707e-14 -3.951069e-14 -1.004525e-13 -2.306898e-13 -4.787787e-13 -8.988225e-13 -1.527988e-12 -2.354202e-12 -3.287100e-12 -4.150713e-12 -4.711732e-12 -4.742536e-12 -4.100177e-12 -2.790770e-12 -9.904534e-13 9.904534e-13 2.790770e-12 4.100177e-12 4.742536e-12 4.711732e-12 4.150713e-12 3.287100e-12 2.354202e-12 1.527988e-12 8.988225e-13 4.787787e-13 2.306898e-13 1.004525e-13 3.951069e-14 1.403707e-14 4.506279e-15 1.308133e-15 3.436952e-16 8.180850e-17 1.765631e-17 3.457314e-18 6.143015e-19 9.898989e-20 1.444299e-20 1.901562e-21 2.244781e-22 2.347375e-23 2.121335e-24 1.561258e-25 7.599190e-27 -1.167166e-28 -8.858059e-29 -1.408999e-29 -1.631048e-30 -1.581888e-31 -1.348003e-32 -1.031780e-33 -7.179796e-35 -4.575664e-36 -2.683382e-37 -1.452766e-38 -7.277091e-40 -3.377776e-41 -1.454303e-42 -5.811605e-44 -2.156149e-45 -7.426839e-47 -2.374439e-48 -7.042616e-50 -1.936412e-51 -4.836628e-53 -5.933907e-55 -1.305367e-57 -4.673215e-61 -3.551667e-65 -7.348130e-70 -4.993061e-75 -1.280947e-80
7.104782e-79 2.565024e-73 3.509581e-68 1.582217e-63 1.947147e-59 5.099025e-56 2.177666e-53 1.671885e-51 6.324092e-50 2.176645e-48 6.953029e-47 2.062467e-45 5.682569e-44 1.454303e-42 3.456224e-41 7.623050e-40 1.558853e-38 2.951063e-37 5.160542e-36 8.309338e-35 1.226115e-33 1.645913e-32 1.985838e-31 2.106420e-30 1.872673e-29 1.210700e-28 1.580835e-28 -1.120819e-26 -2.371869e-25 -3.331744e-24 -3.817934e-23 -3.786239e-22 -3.330523e-21 -2.630332e-20 -1.877132e-19 -1.214654e-18 -7.138564e-18 -3.812610e-17 -1.850248e-16 -8.154074e-16 -3.260428e-15 -1.181657e-14 -3.877869e-14 -1.151373e-13 -3.091214e-13 -7.503949e-13 -1.647741e-12 -3.276104e-12 -5.906397e-12 -9.671365e-12 -1.440210e-11 -1.951031e-11 -2.399997e-11 -2.665293e-11 -2.635921e-11 -2.248972e-11 -1.517317e-11 -5.361316e-12 5.361316e-12 1.517317e-11 2.248972e-11 2.635921e-11 2.665293e-11 2.399997e-11 1.951031e-11 1.440210e-11 9.671365e-12 5.906397e-12 3.276104e-12 1.647741e-12 7.503949e-13 3.091214e-13 1.151373e-13 3.877869e-14 1.181657e-14 3.260428e-15 8.154074e-16 1.850248e-16 3.812610e-17 7.138564e-18 1.214654e-18 1.877132e-19 2.630332e-20 3.330523e-21 3.786239e-22 3.817934e-23 3.331744e-24 2.371869e-25 1.120819e-26 -1.580835e-28 -1.210700e-28 -1.872673e-29 -2.106420e-30 -1.985838e-31 -1.645913e-32 -1.226115e-33 -8.309338e-35 -5.160542e-36 -2.951063e-37 -1.558853e-38 -7.623050e-40 -3.456224e-41 -1.454303e-42 -5.682569e-44 -2.062467e-45 -6.953029e-47 -2.176645e-48 -6.324092e-50 -1.671885e-51 -2.177666e-53 -5.099025e-56 -1.947147e-59 -1.582217e-63 -3.509581e-68 -2.565024e-73 -7.104782e-79
3.573783e-77 1.199705e-71 1.531263e-66 6.457583e-62 7.451310e-58 1.833258e-54 7.369250e-52 5.337573e-50 1.910189e-48 6.229121e-47 1.887053e-45 5.312278e-44 1.389735e-42 3.377776e-41 7.623050e-40 1.595896e-38 3.094675e-37 5.546462e-36 9.158573e-35 1.386750e-33 1.911395e-32 2.369380e-31 2.583665e-30 2.362266e-29 1.569799e-28 2.039713e-28 -1.561970e-26 -3.403366e-25 -4.937866e-24 -5.853416e-23 -6.012540e-22 -5.484895e-21 -4.497954e-20 -3.337366e-19 -2.248218e-18 -1.377406e-17 -7.679615e-17 -3.896019e-16 -1.797412e-15 -7.533998e-15 -2.866100e-14 -9.884866e-14 -3.087737e-13 -8.729556e-13 -2.233061e-12 -5.169883e-12 -1.084243e-11 -2.063043e-11 -3.568649e-11 -5.624125e-11 -8.089759e-11 -1.062736e-10 -1.273022e-10 -1.382644e-10 -1.343232e-10 -1.130799e-10 -7.561328e-11 -2.659826e-11 2.659826e-11 7.561328e-11 1.130799e-10 1.343232e-10 1.382644e-10 1.273022e-10 1.062736e-10 8.089759e-11 5.624125e-11 3.568649e-11 2.063043e-11 1.084243e-11 5.169883e-12 2.233061e-12 8.729556e-13 3.087737e-13 9.884866e-14 2.866100e-14 7.533998e-15 1.797412e-15 3.896019e-16 7.679615e-17 1.377406e-17 2.248218e-18 3.337366e-19 4.497954e-20 5.484895e-21 6.012540e-22 5.853416e-23 4.937866e-24 3.403366e-25 1.561970e-26 -2.039713e-28 -1.569799e-28 -2.362266e-29 -2.583665e-30 -2.369380e-31 -1.911395e-32 -1.386750e-33 -9.158573e-35 -5.546462e-36 -3.094675e-37 -1.595896e-38 -7.623050e-40 -3.377776e-41 -1.389735e-42 -5.312278e-44 -1.887053e-45 -6.229121e-47 -1.910189e-48 -5.337573e-50 -7.369250e-52 -1.833258e-54 -7.451310e-58 -6.457583e-62 -1.531263e-66 -1.199705e-71 -3.573783e-77
1.635861e-75 5.123401e-70 6.117899e-65 2.419449e-60 2.623275e-56 6.074904e-53 2.302069e-50 1.575179e-48 5.339603e-47 1.651324e-45 4.747607e-44 1.269013e-42 3.152879e-41 7.277091e-40 1.558853e-38 3.094675e-37 5.681360e-36 9.614930e-35 1.492976e-33 2.111552e-32 2.687479e-31 3.010616e-30 2.829077e-29 1.931578e-28 2.509357e-28 -2.057903e-26 -4.615126e-25 -6.910254e-24 -8.465235e-23 -8.996502e-22 -8.500970e-21 -7.229439e-20 -5.569307e-19 -3.900109e-18 -2.487072e-17 -1.445148e-16 -7.650760e-16 -3.688111e-15 -1.617352e-14 -6.444891e-14 -2.330869e-13 -7.642278e-13 -2.269529e-12 -6.101366e-12 -1.484915e-11 -3.273862e-11 -6.548330e-11 -1.190821e-10 -1.974041e-10 -2.991213e-10 -4.152340e-10 -5.285885e-10 -6.162106e-10 -6.542277e-10 -6.240954e-10 -5.182509e-10 -3.433896e-10 -1.202428e-10 1.202428e-10 3.433896e-10 5.182509e-10 6.240954e-10 6.542277e-10 6.162106e-10 5.285885e-10 4.152340e-10 2.991213e-10 1.974041e-10 1.190821e-10 6.548330e-11 3.273862e-11 1.484915e-11 6.101366e-12 2.269529e-12 7.642278e-13 2.330869e-13 6.444891e-14 1.617352e-14 3.688111e-15 7.650760e-16 1.445148e-16 2.487072e-17 3.900109e-18 5.569307e-19 7.229439e-20 8.500970e-21 8.996502e-22 8.465235e-23 6.910254e-24 4.615126e-25 2.057903e-26 -2.509357e-28 -1.931578e-28 -2.829077e-29 -3.010616e-30 -2.687479e-31 -2.111552e-32 -1.492976e-33 -9.614930e-35 -5.681360e-36 -3.094675e-37 -1.558853e-38 -7.277091e-40 -3.152879e-41 -1.269013e-42 -4.747607e-44 -1.651324e-45 -5.339603e-47 -1.575179e-48 -2.302069e-50 -6.074904e-53 -2.623275e-56 -2.419449e-60 -6.117899e-65 -5.123401e-70 -1.635861e-75
6.833435e-74 2.002519e-68 2.242729e-63 8.335340e-59 8.507881e-55 1.857411e-51 6.644210e-49 4.299633e-47 1.381867e-45 4.055808e-44 1.107176e-42 2.810604e-41 6.631232e-40 1.452766e-38 2.951063e-37 5.546462e-36 9.614930e-35 1.530147e-33 2.219291e-32 2.898305e-31 3.333403e-30 3.217452e-29 2.256110e-28 2.945746e-28 -2.564437e-26 -5.917347e-25 -9.136335e-24 -1.155535e-22 -1.269269e-21 -1.240931e-20 -1.093086e-19 -8.731833e-19 -6.347953e-18 -4.207355e-17 -2.544004e-16 -1.403204e-15 -7.055923e-15 -3.231454e-14 -1.346279e-13 -5.095660e-13 -1.749997e-12 -5.447014e-12 -1.535383e-11 -3.918155e-11 -9.055576e-11 -1.897743e-10 -3.613591e-10 -6.269720e-10 -9.944924e-10 -1.446902e-09 -1.936117e-09 -2.385848e-09 -2.704400e-09 -2.804614e-09 -2.625520e-09 -2.149613e-09 -1.410937e-09 -4.917326e-10 4.917326e-10 1.410937e-09 2.149613e-09 2.625520e-09 2.804614e-09 2.704400e-09 2.385848e-09 1.936117e-09 1.446902e-09 9.944924e-10 6.269720e-10 3.613591e-10 1.897743e-10 9.055576e-11 3.918155e-11 1.535383e-11 5.447014e-12 1.749997e-12 5.095660e-13 1.346279e-13 3.231454e-14 7.055923e-15 1.403204e-15 2.544004e-16 4.207355e-17 6.347953e-18 8.731833e-19 1.093086e-19 1.240931e-20 1.269269e-21 1.155535e-22 9.136335e-24 5.917347e-25 2.564437e-26 -2.945746e-28 -2.256110e-28 -3.217452e-29 -3.333403e-30 -2.898305e-31 -2.219291e-32 -1.530147e-33 -9.614930e-35 -5.546462e-36 -2.951063e-37 -1.452766e-38 -6.631232e-40 -2.810604e-41 -1.107176e-42 -4.055808e-44 -1.381867e-45 -4.299633e-47 -6.644210e-49 -1.857411e-51 -8.507881e-55 -8.335340e-59 -2.242729e-63 -2.002519e-68 -6.833435e-74
2.611133e-72 7.177662e-67 7.555816e-62 2.644055e-57 2.544664e-53 5.244309e-50 1.772785e-47 1.085945e-45 3.311393e-44 9.228299e-43 2.392518e-41 5.767592e-40 1.291644e-38 2.683382e-37 5.160542e-36 9.158573e-35 1.492976e-33 2.219291e-32 2.972162e-31 3.507437e-30 3.475391e-29 2.501938e-28 3.301675e-28 -3.023653e-26 -7.176447e-25 -1.141739e-23 -1.489575e-22 -1.689464e-21 -1.707221e-20 -1.555908e-19 -1.287288e-18 -9.703131e-18 -6.675348e-17 -4.194277e-16 -2.406726e-15 -1.260421e-14 -6.018545e-14 -2.617035e-13 -1.034808e-12 -3.715502e-12 -1.209761e-11 -3.568070e-11 -9.526525e-11 -2.302473e-10 -5.041544e-10 -1.001869e-09 -1.811892e-09 -2.992812e-09 -4.533118e-09 -6.320990e-09 -8.139733e-09 -9.695545e-09 -1.067234e-08 -1.079910e-08 -9.911938e-09 -7.995737e-09 -5.196394e-09 -1.802061e-09 1.802061e-09 5.196394e-09 7.995737e-09 9.911938e-09 1.079910e-08 1.067234e-08 9.695545e-09 8.139733e-09 6.320990e-09 4.533118e-09 2.992812e-09 1.811892e-09 1.001869e-09 5.041544e-10 2.302473e-10 9.526525e-11 3.568070e-11 1.209761e-11 3.715502e-12 1.034808e-12 2.617035e-13 6.018545e-14 1.260421e-14 2.406726e-15 4.194277e-16 6.675348e-17 9.703131e-18 1.287288e-18 1.555908e-19 1.707221e-20 1.689464e-21 1.489575e-22 1.141739e-23 7.176447e-25 3.023653e-26 -3.301675e-28 -2.501938e-28 -3.475391e-29 -3.507437e-30 -2.972162e-31 -2.219291e-32 -1.492976e-33 -9.158573e-35 -5.160542e-36 -2.683382e-37 -1.291644e-38 -5.767592e-40 -2.392518e-41 -9.228299e-43 -3.311393e-44 -1.085945e-45 -1.772785e-47 -5.244309e-50 -2.544664e-53 -2.644055e-57 -7.555816e-62 -7.177662e-67 -2.611133e-72
9.144485e-71 2.363063e-65 2.342535e-60 7.730604e-56 7.024586e-52 1.368138e-48 4.374284e-46 2.538106e-44 7.346663e-43 1.944463e-41 4.787326e-40 1.095443e-38 2.326377e-37 4.575664e-36 8.309338e-35 1.386750e-33 2.111552e-32 2.898305e-31 3.507437e-30 3.565847e-29 2.634633e-28 3.534898e-28 -3.374124e-26 -8.234965e-25 -1.349061e-23 -1.814069e-22 -2.122580e-21 -2.214775e-20 -2.086225e-19 -1.785732e-18 -1.393972e-17 -9.941865e-17 -6.482781e-16 -3.864592e-15 -2.104869e-14 -1.046359e-13 -4.741325e-13 -1.955368e-12 -7.327830e-12 -2.491505e-11 -7.675113e-11 -2.139905e-10 -5.397401e-10 -1.231946e-09 -2.547925e-09 -4.786637e-09 -8.197163e-09 -1.285274e-08 -1.853965e-08 -2.471426e-08 -3.055617e-08 -3.510709e-08 -3.745596e-08 -3.691990e-08 -3.317924e-08 -2.634276e-08 -1.693896e-08 -5.843064e-09 5.843064e-09 1.693896e-08 2.634276e-08 3.317924e-08 3.691990e-08 3.745596e-08 3.510709e-08 3.055617e-08 2.471426e-08 1.853965e-08 1.285274e-08 8.197163e-09 4.786637e-09 2.547925e-09 1.231946e-09 5.397401e-10 2.139905e-10 7.675113e-11 2.491505e-11 7.327830e-12 1.955368e-12 4.741325e-13 1.046359e-13 2.104869e-14 3.864592e-15 6.482781e-16 9.941865e-17 1.393972e-17 1.785732e-18 2.086225e-19 2.214775e-20 2.122580e-21 1.814069e-22 1.349061e-23 8.234965e-25 3.374124e-26 -3.534898e-28 -2.634633e-28 -3.565847e-29 -3.507437e-30 -2.898305e-31 -2.111552e-32 -1.386750e-33 -8.309338e-35 -4.575664e-36 -2.326377e-37 -1.095443e-38 -4.787326e-40 -1.944463e-41 -7.346663e-43 -2.538106e-44 -4.374284e-46 -1.368138e-48 -7.024586e-52 -7.730604e-56 -2.342535e-60 -2.363063e-65 -9.144485e-71
2.939788e-69 7.155040e-64 6.690147e-59 2.084933e-54 1.790742e-50 3.298946e-47 9.982479e-45 5.488753e-43 1.508436e-41 3.791416e-40 8.860479e-39 1.922656e-37 3.865736e-36 7.179796e-35 1.226115e-33 1.911395e-32 2.687479e-31 3.333403e-30 3.475391e-29 2.634633e-28 3.616130e-28 -3.564153e-26 -8.942857e-25 -1.507575e-23 -2.087827e-22 -2.518030e-21 -2.710546e-20 -2.636365e-19 -2.332268e-18 -1.883421e-17 -1.390966e-16 -9.401512e-16 -5.815195e-15 -3.289605e-14 -1.700121e-13 -8.016361e-13 -3.443033e-12 -1.344669e-11 -4.766806e-11 -1.531242e-10 -4.450839e-10 -1.169496e-09 -2.777145e-09 -5.964133e-09 -1.160573e-08 -2.052933e-08 -3.315775e-08 -4.915974e-08 -6.727803e-08 -8.543216e-08 -1.010707e-07 -1.116550e-07 -1.151288e-07 -1.102609e-07 -9.681058e-08 -7.552259e-08 -4.799297e-08 -1.645734e-08 1.645734e-08 4.799297e-08 7.552259e-08 9.681058e-08 1.102609e-07 1.151288e-07 1.116550e-07 1.010707e-07 8.543216e-08 6.727803e-08 4.915974e-08 3.315775e-08 2.052933e-08 1.160573e-08 5.964133e-09 2.777145e-09 1.169496e-09 4.450839e-10 1.531242e-10 4.766806e-11 1.344669e-11 3.443033e-12 8.016361e-13 1.700121e-13 3.289605e-14 5.815195e-15 9.401512e-16 1.390966e-16 1.883421e-17 2.332268e-18 2.636365e-19 2.710546e-20 2.518030e-21 2.087827e-22 1.507575e-23 8.942857e-25 3.564153e-26 -3.616130e-28 -2.634633e-28 -3.475391e-29 -3.333403e-30 -2.687479e-31 -1.911395e-32 -1.226115e-33 -7.179796e-35 -3.865736e-36 -1.922656e-37 -8.860479e-39 -3.791416e-40 -1.508436e-41 -5.488753e-43 -9.982479e-45 -3.298946e-47 -1.790742e-50 -2.084933e-54 -6.690147e-59 -7.155040e-64 -2.939788e-69
8.686521e-68 1.994466e-62 1.761404e-57 5.189637e-53 4.216968e-49 7.352891e-46 2.106577e-43 1.097765e-41 2.864164e-40 6.833481e-39 1.514440e-37 3.111318e-36 5.907311e-35 1.031780e-33 1.645913e-32 2.369380e-31 3.010616e-30 3.217452e-29 2.501938e-28 3.534898e-28 -3.564153e-26 -9.191965e-25 -1.593617e-23 -2.271331e-22 -2.821366e-21 -3.130519e-20 -3.141158e-19 -2.869228e-18 -2.394564e-17 -1.829318e-16 -1.280187e-15 -8.206470e-15 -4.815745e-14 -2.584213e-13 -1.266290e-12 -5.656463e-12 -2.299038e-11 -8.485425e-11 -2.838348e-10 -8.588634e-10 -2.347454e-09 -5.790106e-09 -1.288766e-08 -2.591540e-08 -4.720213e-08 -7.819424e-08 -1.184598e-07 -1.651545e-07 -2.132701e-07 -2.565829e-07 -2.889240e-07 -3.053379e-07 -3.028240e-07 -2.805739e-07 -2.397898e-07 -1.832575e-07 -1.148540e-07 -3.911097e-08 3.911097e-08 1.148540e-07 1.832575e-07 2.397898e-07 2.805739e-07 3.028240e-07 3.053379e-07 2.889240e-07 2.565829e-07 2.132701e-07 1.651545e-07 1.184598e-07 7.819424e-08 4.720213e-08 2.591540e-08 1.288766e-08 5.790106e-09 2.347454e-09 8.588634e-10 2.838348e-10 8.485425e-11 2.299038e-11 5.656463e-12 1.266290e-12 2.584213e-13 4.815745e-14 8.206470e-15 1.280187e-15 1.829318e-16 2.394564e-17 2.869228e-18 3.141158e-19 3.130519e-20 2.821366e-21 2.271331e-22 1.593617e-23 9.191965e-25 3.564153e-26 -3.534898e-28 -2.501938e-28 -3.217452e-29 -3.010616e-30 -2.369380e-31 -1.645913e-32 -1.031780e-33 -5.907311e-35 -3.111318e-36 -1.514440e-37 -6.833481e-39 -2.864164e-40 -1.097765e-41 -2.106577e-43 -7.352891e-46 -4.216968e-49 -5.189637e-53 -1.761404e-57 -1.994466e-62 -8.686521e-68
2.361395e-66 5.121947e-61 4.277347e-56 1.192533e-51 9.173762e-48 1.514602e-44 4.108900e-42 2.028995e-40 5.023486e-39 1.136614e-37 2.384956e-36 4.626992e-35 8.261811e-34 1.348003e-32 1.985838e-31 2.583665e-30 2.829077e-29 2.256110e-28 3.301675e-28 -3.374124e-26 -8.942857e-25 -1.593617e-23 -2.335982e-22 -2.986338e-21 -3.412804e-20 -3.529736e-19 -3.326071e-18 -2.866002e-17 -2.262576e-16 -1.637721e-15 -1.086846e-14 -6.608642e-14 -3.677875e-13 -1.870617e-12 -8.679739e-12 -3.666812e-11 -1.407285e-10 -4.895538e-10 -1.540181e-09 -4.373296e-09 -1.118945e-08 -2.577390e-08 -5.345615e-08 -9.999169e-08 -1.692513e-07 -2.605718e-07 -3.672901e-07 -4.775036e-07 -5.767789e-07 -6.515578e-07 -6.919538e-07 -6.931522e-07 -6.553262e-07 -5.825059e-07 -4.810076e-07 -3.579684e-07 -2.203232e-07 -7.433988e-08 7.433988e-08 2.203232e-07 3.579684e-07 4.810076e-07 5.825059e-07 6.553262e-07 6.931522e-07 6.919538e-07 6.515578e-07 5.767789e-07 4.775036e-07 3.672901e-07 2.605718e-07 1.692513e-07 9.999169e-08 5.345615e-08 2.577390e-08 1.118945e-08 4.373296e-09 1.540181e-09 4.895538e-10 1.407285e-10 3.666812e-11 8.679739e-12 1.870617e-12 3.677875e-13 6.608642e-14 1.086846e-14 1.637721e-15 2.262576e-16 2.866002e-17 3.326071e-18 3.529736e-19 3.412804e-20 2.986338e-21 2.335982e-22 1.593617e-23 8.942857e-25 3.374124e-26 -3.301675e-28 -2.256110e-28 -2.829077e-29 -2.583665e-30 -1.985838e-31 -1.348003e-32 -8.261811e-34 -4.626992e-35 -2.384956e-36 -1.136614e-37 -5.023486e-39 -2.028995e-40 -4.108900e-42 -1.514602e-44 -9.173762e-48 -1.192533e-51 -4.277347e-56 -5.121947e-61 -2.361395e-66
5.909988e-65 1.212391e-59 9.582802e-55 2.529917e-50 1.843255e-46 2.881982e-43 7.401847e-41 3.461601e-39 8.125058e-38 1.740620e-36 3.449143e-35 6.293287e-34 1.049772e-32 1.581888e-31 2.106420e-30 2.362266e-29 1.931578e-28 2.945746e-28 -3.023653e-26 -8.234965e-25 -1.507575e-23 -2.271331e-22 -2.986338e-21 -3.512391e-20 -3.741513e-19 -3.634024e-18 -3.230238e-17 -2.632840e-16 -1.969221e-15 -1.351546e-14 -8.506633e-14 -4.904475e-13 -2.586308e-12 -1.245145e-11 -5.461169e-11 -2.176950e-10 -7.866912e-10 -2.570463e-09 -7.574380e-09 -2.008118e-08 -4.781155e-08 -1.021280e-07 -1.957740e-07 -3.374805e-07 -5.252981e-07 -7.428318e-07 -9.616829e-07 -1.149312e-06 -1.278200e-06 -1.332355e-06 -1.309344e-06 -1.218196e-06 -1.074910e-06 -8.975184e-07 -7.020781e-07 -5.002727e-07 -2.986470e-07 -9.918867e-08 9.918867e-08 2.986470e-07 5.002727e-07 7.020781e-07 8.975184e-07 1.074910e-06 1.218196e-06 1.309344e-06 1.332355e-06 1.278200e-06 1.149312e-06 9.616829e-07 7.428318e-07 5.252981e-07 3.374805e-07 1.957740e-07 1.021280e-07 4.781155e-08 2.008118e-08 7.574380e-09 2.570463e-09 7.866912e-10 2.176950e-10 5.461169e-11 1.245145e-11 2.586308e-12 4.904475e-13 8.506633e-14 1.351546e-14 1.969221e-15 2.632840e-16 3.230238e-17 3.634024e-18 3.741513e-19 3.512391e-20 2.986338e-21 2.271331e-22 1.507575e-23 8.234965e-25 3.023653e-26 -2.945746e-28 -1.931578e-28 -2.362266e-29 -2.106420e-30 -1.581888e-31 -1.049772e-32 -6.293287e-34 -3.449143e-35 -1.740620e-36 -8.125058e-38 -3.461601e-39 -7.401847e-41 -2.881982e-43 -1.843255e-46 -2.529917e-50 -9.582802e-55 -1.212391e-59 -5.909988e-65
