0.000000e+00 0.000000e+00 0.000000e+00 0.000000e+00 0.000000e+00 0.000000e+00 0.000000e+00 0.000000e+00 0.000000e+00 0.000000e+00 0.000000e+00 0.000000e+00 0.000000e+00 0.000000e+00 0.000000e+00 0.000000e+00 0.000000e+00 0.000000e+00 0.000000e+00 0.000000e+00 0.000000e+00 0.000000e+00 0.000000e+00 0.000000e+00 0.000000e+00 0.000000e+00 0.000000e+00 0.000000e+00 0.000000e+00 0.000000e+00 0.000000e+00 0.000000e+00 0.000000e+00 0.000000e+00 0.000000e+00 0.000000e+00 0.000000e+00 0.000000e+00 0.000000e+00 0.000000e+00 0.000000e+00 0.000000e+00 0.000000e+00 0.000000e+00 0.000000e+00 0.000000e+00 0.000000e+00 0.000000e+00 0.000000e+00 0.000000e+00 0.000000e+00 0.000000e+00 0.000000e+00 0.000000e+00 0.000000e+00 0.000000e+00 0.000000e+00 0.000000e+00 0.000000e+00 0.000000e+00 0.000000e+00 0.000000e+00 0.000000e+00 0.000000e+00 0.000000e+00 0.000000e+00 0.000000e+00 0.000000e+00 0.000000e+00 0.000000e+00 0.000000e+00 0.000000e+00 0.000000e+00 0.000000e+00 0.000000e+00 0.000000e+00 0.000000e+00 0.000000e+00 0.000000e+00 0.000000e+00 0.000000e+00 0.000000e+00 0.000000e+00 0.000000e+00 0.000000e+00 0.000000e+00 0.000000e+00 0.000000e+00 0.000000e+00 0.000000e+00 0.000000e+00 0.000000e+00 0.000000e+00 0.000000e+00 0.000000e+00 0.000000e+00 0.000000e+00 0.000000e+00 0.000000e+00 0.000000e+00 0.000000e+00 0.000000e+00 0.000000e+00 0.000000e+00 0.000000e+00 0.000000e+00 0.000000e+00 0.000000e+00 0.000000e+00 0.000000e+00 0.000000e+00 0.000000e+00 0.000000e+00 0.000000e+00 0.000000e+00 0.000000e+00
0.000000e+00 0.000000e+00 0.000000e+00 0.000000e+00 0.000000e+00 0.000000e+00 0.000000e+00 4.321900e-102 4.062909e-99 1.823061e-96 5.329439e-94 1.141309e-91 1.908690e-89 2.594861e-87 2.947458e-85 2.853199e-83 2.389000e-81 1.750146e-79 1.131935e-77 6.510064e-76 3.348803e-74 1.548047e-72 6.455623e-71 2.436172e-69 8.340442e-68 2.595697e-66 7.354961e-65 1.899646e-63 4.475856e-62 9.624705e-61 1.889117e-59 3.383760e-58 5.528021e-57 8.229472e-56 1.114892e-54 1.372069e-53 1.530308e-52 1.542077e-51 1.398309e-50 1.134789e-49 8.180163e-49 5.179653e-48 2.829552e-47 1.289869e-46 4.539319e-46 9.139171e-46 -2.070770e-45 -3.285548e-44 -2.017804e-43 -8.861382e-43 -3.077212e-42 -8.709143e-42 -2.023847e-41 -3.843762e-41 -5.872714e-41 -6.969747e-41 -5.870901e-41 -2.319299e-41 2.319299e-41 5.870901e-41 6.969747e-41 5.872714e-41 3.843762e-41 2.023847e-41 8.709143e-42 3.077212e-42 8.861382e-43 2.017804e-43 3.285548e-44 2.070770e-45 -9.139171e-46 -4.539319e-46 -1.289869e-46 -2.829552e-47 -5.179653e-48 -8.180163e-49 -1.134789e-49 -1.398309e-50 -1.542077e-51 -1.530308e-52 -1.372069e-53 -1.114892e-54 -8.229472e-56 -5.528021e-57 -3.383760e-58 -1.889117e-59 -9.624705e-61 -4.475856e-62 -1.899646e-63 -7.354961e-65 -2.595697e-66 -8.340442e-68 -2.436172e-69 -6.455623e-71 -1.548047e-72 -3.348803e-74 -6.510064e-76 -1.131935e-77 -1.750146e-79 -2.389000e-81 -2.853199e-83 -2.947458e-85 -2.594861e-87 -1.908690e-89 -1.141309e-91 -5.329439e-94 -1.823061e-96 -4.062909e-99 -4.321900e-102 0.000000e+00 0.000000e+00 0.000000e+00 0.000000e+00 0.000000e+00 0.000000e+00 0.000000e+00
0.000000e+00 0.000000e+00 0.000000e+00 0.000000e+00 0.000000e+00 0.000000e+00 8.923050e-99 1.645120e-95 7.699610e-93 2.293807e-90 5.008078e-88 8.542561e-86 1.185091e-83 1.374292e-81 1.358859e-79 1.162776e-77 8.710200e-76 5.763637e-74 3.393441e-72 1.788114e-70 8.472752e-69 3.624192e-67 1.403873e-65 4.937260e-64 1.579708e-62 4.605721e-61 1.225107e-59 2.975603e-58 6.602703e-57 1.338734e-55 2.479877e-54 4.194901e-53 6.474476e-52 9.106270e-51 1.165168e-49 1.353196e-48 1.422174e-47 1.347192e-46 1.144014e-45 8.642110e-45 5.740759e-44 3.289807e-43 1.567862e-42 5.677121e-42 1.045966e-41 -4.708181e-41 -6.241639e-40 -3.999655e-39 -1.894472e-38 -7.218765e-38 -2.274803e-37 -5.978732e-37 -1.309210e-36 -2.369073e-36 -3.482045e-36 -4.012666e-36 -3.313401e-36 -1.295852e-36 1.295852e-36 3.313401e-36 4.012666e-36 3.482045e-36 2.369073e-36 1.309210e-36 5.978732e-37 2.274803e-37 7.218765e-38 1.894472e-38 3.999655e-39 6.241639e-40 4.708181e-41 -1.045966e-41 -5.677121e-42 -1.567862e-42 -3.289807e-43 -5.740759e-44 -8.642110e-45 -1.144014e-45 -1.347192e-46 -1.422174e-47 -1.353196e-48 -1.165168e-49 -9.106270e-51 -6.474476e-52 -4.194901e-53 -2.479877e-54 -1.338734e-55 -6.602703e-57 -2.975603e-58 -1.225107e-59 -4.605721e-61 -1.579708e-62 -4.937260e-64 -1.403873e-65 -3.624192e-67 -8.472752e-69 -1.788114e-70 -3.393441e-72 -5.763637e-74 -8.710200e-76 -1.162776e-77 -1.358859e-79 -1.374292e-81 -1.185091e-83 -8.542561e-86 -5.008078e-88 -2.293807e-90 -7.699610e-93 -1.645120e-95 -8.923050e-99 0.000000e+00 0.000000e+00 0.000000e+00 0.000000e+00 0.000000e+00 0.000000e+00
0.000000e+00 0.000000e+00 0.000000e+00 0.000000e+00 0.000000e+00 1.331111e-96 1.298896e-92 1.190859e-89 3.699368e-87 8.230321e-85 1.431175e-82 2.024915e-80 2.395980e-78 2.418438e-76 2.113629e-74 1.617923e-72 1.094606e-70 6.592922e-69 3.556030e-67 1.725819e-65 7.565955e-64 3.005779e-62 1.084932e-60 3.565393e-59 1.068530e-57 2.924052e-56 7.312946e-55 1.672446e-53 3.498389e-52 6.692735e-51 1.170518e-49 1.870061e-48 2.726010e-47 3.619773e-46 4.368746e-45 4.778265e-44 4.717312e-43 4.180714e-42 3.300041e-41 2.292236e-40 1.372754e-39 6.806771e-39 2.514458e-38 3.964282e-38 -3.384316e-37 -4.090126e-36 -2.735295e-35 -1.388232e-34 -5.749037e-34 -1.992395e-33 -5.829552e-33 -1.441324e-32 -2.998190e-32 -5.197147e-32 -7.376379e-32 -8.276125e-32 -6.710981e-32 -2.600640e-32 2.600640e-32 6.710981e-32 8.276125e-32 7.376379e-32 5.197147e-32 2.998190e-32 1.441324e-32 5.829552e-33 1.992395e-33 5.749037e-34 1.388232e-34 2.735295e-35 4.090126e-36 3.384316e-37 -3.964282e-38 -2.514458e-38 -6.806771e-39 -1.372754e-39 -2.292236e-40 -3.300041e-41 -4.180714e-42 -4.717312e-43 -4.778265e-44 -4.368746e-45 -3.619773e-46 -2.726010e-47 -1.870061e-48 -1.170518e-49 -6.692735e-51 -3.498389e-52 -1.672446e-53 -7.312946e-55 -2.924052e-56 -1.068530e-57 -3.565393e-59 -1.084932e-60 -3.005779e-62 -7.565955e-64 -1.725819e-65 -3.556030e-67 -6.592922e-69 -1.094606e-70 -1.617923e-72 -2.113629e-74 -2.418438e-76 -2.395980e-78 -2.024915e-80 -1.431175e-82 -8.230321e-85 -3.699368e-87 -1.190859e-89 -1.298896e-92 -1.331111e-96 0.000000e+00 0.000000e+00 0.000000e+00 0.000000e+00 0.000000e+00
0.000000e+00 0.000000e+00 0.000000e+00 0.000000e+00 1.120231e-95 6.287425e-91 3.048983e-87 1.853207e-84 4.297958e-82 7.615153e-80 1.098287e-77 1.325274e-75 1.364798e-73 1.217527e-71 9.517825e-70 6.579465e-68 4.051312e-66 2.235170e-64 1.110251e-62 4.984660e-61 2.029330e-59 7.511272e-58 2.533028e-56 7.795846e-55 2.192529e-53 5.640193e-52 1.327923e-50 2.862244e-49 5.647822e-48 1.019856e-46 1.684102e-45 2.540300e-44 3.494622e-43 4.374950e-42 4.969729e-41 5.102104e-40 4.707705e-39 3.872516e-38 2.804182e-37 1.748725e-36 8.979151e-36 3.352350e-35 3.975541e-35 -6.895687e-34 -7.925042e-33 -5.525798e-32 -2.987877e-31 -1.334151e-30 -5.034644e-30 -1.619881e-29 -4.452527e-29 -1.043224e-28 -2.071658e-28 -3.452186e-28 -4.743839e-28 -5.191977e-28 -4.139716e-28 -1.590603e-28 1.590603e-28 4.139716e-28 5.191977e-28 4.743839e-28 3.452186e-28 2.071658e-28 1.043224e-28 4.452527e-29 1.619881e-29 5.034644e-30 1.334151e-30 2.987877e-31 5.525798e-32 7.925042e-33 6.895687e-34 -3.975541e-35 -3.352350e-35 -8.979151e-36 -1.748725e-36 -2.804182e-37 -3.872516e-38 -4.707705e-39 -5.102104e-40 -4.969729e-41 -4.374950e-42 -3.494622e-43 -2.540300e-44 -1.684102e-45 -1.019856e-46 -5.647822e-48 -2.862244e-49 -1.327923e-50 -5.640193e-52 -2.192529e-53 -7.795846e-55 -2.533028e-56 -7.511272e-58 -2.029330e-59 -4.984660e-61 -1.110251e-62 -2.235170e-64 -4.051312e-66 -6.579465e-68 -9.517825e-70 -1.217527e-71 -1.364798e-73 -1.325274e-75 -1.098287e-77 -7.615153e-80 -4.297958e-82 -1.853207e-84 -3.048983e-87 -6.287425e-91 -1.120231e-95 0.000000e+00 0.000000e+00 0.000000e+00 0.000000e+00
0.000000e+00 0.000000e+00 0.000000e+00 5.589332e-96 1.377428e-90 3.841595e-86 1.234226e-82 5.593940e-80 1.032888e-77 1.517737e-75 1.866695e-73 1.960252e-71 1.783996e-69 1.423405e-67 1.004773e-65 6.320921e-64 3.564774e-62 1.811002e-60 8.320700e-59 3.468689e-57 1.315494e-55 4.548473e-54 1.436286e-52 4.147559e-51 1.096338e-49 2.654467e-48 5.888911e-47 1.197078e-45 2.228959e-44 3.799123e-43 5.921080e-42 8.425282e-41 1.092211e-39 1.286179e-38 1.370335e-37 1.313472e-36 1.123162e-35 8.454823e-35 5.471926e-34 2.896025e-33 1.081157e-32 6.781076e-33 -3.282664e-31 -3.673191e-30 -2.666418e-29 -1.528421e-28 -7.309508e-28 -2.979041e-27 -1.043635e-26 -3.150863e-26 -8.190614e-26 -1.826755e-25 -3.474220e-25 -5.578968e-25 -7.436365e-25 -7.950596e-25 -6.239351e-25 -2.378179e-25 2.378179e-25 6.239351e-25 7.950596e-25 7.436365e-25 5.578968e-25 3.474220e-25 1.826755e-25 8.190614e-26 3.150863e-26 1.043635e-26 2.979041e-27 7.309508e-28 1.528421e-28 2.666418e-29 3.673191e-30 3.282664e-31 -6.781076e-33 -1.081157e-32 -2.896025e-33 -5.471926e-34 -8.454823e-35 -1.123162e-35 -1.313472e-36 -1.370335e-37 -1.286179e-38 -1.092211e-39 -8.425282e-41 -5.921080e-42 -3.799123e-43 -2.228959e-44 -1.197078e-45 -5.888911e-47 -2.654467e-48 -1.096338e-49 -4.147559e-51 -1.436286e-52 -4.548473e-54 -1.315494e-55 -3.468689e-57 -8.320700e-59 -1.811002e-60 -3.564774e-62 -6.320921e-64 -1.004773e-65 -1.423405e-67 -1.783996e-69 -1.960252e-71 -1.866695e-73 -1.517737e-75 -1.032888e-77 -5.593940e-80 -1.234226e-82 -3.841595e-86 -1.377428e-90 -5.589332e-96 0.000000e+00 0.000000e+00 0.000000e+00
0.000000e+00 0.000000e+00 1.613715e-97 1.357865e-91 1.662856e-86 3.072332e-82 7.355891e-79 2.651233e-76 4.058764e-74 5.085765e-72 5.443274e-70 5.051199e-68 4.111265e-66 2.961850e-64 1.902536e-62 1.096125e-60 5.691798e-59 2.674422e-57 1.140833e-55 4.429872e-54 1.569221e-52 5.079946e-51 1.504900e-49 4.083839e-48 1.015871e-46 2.317270e-45 4.847360e-44 9.296180e-43 1.633429e-41 2.626900e-40 3.860802e-39 5.174681e-38 6.306580e-37 6.960576e-36 6.916976e-35 6.135159e-34 4.789161e-33 3.207139e-32 1.742062e-31 6.427613e-31 -9.778646e-32 -2.815747e-29 -3.114724e-28 -2.350903e-27 -1.422658e-26 -7.246676e-26 -3.168266e-25 -1.198834e-24 -3.937533e-24 -1.122433e-23 -2.770846e-23 -5.900025e-23 -1.077061e-22 -1.669671e-22 -2.161891e-22 -2.260463e-22 -1.747347e-22 -6.609571e-23 6.609571e-23 1.747347e-22 2.260463e-22 2.161891e-22 1.669671e-22 1.077061e-22 5.900025e-23 2.770846e-23 1.122433e-23 3.937533e-24 1.198834e-24 3.168266e-25 7.246676e-26 1.422658e-26 2.350903e-27 3.114724e-28 2.815747e-29 9.778646e-32 -6.427613e-31 -1.742062e-31 -3.207139e-32 -4.789161e-33 -6.135159e-34 -6.916976e-35 -6.960576e-36 -6.306580e-37 -5.174681e-38 -3.860802e-39 -2.626900e-40 -1.633429e-41 -9.296180e-43 -4.847360e-44 -2.317270e-45 -1.015871e-46 -4.083839e-48 -1.504900e-49 -5.079946e-51 -1.569221e-52 -4.429872e-54 -1.140833e-55 -2.674422e-57 -5.691798e-59 -1.096125e-60 -1.902536e-62 -2.961850e-64 -4.111265e-66 -5.051199e-68 -5.443274e-70 -5.085765e-72 -4.058764e-74 -2.651233e-76 -7.355891e-79 -3.072332e-82 -1.662856e-86 -1.357865e-91 -1.613715e-97 0.000000e+00 0.000000e+00
0.000000e+00 2.725650e-100 6.472418e-94 2.707126e-88 2.196832e-83 3.025331e-79 5.757932e-76 1.719047e-73 2.244130e-71 2.447538e-69 2.315373e-67 1.921968e-65 1.412773e-63 9.263651e-62 5.450785e-60 2.892121e-58 1.389288e-56 6.062021e-55 2.409168e-53 8.739762e-52 2.899250e-50 8.807027e-49 2.452353e-47 6.264083e-46 1.468343e-44 3.158862e-43 6.235378e-42 1.128666e-40 1.871564e-39 2.838805e-38 3.930490e-37 4.952997e-36 5.657385e-35 5.822528e-34 5.351059e-33 4.326830e-32 2.994928e-31 1.667694e-30 6.052370e-30 -6.697313e-30 -3.678824e-28 -4.087857e-27 -3.212157e-26 -2.048220e-25 -1.107400e-24 -5.169878e-24 -2.100876e-23 -7.454687e-23 -2.310668e-22 -6.247906e-22 -1.469791e-21 -2.996195e-21 -5.262129e-21 -7.890319e-21 -9.940521e-21 -1.017808e-20 -7.756895e-21 -2.913239e-21 2.913239e-21 7.756895e-21 1.017808e-20 9.940521e-21 7.890319e-21 5.262129e-21 2.996195e-21 1.469791e-21 6.247906e-22 2.310668e-22 7.454687e-23 2.100876e-23 5.169878e-24 1.107400e-24 2.048220e-25 3.212157e-26 4.087857e-27 3.678824e-28 6.697313e-30 -6.052370e-30 -1.667694e-30 -2.994928e-31 -4.326830e-32 -5.351059e-33 -5.822528e-34 -5.657385e-35 -4.952997e-36 -3.930490e-37 -2.838805e-38 -1.871564e-39 -1.128666e-40 -6.235378e-42 -3.158862e-43 -1.468343e-44 -6.264083e-46 -2.452353e-47 -8.807027e-49 -2.899250e-50 -8.739762e-52 -2.409168e-53 -6.062021e-55 -1.389288e-56 -2.892121e-58 -5.450785e-60 -9.263651e-62 -1.412773e-63 -1.921968e-65 -2.315373e-67 -2.447538e-69 -2.244130e-71 -1.719047e-73 -5.757932e-76 -3.025331e-79 -2.196832e-83 -2.707126e-88 -6.472418e-94 -2.725650e-100 0.000000e+00
5.360510e-104 3.116680e-97 3.682680e-91 1.021798e-85 6.187075e-81 6.779847e-77 1.069336e-73 2.722098e-71 3.095561e-69 2.987216e-67 2.530535e-65 1.899118e-63 1.271968e-61 7.648501e-60 4.149307e-58 2.039017e-56 9.106540e-55 3.706461e-53 1.377873e-51 4.686899e-50 1.460852e-48 4.176741e-47 1.096241e-45 2.642423e-44 5.850344e-43 1.189480e-41 2.219677e-40 3.798083e-39 5.950528e-38 8.518619e-37 1.111091e-35 1.314981e-34 1.403748e-33 1.339351e-32 1.125027e-31 8.086755e-31 4.659703e-30 1.710528e-29 -2.976843e-29 -1.284423e-27 -1.473886e-26 -1.215910e-25 -8.196308e-25 -4.708140e-24 -2.345855e-23 -1.022080e-22 -3.907300e-22 -1.311678e-21 -3.863636e-21 -9.967157e-21 -2.245694e-20 -4.402400e-20 -7.468573e-20 -1.087083e-19 -1.336613e-19 -1.343373e-19 -1.011067e-19 -3.773386e-20 3.773386e-20 1.011067e-19 1.343373e-19 1.336613e-19 1.087083e-19 7.468573e-20 4.402400e-20 2.245694e-20 9.967157e-21 3.863636e-21 1.311678e-21 3.907300e-22 1.022080e-22 2.345855e-23 4.708140e-24 8.196308e-25 1.215910e-25 1.473886e-26 1.284423e-27 2.976843e-29 -1.710528e-29 -4.659703e-30 -8.086755e-31 -1.125027e-31 -1.339351e-32 -1.403748e-33 -1.314981e-34 -1.111091e-35 -8.518619e-37 -5.950528e-38 -3.798083e-39 -2.219677e-40 -1.189480e-41 -5.850344e-43 -2.642423e-44 -1.096241e-45 -4.176741e-47 -1.460852e-48 -4.686899e-50 -1.377873e-51 -3.706461e-53 -9.106540e-55 -2.039017e-56 -4.149307e-58 -7.648501e-60 -1.271968e-61 -1.899118e-63 -2.530535e-65 -2.987216e-67 -3.095561e-69 -2.722098e-71 -1.069336e-73 -6.779847e-77 -6.187075e-81 -1.021798e-85 -3.682680e-91 -3.116680e-97 -5.360510e-104
4.924962e-101 1.425913e-94 1.118552e-88 2.317526e-83 1.117473e-78 1.015467e-74 1.365772e-71 3.027282e-69 3.047523e-67 2.635364e-65 2.019835e-63 1.382204e-61 8.495906e-60 4.713680e-58 2.370174e-56 1.083730e-54 4.518355e-53 1.721629e-51 6.006122e-50 1.921210e-48 5.641089e-47 1.521597e-45 3.772178e-44 8.596327e-43 1.800506e-41 3.464317e-40 6.117702e-39 9.901555e-38 1.465859e-36 1.979350e-35 2.427944e-34 2.689482e-33 2.665953e-32 2.329111e-31 1.742742e-30 1.044954e-29 3.959649e-29 -8.199689e-29 -3.417724e-27 -4.100857e-26 -3.563542e-25 -2.540828e-24 -1.549372e-23 -8.224798e-23 -3.832402e-22 -1.573205e-21 -5.695941e-21 -1.818247e-20 -5.110552e-20 -1.262211e-19 -2.732101e-19 -5.164799e-19 -8.484683e-19 -1.201459e-18 -1.444420e-18 -1.427117e-18 -1.061811e-18 -3.939927e-19 3.939927e-19 1.061811e-18 1.427117e-18 1.444420e-18 1.201459e-18 8.484683e-19 5.164799e-19 2.732101e-19 1.262211e-19 5.110552e-20 1.818247e-20 5.695941e-21 1.573205e-21 3.832402e-22 8.224798e-23 1.549372e-23 2.540828e-24 3.563542e-25 4.100857e-26 3.417724e-27 8.199689e-29 -3.959649e-29 -1.044954e-29 -1.742742e-30 -2.329111e-31 -2.665953e-32 -2.689482e-33 -2.427944e-34 -1.979350e-35 -1.465859e-36 -9.901555e-38 -6.117702e-39 -3.464317e-40 -1.800506e-41 -8.596327e-43 -3.772178e-44 -1.521597e-45 -5.641089e-47 -1.921210e-48 -6.006122e-50 -1.721629e-51 -4.518355e-53 -1.083730e-54 -2.370174e-56 -4.713680e-58 -8.495906e-60 -1.382204e-61 -2.019835e-63 -2.635364e-65 -3.047523e-67 -3.027282e-69 -1.365772e-71 -1.015467e-74 -1.117473e-78 -2.317526e-83 -1.118552e-88 -1.425913e-94 -4.924962e-101
2.211951e-98 4.252073e-92 2.491012e-86 4.110382e-81 1.643732e-76 1.273731e-72 1.490822e-69 2.921906e-67 2.635358e-65 2.061925e-63 1.441035e-61 9.050110e-60 5.132759e-58 2.639559e-56 1.234970e-54 5.271483e-53 2.057566e-51 7.357429e-50 2.413754e-48 7.273588e-47 2.014879e-45 5.133526e-44 1.203201e-42 2.593974e-41 5.141587e-40 9.361787e-39 1.563751e-37 2.391521e-36 3.339395e-35 4.240457e-34 4.868028e-33 5.006496e-32 4.542872e-31 3.533314e-30 2.201646e-29 8.607344e-29 -2.066346e-28 -8.457020e-27 -1.059597e-25 -9.675740e-25 -7.276291e-24 -4.694826e-23 -2.645509e-22 -1.312881e-21 -5.760373e-21 -2.237659e-20 -7.695345e-20 -2.340633e-19 -6.286915e-19 -1.488298e-18 -3.097818e-18 -5.651984e-18 -8.998299e-18 -1.240504e-17 -1.459162e-17 -1.417983e-17 -1.043331e-17 -3.849770e-18 3.849770e-18 1.043331e-17 1.417983e-17 1.459162e-17 1.240504e-17 8.998299e-18 5.651984e-18 3.097818e-18 1.488298e-18 6.286915e-19 2.340633e-19 7.695345e-20 2.237659e-20 5.760373e-21 1.312881e-21 2.645509e-22 4.694826e-23 7.276291e-24 9.675740e-25 1.059597e-25 8.457020e-27 2.066346e-28 -8.607344e-29 -2.201646e-29 -3.533314e-30 -4.542872e-31 -5.006496e-32 -4.868028e-33 -4.240457e-34 -3.339395e-35 -2.391521e-36 -1.563751e-37 -9.361787e-39 -5.141587e-40 -2.593974e-41 -1.203201e-42 -5.133526e-44 -2.014879e-45 -7.273588e-47 -2.413754e-48 -7.357429e-50 -2.057566e-51 -5.271483e-53 -1.234970e-54 -2.639559e-56 -5.132759e-58 -9.050110e-60 -1.441035e-61 -2.061925e-63 -2.635358e-65 -2.921906e-67 -1.490822e-69 -1.273731e-72 -1.643732e-76 -4.110382e-81 -2.491012e-86 -4.252073e-92 -2.211951e-98
6.472417e-96 9.292590e-90 4.335955e-84 5.934223e-79 2.023778e-74 1.364694e-70 1.411522e-67 2.475707e-65 2.019829e-63 1.441035e-61 9.242707e-60 5.355967e-58 2.815561e-56 1.347255e-54 5.884501e-53 2.351512e-51 8.613514e-50 2.896434e-48 8.951664e-47 2.544893e-45 6.658815e-44 1.603946e-42 3.556428e-41 7.255800e-40 1.360966e-38 2.343886e-37 3.699326e-36 5.335982e-35 7.006391e-34 8.325720e-33 8.872501e-32 8.350659e-31 6.741928e-30 4.359940e-29 1.757372e-28 -4.801419e-28 -1.949659e-26 -2.547051e-25 -2.438671e-24 -1.929198e-23 -1.313216e-22 -7.829238e-22 -4.123062e-21 -1.925715e-20 -7.989701e-20 -2.945143e-19 -9.638530e-19 -2.797094e-18 -7.186617e-18 -1.631936e-17 -3.268636e-17 -5.759421e-17 -8.891731e-17 -1.194116e-16 -1.375004e-16 -1.314808e-16 -9.569966e-17 -3.512074e-17 3.512074e-17 9.569966e-17 1.314808e-16 1.375004e-16 1.194116e-16 8.891731e-17 5.759421e-17 3.268636e-17 1.631936e-17 7.186617e-18 2.797094e-18 9.638530e-19 2.945143e-19 7.989701e-20 1.925715e-20 4.123062e-21 7.829238e-22 1.313216e-22 1.929198e-23 2.438671e-24 2.547051e-25 1.949659e-26 4.801419e-28 -1.757372e-28 -4.359940e-29 -6.741928e-30 -8.350659e-31 -8.872501e-32 -8.325720e-33 -7.006391e-34 -5.335982e-35 -3.699326e-36 -2.343886e-37 -1.360966e-38 -7.255800e-40 -3.556428e-41 -1.603946e-42 -6.658815e-44 -2.544893e-45 -8.951664e-47 -2.896434e-48 -8.613514e-50 -2.351512e-51 -5.884501e-53 -1.347255e-54 -2.815561e-56 -5.355967e-58 -9.242707e-60 -1.441035e-61 -2.019829e-63 -2.475707e-65 -1.411522e-67 -1.364694e-70 -2.023778e-74 -5.934223e-79 -4.335955e-84 -9.292590e-90 -6.472417e-96
1.387398e-93 1.586639e-87 6.140939e-82 7.168063e-77 2.127457e-72 1.267735e-68 1.172702e-65 1.858347e-63 1.382199e-61 9.050110e-60 5.355967e-58 2.876779e-56 1.407141e-54 6.285752e-53 2.570263e-51 9.638882e-50 3.320242e-48 1.051780e-46 3.066714e-45 8.235006e-44 2.037109e-42 4.642001e-41 9.740200e-40 1.880454e-38 3.336132e-37 5.428717e-36 8.080743e-35 1.095986e-33 1.346576e-32 1.485194e-31 1.448092e-30 1.212042e-29 8.124918e-29 3.374439e-28 -1.033682e-27 -4.196124e-26 -5.708081e-25 -5.718718e-24 -4.747828e-23 -3.400594e-22 -2.138740e-21 -1.191337e-20 -5.901980e-20 -2.605010e-19 -1.024742e-18 -3.590739e-18 -1.119616e-17 -3.102485e-17 -7.629585e-17 -1.662725e-16 -3.206133e-16 -5.458384e-16 -8.175769e-16 -1.070083e-15 -1.206745e-15 -1.135847e-15 -8.180407e-16 -2.986247e-16 2.986247e-16 8.180407e-16 1.135847e-15 1.206745e-15 1.070083e-15 8.175769e-16 5.458384e-16 3.206133e-16 1.662725e-16 7.629585e-17 3.102485e-17 1.119616e-17 3.590739e-18 1.024742e-18 2.605010e-19 5.901980e-20 1.191337e-20 2.138740e-21 3.400594e-22 4.747828e-23 5.718718e-24 5.708081e-25 4.196124e-26 1.033682e-27 -3.374439e-28 -8.124918e-29 -1.212042e-29 -1.448092e-30 -1.485194e-31 -1.346576e-32 -1.095986e-33 -8.080743e-35 -5.428717e-36 -3.336132e-37 -1.880454e-38 -9.740200e-40 -4.642001e-41 -2.037109e-42 -8.235006e-44 -3.066714e-45 -1.051780e-46 -3.320242e-48 -9.638882e-50 -2.570263e-51 -6.285752e-53 -1.407141e-54 -2.876779e-56 -5.355967e-58 -9.050110e-60 -1.382199e-61 -1.858347e-63 -1.172702e-65 -1.267735e-68 -2.127457e-72 -7.168063e-77 -6.140939e-82 -1.586639e-87 -1.387398e-93
2.322463e-91 2.203279e-85 7.273624e-80 7.389531e-75 1.938237e-70 1.032938e-66 8.627670e-64 1.244916e-61 8.495869e-60 5.132759e-58 2.815561e-56 1.407141e-54 6.425448e-53 2.687097e-51 1.031133e-49 3.636412e-48 1.180014e-46 3.526543e-45 9.712267e-44 2.465652e-42 5.770015e-41 1.244234e-39 2.470487e-38 4.511158e-37 7.561761e-36 1.160460e-34 1.624147e-33 2.061071e-32 2.350132e-31 2.371051e-30 2.054974e-29 1.426351e-28 6.100727e-28 -2.069360e-27 -8.446140e-26 -1.194832e-24 -1.250275e-23 -1.087037e-22 -8.172727e-22 -5.408106e-21 -3.177168e-20 -1.664223e-19 -7.787106e-19 -3.256382e-18 -1.216516e-17 -4.056328e-17 -1.205826e-16 -3.191921e-16 -7.515289e-16 -1.572234e-15 -2.919401e-15 -4.803781e-15 -6.983255e-15 -8.911156e-15 -9.845110e-15 -9.124186e-15 -6.503459e-15 -2.361774e-15 2.361774e-15 6.503459e-15 9.124186e-15 9.845110e-15 8.911156e-15 6.983255e-15 4.803781e-15 2.919401e-15 1.572234e-15 7.515289e-16 3.191921e-16 1.205826e-16 4.056328e-17 1.216516e-17 3.256382e-18 7.787106e-19 1.664223e-19 3.177168e-20 5.408106e-21 8.172727e-22 1.087037e-22 1.250275e-23 1.194832e-24 8.446140e-26 2.069360e-27 -6.100727e-28 -1.426351e-28 -2.054974e-29 -2.371051e-30 -2.350132e-31 -2.061071e-32 -1.624147e-33 -1.160460e-34 -7.561761e-36 -4.511158e-37 -2.470487e-38 -1.244234e-39 -5.770015e-41 -2.465652e-42 -9.712267e-44 -3.526543e-45 -1.180014e-46 -3.636412e-48 -1.031133e-49 -2.687097e-51 -6.425448e-53 -1.407141e-54 -2.815561e-56 -5.132759e-58 -8.495869e-60 -1.244916e-61 -8.627670e-64 -1.032938e-66 -1.938237e-70 -7.389531e-75 -7.273624e-80 -2.203279e-85 -2.322463e-91
3.160429e-89 2.557570e-83 7.349307e-78 6.599094e-73 1.548144e-68 7.449599e-65 5.662249e-62 7.487387e-60 4.713656e-58 2.639559e-56 1.347255e-54 6.285752e-53 2.687097e-51 1.054567e-49 3.805525e-48 1.264280e-46 3.870467e-45 1.092565e-43 2.844706e-42 6.831888e-41 1.512923e-39 3.087131e-38 5.797489e-37 1.000210e-35 1.581128e-34 2.281378e-33 2.987300e-32 3.517836e-31 3.668521e-30 3.288684e-29 2.361076e-28 1.039545e-27 -3.863260e-27 -1.592434e-25 -2.339896e-24 -2.552989e-23 -2.319968e-22 -1.826950e-21 -1.268955e-20 -7.842025e-20 -4.330832e-19 -2.141592e-18 -9.487901e-18 -3.764800e-17 -1.336903e-16 -4.244065e-16 -1.203113e-15 -3.042577e-15 -6.858868e-15 -1.377511e-14 -2.463376e-14 -3.918329e-14 -5.529493e-14 -6.881139e-14 -7.449792e-14 -6.799537e-14 -4.797236e-14 -1.733255e-14 1.733255e-14 4.797236e-14 6.799537e-14 7.449792e-14 6.881139e-14 5.529493e-14 3.918329e-14 2.463376e-14 1.377511e-14 6.858868e-15 3.042577e-15 1.203113e-15 4.244065e-16 1.336903e-16 3.764800e-17 9.487901e-18 2.141592e-18 4.330832e-19 7.842025e-20 1.268955e-20 1.826950e-21 2.319968e-22 2.552989e-23 2.339896e-24 1.592434e-25 3.863260e-27 -1.039545e-27 -2.361076e-28 -3.288684e-29 -3.668521e-30 -3.517836e-31 -2.987300e-32 -2.281378e-33 -1.581128e-34 -1.000210e-35 -5.797489e-37 -3.087131e-38 -1.512923e-39 -6.831888e-41 -2.844706e-42 -1.092565e-43 -3.870467e-45 -1.264280e-46 -3.805525e-48 -1.054567e-49 -2.687097e-51 -6.285752e-53 -1.347255e-54 -2.639559e-56 -4.713656e-58 -7.487387e-60 -5.662249e-62 -7.449599e-65 -1.548144e-68 -6.599094e-73 -7.349307e-78 -2.557570e-83 -3.160429e-89
3.593365e-87 2.531382e-81 6.429669e-76 5.164241e-71 1.094026e-66 4.790504e-63 3.334708e-60 4.062755e-58 2.370160e-56 1.234970e-54 5.884501e-53 2.570263e-51 1.031133e-49 3.805525e-48 1.293675e-46 4.054707e-45 1.172467e-43 3.128974e-42 7.706952e-41 1.751517e-39 3.670287e-38 7.083331e-37 1.256785e-35 2.044763e-34 3.038974e-33 4.102239e-32 4.984181e-31 5.367076e-30 4.971513e-29 3.688297e-28 1.670982e-27 -6.741071e-27 -2.816067e-25 -4.293172e-24 -4.876494e-23 -4.623383e-22 -3.806000e-21 -2.768800e-20 -1.795719e-19 -1.042896e-18 -5.434964e-18 -2.543237e-17 -1.068348e-16 -4.025738e-16 -1.359375e-15 -4.108858e-15 -1.110636e-14 -2.682809e-14 -5.789329e-14 -1.116027e-13 -1.921940e-13 -2.955308e-13 -4.048947e-13 -4.914508e-13 -5.214700e-13 -4.687988e-13 -3.274189e-13 -1.176999e-13 1.176999e-13 3.274189e-13 4.687988e-13 5.214700e-13 4.914508e-13 4.048947e-13 2.955308e-13 1.921940e-13 1.116027e-13 5.789329e-14 2.682809e-14 1.110636e-14 4.108858e-15 1.359375e-15 4.025738e-16 1.068348e-16 2.543237e-17 5.434964e-18 1.042896e-18 1.795719e-19 2.768800e-20 3.806000e-21 4.623383e-22 4.876494e-23 4.293172e-24 2.816067e-25 6.741071e-27 -1.670982e-27 -3.688297e-28 -4.971513e-29 -5.367076e-30 -4.984181e-31 -4.102239e-32 -3.038974e-33 -2.044763e-34 -1.256785e-35 -7.083331e-37 -3.670287e-38 -1.751517e-39 -7.706952e-41 -3.128974e-42 -1.172467e-43 -4.054707e-45 -1.293675e-46 -3.805525e-48 -1.031133e-49 -2.570263e-51 -5.884501e-53 -1.234970e-54 -2.370160e-56 -4.062755e-58 -3.334708e-60 -4.790504e-63 -1.094026e-66 -5.164241e-71 -6.429669e-76 -2.531382e-81 -3.593365e-87
3.481860e-85 2.168297e-79 4.926876e-74 3.573787e-69 6.890079e-65 2.763092e-61 1.770984e-58 1.996910e-56 1.083723e-54 5.271483e-53 2.351512e-51 9.638882e-50 3.636412e-48 1.264280e-46 4.054707e-45 1.200368e-43 3.281502e-42 8.284447e-41 1.930949e-39 4.152499e-38 8.229828e-37 1.500588e-35 2.510776e-34 3.840483e-33 5.339673e-32 6.687570e-31 7.429001e-30 7.103696e-29 5.441051e-28 2.535724e-27 -1.101439e-26 -4.676391e-25 -7.389112e-24 -8.725188e-23 -8.616568e-22 -7.401562e-21 -5.628529e-20 -3.822773e-19 -2.329349e-18 -1.276119e-17 -6.290104e-17 -2.789066e-16 -1.111681e-15 -3.979039e-15 -1.277529e-14 -3.675533e-14 -9.469135e-14 -2.183764e-13 -4.508996e-13 -8.340189e-13 -1.382822e-12 -2.055268e-12 -2.733691e-12 -3.236405e-12 -3.365907e-12 -2.980624e-12 -2.060870e-12 -7.371147e-13 7.371147e-13 2.060870e-12 2.980624e-12 3.365907e-12 3.236405e-12 2.733691e-12 2.055268e-12 1.382822e-12 8.340189e-13 4.508996e-13 2.183764e-13 9.469135e-14 3.675533e-14 1.277529e-14 3.979039e-15 1.111681e-15 2.789066e-16 6.290104e-17 1.276119e-17 2.329349e-18 3.822773e-19 5.628529e-20 7.401562e-21 8.616568e-22 8.725188e-23 7.389112e-24 4.676391e-25 1.101439e-26 -2.535724e-27 -5.441051e-28 -7.103696e-29 -7.429001e-30 -6.687570e-31 -5.339673e-32 -3.840483e-33 -2.510776e-34 -1.500588e-35 -8.229828e-37 -4.152499e-38 -1.930949e-39 -8.284447e-41 -3.281502e-42 -1.200368e-43 -4.054707e-45 -1.264280e-46 -3.636412e-48 -9.638882e-50 -2.351512e-51 -5.271483e-53 -1.083723e-54 -1.996910e-56 -1.770984e-58 -2.763092e-61 -6.890079e-65 -3.573787e-69 -4.926876e-74 -2.168297e-79 -3.481860e-85
2.918269e-83 1.625907e-77 3.336812e-72 2.202979e-67 3.890168e-63 1.436419e-59 8.515265e-57 8.920415e-55 4.518320e-53 2.057566e-51 8.613514e-50 3.320242e-48 1.180014e-46 3.870467e-45 1.172467e-43 3.281502e-42 8.486327e-41 2.027386e-39 4.471460e-38 9.094550e-37 1.702910e-35 2.928057e-34 4.605879e-33 6.590533e-32 8.501265e-31 9.733719e-30 9.599448e-29 7.584804e-28 3.635148e-27 -1.687716e-26 -7.299659e-25 -1.194281e-23 -1.464084e-22 -1.503757e-21 -1.345636e-20 -1.067741e-19 -7.579497e-19 -4.835444e-18 -2.778483e-17 -1.439090e-16 -6.717665e-16 -2.824181e-15 -1.068222e-14 -3.630965e-14 -1.107897e-13 -3.031999e-13 -7.439322e-13 -1.636735e-12 -3.231388e-12 -5.731742e-12 -9.145693e-12 -1.313503e-11 -1.695800e-11 -1.958023e-11 -1.995822e-11 -1.740853e-11 -1.191587e-11 -4.240525e-12 4.240525e-12 1.191587e-11 1.740853e-11 1.995822e-11 1.958023e-11 1.695800e-11 1.313503e-11 9.145693e-12 5.731742e-12 3.231388e-12 1.636735e-12 7.439322e-13 3.031999e-13 1.107897e-13 3.630965e-14 1.068222e-14 2.824181e-15 6.717665e-16 1.439090e-16 2.778483e-17 4.835444e-18 7.579497e-19 1.067741e-19 1.345636e-20 1.503757e-21 1.464084e-22 1.194281e-23 7.299659e-25 1.687716e-26 -3.635148e-27 -7.584804e-28 -9.599448e-29 -9.733719e-30 -8.501265e-31 -6.590533e-32 -4.605879e-33 -2.928057e-34 -1.702910e-35 -9.094550e-37 -4.471460e-38 -2.027386e-39 -8.486327e-41 -3.281502e-42 -1.172467e-43 -3.870467e-45 -1.180014e-46 -3.320242e-48 -8.613514e-50 -2.057566e-51 -4.518320e-53 -8.920415e-55 -8.515265e-57 -1.436419e-59 -3.890168e-63 -2.202979e-67 -3.336812e-72 -1.625907e-77 -2.918269e-83
2.140023e-81 1.076998e-75 2.011958e-70 1.216774e-65 1.978597e-61 6.757223e-58 3.719116e-55 3.631506e-53 1.721614e-51 7.357429e-50 2.896434e-48 1.051780e-46 3.526543e-45 1.092565e-43 3.128974e-42 8.284447e-41 2.027386e-39 4.583088e-38 9.560112e-37 1.837054e-35 3.243736e-34 5.243404e-33 7.715523e-32 1.024208e-30 1.207688e-29 1.227357e-28 9.996143e-28 4.925800e-27 -2.428149e-26 -1.071993e-24 -1.814363e-23 -2.306360e-22 -2.460292e-21 -2.289996e-20 -1.892877e-19 -1.401890e-18 -9.345803e-18 -5.620918e-17 -3.052381e-16 -1.496461e-15 -6.618884e-15 -2.638377e-14 -9.466516e-14 -3.053663e-13 -8.847018e-13 -2.300703e-12 -5.370420e-12 -1.126012e-11 -2.123596e-11 -3.609251e-11 -5.538669e-11 -7.682793e-11 -9.624256e-11 -1.083488e-10 -1.082204e-10 -9.296637e-11 -6.299001e-11 -2.230267e-11 2.230267e-11 6.299001e-11 9.296637e-11 1.082204e-10 1.083488e-10 9.624256e-11 7.682793e-11 5.538669e-11 3.609251e-11 2.123596e-11 1.126012e-11 5.370420e-12 2.300703e-12 8.847018e-13 3.053663e-13 9.466516e-14 2.638377e-14 6.618884e-15 1.496461e-15 3.052381e-16 5.620918e-17 9.345803e-18 1.401890e-18 1.892877e-19 2.289996e-20 2.460292e-21 2.306360e-22 1.814363e-23 1.071993e-24 2.428149e-26 -4.925800e-27 -9.996143e-28 -1.227357e-28 -1.207688e-29 -1.024208e-30 -7.715523e-32 -5.243404e-33 -3.243736e-34 -1.837054e-35 -9.560112e-37 -4.583088e-38 -2.027386e-39 -8.284447e-41 -3.128974e-42 -1.092565e-43 -3.526543e-45 -1.051780e-46 -2.896434e-48 -7.357429e-50 -1.721614e-51 -3.631506e-53 -3.719116e-55 -6.757223e-58 -1.978597e-61 -1.216774e-65 -2.011958e-70 -1.076998e-75 -2.140023e-81
1.385500e-79 6.347695e-74 1.086379e-68 6.050824e-64 9.101452e-60 2.885883e-56 1.479503e-53 1.350312e-51 6.006063e-50 2.413754e-48 8.951664e-47 3.066714e-45 9.712267e-44 2.844706e-42 7.706952e-41 1.930949e-39 4.471460e-38 9.560112e-37 1.884057e-35 3.414004e-34 5.667138e-33 8.569259e-32 1.169758e-30 1.419367e-29 1.485310e-28 1.246031e-27 6.312031e-27 -3.283344e-26 -1.482156e-24 -2.592910e-23 -3.413812e-22 -3.777352e-21 -3.651935e-20 -3.139783e-19 -2.422131e-18 -1.684397e-17 -1.058369e-16 -6.013744e-16 -3.089819e-15 -1.434495e-14 -6.011315e-14 -2.270808e-13 -7.722409e-13 -2.361420e-12 -6.487560e-12 -1.600886e-11 -3.549907e-11 -7.083179e-11 -1.274435e-10 -2.073145e-10 -3.056878e-10 -4.092320e-10 -4.971245e-10 -5.454216e-10 -5.336304e-10 -4.513532e-10 -3.026684e-10 -1.066116e-10 1.066116e-10 3.026684e-10 4.513532e-10 5.336304e-10 5.454216e-10 4.971245e-10 4.092320e-10 3.056878e-10 2.073145e-10 1.274435e-10 7.083179e-11 3.549907e-11 1.600886e-11 6.487560e-12 2.361420e-12 7.722409e-13 2.270808e-13 6.011315e-14 1.434495e-14 3.089819e-15 6.013744e-16 1.058369e-16 1.684397e-17 2.422131e-18 3.139783e-19 3.651935e-20 3.777352e-21 3.413812e-22 2.592910e-23 1.482156e-24 3.283344e-26 -6.312031e-27 -1.246031e-27 -1.485310e-28 -1.419367e-29 -1.169758e-30 -8.569259e-32 -5.667138e-33 -3.414004e-34 -1.884057e-35 -9.560112e-37 -4.471460e-38 -1.930949e-39 -7.706952e-41 -2.844706e-42 -9.712267e-44 -3.066714e-45 -8.951664e-47 -2.413754e-48 -6.006063e-50 -1.350312e-51 -1.479503e-53 -2.885883e-56 -9.101452e-60 -6.050824e-64 -1.086379e-68 -6.347695e-74 -1.385500e-79
7.976602e-78 3.348392e-72 5.278316e-67 2.719775e-62 3.798746e-58 1.121963e-54 5.372618e-52 4.594205e-50 1.921189e-48 7.273588e-47 2.544893e-45 8.235006e-44 2.465652e-42 6.831888e-41 1.751517e-39 4.152499e-38 9.094550e-37 1.837054e-35 3.414004e-34 5.815793e-33 9.030602e-32 1.266744e-30 1.580515e-29 1.701793e-28 1.469526e-27 7.651786e-27 -4.176021e-26 -1.930498e-24 -3.488055e-23 -4.751443e-22 -5.446827e-21 -5.462621e-20 -4.878170e-19 -3.913879e-18 -2.834643e-17 -1.857569e-16 -1.102379e-15 -5.924205e-15 -2.880969e-14 -1.266392e-13 -5.024814e-13 -1.797037e-12 -5.784665e-12 -1.674191e-11 -4.353891e-11 -1.017545e-10 -2.139391e-10 -4.054903e-10 -6.948631e-10 -1.080276e-09 -1.528598e-09 -1.972869e-09 -2.321951e-09 -2.480902e-09 -2.376204e-09 -1.977993e-09 -1.312350e-09 -4.598048e-10 4.598048e-10 1.312350e-09 1.977993e-09 2.376204e-09 2.480902e-09 2.321951e-09 1.972869e-09 1.528598e-09 1.080276e-09 6.948631e-10 4.054903e-10 2.139391e-10 1.017545e-10 4.353891e-11 1.674191e-11 5.784665e-12 1.797037e-12 5.024814e-13 1.266392e-13 2.880969e-14 5.924205e-15 1.102379e-15 1.857569e-16 2.834643e-17 3.913879e-18 4.878170e-19 5.462621e-20 5.446827e-21 4.751443e-22 3.488055e-23 1.930498e-24 4.176021e-26 -7.651786e-27 -1.469526e-27 -1.701793e-28 -1.580515e-29 -1.266744e-30 -9.030602e-32 -5.815793e-33 -3.414004e-34 -1.837054e-35 -9.094550e-37 -4.152499e-38 -1.751517e-39 -6.831888e-41 -2.465652e-42 -8.235006e-44 -2.544893e-45 -7.273588e-47 -1.921189e-48 -4.594205e-50 -5.372618e-52 -1.121963e-54 -3.798746e-58 -2.719775e-62 -5.278316e-67 -3.348392e-72 -7.976602e-78
4.107497e-76 1.588325e-70 2.316635e-65 1.108576e-60 1.442449e-56 3.979390e-53 1.784110e-50 1.432297e-48 5.641019e-47 2.014879e-45 6.658815e-44 2.037109e-42 5.770015e-41 1.512923e-39 3.670287e-38 8.229828e-37 1.702910e-35 3.243736e-34 5.667138e-33 9.030602e-32 1.300811e-30 1.667762e-29 1.846401e-28 1.640152e-27 8.777759e-27 -4.998920e-26 -2.369882e-24 -4.419222e-23 -6.222309e-22 -7.381733e-21 -7.670324e-20 -7.105343e-19 -5.920851e-18 -4.459382e-17 -3.042902e-16 -1.882875e-15 -1.056467e-14 -5.371368e-14 -2.471752e-13 -1.027976e-12 -3.857644e-12 -1.304162e-11 -3.966489e-11 -1.084236e-10 -2.662892e-10 -5.879820e-10 -1.169254e-09 -2.100114e-09 -3.420046e-09 -5.071420e-09 -6.874469e-09 -8.540712e-09 -9.725993e-09 -1.010865e-08 -9.469683e-09 -7.752408e-09 -5.086610e-09 -1.772288e-09 1.772288e-09 5.086610e-09 7.752408e-09 9.469683e-09 1.010865e-08 9.725993e-09 8.540712e-09 6.874469e-09 5.071420e-09 3.420046e-09 2.100114e-09 1.169254e-09 5.879820e-10 2.662892e-10 1.084236e-10 3.966489e-11 1.304162e-11 3.857644e-12 1.027976e-12 2.471752e-13 5.371368e-14 1.056467e-14 1.882875e-15 3.042902e-16 4.459382e-17 5.920851e-18 7.105343e-19 7.670324e-20 7.381733e-21 6.222309e-22 4.419222e-23 2.369882e-24 4.998920e-26 -8.777759e-27 -1.640152e-27 -1.846401e-28 -1.667762e-29 -1.300811e-30 -9.030602e-32 -5.667138e-33 -3.243736e-34 -1.702910e-35 -8.229828e-37 -3.670287e-38 -1.512923e-39 -5.770015e-41 -2.037109e-42 -6.658815e-44 -2.014879e-45 -5.641019e-47 -1.432297e-48 -1.784110e-50 -3.979390e-53 -1.442449e-56 -1.108576e-60 -2.316635e-65 -1.588325e-70 -4.107497e-76
1.900795e-74 6.801575e-69 9.214160e-64 4.108224e-59 4.993764e-55 1.289888e-51 5.425357e-49 4.096087e-47 1.521576e-45 5.133526e-44 1.603946e-42 4.642001e-41 1.244234e-39 3.087131e-38 7.083331e-37 1.500588e-35 2.928057e-34 5.243404e-33 8.569259e-32 1.266744e-30 1.667762e-29 1.897260e-28 1.732686e-27 9.530612e-27 -5.634405e-26 -2.743003e-24 -5.275444e-23 -7.670644e-22 -9.407621e-21 -1.011687e-19 -9.709796e-19 -8.392655e-18 -6.564392e-17 -4.657386e-16 -3.000213e-15 -1.754734e-14 -9.311317e-14 -4.477469e-13 -1.948091e-12 -7.655730e-12 -2.712583e-11 -8.650961e-11 -2.479899e-10 -6.384755e-10 -1.476460e-09 -3.070360e-09 -5.756361e-09 -9.767181e-09 -1.507134e-08 -2.125876e-08 -2.753797e-08 -3.286064e-08 -3.613659e-08 -3.647282e-08 -3.337066e-08 -2.683797e-08 -1.740135e-08 -6.027055e-09 6.027055e-09 1.740135e-08 2.683797e-08 3.337066e-08 3.647282e-08 3.613659e-08 3.286064e-08 2.753797e-08 2.125876e-08 1.507134e-08 9.767181e-09 5.756361e-09 3.070360e-09 1.476460e-09 6.384755e-10 2.479899e-10 8.650961e-11 2.712583e-11 7.655730e-12 1.948091e-12 4.477469e-13 9.311317e-14 1.754734e-14 3.000213e-15 4.657386e-16 6.564392e-17 8.392655e-18 9.709796e-19 1.011687e-19 9.407621e-21 7.670644e-22 5.275444e-23 2.743003e-24 5.634405e-26 -9.530612e-27 -1.732686e-27 -1.897260e-28 -1.667762e-29 -1.266744e-30 -8.569259e-32 -5.243404e-33 -2.928057e-34 -1.500588e-35 -7.083331e-37 -3.087131e-38 -1.244234e-39 -4.642001e-41 -1.603946e-42 -5.133526e-44 -1.521576e-45 -4.096087e-47 -5.425357e-49 -1.289888e-51 -4.993764e-55 -4.108224e-59 -9.214160e-64 -6.801575e-69 -1.900795e-74
7.935268e-73 2.637666e-67 3.329799e-62 1.387146e-57 1.578955e-53 3.826290e-50 1.512376e-47 1.075339e-45 3.772121e-44 1.203201e-42 3.556428e-41 9.740200e-40 2.470487e-38 5.797489e-37 1.256785e-35 2.510776e-34 4.605879e-33 7.715523e-32 1.169758e-30 1.580515e-29 1.846401e-28 1.732686e-27 9.795515e-27 -5.981403e-26 -2.994203e-24 -5.935529e-23 -8.904931e-22 -1.127984e-20 -1.254087e-19 -1.245657e-18 -1.115476e-17 -9.049183e-17 -6.666653e-16 -4.464538e-15 -2.717743e-14 -1.502772e-13 -7.538704e-13 -3.425481e-12 -1.407205e-11 -5.215969e-11 -1.740969e-10 -5.223351e-10 -1.406783e-09 -3.399127e-09 -7.371977e-09 -1.437808e-08 -2.530623e-08 -4.039374e-08 -5.882202e-08 -7.862467e-08 -9.698052e-08 -1.107837e-07 -1.172908e-07 -1.146532e-07 -1.022241e-07 -8.062170e-08 -5.159358e-08 -1.775267e-08 1.775267e-08 5.159358e-08 8.062170e-08 1.022241e-07 1.146532e-07 1.172908e-07 1.107837e-07 9.698052e-08 7.862467e-08 5.882202e-08 4.039374e-08 2.530623e-08 1.437808e-08 7.371977e-09 3.399127e-09 1.406783e-09 5.223351e-10 1.740969e-10 5.215969e-11 1.407205e-11 3.425481e-12 7.538704e-13 1.502772e-13 2.717743e-14 4.464538e-15 6.666653e-16 9.049183e-17 1.115476e-17 1.245657e-18 1.254087e-19 1.127984e-20 8.904931e-22 5.935529e-23 2.994203e-24 5.981403e-26 -9.795515e-27 -1.732686e-27 -1.846401e-28 -1.580515e-29 -1.169758e-30 -7.715523e-32 -4.605879e-33 -2.510776e-34 -1.256785e-35 -5.797489e-37 -2.470487e-38 -9.740200e-40 -3.556428e-41 -1.203201e-42 -3.772121e-44 -1.075339e-45 -1.512376e-47 -3.826290e-50 -1.578955e-53 -1.387146e-57 -3.329799e-62 -2.637666e-67 -7.935268e-73
2.997879e-71 9.287178e-66 1.095602e-60 4.274662e-56 4.565669e-52 1.039765e-48 3.867485e-46 2.592702e-44 8.596183e-43 2.593974e-41 7.255800e-40 1.880454e-38 4.511158e-37 1.000210e-35 2.044763e-34 3.840483e-33 6.590533e-32 1.024208e-30 1.419367e-29 1.701793e-28 1.640152e-27 9.530612e-27 -5.981403e-26 -3.082895e-24 -6.295602e-23 -9.737865e-22 -1.272836e-20 -1.461617e-19 -1.500927e-18 -1.390954e-17 -1.168977e-16 -8.931317e-16 -6.209736e-15 -3.928964e-14 -2.260570e-13 -1.181262e-12 -5.596754e-12 -2.399525e-11 -9.288825e-11 -3.239317e-10 -1.015424e-09 -2.855713e-09 -7.195867e-09 -1.624029e-08 -3.286075e-08 -5.977374e-08 -9.819298e-08 -1.465836e-07 -2.002785e-07 -2.522420e-07 -2.946276e-07 -3.204843e-07 -3.250483e-07 -3.063430e-07 -2.651285e-07 -2.044194e-07 -1.288361e-07 -4.399146e-08 4.399146e-08 1.288361e-07 2.044194e-07 2.651285e-07 3.063430e-07 3.250483e-07 3.204843e-07 2.946276e-07 2.522420e-07 2.002785e-07 1.465836e-07 9.819298e-08 5.977374e-08 3.286075e-08 1.624029e-08 7.195867e-09 2.855713e-09 1.015424e-09 3.239317e-10 9.288825e-11 2.399525e-11 5.596754e-12 1.181262e-12 2.260570e-13 3.928964e-14 6.209736e-15 8.931317e-16 1.168977e-16 1.390954e-17 1.500927e-18 1.461617e-19 1.272836e-20 9.737865e-22 6.295602e-23 3.082895e-24 5.981403e-26 -9.530612e-27 -1.640152e-27 -1.701793e-28 -1.419367e-29 -1.024208e-30 -6.590533e-32 -3.840483e-33 -2.044763e-34 -1.000210e-35 -4.511158e-37 -1.880454e-38 -7.255800e-40 -2.593974e-41 -8.596183e-43 -2.592702e-44 -3.867485e-46 -1.039765e-48 -4.565669e-52 -4.274662e-56 -1.095602e-60 -9.287178e-66 -2.997879e-71
