0.000000e+00 0.000000e+00 0.000000e+00 0.000000e+00 0.000000e+00 0.000000e+00 0.000000e+00 0.000000e+00 0.000000e+00 0.000000e+00 0.000000e+00 0.000000e+00 0.000000e+00 0.000000e+00 0.000000e+00 0.000000e+00 0.000000e+00 0.000000e+00 0.000000e+00 0.000000e+00 0.000000e+00 0.000000e+00 0.000000e+00 0.000000e+00 0.000000e+00 0.000000e+00 0.000000e+00 0.000000e+00 0.000000e+00 0.000000e+00 0.000000e+00 0.000000e+00 0.000000e+00 0.000000e+00 0.000000e+00 0.000000e+00 0.000000e+00 0.000000e+00 0.000000e+00 0.000000e+00 0.000000e+00 0.000000e+00 0.000000e+00 0.000000e+00 0.000000e+00 0.000000e+00 0.000000e+00 0.000000e+00 0.000000e+00 0.000000e+00 0.000000e+00 0.000000e+00 0.000000e+00 0.000000e+00 0.000000e+00 0.000000e+00 0.000000e+00 0.000000e+00 0.000000e+00 0.000000e+00 0.000000e+00 0.000000e+00 0.000000e+00 0.000000e+00 0.000000e+00 0.000000e+00 0.000000e+00 0.000000e+00 0.000000e+00 0.000000e+00 0.000000e+00 0.000000e+00 0.000000e+00 0.000000e+00 0.000000e+00 0.000000e+00 0.000000e+00 0.000000e+00 0.000000e+00 0.000000e+00 0.000000e+00 0.000000e+00 0.000000e+00 0.000000e+00 0.000000e+00 0.000000e+00 0.000000e+00 0.000000e+00 0.000000e+00 0.000000e+00 0.000000e+00 0.000000e+00 0.000000e+00 0.000000e+00 0.000000e+00 0.000000e+00 0.000000e+00 0.000000e+00 0.000000e+00 0.000000e+00 0.000000e+00 0.000000e+00 0.000000e+00 0.000000e+00 0.000000e+00 0.000000e+00 0.000000e+00 0.000000e+00 0.000000e+00 0.000000e+00 0.000000e+00 0.000000e+00 0.000000e+00 0.000000e+00 0.000000e+00 0.000000e+00
7.430455e-94 1.706725e-88 1.516376e-83 4.521340e-79 3.741618e-75 6.689919e-72 1.980038e-69 1.073971e-67 2.937348e-66 7.412359e-65 1.756052e-63 3.905497e-62 8.152176e-61 1.596439e-59 2.931207e-58 5.041757e-57 8.114260e-56 1.220003e-54 1.709969e-53 2.227680e-52 2.686239e-51 2.979813e-50 3.011464e-49 2.726889e-48 2.140721e-47 1.342121e-46 4.738745e-46 -3.088696e-45 -8.840374e-44 -1.193942e-42 -1.251338e-41 -1.121319e-40 -8.903789e-40 -6.370742e-39 -4.144004e-38 -2.462732e-37 -1.340895e-36 -6.698935e-36 -3.072876e-35 -1.294416e-34 -5.006089e-34 -1.776745e-33 -5.783626e-33 -1.725603e-32 -4.715840e-32 -1.179705e-31 -2.699687e-31 -5.648108e-31 -1.079502e-30 -1.882943e-30 -2.992682e-30 -4.322601e-30 -5.647954e-30 -6.620696e-30 -6.854000e-30 -6.060433e-30 -4.190117e-30 -1.499074e-30 1.499074e-30 4.190117e-30 6.060433e-30 6.854000e-30 6.620696e-30 5.647954e-30 4.322601e-30 2.992682e-30 1.882943e-30 1.079502e-30 5.648108e-31 2.699687e-31 1.179705e-31 4.715840e-32 1.725603e-32 5.783626e-33 1.776745e-33 5.006089e-34 1.294416e-34 3.072876e-35 6.698935e-36 1.340895e-36 2.462732e-37 4.144004e-38 6.370742e-39 8.903789e-40 1.121319e-40 1.251338e-41 1.193942e-42 8.840374e-44 3.088696e-45 -4.738745e-46 -1.342121e-46 -2.140721e-47 -2.726889e-48 -3.011464e-49 -2.979813e-50 -2.686239e-51 -2.227680e-52 -1.709969e-53 -1.220003e-54 -8.114260e-56 -5.041757e-57 -2.931207e-58 -1.596439e-59 -8.152176e-61 -3.905497e-62 -1.756052e-63 -7.412359e-65 -2.937348e-66 -1.073971e-67 -1.980038e-69 -6.689919e-72 -3.741618e-75 -4.521340e-79 -1.516376e-83 -1.706725e-88 -7.430455e-94
1.117723e-88 2.432816e-83 2.050571e-78 5.806017e-74 4.566313e-70 7.764522e-67 2.187004e-64 1.130521e-62 2.953229e-61 7.122702e-60 1.613172e-58 3.430184e-57 6.845081e-56 1.281141e-54 2.246957e-53 3.688542e-52 5.658177e-51 8.092953e-50 1.076037e-48 1.324209e-47 1.498618e-46 1.543722e-45 1.421658e-44 1.128810e-43 7.031913e-43 2.176342e-42 -2.401948e-41 -5.935882e-40 -7.980162e-39 -8.496262e-38 -7.791005e-37 -6.355263e-36 -4.683428e-35 -3.143986e-34 -1.931588e-33 -1.088980e-32 -5.641850e-32 -2.687849e-31 -1.177694e-30 -4.744821e-30 -1.757060e-29 -5.977211e-29 -1.866802e-28 -5.349719e-28 -1.405929e-27 -3.386835e-27 -7.475685e-27 -1.511374e-26 -2.797425e-26 -4.736902e-26 -7.328415e-26 -1.033376e-25 -1.322285e-25 -1.522944e-25 -1.554348e-25 -1.359712e-25 -9.333600e-26 -3.327227e-26 3.327227e-26 9.333600e-26 1.359712e-25 1.554348e-25 1.522944e-25 1.322285e-25 1.033376e-25 7.328415e-26 4.736902e-26 2.797425e-26 1.511374e-26 7.475685e-27 3.386835e-27 1.405929e-27 5.349719e-28 1.866802e-28 5.977211e-29 1.757060e-29 4.744821e-30 1.177694e-30 2.687849e-31 5.641850e-32 1.088980e-32 1.931588e-33 3.143986e-34 4.683428e-35 6.355263e-36 7.791005e-37 8.496262e-38 7.980162e-39 5.935882e-40 2.401948e-41 -2.176342e-42 -7.031913e-43 -1.128810e-43 -1.421658e-44 -1.543722e-45 -1.498618e-46 -1.324209e-47 -1.076037e-48 -8.092953e-50 -5.658177e-51 -3.688542e-52 -2.246957e-53 -1.281141e-54 -6.845081e-56 -3.430184e-57 -1.613172e-58 -7.122702e-60 -2.953229e-61 -1.130521e-62 -2.187004e-64 -7.764522e-67 -4.566313e-70 -5.806017e-74 -2.050571e-78 -2.432816e-83 -1.117723e-88
6.085643e-84 1.256620e-78 1.005807e-73 2.706558e-69 2.024369e-65 3.275298e-62 8.782705e-60 4.327916e-58 1.080011e-56 2.489626e-55 5.389659e-54 1.095329e-52 2.088403e-51 3.732397e-50 6.245089e-49 9.766749e-48 1.424433e-46 1.931300e-45 2.423335e-44 2.795013e-43 2.930994e-42 2.740805e-41 2.195409e-40 1.349877e-39 3.390372e-39 -6.564711e-38 -1.462511e-36 -1.961527e-35 -2.120508e-34 -1.987700e-33 -1.663436e-32 -1.260671e-31 -8.719610e-31 -5.528467e-30 -3.221203e-29 -1.727152e-28 -8.527336e-28 -3.877262e-27 -1.623239e-26 -6.254768e-26 -2.217104e-25 -7.225407e-25 -2.163733e-24 -5.951195e-24 -1.502813e-23 -3.483383e-23 -7.410285e-23 -1.446669e-22 -2.591404e-22 -4.257387e-22 -6.408246e-22 -8.818129e-22 -1.104648e-21 -1.249739e-21 -1.257259e-21 -1.087936e-21 -7.413909e-22 -2.633286e-22 2.633286e-22 7.413909e-22 1.087936e-21 1.257259e-21 1.249739e-21 1.104648e-21 8.818129e-22 6.408246e-22 4.257387e-22 2.591404e-22 1.446669e-22 7.410285e-23 3.483383e-23 1.502813e-23 5.951195e-24 2.163733e-24 7.225407e-25 2.217104e-25 6.254768e-26 1.623239e-26 3.877262e-27 8.527336e-28 1.727152e-28 3.221203e-29 5.528467e-30 8.719610e-31 1.260671e-31 1.663436e-32 1.987700e-33 2.120508e-34 1.961527e-35 1.462511e-36 6.564711e-38 -3.390372e-39 -1.349877e-39 -2.195409e-40 -2.740805e-41 -2.930994e-42 -2.795013e-43 -2.423335e-44 -1.931300e-45 -1.424433e-46 -9.766749e-48 -6.245089e-49 -3.732397e-50 -2.088403e-51 -1.095329e-52 -5.389659e-54 -2.489626e-55 -1.080011e-56 -4.327916e-58 -8.782705e-60 -3.275298e-62 -2.024369e-65 -2.706558e-69 -1.005807e-73 -1.256620e-78 -6.085643e-84
1.018049e-79 1.996224e-74 1.518515e-69 3.886049e-65 2.765587e-61 4.259072e-58 1.087483e-55 5.108921e-54 1.217882e-52 2.682820e-51 5.549352e-50 1.077200e-48 1.960492e-47 3.341261e-46 5.323500e-45 7.910696e-44 1.092815e-42 1.396833e-41 1.640197e-40 1.748771e-39 1.657666e-38 1.335654e-37 8.038360e-37 1.388030e-36 -5.441197e-35 -1.123095e-33 -1.505300e-32 -1.651539e-31 -1.580867e-30 -1.355541e-29 -1.055005e-28 -7.506807e-28 -4.903570e-27 -2.947522e-26 -1.632483e-25 -8.335655e-25 -3.924456e-24 -1.703255e-23 -6.811849e-23 -2.509054e-22 -8.506920e-22 -2.653510e-21 -7.611327e-21 -2.007028e-20 -4.864451e-20 -1.083701e-19 -2.219484e-19 -4.179867e-19 -7.239542e-19 -1.153027e-18 -1.687374e-18 -2.264539e-18 -2.775836e-18 -3.083565e-18 -3.056786e-18 -2.615920e-18 -1.769479e-18 -6.261546e-19 6.261546e-19 1.769479e-18 2.615920e-18 3.056786e-18 3.083565e-18 2.775836e-18 2.264539e-18 1.687374e-18 1.153027e-18 7.239542e-19 4.179867e-19 2.219484e-19 1.083701e-19 4.864451e-20 2.007028e-20 7.611327e-21 2.653510e-21 8.506920e-22 2.509054e-22 6.811849e-23 1.703255e-23 3.924456e-24 8.335655e-25 1.632483e-25 2.947522e-26 4.903570e-27 7.506807e-28 1.055005e-28 1.355541e-29 1.580867e-30 1.651539e-31 1.505300e-32 1.123095e-33 5.441197e-35 -1.388030e-36 -8.038360e-37 -1.335654e-37 -1.657666e-38 -1.748771e-39 -1.640197e-40 -1.396833e-41 -1.092815e-42 -7.910696e-44 -5.323500e-45 -3.341261e-46 -1.960492e-47 -1.077200e-48 -5.549352e-50 -2.682820e-51 -1.217882e-52 -5.108921e-54 -1.087483e-55 -4.259072e-58 -2.765587e-61 -3.886049e-65 -1.518515e-69 -1.996224e-74 -1.018049e-79
4.201589e-76 7.829815e-71 5.664328e-66 1.379261e-61 9.343022e-58 1.369830e-54 3.330551e-52 1.491527e-50 3.395788e-49 7.145397e-48 1.411262e-46 2.613971e-45 4.534766e-44 7.355520e-43 1.112836e-41 1.565072e-40 2.035985e-39 2.431410e-38 2.632389e-37 2.524921e-36 2.039911e-35 1.188904e-34 7.839962e-35 -1.108358e-32 -2.159683e-31 -2.896816e-30 -3.224092e-29 -3.148395e-28 -2.762803e-27 -2.205244e-26 -1.611871e-25 -1.083069e-24 -6.705059e-24 -3.829059e-23 -2.018158e-22 -9.818073e-22 -4.407652e-21 -1.825215e-20 -6.968089e-20 -2.451073e-19 -7.939696e-19 -2.367327e-18 -6.495079e-18 -1.639575e-17 -3.808408e-17 -8.142547e-17 -1.603240e-16 -2.908780e-16 -4.865373e-16 -7.504010e-16 -1.066661e-15 -1.394982e-15 -1.672041e-15 -1.822726e-15 -1.779684e-15 -1.505695e-15 -1.010735e-15 -3.562957e-16 3.562957e-16 1.010735e-15 1.505695e-15 1.779684e-15 1.822726e-15 1.672041e-15 1.394982e-15 1.066661e-15 7.504010e-16 4.865373e-16 2.908780e-16 1.603240e-16 8.142547e-17 3.808408e-17 1.639575e-17 6.495079e-18 2.367327e-18 7.939696e-19 2.451073e-19 6.968089e-20 1.825215e-20 4.407652e-21 9.818073e-22 2.018158e-22 3.829059e-23 6.705059e-24 1.083069e-24 1.611871e-25 2.205244e-26 2.762803e-27 3.148395e-28 3.224092e-29 2.896816e-30 2.159683e-31 1.108358e-32 -7.839962e-35 -1.188904e-34 -2.039911e-35 -2.524921e-36 -2.632389e-37 -2.431410e-38 -2.035985e-39 -1.565072e-40 -1.112836e-41 -7.355520e-43 -4.534766e-44 -2.613971e-45 -1.411262e-46 -7.145397e-48 -3.395788e-49 -1.491527e-50 -3.330551e-52 -1.369830e-54 -9.343022e-58 -1.379261e-61 -5.664328e-66 -7.829815e-71 -4.201589e-76
3.252711e-73 5.764891e-68 3.968450e-63 9.198301e-59 5.932263e-55 8.281052e-52 1.917034e-49 8.181597e-48 1.778315e-46 3.572014e-45 6.729786e-44 1.187742e-42 1.960178e-41 3.017439e-40 4.317327e-39 5.711730e-38 6.931101e-37 7.611590e-36 7.376012e-35 5.956542e-34 3.319581e-33 -2.626458e-33 -4.239066e-31 -7.912891e-30 -1.063906e-28 -1.201006e-27 -1.195643e-26 -1.072745e-25 -8.771859e-25 -6.578229e-24 -4.540742e-23 -2.891025e-22 -1.699685e-21 -9.231711e-21 -4.632432e-20 -2.147019e-19 -9.186791e-19 -3.626980e-18 -1.320424e-17 -4.430097e-17 -1.369081e-16 -3.895942e-16 -1.020719e-15 -2.462430e-15 -5.472178e-15 -1.120946e-14 -2.118438e-14 -3.697192e-14 -5.963899e-14 -8.896372e-14 -1.226949e-13 -1.562154e-13 -1.829407e-13 -1.955712e-13 -1.879752e-13 -1.571639e-13 -1.046684e-13 -3.675081e-14 3.675081e-14 1.046684e-13 1.571639e-13 1.879752e-13 1.955712e-13 1.829407e-13 1.562154e-13 1.226949e-13 8.896372e-14 5.963899e-14 3.697192e-14 2.118438e-14 1.120946e-14 5.472178e-15 2.462430e-15 1.020719e-15 3.895942e-16 1.369081e-16 4.430097e-17 1.320424e-17 3.626980e-18 9.186791e-19 2.147019e-19 4.632432e-20 9.231711e-21 1.699685e-21 2.891025e-22 4.540742e-23 6.578229e-24 8.771859e-25 1.072745e-25 1.195643e-26 1.201006e-27 1.063906e-28 7.912891e-30 4.239066e-31 2.626458e-33 -3.319581e-33 -5.956542e-34 -7.376012e-35 -7.611590e-36 -6.931101e-37 -5.711730e-38 -4.317327e-39 -3.017439e-40 -1.960178e-41 -1.187742e-42 -6.729786e-44 -3.572014e-45 -1.778315e-46 -8.181597e-48 -1.917034e-49 -8.281052e-52 -5.932263e-55 -9.198301e-59 -3.968450e-63 -5.764891e-68 -3.252711e-73
3.980583e-71 6.716165e-66 4.402983e-61 9.721294e-57 5.972336e-53 7.940654e-50 1.750545e-47 7.119924e-46 1.477191e-44 2.831130e-43 5.083679e-42 8.537014e-41 1.337292e-39 1.946907e-38 2.620027e-37 3.231661e-36 3.601423e-35 3.528152e-34 2.849978e-33 1.513161e-32 -3.783272e-32 -2.560058e-30 -4.663006e-29 -6.313890e-28 -7.243202e-27 -7.358168e-26 -6.753090e-25 -5.658126e-24 -4.353557e-23 -3.086807e-22 -2.020807e-21 -1.222763e-20 -6.841416e-20 -3.539437e-19 -1.692690e-18 -7.479298e-18 -3.051525e-17 -1.148833e-16 -3.988406e-16 -1.276145e-15 -3.761661e-15 -1.021303e-14 -2.554237e-14 -5.886716e-14 -1.251151e-13 -2.454837e-13 -4.452074e-13 -7.473365e-13 -1.162569e-12 -1.677376e-12 -2.244774e-12 -2.782842e-12 -3.184592e-12 -3.339162e-12 -3.159872e-12 -2.611143e-12 -1.725404e-12 -6.034466e-13 6.034466e-13 1.725404e-12 2.611143e-12 3.159872e-12 3.339162e-12 3.184592e-12 2.782842e-12 2.244774e-12 1.677376e-12 1.162569e-12 7.473365e-13 4.452074e-13 2.454837e-13 1.251151e-13 5.886716e-14 2.554237e-14 1.021303e-14 3.761661e-15 1.276145e-15 3.988406e-16 1.148833e-16 3.051525e-17 7.479298e-18 1.692690e-18 3.539437e-19 6.841416e-20 1.222763e-20 2.020807e-21 3.086807e-22 4.353557e-23 5.658126e-24 6.753090e-25 7.358168e-26 7.243202e-27 6.313890e-28 4.663006e-29 2.560058e-30 3.783272e-32 -1.513161e-32 -2.849978e-33 -3.528152e-34 -3.601423e-35 -3.231661e-36 -2.620027e-37 -1.946907e-38 -1.337292e-39 -8.537014e-41 -5.083679e-42 -2.831130e-43 -1.477191e-44 -7.119924e-46 -1.750545e-47 -7.940654e-50 -5.972336e-53 -9.721294e-57 -4.402983e-61 -6.716165e-66 -3.980583e-71
1.365715e-69 2.198302e-64 1.375295e-59 2.898092e-55 1.699206e-51 2.155567e-48 4.532590e-46 1.759408e-44 3.488661e-43 6.385812e-42 1.093452e-40 1.747026e-39 2.594798e-38 3.563031e-37 4.484306e-36 5.097380e-35 5.087330e-34 4.169372e-33 2.198003e-32 -7.382376e-32 -4.283398e-30 -7.872551e-29 -1.087495e-27 -1.277372e-26 -1.331244e-25 -1.255115e-24 -1.081514e-23 -8.566784e-23 -6.259055e-22 -4.226191e-21 -2.639887e-20 -1.526150e-19 -8.165440e-19 -4.042008e-18 -1.850229e-17 -7.826787e-17 -3.057469e-16 -1.102181e-15 -3.664180e-15 -1.122829e-14 -3.170536e-14 -8.249420e-14 -1.978424e-13 -4.376385e-13 -8.938599e-13 -1.688037e-12 -2.952251e-12 -4.789732e-12 -7.219608e-12 -1.012097e-11 -1.319886e-11 -1.599398e-11 -1.794723e-11 -1.851203e-11 -1.728911e-11 -1.414631e-11 -9.286266e-12 -3.237110e-12 3.237110e-12 9.286266e-12 1.414631e-11 1.728911e-11 1.851203e-11 1.794723e-11 1.599398e-11 1.319886e-11 1.012097e-11 7.219608e-12 4.789732e-12 2.952251e-12 1.688037e-12 8.938599e-13 4.376385e-13 1.978424e-13 8.249420e-14 3.170536e-14 1.122829e-14 3.664180e-15 1.102181e-15 3.057469e-16 7.826787e-17 1.850229e-17 4.042008e-18 8.165440e-19 1.526150e-19 2.639887e-20 4.226191e-21 6.259055e-22 8.566784e-23 1.081514e-23 1.255115e-24 1.331244e-25 1.277372e-26 1.087495e-27 7.872551e-29 4.283398e-30 7.382376e-32 -2.198003e-32 -4.169372e-33 -5.087330e-34 -5.097380e-35 -4.484306e-36 -3.563031e-37 -2.594798e-38 -1.747026e-39 -1.093452e-40 -6.385812e-42 -3.488661e-43 -1.759408e-44 -4.532590e-46 -2.155567e-48 -1.699206e-51 -2.898092e-55 -1.375295e-59 -2.198302e-64 -1.365715e-69
3.673917e-68 5.650137e-63 3.377944e-58 6.802336e-54 3.810618e-50 4.616692e-47 9.266375e-45 3.434573e-43 6.510363e-42 1.137934e-40 1.856540e-39 2.816937e-38 3.953177e-37 5.086961e-36 5.914544e-35 6.039716e-34 5.064808e-33 2.726861e-32 -9.639251e-32 -5.644858e-30 -1.063268e-28 -1.507827e-27 -1.819963e-26 -1.950666e-25 -1.892923e-24 -1.680150e-23 -1.371980e-22 -1.034205e-21 -7.210682e-21 -4.654893e-20 -2.783502e-19 -1.541767e-18 -7.907798e-18 -3.753803e-17 -1.648062e-16 -6.687045e-16 -2.505632e-15 -8.663758e-15 -2.762700e-14 -8.121060e-14 -2.200234e-13 -5.495047e-13 -1.265780e-12 -2.691837e-12 -5.292253e-12 -9.635651e-12 -1.627845e-11 -2.556785e-11 -3.740185e-11 -5.102212e-11 -6.493150e-11 -7.700706e-11 -8.482614e-11 -8.615252e-11 -7.947003e-11 -6.442180e-11 -4.202767e-11 -1.460507e-11 1.460507e-11 4.202767e-11 6.442180e-11 7.947003e-11 8.615252e-11 8.482614e-11 7.700706e-11 6.493150e-11 5.102212e-11 3.740185e-11 2.556785e-11 1.627845e-11 9.635651e-12 5.292253e-12 2.691837e-12 1.265780e-12 5.495047e-13 2.200234e-13 8.121060e-14 2.762700e-14 8.663758e-15 2.505632e-15 6.687045e-16 1.648062e-16 3.753803e-17 7.907798e-18 1.541767e-18 2.783502e-19 4.654893e-20 7.210682e-21 1.034205e-21 1.371980e-22 1.680150e-23 1.892923e-24 1.950666e-25 1.819963e-26 1.507827e-27 1.063268e-28 5.644858e-30 9.639251e-32 -2.726861e-32 -5.064808e-33 -6.039716e-34 -5.914544e-35 -5.086961e-36 -3.953177e-37 -2.816937e-38 -1.856540e-39 -1.137934e-40 -6.510363e-42 -3.434573e-43 -9.266375e-45 -4.616692e-47 -3.810618e-50 -6.802336e-54 -3.377944e-58 -5.650137e-63 -3.673917e-68
9.284127e-67 1.364752e-61 7.799127e-57 1.500990e-52 8.032752e-49 9.290783e-46 1.778752e-43 6.288653e-42 1.137882e-40 1.895050e-39 2.936209e-38 4.209481e-37 5.535968e-36 6.580879e-35 6.873175e-34 5.895716e-33 3.242513e-32 -1.197867e-31 -7.105274e-30 -1.371306e-28 -1.995344e-27 -2.473325e-26 -2.724487e-25 -2.719184e-24 -2.484160e-23 -2.089451e-22 -1.623597e-21 -1.167820e-20 -7.783664e-20 -4.809415e-19 -2.754860e-18 -1.462408e-17 -7.190566e-17 -3.272491e-16 -1.377425e-15 -5.357569e-15 -1.924081e-14 -6.375553e-14 -1.948066e-13 -5.487016e-13 -1.424649e-12 -3.410994e-12 -7.537207e-12 -1.539059e-11 -2.909145e-11 -5.100883e-11 -8.315485e-11 -1.263232e-10 -1.791885e-10 -2.376863e-10 -2.949802e-10 -3.421907e-10 -3.698333e-10 -3.696932e-10 -3.367012e-10 -2.703461e-10 -1.752474e-10 -6.070628e-11 6.070628e-11 1.752474e-10 2.703461e-10 3.367012e-10 3.696932e-10 3.698333e-10 3.421907e-10 2.949802e-10 2.376863e-10 1.791885e-10 1.263232e-10 8.315485e-11 5.100883e-11 2.909145e-11 1.539059e-11 7.537207e-12 3.410994e-12 1.424649e-12 5.487016e-13 1.948066e-13 6.375553e-14 1.924081e-14 5.357569e-15 1.377425e-15 3.272491e-16 7.190566e-17 1.462408e-17 2.754860e-18 4.809415e-19 7.783664e-20 1.167820e-20 1.623597e-21 2.089451e-22 2.484160e-23 2.719184e-24 2.724487e-25 2.473325e-26 1.995344e-27 1.371306e-28 7.105274e-30 1.197867e-31 -3.242513e-32 -5.895716e-33 -6.873175e-34 -6.580879e-35 -5.535968e-36 -4.209481e-37 -2.936209e-38 -1.895050e-39 -1.137882e-40 -6.288653e-42 -1.778752e-43 -9.290783e-46 -8.032752e-49 -1.500990e-52 -7.799127e-57 -1.364752e-61 -9.284127e-67
2.202740e-65 3.095790e-60 1.691222e-55 3.110341e-51 1.589583e-47 1.753965e-44 3.199478e-42 1.077199e-40 1.856448e-39 2.936208e-38 4.298535e-37 5.775024e-36 7.015944e-35 7.491313e-34 6.570822e-33 3.691807e-32 -1.417726e-31 -8.538639e-30 -1.688005e-28 -2.518862e-27 -3.204471e-26 -3.625400e-25 -3.718836e-24 -3.494212e-23 -3.024914e-22 -2.420954e-21 -1.794878e-20 -1.234022e-19 -7.871254e-19 -4.657998e-18 -2.556525e-17 -1.300631e-16 -6.129088e-16 -2.673064e-15 -1.077962e-14 -4.015925e-14 -1.380985e-13 -4.380288e-13 -1.280874e-12 -3.452285e-12 -8.577763e-12 -1.965968e-11 -4.161042e-11 -8.146363e-11 -1.478354e-10 -2.492975e-10 -3.916799e-10 -5.748374e-10 -7.898563e-10 -1.017795e-09 -1.230757e-09 -1.395470e-09 -1.478807e-09 -1.454124e-09 -1.306999e-09 -1.039075e-09 -6.691229e-10 -2.310207e-10 2.310207e-10 6.691229e-10 1.039075e-09 1.306999e-09 1.454124e-09 1.478807e-09 1.395470e-09 1.230757e-09 1.017795e-09 7.898563e-10 5.748374e-10 3.916799e-10 2.492975e-10 1.478354e-10 8.146363e-11 4.161042e-11 1.965968e-11 8.577763e-12 3.452285e-12 1.280874e-12 4.380288e-13 1.380985e-13 4.015925e-14 1.077962e-14 2.673064e-15 6.129088e-16 1.300631e-16 2.556525e-17 4.657998e-18 7.871254e-19 1.234022e-19 1.794878e-20 2.420954e-21 3.024914e-22 3.494212e-23 3.718836e-24 3.625400e-25 3.204471e-26 2.518862e-27 1.688005e-28 8.538639e-30 1.417726e-31 -3.691807e-32 -6.570822e-33 -7.491313e-34 -7.015944e-35 -5.775024e-36 -4.298535e-37 -2.936208e-38 -1.856448e-39 -1.077199e-40 -3.199478e-42 -1.753965e-44 -1.589583e-47 -3.110341e-51 -1.691222e-55 -3.095790e-60 -2.202740e-65
4.906438e-64 6.593510e-59 3.443047e-54 6.048958e-50 2.950268e-46 3.102282e-43 5.382845e-41 1.721726e-39 2.816786e-38 4.209480e-37 5.775024e-36 7.167220e-35 7.820775e-34 7.012168e-33 4.025144e-32 -1.598678e-31 -9.798676e-30 -1.983621e-28 -3.034045e-27 -3.959250e-26 -4.597657e-25 -4.843899e-24 -4.677698e-23 -4.164706e-22 -3.430417e-21 -2.619335e-20 -1.856041e-19 -1.221051e-18 -7.458178e-18 -4.228090e-17 -2.223417e-16 -1.083766e-15 -4.892203e-15 -2.043196e-14 -7.887179e-14 -2.811402e-13 -9.245674e-13 -2.803296e-12 -7.832983e-12 -2.016880e-11 -4.787270e-11 -1.048431e-10 -2.121644e-10 -3.975303e-10 -6.914041e-10 -1.119459e-09 -1.692432e-09 -2.396111e-09 -3.184895e-09 -3.981817e-09 -4.686187e-09 -5.187917e-09 -5.385705e-09 -5.205346e-09 -4.614420e-09 -3.630555e-09 -2.321755e-09 -7.988257e-10 7.988257e-10 2.321755e-09 3.630555e-09 4.614420e-09 5.205346e-09 5.385705e-09 5.187917e-09 4.686187e-09 3.981817e-09 3.184895e-09 2.396111e-09 1.692432e-09 1.119459e-09 6.914041e-10 3.975303e-10 2.121644e-10 1.048431e-10 4.787270e-11 2.016880e-11 7.832983e-12 2.803296e-12 9.245674e-13 2.811402e-13 7.887179e-14 2.043196e-14 4.892203e-15 1.083766e-15 2.223417e-16 4.228090e-17 7.458178e-18 1.221051e-18 1.856041e-19 2.619335e-20 3.430417e-21 4.164706e-22 4.677698e-23 4.843899e-24 4.597657e-25 3.959250e-26 3.034045e-27 1.983621e-28 9.798676e-30 1.598678e-31 -4.025144e-32 -7.012168e-33 -7.820775e-34 -7.167220e-35 -5.775024e-36 -4.209480e-37 -2.816786e-38 -1.721726e-39 -5.382845e-41 -3.102282e-43 -2.950268e-46 -6.048958e-50 -3.443047e-54 -6.593510e-59 -4.906438e-64
1.025778e-62 1.318004e-57 6.576713e-53 1.103096e-48 5.129314e-45 5.131794e-42 8.449186e-40 2.558322e-38 3.952946e-37 5.535966e-36 7.015944e-35 7.820775e-34 7.165728e-33 4.202850e-32 -1.717991e-31 -1.073948e-29 -2.225696e-28 -3.487859e-27 -4.666085e-26 -5.558317e-25 -6.010839e-24 -5.961803e-23 -5.455242e-22 -4.621110e-21 -3.631219e-20 -2.649772e-19 -1.796454e-18 -1.131565e-17 -6.620002e-17 -3.594999e-16 -1.810774e-15 -8.451885e-15 -3.651936e-14 -1.459172e-13 -5.385639e-13 -1.834324e-12 -5.760260e-12 -1.666671e-11 -4.441731e-11 -1.090398e-10 -2.467237e-10 -5.151762e-10 -9.945451e-10 -1.779469e-09 -2.959721e-09 -4.591423e-09 -6.665965e-09 -9.086709e-09 -1.166252e-08 -1.412258e-08 -1.615081e-08 -1.743286e-08 -1.770598e-08 -1.680207e-08 -1.467666e-08 -1.141989e-08 -7.249064e-09 -2.484868e-09 2.484868e-09 7.249064e-09 1.141989e-08 1.467666e-08 1.680207e-08 1.770598e-08 1.743286e-08 1.615081e-08 1.412258e-08 1.166252e-08 9.086709e-09 6.665965e-09 4.591423e-09 2.959721e-09 1.779469e-09 9.945451e-10 5.151762e-10 2.467237e-10 1.090398e-10 4.441731e-11 1.666671e-11 5.760260e-12 1.834324e-12 5.385639e-13 1.459172e-13 3.651936e-14 8.451885e-15 1.810774e-15 3.594999e-16 6.620002e-17 1.131565e-17 1.796454e-18 2.649772e-19 3.631219e-20 4.621110e-21 5.455242e-22 5.961803e-23 6.010839e-24 5.558317e-25 4.666085e-26 3.487859e-27 2.225696e-28 1.073948e-29 1.717991e-31 -4.202850e-32 -7.165728e-33 -7.820775e-34 -7.015944e-35 -5.535966e-36 -3.952946e-37 -2.558322e-38 -8.449186e-40 -5.131794e-42 -5.129314e-45 -1.103096e-48 -6.576713e-53 -1.318004e-57 -1.025778e-62
2.012106e-61 2.471209e-56 1.177667e-51 1.883990e-47 8.339402e-44 7.919978e-41 1.232888e-38 3.514681e-37 5.086636e-36 6.580877e-35 7.491313e-34 7.012168e-33 4.202850e-32 -1.759681e-31 -1.124295e-29 -2.384781e-28 -3.827195e-27 -5.246311e-26 -6.407202e-25 -7.107786e-24 -7.236167e-23 -6.800514e-22 -5.920289e-21 -4.784057e-20 -3.592392e-19 -2.507901e-18 -1.627733e-17 -9.818831e-17 -5.501522e-16 -2.860917e-15 -1.379464e-14 -6.160689e-14 -2.545429e-13 -9.718319e-13 -3.424654e-12 -1.112692e-11 -3.330266e-11 -9.176128e-11 -2.327090e-10 -5.433177e-10 -1.168854e-09 -2.320661e-09 -4.261883e-09 -7.261274e-09 -1.151750e-08 -1.707194e-08 -2.373828e-08 -3.107525e-08 -3.841610e-08 -4.495058e-08 -4.984044e-08 -5.234247e-08 -5.191487e-08 -4.829011e-08 -4.150747e-08 -3.190660e-08 -2.008927e-08 -6.858236e-09 6.858236e-09 2.008927e-08 3.190660e-08 4.150747e-08 4.829011e-08 5.191487e-08 5.234247e-08 4.984044e-08 4.495058e-08 3.841610e-08 3.107525e-08 2.373828e-08 1.707194e-08 1.151750e-08 7.261274e-09 4.261883e-09 2.320661e-09 1.168854e-09 5.433177e-10 2.327090e-10 9.176128e-11 3.330266e-11 1.112692e-11 3.424654e-12 9.718319e-13 2.545429e-13 6.160689e-14 1.379464e-14 2.860917e-15 5.501522e-16 9.818831e-17 1.627733e-17 2.507901e-18 3.592392e-19 4.784057e-20 5.920289e-21 6.800514e-22 7.236167e-23 7.107786e-24 6.407202e-25 5.246311e-26 3.827195e-27 2.384781e-28 1.124295e-29 1.759681e-31 -4.202850e-32 -7.012168e-33 -7.491313e-34 -6.580877e-35 -5.086636e-36 -3.514681e-37 -1.232888e-38 -7.919978e-41 -8.339402e-44 -1.883990e-47 -1.177667e-51 -2.471209e-56 -2.012106e-61
3.700819e-60 4.342336e-55 1.974541e-50 3.008535e-46 1.264924e-42 1.136435e-39 1.663523e-37 4.426086e-36 5.914122e-35 6.873172e-34 6.570822e-33 4.025144e-32 -1.717991e-31 -1.124295e-29 -2.440278e-28 -4.008949e-27 -5.628240e-26 -7.043370e-25 -8.010788e-24 -8.366089e-23 -8.070135e-22 -7.215502e-21 -5.991984e-20 -4.626793e-19 -3.323567e-18 -2.221020e-17 -1.380325e-16 -7.973143e-16 -4.277020e-15 -2.128553e-14 -9.816753e-14 -4.190412e-13 -1.653448e-12 -6.022883e-12 -2.022806e-11 -6.256767e-11 -1.780718e-10 -4.660531e-10 -1.121539e-09 -2.482736e-09 -5.061645e-09 -9.522469e-09 -1.657700e-08 -2.679629e-08 -4.038326e-08 -5.698325e-08 -7.560696e-08 -9.470203e-08 -1.123582e-07 -1.265900e-07 -1.356263e-07 -1.381435e-07 -1.334089e-07 -1.213252e-07 -1.023944e-07 -7.762658e-08 -4.842274e-08 -1.645378e-08 1.645378e-08 4.842274e-08 7.762658e-08 1.023944e-07 1.213252e-07 1.334089e-07 1.381435e-07 1.356263e-07 1.265900e-07 1.123582e-07 9.470203e-08 7.560696e-08 5.698325e-08 4.038326e-08 2.679629e-08 1.657700e-08 9.522469e-09 5.061645e-09 2.482736e-09 1.121539e-09 4.660531e-10 1.780718e-10 6.256767e-11 2.022806e-11 6.022883e-12 1.653448e-12 4.190412e-13 9.816753e-14 2.128553e-14 4.277020e-15 7.973143e-16 1.380325e-16 2.221020e-17 3.323567e-18 4.626793e-19 5.991984e-20 7.215502e-21 8.070135e-22 8.366089e-23 8.010788e-24 7.043370e-25 5.628240e-26 4.008949e-27 2.440278e-28 1.124295e-29 1.717991e-31 -4.025144e-32 -6.570822e-33 -6.873172e-34 -5.914122e-35 -4.426086e-36 -1.663523e-37 -1.136435e-39 -1.264924e-42 -3.008535e-46 -1.974541e-50 -4.342336e-55 -3.700819e-60
6.377140e-59 7.142498e-54 3.094829e-49 4.481796e-45 1.784055e-41 1.508454e-38 2.058431e-36 5.035083e-35 6.039218e-34 5.895713e-33 3.691807e-32 -1.598678e-31 -1.073948e-29 -2.384781e-28 -4.008949e-27 -5.761583e-26 -7.384570e-25 -8.606300e-24 -9.214924e-23 -9.118393e-22 -8.367971e-21 -7.136658e-20 -5.662849e-19 -4.182676e-18 -2.875832e-17 -1.840010e-16 -1.094861e-15 -6.053631e-15 -3.107032e-14 -1.478548e-13 -6.515071e-13 -2.654559e-12 -9.986891e-12 -3.464252e-11 -1.106462e-10 -3.250007e-10 -8.770803e-10 -2.173484e-09 -4.945651e-09 -1.034019e-08 -1.989379e-08 -3.530459e-08 -5.798272e-08 -8.848766e-08 -1.260592e-07 -1.684454e-07 -2.121189e-07 -2.528221e-07 -2.862718e-07 -3.088233e-07 -3.179416e-07 -3.124099e-07 -2.922903e-07 -2.587081e-07 -2.135521e-07 -1.591766e-07 -9.816219e-08 -3.316288e-08 3.316288e-08 9.816219e-08 1.591766e-07 2.135521e-07 2.587081e-07 2.922903e-07 3.124099e-07 3.179416e-07 3.088233e-07 2.862718e-07 2.528221e-07 2.121189e-07 1.684454e-07 1.260592e-07 8.848766e-08 5.798272e-08 3.530459e-08 1.989379e-08 1.034019e-08 4.945651e-09 2.173484e-09 8.770803e-10 3.250007e-10 1.106462e-10 3.464252e-11 9.986891e-12 2.654559e-12 6.515071e-13 1.478548e-13 3.107032e-14 6.053631e-15 1.094861e-15 1.840010e-16 2.875832e-17 4.182676e-18 5.662849e-19 7.136658e-20 8.367971e-21 9.118393e-22 9.214924e-23 8.606300e-24 7.384570e-25 5.761583e-26 4.008949e-27 2.384781e-28 1.073948e-29 1.598678e-31 -3.691807e-32 -5.895713e-33 -6.039218e-34 -5.035083e-35 -2.058431e-36 -1.508454e-38 -1.784055e-41 -4.481796e-45 -3.094829e-49 -7.142498e-54 -6.377140e-59
1.028333e-57 1.097997e-52 4.524521e-48 6.208473e-44 2.328482e-40 1.837792e-37 2.303523e-35 5.030859e-34 5.064286e-33 3.242509e-32 -1.417726e-31 -9.798676e-30 -2.225696e-28 -3.827195e-27 -5.628240e-26 -7.384570e-25 -8.814405e-24 -9.670844e-23 -9.811066e-22 -9.235924e-21 -8.084650e-20 -6.588052e-19 -5.000183e-18 -3.534772e-17 -2.326702e-16 -1.425136e-15 -8.115909e-15 -4.292647e-14 -2.106144e-13 -9.572619e-13 -4.024460e-12 -1.562560e-11 -5.593934e-11 -1.843550e-10 -5.584584e-10 -1.552907e-09 -3.959779e-09 -9.253724e-09 -1.982001e-08 -3.894073e-08 -7.030779e-08 -1.169867e-07 -1.800809e-07 -2.576387e-07 -3.443482e-07 -4.322393e-07 -5.121702e-07 -5.755855e-07 -6.160037e-07 -6.298692e-07 -6.166715e-07 -5.784582e-07 -5.189936e-07 -4.428320e-07 -3.545169e-07 -2.580329e-07 -1.565521e-07 -5.245246e-08 5.245246e-08 1.565521e-07 2.580329e-07 3.545169e-07 4.428320e-07 5.189936e-07 5.784582e-07 6.166715e-07 6.298692e-07 6.160037e-07 5.755855e-07 5.121702e-07 4.322393e-07 3.443482e-07 2.576387e-07 1.800809e-07 1.169867e-07 7.030779e-08 3.894073e-08 1.982001e-08 9.253724e-09 3.959779e-09 1.552907e-09 5.584584e-10 1.843550e-10 5.593934e-11 1.562560e-11 4.024460e-12 9.572619e-13 2.106144e-13 4.292647e-14 8.115909e-15 1.425136e-15 2.326702e-16 3.534772e-17 5.000183e-18 6.588052e-19 8.084650e-20 9.235924e-21 9.811066e-22 9.670844e-23 8.814405e-24 7.384570e-25 5.628240e-26 3.827195e-27 2.225696e-28 9.798676e-30 1.417726e-31 -3.242509e-32 -5.064286e-33 -5.030859e-34 -2.303523e-35 -1.837792e-37 -2.328482e-40 -6.208473e-44 -4.524521e-48 -1.097997e-52 -1.028333e-57
1.549337e-56 1.574132e-51 6.150891e-47 7.960761e-43 2.791654e-39 2.028628e-36 2.270496e-34 4.131763e-33 2.726398e-32 -1.197871e-31 -8.538639e-30 -1.983621e-28 -3.487859e-27 -5.246311e-26 -7.043370e-25 -8.606300e-24 -9.670844e-23 -1.005336e-21 -9.702816e-21 -8.712344e-20 -7.286637e-19 -5.679326e-18 -4.125347e-17 -2.791749e-16 -1.759034e-15 -1.031045e-14 -5.615876e-14 -2.838857e-13 -1.329946e-12 -5.765071e-12 -2.308448e-11 -8.523275e-11 -2.896475e-10 -9.043184e-10 -2.589481e-09 -6.790193e-09 -1.628607e-08 -3.570477e-08 -7.155434e-08 -1.312112e-07 -2.206125e-07 -3.412042e-07 -4.875124e-07 -6.467744e-07 -8.011348e-07 -9.316385e-07 -1.022504e-06 -1.064252e-06 -1.054917e-06 -9.993514e-07 -9.072128e-07 -7.904073e-07 -6.606907e-07 -5.278609e-07 -3.987131e-07 -2.767211e-07 -1.622926e-07 -5.342219e-08 5.342219e-08 1.622926e-07 2.767211e-07 3.987131e-07 5.278609e-07 6.606907e-07 7.904073e-07 9.072128e-07 9.993514e-07 1.054917e-06 1.064252e-06 1.022504e-06 9.316385e-07 8.011348e-07 6.467744e-07 4.875124e-07 3.412042e-07 2.206125e-07 1.312112e-07 7.155434e-08 3.570477e-08 1.628607e-08 6.790193e-09 2.589481e-09 9.043184e-10 2.896475e-10 8.523275e-11 2.308448e-11 5.765071e-12 1.329946e-12 2.838857e-13 5.615876e-14 1.031045e-14 1.759034e-15 2.791749e-16 4.125347e-17 5.679326e-18 7.286637e-19 8.712344e-20 9.702816e-21 1.005336e-21 9.670844e-23 8.606300e-24 7.043370e-25 5.246311e-26 3.487859e-27 1.983621e-28 8.538639e-30 1.197871e-31 -2.726398e-32 -4.131763e-33 -2.270496e-34 -2.028628e-36 -2.791654e-39 -7.960761e-43 -6.150891e-47 -1.574132e-51 -1.549337e-56
2.176454e-55 2.098350e-50 7.741394e-46 9.382928e-42 3.037605e-38 1.980492e-35 1.854682e-33 2.192995e-32 -9.642290e-32 -7.105277e-30 -1.688005e-28 -3.034045e-27 -4.666085e-26 -6.407202e-25 -8.010788e-24 -9.214924e-23 -9.811066e-22 -9.702816e-21 -8.932135e-20 -7.663000e-19 -6.129935e-18 -4.572422e-17 -3.179283e-16 -2.059366e-15 -1.241588e-14 -6.959573e-14 -3.622287e-13 -1.747963e-12 -7.807495e-12 -3.222072e-11 -1.226196e-10 -4.294345e-10 -1.381117e-09 -4.070456e-09 -1.097116e-08 -2.699378e-08 -6.053931e-08 -1.236452e-07 -2.299480e-07 -3.897464e-07 -6.033034e-07 -8.556812e-07 -1.116771e-06 -1.347698e-06 -1.511136e-06 -1.581171e-06 -1.549134e-06 -1.424062e-06 -1.228656e-06 -9.928725e-07 -7.473686e-07 -5.183715e-07 -3.246469e-07 -1.764844e-07 -7.619464e-08 -1.947473e-08 2.905221e-09 3.458910e-09 -3.458910e-09 -2.905221e-09 1.947473e-08 7.619464e-08 1.764844e-07 3.246469e-07 5.183715e-07 7.473686e-07 9.928725e-07 1.228656e-06 1.424062e-06 1.549134e-06 1.581171e-06 1.511136e-06 1.347698e-06 1.116771e-06 8.556812e-07 6.033034e-07 3.897464e-07 2.299480e-07 1.236452e-07 6.053931e-08 2.699378e-08 1.097116e-08 4.070456e-09 1.381117e-09 4.294345e-10 1.226196e-10 3.222072e-11 7.807495e-12 1.747963e-12 3.622287e-13 6.959573e-14 1.241588e-14 2.059366e-15 3.179283e-16 4.572422e-17 6.129935e-18 7.663000e-19 8.932135e-20 9.702816e-21 9.811066e-22 9.214924e-23 8.010788e-24 6.407202e-25 4.666085e-26 3.034045e-27 1.688005e-28 7.105277e-30 9.642290e-32 -2.192995e-32 -1.854682e-33 -1.980492e-35 -3.037605e-38 -9.382928e-42 -7.741394e-46 -2.098350e-50 -2.176454e-55
2.842436e-54 2.589839e-49 8.960807e-45 1.005168e-40 2.934379e-37 1.620472e-34 1.018923e-32 -6.996399e-32 -5.644903e-30 -1.371307e-28 -2.518862e-27 -3.959250e-26 -5.558317e-25 -7.107786e-24 -8.366089e-23 -9.118393e-22 -9.235924e-21 -8.712344e-20 -7.663000e-19 -6.287882e-18 -4.813656e-17 -3.436941e-16 -2.287302e-15 -1.417569e-14 -8.172352e-14 -4.376760e-13 -2.174171e-12 -1.000043e-11 -4.251047e-11 -1.666548e-10 -6.011829e-10 -1.990782e-09 -6.036505e-09 -1.671812e-08 -4.218317e-08 -9.674255e-08 -2.012501e-07 -3.791708e-07 -6.465142e-07 -9.977908e-07 -1.395489e-06 -1.772053e-06 -2.047174e-06 -2.153188e-06 -2.056353e-06 -1.765387e-06 -1.326051e-06 -8.063134e-07 -2.788520e-07 1.934021e-07 5.658464e-07 8.146734e-07 9.347382e-07 9.349511e-07 8.330787e-07 6.512802e-07 4.129986e-07 1.413378e-07 -1.413378e-07 -4.129986e-07 -6.512802e-07 -8.330787e-07 -9.349511e-07 -9.347382e-07 -8.146734e-07 -5.658464e-07 -1.934021e-07 2.788520e-07 8.063134e-07 1.326051e-06 1.765387e-06 2.056353e-06 2.153188e-06 2.047174e-06 1.772053e-06 1.395489e-06 9.977908e-07 6.465142e-07 3.791708e-07 2.012501e-07 9.674255e-08 4.218317e-08 1.671812e-08 6.036505e-09 1.990782e-09 6.011829e-10 1.666548e-10 4.251047e-11 1.000043e-11 2.174171e-12 4.376760e-13 8.172352e-14 1.417569e-14 2.287302e-15 3.436941e-16 4.813656e-17 6.287882e-18 7.663000e-19 8.712344e-20 9.235924e-21 9.118393e-22 8.366089e-23 7.107786e-24 5.558317e-25 3.959250e-26 2.518862e-27 1.371307e-28 5.644903e-30 6.996399e-32 -1.018923e-32 -1.620472e-34 -2.934379e-37 -1.005168e-40 -8.960807e-45 -2.589839e-49 -2.842436e-54
3.437153e-53 2.940999e-48 9.439064e-44 9.591322e-40 2.399633e-36 9.365066e-34 -1.741977e-32 -4.196328e-30 -1.063239e-28 -1.995344e-27 -3.204471e-26 -4.597657e-25 -6.010839e-24 -7.236167e-23 -8.070135e-22 -8.367971e-21 -8.084650e-20 -7.286637e-19 -6.129935e-18 -4.813656e-17 -3.527347e-16 -2.410481e-15 -1.534807e-14 -9.095045e-14 -5.009170e-13 -2.560060e-12 -1.211933e-11 -5.303682e-11 -2.140821e-10 -7.951081e-10 -2.709946e-09 -8.451615e-09 -2.404576e-08 -6.221076e-08 -1.458773e-07 -3.090062e-07 -5.893976e-07 -1.009269e-06 -1.547283e-06 -2.118038e-06 -2.579961e-06 -2.778579e-06 -2.605897e-06 -2.042913e-06 -1.165006e-06 -1.136748e-07 9.477931e-07 1.875849e-06 2.572838e-06 2.994845e-06 3.145106e-06 3.059387e-06 2.789742e-06 2.390712e-06 1.909994e-06 1.383743e-06 8.357283e-07 2.792531e-07 -2.792531e-07 -8.357283e-07 -1.383743e-06 -1.909994e-06 -2.390712e-06 -2.789742e-06 -3.059387e-06 -3.145106e-06 -2.994845e-06 -2.572838e-06 -1.875849e-06 -9.477931e-07 1.136748e-07 1.165006e-06 2.042913e-06 2.605897e-06 2.778579e-06 2.579961e-06 2.118038e-06 1.547283e-06 1.009269e-06 5.893976e-07 3.090062e-07 1.458773e-07 6.221076e-08 2.404576e-08 8.451615e-09 2.709946e-09 7.951081e-10 2.140821e-10 5.303682e-11 1.211933e-11 2.560060e-12 5.009170e-13 9.095045e-14 1.534807e-14 2.410481e-15 3.527347e-16 4.813656e-17 6.129935e-18 7.286637e-19 8.084650e-20 8.367971e-21 8.070135e-22 7.236167e-23 6.010839e-24 4.597657e-25 3.204471e-26 1.995344e-27 1.063239e-28 4.196328e-30 1.741977e-32 -9.365066e-34 -2.399633e-36 -9.591322e-40 -9.439064e-44 -2.940999e-48 -3.437153e-53
3.825300e-52 3.042426e-47 8.881153e-43 7.813169e-39 1.442130e-35 -2.831810e-35 -1.559487e-30 -7.740384e-29 -1.507764e-27 -2.473324e-26 -3.625400e-25 -4.843899e-24 -5.961803e-23 -6.800514e-22 -7.215502e-21 -7.136658e-20 -6.588052e-19 -5.679326e-18 -4.572422e-17 -3.436941e-16 -2.410481e-15 -1.575984e-14 -9.594409e-14 -5.431276e-13 -2.854305e-12 -1.389982e-11 -6.259200e-11 -2.600212e-10 -9.938989e-10 -3.485436e-09 -1.117784e-08 -3.266677e-08 -8.665824e-08 -2.077838e-07 -4.482010e-07 -8.652476e-07 -1.486189e-06 -2.255556e-06 -2.996893e-06 -3.435062e-06 -3.296579e-06 -2.441195e-06 -9.401892e-07 9.462272e-07 2.867170e-06 4.495250e-06 5.609744e-06 6.127977e-06 6.090002e-06 5.617410e-06 4.866093e-06 3.987176e-06 3.102458e-06 2.293607e-06 1.602118e-06 1.035193e-06 5.742235e-07 1.832808e-07 -1.832808e-07 -5.742235e-07 -1.035193e-06 -1.602118e-06 -2.293607e-06 -3.102458e-06 -3.987176e-06 -4.866093e-06 -5.617410e-06 -6.090002e-06 -6.127977e-06 -5.609744e-06 -4.495250e-06 -2.867170e-06 -9.462272e-07 9.401892e-07 2.441195e-06 3.296579e-06 3.435062e-06 2.996893e-06 2.255556e-06 1.486189e-06 8.652476e-07 4.482010e-07 2.077838e-07 8.665824e-08 3.266677e-08 1.117784e-08 3.485436e-09 9.938989e-10 2.600212e-10 6.259200e-11 1.389982e-11 2.854305e-12 5.431276e-13 9.594409e-14 1.575984e-14 2.410481e-15 3.436941e-16 4.572422e-17 5.679326e-18 6.588052e-19 7.136658e-20 7.215502e-21 6.800514e-22 5.961803e-23 4.843899e-24 3.625400e-25 2.473324e-26 1.507764e-27 7.740384e-29 1.559487e-30 2.831810e-35 -1.442130e-35 -7.813169e-39 -8.881153e-43 -3.042426e-47 -3.825300e-52
3.881558e-51 2.818033e-46 7.184680e-42 4.824390e-38 1.794334e-35 -1.054317e-31 -2.903522e-29 -1.070915e-27 -1.819869e-26 -2.724487e-25 -3.718836e-24 -4.677698e-23 -5.455242e-22 -5.920289e-21 -5.991984e-20 -5.662849e-19 -5.000183e-18 -4.125347e-17 -3.179283e-16 -2.287302e-15 -1.534807e-14 -9.594409e-14 -5.579671e-13 -3.013764e-12 -1.509018e-11 -6.989127e-11 -2.986944e-10 -1.174632e-09 -4.237283e-09 -1.397165e-08 -4.194130e-08 -1.141001e-07 -2.798311e-07 -6.148942e-07 -1.201677e-06 -2.069243e-06 -3.099915e-06 -3.961018e-06 -4.156921e-06 -3.244374e-06 -1.108434e-06 1.904961e-06 5.112550e-06 7.778113e-06 9.371350e-06 9.694648e-06 8.869942e-06 7.229893e-06 5.183630e-06 3.108196e-06 1.283919e-06 -1.243497e-07 -1.055642e-06 -1.526037e-06 -1.598726e-06 -1.359872e-06 -9.017123e-07 -3.147165e-07 3.147165e-07 9.017123e-07 1.359872e-06 1.598726e-06 1.526037e-06 1.055642e-06 1.243497e-07 -1.283919e-06 -3.108196e-06 -5.183630e-06 -7.229893e-06 -8.869942e-06 -9.694648e-06 -9.371350e-06 -7.778113e-06 -5.112550e-06 -1.904961e-06 1.108434e-06 3.244374e-06 4.156921e-06 3.961018e-06 3.099915e-06 2.069243e-06 1.201677e-06 6.148942e-07 2.798311e-07 1.141001e-07 4.194130e-08 1.397165e-08 4.237283e-09 1.174632e-09 2.986944e-10 6.989127e-11 1.509018e-11 3.013764e-12 5.579671e-13 9.594409e-14 1.534807e-14 2.287302e-15 3.179283e-16 4.125347e-17 5.000183e-18 5.662849e-19 5.991984e-20 5.920289e-21 5.455242e-22 4.677698e-23 3.718836e-24 2.724487e-25 1.819869e-26 1.070915e-27 2.903522e-29 1.054317e-31 -1.794334e-35 -4.824390e-38 -7.184680e-42 -2.818033e-46 -3.881558e-51
3.533757e-50 2.257813e-45 4.514823e-41 1.050169e-37 -1.181400e-33 -2.034274e-30 -3.967846e-28 -1.259134e-26 -1.950551e-25 -2.719183e-24 -3.494212e-23 -4.164706e-22 -4.621110e-21 -4.784057e-20 -4.626793e-19 -4.182676e-18 -3.534772e-17 -2.791749e-16 -2.059366e-15 -1.417569e-14 -9.095045e-14 -5.431276e-13 -3.013764e-12 -1.550901e-11 -7.385127e-11 -3.245811e-10 -1.312849e-09 -4.870638e-09 -1.651099e-08 -5.091541e-08 -1.420870e-07 -3.566060e-07 -7.988014e-07 -1.581482e-06 -2.730691e-06 -4.029909e-06 -4.903359e-06 -4.521045e-06 -2.225747e-06 1.920650e-06 6.929485e-06 1.128460e-05 1.367132e-05 1.349933e-05 1.098509e-05 6.916274e-06 2.287556e-06 -2.022491e-06 -5.424494e-06 -7.655454e-06 -8.722398e-06 -8.801258e-06 -8.142866e-06 -6.997641e-06 -5.573281e-06 -4.016533e-06 -2.413955e-06 -8.043346e-07 8.043346e-07 2.413955e-06 4.016533e-06 5.573281e-06 6.997641e-06 8.142866e-06 8.801258e-06 8.722398e-06 7.655454e-06 5.424494e-06 2.022491e-06 -2.287556e-06 -6.916274e-06 -1.098509e-05 -1.349933e-05 -1.367132e-05 -1.128460e-05 -6.929485e-06 -1.920650e-06 2.225747e-06 4.521045e-06 4.903359e-06 4.029909e-06 2.730691e-06 1.581482e-06 7.988014e-07 3.566060e-07 1.420870e-07 5.091541e-08 1.651099e-08 4.870638e-09 1.312849e-09 3.245811e-10 7.385127e-11 1.550901e-11 3.013764e-12 5.431276e-13 9.095045e-14 1.417569e-14 2.059366e-15 2.791749e-16 3.534772e-17 4.182676e-18 4.626793e-19 4.784057e-20 4.621110e-21 4.164706e-22 3.494212e-23 2.719183e-24 1.950551e-25 1.259134e-26 3.967846e-28 2.034274e-30 1.181400e-33 -1.050169e-37 -4.514823e-41 -2.257813e-45 -3.533757e-50
