0.000000e+00 0.000000e+00 0.000000e+00 0.000000e+00 0.000000e+00 0.000000e+00 0.000000e+00 0.000000e+00 0.000000e+00 0.000000e+00 0.000000e+00 0.000000e+00 0.000000e+00 0.000000e+00 0.000000e+00 0.000000e+00 0.000000e+00 0.000000e+00 0.000000e+00 0.000000e+00 0.000000e+00 0.000000e+00 0.000000e+00 0.000000e+00 0.000000e+00 0.000000e+00 0.000000e+00 0.000000e+00 0.000000e+00 0.000000e+00 0.000000e+00 0.000000e+00 0.000000e+00 0.000000e+00 0.000000e+00 0.000000e+00 0.000000e+00 0.000000e+00 0.000000e+00 0.000000e+00 0.000000e+00 0.000000e+00 0.000000e+00 0.000000e+00 0.000000e+00 0.000000e+00 0.000000e+00 0.000000e+00 0.000000e+00 0.000000e+00 0.000000e+00 0.000000e+00 0.000000e+00 0.000000e+00 0.000000e+00 0.000000e+00 0.000000e+00 0.000000e+00 0.000000e+00 0.000000e+00 0.000000e+00 0.000000e+00 0.000000e+00 0.000000e+00 0.000000e+00 0.000000e+00 0.000000e+00 0.000000e+00 0.000000e+00 0.000000e+00 0.000000e+00 0.000000e+00 0.000000e+00 0.000000e+00 0.000000e+00 0.000000e+00 0.000000e+00 0.000000e+00 0.000000e+00 0.000000e+00 0.000000e+00 0.000000e+00 0.000000e+00 0.000000e+00 0.000000e+00 0.000000e+00 0.000000e+00 0.000000e+00 0.000000e+00 0.000000e+00 0.000000e+00 0.000000e+00 0.000000e+00 0.000000e+00 0.000000e+00 0.000000e+00 0.000000e+00 0.000000e+00 0.000000e+00 0.000000e+00 0.000000e+00 0.000000e+00 0.000000e+00 0.000000e+00 0.000000e+00 0.000000e+00 0.000000e+00 0.000000e+00 0.000000e+00 0.000000e+00 0.000000e+00 0.000000e+00 0.000000e+00 0.000000e+00 0.000000e+00 0.000000e+00
9.590234e-119 1.866500e-112 1.107961e-106 1.854023e-101 7.525359e-97 5.924292e-93 7.051219e-90 1.406655e-87 1.292445e-85 1.031183e-83 7.357212e-82 4.722668e-80 2.741174e-78 1.444673e-76 6.937367e-75 3.044201e-73 1.223654e-71 4.514679e-70 1.531438e-68 4.782584e-67 1.376509e-65 3.654257e-64 8.952941e-63 2.024975e-61 4.228618e-60 8.151462e-59 1.449949e-57 2.378211e-56 3.593270e-55 4.994215e-54 6.373432e-53 7.449549e-52 7.948547e-51 7.706395e-50 6.744704e-49 5.275668e-48 3.627241e-47 2.123909e-46 9.823069e-46 2.679097e-45 -7.999408e-45 -1.841129e-43 -1.661166e-42 -1.108816e-41 -6.091871e-41 -2.857326e-40 -1.161956e-39 -4.124156e-39 -1.280433e-38 -3.475801e-38 -8.229857e-38 -1.692615e-37 -3.004555e-37 -4.557438e-37 -5.806598e-37 -6.003705e-37 -4.608553e-37 -1.737431e-37 1.737431e-37 4.608553e-37 6.003705e-37 5.806598e-37 4.557438e-37 3.004555e-37 1.692615e-37 8.229857e-38 3.475801e-38 1.280433e-38 4.124156e-39 1.161956e-39 2.857326e-40 6.091871e-41 1.108816e-41 1.661166e-42 1.841129e-43 7.999408e-45 -2.679097e-45 -9.823069e-46 -2.123909e-46 -3.627241e-47 -5.275668e-48 -6.744704e-49 -7.706395e-50 -7.948547e-51 -7.449549e-52 -6.373432e-53 -4.994215e-54 -3.593270e-55 -2.378211e-56 -1.449949e-57 -8.151462e-59 -4.228618e-60 -2.024975e-61 -8.952941e-63 -3.654257e-64 -1.376509e-65 -4.782584e-67 -1.531438e-68 -4.514679e-70 -1.223654e-71 -3.044201e-73 -6.937367e-75 -1.444673e-76 -2.741174e-78 -4.722668e-80 -7.357212e-82 -1.031183e-83 -1.292445e-85 -1.406655e-87 -7.051219e-90 -5.924292e-93 -7.525359e-97 -1.854023e-101 -1.107961e-106 -1.866500e-112 -9.590234e-119
1.222846e-112 1.775847e-106 8.388233e-101 1.163151e-95 4.022630e-91 2.753391e-87 2.893581e-84 5.161540e-82 4.286543e-80 3.116295e-78 2.039116e-76 1.206989e-74 6.489908e-73 3.181000e-71 1.425437e-69 5.854006e-68 2.207824e-66 7.659733e-65 2.447918e-63 7.214205e-62 1.962230e-60 4.928755e-59 1.143678e-57 2.451889e-56 4.855967e-55 8.881057e-54 1.498932e-52 2.332394e-51 3.341426e-50 4.399160e-49 5.309296e-48 5.854233e-47 5.869930e-46 5.315880e-45 4.302740e-44 3.058030e-43 1.843504e-42 8.649327e-42 2.171377e-41 -1.165411e-40 -2.226255e-39 -2.040915e-38 -1.420131e-37 -8.219270e-37 -4.089206e-36 -1.774119e-35 -6.755783e-35 -2.263500e-34 -6.673165e-34 -1.728488e-33 -3.922381e-33 -7.764968e-33 -1.332721e-32 -1.964034e-32 -2.443852e-32 -2.481487e-32 -1.881662e-32 -7.050243e-33 7.050243e-33 1.881662e-32 2.481487e-32 2.443852e-32 1.964034e-32 1.332721e-32 7.764968e-33 3.922381e-33 1.728488e-33 6.673165e-34 2.263500e-34 6.755783e-35 1.774119e-35 4.089206e-36 8.219270e-37 1.420131e-37 2.040915e-38 2.226255e-39 1.165411e-40 -2.171377e-41 -8.649327e-42 -1.843504e-42 -3.058030e-43 -4.302740e-44 -5.315880e-45 -5.869930e-46 -5.854233e-47 -5.309296e-48 -4.399160e-49 -3.341426e-50 -2.332394e-51 -1.498932e-52 -8.881057e-54 -4.855967e-55 -2.451889e-56 -1.143678e-57 -4.928755e-59 -1.962230e-60 -7.214205e-62 -2.447918e-63 -7.659733e-65 -2.207824e-66 -5.854006e-68 -1.425437e-69 -3.181000e-71 -6.489908e-73 -1.206989e-74 -2.039116e-76 -3.116295e-78 -4.286543e-80 -5.161540e-82 -2.893581e-84 -2.753391e-87 -4.022630e-91 -1.163151e-95 -8.388233e-101 -1.775847e-106 -1.222846e-112
4.450108e-107 5.142484e-101 2.012864e-95 2.378174e-90 7.150933e-86 4.321284e-82 4.057871e-79 6.534234e-77 4.943000e-75 3.295372e-73 1.988150e-71 1.090055e-69 5.450365e-68 2.492624e-66 1.045230e-64 4.027025e-63 1.427956e-61 4.666690e-60 1.407185e-58 3.918443e-57 1.008238e-55 2.398085e-54 5.273289e-53 1.071947e-51 2.013671e-50 3.493432e-49 5.591776e-48 8.246997e-47 1.118643e-45 1.392044e-44 1.583783e-43 1.639585e-42 1.533589e-41 1.281843e-40 9.394285e-40 5.811341e-39 2.748092e-38 6.039169e-38 -5.647082e-37 -9.618773e-36 -8.975069e-35 -6.495044e-34 -3.945974e-33 -2.073392e-32 -9.549180e-32 -3.878954e-31 -1.393290e-30 -4.427251e-30 -1.243306e-29 -3.079705e-29 -6.708873e-29 -1.280031e-28 -2.126454e-28 -3.047355e-28 -3.705951e-28 -3.697725e-28 -2.770958e-28 -1.032061e-28 1.032061e-28 2.770958e-28 3.697725e-28 3.705951e-28 3.047355e-28 2.126454e-28 1.280031e-28 6.708873e-29 3.079705e-29 1.243306e-29 4.427251e-30 1.393290e-30 3.878954e-31 9.549180e-32 2.073392e-32 3.945974e-33 6.495044e-34 8.975069e-35 9.618773e-36 5.647082e-37 -6.039169e-38 -2.748092e-38 -5.811341e-39 -9.394285e-40 -1.281843e-40 -1.533589e-41 -1.639585e-42 -1.583783e-43 -1.392044e-44 -1.118643e-45 -8.246997e-47 -5.591776e-48 -3.493432e-49 -2.013671e-50 -1.071947e-51 -5.273289e-53 -2.398085e-54 -1.008238e-55 -3.918443e-57 -1.407185e-58 -4.666690e-60 -1.427956e-61 -4.027025e-63 -1.045230e-64 -2.492624e-66 -5.450365e-68 -1.090055e-69 -1.988150e-71 -3.295372e-73 -4.943000e-75 -6.534234e-77 -4.057871e-79 -4.321284e-82 -7.150933e-86 -2.378174e-90 -2.012864e-95 -5.142484e-101 -4.450108e-107
4.179634e-102 4.002363e-96 1.334816e-90 1.371186e-85 3.640017e-81 1.965267e-77 1.664755e-74 2.438665e-72 1.691167e-70 1.039428e-68 5.808011e-67 2.960850e-65 1.381161e-63 5.910015e-62 2.324609e-60 8.419322e-59 2.811801e-57 8.668929e-56 2.469457e-54 6.503832e-53 1.584325e-51 3.570263e-50 7.442292e-49 1.434571e-47 2.555534e-46 4.203177e-45 6.374259e-44 8.896883e-43 1.140009e-41 1.336376e-40 1.426112e-39 1.375309e-38 1.184723e-37 8.931664e-37 5.650463e-36 2.673081e-35 4.701523e-35 -8.007557e-34 -1.265116e-32 -1.202590e-31 -9.031126e-31 -5.740945e-30 -3.173656e-29 -1.544781e-28 -6.660284e-28 -2.550165e-27 -8.677204e-27 -2.622284e-26 -7.028285e-26 -1.667135e-25 -3.489935e-25 -6.422918e-25 -1.033511e-24 -1.441166e-24 -1.713876e-24 -1.681148e-24 -1.245385e-24 -4.611723e-25 4.611723e-25 1.245385e-24 1.681148e-24 1.713876e-24 1.441166e-24 1.033511e-24 6.422918e-25 3.489935e-25 1.667135e-25 7.028285e-26 2.622284e-26 8.677204e-27 2.550165e-27 6.660284e-28 1.544781e-28 3.173656e-29 5.740945e-30 9.031126e-31 1.202590e-31 1.265116e-32 8.007557e-34 -4.701523e-35 -2.673081e-35 -5.650463e-36 -8.931664e-37 -1.184723e-37 -1.375309e-38 -1.426112e-39 -1.336376e-40 -1.140009e-41 -8.896883e-43 -6.374259e-44 -4.203177e-45 -2.555534e-46 -1.434571e-47 -7.442292e-49 -3.570263e-50 -1.584325e-51 -6.503832e-53 -2.469457e-54 -8.668929e-56 -2.811801e-57 -8.419322e-59 -2.324609e-60 -5.910015e-62 -1.381161e-63 -2.960850e-65 -5.808011e-67 -1.039428e-68 -1.691167e-70 -2.438665e-72 -1.664755e-74 -1.965267e-77 -3.640017e-81 -1.371186e-85 -1.334816e-90 -4.002363e-96 -4.179634e-102
8.463426e-98 6.905393e-92 2.002352e-86 1.815954e-81 4.307017e-77 2.097435e-73 1.615132e-70 2.166082e-68 1.384384e-66 7.879593e-65 4.093309e-63 1.946525e-61 8.494614e-60 3.409051e-58 1.260334e-56 4.298552e-55 1.354080e-53 3.943138e-52 1.062187e-50 2.647924e-49 6.109956e-48 1.304900e-46 2.578636e-45 4.712140e-44 7.955355e-43 1.239183e-41 1.777629e-40 2.342435e-39 2.825327e-38 3.103340e-37 3.080525e-36 2.729622e-35 2.111941e-34 1.361617e-33 6.387576e-33 7.358608e-33 -2.716840e-31 -4.079527e-30 -3.952500e-29 -3.073894e-28 -2.038644e-27 -1.181608e-26 -6.054811e-26 -2.758577e-25 -1.120340e-24 -4.059202e-24 -1.311663e-23 -3.776073e-23 -9.669693e-23 -2.198164e-22 -4.424537e-22 -7.858531e-22 -1.225369e-21 -1.663337e-21 -1.935086e-21 -1.866622e-21 -1.367277e-21 -5.034457e-22 5.034457e-22 1.367277e-21 1.866622e-21 1.935086e-21 1.663337e-21 1.225369e-21 7.858531e-22 4.424537e-22 2.198164e-22 9.669693e-23 3.776073e-23 1.311663e-23 4.059202e-24 1.120340e-24 2.758577e-25 6.054811e-26 1.181608e-26 2.038644e-27 3.073894e-28 3.952500e-29 4.079527e-30 2.716840e-31 -7.358608e-33 -6.387576e-33 -1.361617e-33 -2.111941e-34 -2.729622e-35 -3.080525e-36 -3.103340e-37 -2.825327e-38 -2.342435e-39 -1.777629e-40 -1.239183e-41 -7.955355e-43 -4.712140e-44 -2.578636e-45 -1.304900e-46 -6.109956e-48 -2.647924e-49 -1.062187e-50 -3.943138e-52 -1.354080e-53 -4.298552e-55 -1.260334e-56 -3.409051e-58 -8.494614e-60 -1.946525e-61 -4.093309e-63 -7.879593e-65 -1.384384e-66 -2.166082e-68 -1.615132e-70 -2.097435e-73 -4.307017e-77 -1.815954e-81 -2.002352e-86 -6.905393e-92 -8.463426e-98
2.884029e-94 2.045995e-88 5.237973e-83 4.244339e-78 9.080052e-74 4.019361e-70 2.831630e-67 3.495276e-65 2.068085e-63 1.094257e-61 5.302123e-60 2.358585e-58 9.652478e-57 3.640612e-55 1.267323e-53 4.076489e-52 1.212743e-50 3.339090e-49 8.512486e-48 2.009760e-46 4.394175e-45 8.894661e-44 1.665896e-42 2.884253e-41 4.610057e-40 6.789765e-39 9.190738e-38 1.139219e-36 1.286268e-35 1.312326e-34 1.194130e-33 9.462001e-33 6.196631e-32 2.854801e-31 9.398085e-32 -1.693146e-29 -2.458378e-28 -2.429108e-27 -1.953218e-26 -1.348214e-25 -8.169099e-25 -4.392009e-24 -2.106499e-23 -9.035803e-23 -3.469437e-22 -1.192271e-21 -3.664126e-21 -1.005814e-20 -2.462413e-20 -5.366865e-20 -1.039053e-19 -1.781584e-19 -2.692846e-19 -3.559411e-19 -4.052139e-19 -3.844878e-19 -2.785268e-19 -1.019865e-19 1.019865e-19 2.785268e-19 3.844878e-19 4.052139e-19 3.559411e-19 2.692846e-19 1.781584e-19 1.039053e-19 5.366865e-20 2.462413e-20 1.005814e-20 3.664126e-21 1.192271e-21 3.469437e-22 9.035803e-23 2.106499e-23 4.392009e-24 8.169099e-25 1.348214e-25 1.953218e-26 2.429108e-27 2.458378e-28 1.693146e-29 -9.398085e-32 -2.854801e-31 -6.196631e-32 -9.462001e-33 -1.194130e-33 -1.312326e-34 -1.286268e-35 -1.139219e-36 -9.190738e-38 -6.789765e-39 -4.610057e-40 -2.884253e-41 -1.665896e-42 -8.894661e-44 -4.394175e-45 -2.009760e-46 -8.512486e-48 -3.339090e-49 -1.212743e-50 -4.076489e-52 -1.267323e-53 -3.640612e-55 -9.652478e-57 -2.358585e-58 -5.302123e-60 -1.094257e-61 -2.068085e-63 -3.495276e-65 -2.831630e-67 -4.019361e-70 -9.080052e-74 -4.244339e-78 -5.237973e-83 -2.045995e-88 -2.884029e-94
1.412791e-91 8.851554e-86 2.025321e-80 1.480757e-75 2.880401e-71 1.166731e-67 7.562105e-65 8.632547e-63 4.748119e-61 2.343841e-59 1.062603e-57 4.433777e-56 1.705710e-54 6.059003e-53 1.989651e-51 6.045576e-50 1.700921e-48 4.433181e-47 1.070607e-45 2.395635e-44 4.965550e-43 9.528467e-42 1.691186e-40 2.772632e-39 4.190898e-38 5.824922e-37 7.416837e-36 8.604507e-35 9.019500e-34 8.425281e-33 6.835602e-32 4.546580e-31 2.051456e-30 -1.308228e-30 -1.632556e-28 -2.336713e-27 -2.362636e-26 -1.964963e-25 -1.410551e-24 -8.922295e-24 -5.023531e-23 -2.530574e-22 -1.143357e-21 -4.637642e-21 -1.688693e-20 -5.516584e-20 -1.615207e-19 -4.233577e-19 -9.920519e-19 -2.075251e-18 -3.868449e-18 -6.409532e-18 -9.399863e-18 -1.210940e-17 -1.350049e-17 -1.260838e-17 -9.036849e-18 -3.291316e-18 3.291316e-18 9.036849e-18 1.260838e-17 1.350049e-17 1.210940e-17 9.399863e-18 6.409532e-18 3.868449e-18 2.075251e-18 9.920519e-19 4.233577e-19 1.615207e-19 5.516584e-20 1.688693e-20 4.637642e-21 1.143357e-21 2.530574e-22 5.023531e-23 8.922295e-24 1.410551e-24 1.964963e-25 2.362636e-26 2.336713e-27 1.632556e-28 1.308228e-30 -2.051456e-30 -4.546580e-31 -6.835602e-32 -8.425281e-33 -9.019500e-34 -8.604507e-35 -7.416837e-36 -5.824922e-37 -4.190898e-38 -2.772632e-39 -1.691186e-40 -9.528467e-42 -4.965550e-43 -2.395635e-44 -1.070607e-45 -4.433181e-47 -1.700921e-48 -6.045576e-50 -1.989651e-51 -6.059003e-53 -1.705710e-54 -4.433777e-56 -1.062603e-57 -2.343841e-59 -4.748119e-61 -8.632547e-63 -7.562105e-65 -1.166731e-67 -2.880401e-71 -1.480757e-75 -2.025321e-80 -8.851554e-86 -1.412791e-91
1.756676e-89 9.848001e-84 2.035516e-78 1.354800e-73 2.414454e-69 9.007798e-66 5.402065e-63 5.731949e-61 2.944074e-59 1.361414e-57 5.796530e-56 2.276469e-54 8.258750e-53 2.771081e-51 8.607555e-50 2.476939e-48 6.606392e-47 1.633557e-45 3.744796e-44 7.956743e-43 1.566097e-41 2.852931e-40 4.803760e-39 7.462356e-38 1.066673e-36 1.397715e-35 1.669737e-34 1.803159e-33 1.735548e-32 1.449926e-31 9.897657e-31 4.501751e-30 -5.353378e-30 -4.259536e-28 -6.213185e-27 -6.500212e-26 -5.623568e-25 -4.213024e-24 -2.788559e-23 -1.646927e-22 -8.723575e-22 -4.154633e-21 -1.780833e-20 -6.870623e-20 -2.384692e-19 -7.439897e-19 -2.084309e-18 -5.237891e-18 -1.179468e-17 -2.377177e-17 -4.282288e-17 -6.880187e-17 -9.821573e-17 -1.236673e-16 -1.353457e-16 -1.246459e-16 -8.850433e-17 -3.208307e-17 3.208307e-17 8.850433e-17 1.246459e-16 1.353457e-16 1.236673e-16 9.821573e-17 6.880187e-17 4.282288e-17 2.377177e-17 1.179468e-17 5.237891e-18 2.084309e-18 7.439897e-19 2.384692e-19 6.870623e-20 1.780833e-20 4.154633e-21 8.723575e-22 1.646927e-22 2.788559e-23 4.213024e-24 5.623568e-25 6.500212e-26 6.213185e-27 4.259536e-28 5.353378e-30 -4.501751e-30 -9.897657e-31 -1.449926e-31 -1.735548e-32 -1.803159e-33 -1.669737e-34 -1.397715e-35 -1.066673e-36 -7.462356e-38 -4.803760e-39 -2.852931e-40 -1.566097e-41 -7.956743e-43 -3.744796e-44 -1.633557e-45 -6.606392e-47 -2.476939e-48 -8.607555e-50 -2.771081e-51 -8.258750e-53 -2.276469e-54 -5.796530e-56 -1.361414e-57 -2.944074e-59 -5.731949e-61 -5.402065e-63 -9.007798e-66 -2.414454e-69 -1.354800e-73 -2.035516e-78 -9.848001e-84 -1.756676e-89
1.580276e-87 8.009294e-82 1.508313e-76 9.205246e-72 1.512280e-67 5.224347e-64 2.912543e-61 2.884427e-59 1.388612e-57 6.035416e-56 2.420655e-54 8.972482e-53 3.077356e-51 9.775754e-50 2.878384e-48 7.859434e-47 1.990654e-45 4.677090e-44 1.019137e-42 2.058451e-41 3.850576e-40 6.662373e-39 1.064268e-37 1.565526e-36 2.112709e-35 2.601403e-34 2.897864e-33 2.879319e-32 2.484575e-31 1.751587e-30 8.192185e-30 -1.139937e-29 -8.581331e-28 -1.295397e-26 -1.409513e-25 -1.271461e-24 -9.952489e-24 -6.896402e-23 -4.272569e-22 -2.378901e-21 -1.193475e-20 -5.400998e-20 -2.205107e-19 -8.118976e-19 -2.693796e-18 -8.046869e-18 -2.162143e-17 -5.221103e-17 -1.132202e-16 -2.203113e-16 -3.842950e-16 -5.998514e-16 -8.349591e-16 -1.029153e-15 -1.107116e-15 -1.006435e-15 -7.084311e-16 -2.556927e-16 2.556927e-16 7.084311e-16 1.006435e-15 1.107116e-15 1.029153e-15 8.349591e-16 5.998514e-16 3.842950e-16 2.203113e-16 1.132202e-16 5.221103e-17 2.162143e-17 8.046869e-18 2.693796e-18 8.118976e-19 2.205107e-19 5.400998e-20 1.193475e-20 2.378901e-21 4.272569e-22 6.896402e-23 9.952489e-24 1.271461e-24 1.409513e-25 1.295397e-26 8.581331e-28 1.139937e-29 -8.192185e-30 -1.751587e-30 -2.484575e-31 -2.879319e-32 -2.897864e-33 -2.601403e-34 -2.112709e-35 -1.565526e-36 -1.064268e-37 -6.662373e-39 -3.850576e-40 -2.058451e-41 -1.019137e-42 -4.677090e-44 -1.990654e-45 -7.859434e-47 -2.878384e-48 -9.775754e-50 -3.077356e-51 -8.972482e-53 -2.420655e-54 -6.035416e-56 -1.388612e-57 -2.884427e-59 -2.912543e-61 -5.224347e-64 -1.512280e-67 -9.205246e-72 -1.508313e-76 -8.009294e-82 -1.580276e-87
1.262089e-85 5.828731e-80 1.006629e-74 5.664017e-70 8.617414e-66 2.767477e-62 1.439093e-59 1.334111e-57 6.035358e-56 2.471080e-54 9.354221e-53 3.277997e-51 1.064437e-49 3.205299e-48 8.955337e-47 2.322135e-45 5.588674e-44 1.248124e-42 2.585358e-41 4.962889e-40 8.817646e-39 1.447398e-37 2.189380e-36 3.040505e-35 3.855567e-34 4.426529e-33 4.536204e-32 4.039389e-31 2.938553e-30 1.412902e-29 -2.241782e-29 -1.628285e-27 -2.542110e-26 -2.873095e-25 -2.698090e-24 -2.202793e-23 -1.594909e-22 -1.034346e-21 -6.039928e-21 -3.184154e-20 -1.517258e-19 -6.536277e-19 -2.544825e-18 -8.948368e-18 -2.839352e-17 -8.122839e-17 -2.093510e-16 -4.858026e-16 -1.014555e-15 -1.906169e-15 -3.220018e-15 -4.883906e-15 -6.630070e-15 -8.001406e-15 -8.462300e-15 -7.594697e-15 -5.300277e-15 -1.904823e-15 1.904823e-15 5.300277e-15 7.594697e-15 8.462300e-15 8.001406e-15 6.630070e-15 4.883906e-15 3.220018e-15 1.906169e-15 1.014555e-15 4.858026e-16 2.093510e-16 8.122839e-17 2.839352e-17 8.948368e-18 2.544825e-18 6.536277e-19 1.517258e-19 3.184154e-20 6.039928e-21 1.034346e-21 1.594909e-22 2.202793e-23 2.698090e-24 2.873095e-25 2.542110e-26 1.628285e-27 2.241782e-29 -1.412902e-29 -2.938553e-30 -4.039389e-31 -4.536204e-32 -4.426529e-33 -3.855567e-34 -3.040505e-35 -2.189380e-36 -1.447398e-37 -8.817646e-39 -4.962889e-40 -2.585358e-41 -1.248124e-42 -5.588674e-44 -2.322135e-45 -8.955337e-47 -3.205299e-48 -1.064437e-49 -3.277997e-51 -9.354221e-53 -2.471080e-54 -6.035358e-56 -1.334111e-57 -1.439093e-59 -2.767477e-62 -8.617414e-66 -5.664017e-70 -1.006629e-74 -5.828731e-80 -1.262089e-85
9.013791e-84 3.817978e-78 6.079777e-73 3.168465e-68 4.481845e-64 1.342544e-60 6.530611e-58 5.681535e-56 2.420629e-54 9.354221e-53 3.347723e-51 1.110699e-49 3.418876e-48 9.768910e-47 2.591918e-45 6.386191e-44 1.460932e-42 3.101574e-41 6.105855e-40 1.113237e-38 1.876419e-37 2.916522e-36 4.164835e-35 5.434522e-34 6.424984e-33 6.784795e-32 6.229218e-31 4.672257e-30 2.308521e-29 -4.103167e-29 -2.911891e-27 -4.698067e-26 -5.508272e-25 -5.377182e-24 -4.571433e-23 -3.452350e-22 -2.339222e-21 -1.429594e-20 -7.901758e-20 -3.954928e-19 -1.793021e-18 -7.360988e-18 -2.734693e-17 -9.186382e-17 -2.787878e-16 -7.637846e-16 -1.887987e-15 -4.209547e-15 -8.465679e-15 -1.535684e-14 -2.512337e-14 -3.702997e-14 -4.903295e-14 -5.794713e-14 -6.025928e-14 -5.339830e-14 -3.695122e-14 -1.322329e-14 1.322329e-14 3.695122e-14 5.339830e-14 6.025928e-14 5.794713e-14 4.903295e-14 3.702997e-14 2.512337e-14 1.535684e-14 8.465679e-15 4.209547e-15 1.887987e-15 7.637846e-16 2.787878e-16 9.186382e-17 2.734693e-17 7.360988e-18 1.793021e-18 3.954928e-19 7.901758e-20 1.429594e-20 2.339222e-21 3.452350e-22 4.571433e-23 5.377182e-24 5.508272e-25 4.698067e-26 2.911891e-27 4.103167e-29 -2.308521e-29 -4.672257e-30 -6.229218e-31 -6.784795e-32 -6.424984e-33 -5.434522e-34 -4.164835e-35 -2.916522e-36 -1.876419e-37 -1.113237e-38 -6.105855e-40 -3.101574e-41 -1.460932e-42 -6.386191e-44 -2.591918e-45 -9.768910e-47 -3.418876e-48 -1.110699e-49 -3.347723e-51 -9.354221e-53 -2.420629e-54 -5.681535e-56 -6.530611e-58 -1.342544e-60 -4.481845e-64 -3.168465e-68 -6.079777e-73 -3.817978e-78 -9.013791e-84
5.791990e-82 2.262342e-76 3.337095e-71 1.617107e-66 2.133841e-62 5.979373e-59 2.727647e-56 2.231809e-54 8.972376e-53 3.277997e-51 1.110699e-49 3.493162e-48 1.020280e-46 2.768491e-45 6.979628e-44 1.634625e-42 3.554733e-41 7.172281e-40 1.341048e-38 2.319546e-37 3.701999e-36 5.431975e-35 7.288007e-34 8.865582e-33 9.639350e-32 9.117063e-31 7.045046e-30 3.575671e-29 -7.017594e-29 -4.912916e-27 -8.185461e-26 -9.944182e-25 -1.007742e-23 -8.907886e-23 -7.005317e-22 -4.950457e-21 -3.160353e-20 -1.827706e-19 -9.587700e-19 -4.563603e-18 -1.970490e-17 -7.713303e-17 -2.734946e-16 -8.776516e-16 -2.546964e-15 -6.680430e-15 -1.583265e-14 -3.390844e-14 -6.564995e-14 -1.149613e-13 -1.821236e-13 -2.608550e-13 -3.369236e-13 -3.899400e-13 -3.987407e-13 -3.489023e-13 -2.394085e-13 -8.531324e-14 8.531324e-14 2.394085e-13 3.489023e-13 3.987407e-13 3.899400e-13 3.369236e-13 2.608550e-13 1.821236e-13 1.149613e-13 6.564995e-14 3.390844e-14 1.583265e-14 6.680430e-15 2.546964e-15 8.776516e-16 2.734946e-16 7.713303e-17 1.970490e-17 4.563603e-18 9.587700e-19 1.827706e-19 3.160353e-20 4.950457e-21 7.005317e-22 8.907886e-23 1.007742e-23 9.944182e-25 8.185461e-26 4.912916e-27 7.017594e-29 -3.575671e-29 -7.045046e-30 -9.117063e-31 -9.639350e-32 -8.865582e-33 -7.288007e-34 -5.431975e-35 -3.701999e-36 -2.319546e-37 -1.341048e-38 -7.172281e-40 -3.554733e-41 -1.634625e-42 -6.979628e-44 -2.768491e-45 -1.020280e-46 -3.493162e-48 -1.110699e-49 -3.277997e-51 -8.972376e-53 -2.231809e-54 -2.727647e-56 -5.979373e-59 -2.133841e-62 -1.617107e-66 -3.337095e-71 -2.262342e-76 -5.791990e-82
3.365350e-80 1.217769e-74 1.670461e-69 7.552281e-65 9.323461e-61 2.450084e-57 1.050418e-54 8.098587e-53 3.077315e-51 1.064437e-49 3.418876e-48 1.020280e-46 2.829962e-45 7.296557e-44 1.748523e-42 3.892748e-41 8.045277e-40 1.541738e-38 2.734704e-37 4.478710e-36 6.747787e-35 9.302175e-34 1.163436e-32 1.301428e-31 1.267058e-30 1.007961e-29 5.253422e-29 -1.124764e-28 -7.827351e-27 -1.345781e-25 -1.692212e-24 -1.777981e-23 -1.631836e-22 -1.334340e-21 -9.818394e-21 -6.536164e-20 -3.947675e-19 -2.166065e-18 -1.080135e-17 -4.893953e-17 -2.013482e-16 -7.515856e-16 -2.543073e-15 -7.793361e-15 -2.161714e-14 -5.425477e-14 -1.232190e-13 -2.533589e-13 -4.720442e-13 -7.976982e-13 -1.223478e-12 -1.702659e-12 -2.144997e-12 -2.431101e-12 -2.444525e-12 -2.112128e-12 -1.437123e-12 -5.099633e-13 5.099633e-13 1.437123e-12 2.112128e-12 2.444525e-12 2.431101e-12 2.144997e-12 1.702659e-12 1.223478e-12 7.976982e-13 4.720442e-13 2.533589e-13 1.232190e-13 5.425477e-14 2.161714e-14 7.793361e-15 2.543073e-15 7.515856e-16 2.013482e-16 4.893953e-17 1.080135e-17 2.166065e-18 3.947675e-19 6.536164e-20 9.818394e-21 1.334340e-21 1.631836e-22 1.777981e-23 1.692212e-24 1.345781e-25 7.827351e-27 1.124764e-28 -5.253422e-29 -1.007961e-29 -1.267058e-30 -1.301428e-31 -1.163436e-32 -9.302175e-34 -6.747787e-35 -4.478710e-36 -2.734704e-37 -1.541738e-38 -8.045277e-40 -3.892748e-41 -1.748523e-42 -7.296557e-44 -2.829962e-45 -1.020280e-46 -3.418876e-48 -1.064437e-49 -3.077315e-51 -8.098587e-53 -1.050418e-54 -2.450084e-57 -9.323461e-61 -7.552281e-65 -1.670461e-69 -1.217769e-74 -3.365350e-80
1.775514e-78 5.975447e-73 7.648358e-68 3.235525e-63 3.746373e-59 9.252698e-56 3.735182e-53 2.717978e-51 9.775612e-50 3.205299e-48 9.768910e-47 2.768491e-45 7.296557e-44 1.788213e-42 4.073529e-41 8.618869e-40 1.691812e-38 3.075607e-37 5.165461e-36 7.985801e-35 1.130356e-33 1.452523e-32 1.670393e-31 1.672795e-30 1.369024e-29 7.325073e-29 -1.693137e-28 -1.178530e-26 -2.089627e-25 -2.716819e-24 -2.956075e-23 -2.813388e-22 -2.388648e-21 -1.827397e-20 -1.266518e-19 -7.975038e-19 -4.568660e-18 -2.382089e-17 -1.130180e-16 -4.876282e-16 -1.911652e-15 -6.802874e-15 -2.195534e-14 -6.421359e-14 -1.701214e-13 -4.082489e-13 -8.878293e-13 -1.751432e-12 -3.138359e-12 -5.115524e-12 -7.593330e-12 -1.026471e-11 -1.261043e-11 -1.399453e-11 -1.383593e-11 -1.180374e-11 -7.963694e-12 -2.813973e-12 2.813973e-12 7.963694e-12 1.180374e-11 1.383593e-11 1.399453e-11 1.261043e-11 1.026471e-11 7.593330e-12 5.115524e-12 3.138359e-12 1.751432e-12 8.878293e-13 4.082489e-13 1.701214e-13 6.421359e-14 2.195534e-14 6.802874e-15 1.911652e-15 4.876282e-16 1.130180e-16 2.382089e-17 4.568660e-18 7.975038e-19 1.266518e-19 1.827397e-20 2.388648e-21 2.813388e-22 2.956075e-23 2.716819e-24 2.089627e-25 1.178530e-26 1.693137e-28 -7.325073e-29 -1.369024e-29 -1.672795e-30 -1.670393e-31 -1.452523e-32 -1.130356e-33 -7.985801e-35 -5.165461e-36 -3.075607e-37 -1.691812e-38 -8.618869e-40 -4.073529e-41 -1.788213e-42 -7.296557e-44 -2.768491e-45 -9.768910e-47 -3.205299e-48 -9.775612e-50 -2.717978e-51 -3.735182e-53 -9.252698e-56 -3.746373e-59 -3.235525e-63 -7.648358e-68 -5.975447e-73 -1.775514e-78
8.535301e-77 2.680678e-71 3.210960e-66 1.274209e-61 1.386822e-57 3.225135e-54 1.227875e-51 8.444631e-50 2.878338e-48 8.955337e-47 2.591918e-45 6.979628e-44 1.748523e-42 4.073529e-41 8.818944e-40 1.772197e-38 3.300052e-37 5.680342e-36 9.005619e-35 1.307981e-33 1.725701e-32 2.038815e-31 2.098686e-30 1.765872e-29 9.697440e-29 -2.397800e-28 -1.678063e-26 -3.066439e-25 -4.118363e-24 -4.635399e-23 -4.569270e-22 -4.022920e-21 -3.195424e-20 -2.302297e-19 -1.509038e-18 -9.010564e-18 -4.903501e-17 -2.431513e-16 -1.097974e-15 -4.510953e-15 -1.684473e-14 -5.711355e-14 -1.756758e-13 -4.899125e-13 -1.238436e-12 -2.838702e-12 -5.905508e-12 -1.116684e-11 -1.922905e-11 -3.021267e-11 -4.337937e-11 -5.693720e-11 -6.818970e-11 -7.407754e-11 -7.199623e-11 -6.063788e-11 -4.056199e-11 -1.427133e-11 1.427133e-11 4.056199e-11 6.063788e-11 7.199623e-11 7.407754e-11 6.818970e-11 5.693720e-11 4.337937e-11 3.021267e-11 1.922905e-11 1.116684e-11 5.905508e-12 2.838702e-12 1.238436e-12 4.899125e-13 1.756758e-13 5.711355e-14 1.684473e-14 4.510953e-15 1.097974e-15 2.431513e-16 4.903501e-17 9.010564e-18 1.509038e-18 2.302297e-19 3.195424e-20 4.022920e-21 4.569270e-22 4.635399e-23 4.118363e-24 3.066439e-25 1.678063e-26 2.397800e-28 -9.697440e-29 -1.765872e-29 -2.098686e-30 -2.038815e-31 -1.725701e-32 -1.307981e-33 -9.005619e-35 -5.680342e-36 -3.300052e-37 -1.772197e-38 -8.818944e-40 -4.073529e-41 -1.748523e-42 -6.979628e-44 -2.591918e-45 -8.955337e-47 -2.878338e-48 -8.444631e-50 -1.227875e-51 -3.225135e-54 -1.386822e-57 -1.274209e-61 -3.210960e-66 -2.680678e-71 -8.535301e-77
3.749527e-75 1.102175e-69 1.238599e-64 4.620789e-60 4.736197e-56 1.038794e-52 3.735044e-50 2.430653e-48 7.859296e-47 2.322135e-45 6.386191e-44 1.634625e-42 3.892748e-41 8.618869e-40 1.772197e-38 3.378420e-37 5.956562e-36 9.678471e-35 1.441510e-33 1.951464e-32 2.367035e-31 2.502852e-30 2.163864e-29 1.219372e-28 -3.198821e-28 -2.260806e-26 -4.255341e-25 -5.898437e-24 -6.860642e-23 -6.996590e-22 -6.380180e-21 -5.254964e-20 -3.930639e-19 -2.677858e-18 -1.664037e-17 -9.436023e-17 -4.881839e-16 -2.302887e-15 -9.895963e-15 -3.869648e-14 -1.375400e-13 -4.439006e-13 -1.299862e-12 -3.452099e-12 -8.315529e-12 -1.818196e-11 -3.613739e-11 -6.542281e-11 -1.081492e-10 -1.636483e-10 -2.271080e-10 -2.892498e-10 -3.375296e-10 -3.587877e-10 -3.426810e-10 -2.848657e-10 -1.888966e-10 -6.617191e-11 6.617191e-11 1.888966e-10 2.848657e-10 3.426810e-10 3.587877e-10 3.375296e-10 2.892498e-10 2.271080e-10 1.636483e-10 1.081492e-10 6.542281e-11 3.613739e-11 1.818196e-11 8.315529e-12 3.452099e-12 1.299862e-12 4.439006e-13 1.375400e-13 3.869648e-14 9.895963e-15 2.302887e-15 4.881839e-16 9.436023e-17 1.664037e-17 2.677858e-18 3.930639e-19 5.254964e-20 6.380180e-21 6.996590e-22 6.860642e-23 5.898437e-24 4.255341e-25 2.260806e-26 3.198821e-28 -1.219372e-28 -2.163864e-29 -2.502852e-30 -2.367035e-31 -1.951464e-32 -1.441510e-33 -9.678471e-35 -5.956562e-36 -3.378420e-37 -1.772197e-38 -8.618869e-40 -3.892748e-41 -1.634625e-42 -6.386191e-44 -2.322135e-45 -7.859296e-47 -2.430653e-48 -3.735044e-50 -1.038794e-52 -4.736197e-56 -4.620789e-60 -1.238599e-64 -1.102175e-69 -3.749527e-75
1.508867e-73 4.161729e-68 4.397416e-63 1.545205e-58 1.493966e-54 3.094658e-51 1.052054e-48 6.484577e-47 1.990616e-45 5.588674e-44 1.460932e-42 3.554733e-41 8.045277e-40 1.691812e-38 3.300052e-37 5.956562e-36 9.913656e-35 1.513260e-33 2.100739e-32 2.614441e-31 2.837928e-30 2.519625e-29 1.456726e-28 -4.023988e-28 -2.883434e-26 -5.587140e-25 -7.986268e-24 -9.590118e-23 -1.010781e-21 -9.536103e-21 -8.134677e-20 -6.308759e-19 -4.461382e-18 -2.881035e-17 -1.699768e-16 -9.160395e-16 -4.506554e-15 -2.021938e-14 -8.263960e-14 -3.073096e-13 -1.038536e-12 -3.186339e-12 -8.869475e-12 -2.239563e-11 -5.132062e-11 -1.068603e-10 -2.025854e-10 -3.506129e-10 -5.556526e-10 -8.087862e-10 -1.083765e-09 -1.338195e-09 -1.520364e-09 -1.580367e-09 -1.482585e-09 -1.215958e-09 -7.990965e-10 -2.786739e-10 2.786739e-10 7.990965e-10 1.215958e-09 1.482585e-09 1.580367e-09 1.520364e-09 1.338195e-09 1.083765e-09 8.087862e-10 5.556526e-10 3.506129e-10 2.025854e-10 1.068603e-10 5.132062e-11 2.239563e-11 8.869475e-12 3.186339e-12 1.038536e-12 3.073096e-13 8.263960e-14 2.021938e-14 4.506554e-15 9.160395e-16 1.699768e-16 2.881035e-17 4.461382e-18 6.308759e-19 8.134677e-20 9.536103e-21 1.010781e-21 9.590118e-23 7.986268e-24 5.587140e-25 2.883434e-26 4.023988e-28 -1.456726e-28 -2.519625e-29 -2.837928e-30 -2.614441e-31 -2.100739e-32 -1.513260e-33 -9.913656e-35 -5.956562e-36 -3.300052e-37 -1.691812e-38 -8.045277e-40 -3.554733e-41 -1.460932e-42 -5.588674e-44 -1.990616e-45 -6.484577e-47 -1.052054e-48 -3.094658e-51 -1.493966e-54 -1.545205e-58 -4.397416e-63 -4.161729e-68 -1.508867e-73
5.573390e-72 1.445598e-66 1.438938e-61 4.770296e-57 4.356574e-53 8.532815e-50 2.745254e-47 1.603853e-45 4.676992e-44 1.248124e-42 3.101574e-41 7.172281e-40 1.541738e-38 3.075607e-37 5.680342e-36 9.678471e-35 1.513260e-33 2.152972e-32 2.747595e-31 3.059949e-30 2.788434e-29 1.653791e-28 -4.776820e-28 -3.482671e-26 -6.943540e-25 -1.022704e-23 -1.266765e-22 -1.378540e-21 -1.344155e-20 -1.186233e-19 -9.527362e-19 -6.984854e-18 -4.681303e-17 -2.869572e-16 -1.608544e-15 -8.240104e-15 -3.853797e-14 -1.643531e-13 -6.383012e-13 -2.254527e-12 -7.233406e-12 -2.106109e-11 -5.562267e-11 -1.332620e-10 -2.898906e-10 -5.735992e-10 -1.035102e-09 -1.709285e-09 -2.592433e-09 -3.624043e-09 -4.682340e-09 -5.598222e-09 -6.185798e-09 -6.281879e-09 -5.784051e-09 -4.677664e-09 -3.045342e-09 -1.057048e-09 1.057048e-09 3.045342e-09 4.677664e-09 5.784051e-09 6.281879e-09 6.185798e-09 5.598222e-09 4.682340e-09 3.624043e-09 2.592433e-09 1.709285e-09 1.035102e-09 5.735992e-10 2.898906e-10 1.332620e-10 5.562267e-11 2.106109e-11 7.233406e-12 2.254527e-12 6.383012e-13 1.643531e-13 3.853797e-14 8.240104e-15 1.608544e-15 2.869572e-16 4.681303e-17 6.984854e-18 9.527362e-19 1.186233e-19 1.344155e-20 1.378540e-21 1.266765e-22 1.022704e-23 6.943540e-25 3.482671e-26 4.776820e-28 -1.653791e-28 -2.788434e-29 -3.059949e-30 -2.747595e-31 -2.152972e-32 -1.513260e-33 -9.678471e-35 -5.680342e-36 -3.075607e-37 -1.541738e-38 -7.172281e-40 -3.101574e-41 -1.248124e-42 -4.676992e-44 -1.603853e-45 -2.745254e-47 -8.532815e-50 -4.356574e-53 -4.770296e-57 -1.438938e-61 -1.445598e-66 -5.573390e-72
1.892799e-70 4.625608e-65 4.344602e-60 1.360746e-55 1.175250e-51 2.178525e-48 6.637878e-46 3.677690e-44 1.019113e-42 2.585358e-41 6.105855e-40 1.341048e-38 2.734704e-37 5.165461e-36 9.005619e-35 1.441510e-33 2.100739e-32 2.747595e-31 3.137718e-30 2.933315e-29 1.784491e-28 -5.353886e-28 -3.984711e-26 -8.170549e-25 -1.239139e-23 -1.581870e-22 -1.775787e-21 -1.787785e-20 -1.630566e-19 -1.354765e-18 -1.028500e-17 -7.145170e-17 -4.544772e-16 -2.646246e-15 -1.409551e-14 -6.861568e-14 -3.048648e-13 -1.234567e-12 -4.549911e-12 -1.523896e-11 -4.632776e-11 -1.277290e-10 -3.192797e-10 -7.239141e-10 -1.490882e-09 -2.795709e-09 -4.789650e-09 -7.527654e-09 -1.090078e-08 -1.460380e-08 -1.815728e-08 -2.098308e-08 -2.251370e-08 -2.230649e-08 -2.013558e-08 -1.604280e-08 -1.034084e-08 -3.571457e-09 3.571457e-09 1.034084e-08 1.604280e-08 2.013558e-08 2.230649e-08 2.251370e-08 2.098308e-08 1.815728e-08 1.460380e-08 1.090078e-08 7.527654e-09 4.789650e-09 2.795709e-09 1.490882e-09 7.239141e-10 3.192797e-10 1.277290e-10 4.632776e-11 1.523896e-11 4.549911e-12 1.234567e-12 3.048648e-13 6.861568e-14 1.409551e-14 2.646246e-15 4.544772e-16 7.145170e-17 1.028500e-17 1.354765e-18 1.630566e-19 1.787785e-20 1.775787e-21 1.581870e-22 1.239139e-23 8.170549e-25 3.984711e-26 5.353886e-28 -1.784491e-28 -2.933315e-29 -3.137718e-30 -2.747595e-31 -2.100739e-32 -1.441510e-33 -9.005619e-35 -5.165461e-36 -2.734704e-37 -1.341048e-38 -6.105855e-40 -2.585358e-41 -1.019113e-42 -3.677690e-44 -6.637878e-46 -2.178525e-48 -1.175250e-51 -1.360746e-55 -4.344602e-60 -4.625608e-65 -1.892799e-70
5.918246e-69 1.364939e-63 1.211420e-58 3.588886e-54 2.934153e-50 5.151296e-47 1.487215e-44 7.816338e-43 2.058399e-41 4.962888e-40 1.113237e-38 2.319546e-37 4.478710e-36 7.985801e-35 1.307981e-33 1.951464e-32 2.614441e-31 3.059949e-30 2.933315e-29 1.830295e-28 -5.667578e-28 -4.319684e-26 -9.105555e-25 -1.420956e-23 -1.868090e-22 -2.161455e-21 -2.244763e-20 -2.113864e-19 -1.815023e-18 -1.425312e-17 -1.025234e-16 -6.758532e-16 -4.082515e-15 -2.258186e-14 -1.142600e-13 -5.281484e-13 -2.226819e-12 -8.550167e-12 -2.984812e-11 -9.459249e-11 -2.718066e-10 -7.076183e-10 -1.668970e-09 -3.569319e-09 -6.935354e-09 -1.228201e-08 -1.990751e-08 -2.967882e-08 -4.090406e-08 -5.235877e-08 -6.246883e-08 -6.959502e-08 -7.233669e-08 -6.977987e-08 -6.164477e-08 -4.832163e-08 -3.080925e-08 -1.058269e-08 1.058269e-08 3.080925e-08 4.832163e-08 6.164477e-08 6.977987e-08 7.233669e-08 6.959502e-08 6.246883e-08 5.235877e-08 4.090406e-08 2.967882e-08 1.990751e-08 1.228201e-08 6.935354e-09 3.569319e-09 1.668970e-09 7.076183e-10 2.718066e-10 9.459249e-11 2.984812e-11 8.550167e-12 2.226819e-12 5.281484e-13 1.142600e-13 2.258186e-14 4.082515e-15 6.758532e-16 1.025234e-16 1.425312e-17 1.815023e-18 2.113864e-19 2.244763e-20 2.161455e-21 1.868090e-22 1.420956e-23 9.105555e-25 4.319684e-26 5.667578e-28 -1.830295e-28 -2.933315e-29 -3.059949e-30 -2.614441e-31 -1.951464e-32 -1.307981e-33 -7.985801e-35 -4.478710e-36 -2.319546e-37 -1.113237e-38 -4.962888e-40 -2.058399e-41 -7.816338e-43 -1.487215e-44 -5.151296e-47 -2.934153e-50 -3.588886e-54 -1.211420e-58 -1.364939e-63 -5.918246e-69
1.705490e-67 3.717438e-62 3.121368e-57 8.755286e-53 6.780905e-49 1.128089e-45 3.086733e-43 1.538909e-41 3.850470e-40 8.817645e-39 1.876419e-37 3.701999e-36 6.747787e-35 1.130356e-33 1.725701e-32 2.367035e-31 2.837928e-30 2.788434e-29 1.784491e-28 -5.667578e-28 -4.437426e-26 -9.612062e-25 -1.542486e-23 -2.086835e-22 -2.486678e-21 -2.661793e-20 -2.585666e-19 -2.292150e-18 -1.860035e-17 -1.383822e-16 -9.444030e-16 -5.911335e-15 -3.391345e-14 -1.781358e-13 -8.555085e-13 -3.750523e-12 -1.498258e-11 -5.443921e-11 -1.795924e-10 -5.370508e-10 -1.453964e-09 -3.561405e-09 -7.894235e-09 -1.585618e-08 -2.893597e-08 -4.816874e-08 -7.352113e-08 -1.034903e-07 -1.351339e-07 -1.645415e-07 -1.875769e-07 -2.006434e-07 -2.012667e-07 -1.883935e-07 -1.624123e-07 -1.249714e-07 -7.869267e-08 -2.686127e-08 2.686127e-08 7.869267e-08 1.249714e-07 1.624123e-07 1.883935e-07 2.012667e-07 2.006434e-07 1.875769e-07 1.645415e-07 1.351339e-07 1.034903e-07 7.352113e-08 4.816874e-08 2.893597e-08 1.585618e-08 7.894235e-09 3.561405e-09 1.453964e-09 5.370508e-10 1.795924e-10 5.443921e-11 1.498258e-11 3.750523e-12 8.555085e-13 1.781358e-13 3.391345e-14 5.911335e-15 9.444030e-16 1.383822e-16 1.860035e-17 2.292150e-18 2.585666e-19 2.661793e-20 2.486678e-21 2.086835e-22 1.542486e-23 9.612062e-25 4.437426e-26 5.667578e-28 -1.784491e-28 -2.788434e-29 -2.837928e-30 -2.367035e-31 -1.725701e-32 -1.130356e-33 -6.747787e-35 -3.701999e-36 -1.876419e-37 -8.817645e-39 -3.850470e-40 -1.538909e-41 -3.086733e-43 -1.128089e-45 -6.780905e-49 -8.755286e-53 -3.121368e-57 -3.717438e-62 -1.705490e-67
4.533405e-66 9.350131e-61 7.434770e-56 1.975993e-51 1.450529e-47 2.287286e-44 5.931469e-42 2.804256e-40 6.662174e-39 1.447398e-37 2.916522e-36 5.431975e-35 9.302175e-34 1.452523e-32 2.038815e-31 2.502852e-30 2.519625e-29 1.653791e-28 -5.353886e-28 -4.319684e-26 -9.612062e-25 -1.585242e-23 -2.205540e-22 -2.704617e-21 -2.981571e-20 -2.985163e-19 -2.729711e-18 -2.286852e-17 -1.757984e-16 -1.240772e-15 -8.039050e-15 -4.778134e-14 -2.602418e-13 -1.297002e-12 -5.904908e-12 -2.451153e-11 -9.258284e-11 -3.175364e-10 -9.869463e-10 -2.775043e-09 -7.049552e-09 -1.617064e-08 -3.351050e-08 -6.285301e-08 -1.070640e-07 -1.664498e-07 -2.376407e-07 -3.136818e-07 -3.853607e-07 -4.431995e-07 -4.793626e-07 -4.889076e-07 -4.701767e-07 -4.244540e-07 -3.551937e-07 -2.671477e-07 -1.656381e-07 -5.609964e-08 5.609964e-08 1.656381e-07 2.671477e-07 3.551937e-07 4.244540e-07 4.701767e-07 4.889076e-07 4.793626e-07 4.431995e-07 3.853607e-07 3.136818e-07 2.376407e-07 1.664498e-07 1.070640e-07 6.285301e-08 3.351050e-08 1.617064e-08 7.049552e-09 2.775043e-09 9.869463e-10 3.175364e-10 9.258284e-11 2.451153e-11 5.904908e-12 1.297002e-12 2.602418e-13 4.778134e-14 8.039050e-15 1.240772e-15 1.757984e-16 2.286852e-17 2.729711e-18 2.985163e-19 2.981571e-20 2.704617e-21 2.205540e-22 1.585242e-23 9.612062e-25 4.319684e-26 5.353886e-28 -1.653791e-28 -2.519625e-29 -2.502852e-30 -2.038815e-31 -1.452523e-32 -9.302175e-34 -5.431975e-35 -2.916522e-36 -1.447398e-37 -6.662174e-39 -2.804256e-40 -5.931469e-42 -2.287286e-44 -1.450529e-47 -1.975993e-51 -7.434770e-56 -9.350131e-61 -4.533405e-66
1.112151e-64 2.172653e-59 1.637300e-54 4.125510e-50 2.871244e-46 4.291414e-43 1.054320e-40 4.723317e-39 1.064233e-37 2.189379e-36 4.164835e-35 7.288007e-34 1.163436e-32 1.670393e-31 2.098686e-30 2.163864e-29 1.456726e-28 -4.776820e-28 -3.984711e-26 -9.105555e-25 -1.542486e-23 -2.205540e-22 -2.781388e-21 -3.155448e-20 -3.253608e-19 -3.066406e-18 -2.649803e-17 -2.102854e-16 -1.533447e-15 -1.027381e-14 -6.319759e-14 -3.565265e-13 -1.841901e-12 -8.698701e-12 -3.747826e-11 -1.469873e-10 -5.235280e-10 -1.689393e-09 -4.927976e-09 -1.296875e-08 -3.074712e-08 -6.563851e-08 -1.262650e-07 -2.193859e-07 -3.457536e-07 -4.972168e-07 -6.571682e-07 -8.044403e-07 -9.187542e-07 -9.854046e-07 -9.976974e-07 -9.568375e-07 -8.699547e-07 -7.473188e-07 -5.996912e-07 -4.364210e-07 -2.645025e-07 -8.854734e-08 8.854734e-08 2.645025e-07 4.364210e-07 5.996912e-07 7.473188e-07 8.699547e-07 9.568375e-07 9.976974e-07 9.854046e-07 9.187542e-07 8.044403e-07 6.571682e-07 4.972168e-07 3.457536e-07 2.193859e-07 1.262650e-07 6.563851e-08 3.074712e-08 1.296875e-08 4.927976e-09 1.689393e-09 5.235280e-10 1.469873e-10 3.747826e-11 8.698701e-12 1.841901e-12 3.565265e-13 6.319759e-14 1.027381e-14 1.533447e-15 2.102854e-16 2.649803e-17 3.066406e-18 3.253608e-19 3.155448e-20 2.781388e-21 2.205540e-22 1.542486e-23 9.105555e-25 3.984711e-26 4.776820e-28 -1.456726e-28 -2.163864e-29 -2.098686e-30 -1.670393e-31 -1.163436e-32 -7.288007e-34 -4.164835e-35 -2.189379e-36 -1.064233e-37 -4.723317e-39 -1.054320e-40 -4.291414e-43 -2.871244e-46 -4.125510e-50 -1.637300e-54 -2.172653e-59 -1.112151e-64
2.518888e-63 4.664614e-58 3.333414e-53 7.965424e-49 5.256121e-45 7.443730e-42 1.731237e-39 7.339910e-38 1.565470e-36 3.040505e-35 5.434522e-34 8.865582e-33 1.301428e-31 1.672795e-30 1.765872e-29 1.219372e-28 -4.023988e-28 -3.482671e-26 -8.170549e-25 -1.420956e-23 -2.086835e-22 -2.704617e-21 -3.155448e-20 -3.348299e-19 -3.249865e-18 -2.894382e-17 -2.369179e-16 -1.783410e-15 -1.234410e-14 -7.851004e-14 -4.583078e-13 -2.451885e-12 -1.199927e-11 -5.360390e-11 -2.180669e-10 -8.057682e-10 -2.696942e-09 -8.153982e-09 -2.220989e-08 -5.437314e-08 -1.194376e-07 -2.352462e-07 -4.158021e-07 -6.613430e-07 -9.511727e-07 -1.245435e-06 -1.496401e-06 -1.663231e-06 -1.723017e-06 -1.674525e-06 -1.534936e-06 -1.332361e-06 -1.097577e-06 -8.573283e-07 -6.303081e-07 -4.257895e-07 -2.442720e-07 -7.941288e-08 7.941288e-08 2.442720e-07 4.257895e-07 6.303081e-07 8.573283e-07 1.097577e-06 1.332361e-06 1.534936e-06 1.674525e-06 1.723017e-06 1.663231e-06 1.496401e-06 1.245435e-06 9.511727e-07 6.613430e-07 4.158021e-07 2.352462e-07 1.194376e-07 5.437314e-08 2.220989e-08 8.153982e-09 2.696942e-09 8.057682e-10 2.180669e-10 5.360390e-11 1.199927e-11 2.451885e-12 4.583078e-13 7.851004e-14 1.234410e-14 1.783410e-15 2.369179e-16 2.894382e-17 3.249865e-18 3.348299e-19 3.155448e-20 2.704617e-21 2.086835e-22 1.420956e-23 8.170549e-25 3.482671e-26 4.023988e-28 -1.219372e-28 -1.765872e-29 -1.672795e-30 -1.301428e-31 -8.865582e-33 -5.434522e-34 -3.040505e-35 -1.565470e-36 -7.339910e-38 -1.731237e-39 -7.443730e-42 -5.256121e-45 -7.965424e-49 -3.333414e-53 -4.664614e-58 -2.518888e-63
