0.000000e+00 0.000000e+00 0.000000e+00 0.000000e+00 0.000000e+00 0.000000e+00 0.000000e+00 0.000000e+00 0.000000e+00 0.000000e+00 0.000000e+00 0.000000e+00 0.000000e+00 0.000000e+00 0.000000e+00 0.000000e+00 0.000000e+00 0.000000e+00 0.000000e+00 0.000000e+00 0.000000e+00 0.000000e+00 0.000000e+00 0.000000e+00 0.000000e+00 0.000000e+00 0.000000e+00 0.000000e+00 0.000000e+00 0.000000e+00 0.000000e+00 0.000000e+00 0.000000e+00 0.000000e+00 0.000000e+00 0.000000e+00 0.000000e+00 0.000000e+00 0.000000e+00 0.000000e+00 0.000000e+00 0.000000e+00 0.000000e+00 0.000000e+00 0.000000e+00 0.000000e+00 0.000000e+00 0.000000e+00 0.000000e+00 0.000000e+00 0.000000e+00 0.000000e+00 0.000000e+00 0.000000e+00 0.000000e+00 0.000000e+00 0.000000e+00 0.000000e+00 0.000000e+00 0.000000e+00 0.000000e+00 0.000000e+00 0.000000e+00 0.000000e+00 0.000000e+00 0.000000e+00 0.000000e+00 0.000000e+00 0.000000e+00 0.000000e+00 0.000000e+00 0.000000e+00 0.000000e+00 0.000000e+00 0.000000e+00 0.000000e+00 0.000000e+00 0.000000e+00 0.000000e+00 0.000000e+00 0.000000e+00 0.000000e+00 0.000000e+00 0.000000e+00 0.000000e+00 0.000000e+00 0.000000e+00 0.000000e+00 0.000000e+00 0.000000e+00 0.000000e+00 0.000000e+00 0.000000e+00 0.000000e+00 0.000000e+00 0.000000e+00 0.000000e+00 0.000000e+00 0.000000e+00 0.000000e+00 0.000000e+00 0.000000e+00 0.000000e+00 0.000000e+00 0.000000e+00 0.000000e+00 0.000000e+00 0.000000e+00 0.000000e+00 0.000000e+00 0.000000e+00 0.000000e+00 0.000000e+00 0.000000e+00 0.000000e+00 0.000000e+00
0.000000e+00 0.000000e+00 0.000000e+00 0.000000e+00 0.000000e+00 0.000000e+00 0.000000e+00 0.000000e+00 2.482071e-101 2.232862e-98 9.814451e-96 2.809057e-93 5.886567e-91 9.627865e-89 1.279353e-86 1.419516e-84 1.341418e-82 1.095715e-80 7.825306e-79 4.930321e-77 2.760133e-75 1.380930e-73 6.203404e-72 2.511612e-70 9.193317e-69 3.049709e-67 9.186599e-66 2.516562e-64 6.276044e-63 1.425924e-61 2.952510e-60 5.571521e-59 9.578467e-58 1.499180e-56 2.133901e-55 2.758001e-54 3.230205e-53 3.419205e-52 3.259673e-51 2.786085e-50 2.121819e-49 1.427385e-48 8.371563e-48 4.188143e-47 1.712399e-46 5.117546e-46 6.032422e-46 -4.818989e-45 -4.390989e-44 -2.228953e-43 -8.427152e-43 -2.532741e-42 -6.163963e-42 -1.214396e-41 -1.909780e-41 -2.316241e-41 -1.979721e-41 -7.878527e-42 7.878527e-42 1.979721e-41 2.316241e-41 1.909780e-41 1.214396e-41 6.163963e-42 2.532741e-42 8.427152e-43 2.228953e-43 4.390989e-44 4.818989e-45 -6.032422e-46 -5.117546e-46 -1.712399e-46 -4.188143e-47 -8.371563e-48 -1.427385e-48 -2.121819e-49 -2.786085e-50 -3.259673e-51 -3.419205e-52 -3.230205e-53 -2.758001e-54 -2.133901e-55 -1.499180e-56 -9.578467e-58 -5.571521e-59 -2.952510e-60 -1.425924e-61 -6.276044e-63 -2.516562e-64 -9.186599e-66 -3.049709e-67 -9.193317e-69 -2.511612e-70 -6.203404e-72 -1.380930e-73 -2.760133e-75 -4.930321e-77 -7.825306e-79 -1.095715e-80 -1.341418e-82 -1.419516e-84 -1.279353e-86 -9.627865e-89 -5.886567e-91 -2.809057e-93 -9.814451e-96 -2.232862e-98 -2.482071e-101 0.000000e+00 0.000000e+00 0.000000e+00 0.000000e+00 0.000000e+00 0.000000e+00 0.000000e+00 0.000000e+00
0.000000e+00 0.000000e+00 0.000000e+00 0.000000e+00 0.000000e+00 0.000000e+00 0.000000e+00 1.006513e-97 9.446550e-95 4.231449e-92 1.234754e-89 2.639192e-87 4.404828e-85 5.975697e-83 6.772610e-81 6.540714e-79 5.463134e-77 3.991876e-75 2.574793e-73 1.476594e-71 7.572723e-70 3.489474e-68 1.450266e-66 5.453369e-65 1.859943e-63 5.765214e-62 1.626599e-60 4.182030e-59 9.805453e-58 2.097503e-56 4.093784e-55 7.288191e-54 1.182818e-52 1.748172e-51 2.349603e-50 2.866193e-49 3.165190e-48 3.153596e-47 2.822033e-46 2.254131e-45 1.592947e-44 9.824090e-44 5.164977e-43 2.206754e-42 6.700925e-42 5.318582e-42 -1.020084e-40 -8.996205e-40 -4.861314e-39 -2.008975e-38 -6.716796e-38 -1.849936e-37 -4.209203e-37 -7.860431e-37 -1.184901e-36 -1.391893e-36 -1.164290e-36 -4.583240e-37 4.583240e-37 1.164290e-36 1.391893e-36 1.184901e-36 7.860431e-37 4.209203e-37 1.849936e-37 6.716796e-38 2.008975e-38 4.861314e-39 8.996205e-40 1.020084e-40 -5.318582e-42 -6.700925e-42 -2.206754e-42 -5.164977e-43 -9.824090e-44 -1.592947e-44 -2.254131e-45 -2.822033e-46 -3.153596e-47 -3.165190e-48 -2.866193e-49 -2.349603e-50 -1.748172e-51 -1.182818e-52 -7.288191e-54 -4.093784e-55 -2.097503e-56 -9.805453e-58 -4.182030e-59 -1.626599e-60 -5.765214e-62 -1.859943e-63 -5.453369e-65 -1.450266e-66 -3.489474e-68 -7.572723e-70 -1.476594e-71 -2.574793e-73 -3.991876e-75 -5.463134e-77 -6.540714e-79 -6.772610e-81 -5.975697e-83 -4.404828e-85 -2.639192e-87 -1.234754e-89 -4.231449e-92 -9.446550e-95 -1.006513e-97 0.000000e+00 0.000000e+00 0.000000e+00 0.000000e+00 0.000000e+00 0.000000e+00 0.000000e+00
0.000000e+00 0.000000e+00 0.000000e+00 0.000000e+00 0.000000e+00 0.000000e+00 7.950486e-95 1.463328e-91 6.836538e-89 2.032857e-86 4.429564e-84 7.540054e-82 1.043733e-79 1.207592e-77 1.191158e-75 1.016699e-73 7.595732e-72 5.012143e-70 2.942309e-68 1.545594e-66 7.299652e-65 3.111614e-63 1.200912e-61 4.207104e-60 1.340551e-58 3.891338e-57 1.030253e-55 2.489849e-54 5.495300e-53 1.107794e-51 2.039336e-50 3.426436e-49 5.249481e-48 7.323517e-47 9.286267e-46 1.067564e-44 1.108994e-43 1.036314e-42 8.656916e-42 6.405908e-41 4.139176e-40 2.277079e-39 1.010769e-38 3.078218e-38 7.074345e-39 -7.228080e-37 -6.324434e-36 -3.624719e-35 -1.622837e-34 -5.962360e-34 -1.828888e-33 -4.704394e-33 -1.011931e-32 -1.804004e-32 -2.619298e-32 -2.990051e-32 -2.453042e-32 -9.562078e-33 9.562078e-33 2.453042e-32 2.990051e-32 2.619298e-32 1.804004e-32 1.011931e-32 4.704394e-33 1.828888e-33 5.962360e-34 1.622837e-34 3.624719e-35 6.324434e-36 7.228080e-37 -7.074345e-39 -3.078218e-38 -1.010769e-38 -2.277079e-39 -4.139176e-40 -6.405908e-41 -8.656916e-42 -1.036314e-42 -1.108994e-43 -1.067564e-44 -9.286267e-46 -7.323517e-47 -5.249481e-48 -3.426436e-49 -2.039336e-50 -1.107794e-51 -5.495300e-53 -2.489849e-54 -1.030253e-55 -3.891338e-57 -1.340551e-58 -4.207104e-60 -1.200912e-61 -3.111614e-63 -7.299652e-65 -1.545594e-66 -2.942309e-68 -5.012143e-70 -7.595732e-72 -1.016699e-73 -1.191158e-75 -1.207592e-77 -1.043733e-79 -7.540054e-82 -4.429564e-84 -2.032857e-86 -6.836538e-89 -1.463328e-91 -7.950486e-95 0.000000e+00 0.000000e+00 0.000000e+00 0.000000e+00 0.000000e+00 0.000000e+00
0.000000e+00 0.000000e+00 0.000000e+00 0.000000e+00 0.000000e+00 3.848287e-93 3.748552e-89 3.430386e-86 1.063562e-83 2.361360e-81 4.097362e-79 5.784139e-77 6.827909e-75 6.874825e-73 5.992725e-71 4.574731e-69 3.086150e-67 1.853205e-65 9.963851e-64 4.819452e-62 2.105352e-60 8.332733e-59 2.995748e-57 9.803385e-56 2.924857e-54 7.965696e-53 1.982022e-51 4.508020e-50 9.374299e-49 1.781991e-47 3.095092e-46 4.907564e-45 7.094461e-44 9.333581e-43 1.114777e-41 1.204765e-40 1.172815e-39 1.021895e-38 7.894705e-38 5.326561e-37 3.053783e-36 1.400250e-35 4.210621e-35 -2.485283e-35 -1.487515e-33 -1.308443e-32 -7.923835e-32 -3.814862e-31 -1.525085e-30 -5.145681e-30 -1.472935e-29 -3.574338e-29 -7.315941e-29 -1.250675e-28 -1.754714e-28 -1.951105e-28 -1.572355e-28 -6.073978e-29 6.073978e-29 1.572355e-28 1.951105e-28 1.754714e-28 1.250675e-28 7.315941e-29 3.574338e-29 1.472935e-29 5.145681e-30 1.525085e-30 3.814862e-31 7.923835e-32 1.308443e-32 1.487515e-33 2.485283e-35 -4.210621e-35 -1.400250e-35 -3.053783e-36 -5.326561e-37 -7.894705e-38 -1.021895e-38 -1.172815e-39 -1.204765e-40 -1.114777e-41 -9.333581e-43 -7.094461e-44 -4.907564e-45 -3.095092e-46 -1.781991e-47 -9.374299e-49 -4.508020e-50 -1.982022e-51 -7.965696e-53 -2.924857e-54 -9.803385e-56 -2.995748e-57 -8.332733e-59 -2.105352e-60 -4.819452e-62 -9.963851e-64 -1.853205e-65 -3.086150e-67 -4.574731e-69 -5.992725e-71 -6.874825e-73 -6.827909e-75 -5.784139e-77 -4.097362e-79 -2.361360e-81 -1.063562e-83 -3.430386e-86 -3.748552e-89 -3.848287e-93 0.000000e+00 0.000000e+00 0.000000e+00 0.000000e+00 0.000000e+00
0.000000e+00 0.000000e+00 0.000000e+00 0.000000e+00 8.430366e-93 4.723040e-88 2.285968e-84 1.386633e-81 3.209084e-79 5.673285e-77 8.163243e-75 9.826415e-73 1.009368e-70 8.980434e-69 7.000626e-67 4.825124e-65 2.961873e-63 1.628782e-61 8.062663e-60 3.606736e-58 1.462724e-56 5.392067e-55 1.810530e-53 5.546692e-52 1.552351e-50 3.972524e-49 9.300580e-48 1.992617e-46 3.906318e-45 7.004078e-44 1.147677e-42 1.716456e-41 2.338967e-40 2.896968e-39 3.250572e-38 3.289217e-37 2.982059e-36 2.398695e-35 1.684634e-34 1.002669e-33 4.721706e-33 1.374688e-32 -2.467148e-32 -7.237761e-31 -6.448186e-30 -4.111482e-29 -2.115142e-28 -9.126306e-28 -3.353435e-27 -1.055194e-26 -2.844610e-26 -6.550877e-26 -1.281088e-25 -2.106409e-25 -2.862226e-25 -3.105236e-25 -2.460983e-25 -9.426749e-26 9.426749e-26 2.460983e-25 3.105236e-25 2.862226e-25 2.106409e-25 1.281088e-25 6.550877e-26 2.844610e-26 1.055194e-26 3.353435e-27 9.126306e-28 2.115142e-28 4.111482e-29 6.448186e-30 7.237761e-31 2.467148e-32 -1.374688e-32 -4.721706e-33 -1.002669e-33 -1.684634e-34 -2.398695e-35 -2.982059e-36 -3.289217e-37 -3.250572e-38 -2.896968e-39 -2.338967e-40 -1.716456e-41 -1.147677e-42 -7.004078e-44 -3.906318e-45 -1.992617e-46 -9.300580e-48 -3.972524e-49 -1.552351e-50 -5.546692e-52 -1.810530e-53 -5.392067e-55 -1.462724e-56 -3.606736e-58 -8.062663e-60 -1.628782e-61 -2.961873e-63 -4.825124e-65 -7.000626e-67 -8.980434e-69 -1.009368e-70 -9.826415e-73 -8.163243e-75 -5.673285e-77 -3.209084e-79 -1.386633e-81 -2.285968e-84 -4.723040e-88 -8.430366e-93 0.000000e+00 0.000000e+00 0.000000e+00 0.000000e+00
0.000000e+00 0.000000e+00 0.000000e+00 8.310951e-94 2.044367e-88 5.690578e-84 1.824523e-80 8.251581e-78 1.520181e-75 2.228514e-73 2.734139e-71 2.863757e-69 2.599206e-67 2.067949e-65 1.455400e-63 9.127054e-62 5.130345e-60 2.597288e-58 1.188950e-56 4.937189e-55 1.864722e-53 6.419364e-52 2.017661e-50 5.797588e-49 1.524399e-47 3.669995e-46 8.092244e-45 1.634134e-43 3.020995e-42 5.108825e-41 7.893632e-40 1.112415e-38 1.426426e-37 1.658780e-36 1.741318e-35 1.639136e-34 1.369499e-33 9.984237e-33 6.148068e-32 2.957026e-31 8.133110e-31 -2.917409e-30 -6.387784e-29 -5.792870e-28 -3.877340e-27 -2.120327e-26 -9.808441e-26 -3.893388e-25 -1.333645e-24 -3.946861e-24 -1.007557e-23 -2.210319e-23 -4.141414e-23 -6.563548e-23 -8.652505e-23 -9.171120e-23 -7.154467e-23 -2.718726e-23 2.718726e-23 7.154467e-23 9.171120e-23 8.652505e-23 6.563548e-23 4.141414e-23 2.210319e-23 1.007557e-23 3.946861e-24 1.333645e-24 3.893388e-25 9.808441e-26 2.120327e-26 3.877340e-27 5.792870e-28 6.387784e-29 2.917409e-30 -8.133110e-31 -2.957026e-31 -6.148068e-32 -9.984237e-33 -1.369499e-33 -1.639136e-34 -1.741318e-35 -1.658780e-36 -1.426426e-37 -1.112415e-38 -7.893632e-40 -5.108825e-41 -3.020995e-42 -1.634134e-43 -8.092244e-45 -3.669995e-46 -1.524399e-47 -5.797588e-49 -2.017661e-50 -6.419364e-52 -1.864722e-53 -4.937189e-55 -1.188950e-56 -2.597288e-58 -5.130345e-60 -9.127054e-62 -1.455400e-63 -2.067949e-65 -2.599206e-67 -2.863757e-69 -2.734139e-71 -2.228514e-73 -1.520181e-75 -8.251581e-78 -1.824523e-80 -5.690578e-84 -2.044367e-88 -8.310951e-94 0.000000e+00 0.000000e+00 0.000000e+00
0.000000e+00 0.000000e+00 3.961053e-96 3.327622e-90 4.068016e-85 7.502442e-81 1.792795e-77 6.448502e-75 9.850951e-73 1.231593e-70 1.315066e-68 1.217321e-66 9.882177e-65 7.099807e-63 4.547342e-61 2.611897e-59 1.351890e-57 6.330462e-56 2.690619e-54 1.040755e-52 3.671653e-51 1.183423e-49 3.489487e-48 9.422174e-47 2.331242e-45 5.286983e-44 1.099028e-42 2.093318e-41 3.650648e-40 5.822439e-39 8.478178e-38 1.124420e-36 1.353763e-35 1.472689e-34 1.437665e-33 1.246146e-32 9.419226e-32 5.993565e-31 2.939599e-30 7.513896e-30 -4.534369e-29 -8.642566e-28 -8.036976e-27 -5.643889e-26 -3.270968e-25 -1.615045e-24 -6.886056e-24 -2.549776e-23 -8.212867e-23 -2.299420e-22 -5.582177e-22 -1.170348e-21 -2.106552e-21 -3.225143e-21 -4.132323e-21 -4.285455e-21 -3.294084e-21 -1.242468e-21 1.242468e-21 3.294084e-21 4.285455e-21 4.132323e-21 3.225143e-21 2.106552e-21 1.170348e-21 5.582177e-22 2.299420e-22 8.212867e-23 2.549776e-23 6.886056e-24 1.615045e-24 3.270968e-25 5.643889e-26 8.036976e-27 8.642566e-28 4.534369e-29 -7.513896e-30 -2.939599e-30 -5.993565e-31 -9.419226e-32 -1.246146e-32 -1.437665e-33 -1.472689e-34 -1.353763e-35 -1.124420e-36 -8.478178e-38 -5.822439e-39 -3.650648e-40 -2.093318e-41 -1.099028e-42 -5.286983e-44 -2.331242e-45 -9.422174e-47 -3.489487e-48 -1.183423e-49 -3.671653e-51 -1.040755e-52 -2.690619e-54 -6.330462e-56 -1.351890e-57 -2.611897e-59 -4.547342e-61 -7.099807e-63 -9.882177e-65 -1.217321e-66 -1.315066e-68 -1.231593e-70 -9.850951e-73 -6.448502e-75 -1.792795e-77 -7.502442e-81 -4.068016e-85 -3.327622e-90 -3.961053e-96 0.000000e+00 0.000000e+00
0.000000e+00 1.905388e-99 4.521729e-93 1.889876e-87 1.532390e-82 2.108396e-78 4.008765e-75 1.195513e-72 1.558819e-70 1.697906e-68 1.603963e-66 1.329410e-64 9.755980e-63 6.385722e-61 3.750209e-59 1.985712e-57 9.517540e-56 4.142912e-54 1.642206e-52 5.940748e-51 1.964750e-49 5.948664e-48 1.650506e-46 4.199484e-45 9.801921e-44 2.098830e-42 4.121544e-41 7.417568e-40 1.222068e-38 1.840113e-37 2.526349e-36 3.152218e-35 3.557816e-34 3.607454e-33 3.250761e-32 2.555679e-31 1.689854e-30 8.557589e-30 2.133683e-29 -1.691226e-28 -3.160430e-27 -3.065500e-26 -2.271545e-25 -1.397909e-24 -7.366499e-24 -3.368636e-23 -1.344645e-22 -4.694759e-22 -1.433501e-21 -3.821709e-21 -8.871551e-21 -1.786181e-20 -3.101686e-20 -4.604562e-20 -5.752486e-20 -5.851555e-20 -4.439646e-20 -1.663599e-20 1.663599e-20 4.439646e-20 5.851555e-20 5.752486e-20 4.604562e-20 3.101686e-20 1.786181e-20 8.871551e-21 3.821709e-21 1.433501e-21 4.694759e-22 1.344645e-22 3.368636e-23 7.366499e-24 1.397909e-24 2.271545e-25 3.065500e-26 3.160430e-27 1.691226e-28 -2.133683e-29 -8.557589e-30 -1.689854e-30 -2.555679e-31 -3.250761e-32 -3.607454e-33 -3.557816e-34 -3.152218e-35 -2.526349e-36 -1.840113e-37 -1.222068e-38 -7.417568e-40 -4.121544e-41 -2.098830e-42 -9.801921e-44 -4.199484e-45 -1.650506e-46 -5.948664e-48 -1.964750e-49 -5.940748e-51 -1.642206e-52 -4.142912e-54 -9.517540e-56 -1.985712e-57 -3.750209e-59 -6.385722e-61 -9.755980e-63 -1.329410e-64 -1.603963e-66 -1.697906e-68 -1.558819e-70 -1.195513e-72 -4.008765e-75 -2.108396e-78 -1.532390e-82 -1.889876e-87 -4.521729e-93 -1.905388e-99 0.000000e+00
3.005894e-103 1.747754e-96 2.065082e-90 5.729103e-85 3.468303e-80 3.799462e-76 5.990262e-73 1.524133e-70 1.732224e-68 1.670446e-66 1.413945e-64 1.060174e-62 7.093389e-61 4.260405e-59 2.308273e-57 1.132674e-55 5.050570e-54 2.051981e-52 7.613193e-51 2.584019e-49 8.034656e-48 2.291062e-46 5.995374e-45 1.440386e-43 3.177298e-42 6.433385e-41 1.194945e-39 2.033853e-38 3.167099e-37 4.501775e-36 5.822179e-35 6.819610e-34 7.185019e-33 6.736050e-32 5.515821e-31 3.801162e-30 2.003228e-29 5.077483e-29 -4.606815e-28 -8.843405e-27 -9.014195e-26 -7.061028e-25 -4.612636e-24 -2.590227e-23 -1.267255e-22 -5.434863e-22 -2.048121e-21 -6.783995e-21 -1.972976e-20 -5.028178e-20 -1.119857e-19 -2.171641e-19 -3.647737e-19 -5.263106e-19 -6.423810e-19 -6.419504e-19 -4.812694e-19 -1.792582e-19 1.792582e-19 4.812694e-19 6.419504e-19 6.423810e-19 5.263106e-19 3.647737e-19 2.171641e-19 1.119857e-19 5.028178e-20 1.972976e-20 6.783995e-21 2.048121e-21 5.434863e-22 1.267255e-22 2.590227e-23 4.612636e-24 7.061028e-25 9.014195e-26 8.843405e-27 4.606815e-28 -5.077483e-29 -2.003228e-29 -3.801162e-30 -5.515821e-31 -6.736050e-32 -7.185019e-33 -6.819610e-34 -5.822179e-35 -4.501775e-36 -3.167099e-37 -2.033853e-38 -1.194945e-39 -6.433385e-41 -3.177298e-42 -1.440386e-43 -5.995374e-45 -2.291062e-46 -8.034656e-48 -2.584019e-49 -7.613193e-51 -2.051981e-52 -5.050570e-54 -1.132674e-55 -2.308273e-57 -4.260405e-59 -7.093389e-61 -1.060174e-62 -1.413945e-64 -1.670446e-66 -1.732224e-68 -1.524133e-70 -5.990262e-73 -3.799462e-76 -3.468303e-80 -5.729103e-85 -2.065082e-90 -1.747754e-96 -3.005894e-103
2.706622e-100 7.836344e-94 6.146609e-88 1.273282e-82 6.137882e-78 5.575554e-74 7.495457e-71 1.660454e-68 1.670443e-66 1.443410e-64 1.105299e-62 7.556112e-61 4.639195e-59 2.570632e-57 1.290751e-55 5.892454e-54 2.452405e-52 9.326209e-51 3.246551e-49 1.036011e-47 3.033894e-46 8.159401e-45 2.016171e-43 4.577815e-42 9.548961e-41 1.828795e-39 3.212496e-38 5.167949e-37 7.596693e-36 1.017147e-34 1.234837e-33 1.350015e-32 1.314875e-31 1.119748e-30 8.030338e-30 4.398436e-29 1.133855e-28 -1.162134e-27 -2.296042e-26 -2.454542e-25 -2.026889e-24 -1.400946e-23 -8.352342e-23 -4.353650e-22 -1.996659e-21 -8.078305e-21 -2.885126e-20 -9.089798e-20 -2.522644e-19 -6.154474e-19 -1.316599e-18 -2.461574e-18 -4.003181e-18 -5.618364e-18 -6.704367e-18 -6.585876e-18 -4.880774e-18 -1.807433e-18 1.807433e-18 4.880774e-18 6.585876e-18 6.704367e-18 5.618364e-18 4.003181e-18 2.461574e-18 1.316599e-18 6.154474e-19 2.522644e-19 9.089798e-20 2.885126e-20 8.078305e-21 1.996659e-21 4.353650e-22 8.352342e-23 1.400946e-23 2.026889e-24 2.454542e-25 2.296042e-26 1.162134e-27 -1.133855e-28 -4.398436e-29 -8.030338e-30 -1.119748e-30 -1.314875e-31 -1.350015e-32 -1.234837e-33 -1.017147e-34 -7.596693e-36 -5.167949e-37 -3.212496e-38 -1.828795e-39 -9.548961e-41 -4.577815e-42 -2.016171e-43 -8.159401e-45 -3.033894e-46 -1.036011e-47 -3.246551e-49 -9.326209e-51 -2.452405e-52 -5.892454e-54 -1.290751e-55 -2.570632e-57 -4.639195e-59 -7.556112e-61 -1.105299e-62 -1.443410e-64 -1.670443e-66 -1.660454e-68 -7.495457e-71 -5.575554e-74 -6.137882e-78 -1.273282e-82 -6.146609e-88 -7.836344e-94 -2.706622e-100
1.190804e-97 2.288887e-91 1.340665e-85 2.211610e-80 8.840935e-76 6.847679e-72 8.010238e-69 1.568897e-66 1.413942e-64 1.105299e-62 7.716918e-61 4.840944e-59 2.742043e-57 1.408113e-55 6.577720e-54 2.802781e-52 1.091853e-50 3.895826e-49 1.275053e-47 3.832064e-46 1.058412e-44 2.687811e-43 6.276706e-42 1.347647e-40 2.658851e-39 4.815737e-38 7.995248e-37 1.214102e-35 1.681029e-34 2.112636e-33 2.393613e-32 2.418664e-31 2.139058e-30 1.594093e-29 9.062868e-29 2.376259e-28 -2.723183e-27 -5.542354e-26 -6.201888e-25 -5.385136e-24 -3.926645e-23 -2.477253e-22 -1.370658e-21 -6.694414e-21 -2.894489e-20 -1.108859e-19 -3.762414e-19 -1.129428e-18 -2.994795e-18 -7.001179e-18 -1.439802e-17 -2.597306e-17 -4.092442e-17 -5.590685e-17 -6.526357e-17 -6.305016e-17 -4.620615e-17 -1.701505e-17 1.701505e-17 4.620615e-17 6.305016e-17 6.526357e-17 5.590685e-17 4.092442e-17 2.597306e-17 1.439802e-17 7.001179e-18 2.994795e-18 1.129428e-18 3.762414e-19 1.108859e-19 2.894489e-20 6.694414e-21 1.370658e-21 2.477253e-22 3.926645e-23 5.385136e-24 6.201888e-25 5.542354e-26 2.723183e-27 -2.376259e-28 -9.062868e-29 -1.594093e-29 -2.139058e-30 -2.418664e-31 -2.393613e-32 -2.112636e-33 -1.681029e-34 -1.214102e-35 -7.995248e-37 -4.815737e-38 -2.658851e-39 -1.347647e-40 -6.276706e-42 -2.687811e-43 -1.058412e-44 -3.832064e-46 -1.275053e-47 -3.895826e-49 -1.091853e-50 -2.802781e-52 -6.577720e-54 -1.408113e-55 -2.742043e-57 -4.840944e-59 -7.716918e-61 -1.105299e-62 -1.413942e-64 -1.568897e-66 -8.010238e-69 -6.847679e-72 -8.840935e-76 -2.211610e-80 -1.340665e-85 -2.288887e-91 -1.190804e-97
3.411502e-95 4.897078e-89 2.284373e-83 3.125271e-78 1.065334e-73 7.179816e-70 7.421194e-67 1.300608e-64 1.060171e-62 7.556112e-61 4.840944e-59 2.801664e-57 1.470707e-55 7.026263e-54 3.063528e-52 1.221839e-50 4.465917e-49 1.498154e-47 4.617915e-46 1.308983e-44 3.413810e-43 8.193018e-42 1.809196e-40 3.674040e-39 6.855096e-38 1.173446e-36 1.838930e-35 2.630157e-34 3.417924e-33 4.008393e-32 4.196791e-31 3.849465e-30 2.977059e-29 1.754728e-28 4.680572e-28 -5.942717e-27 -1.246601e-25 -1.457534e-24 -1.327715e-23 -1.018631e-22 -6.780242e-22 -3.969111e-21 -2.056979e-20 -9.466250e-20 -3.872480e-19 -1.407973e-18 -4.545809e-18 -1.301601e-17 -3.300197e-17 -7.397589e-17 -1.463319e-16 -2.548364e-16 -3.892508e-16 -5.178751e-16 -5.917010e-16 -5.624100e-16 -4.076895e-16 -1.493094e-16 1.493094e-16 4.076895e-16 5.624100e-16 5.917010e-16 5.178751e-16 3.892508e-16 2.548364e-16 1.463319e-16 7.397589e-17 3.300197e-17 1.301601e-17 4.545809e-18 1.407973e-18 3.872480e-19 9.466250e-20 2.056979e-20 3.969111e-21 6.780242e-22 1.018631e-22 1.327715e-23 1.457534e-24 1.246601e-25 5.942717e-27 -4.680572e-28 -1.754728e-28 -2.977059e-29 -3.849465e-30 -4.196791e-31 -4.008393e-32 -3.417924e-33 -2.630157e-34 -1.838930e-35 -1.173446e-36 -6.855096e-38 -3.674040e-39 -1.809196e-40 -8.193018e-42 -3.413810e-43 -1.308983e-44 -4.617915e-46 -1.498154e-47 -4.465917e-49 -1.221839e-50 -3.063528e-52 -7.026263e-54 -1.470707e-55 -2.801664e-57 -4.840944e-59 -7.556112e-61 -1.060171e-62 -1.300608e-64 -7.421194e-67 -7.179816e-70 -1.065334e-73 -3.125271e-78 -2.284373e-83 -4.897078e-89 -3.411502e-95
7.155835e-93 8.181251e-87 3.165325e-81 3.693051e-76 1.095469e-71 6.523450e-68 6.029715e-65 9.546555e-63 7.093363e-61 4.639195e-59 2.742043e-57 1.470707e-55 7.182423e-54 3.202791e-52 1.307086e-50 4.891221e-49 1.680828e-47 5.310419e-46 1.543833e-44 4.132089e-43 1.018433e-41 2.311223e-40 4.827168e-39 9.270339e-38 1.634696e-36 2.641234e-35 3.898384e-34 5.232825e-33 6.345063e-32 6.875368e-31 6.532529e-30 5.236310e-29 3.196263e-28 8.676530e-28 -1.210401e-26 -2.617703e-25 -3.192693e-24 -3.044725e-23 -2.451954e-22 -1.717388e-21 -1.060556e-20 -5.813273e-20 -2.837335e-19 -1.234579e-18 -4.788990e-18 -1.654908e-17 -5.088902e-17 -1.390708e-16 -3.373219e-16 -7.252723e-16 -1.380457e-15 -2.321752e-15 -3.439328e-15 -4.458266e-15 -4.987529e-15 -4.665662e-15 -3.346213e-15 -1.218956e-15 1.218956e-15 3.346213e-15 4.665662e-15 4.987529e-15 4.458266e-15 3.439328e-15 2.321752e-15 1.380457e-15 7.252723e-16 3.373219e-16 1.390708e-16 5.088902e-17 1.654908e-17 4.788990e-18 1.234579e-18 2.837335e-19 5.813273e-20 1.060556e-20 1.717388e-21 2.451954e-22 3.044725e-23 3.192693e-24 2.617703e-25 1.210401e-26 -8.676530e-28 -3.196263e-28 -5.236310e-29 -6.532529e-30 -6.875368e-31 -6.345063e-32 -5.232825e-33 -3.898384e-34 -2.641234e-35 -1.634696e-36 -9.270339e-38 -4.827168e-39 -2.311223e-40 -1.018433e-41 -4.132089e-43 -1.543833e-44 -5.310419e-46 -1.680828e-47 -4.891221e-49 -1.307086e-50 -3.202791e-52 -7.182423e-54 -1.470707e-55 -2.742043e-57 -4.639195e-59 -7.093363e-61 -9.546555e-63 -6.029715e-65 -6.523450e-68 -1.095469e-71 -3.693051e-76 -3.165325e-81 -8.181251e-87 -7.155835e-93
1.171505e-90 1.110982e-84 3.665973e-79 3.722307e-74 9.756926e-70 5.195674e-66 4.335820e-63 6.249927e-61 4.260387e-59 2.570632e-57 1.408113e-55 7.026263e-54 3.202791e-52 1.336793e-50 5.118709e-49 1.800870e-47 5.828375e-46 1.736736e-44 4.767436e-43 1.205895e-41 2.810439e-40 6.032372e-39 1.191456e-37 2.162446e-36 3.599122e-35 5.476805e-34 7.586093e-33 9.500679e-32 1.064264e-30 1.046262e-29 8.682425e-29 5.482958e-28 1.515450e-27 -2.305248e-26 -5.140518e-25 -6.530230e-24 -6.507219e-23 -5.488743e-22 -4.035686e-21 -2.622146e-20 -1.515797e-19 -7.821636e-19 -3.607393e-18 -1.487230e-17 -5.477581e-17 -1.800479e-16 -5.275562e-16 -1.376369e-15 -3.194155e-15 -6.588359e-15 -1.206833e-14 -1.960700e-14 -2.817627e-14 -3.559654e-14 -3.900308e-14 -3.591807e-14 -2.549149e-14 -9.237341e-15 9.237341e-15 2.549149e-14 3.591807e-14 3.900308e-14 3.559654e-14 2.817627e-14 1.960700e-14 1.206833e-14 6.588359e-15 3.194155e-15 1.376369e-15 5.275562e-16 1.800479e-16 5.477581e-17 1.487230e-17 3.607393e-18 7.821636e-19 1.515797e-19 2.622146e-20 4.035686e-21 5.488743e-22 6.507219e-23 6.530230e-24 5.140518e-25 2.305248e-26 -1.515450e-27 -5.482958e-28 -8.682425e-29 -1.046262e-29 -1.064264e-30 -9.500679e-32 -7.586093e-33 -5.476805e-34 -3.599122e-35 -2.162446e-36 -1.191456e-37 -6.032372e-39 -2.810439e-40 -1.205895e-41 -4.767436e-43 -1.736736e-44 -5.828375e-46 -1.800870e-47 -5.118709e-49 -1.336793e-50 -3.202791e-52 -7.026263e-54 -1.408113e-55 -2.570632e-57 -4.260387e-59 -6.249927e-61 -4.335820e-63 -5.195674e-66 -9.756926e-70 -3.722307e-74 -3.665973e-79 -1.110982e-84 -1.171505e-90
1.558199e-88 1.260393e-82 3.619785e-77 3.248125e-72 7.614184e-68 3.660635e-64 2.779513e-61 3.671222e-59 2.308261e-57 1.290751e-55 6.577720e-54 3.063528e-52 1.307086e-50 5.118709e-49 1.842745e-47 6.105847e-46 1.863765e-44 5.243917e-43 1.360381e-41 3.253754e-40 7.172176e-39 1.455794e-37 2.717364e-36 4.654963e-35 7.296521e-34 1.041936e-32 1.346444e-31 1.557654e-30 1.582719e-29 1.358301e-28 8.865890e-28 2.496498e-27 -4.111881e-26 -9.454253e-25 -1.249174e-23 -1.298397e-22 -1.144835e-21 -8.817242e-21 -6.013321e-20 -3.656523e-19 -1.989124e-18 -9.693993e-18 -4.233309e-17 -1.655636e-16 -5.793592e-16 -1.811941e-15 -5.059186e-15 -1.260000e-14 -2.797416e-14 -5.534889e-14 -9.757191e-14 -1.531430e-13 -2.135268e-13 -2.629633e-13 -2.822576e-13 -2.559307e-13 -1.797638e-13 -6.480375e-14 6.480375e-14 1.797638e-13 2.559307e-13 2.822576e-13 2.629633e-13 2.135268e-13 1.531430e-13 9.757191e-14 5.534889e-14 2.797416e-14 1.260000e-14 5.059186e-15 1.811941e-15 5.793592e-16 1.655636e-16 4.233309e-17 9.693993e-18 1.989124e-18 3.656523e-19 6.013321e-20 8.817242e-21 1.144835e-21 1.298397e-22 1.249174e-23 9.454253e-25 4.111881e-26 -2.496498e-27 -8.865890e-28 -1.358301e-28 -1.582719e-29 -1.557654e-30 -1.346444e-31 -1.041936e-32 -7.296521e-34 -4.654963e-35 -2.717364e-36 -1.455794e-37 -7.172176e-39 -3.253754e-40 -1.360381e-41 -5.243917e-43 -1.863765e-44 -6.105847e-46 -1.842745e-47 -5.118709e-49 -1.307086e-50 -3.063528e-52 -6.577720e-54 -1.290751e-55 -2.308261e-57 -3.671222e-59 -2.779513e-61 -3.660635e-64 -7.614184e-68 -3.248125e-72 -3.619785e-77 -1.260393e-82 -1.558199e-88
1.730594e-86 1.218458e-80 3.092821e-75 2.482205e-70 5.253789e-66 2.298182e-62 1.597939e-59 1.944298e-57 1.132668e-55 5.892454e-54 2.802781e-52 1.221839e-50 4.891221e-49 1.800870e-47 6.105847e-46 1.908123e-44 5.499581e-43 1.462336e-41 3.587153e-40 8.114715e-39 1.691497e-37 3.244691e-36 5.716308e-35 9.221943e-34 1.356443e-32 1.807003e-31 2.156806e-30 2.262834e-29 2.006332e-28 1.352410e-27 3.882436e-27 -6.878415e-26 -1.630565e-24 -2.237910e-23 -2.422414e-22 -2.228743e-21 -1.794470e-20 -1.281809e-19 -8.179537e-19 -4.678994e-18 -2.402904e-17 -1.108154e-16 -4.587110e-16 -1.702778e-15 -5.662071e-15 -1.684663e-14 -4.481041e-14 -1.064963e-13 -2.261159e-13 -4.290309e-13 -7.277333e-13 -1.103376e-12 -1.492697e-12 -1.792121e-12 -1.884609e-12 -1.682683e-12 -1.169799e-12 -4.195390e-13 4.195390e-13 1.169799e-12 1.682683e-12 1.884609e-12 1.792121e-12 1.492697e-12 1.103376e-12 7.277333e-13 4.290309e-13 2.261159e-13 1.064963e-13 4.481041e-14 1.684663e-14 5.662071e-15 1.702778e-15 4.587110e-16 1.108154e-16 2.402904e-17 4.678994e-18 8.179537e-19 1.281809e-19 1.794470e-20 2.228743e-21 2.422414e-22 2.237910e-23 1.630565e-24 6.878415e-26 -3.882436e-27 -1.352410e-27 -2.006332e-28 -2.262834e-29 -2.156806e-30 -1.807003e-31 -1.356443e-32 -9.221943e-34 -5.716308e-35 -3.244691e-36 -1.691497e-37 -8.114715e-39 -3.587153e-40 -1.462336e-41 -5.499581e-43 -1.908123e-44 -6.105847e-46 -1.800870e-47 -4.891221e-49 -1.221839e-50 -2.802781e-52 -5.892454e-54 -1.132668e-55 -1.944298e-57 -1.597939e-59 -2.298182e-62 -5.253789e-66 -2.482205e-70 -3.092821e-75 -1.218458e-80 -1.730594e-86
1.636986e-84 1.018749e-78 2.313059e-73 1.676329e-68 3.228612e-64 1.293268e-60 8.278393e-58 9.321035e-56 5.050536e-54 2.452405e-52 1.091853e-50 4.465917e-49 1.680828e-47 5.828375e-46 1.863765e-44 5.499581e-43 1.497977e-41 3.766343e-40 8.738172e-39 1.869277e-37 3.682319e-36 6.666730e-35 1.106078e-33 1.674403e-32 2.297480e-31 2.826705e-30 3.059325e-29 2.799814e-28 1.947462e-27 5.704254e-27 -1.080348e-25 -2.640106e-24 -3.759338e-23 -4.231526e-22 -4.055714e-21 -3.407570e-20 -2.544392e-19 -1.700263e-18 -1.020398e-17 -5.508261e-17 -2.675438e-16 -1.168753e-15 -4.587844e-15 -1.616449e-14 -5.106008e-14 -1.444572e-13 -3.658162e-13 -8.290850e-13 -1.682446e-12 -3.059745e-12 -4.992020e-12 -7.309778e-12 -9.593807e-12 -1.122836e-11 -1.156830e-11 -1.017088e-11 -6.998445e-12 -2.497061e-12 2.497061e-12 6.998445e-12 1.017088e-11 1.156830e-11 1.122836e-11 9.593807e-12 7.309778e-12 4.992020e-12 3.059745e-12 1.682446e-12 8.290850e-13 3.658162e-13 1.444572e-13 5.106008e-14 1.616449e-14 4.587844e-15 1.168753e-15 2.675438e-16 5.508261e-17 1.020398e-17 1.700263e-18 2.544392e-19 3.407570e-20 4.055714e-21 4.231526e-22 3.759338e-23 2.640106e-24 1.080348e-25 -5.704254e-27 -1.947462e-27 -2.799814e-28 -3.059325e-29 -2.826705e-30 -2.297480e-31 -1.674403e-32 -1.106078e-33 -6.666730e-35 -3.682319e-36 -1.869277e-37 -8.738172e-39 -3.766343e-40 -1.497977e-41 -5.499581e-43 -1.863765e-44 -5.828375e-46 -1.680828e-47 -4.465917e-49 -1.091853e-50 -2.452405e-52 -5.050536e-54 -9.321035e-56 -8.278393e-58 -1.293268e-60 -3.228612e-64 -1.676329e-68 -2.313059e-73 -1.018749e-78 -1.636986e-84
1.338472e-82 7.451570e-77 1.527923e-71 1.007728e-66 1.777486e-62 6.554805e-59 3.880155e-56 4.058257e-54 2.051965e-52 9.326209e-51 3.895826e-49 1.498154e-47 5.310419e-46 1.736736e-44 5.243917e-43 1.462336e-41 3.766343e-40 8.956371e-39 1.964994e-37 3.972484e-36 7.385771e-35 1.259252e-33 1.960397e-32 2.768319e-31 3.507943e-30 3.913101e-29 3.693178e-28 2.648837e-27 7.923259e-27 -1.594747e-25 -4.016900e-24 -5.927630e-23 -6.928749e-22 -6.907544e-21 -6.046190e-20 -4.710779e-19 -3.290095e-18 -2.067201e-17 -1.170334e-16 -5.972458e-16 -2.746226e-15 -1.136762e-14 -4.231033e-14 -1.414263e-13 -4.240712e-13 -1.139809e-12 -2.745322e-12 -5.927775e-12 -1.148671e-11 -2.000795e-11 -3.137965e-11 -4.435750e-11 -5.646270e-11 -6.440609e-11 -6.500059e-11 -5.626950e-11 -3.831996e-11 -1.360213e-11 1.360213e-11 3.831996e-11 5.626950e-11 6.500059e-11 6.440609e-11 5.646270e-11 4.435750e-11 3.137965e-11 2.000795e-11 1.148671e-11 5.927775e-12 2.745322e-12 1.139809e-12 4.240712e-13 1.414263e-13 4.231033e-14 1.136762e-14 2.746226e-15 5.972458e-16 1.170334e-16 2.067201e-17 3.290095e-18 4.710779e-19 6.046190e-20 6.907544e-21 6.928749e-22 5.927630e-23 4.016900e-24 1.594747e-25 -7.923259e-27 -2.648837e-27 -3.693178e-28 -3.913101e-29 -3.507943e-30 -2.768319e-31 -1.960397e-32 -1.259252e-33 -7.385771e-35 -3.972484e-36 -1.964994e-37 -8.956371e-39 -3.766343e-40 -1.462336e-41 -5.243917e-43 -1.736736e-44 -5.310419e-46 -1.498154e-47 -3.895826e-49 -9.326209e-51 -2.051965e-52 -4.058257e-54 -3.880155e-56 -6.554805e-59 -1.777486e-62 -1.007728e-66 -1.527923e-71 -7.451570e-77 -1.338472e-82
9.568606e-81 4.811325e-75 8.979136e-70 5.424169e-65 8.808968e-61 3.004080e-57 1.650760e-54 1.609006e-52 7.613126e-51 3.246551e-49 1.275053e-47 4.617915e-46 1.543833e-44 4.767436e-43 1.360381e-41 3.587153e-40 8.738172e-39 1.964994e-37 4.074157e-36 7.773612e-35 1.361064e-33 2.177449e-32 3.162034e-31 4.123476e-30 4.736948e-29 4.606808e-28 3.404671e-27 1.041028e-26 -2.214259e-25 -5.747758e-24 -8.780889e-23 -1.064518e-21 -1.102329e-20 -1.003661e-19 -8.146167e-19 -5.935834e-18 -3.897160e-17 -2.309233e-16 -1.235435e-15 -5.965364e-15 -2.597315e-14 -1.018488e-13 -3.592134e-13 -1.138063e-12 -3.235703e-12 -8.251631e-12 -1.887803e-11 -3.878369e-11 -7.167956e-11 -1.194588e-10 -1.799507e-10 -2.454006e-10 -3.027983e-10 -3.365001e-10 -3.325685e-10 -2.834050e-10 -1.909876e-10 -6.743883e-11 6.743883e-11 1.909876e-10 2.834050e-10 3.325685e-10 3.365001e-10 3.027983e-10 2.454006e-10 1.799507e-10 1.194588e-10 7.167956e-11 3.878369e-11 1.887803e-11 8.251631e-12 3.235703e-12 1.138063e-12 3.592134e-13 1.018488e-13 2.597315e-14 5.965364e-15 1.235435e-15 2.309233e-16 3.897160e-17 5.935834e-18 8.146167e-19 1.003661e-19 1.102329e-20 1.064518e-21 8.780889e-23 5.747758e-24 2.214259e-25 -1.041028e-26 -3.404671e-27 -4.606808e-28 -4.736948e-29 -4.123476e-30 -3.162034e-31 -2.177449e-32 -1.361064e-33 -7.773612e-35 -4.074157e-36 -1.964994e-37 -8.738172e-39 -3.587153e-40 -1.360381e-41 -4.767436e-43 -1.543833e-44 -4.617915e-46 -1.275053e-47 -3.246551e-49 -7.613126e-51 -1.609006e-52 -1.650760e-54 -3.004080e-57 -8.808968e-61 -5.424169e-65 -8.979136e-70 -4.811325e-75 -9.568606e-81
6.034818e-79 2.762116e-73 4.721912e-68 2.626630e-63 3.945254e-59 1.248958e-55 6.391581e-53 5.821959e-51 2.583993e-49 1.036011e-47 3.832064e-46 1.308983e-44 4.132089e-43 1.205895e-41 3.253754e-40 8.114715e-39 1.869277e-37 3.972484e-36 7.773612e-35 1.396783e-33 2.294744e-32 3.424400e-31 4.592137e-30 5.428521e-29 5.435936e-28 4.137110e-27 1.294417e-26 -2.893781e-25 -7.739942e-24 -1.222953e-22 -1.535882e-21 -1.649842e-20 -1.560357e-19 -1.317305e-18 -9.998155e-18 -6.847313e-17 -4.238584e-16 -2.372548e-15 -1.200441e-14 -5.485270e-14 -2.260667e-13 -8.391377e-13 -2.801353e-12 -8.400583e-12 -2.261052e-11 -5.461443e-11 -1.184703e-10 -2.311796e-10 -4.068672e-10 -6.478762e-10 -9.362891e-10 -1.230592e-09 -1.470717e-09 -1.591274e-09 -1.539297e-09 -1.290778e-09 -8.605624e-10 -3.022411e-10 3.022411e-10 8.605624e-10 1.290778e-09 1.539297e-09 1.591274e-09 1.470717e-09 1.230592e-09 9.362891e-10 6.478762e-10 4.068672e-10 2.311796e-10 1.184703e-10 5.461443e-11 2.261052e-11 8.400583e-12 2.801353e-12 8.391377e-13 2.260667e-13 5.485270e-14 1.200441e-14 2.372548e-15 4.238584e-16 6.847313e-17 9.998155e-18 1.317305e-18 1.560357e-19 1.649842e-20 1.535882e-21 1.222953e-22 7.739942e-24 2.893781e-25 -1.294417e-26 -4.137110e-27 -5.435936e-28 -5.428521e-29 -4.592137e-30 -3.424400e-31 -2.294744e-32 -1.396783e-33 -7.773612e-35 -3.972484e-36 -1.869277e-37 -8.114715e-39 -3.253754e-40 -1.205895e-41 -4.132089e-43 -1.308983e-44 -3.832064e-46 -1.036011e-47 -2.583993e-49 -5.821959e-51 -6.391581e-53 -1.248958e-55 -3.945254e-59 -2.626630e-63 -4.721912e-68 -2.762116e-73 -6.034818e-79
3.381953e-77 1.418075e-71 2.232595e-66 1.148766e-61 1.601950e-57 4.722972e-54 2.257154e-51 1.925908e-49 8.034568e-48 3.033894e-46 1.058412e-44 3.413810e-43 1.018433e-41 2.810439e-40 7.172176e-39 1.691497e-37 3.682319e-36 7.385771e-35 1.361064e-33 2.294744e-32 3.516563e-31 4.845893e-30 5.890560e-29 6.069193e-28 4.753901e-27 1.523691e-26 -3.561530e-25 -9.814054e-24 -1.602378e-22 -2.082457e-21 -2.317741e-20 -2.273978e-19 -1.994053e-18 -1.574068e-17 -1.122694e-16 -7.247704e-16 -4.236878e-15 -2.242022e-14 -1.072940e-13 -4.637439e-13 -1.807504e-12 -6.342841e-12 -2.001024e-11 -5.668823e-11 -1.441344e-10 -3.290070e-10 -6.751362e-10 -1.248558e-09 -2.088192e-09 -3.171207e-09 -4.389614e-09 -5.552773e-09 -6.420166e-09 -6.756371e-09 -6.391763e-09 -5.270888e-09 -3.475089e-09 -1.213700e-09 1.213700e-09 3.475089e-09 5.270888e-09 6.391763e-09 6.756371e-09 6.420166e-09 5.552773e-09 4.389614e-09 3.171207e-09 2.088192e-09 1.248558e-09 6.751362e-10 3.290070e-10 1.441344e-10 5.668823e-11 2.001024e-11 6.342841e-12 1.807504e-12 4.637439e-13 1.072940e-13 2.242022e-14 4.236878e-15 7.247704e-16 1.122694e-16 1.574068e-17 1.994053e-18 2.273978e-19 2.317741e-20 2.082457e-21 1.602378e-22 9.814054e-24 3.561530e-25 -1.523691e-26 -4.753901e-27 -6.069193e-28 -5.890560e-29 -4.845893e-30 -3.516563e-31 -2.294744e-32 -1.361064e-33 -7.385771e-35 -3.682319e-36 -1.691497e-37 -7.172176e-39 -2.810439e-40 -1.018433e-41 -3.413810e-43 -1.058412e-44 -3.033894e-46 -8.034568e-48 -1.925908e-49 -2.257154e-51 -4.722972e-54 -1.601950e-57 -1.148766e-61 -2.232595e-66 -1.418075e-71 -3.381953e-77
1.693812e-75 6.541575e-70 9.527719e-65 4.552099e-60 5.912630e-56 1.627949e-52 7.282682e-50 5.832442e-48 2.291034e-46 8.159401e-45 2.687811e-43 8.193018e-42 2.311223e-40 6.032372e-39 1.455794e-37 3.244691e-36 6.666730e-35 1.259252e-33 2.177449e-32 3.424400e-31 4.845893e-30 6.053072e-29 6.412708e-28 5.166846e-27 1.698429e-26 -4.129709e-25 -1.172247e-23 -1.976155e-22 -2.654959e-21 -3.058201e-20 -3.108873e-19 -2.827994e-18 -2.318557e-17 -1.719699e-16 -1.155974e-15 -7.045646e-15 -3.892389e-14 -1.947241e-13 -8.809147e-13 -3.597860e-12 -1.324286e-11 -4.385266e-11 -1.304491e-10 -3.482438e-10 -8.341102e-10 -1.793994e-09 -3.472086e-09 -6.067608e-09 -9.617208e-09 -1.389420e-08 -1.837995e-08 -2.233259e-08 -2.493631e-08 -2.548547e-08 -2.354971e-08 -1.907931e-08 -1.243109e-08 -4.316025e-09 4.316025e-09 1.243109e-08 1.907931e-08 2.354971e-08 2.548547e-08 2.493631e-08 2.233259e-08 1.837995e-08 1.389420e-08 9.617208e-09 6.067608e-09 3.472086e-09 1.793994e-09 8.341102e-10 3.482438e-10 1.304491e-10 4.385266e-11 1.324286e-11 3.597860e-12 8.809147e-13 1.947241e-13 3.892389e-14 7.045646e-15 1.155974e-15 1.719699e-16 2.318557e-17 2.827994e-18 3.108873e-19 3.058201e-20 2.654959e-21 1.976155e-22 1.172247e-23 4.129709e-25 -1.698429e-26 -5.166846e-27 -6.412708e-28 -6.053072e-29 -4.845893e-30 -3.424400e-31 -2.177449e-32 -1.259252e-33 -6.666730e-35 -3.244691e-36 -1.455794e-37 -6.032372e-39 -2.311223e-40 -8.193018e-42 -2.687811e-43 -8.159401e-45 -2.291034e-46 -5.832442e-48 -7.282682e-50 -1.627949e-52 -5.912630e-56 -4.552099e-60 -9.527719e-65 -6.541575e-70 -1.693812e-75
7.617074e-74 2.721792e-68 3.681468e-63 1.638549e-58 1.987854e-54 5.123424e-51 2.149705e-48 1.618652e-46 5.995292e-45 2.016171e-43 6.276706e-42 1.809196e-40 4.827168e-39 1.191456e-37 2.717364e-36 5.716308e-35 1.106078e-33 1.960397e-32 3.162034e-31 4.592137e-30 5.890560e-29 6.412708e-28 5.312244e-27 1.793095e-26 -4.512732e-25 -1.319440e-23 -2.294795e-22 -3.184195e-21 -3.792075e-20 -3.989719e-19 -3.760292e-18 -3.197842e-17 -2.463187e-16 -1.721560e-15 -1.092340e-14 -6.290032e-14 -3.283868e-13 -1.552162e-12 -6.630535e-12 -2.554932e-11 -8.862747e-11 -2.762570e-10 -7.726277e-10 -1.937220e-09 -4.355184e-09 -8.792040e-09 -1.598562e-08 -2.629535e-08 -3.935211e-08 -5.389804e-08 -6.791932e-08 -7.903370e-08 -8.499613e-08 -8.416478e-08 -7.581410e-08 -6.025172e-08 -3.875421e-08 -1.336864e-08 1.336864e-08 3.875421e-08 6.025172e-08 7.581410e-08 8.416478e-08 8.499613e-08 7.903370e-08 6.791932e-08 5.389804e-08 3.935211e-08 2.629535e-08 1.598562e-08 8.792040e-09 4.355184e-09 1.937220e-09 7.726277e-10 2.762570e-10 8.862747e-11 2.554932e-11 6.630535e-12 1.552162e-12 3.283868e-13 6.290032e-14 1.092340e-14 1.721560e-15 2.463187e-16 3.197842e-17 3.760292e-18 3.989719e-19 3.792075e-20 3.184195e-21 2.294795e-22 1.319440e-23 4.512732e-25 -1.793095e-26 -5.312244e-27 -6.412708e-28 -5.890560e-29 -4.592137e-30 -3.162034e-31 -1.960397e-32 -1.106078e-33 -5.716308e-35 -2.717364e-36 -1.191456e-37 -4.827168e-39 -1.809196e-40 -6.276706e-42 -2.016171e-43 -5.995292e-45 -1.618652e-46 -2.149705e-48 -5.123424e-51 -1.987854e-54 -1.638549e-58 -3.681468e-63 -2.721792e-68 -7.617074e-74
3.087342e-72 1.024632e-66 1.291255e-61 5.368762e-57 6.097924e-53 1.474145e-49 5.810981e-47 4.119464e-45 1.440364e-43 4.577815e-42 1.347647e-40 3.674040e-39 9.270339e-38 2.162446e-36 4.654963e-35 9.221943e-34 1.674403e-32 2.768319e-31 4.123476e-30 5.428521e-29 6.069193e-28 5.166846e-27 1.793095e-26 -4.648055e-25 -1.399755e-23 -2.509869e-22 -3.593746e-21 -4.420530e-20 -4.808564e-19 -4.690446e-18 -4.132668e-17 -3.301639e-16 -2.396098e-15 -1.580490e-14 -9.472031e-14 -5.152646e-13 -2.540466e-12 -1.133167e-11 -4.563122e-11 -1.655200e-10 -5.396355e-10 -1.578163e-09 -4.133906e-09 -9.692791e-09 -2.035533e-08 -3.837175e-08 -6.519377e-08 -1.004044e-07 -1.411303e-07 -1.823226e-07 -2.177969e-07 -2.415924e-07 -2.491683e-07 -2.381285e-07 -2.084090e-07 -1.620449e-07 -1.027055e-07 -3.516808e-08 3.516808e-08 1.027055e-07 1.620449e-07 2.084090e-07 2.381285e-07 2.491683e-07 2.415924e-07 2.177969e-07 1.823226e-07 1.411303e-07 1.004044e-07 6.519377e-08 3.837175e-08 2.035533e-08 9.692791e-09 4.133906e-09 1.578163e-09 5.396355e-10 1.655200e-10 4.563122e-11 1.133167e-11 2.540466e-12 5.152646e-13 9.472031e-14 1.580490e-14 2.396098e-15 3.301639e-16 4.132668e-17 4.690446e-18 4.808564e-19 4.420530e-20 3.593746e-21 2.509869e-22 1.399755e-23 4.648055e-25 -1.793095e-26 -5.166846e-27 -6.069193e-28 -5.428521e-29 -4.123476e-30 -2.768319e-31 -1.674403e-32 -9.221943e-34 -4.654963e-35 -2.162446e-36 -9.270339e-38 -3.674040e-39 -1.347647e-40 -4.577815e-42 -1.440364e-43 -4.119464e-45 -5.810981e-47 -1.474145e-49 -6.097924e-53 -5.368762e-57 -1.291255e-61 -1.024632e-66 -3.087342e-72
