0.000000e+00 0.000000e+00 0.000000e+00 0.000000e+00 0.000000e+00 0.000000e+00 0.000000e+00 0.000000e+00 0.000000e+00 0.000000e+00 0.000000e+00 0.000000e+00 0.000000e+00 0.000000e+00 0.000000e+00 0.000000e+00 0.000000e+00 0.000000e+00 0.000000e+00 0.000000e+00 0.000000e+00 0.000000e+00 0.000000e+00 0.000000e+00 0.000000e+00 0.000000e+00 0.000000e+00 0.000000e+00 0.000000e+00 0.000000e+00 0.000000e+00 0.000000e+00 0.000000e+00 0.000000e+00 0.000000e+00 0.000000e+00 0.000000e+00 0.000000e+00 0.000000e+00 0.000000e+00 0.000000e+00 0.000000e+00 0.000000e+00 0.000000e+00 0.000000e+00 0.000000e+00 0.000000e+00 0.000000e+00 0.000000e+00 0.000000e+00 0.000000e+00 0.000000e+00 0.000000e+00 0.000000e+00 0.000000e+00 0.000000e+00 0.000000e+00 0.000000e+00 0.000000e+00 0.000000e+00 0.000000e+00 0.000000e+00 0.000000e+00 0.000000e+00 0.000000e+00 0.000000e+00 0.000000e+00 0.000000e+00 0.000000e+00 0.000000e+00 0.000000e+00 0.000000e+00 0.000000e+00 0.000000e+00 0.000000e+00 0.000000e+00 0.000000e+00 0.000000e+00 0.000000e+00 0.000000e+00 0.000000e+00 0.000000e+00 0.000000e+00 0.000000e+00 0.000000e+00 0.000000e+00 0.000000e+00 0.000000e+00 0.000000e+00 0.000000e+00 0.000000e+00 0.000000e+00 0.000000e+00 0.000000e+00 0.000000e+00 0.000000e+00 0.000000e+00 0.000000e+00 0.000000e+00 0.000000e+00 0.000000e+00 0.000000e+00 0.000000e+00 0.000000e+00 0.000000e+00 0.000000e+00 0.000000e+00 0.000000e+00 0.000000e+00 0.000000e+00 0.000000e+00 0.000000e+00 0.000000e+00 0.000000e+00 0.000000e+00 0.000000e+00
0.000000e+00 0.000000e+00 0.000000e+00 0.000000e+00 0.000000e+00 0.000000e+00 0.000000e+00 0.000000e+00 0.000000e+00 0.000000e+00 0.000000e+00 0.000000e+00 0.000000e+00 1.162144e-97 9.391304e-95 3.697648e-92 9.452398e-90 1.763752e-87 2.560435e-85 3.009776e-83 2.943937e-81 2.443473e-79 1.746336e-77 1.086831e-75 5.941763e-74 2.873388e-72 1.235920e-70 4.749066e-69 1.635899e-67 5.065431e-66 1.412825e-64 3.554919e-63 8.077523e-62 1.658327e-60 3.076451e-59 5.155538e-58 7.798419e-57 1.063434e-55 1.305055e-54 1.437982e-53 1.418336e-52 1.247481e-51 9.735703e-51 6.698324e-50 4.027505e-49 2.090218e-48 9.186472e-48 3.306915e-47 9.067449e-47 1.476652e-46 -1.339290e-46 -2.013495e-45 -8.351586e-45 -2.271550e-44 -4.468918e-44 -6.349593e-44 -6.019006e-44 -2.522249e-44 2.522249e-44 6.019006e-44 6.349593e-44 4.468918e-44 2.271550e-44 8.351586e-45 2.013495e-45 1.339290e-46 -1.476652e-46 -9.067449e-47 -3.306915e-47 -9.186472e-48 -2.090218e-48 -4.027505e-49 -6.698324e-50 -9.735703e-51 -1.247481e-51 -1.418336e-52 -1.437982e-53 -1.305055e-54 -1.063434e-55 -7.798419e-57 -5.155538e-58 -3.076451e-59 -1.658327e-60 -8.077523e-62 -3.554919e-63 -1.412825e-64 -5.065431e-66 -1.635899e-67 -4.749066e-69 -1.235920e-70 -2.873388e-72 -5.941763e-74 -1.086831e-75 -1.746336e-77 -2.443473e-79 -2.943937e-81 -3.009776e-83 -2.560435e-85 -1.763752e-87 -9.452398e-90 -3.697648e-92 -9.391304e-95 -1.162144e-97 0.000000e+00 0.000000e+00 0.000000e+00 0.000000e+00 0.000000e+00 0.000000e+00 0.000000e+00 0.000000e+00 0.000000e+00 0.000000e+00 0.000000e+00 0.000000e+00 0.000000e+00
0.000000e+00 0.000000e+00 0.000000e+00 0.000000e+00 0.000000e+00 0.000000e+00 0.000000e+00 0.000000e+00 0.000000e+00 0.000000e+00 0.000000e+00 0.000000e+00 5.362838e-94 4.424694e-91 1.779615e-88 4.649607e-86 8.872115e-84 1.317868e-81 1.586085e-79 1.589400e-77 1.352439e-75 9.916325e-74 6.336099e-72 3.559211e-70 1.769995e-68 7.835899e-67 3.101927e-65 1.101880e-63 3.522129e-62 1.015255e-60 2.643227e-59 6.222397e-58 1.325323e-56 2.554557e-55 4.454974e-54 7.024732e-53 1.000444e-51 1.284823e-50 1.484724e-49 1.539475e-48 1.427027e-47 1.176928e-46 8.581696e-46 5.484264e-45 3.033071e-44 1.422716e-43 5.455026e-43 1.568053e-42 2.378235e-42 -6.000441e-42 -6.300364e-41 -2.818508e-40 -8.780813e-40 -2.065004e-39 -3.707477e-39 -4.954835e-39 -4.517190e-39 -1.856800e-39 1.856800e-39 4.517190e-39 4.954835e-39 3.707477e-39 2.065004e-39 8.780813e-40 2.818508e-40 6.300364e-41 6.000441e-42 -2.378235e-42 -1.568053e-42 -5.455026e-43 -1.422716e-43 -3.033071e-44 -5.484264e-45 -8.581696e-46 -1.176928e-46 -1.427027e-47 -1.539475e-48 -1.484724e-49 -1.284823e-50 -1.000444e-51 -7.024732e-53 -4.454974e-54 -2.554557e-55 -1.325323e-56 -6.222397e-58 -2.643227e-59 -1.015255e-60 -3.522129e-62 -1.101880e-63 -3.101927e-65 -7.835899e-67 -1.769995e-68 -3.559211e-70 -6.336099e-72 -9.916325e-74 -1.352439e-75 -1.589400e-77 -1.586085e-79 -1.317868e-81 -8.872115e-84 -4.649607e-86 -1.779615e-88 -4.424694e-91 -5.362838e-94 0.000000e+00 0.000000e+00 0.000000e+00 0.000000e+00 0.000000e+00 0.000000e+00 0.000000e+00 0.000000e+00 0.000000e+00 0.000000e+00 0.000000e+00 0.000000e+00
0.000000e+00 0.000000e+00 0.000000e+00 0.000000e+00 0.000000e+00 0.000000e+00 0.000000e+00 0.000000e+00 0.000000e+00 0.000000e+00 0.000000e+00 9.262318e-91 7.798088e-88 3.201997e-85 8.545174e-83 1.666371e-80 2.531028e-78 3.116621e-76 3.197332e-74 2.787058e-72 2.094805e-70 1.373046e-68 7.917876e-67 4.045364e-65 1.841463e-63 7.501923e-62 2.745004e-60 9.047045e-59 2.691670e-57 7.241158e-56 1.763487e-54 3.890695e-53 7.778594e-52 1.409103e-50 2.311633e-49 3.430872e-48 4.600072e-47 5.560623e-46 6.043887e-45 5.885905e-44 5.112045e-43 3.934956e-42 2.660971e-41 1.560358e-40 7.765873e-40 3.148689e-39 9.380423e-39 1.232069e-38 -6.867436e-38 -6.364166e-37 -3.066608e-36 -1.073259e-35 -2.920452e-35 -6.274031e-35 -1.055399e-34 -1.345929e-34 -1.189656e-34 -4.814816e-35 4.814816e-35 1.189656e-34 1.345929e-34 1.055399e-34 6.274031e-35 2.920452e-35 1.073259e-35 3.066608e-36 6.364166e-37 6.867436e-38 -1.232069e-38 -9.380423e-39 -3.148689e-39 -7.765873e-40 -1.560358e-40 -2.660971e-41 -3.934956e-42 -5.112045e-43 -5.885905e-44 -6.043887e-45 -5.560623e-46 -4.600072e-47 -3.430872e-48 -2.311633e-49 -1.409103e-50 -7.778594e-52 -3.890695e-53 -1.763487e-54 -7.241158e-56 -2.691670e-57 -9.047045e-59 -2.745004e-60 -7.501923e-62 -1.841463e-63 -4.045364e-65 -7.917876e-67 -1.373046e-68 -2.094805e-70 -2.787058e-72 -3.197332e-74 -3.116621e-76 -2.531028e-78 -1.666371e-80 -8.545174e-83 -3.201997e-85 -7.798088e-88 -9.262318e-91 0.000000e+00 0.000000e+00 0.000000e+00 0.000000e+00 0.000000e+00 0.000000e+00 0.000000e+00 0.000000e+00 0.000000e+00 0.000000e+00 0.000000e+00
0.000000e+00 0.000000e+00 0.000000e+00 0.000000e+00 0.000000e+00 0.000000e+00 0.000000e+00 0.000000e+00 0.000000e+00 0.000000e+00 5.080160e-88 4.362054e-85 1.827552e-82 4.978808e-80 9.916326e-78 1.539147e-75 1.937807e-73 2.033801e-71 1.814777e-69 1.397182e-67 9.386737e-66 5.552159e-64 2.911744e-62 1.361561e-60 5.702685e-59 2.147124e-57 7.288280e-56 2.235450e-54 6.206159e-53 1.561474e-51 3.563234e-50 7.377590e-49 1.385899e-47 2.361036e-46 3.644576e-45 5.090691e-44 6.421926e-43 7.297902e-42 7.445464e-41 6.788326e-40 5.496653e-39 3.917714e-38 2.424810e-37 1.273749e-36 5.424819e-36 1.655240e-35 1.639793e-35 -2.050584e-34 -1.811771e-33 -9.365388e-33 -3.628694e-32 -1.117456e-31 -2.780265e-31 -5.581886e-31 -8.912467e-31 -1.093206e-30 -9.413172e-31 -3.759725e-31 3.759725e-31 9.413172e-31 1.093206e-30 8.912467e-31 5.581886e-31 2.780265e-31 1.117456e-31 3.628694e-32 9.365388e-33 1.811771e-33 2.050584e-34 -1.639793e-35 -1.655240e-35 -5.424819e-36 -1.273749e-36 -2.424810e-37 -3.917714e-38 -5.496653e-39 -6.788326e-40 -7.445464e-41 -7.297902e-42 -6.421926e-43 -5.090691e-44 -3.644576e-45 -2.361036e-46 -1.385899e-47 -7.377590e-49 -3.563234e-50 -1.561474e-51 -6.206159e-53 -2.235450e-54 -7.288280e-56 -2.147124e-57 -5.702685e-59 -1.361561e-60 -2.911744e-62 -5.552159e-64 -9.386737e-66 -1.397182e-67 -1.814777e-69 -2.033801e-71 -1.937807e-73 -1.539147e-75 -9.916326e-78 -4.978808e-80 -1.827552e-82 -4.362054e-85 -5.080160e-88 0.000000e+00 0.000000e+00 0.000000e+00 0.000000e+00 0.000000e+00 0.000000e+00 0.000000e+00 0.000000e+00 0.000000e+00 0.000000e+00
0.000000e+00 0.000000e+00 0.000000e+00 0.000000e+00 0.000000e+00 0.000000e+00 0.000000e+00 0.000000e+00 0.000000e+00 7.101948e-86 6.216009e-83 2.655844e-80 7.381944e-78 1.500783e-75 2.378958e-73 3.060449e-71 3.283893e-69 2.997498e-67 2.362131e-65 1.625377e-63 9.853168e-62 5.299589e-60 2.543412e-58 1.094164e-56 4.234812e-55 1.478926e-53 4.671140e-52 1.336696e-50 3.470063e-49 8.179154e-48 1.751212e-46 3.406022e-45 6.015570e-44 9.640140e-43 1.399969e-41 1.839061e-40 2.179922e-39 2.323822e-38 2.217779e-37 1.883048e-36 1.409549e-35 9.171099e-35 5.060444e-34 2.249713e-33 6.940752e-33 3.519418e-33 -1.364228e-31 -1.189062e-30 -6.563051e-30 -2.783047e-29 -9.542538e-29 -2.689196e-28 -6.241578e-28 -1.184849e-27 -1.809052e-27 -2.144787e-27 -1.804687e-27 -7.124454e-28 7.124454e-28 1.804687e-27 2.144787e-27 1.809052e-27 1.184849e-27 6.241578e-28 2.689196e-28 9.542538e-29 2.783047e-29 6.563051e-30 1.189062e-30 1.364228e-31 -3.519418e-33 -6.940752e-33 -2.249713e-33 -5.060444e-34 -9.171099e-35 -1.409549e-35 -1.883048e-36 -2.217779e-37 -2.323822e-38 -2.179922e-39 -1.839061e-40 -1.399969e-41 -9.640140e-43 -6.015570e-44 -3.406022e-45 -1.751212e-46 -8.179154e-48 -3.470063e-49 -1.336696e-50 -4.671140e-52 -1.478926e-53 -4.234812e-55 -1.094164e-56 -2.543412e-58 -5.299589e-60 -9.853168e-62 -1.625377e-63 -2.362131e-65 -2.997498e-67 -3.283893e-69 -3.060449e-71 -2.378958e-73 -1.500783e-75 -7.381944e-78 -2.655844e-80 -6.216009e-83 -7.101948e-86 0.000000e+00 0.000000e+00 0.000000e+00 0.000000e+00 0.000000e+00 0.000000e+00 0.000000e+00 0.000000e+00 0.000000e+00
0.000000e+00 0.000000e+00 0.000000e+00 0.000000e+00 0.000000e+00 0.000000e+00 0.000000e+00 0.000000e+00 1.921652e-84 1.713672e-81 7.463129e-79 2.115353e-76 4.387563e-74 7.098951e-72 9.326345e-70 1.022495e-67 9.541428e-66 7.691093e-64 5.416597e-62 3.362847e-60 1.853599e-58 9.122846e-57 4.027624e-55 1.600968e-53 5.746774e-52 1.867222e-50 5.501591e-49 1.471925e-47 3.579182e-46 7.914115e-45 1.591434e-43 2.909480e-42 4.832492e-41 7.283502e-40 9.944190e-39 1.226911e-37 1.363468e-36 1.358647e-35 1.206264e-34 9.453417e-34 6.442970e-33 3.718709e-32 1.715946e-31 5.279902e-31 -1.005818e-31 -1.582989e-29 -1.386019e-28 -8.134051e-28 -3.740834e-27 -1.410526e-26 -4.429933e-26 -1.163171e-25 -2.545400e-25 -4.600388e-25 -6.748671e-25 -7.759434e-25 -6.394205e-25 -2.497734e-25 2.497734e-25 6.394205e-25 7.759434e-25 6.748671e-25 4.600388e-25 2.545400e-25 1.163171e-25 4.429933e-26 1.410526e-26 3.740834e-27 8.134051e-28 1.386019e-28 1.582989e-29 1.005818e-31 -5.279902e-31 -1.715946e-31 -3.718709e-32 -6.442970e-33 -9.453417e-34 -1.206264e-34 -1.358647e-35 -1.363468e-36 -1.226911e-37 -9.944190e-39 -7.283502e-40 -4.832492e-41 -2.909480e-42 -1.591434e-43 -7.914115e-45 -3.579182e-46 -1.471925e-47 -5.501591e-49 -1.867222e-50 -5.746774e-52 -1.600968e-53 -4.027624e-55 -9.122846e-57 -1.853599e-58 -3.362847e-60 -5.416597e-62 -7.691093e-64 -9.541428e-66 -1.022495e-67 -9.326345e-70 -7.098951e-72 -4.387563e-74 -2.115353e-76 -7.463129e-79 -1.713672e-81 -1.921652e-84 0.000000e+00 0.000000e+00 0.000000e+00 0.000000e+00 0.000000e+00 0.000000e+00 0.000000e+00 0.000000e+00
0.000000e+00 0.000000e+00 0.000000e+00 0.000000e+00 0.000000e+00 0.000000e+00 0.000000e+00 8.213328e-84 7.641436e-81 3.391376e-78 9.800088e-76 2.073264e-73 3.423020e-71 4.591129e-69 5.141375e-67 4.903074e-65 4.041259e-63 2.911896e-61 1.850699e-59 1.044947e-57 5.271601e-56 2.387219e-54 9.740255e-53 3.591577e-51 1.199714e-49 3.637114e-48 1.002139e-46 2.511943e-45 5.731195e-44 1.190440e-42 2.250592e-41 3.870169e-40 6.046731e-39 8.569280e-38 1.098959e-36 1.271228e-35 1.320428e-34 1.223677e-33 1.002083e-32 7.139447e-32 4.300985e-31 2.054902e-30 6.261722e-30 -6.760195e-30 -2.729976e-28 -2.439250e-27 -1.519803e-26 -7.535967e-26 -3.097801e-25 -1.071882e-24 -3.136572e-24 -7.754260e-24 -1.611212e-23 -2.786533e-23 -3.942541e-23 -4.408568e-23 -3.564758e-23 -1.379199e-23 1.379199e-23 3.564758e-23 4.408568e-23 3.942541e-23 2.786533e-23 1.611212e-23 7.754260e-24 3.136572e-24 1.071882e-24 3.097801e-25 7.535967e-26 1.519803e-26 2.439250e-27 2.729976e-28 6.760195e-30 -6.261722e-30 -2.054902e-30 -4.300985e-31 -7.139447e-32 -1.002083e-32 -1.223677e-33 -1.320428e-34 -1.271228e-35 -1.098959e-36 -8.569280e-38 -6.046731e-39 -3.870169e-40 -2.250592e-41 -1.190440e-42 -5.731195e-44 -2.511943e-45 -1.002139e-46 -3.637114e-48 -1.199714e-49 -3.591577e-51 -9.740255e-53 -2.387219e-54 -5.271601e-56 -1.044947e-57 -1.850699e-59 -2.911896e-61 -4.041259e-63 -4.903074e-65 -5.141375e-67 -4.591129e-69 -3.423020e-71 -2.073264e-73 -9.800088e-76 -3.391376e-78 -7.641436e-81 -8.213328e-84 0.000000e+00 0.000000e+00 0.000000e+00 0.000000e+00 0.000000e+00 0.000000e+00 0.000000e+00
0.000000e+00 0.000000e+00 0.000000e+00 0.000000e+00 0.000000e+00 0.000000e+00 5.090103e-84 9.296843e-81 4.308002e-78 1.269913e-75 2.741765e-73 4.621814e-71 6.332187e-69 7.246985e-67 7.066630e-65 5.958794e-63 4.394990e-61 2.860960e-59 1.655504e-57 8.564805e-56 3.980150e-54 1.667700e-52 6.319718e-51 2.171188e-49 6.775563e-48 1.923390e-46 4.971691e-45 1.170909e-43 2.513182e-42 4.915119e-41 8.753883e-40 1.418304e-38 2.087122e-37 2.783238e-36 3.352736e-35 3.632149e-34 3.516107e-33 3.012211e-32 2.247675e-31 1.418340e-30 7.072564e-30 2.189514e-29 -3.824882e-29 -1.233710e-27 -1.153534e-26 -7.672995e-26 -4.101448e-25 -1.832026e-24 -6.943518e-24 -2.245197e-23 -6.196099e-23 -1.455085e-22 -2.890683e-22 -4.810759e-22 -6.594555e-22 -7.196959e-22 -5.724245e-22 -2.196323e-22 2.196323e-22 5.724245e-22 7.196959e-22 6.594555e-22 4.810759e-22 2.890683e-22 1.455085e-22 6.196099e-23 2.245197e-23 6.943518e-24 1.832026e-24 4.101448e-25 7.672995e-26 1.153534e-26 1.233710e-27 3.824882e-29 -2.189514e-29 -7.072564e-30 -1.418340e-30 -2.247675e-31 -3.012211e-32 -3.516107e-33 -3.632149e-34 -3.352736e-35 -2.783238e-36 -2.087122e-37 -1.418304e-38 -8.753883e-40 -4.915119e-41 -2.513182e-42 -1.170909e-43 -4.971691e-45 -1.923390e-46 -6.775563e-48 -2.171188e-49 -6.319718e-51 -1.667700e-52 -3.980150e-54 -8.564805e-56 -1.655504e-57 -2.860960e-59 -4.394990e-61 -5.958794e-63 -7.066630e-65 -7.246985e-67 -6.332187e-69 -4.621814e-71 -2.741765e-73 -1.269913e-75 -4.308002e-78 -9.296843e-81 -5.090103e-84 0.000000e+00 0.000000e+00 0.000000e+00 0.000000e+00 0.000000e+00 0.000000e+00
0.000000e+00 0.000000e+00 0.000000e+00 0.000000e+00 0.000000e+00 4.778755e-85 4.627652e-81 4.207988e-78 1.295734e-75 2.855737e-73 4.916267e-71 6.881909e-69 8.051014e-67 8.028945e-65 6.927585e-63 5.231108e-61 3.488237e-59 2.068907e-57 1.097779e-55 5.235623e-54 2.252980e-52 8.774505e-51 3.100558e-49 9.959928e-48 2.912842e-46 7.763986e-45 1.887342e-43 4.185419e-42 8.466529e-41 1.561445e-39 2.622889e-38 4.006898e-37 5.554712e-36 6.966270e-35 7.869194e-34 7.956132e-33 7.130534e-32 5.575203e-31 3.690802e-30 1.929817e-29 6.189098e-29 -1.345021e-28 -4.179075e-27 -4.132349e-26 -2.937735e-25 -1.689277e-24 -8.166456e-24 -3.371095e-23 -1.195561e-22 -3.647686e-22 -9.559403e-22 -2.143790e-21 -4.089288e-21 -6.572032e-21 -8.753824e-21 -9.345333e-21 -7.322970e-21 -2.788677e-21 2.788677e-21 7.322970e-21 9.345333e-21 8.753824e-21 6.572032e-21 4.089288e-21 2.143790e-21 9.559403e-22 3.647686e-22 1.195561e-22 3.371095e-23 8.166456e-24 1.689277e-24 2.937735e-25 4.132349e-26 4.179075e-27 1.345021e-28 -6.189098e-29 -1.929817e-29 -3.690802e-30 -5.575203e-31 -7.130534e-32 -7.956132e-33 -7.869194e-34 -6.966270e-35 -5.554712e-36 -4.006898e-37 -2.622889e-38 -1.561445e-39 -8.466529e-41 -4.185419e-42 -1.887342e-43 -7.763986e-45 -2.912842e-46 -9.959928e-48 -3.100558e-49 -8.774505e-51 -2.252980e-52 -5.235623e-54 -1.097779e-55 -2.068907e-57 -3.488237e-59 -5.231108e-61 -6.927585e-63 -8.028945e-65 -8.051014e-67 -6.881909e-69 -4.916267e-71 -2.855737e-73 -1.295734e-75 -4.207988e-78 -4.627652e-81 -4.778755e-85 0.000000e+00 0.000000e+00 0.000000e+00 0.000000e+00 0.000000e+00
0.000000e+00 0.000000e+00 0.000000e+00 0.000000e+00 7.644490e-87 4.265791e-82 2.055484e-78 1.240675e-75 2.855736e-73 5.018708e-71 7.174818e-69 8.576204e-67 8.742811e-65 7.715025e-63 5.961237e-61 4.069777e-59 2.472711e-57 1.344847e-55 6.578430e-54 2.905302e-52 1.162078e-50 4.220327e-49 1.394400e-47 4.197814e-46 1.152752e-44 2.889601e-43 6.614190e-42 1.382398e-40 2.637002e-39 4.586862e-38 7.264777e-37 1.045473e-35 1.362957e-34 1.602760e-33 1.689472e-32 1.581068e-31 1.292738e-30 8.959455e-30 4.902507e-29 1.627292e-28 -4.246255e-28 -1.297695e-26 -1.353854e-25 -1.024579e-24 -6.307152e-24 -3.281097e-23 -1.465386e-22 -5.655821e-22 -1.890273e-21 -5.467135e-21 -1.365027e-20 -2.930484e-20 -5.377849e-20 -8.360000e-20 -1.083479e-19 -1.132710e-19 -8.751084e-20 -3.308830e-20 3.308830e-20 8.751084e-20 1.132710e-19 1.083479e-19 8.360000e-20 5.377849e-20 2.930484e-20 1.365027e-20 5.467135e-21 1.890273e-21 5.655821e-22 1.465386e-22 3.281097e-23 6.307152e-24 1.024579e-24 1.353854e-25 1.297695e-26 4.246255e-28 -1.627292e-28 -4.902507e-29 -8.959455e-30 -1.292738e-30 -1.581068e-31 -1.689472e-32 -1.602760e-33 -1.362957e-34 -1.045473e-35 -7.264777e-37 -4.586862e-38 -2.637002e-39 -1.382398e-40 -6.614190e-42 -2.889601e-43 -1.152752e-44 -4.197814e-46 -1.394400e-47 -4.220327e-49 -1.162078e-50 -2.905302e-52 -6.578430e-54 -1.344847e-55 -2.472711e-57 -4.069777e-59 -5.961237e-61 -7.715025e-63 -8.742811e-65 -8.576204e-67 -7.174818e-69 -5.018708e-71 -2.855736e-73 -1.240675e-75 -2.055484e-78 -4.265791e-82 -7.644490e-87 0.000000e+00 0.000000e+00 0.000000e+00 0.000000e+00
0.000000e+00 0.000000e+00 0.000000e+00 2.728354e-89 6.697610e-84 1.859635e-79 5.944601e-76 2.679168e-73 4.916264e-71 7.174818e-69 8.758718e-67 9.123029e-65 8.229497e-63 6.503317e-61 4.543140e-59 2.826054e-57 1.574517e-55 7.894439e-54 3.575899e-52 1.467940e-50 5.475152e-49 1.859212e-47 5.756878e-46 1.627314e-44 4.202561e-43 9.919360e-42 2.139852e-40 4.217376e-39 7.587391e-38 1.244331e-36 1.856455e-35 2.512253e-34 3.070723e-33 3.369151e-32 3.286516e-31 2.804826e-30 2.031157e-29 1.160926e-28 3.984103e-28 -1.217765e-27 -3.707205e-26 -4.071141e-25 -3.268130e-24 -2.144505e-23 -1.194579e-22 -5.739472e-22 -2.395047e-21 -8.702151e-21 -2.752994e-20 -7.571067e-20 -1.805028e-19 -3.716193e-19 -6.570751e-19 -9.892729e-19 -1.248892e-18 -1.279705e-18 -9.753814e-19 -3.662931e-19 3.662931e-19 9.753814e-19 1.279705e-18 1.248892e-18 9.892729e-19 6.570751e-19 3.716193e-19 1.805028e-19 7.571067e-20 2.752994e-20 8.702151e-21 2.395047e-21 5.739472e-22 1.194579e-22 2.144505e-23 3.268130e-24 4.071141e-25 3.707205e-26 1.217765e-27 -3.984103e-28 -1.160926e-28 -2.031157e-29 -2.804826e-30 -3.286516e-31 -3.369151e-32 -3.070723e-33 -2.512253e-34 -1.856455e-35 -1.244331e-36 -7.587391e-38 -4.217376e-39 -2.139852e-40 -9.919360e-42 -4.202561e-43 -1.627314e-44 -5.756878e-46 -1.859212e-47 -5.475152e-49 -1.467940e-50 -3.575899e-52 -7.894439e-54 -1.574517e-55 -2.826054e-57 -4.543140e-59 -6.503317e-61 -8.229497e-63 -9.123029e-65 -8.758718e-67 -7.174818e-69 -4.916264e-71 -2.679168e-73 -5.944601e-76 -1.859635e-79 -6.697610e-84 -2.728354e-89 0.000000e+00 0.000000e+00 0.000000e+00
0.000000e+00 0.000000e+00 2.792364e-92 2.345013e-86 2.864513e-81 5.276274e-77 1.258648e-73 4.517188e-71 6.881904e-69 8.576204e-67 9.123029e-65 8.408446e-63 6.792432e-61 4.852984e-59 3.089013e-57 1.762008e-55 9.049999e-54 4.201811e-52 1.769104e-50 6.772031e-49 2.361713e-47 7.515789e-46 2.185137e-44 5.808840e-43 1.412521e-41 3.142099e-40 6.391674e-39 1.188053e-37 2.015167e-36 3.112998e-35 4.367081e-34 5.540429e-33 6.317741e-32 6.413430e-31 5.703300e-30 4.307822e-29 2.567431e-28 9.101504e-28 -3.196204e-27 -9.776743e-26 -1.127709e-24 -9.572212e-24 -6.670308e-23 -3.961530e-22 -2.037582e-21 -9.141804e-21 -3.588033e-20 -1.232481e-19 -3.701320e-19 -9.698845e-19 -2.211457e-18 -4.371953e-18 -7.456534e-18 -1.088401e-17 -1.339632e-17 -1.346410e-17 -1.012954e-17 -3.779227e-18 3.779227e-18 1.012954e-17 1.346410e-17 1.339632e-17 1.088401e-17 7.456534e-18 4.371953e-18 2.211457e-18 9.698845e-19 3.701320e-19 1.232481e-19 3.588033e-20 9.141804e-21 2.037582e-21 3.961530e-22 6.670308e-23 9.572212e-24 1.127709e-24 9.776743e-26 3.196204e-27 -9.101504e-28 -2.567431e-28 -4.307822e-29 -5.703300e-30 -6.413430e-31 -6.317741e-32 -5.540429e-33 -4.367081e-34 -3.112998e-35 -2.015167e-36 -1.188053e-37 -6.391674e-39 -3.142099e-40 -1.412521e-41 -5.808840e-43 -2.185137e-44 -7.515789e-46 -2.361713e-47 -6.772031e-49 -1.769104e-50 -4.201811e-52 -9.049999e-54 -1.762008e-55 -3.089013e-57 -4.852984e-59 -6.792432e-61 -8.408446e-63 -9.123029e-65 -8.576204e-67 -6.881904e-69 -4.517188e-71 -1.258648e-73 -5.276274e-77 -2.864513e-81 -2.345013e-86 -2.792364e-92 0.000000e+00 0.000000e+00
0.000000e+00 9.912582e-96 2.353225e-89 9.834620e-84 7.970068e-79 1.095491e-74 2.079786e-71 6.190069e-69 8.051005e-67 8.742811e-65 8.229497e-63 6.792432e-61 4.960857e-59 3.229460e-57 1.884970e-55 9.912104e-54 4.714330e-52 2.034512e-50 7.987644e-49 2.858927e-47 9.343817e-46 2.791999e-44 7.633834e-43 1.910789e-41 4.378936e-40 9.185053e-39 1.762099e-37 3.087914e-36 4.933435e-35 7.165717e-34 9.423557e-33 1.115224e-31 1.176401e-30 1.088358e-29 8.560278e-29 5.311646e-28 1.943570e-27 -7.719717e-27 -2.387224e-25 -2.886446e-24 -2.583324e-23 -1.905335e-22 -1.201913e-21 -6.589692e-21 -3.163483e-20 -1.333942e-19 -4.944418e-19 -1.609997e-18 -4.598494e-18 -1.149720e-17 -2.509930e-17 -4.769335e-17 -7.853241e-17 -1.112274e-16 -1.335732e-16 -1.317600e-16 -9.788879e-17 -3.629130e-17 3.629130e-17 9.788879e-17 1.317600e-16 1.335732e-16 1.112274e-16 7.853241e-17 4.769335e-17 2.509930e-17 1.149720e-17 4.598494e-18 1.609997e-18 4.944418e-19 1.333942e-19 3.163483e-20 6.589692e-21 1.201913e-21 1.905335e-22 2.583324e-23 2.886446e-24 2.387224e-25 7.719717e-27 -1.943570e-27 -5.311646e-28 -8.560278e-29 -1.088358e-29 -1.176401e-30 -1.115224e-31 -9.423557e-33 -7.165717e-34 -4.933435e-35 -3.087914e-36 -1.762099e-37 -9.185053e-39 -4.378936e-40 -1.910789e-41 -7.633834e-43 -2.791999e-44 -9.343817e-46 -2.858927e-47 -7.987644e-49 -2.034512e-50 -4.714330e-52 -9.912104e-54 -1.884970e-55 -3.229460e-57 -4.960857e-59 -6.792432e-61 -8.229497e-63 -8.742811e-65 -8.051005e-67 -6.190069e-69 -2.079786e-71 -1.095491e-74 -7.970068e-79 -9.834620e-84 -2.353225e-89 -9.912582e-96 0.000000e+00
1.407406e-99 8.186349e-93 9.672124e-87 2.681945e-81 1.622016e-76 1.774287e-72 2.791843e-69 7.085747e-67 8.028932e-65 7.715025e-63 6.503317e-61 4.852984e-59 3.229460e-57 1.927820e-55 1.037324e-53 5.051134e-52 2.233031e-50 8.986195e-49 3.298772e-47 1.106492e-45 3.395559e-44 9.541644e-43 2.456443e-41 5.794590e-40 1.252164e-38 2.476972e-37 4.479955e-36 7.394424e-35 1.110740e-33 1.512304e-32 1.855024e-31 2.030517e-30 1.951509e-29 1.595948e-28 1.029525e-27 3.885833e-27 -1.723050e-26 -5.410591e-25 -6.845156e-24 -6.443040e-23 -5.014779e-22 -3.348743e-21 -1.949768e-20 -9.973402e-20 -4.496955e-19 -1.789174e-18 -6.279033e-18 -1.941471e-17 -5.280239e-17 -1.260757e-16 -2.637152e-16 -4.819805e-16 -7.667325e-16 -1.054398e-15 -1.236193e-15 -1.197407e-15 -8.787867e-16 -3.238100e-16 3.238100e-16 8.787867e-16 1.197407e-15 1.236193e-15 1.054398e-15 7.667325e-16 4.819805e-16 2.637152e-16 1.260757e-16 5.280239e-17 1.941471e-17 6.279033e-18 1.789174e-18 4.496955e-19 9.973402e-20 1.949768e-20 3.348743e-21 5.014779e-22 6.443040e-23 6.845156e-24 5.410591e-25 1.723050e-26 -3.885833e-27 -1.029525e-27 -1.595948e-28 -1.951509e-29 -2.030517e-30 -1.855024e-31 -1.512304e-32 -1.110740e-33 -7.394424e-35 -4.479955e-36 -2.476972e-37 -1.252164e-38 -5.794590e-40 -2.456443e-41 -9.541644e-43 -3.395559e-44 -1.106492e-45 -3.298772e-47 -8.986195e-49 -2.233031e-50 -5.051134e-52 -1.037324e-53 -1.927820e-55 -3.229460e-57 -4.852984e-59 -6.503317e-61 -7.715025e-63 -8.028932e-65 -7.085747e-67 -2.791843e-69 -1.774287e-72 -1.622016e-76 -2.681945e-81 -9.672124e-87 -8.186349e-93 -1.407406e-99
1.138391e-96 3.295721e-90 2.583749e-84 5.347059e-79 2.573795e-74 2.333401e-70 3.129078e-67 6.910789e-65 6.927571e-63 5.961237e-61 4.543140e-59 3.089013e-57 1.884970e-55 1.037324e-53 5.168625e-52 2.339382e-50 9.643783e-49 3.628656e-47 1.248340e-45 3.931599e-44 1.134622e-42 3.002043e-41 7.283549e-40 1.620083e-38 3.301540e-37 6.157040e-36 1.048840e-34 1.627602e-33 2.291657e-32 2.910026e-31 3.301115e-30 3.291443e-29 2.794881e-28 1.871915e-27 7.284063e-27 -3.565963e-26 -1.140777e-24 -1.507545e-23 -1.488908e-22 -1.219663e-21 -8.596062e-21 -5.297428e-20 -2.876606e-19 -1.381259e-18 -5.871872e-18 -2.209638e-17 -7.353547e-17 -2.161231e-16 -5.600829e-16 -1.277775e-15 -2.562061e-15 -4.505921e-15 -6.928467e-15 -9.255877e-15 -1.059944e-14 -1.008569e-14 -7.314170e-15 -2.679010e-15 2.679010e-15 7.314170e-15 1.008569e-14 1.059944e-14 9.255877e-15 6.928467e-15 4.505921e-15 2.562061e-15 1.277775e-15 5.600829e-16 2.161231e-16 7.353547e-17 2.209638e-17 5.871872e-18 1.381259e-18 2.876606e-19 5.297428e-20 8.596062e-21 1.219663e-21 1.488908e-22 1.507545e-23 1.140777e-24 3.565963e-26 -7.284063e-27 -1.871915e-27 -2.794881e-28 -3.291443e-29 -3.301115e-30 -2.910026e-31 -2.291657e-32 -1.627602e-33 -1.048840e-34 -6.157040e-36 -3.301540e-37 -1.620083e-38 -7.283549e-40 -3.002043e-41 -1.134622e-42 -3.931599e-44 -1.248340e-45 -3.628656e-47 -9.643783e-49 -2.339382e-50 -5.168625e-52 -1.037324e-53 -1.884970e-55 -3.089013e-57 -4.543140e-59 -5.961237e-61 -6.927571e-63 -6.910789e-65 -3.129078e-67 -2.333401e-70 -2.573795e-74 -5.347059e-79 -2.583749e-84 -3.295721e-90 -1.138391e-96
4.486418e-94 8.619077e-88 5.043506e-82 8.307824e-77 3.314559e-72 2.560893e-68 2.986585e-65 5.828559e-63 5.231095e-61 4.069777e-59 2.826054e-57 1.762008e-55 9.912104e-54 5.051134e-52 2.339382e-50 9.873417e-49 3.805667e-47 1.341959e-45 4.334767e-44 1.283867e-42 3.488621e-41 8.698802e-40 1.990033e-38 4.174363e-37 8.019707e-36 1.408605e-34 2.255908e-33 3.281213e-32 4.308510e-31 5.059165e-30 5.226640e-29 4.602255e-28 3.196468e-27 1.281747e-26 -6.861385e-26 -2.241741e-24 -3.089616e-23 -3.195089e-22 -2.748031e-21 -2.038667e-20 -1.325828e-19 -7.617881e-19 -3.881297e-18 -1.755931e-17 -7.053894e-17 -2.514167e-16 -7.940858e-16 -2.219446e-15 -5.482064e-15 -1.195241e-14 -2.297798e-14 -3.889746e-14 -5.783075e-14 -7.507939e-14 -8.400938e-14 -7.855106e-14 -5.630238e-14 -2.050167e-14 2.050167e-14 5.630238e-14 7.855106e-14 8.400938e-14 7.507939e-14 5.783075e-14 3.889746e-14 2.297798e-14 1.195241e-14 5.482064e-15 2.219446e-15 7.940858e-16 2.514167e-16 7.053894e-17 1.755931e-17 3.881297e-18 7.617881e-19 1.325828e-19 2.038667e-20 2.748031e-21 3.195089e-22 3.089616e-23 2.241741e-24 6.861385e-26 -1.281747e-26 -3.196468e-27 -4.602255e-28 -5.226640e-29 -5.059165e-30 -4.308510e-31 -3.281213e-32 -2.255908e-33 -1.408605e-34 -8.019707e-36 -4.174363e-37 -1.990033e-38 -8.698802e-40 -3.488621e-41 -1.283867e-42 -4.334767e-44 -1.341959e-45 -3.805667e-47 -9.873417e-49 -2.339382e-50 -5.051134e-52 -9.912104e-54 -1.762008e-55 -2.826054e-57 -4.069777e-59 -5.231095e-61 -5.828559e-63 -2.986585e-65 -2.560893e-68 -3.314559e-72 -8.307824e-77 -5.043506e-82 -8.619077e-88 -4.486418e-94
1.147962e-91 1.646246e-85 7.668185e-80 1.047043e-74 3.560308e-70 2.392220e-66 2.463752e-63 4.299806e-61 3.488226e-59 2.472711e-57 1.574517e-55 9.049999e-54 4.714330e-52 2.233031e-50 9.643783e-49 3.805667e-47 1.374687e-45 4.551467e-44 1.382595e-42 3.855669e-41 9.873516e-40 2.321397e-38 5.008207e-37 9.903666e-36 1.791975e-34 2.959013e-33 4.441576e-32 6.024435e-31 7.314293e-30 7.820388e-29 7.132301e-28 5.131202e-27 2.119510e-26 -1.230168e-25 -4.112555e-24 -5.902706e-23 -6.379427e-22 -5.748318e-21 -4.477955e-20 -3.065061e-19 -1.858006e-18 -1.001250e-17 -4.803631e-17 -2.052018e-16 -7.799646e-16 -2.634830e-15 -7.900311e-15 -2.099961e-14 -4.943412e-14 -1.029938e-13 -1.898362e-13 -3.093414e-13 -4.447702e-13 -5.612815e-13 -6.138133e-13 -5.641005e-13 -3.996827e-13 -1.446995e-13 1.446995e-13 3.996827e-13 5.641005e-13 6.138133e-13 5.612815e-13 4.447702e-13 3.093414e-13 1.898362e-13 1.029938e-13 4.943412e-14 2.099961e-14 7.900311e-15 2.634830e-15 7.799646e-16 2.052018e-16 4.803631e-17 1.001250e-17 1.858006e-18 3.065061e-19 4.477955e-20 5.748318e-21 6.379427e-22 5.902706e-23 4.112555e-24 1.230168e-25 -2.119510e-26 -5.131202e-27 -7.132301e-28 -7.820388e-29 -7.314293e-30 -6.024435e-31 -4.441576e-32 -2.959013e-33 -1.791975e-34 -9.903666e-36 -5.008207e-37 -2.321397e-38 -9.873516e-40 -3.855669e-41 -1.382595e-42 -4.551467e-44 -1.374687e-45 -3.805667e-47 -9.643783e-49 -2.233031e-50 -4.714330e-52 -9.049999e-54 -1.574517e-55 -2.472711e-57 -3.488226e-59 -4.299806e-61 -2.463752e-63 -2.392220e-66 -3.560308e-70 -1.047043e-74 -7.668185e-80 -1.646246e-85 -1.147962e-91
2.144061e-89 2.447742e-83 9.451874e-78 1.100053e-72 3.253271e-68 1.930363e-64 1.776786e-61 2.799574e-59 2.068899e-57 1.344847e-55 7.894439e-54 4.201811e-52 2.034512e-50 8.986195e-49 3.628656e-47 1.341959e-45 4.551467e-44 1.417150e-42 4.053304e-41 1.065249e-39 2.572133e-38 5.702961e-37 1.159880e-35 2.160174e-34 3.674517e-33 5.686700e-32 7.959693e-31 9.981703e-30 1.103319e-28 1.041057e-27 7.750033e-27 3.296678e-26 -2.058864e-25 -7.053340e-24 -1.052865e-22 -1.187128e-21 -1.118449e-20 -9.128875e-20 -6.560717e-19 -4.184844e-18 -2.378379e-17 -1.206265e-16 -5.460793e-16 -2.205202e-15 -7.934895e-15 -2.540803e-14 -7.230990e-14 -1.827270e-13 -4.097899e-13 -8.155753e-13 -1.440912e-12 -2.259947e-12 -3.142392e-12 -3.855026e-12 -4.120829e-12 -3.722649e-12 -2.607560e-12 -9.386339e-13 9.386339e-13 2.607560e-12 3.722649e-12 4.120829e-12 3.855026e-12 3.142392e-12 2.259947e-12 1.440912e-12 8.155753e-13 4.097899e-13 1.827270e-13 7.230990e-14 2.540803e-14 7.934895e-15 2.205202e-15 5.460793e-16 1.206265e-16 2.378379e-17 4.184844e-18 6.560717e-19 9.128875e-20 1.118449e-20 1.187128e-21 1.052865e-22 7.053340e-24 2.058864e-25 -3.296678e-26 -7.750033e-27 -1.041057e-27 -1.103319e-28 -9.981703e-30 -7.959693e-31 -5.686700e-32 -3.674517e-33 -2.160174e-34 -1.159880e-35 -5.702961e-37 -2.572133e-38 -1.065249e-39 -4.053304e-41 -1.417150e-42 -4.551467e-44 -1.341959e-45 -3.628656e-47 -8.986195e-49 -2.034512e-50 -4.201811e-52 -7.894439e-54 -1.344847e-55 -2.068899e-57 -2.799574e-59 -1.776786e-61 -1.930363e-64 -3.253271e-68 -1.100053e-72 -9.451874e-78 -2.447742e-83 -2.144061e-89
3.115520e-87 2.948829e-81 9.706533e-76 9.826172e-71 2.566456e-66 1.360965e-62 1.130263e-59 1.620320e-57 1.097775e-55 6.578430e-54 3.575899e-52 1.769104e-50 7.987644e-49 3.298772e-47 1.248340e-45 4.334767e-44 1.382595e-42 4.053304e-41 1.092545e-39 2.707390e-38 6.164826e-37 1.288561e-35 2.468172e-34 4.321360e-33 6.889176e-32 9.941615e-31 1.286455e-29 1.468558e-28 1.432150e-27 1.102148e-26 4.826931e-26 -3.221494e-25 -1.132303e-23 -1.755663e-22 -2.061888e-21 -2.027480e-20 -1.730429e-19 -1.302915e-18 -8.724367e-18 -5.215807e-17 -2.788689e-16 -1.333802e-15 -5.703530e-15 -2.178137e-14 -7.418930e-14 -2.250837e-13 -6.076245e-13 -1.458692e-12 -3.114234e-12 -5.916958e-12 -1.001539e-11 -1.511451e-11 -2.032103e-11 -2.423277e-11 -2.531949e-11 -2.248402e-11 -1.556990e-11 -5.572657e-12 5.572657e-12 1.556990e-11 2.248402e-11 2.531949e-11 2.423277e-11 2.032103e-11 1.511451e-11 1.001539e-11 5.916958e-12 3.114234e-12 1.458692e-12 6.076245e-13 2.250837e-13 7.418930e-14 2.178137e-14 5.703530e-15 1.333802e-15 2.788689e-16 5.215807e-17 8.724367e-18 1.302915e-18 1.730429e-19 2.027480e-20 2.061888e-21 1.755663e-22 1.132303e-23 3.221494e-25 -4.826931e-26 -1.102148e-26 -1.432150e-27 -1.468558e-28 -1.286455e-29 -9.941615e-31 -6.889176e-32 -4.321360e-33 -2.468172e-34 -1.288561e-35 -6.164826e-37 -2.707390e-38 -1.092545e-39 -4.053304e-41 -1.382595e-42 -4.334767e-44 -1.248340e-45 -3.298772e-47 -7.987644e-49 -1.769104e-50 -3.575899e-52 -6.578430e-54 -1.097775e-55 -1.620320e-57 -1.130263e-59 -1.360965e-62 -2.566456e-66 -9.826172e-71 -9.706533e-76 -2.948829e-81 -3.115520e-87
3.665822e-85 2.957946e-79 8.469728e-74 7.573128e-69 1.767906e-64 8.458720e-61 6.387475e-58 8.384543e-56 5.235596e-54 2.905302e-52 1.467940e-50 6.772031e-49 2.858927e-47 1.106492e-45 3.931599e-44 1.283867e-42 3.855669e-41 1.065249e-39 2.707390e-38 6.326876e-37 1.358111e-35 2.673467e-34 4.814049e-33 7.899208e-32 1.174216e-30 1.566456e-29 1.845026e-28 1.857829e-27 1.476705e-26 6.657511e-26 -4.718386e-25 -1.703197e-23 -2.739973e-22 -3.346804e-21 -3.429050e-20 -3.054748e-19 -2.404944e-18 -1.686857e-17 -1.058376e-16 -5.950322e-16 -2.998649e-15 -1.353811e-14 -5.469708e-14 -1.974917e-13 -6.363539e-13 -1.827628e-12 -4.675040e-12 -1.065007e-11 -2.162244e-11 -3.918231e-11 -6.349373e-11 -9.214713e-11 -1.197445e-10 -1.387677e-10 -1.416959e-10 -1.236733e-10 -8.466149e-11 -3.012739e-11 3.012739e-11 8.466149e-11 1.236733e-10 1.416959e-10 1.387677e-10 1.197445e-10 9.214713e-11 6.349373e-11 3.918231e-11 2.162244e-11 1.065007e-11 4.675040e-12 1.827628e-12 6.363539e-13 1.974917e-13 5.469708e-14 1.353811e-14 2.998649e-15 5.950322e-16 1.058376e-16 1.686857e-17 2.404944e-18 3.054748e-19 3.429050e-20 3.346804e-21 2.739973e-22 1.703197e-23 4.718386e-25 -6.657511e-26 -1.476705e-26 -1.857829e-27 -1.845026e-28 -1.566456e-29 -1.174216e-30 -7.899208e-32 -4.814049e-33 -2.673467e-34 -1.358111e-35 -6.326876e-37 -2.707390e-38 -1.065249e-39 -3.855669e-41 -1.283867e-42 -3.931599e-44 -1.106492e-45 -2.858927e-47 -6.772031e-49 -1.467940e-50 -2.905302e-52 -5.235596e-54 -8.384543e-56 -6.387475e-58 -8.458720e-61 -1.767906e-64 -7.573128e-69 -8.469728e-74 -2.957946e-79 -3.665822e-85
3.589137e-83 2.519491e-77 6.372644e-72 5.093367e-67 1.072911e-62 4.667656e-59 3.225343e-56 3.897213e-54 2.252966e-52 1.162078e-50 5.475152e-49 2.361713e-47 9.343817e-46 3.395559e-44 1.134622e-42 3.488621e-41 9.873516e-40 2.572133e-38 6.164826e-37 1.358111e-35 2.745591e-34 5.080875e-33 8.574287e-32 1.311840e-30 1.802648e-29 2.188754e-28 2.273609e-27 1.865013e-26 8.654488e-26 -6.475549e-25 -2.402586e-23 -4.005926e-22 -5.082275e-21 -5.417403e-20 -5.028888e-19 -4.132204e-18 -3.030119e-17 -1.991028e-16 -1.174385e-15 -6.220483e-15 -2.957268e-14 -1.260465e-13 -4.809744e-13 -1.640576e-12 -4.995085e-12 -1.356182e-11 -3.282168e-11 -7.084247e-11 -1.365756e-10 -2.357406e-10 -3.653269e-10 -5.094368e-10 -6.394420e-10 -7.197650e-10 -7.179766e-10 -6.157545e-10 -4.166153e-10 -1.473907e-10 1.473907e-10 4.166153e-10 6.157545e-10 7.179766e-10 7.197650e-10 6.394420e-10 5.094368e-10 3.653269e-10 2.357406e-10 1.365756e-10 7.084247e-11 3.282168e-11 1.356182e-11 4.995085e-12 1.640576e-12 4.809744e-13 1.260465e-13 2.957268e-14 6.220483e-15 1.174385e-15 1.991028e-16 3.030119e-17 4.132204e-18 5.028888e-19 5.417403e-20 5.082275e-21 4.005926e-22 2.402586e-23 6.475549e-25 -8.654488e-26 -1.865013e-26 -2.273609e-27 -2.188754e-28 -1.802648e-29 -1.311840e-30 -8.574287e-32 -5.080875e-33 -2.745591e-34 -1.358111e-35 -6.164826e-37 -2.572133e-38 -9.873516e-40 -3.488621e-41 -1.134622e-42 -3.395559e-44 -9.343817e-46 -2.361713e-47 -5.475152e-49 -1.162078e-50 -2.252966e-52 -3.897213e-54 -3.225343e-56 -4.667656e-59 -1.072911e-62 -5.093367e-67 -6.372644e-72 -2.519491e-77 -3.589137e-83
2.981933e-81 1.849223e-75 4.181382e-70 3.015972e-65 5.777247e-61 2.299896e-57 1.461950e-54 1.633304e-52 8.774445e-51 4.220327e-49 1.859212e-47 7.515789e-46 2.791999e-44 9.541644e-43 3.002043e-41 8.698802e-40 2.321397e-38 5.702961e-37 1.288561e-35 2.673467e-34 5.080875e-33 8.811779e-32 1.386529e-30 1.960958e-29 2.452416e-28 2.625810e-27 2.221138e-26 1.060852e-25 -8.334110e-25 -3.180652e-23 -5.491076e-22 -7.226700e-21 -8.002983e-20 -7.729389e-19 -6.617803e-18 -5.064294e-17 -3.478215e-16 -2.147949e-15 -1.193173e-14 -5.958998e-14 -2.672673e-13 -1.074900e-12 -3.870022e-12 -1.245307e-11 -3.576687e-11 -9.162262e-11 -2.093610e-10 -4.272639e-10 -7.806456e-10 -1.281251e-09 -1.896023e-09 -2.537317e-09 -3.073146e-09 -3.357153e-09 -3.269313e-09 -2.753707e-09 -1.840853e-09 -6.473523e-10 6.473523e-10 1.840853e-09 2.753707e-09 3.269313e-09 3.357153e-09 3.073146e-09 2.537317e-09 1.896023e-09 1.281251e-09 7.806456e-10 4.272639e-10 2.093610e-10 9.162262e-11 3.576687e-11 1.245307e-11 3.870022e-12 1.074900e-12 2.672673e-13 5.958998e-14 1.193173e-14 2.147949e-15 3.478215e-16 5.064294e-17 6.617803e-18 7.729389e-19 8.002983e-20 7.226700e-21 5.491076e-22 3.180652e-23 8.334110e-25 -1.060852e-25 -2.221138e-26 -2.625810e-27 -2.452416e-28 -1.960958e-29 -1.386529e-30 -8.811779e-32 -5.080875e-33 -2.673467e-34 -1.288561e-35 -5.702961e-37 -2.321397e-38 -8.698802e-40 -3.002043e-41 -9.541644e-43 -2.791999e-44 -7.515789e-46 -1.859212e-47 -4.220327e-49 -8.774445e-51 -1.633304e-52 -1.461950e-54 -2.299896e-57 -5.777247e-61 -3.015972e-65 -4.181382e-70 -1.849223e-75 -2.981933e-81
2.133299e-79 1.182796e-73 2.413844e-68 1.583441e-63 2.775850e-59 1.016558e-55 5.970720e-53 6.190748e-51 3.100534e-49 1.394400e-47 5.756878e-46 2.185137e-44 7.633834e-43 2.456443e-41 7.283549e-40 1.990033e-38 5.008207e-37 1.159880e-35 2.468172e-34 4.814049e-33 8.574287e-32 1.386529e-30 2.016731e-29 2.595810e-28 2.862537e-27 2.495177e-26 1.226596e-25 -1.006502e-24 -3.953901e-23 -7.061415e-22 -9.629390e-21 -1.106434e-19 -1.110240e-18 -9.889657e-18 -7.884984e-17 -5.650590e-16 -3.646513e-15 -2.120062e-14 -1.109916e-13 -5.226415e-13 -2.210072e-12 -8.377426e-12 -2.841272e-11 -8.607837e-11 -2.326702e-10 -5.608990e-10 -1.206825e-09 -2.322355e-09 -4.010900e-09 -6.244886e-09 -8.806511e-09 -1.128984e-08 -1.317447e-08 -1.394962e-08 -1.324826e-08 -1.095053e-08 -7.228917e-09 -2.526163e-09 2.526163e-09 7.228917e-09 1.095053e-08 1.324826e-08 1.394962e-08 1.317447e-08 1.128984e-08 8.806511e-09 6.244886e-09 4.010900e-09 2.322355e-09 1.206825e-09 5.608990e-10 2.326702e-10 8.607837e-11 2.841272e-11 8.377426e-12 2.210072e-12 5.226415e-13 1.109916e-13 2.120062e-14 3.646513e-15 5.650590e-16 7.884984e-17 9.889657e-18 1.110240e-18 1.106434e-19 9.629390e-21 7.061415e-22 3.953901e-23 1.006502e-24 -1.226596e-25 -2.495177e-26 -2.862537e-27 -2.595810e-28 -2.016731e-29 -1.386529e-30 -8.574287e-32 -4.814049e-33 -2.468172e-34 -1.159880e-35 -5.008207e-37 -1.990033e-38 -7.283549e-40 -2.456443e-41 -7.633834e-43 -2.185137e-44 -5.756878e-46 -1.394400e-47 -3.100534e-49 -6.190748e-51 -5.970720e-53 -1.016558e-55 -2.775850e-59 -1.583441e-63 -2.413844e-68 -1.182796e-73 -2.133299e-79
1.329002e-77 6.651168e-72 1.234616e-66 7.412732e-62 1.195564e-57 4.045606e-54 2.203779e-51 2.127360e-49 9.959839e-48 4.197814e-46 1.627314e-44 5.808840e-43 1.910789e-41 5.794590e-40 1.620083e-38 4.174363e-37 9.903666e-36 2.160174e-34 4.321360e-33 7.899208e-32 1.311840e-30 1.960958e-29 2.595810e-28 2.946051e-27 2.644499e-26 1.338096e-25 -1.141149e-24 -4.617412e-23 -8.523681e-22 -1.203076e-20 -1.432562e-19 -1.491541e-18 -1.380333e-17 -1.144887e-16 -8.546932e-16 -5.753907e-15 -3.494854e-14 -1.914238e-13 -9.443997e-13 -4.189808e-12 -1.668263e-11 -5.949299e-11 -1.896407e-10 -5.394416e-10 -1.367971e-09 -3.092826e-09 -6.243369e-09 -1.128807e-08 -1.836477e-08 -2.703844e-08 -3.623060e-08 -4.437995e-08 -4.978201e-08 -5.098920e-08 -4.714823e-08 -3.819415e-08 -2.487642e-08 -8.634699e-09 8.634699e-09 2.487642e-08 3.819415e-08 4.714823e-08 5.098920e-08 4.978201e-08 4.437995e-08 3.623060e-08 2.703844e-08 1.836477e-08 1.128807e-08 6.243369e-09 3.092826e-09 1.367971e-09 5.394416e-10 1.896407e-10 5.949299e-11 1.668263e-11 4.189808e-12 9.443997e-13 1.914238e-13 3.494854e-14 5.753907e-15 8.546932e-16 1.144887e-16 1.380333e-17 1.491541e-18 1.432562e-19 1.203076e-20 8.523681e-22 4.617412e-23 1.141149e-24 -1.338096e-25 -2.644499e-26 -2.946051e-27 -2.595810e-28 -1.960958e-29 -1.311840e-30 -7.899208e-32 -4.321360e-33 -2.160174e-34 -9.903666e-36 -4.174363e-37 -1.620083e-38 -5.794590e-40 -1.910789e-41 -5.808840e-43 -1.627314e-44 -4.197814e-46 -9.959839e-48 -2.127360e-49 -2.203779e-51 -4.045606e-54 -1.195564e-57 -7.412732e-62 -1.234616e-66 -6.651168e-72 -1.329002e-77
