0.000000e+00 0.000000e+00 0.000000e+00 0.000000e+00 0.000000e+00 0.000000e+00 0.000000e+00 0.000000e+00 0.000000e+00 0.000000e+00 0.000000e+00 0.000000e+00 0.000000e+00 0.000000e+00 0.000000e+00 0.000000e+00 0.000000e+00 0.000000e+00 0.000000e+00 0.000000e+00 0.000000e+00 0.000000e+00 0.000000e+00 0.000000e+00 0.000000e+00 0.000000e+00 0.000000e+00 0.000000e+00 0.000000e+00 0.000000e+00 0.000000e+00 0.000000e+00 0.000000e+00 0.000000e+00 0.000000e+00 0.000000e+00 0.000000e+00 0.000000e+00 0.000000e+00 0.000000e+00 0.000000e+00 0.000000e+00 0.000000e+00 0.000000e+00 0.000000e+00 0.000000e+00 0.000000e+00 0.000000e+00 0.000000e+00 0.000000e+00 0.000000e+00 0.000000e+00 0.000000e+00 0.000000e+00 0.000000e+00 0.000000e+00 0.000000e+00 0.000000e+00 0.000000e+00 0.000000e+00 0.000000e+00 0.000000e+00 0.000000e+00 0.000000e+00 0.000000e+00 0.000000e+00 0.000000e+00 0.000000e+00 0.000000e+00 0.000000e+00 0.000000e+00 0.000000e+00 0.000000e+00 0.000000e+00 0.000000e+00 0.000000e+00 0.000000e+00 0.000000e+00 0.000000e+00 0.000000e+00 0.000000e+00 0.000000e+00 0.000000e+00 0.000000e+00 0.000000e+00 0.000000e+00 0.000000e+00 0.000000e+00 0.000000e+00 0.000000e+00 0.000000e+00 0.000000e+00 0.000000e+00 0.000000e+00 0.000000e+00 0.000000e+00 0.000000e+00 0.000000e+00 0.000000e+00 0.000000e+00 0.000000e+00 0.000000e+00 0.000000e+00 0.000000e+00 0.000000e+00 0.000000e+00 0.000000e+00 0.000000e+00 0.000000e+00 0.000000e+00 0.000000e+00 0.000000e+00 0.000000e+00 0.000000e+00 0.000000e+00 0.000000e+00
0.000000e+00 0.000000e+00 0.000000e+00 1.357607e-110 3.368817e-105 9.464074e-101 3.063996e-97 1.399925e-94 2.606696e-92 3.864139e-90 4.796550e-88 5.085758e-86 4.675474e-84 3.770166e-82 2.691083e-80 1.712810e-78 9.778935e-77 5.032577e-75 2.343944e-73 9.912831e-72 3.817013e-70 1.341196e-68 4.308097e-67 1.266842e-65 3.414096e-64 8.438865e-63 1.914075e-61 3.984640e-60 7.612734e-59 1.334299e-57 2.144032e-56 3.155218e-55 4.246485e-54 5.216803e-53 5.835286e-52 5.923210e-51 5.431769e-50 4.471992e-49 3.275330e-48 2.103228e-47 1.153748e-46 5.111152e-46 1.533894e-45 -1.074373e-46 -4.233343e-44 -3.722018e-43 -2.204570e-42 -1.034553e-41 -4.033425e-41 -1.329722e-40 -3.728704e-40 -8.889829e-40 -1.793184e-39 -3.030305e-39 -4.215003e-39 -4.658675e-39 -3.740349e-39 -1.442334e-39 1.442334e-39 3.740349e-39 4.658675e-39 4.215003e-39 3.030305e-39 1.793184e-39 8.889829e-40 3.728704e-40 1.329722e-40 4.033425e-41 1.034553e-41 2.204570e-42 3.722018e-43 4.233343e-44 1.074373e-46 -1.533894e-45 -5.111152e-46 -1.153748e-46 -2.103228e-47 -3.275330e-48 -4.471992e-49 -5.431769e-50 -5.923210e-51 -5.835286e-52 -5.216803e-53 -4.246485e-54 -3.155218e-55 -2.144032e-56 -1.334299e-57 -7.612734e-59 -3.984640e-60 -1.914075e-61 -8.438865e-63 -3.414096e-64 -1.266842e-65 -4.308097e-67 -1.341196e-68 -3.817013e-70 -9.912831e-72 -2.343944e-73 -5.032577e-75 -9.778935e-77 -1.712810e-78 -2.691083e-80 -3.770166e-82 -4.675474e-84 -5.085758e-86 -4.796550e-88 -3.864139e-90 -2.606696e-92 -1.399925e-94 -3.063996e-97 -9.464074e-101 -3.368817e-105 -1.357607e-110 0.000000e+00 0.000000e+00 0.000000e+00
0.000000e+00 0.000000e+00 6.138956e-110 5.202470e-104 6.418846e-99 1.195336e-94 2.885706e-91 1.049136e-88 1.620708e-86 2.050084e-84 2.216005e-82 2.077793e-80 1.709603e-78 1.245731e-76 8.098062e-75 4.724543e-73 2.485914e-71 1.184436e-69 5.127234e-68 2.022062e-66 7.281575e-65 2.398676e-63 7.238810e-62 2.003553e-60 5.090120e-59 1.187623e-57 2.545428e-56 5.011426e-55 9.060276e-54 1.503240e-52 2.286649e-51 3.184632e-50 4.053226e-49 4.702710e-48 4.957482e-47 4.726904e-46 4.050654e-45 3.090137e-44 2.066597e-43 1.177921e-42 5.370431e-42 1.578784e-41 -1.579081e-41 -6.454493e-40 -5.713598e-39 -3.559257e-38 -1.784198e-37 -7.506686e-37 -2.694918e-36 -8.306262e-36 -2.199726e-35 -4.991541e-35 -9.647557e-35 -1.572278e-34 -2.123007e-34 -2.293704e-34 -1.813374e-34 -6.938329e-35 6.938329e-35 1.813374e-34 2.293704e-34 2.123007e-34 1.572278e-34 9.647557e-35 4.991541e-35 2.199726e-35 8.306262e-36 2.694918e-36 7.506686e-37 1.784198e-37 3.559257e-38 5.713598e-39 6.454493e-40 1.579081e-41 -1.578784e-41 -5.370431e-42 -1.177921e-42 -2.066597e-43 -3.090137e-44 -4.050654e-45 -4.726904e-46 -4.957482e-47 -4.702710e-48 -4.053226e-49 -3.184632e-50 -2.286649e-51 -1.503240e-52 -9.060276e-54 -5.011426e-55 -2.545428e-56 -1.187623e-57 -5.090120e-59 -2.003553e-60 -7.238810e-62 -2.398676e-63 -7.281575e-65 -2.022062e-66 -5.127234e-68 -1.184436e-69 -2.485914e-71 -4.724543e-73 -8.098062e-75 -1.245731e-76 -1.709603e-78 -2.077793e-80 -2.216005e-82 -2.050084e-84 -1.620708e-86 -1.049136e-88 -2.885706e-91 -1.195336e-94 -6.418846e-99 -5.202470e-104 -6.138956e-110 0.000000e+00 0.000000e+00
0.000000e+00 3.763868e-110 9.000901e-104 3.792683e-98 3.101864e-93 4.306876e-89 8.268023e-86 2.490842e-83 3.282408e-81 3.615316e-79 3.455513e-77 2.899530e-75 2.155626e-73 1.430373e-71 8.522312e-70 4.581758e-68 2.231694e-66 9.881470e-65 3.988390e-63 1.470802e-61 4.964778e-60 1.536319e-58 4.363172e-57 1.138238e-55 2.729103e-54 6.015729e-53 1.219110e-51 2.270721e-50 3.885058e-49 6.100151e-48 8.778402e-47 1.155661e-45 1.388414e-44 1.517185e-43 1.501069e-42 1.335870e-41 1.058835e-40 7.353646e-40 4.339591e-39 2.024867e-38 5.709104e-38 -1.352543e-37 -3.447753e-36 -3.091357e-35 -2.019281e-34 -1.075579e-33 -4.850893e-33 -1.881141e-32 -6.311563e-32 -1.834910e-31 -4.615565e-31 -1.000762e-30 -1.858708e-30 -2.927677e-30 -3.844091e-30 -4.064984e-30 -3.167305e-30 -1.203000e-30 1.203000e-30 3.167305e-30 4.064984e-30 3.844091e-30 2.927677e-30 1.858708e-30 1.000762e-30 4.615565e-31 1.834910e-31 6.311563e-32 1.881141e-32 4.850893e-33 1.075579e-33 2.019281e-34 3.091357e-35 3.447753e-36 1.352543e-37 -5.709104e-38 -2.024867e-38 -4.339591e-39 -7.353646e-40 -1.058835e-40 -1.335870e-41 -1.501069e-42 -1.517185e-43 -1.388414e-44 -1.155661e-45 -8.778402e-47 -6.100151e-48 -3.885058e-49 -2.270721e-50 -1.219110e-51 -6.015729e-53 -2.729103e-54 -1.138238e-55 -4.363172e-57 -1.536319e-58 -4.964778e-60 -1.470802e-61 -3.988390e-63 -9.881470e-65 -2.231694e-66 -4.581758e-68 -8.522312e-70 -1.430373e-71 -2.155626e-73 -2.899530e-75 -3.455513e-77 -3.615316e-79 -3.282408e-81 -2.490842e-83 -8.268023e-86 -4.306876e-89 -3.101864e-93 -3.792683e-98 -9.000901e-104 -3.763868e-110 0.000000e+00
3.061330e-111 1.790457e-104 2.128929e-98 5.946359e-93 3.626015e-88 4.003126e-84 6.363744e-81 1.633431e-78 1.873700e-76 1.824660e-74 1.560598e-72 1.183086e-70 8.008738e-69 4.870169e-67 2.673612e-65 1.330445e-63 6.021514e-62 2.485644e-60 9.379913e-59 3.241938e-57 1.027818e-55 2.992602e-54 8.009168e-53 1.971479e-51 4.464818e-50 9.303426e-49 1.783223e-47 3.142353e-46 5.086311e-45 7.552413e-44 1.026887e-42 1.275409e-41 1.442164e-40 1.477727e-39 1.362885e-38 1.119725e-37 8.053621e-37 4.903431e-36 2.327578e-35 6.110873e-35 -2.729098e-34 -5.518776e-33 -5.029735e-32 -3.435136e-31 -1.935250e-30 -9.302247e-30 -3.870115e-29 -1.402180e-28 -4.432583e-28 -1.221834e-27 -2.929622e-27 -6.085152e-27 -1.088175e-26 -1.659153e-26 -2.121042e-26 -2.197433e-26 -1.688573e-26 -6.368742e-27 6.368742e-27 1.688573e-26 2.197433e-26 2.121042e-26 1.659153e-26 1.088175e-26 6.085152e-27 2.929622e-27 1.221834e-27 4.432583e-28 1.402180e-28 3.870115e-29 9.302247e-30 1.935250e-30 3.435136e-31 5.029735e-32 5.518776e-33 2.729098e-34 -6.110873e-35 -2.327578e-35 -4.903431e-36 -8.053621e-37 -1.119725e-37 -1.362885e-38 -1.477727e-39 -1.442164e-40 -1.275409e-41 -1.026887e-42 -7.552413e-44 -5.086311e-45 -3.142353e-46 -1.783223e-47 -9.303426e-49 -4.464818e-50 -1.971479e-51 -8.009168e-53 -2.992602e-54 -1.027818e-55 -3.241938e-57 -9.379913e-59 -2.485644e-60 -6.021514e-62 -1.330445e-63 -2.673612e-65 -4.870169e-67 -8.008738e-69 -1.183086e-70 -1.560598e-72 -1.824660e-74 -1.873700e-76 -1.633431e-78 -6.363744e-81 -4.003126e-84 -3.626015e-88 -5.946359e-93 -2.128929e-98 -1.790457e-104 -3.061330e-111
3.789990e-106 1.102144e-99 8.686926e-94 1.809089e-88 8.771323e-84 8.017931e-80 1.085239e-76 2.421756e-74 2.455402e-72 2.139478e-70 1.653046e-68 1.140954e-66 7.077397e-65 3.965070e-63 2.014547e-61 9.313815e-60 3.929387e-58 1.516284e-56 5.361974e-55 1.740313e-53 5.190579e-52 1.423924e-50 3.595122e-49 8.356995e-48 1.788671e-46 3.524237e-45 6.388956e-44 1.064755e-42 1.629188e-41 2.284646e-40 2.929054e-39 3.421583e-38 3.624506e-37 3.457491e-36 2.937909e-35 2.182672e-34 1.366337e-33 6.555259e-33 1.532722e-32 -1.210810e-31 -2.137804e-30 -1.984568e-29 -1.413392e-28 -8.387437e-28 -4.275439e-27 -1.897192e-26 -7.372353e-26 -2.514186e-25 -7.523955e-25 -1.972703e-24 -4.518857e-24 -9.006928e-24 -1.552872e-23 -2.294482e-23 -2.858536e-23 -2.903571e-23 -2.201583e-23 -8.247905e-24 8.247905e-24 2.201583e-23 2.903571e-23 2.858536e-23 2.294482e-23 1.552872e-23 9.006928e-24 4.518857e-24 1.972703e-24 7.523955e-25 2.514186e-25 7.372353e-26 1.897192e-26 4.275439e-27 8.387437e-28 1.413392e-28 1.984568e-29 2.137804e-30 1.210810e-31 -1.532722e-32 -6.555259e-33 -1.366337e-33 -2.182672e-34 -2.937909e-35 -3.457491e-36 -3.624506e-37 -3.421583e-38 -2.929054e-39 -2.284646e-40 -1.629188e-41 -1.064755e-42 -6.388956e-44 -3.524237e-45 -1.788671e-46 -8.356995e-48 -3.595122e-49 -1.423924e-50 -5.190579e-52 -1.740313e-53 -5.361974e-55 -1.516284e-56 -3.929387e-58 -9.313815e-60 -2.014547e-61 -3.965070e-63 -7.077397e-65 -1.140954e-66 -1.653046e-68 -2.139478e-70 -2.455402e-72 -2.421756e-74 -1.085239e-76 -8.017931e-80 -8.771323e-84 -1.809089e-88 -8.686926e-94 -1.102144e-99 -3.789990e-106
4.608439e-102 8.883824e-96 5.220932e-90 8.645407e-85 3.470805e-80 2.701131e-76 3.176458e-73 6.257668e-71 5.675262e-69 4.466975e-67 3.142106e-65 1.987154e-63 1.135539e-61 5.887310e-60 2.778804e-58 1.197448e-56 4.722081e-55 1.707368e-53 5.669150e-52 1.730786e-50 4.863078e-49 1.258363e-47 2.999805e-46 6.588990e-45 1.333231e-43 2.483931e-42 4.257518e-41 6.705167e-40 9.685585e-39 1.280067e-37 1.542545e-36 1.686621e-35 1.661207e-34 1.457063e-33 1.115561e-32 7.157378e-32 3.447781e-31 6.686365e-31 -9.429111e-30 -1.530264e-28 -1.449452e-27 -1.074132e-26 -6.691293e-26 -3.601882e-25 -1.696334e-24 -7.029855e-24 -2.569332e-23 -8.284057e-23 -2.353774e-22 -5.882061e-22 -1.289197e-21 -2.468721e-21 -4.107675e-21 -5.886856e-21 -7.152611e-21 -7.127542e-21 -5.334926e-21 -1.985679e-21 1.985679e-21 5.334926e-21 7.127542e-21 7.152611e-21 5.886856e-21 4.107675e-21 2.468721e-21 1.289197e-21 5.882061e-22 2.353774e-22 8.284057e-23 2.569332e-23 7.029855e-24 1.696334e-24 3.601882e-25 6.691293e-26 1.074132e-26 1.449452e-27 1.530264e-28 9.429111e-30 -6.686365e-31 -3.447781e-31 -7.157378e-32 -1.115561e-32 -1.457063e-33 -1.661207e-34 -1.686621e-35 -1.542545e-36 -1.280067e-37 -9.685585e-39 -6.705167e-40 -4.257518e-41 -2.483931e-42 -1.333231e-43 -6.588990e-45 -2.999805e-46 -1.258363e-47 -4.863078e-49 -1.730786e-50 -5.669150e-52 -1.707368e-53 -4.722081e-55 -1.197448e-56 -2.778804e-58 -5.887310e-60 -1.135539e-61 -1.987154e-63 -3.142106e-65 -4.466975e-67 -5.675262e-69 -6.257668e-71 -3.176458e-73 -2.701131e-76 -3.470805e-80 -8.645407e-85 -5.220932e-90 -8.883824e-96 -4.608439e-102
6.134689e-99 8.820283e-93 4.122876e-87 5.654644e-82 1.933272e-77 1.307450e-73 1.356801e-70 2.388621e-68 1.956847e-66 1.402515e-64 9.041388e-63 5.268707e-61 2.786799e-59 1.342545e-57 5.907629e-56 2.380055e-54 8.796261e-53 2.987002e-51 9.331404e-50 2.684418e-48 7.116071e-47 1.738977e-45 3.918037e-44 8.137610e-43 1.557316e-41 2.743798e-40 4.445116e-39 6.609957e-38 8.999532e-37 1.117976e-35 1.260846e-34 1.281299e-33 1.159252e-32 9.140710e-32 6.007348e-31 2.901210e-30 4.288390e-30 -1.099023e-28 -1.708281e-27 -1.658530e-26 -1.278933e-25 -8.350380e-25 -4.734945e-24 -2.359150e-23 -1.038580e-22 -4.049349e-22 -1.398953e-21 -4.279609e-21 -1.157617e-20 -2.763175e-20 -5.805026e-20 -1.069676e-19 -1.720152e-19 -2.394176e-19 -2.840197e-19 -2.779096e-19 -2.054727e-19 -7.600621e-20 7.600621e-20 2.054727e-19 2.779096e-19 2.840197e-19 2.394176e-19 1.720152e-19 1.069676e-19 5.805026e-20 2.763175e-20 1.157617e-20 4.279609e-21 1.398953e-21 4.049349e-22 1.038580e-22 2.359150e-23 4.734945e-24 8.350380e-25 1.278933e-25 1.658530e-26 1.708281e-27 1.099023e-28 -4.288390e-30 -2.901210e-30 -6.007348e-31 -9.140710e-32 -1.159252e-32 -1.281299e-33 -1.260846e-34 -1.117976e-35 -8.999532e-37 -6.609957e-38 -4.445116e-39 -2.743798e-40 -1.557316e-41 -8.137610e-43 -3.918037e-44 -1.738977e-45 -7.116071e-47 -2.684418e-48 -9.331404e-50 -2.987002e-51 -8.796261e-53 -2.380055e-54 -5.907629e-56 -1.342545e-57 -2.786799e-59 -5.268707e-61 -9.041388e-63 -1.402515e-64 -1.956847e-66 -2.388621e-68 -1.356801e-70 -1.307450e-73 -1.933272e-77 -5.654644e-82 -4.122876e-87 -8.820283e-93 -6.134689e-99
1.741552e-96 1.993745e-90 7.727428e-85 9.035867e-80 2.687591e-75 1.605613e-71 1.489684e-68 2.368725e-66 1.768568e-64 1.162981e-62 6.915867e-61 3.734595e-59 1.837640e-57 8.263132e-56 3.403562e-54 1.286721e-52 4.471941e-51 1.430628e-49 4.217015e-48 1.146142e-46 2.873531e-45 6.646725e-44 1.418275e-42 2.790522e-41 5.058725e-40 8.439193e-39 1.293320e-37 1.816297e-36 2.329332e-35 2.714280e-34 2.852073e-33 2.669486e-32 2.177318e-31 1.477222e-30 7.287618e-30 9.061391e-30 -3.346599e-28 -5.257623e-27 -5.302030e-26 -4.278923e-25 -2.936800e-24 -1.756768e-23 -9.264948e-23 -4.331926e-22 -1.800134e-21 -6.652985e-21 -2.185976e-20 -6.378546e-20 -1.650355e-19 -3.779111e-19 -7.641064e-19 -1.360010e-18 -2.121101e-18 -2.876101e-18 -3.340073e-18 -3.215832e-18 -2.351949e-18 -8.652755e-19 8.652755e-19 2.351949e-18 3.215832e-18 3.340073e-18 2.876101e-18 2.121101e-18 1.360010e-18 7.641064e-19 3.779111e-19 1.650355e-19 6.378546e-20 2.185976e-20 6.652985e-21 1.800134e-21 4.331926e-22 9.264948e-23 1.756768e-23 2.936800e-24 4.278923e-25 5.302030e-26 5.257623e-27 3.346599e-28 -9.061391e-30 -7.287618e-30 -1.477222e-30 -2.177318e-31 -2.669486e-32 -2.852073e-33 -2.714280e-34 -2.329332e-35 -1.816297e-36 -1.293320e-37 -8.439193e-39 -5.058725e-40 -2.790522e-41 -1.418275e-42 -6.646725e-44 -2.873531e-45 -1.146142e-46 -4.217015e-48 -1.430628e-49 -4.471941e-51 -1.286721e-52 -3.403562e-54 -8.263132e-56 -1.837640e-57 -3.734595e-59 -6.915867e-61 -1.162981e-62 -1.768568e-64 -2.368725e-66 -1.489684e-68 -1.605613e-71 -2.687591e-75 -9.035867e-80 -7.727428e-85 -1.993745e-90 -1.741552e-96
3.171774e-94 3.013140e-88 9.964502e-83 1.014476e-77 2.667636e-73 1.425846e-69 1.194995e-66 1.730945e-64 1.186351e-62 7.201708e-61 3.971616e-59 1.996709e-57 9.177708e-56 3.866086e-54 1.495523e-52 5.321183e-51 1.743755e-49 5.268240e-48 1.468477e-46 3.778267e-45 8.974823e-44 1.968014e-42 3.982231e-41 7.430110e-40 1.276807e-38 2.017323e-37 2.923436e-36 3.872443e-35 4.665287e-34 5.073220e-33 4.918880e-32 4.159338e-31 2.926226e-30 1.492989e-29 1.776927e-29 -7.721519e-28 -1.255626e-26 -1.323148e-25 -1.119982e-24 -8.085355e-24 -5.101017e-23 -2.845054e-22 -1.410825e-21 -6.236636e-21 -2.459833e-20 -8.654854e-20 -2.714244e-19 -7.577695e-19 -1.880547e-18 -4.141580e-18 -8.078436e-18 -1.391934e-17 -2.109744e-17 -2.792018e-17 -3.179073e-17 -3.015410e-17 -2.183365e-17 -7.992236e-18 7.992236e-18 2.183365e-17 3.015410e-17 3.179073e-17 2.792018e-17 2.109744e-17 1.391934e-17 8.078436e-18 4.141580e-18 1.880547e-18 7.577695e-19 2.714244e-19 8.654854e-20 2.459833e-20 6.236636e-21 1.410825e-21 2.845054e-22 5.101017e-23 8.085355e-24 1.119982e-24 1.323148e-25 1.255626e-26 7.721519e-28 -1.776927e-29 -1.492989e-29 -2.926226e-30 -4.159338e-31 -4.918880e-32 -5.073220e-33 -4.665287e-34 -3.872443e-35 -2.923436e-36 -2.017323e-37 -1.276807e-38 -7.430110e-40 -3.982231e-41 -1.968014e-42 -8.974823e-44 -3.778267e-45 -1.468477e-46 -5.268240e-48 -1.743755e-49 -5.321183e-51 -1.495523e-52 -3.866086e-54 -9.177708e-56 -1.996709e-57 -3.971616e-59 -7.201708e-61 -1.186351e-62 -1.730945e-64 -1.194995e-66 -1.425846e-69 -2.667636e-73 -1.014476e-77 -9.964502e-83 -3.013140e-88 -3.171774e-94
4.706322e-92 3.815181e-86 1.098628e-80 9.889584e-76 2.326901e-71 1.123484e-67 8.572306e-65 1.138471e-62 7.201672e-61 4.054370e-59 2.081686e-57 9.776303e-56 4.209748e-54 1.665462e-52 6.063583e-51 2.034317e-49 6.295834e-48 1.798722e-46 4.746404e-45 1.157050e-43 2.605562e-42 5.418184e-41 1.039677e-39 1.838834e-38 2.992684e-37 4.471139e-36 6.111319e-35 7.604193e-34 8.548483e-33 8.576240e-32 7.509597e-31 5.472373e-30 2.885379e-29 3.290918e-29 -1.667153e-27 -2.805458e-26 -3.084230e-25 -2.732594e-24 -2.070144e-23 -1.373881e-22 -8.080564e-22 -4.236372e-21 -1.985219e-20 -8.323977e-20 -3.122850e-19 -1.047562e-18 -3.138824e-18 -8.390403e-18 -1.998322e-17 -4.234732e-17 -7.972276e-17 -1.330380e-16 -1.960553e-16 -2.533412e-16 -2.829385e-16 -2.644770e-16 -1.896326e-16 -6.907515e-17 6.907515e-17 1.896326e-16 2.644770e-16 2.829385e-16 2.533412e-16 1.960553e-16 1.330380e-16 7.972276e-17 4.234732e-17 1.998322e-17 8.390403e-18 3.138824e-18 1.047562e-18 3.122850e-19 8.323977e-20 1.985219e-20 4.236372e-21 8.080564e-22 1.373881e-22 2.070144e-23 2.732594e-24 3.084230e-25 2.805458e-26 1.667153e-27 -3.290918e-29 -2.885379e-29 -5.472373e-30 -7.509597e-31 -8.576240e-32 -8.548483e-33 -7.604193e-34 -6.111319e-35 -4.471139e-36 -2.992684e-37 -1.838834e-38 -1.039677e-39 -5.418184e-41 -2.605562e-42 -1.157050e-43 -4.746404e-45 -1.798722e-46 -6.295834e-48 -2.034317e-49 -6.063583e-51 -1.665462e-52 -4.209748e-54 -9.776303e-56 -2.081686e-57 -4.054370e-59 -7.201672e-61 -1.138471e-62 -8.572306e-65 -1.123484e-67 -2.326901e-71 -9.889584e-76 -1.098628e-80 -3.815181e-86 -4.706322e-92
5.847605e-90 4.128072e-84 1.051146e-78 8.467341e-74 1.799817e-69 7.911318e-66 5.531128e-63 6.771519e-61 3.971593e-59 2.081686e-57 9.984326e-56 4.392785e-54 1.776489e-52 6.614753e-51 2.270814e-49 7.194937e-48 2.105674e-46 5.695068e-45 1.423834e-43 3.290482e-42 7.026749e-41 1.385631e-39 2.520345e-38 4.221651e-37 6.496717e-36 9.154408e-35 1.175290e-33 1.364461e-32 1.414891e-31 1.281499e-30 9.662182e-30 5.260343e-29 5.749115e-29 -3.373119e-27 -5.870805e-26 -6.722888e-25 -6.222769e-24 -4.936463e-23 -3.438170e-22 -2.126918e-21 -1.175539e-20 -5.821482e-20 -2.586054e-19 -1.030601e-18 -3.682612e-18 -1.178797e-17 -3.376563e-17 -8.645510e-17 -1.976705e-16 -4.031837e-16 -7.327966e-16 -1.184735e-15 -1.698125e-15 -2.143330e-15 -2.348660e-15 -2.164122e-15 -1.536858e-15 -5.571241e-16 5.571241e-16 1.536858e-15 2.164122e-15 2.348660e-15 2.143330e-15 1.698125e-15 1.184735e-15 7.327966e-16 4.031837e-16 1.976705e-16 8.645510e-17 3.376563e-17 1.178797e-17 3.682612e-18 1.030601e-18 2.586054e-19 5.821482e-20 1.175539e-20 2.126918e-21 3.438170e-22 4.936463e-23 6.222769e-24 6.722888e-25 5.870805e-26 3.373119e-27 -5.749115e-29 -5.260343e-29 -9.662182e-30 -1.281499e-30 -1.414891e-31 -1.364461e-32 -1.175290e-33 -9.154408e-35 -6.496717e-36 -4.221651e-37 -2.520345e-38 -1.385631e-39 -7.026749e-41 -3.290482e-42 -1.423834e-43 -5.695068e-45 -2.105674e-46 -7.194937e-48 -2.270814e-49 -6.614753e-51 -1.776489e-52 -4.392785e-54 -9.984326e-56 -2.081686e-57 -3.971593e-59 -6.771519e-61 -5.531128e-63 -7.911318e-66 -1.799817e-69 -8.467341e-74 -1.051146e-78 -4.128072e-84 -5.847605e-90
6.206238e-88 3.874502e-82 8.829355e-77 6.425962e-72 1.243631e-67 5.008895e-64 3.226099e-61 3.657416e-59 1.996696e-57 9.776303e-56 4.392785e-54 1.815107e-52 6.908708e-51 2.425610e-49 7.864016e-48 2.356233e-46 6.527967e-45 1.672798e-43 3.964732e-42 8.688730e-41 1.759492e-39 3.288832e-38 5.665314e-37 8.972796e-36 1.302272e-34 1.723500e-33 2.064357e-32 2.210342e-31 2.068603e-30 1.612081e-29 9.055256e-29 9.489130e-29 -6.405343e-27 -1.152397e-25 -1.372610e-24 -1.325004e-23 -1.098519e-22 -8.012142e-22 -5.200948e-21 -3.022663e-20 -1.577451e-19 -7.401478e-19 -3.122905e-18 -1.184345e-17 -4.033825e-17 -1.232663e-16 -3.376221e-16 -8.281343e-16 -1.817853e-15 -3.569156e-15 -6.263769e-15 -9.813136e-15 -1.368386e-14 -1.687461e-14 -1.814748e-14 -1.648667e-14 -1.159780e-14 -4.184429e-15 4.184429e-15 1.159780e-14 1.648667e-14 1.814748e-14 1.687461e-14 1.368386e-14 9.813136e-15 6.263769e-15 3.569156e-15 1.817853e-15 8.281343e-16 3.376221e-16 1.232663e-16 4.033825e-17 1.184345e-17 3.122905e-18 7.401478e-19 1.577451e-19 3.022663e-20 5.200948e-21 8.012142e-22 1.098519e-22 1.325004e-23 1.372610e-24 1.152397e-25 6.405343e-27 -9.489130e-29 -9.055256e-29 -1.612081e-29 -2.068603e-30 -2.210342e-31 -2.064357e-32 -1.723500e-33 -1.302272e-34 -8.972796e-36 -5.665314e-37 -3.288832e-38 -1.759492e-39 -8.688730e-41 -3.964732e-42 -1.672798e-43 -6.527967e-45 -2.356233e-46 -7.864016e-48 -2.425610e-49 -6.908708e-51 -1.815107e-52 -4.392785e-54 -9.776303e-56 -1.996696e-57 -3.657416e-59 -3.226099e-61 -5.008895e-64 -1.243631e-67 -6.425962e-72 -8.829355e-77 -3.874502e-82 -6.206238e-88
5.711184e-86 3.191175e-80 6.571001e-75 4.354704e-70 7.722979e-66 2.865520e-62 1.707976e-59 1.800048e-57 9.177638e-56 4.209748e-54 1.776489e-52 6.908708e-51 2.479501e-49 8.221357e-48 2.520546e-46 7.149295e-45 1.876633e-43 4.558825e-42 1.024620e-40 2.129304e-39 4.087191e-38 7.235060e-37 1.178409e-35 1.760143e-34 2.399242e-33 2.962161e-32 3.271770e-31 3.160809e-30 2.543585e-29 1.473082e-28 1.482223e-28 -1.143112e-26 -2.124698e-25 -2.628734e-24 -2.642184e-23 -2.285257e-22 -1.742027e-21 -1.184057e-20 -7.219291e-20 -3.960388e-19 -1.957369e-18 -8.717913e-18 -3.497721e-17 -1.263140e-16 -4.102004e-16 -1.196745e-15 -3.134106e-15 -7.363554e-15 -1.551684e-14 -2.932439e-14 -4.969285e-14 -7.544617e-14 -1.023651e-13 -1.233547e-13 -1.302155e-13 -1.166533e-13 -8.129722e-14 -2.919456e-14 2.919456e-14 8.129722e-14 1.166533e-13 1.302155e-13 1.233547e-13 1.023651e-13 7.544617e-14 4.969285e-14 2.932439e-14 1.551684e-14 7.363554e-15 3.134106e-15 1.196745e-15 4.102004e-16 1.263140e-16 3.497721e-17 8.717913e-18 1.957369e-18 3.960388e-19 7.219291e-20 1.184057e-20 1.742027e-21 2.285257e-22 2.642184e-23 2.628734e-24 2.124698e-25 1.143112e-26 -1.482223e-28 -1.473082e-28 -2.543585e-29 -3.160809e-30 -3.271770e-31 -2.962161e-32 -2.399242e-33 -1.760143e-34 -1.178409e-35 -7.235060e-37 -4.087191e-38 -2.129304e-39 -1.024620e-40 -4.558825e-42 -1.876633e-43 -7.149295e-45 -2.520546e-46 -8.221357e-48 -2.479501e-49 -6.908708e-51 -1.776489e-52 -4.209748e-54 -9.177638e-56 -1.800048e-57 -1.707976e-59 -2.865520e-62 -7.722979e-66 -4.354704e-70 -6.571001e-75 -3.191175e-80 -5.711184e-86
4.609920e-84 2.327701e-78 4.364865e-73 2.651055e-68 4.331704e-64 1.487369e-60 8.235994e-58 8.095854e-56 3.866053e-54 1.665462e-52 6.614753e-51 2.425610e-49 8.221357e-48 2.577806e-46 7.481621e-45 2.010572e-43 5.003139e-42 1.152534e-40 2.456367e-39 4.838608e-38 8.795590e-37 1.472129e-35 2.261186e-34 3.171924e-33 4.033160e-32 4.591254e-31 4.574540e-30 3.797930e-29 2.266268e-28 2.194765e-28 -1.919443e-26 -3.683746e-25 -4.728294e-24 -4.941125e-23 -4.451091e-22 -3.539859e-21 -2.514449e-20 -1.604962e-19 -9.234129e-19 -4.795511e-18 -2.248635e-17 -9.516896e-17 -3.632758e-16 -1.249477e-15 -3.868536e-15 -1.077276e-14 -2.696643e-14 -6.066688e-14 -1.226854e-13 -2.231199e-13 -3.650405e-13 -5.370793e-13 -7.090550e-13 -8.350127e-13 -8.652889e-13 -7.644467e-13 -5.278220e-13 -1.886658e-13 1.886658e-13 5.278220e-13 7.644467e-13 8.652889e-13 8.350127e-13 7.090550e-13 5.370793e-13 3.650405e-13 2.231199e-13 1.226854e-13 6.066688e-14 2.696643e-14 1.077276e-14 3.868536e-15 1.249477e-15 3.632758e-16 9.516896e-17 2.248635e-17 4.795511e-18 9.234129e-19 1.604962e-19 2.514449e-20 3.539859e-21 4.451091e-22 4.941125e-23 4.728294e-24 3.683746e-25 1.919443e-26 -2.194765e-28 -2.266268e-28 -3.797930e-29 -4.574540e-30 -4.591254e-31 -4.033160e-32 -3.171924e-33 -2.261186e-34 -1.472129e-35 -8.795590e-37 -4.838608e-38 -2.456367e-39 -1.152534e-40 -5.003139e-42 -2.010572e-43 -7.481621e-45 -2.577806e-46 -8.221357e-48 -2.425610e-49 -6.614753e-51 -1.665462e-52 -3.866053e-54 -8.095854e-56 -8.235994e-58 -1.487369e-60 -4.331704e-64 -2.651055e-68 -4.364865e-73 -2.327701e-78 -4.609920e-84
3.293805e-82 1.514739e-76 2.603452e-71 1.457008e-66 2.203391e-62 7.028634e-59 3.627608e-56 3.335398e-54 1.495508e-52 6.063583e-51 2.270814e-49 7.864016e-48 2.520546e-46 7.481621e-45 2.057294e-43 5.241149e-42 1.236761e-40 2.701623e-39 5.457753e-38 1.018109e-36 1.749832e-35 2.761878e-34 3.983962e-33 5.212847e-32 6.110937e-31 6.274108e-30 5.369597e-29 3.299365e-28 3.085919e-28 -3.035547e-26 -6.012047e-25 -7.996528e-24 -8.676314e-23 -8.128073e-22 -6.732740e-21 -4.989006e-20 -3.327372e-19 -2.003650e-18 -1.090929e-17 -5.372583e-17 -2.392448e-16 -9.626127e-16 -3.496145e-15 -1.145018e-14 -3.378509e-14 -8.975264e-14 -2.146214e-13 -4.620684e-13 -8.962992e-13 -1.567993e-12 -2.476062e-12 -3.529685e-12 -4.533811e-12 -5.217580e-12 -5.307564e-12 -4.624195e-12 -3.163314e-12 -1.125460e-12 1.125460e-12 3.163314e-12 4.624195e-12 5.307564e-12 5.217580e-12 4.533811e-12 3.529685e-12 2.476062e-12 1.567993e-12 8.962992e-13 4.620684e-13 2.146214e-13 8.975264e-14 3.378509e-14 1.145018e-14 3.496145e-15 9.626127e-16 2.392448e-16 5.372583e-17 1.090929e-17 2.003650e-18 3.327372e-19 4.989006e-20 6.732740e-21 8.128073e-22 8.676314e-23 7.996528e-24 6.012047e-25 3.035547e-26 -3.085919e-28 -3.299365e-28 -5.369597e-29 -6.274108e-30 -6.110937e-31 -5.212847e-32 -3.983962e-33 -2.761878e-34 -1.749832e-35 -1.018109e-36 -5.457753e-38 -2.701623e-39 -1.236761e-40 -5.241149e-42 -2.057294e-43 -7.481621e-45 -2.520546e-46 -7.864016e-48 -2.270814e-49 -6.063583e-51 -1.495508e-52 -3.335398e-54 -3.627608e-56 -7.028634e-59 -2.203391e-62 -1.457008e-66 -2.603452e-71 -1.514739e-76 -3.293805e-82
2.098571e-80 8.846624e-75 1.401210e-69 7.258696e-65 1.019903e-60 3.032442e-57 1.462932e-54 1.261236e-52 5.321125e-51 2.034317e-49 7.194937e-48 2.356233e-46 7.149295e-45 2.010572e-43 5.241149e-42 1.266172e-40 2.833210e-39 5.866320e-38 1.122290e-36 1.979424e-35 3.208200e-34 4.755311e-33 6.398006e-32 7.717579e-31 8.158372e-30 7.191926e-29 4.548007e-28 4.127063e-28 -4.525303e-26 -9.244394e-25 -1.272788e-23 -1.432035e-22 -1.393192e-21 -1.200166e-20 -9.262288e-20 -6.443279e-19 -4.053178e-18 -2.309010e-17 -1.191711e-16 -5.570603e-16 -2.356656e-15 -9.014048e-15 -3.113879e-14 -9.705161e-14 -2.727007e-13 -6.905369e-13 -1.576044e-12 -3.244525e-12 -6.032388e-12 -1.014537e-11 -1.545612e-11 -2.134060e-11 -2.666347e-11 -2.998079e-11 -2.993491e-11 -2.571820e-11 -1.742979e-11 -6.172376e-12 6.172376e-12 1.742979e-11 2.571820e-11 2.993491e-11 2.998079e-11 2.666347e-11 2.134060e-11 1.545612e-11 1.014537e-11 6.032388e-12 3.244525e-12 1.576044e-12 6.905369e-13 2.727007e-13 9.705161e-14 3.113879e-14 9.014048e-15 2.356656e-15 5.570603e-16 1.191711e-16 2.309010e-17 4.053178e-18 6.443279e-19 9.262288e-20 1.200166e-20 1.393192e-21 1.432035e-22 1.272788e-23 9.244394e-25 4.525303e-26 -4.127063e-28 -4.548007e-28 -7.191926e-29 -8.158372e-30 -7.717579e-31 -6.398006e-32 -4.755311e-33 -3.208200e-34 -1.979424e-35 -1.122290e-36 -5.866320e-38 -2.833210e-39 -1.266172e-40 -5.241149e-42 -2.010572e-43 -7.149295e-45 -2.356233e-46 -7.194937e-48 -2.034317e-49 -5.321125e-51 -1.261236e-52 -1.462932e-54 -3.032442e-57 -1.019903e-60 -7.258696e-65 -1.401210e-69 -8.846624e-75 -2.098571e-80
1.199380e-78 4.659859e-73 6.832720e-68 3.289090e-63 4.308088e-59 1.197306e-55 5.412229e-53 4.384377e-51 1.743734e-49 6.295834e-48 2.105674e-46 6.527967e-45 1.876633e-43 5.003139e-42 1.236761e-40 2.833210e-39 6.009141e-38 1.178280e-36 2.131270e-35 3.544770e-34 5.395257e-33 7.458834e-32 9.250977e-31 1.006142e-29 9.129280e-29 5.938587e-28 5.258826e-28 -6.363912e-26 -1.340252e-24 -1.908225e-23 -2.223727e-22 -2.243790e-21 -2.007383e-20 -1.611044e-19 -1.167065e-18 -7.655976e-18 -4.554934e-17 -2.458821e-16 -1.203963e-15 -5.343366e-15 -2.147253e-14 -7.803948e-14 -2.562226e-13 -7.592505e-13 -2.029399e-12 -4.892642e-12 -1.064575e-11 -2.093309e-11 -3.726832e-11 -6.020721e-11 -8.843152e-11 -1.181995e-10 -1.435916e-10 -1.577021e-10 -1.545166e-10 -1.308827e-10 -8.786760e-11 -3.096966e-11 3.096966e-11 8.786760e-11 1.308827e-10 1.545166e-10 1.577021e-10 1.435916e-10 1.181995e-10 8.843152e-11 6.020721e-11 3.726832e-11 2.093309e-11 1.064575e-11 4.892642e-12 2.029399e-12 7.592505e-13 2.562226e-13 7.803948e-14 2.147253e-14 5.343366e-15 1.203963e-15 2.458821e-16 4.554934e-17 7.655976e-18 1.167065e-18 1.611044e-19 2.007383e-20 2.243790e-21 2.223727e-22 1.908225e-23 1.340252e-24 6.363912e-26 -5.258826e-28 -5.938587e-28 -9.129280e-29 -1.006142e-29 -9.250977e-31 -7.458834e-32 -5.395257e-33 -3.544770e-34 -2.131270e-35 -1.178280e-36 -6.009141e-38 -2.833210e-39 -1.236761e-40 -5.003139e-42 -1.876633e-43 -6.527967e-45 -2.105674e-46 -6.295834e-48 -1.743734e-49 -4.384377e-51 -5.412229e-53 -1.197306e-55 -4.308088e-59 -3.289090e-63 -6.832720e-68 -4.659859e-73 -1.199380e-78
6.178945e-77 2.222675e-71 3.028856e-66 1.359343e-61 1.664492e-57 4.334594e-54 1.839783e-51 1.402945e-49 5.268169e-48 1.798722e-46 5.695068e-45 1.672798e-43 4.558825e-42 1.152534e-40 2.701623e-39 5.866320e-38 1.178280e-36 2.184410e-35 3.725958e-34 5.819482e-33 8.261154e-32 1.052767e-30 1.177182e-29 1.098652e-28 7.348180e-28 6.394872e-28 -8.447556e-26 -1.833260e-24 -2.696681e-23 -3.251339e-22 -3.398485e-21 -3.153462e-20 -2.628212e-19 -1.979705e-18 -1.352170e-17 -8.387403e-17 -4.727021e-16 -2.419883e-15 -1.124393e-14 -4.736878e-14 -1.807082e-13 -6.234884e-13 -1.943377e-12 -5.467797e-12 -1.388218e-11 -3.181607e-11 -6.589850e-11 -1.235917e-10 -2.104308e-10 -3.261886e-10 -4.614763e-10 -5.966569e-10 -7.043124e-10 -7.551449e-10 -7.257593e-10 -6.059143e-10 -4.028685e-10 -1.413102e-10 1.413102e-10 4.028685e-10 6.059143e-10 7.257593e-10 7.551449e-10 7.043124e-10 5.966569e-10 4.614763e-10 3.261886e-10 2.104308e-10 1.235917e-10 6.589850e-11 3.181607e-11 1.388218e-11 5.467797e-12 1.943377e-12 6.234884e-13 1.807082e-13 4.736878e-14 1.124393e-14 2.419883e-15 4.727021e-16 8.387403e-17 1.352170e-17 1.979705e-18 2.628212e-19 3.153462e-20 3.398485e-21 3.251339e-22 2.696681e-23 1.833260e-24 8.447556e-26 -6.394872e-28 -7.348180e-28 -1.098652e-28 -1.177182e-29 -1.052767e-30 -8.261154e-32 -5.819482e-33 -3.725958e-34 -2.184410e-35 -1.178280e-36 -5.866320e-38 -2.701623e-39 -1.152534e-40 -4.558825e-42 -1.672798e-43 -5.695068e-45 -1.798722e-46 -5.268169e-48 -1.402945e-49 -1.839783e-51 -4.334594e-54 -1.664492e-57 -1.359343e-61 -3.028856e-66 -2.222675e-71 -6.178945e-77
2.880966e-75 9.632409e-70 1.223950e-64 5.135955e-60 5.893610e-56 1.441133e-52 5.753662e-50 4.136414e-48 1.468455e-46 4.746404e-45 1.423834e-43 3.964732e-42 1.024620e-40 2.456367e-39 5.457753e-38 1.122290e-36 2.131270e-35 3.725958e-34 5.968114e-33 8.693833e-32 1.137600e-30 1.306920e-29 1.253796e-28 8.618676e-28 7.432233e-28 -1.058971e-25 -2.367130e-24 -3.594297e-23 -4.479059e-22 -4.844486e-21 -4.656736e-20 -4.025223e-19 -3.148360e-18 -2.235653e-17 -1.443570e-16 -8.479962e-16 -4.530639e-15 -2.199881e-14 -9.696791e-14 -3.875002e-13 -1.401931e-12 -4.585865e-12 -1.354854e-11 -3.612989e-11 -8.696567e-11 -1.891025e-10 -3.721188e-10 -6.644430e-10 -1.080112e-09 -1.604132e-09 -2.183170e-09 -2.727417e-09 -3.125440e-09 -3.268821e-09 -3.079652e-09 -2.532919e-09 -1.667390e-09 -5.819404e-10 5.819404e-10 1.667390e-09 2.532919e-09 3.079652e-09 3.268821e-09 3.125440e-09 2.727417e-09 2.183170e-09 1.604132e-09 1.080112e-09 6.644430e-10 3.721188e-10 1.891025e-10 8.696567e-11 3.612989e-11 1.354854e-11 4.585865e-12 1.401931e-12 3.875002e-13 9.696791e-14 2.199881e-14 4.530639e-15 8.479962e-16 1.443570e-16 2.235653e-17 3.148360e-18 4.025223e-19 4.656736e-20 4.844486e-21 4.479059e-22 3.594297e-23 2.367130e-24 1.058971e-25 -7.432233e-28 -8.618676e-28 -1.253796e-28 -1.306920e-29 -1.137600e-30 -8.693833e-32 -5.968114e-33 -3.725958e-34 -2.131270e-35 -1.122290e-36 -5.457753e-38 -2.456367e-39 -1.024620e-40 -3.964732e-42 -1.423834e-43 -4.746404e-45 -1.468455e-46 -4.136414e-48 -5.753662e-50 -1.441133e-52 -5.893610e-56 -5.135955e-60 -1.223950e-64 -9.632409e-70 -2.880966e-75
1.219734e-73 3.803158e-68 4.518993e-63 1.777351e-58 1.915380e-54 4.405665e-51 1.657022e-48 1.124514e-46 3.778205e-45 1.157050e-43 3.290482e-42 8.688730e-41 2.129304e-39 4.838608e-38 1.018109e-36 1.979424e-35 3.544770e-34 5.819482e-33 8.693833e-32 1.167357e-30 1.377007e-29 1.357112e-28 9.584323e-28 8.266301e-28 -1.254161e-25 -2.886458e-24 -4.520576e-23 -5.816957e-22 -6.503447e-21 -6.468789e-20 -5.792250e-19 -4.698322e-18 -3.463884e-17 -2.324932e-16 -1.421351e-15 -7.912744e-15 -4.008174e-14 -1.845256e-13 -7.709882e-13 -2.919163e-12 -1.000075e-11 -3.095916e-11 -8.651739e-11 -2.181730e-10 -4.966566e-10 -1.022058e-09 -1.906061e-09 -3.232572e-09 -5.006127e-09 -7.109305e-09 -9.291249e-09 -1.119814e-08 -1.244024e-08 -1.267692e-08 -1.169643e-08 -9.470047e-09 -6.168977e-09 -2.141780e-09 2.141780e-09 6.168977e-09 9.470047e-09 1.169643e-08 1.267692e-08 1.244024e-08 1.119814e-08 9.291249e-09 7.109305e-09 5.006127e-09 3.232572e-09 1.906061e-09 1.022058e-09 4.966566e-10 2.181730e-10 8.651739e-11 3.095916e-11 1.000075e-11 2.919163e-12 7.709882e-13 1.845256e-13 4.008174e-14 7.912744e-15 1.421351e-15 2.324932e-16 3.463884e-17 4.698322e-18 5.792250e-19 6.468789e-20 6.503447e-21 5.816957e-22 4.520576e-23 2.886458e-24 1.254161e-25 -8.266301e-28 -9.584323e-28 -1.357112e-28 -1.377007e-29 -1.167357e-30 -8.693833e-32 -5.819482e-33 -3.544770e-34 -1.979424e-35 -1.018109e-36 -4.838608e-38 -2.129304e-39 -8.688730e-41 -3.290482e-42 -1.157050e-43 -3.778205e-45 -1.124514e-46 -1.657022e-48 -4.405665e-51 -1.915380e-54 -1.777351e-58 -4.518993e-63 -3.803158e-68 -1.219734e-73
4.701949e-72 1.371150e-66 1.527290e-61 5.642161e-57 5.720464e-53 1.239594e-49 4.397597e-47 2.820026e-45 8.974661e-44 2.605562e-42 7.026749e-41 1.759492e-39 4.087191e-38 8.795590e-37 1.749832e-35 3.208200e-34 5.395257e-33 8.261154e-32 1.137600e-30 1.377007e-29 1.393392e-28 1.010662e-27 8.807281e-28 -1.403665e-25 -3.325031e-24 -5.367046e-23 -7.124977e-22 -8.226160e-21 -8.458035e-20 -7.836582e-19 -6.584298e-18 -5.033685e-17 -3.507273e-16 -2.228368e-15 -1.290717e-14 -6.810137e-14 -3.269194e-13 -1.425747e-12 -5.639539e-12 -2.019778e-11 -6.539163e-11 -1.911238e-10 -5.038582e-10 -1.197979e-09 -2.571069e-09 -4.991106e-09 -8.792969e-09 -1.411993e-08 -2.077104e-08 -2.812930e-08 -3.521445e-08 -4.085195e-08 -4.390697e-08 -4.351642e-08 -3.926267e-08 -3.125787e-08 -2.013374e-08 -6.950775e-09 6.950775e-09 2.013374e-08 3.125787e-08 3.926267e-08 4.351642e-08 4.390697e-08 4.085195e-08 3.521445e-08 2.812930e-08 2.077104e-08 1.411993e-08 8.792969e-09 4.991106e-09 2.571069e-09 1.197979e-09 5.038582e-10 1.911238e-10 6.539163e-11 2.019778e-11 5.639539e-12 1.425747e-12 3.269194e-13 6.810137e-14 1.290717e-14 2.228368e-15 3.507273e-16 5.033685e-17 6.584298e-18 7.836582e-19 8.458035e-20 8.226160e-21 7.124977e-22 5.367046e-23 3.325031e-24 1.403665e-25 -8.807281e-28 -1.010662e-27 -1.393392e-28 -1.377007e-29 -1.137600e-30 -8.261154e-32 -5.395257e-33 -3.208200e-34 -1.749832e-35 -8.795590e-37 -4.087191e-38 -1.759492e-39 -7.026749e-41 -2.605562e-42 -8.974661e-44 -2.820026e-45 -4.397597e-47 -1.239594e-49 -5.720464e-53 -5.642161e-57 -1.527290e-61 -1.371150e-66 -4.701949e-72
1.654035e-70 4.522244e-65 4.732080e-60 1.644961e-55 1.571479e-51 3.212146e-48 1.075931e-45 6.524680e-44 1.967975e-42 5.418184e-41 1.385631e-39 3.288832e-38 7.235060e-37 1.472129e-35 2.761878e-34 4.755311e-33 7.458834e-32 1.052767e-30 1.306920e-29 1.357112e-28 1.010662e-27 8.994709e-28 -1.484903e-25 -3.619213e-24 -6.016749e-23 -8.233760e-22 -9.808105e-21 -1.041426e-19 -9.973978e-19 -8.670838e-18 -6.865754e-17 -4.959921e-16 -3.270814e-15 -1.968463e-14 -1.080284e-13 -5.399474e-13 -2.454102e-12 -1.012490e-11 -3.784629e-11 -1.279298e-10 -3.903813e-10 -1.073963e-09 -2.661700e-09 -5.944096e-09 -1.197798e-08 -2.184160e-08 -3.619428e-08 -5.480187e-08 -7.626591e-08 -9.811209e-08 -1.172205e-07 -1.304431e-07 -1.352104e-07 -1.299717e-07 -1.144022e-07 -8.938967e-08 -5.685908e-08 -1.950615e-08 1.950615e-08 5.685908e-08 8.938967e-08 1.144022e-07 1.299717e-07 1.352104e-07 1.304431e-07 1.172205e-07 9.811209e-08 7.626591e-08 5.480187e-08 3.619428e-08 2.184160e-08 1.197798e-08 5.944096e-09 2.661700e-09 1.073963e-09 3.903813e-10 1.279298e-10 3.784629e-11 1.012490e-11 2.454102e-12 5.399474e-13 1.080284e-13 1.968463e-14 3.270814e-15 4.959921e-16 6.865754e-17 8.670838e-18 9.973978e-19 1.041426e-19 9.808105e-21 8.233760e-22 6.016749e-23 3.619213e-24 1.484903e-25 -8.994709e-28 -1.010662e-27 -1.357112e-28 -1.306920e-29 -1.052767e-30 -7.458834e-32 -4.755311e-33 -2.761878e-34 -1.472129e-35 -7.235060e-37 -3.288832e-38 -1.385631e-39 -5.418184e-41 -1.967975e-42 -6.524680e-44 -1.075931e-45 -3.212146e-48 -1.571479e-51 -1.644961e-55 -4.732080e-60 -4.522244e-65 -1.654035e-70
5.319225e-69 1.366426e-63 1.345667e-58 4.408487e-54 3.973401e-50 7.668781e-47 2.427137e-44 1.392613e-42 3.982145e-41 1.039677e-39 2.520345e-38 5.665314e-37 1.178409e-35 2.261186e-34 3.983962e-33 6.398006e-32 9.250977e-31 1.177182e-29 1.253796e-28 9.584323e-28 8.807281e-28 -1.484903e-25 -3.722891e-24 -6.370226e-23 -8.979358e-22 -1.102652e-20 -1.207975e-19 -1.194708e-18 -1.073544e-17 -8.794839e-17 -6.579948e-16 -4.498282e-15 -2.809311e-14 -1.601499e-13 -8.322921e-13 -3.936799e-12 -1.691640e-11 -6.589771e-11 -2.322182e-10 -7.387144e-10 -2.117415e-09 -5.461209e-09 -1.266697e-08 -2.643639e-08 -4.974674e-08 -8.471930e-08 -1.312750e-07 -1.862956e-07 -2.438164e-07 -2.962019e-07 -3.357966e-07 -3.564453e-07 -3.544558e-07 -3.288811e-07 -2.812471e-07 -2.149722e-07 -1.347234e-07 -4.587370e-08 4.587370e-08 1.347234e-07 2.149722e-07 2.812471e-07 3.288811e-07 3.544558e-07 3.564453e-07 3.357966e-07 2.962019e-07 2.438164e-07 1.862956e-07 1.312750e-07 8.471930e-08 4.974674e-08 2.643639e-08 1.266697e-08 5.461209e-09 2.117415e-09 7.387144e-10 2.322182e-10 6.589771e-11 1.691640e-11 3.936799e-12 8.322921e-13 1.601499e-13 2.809311e-14 4.498282e-15 6.579948e-16 8.794839e-17 1.073544e-17 1.194708e-18 1.207975e-19 1.102652e-20 8.979358e-22 6.370226e-23 3.722891e-24 1.484903e-25 -8.807281e-28 -9.584323e-28 -1.253796e-28 -1.177182e-29 -9.250977e-31 -6.398006e-32 -3.983962e-33 -2.261186e-34 -1.178409e-35 -5.665314e-37 -2.520345e-38 -1.039677e-39 -3.982145e-41 -1.392613e-42 -2.427137e-44 -7.668781e-47 -3.973401e-50 -4.408487e-54 -1.345667e-58 -1.366426e-63 -5.319225e-69
1.566063e-67 3.786795e-62 3.515205e-57 1.086700e-52 9.250151e-49 1.687027e-45 5.047561e-43 2.740809e-41 7.429932e-40 1.838834e-38 4.221651e-37 8.972796e-36 1.760143e-34 3.171924e-33 5.212847e-32 7.717579e-31 1.006142e-29 1.098652e-28 8.618676e-28 8.266301e-28 -1.403665e-25 -3.619213e-24 -6.370226e-23 -9.242456e-22 -1.169078e-20 -1.320296e-19 -1.347246e-18 -1.250132e-17 -1.058542e-16 -8.193147e-16 -5.800106e-15 -3.754623e-14 -2.220667e-13 -1.198460e-12 -5.891909e-12 -2.633383e-11 -1.067640e-10 -3.916925e-10 -1.297202e-09 -3.868881e-09 -1.037018e-08 -2.494478e-08 -5.382169e-08 -1.042613e-07 -1.818295e-07 -2.868410e-07 -4.120110e-07 -5.430448e-07 -6.620539e-07 -7.520811e-07 -8.008524e-07 -8.026322e-07 -7.580441e-07 -6.724892e-07 -5.540159e-07 -4.113831e-07 -2.527621e-07 -8.520512e-08 8.520512e-08 2.527621e-07 4.113831e-07 5.540159e-07 6.724892e-07 7.580441e-07 8.026322e-07 8.008524e-07 7.520811e-07 6.620539e-07 5.430448e-07 4.120110e-07 2.868410e-07 1.818295e-07 1.042613e-07 5.382169e-08 2.494478e-08 1.037018e-08 3.868881e-09 1.297202e-09 3.916925e-10 1.067640e-10 2.633383e-11 5.891909e-12 1.198460e-12 2.220667e-13 3.754623e-14 5.800106e-15 8.193147e-16 1.058542e-16 1.250132e-17 1.347246e-18 1.320296e-19 1.169078e-20 9.242456e-22 6.370226e-23 3.619213e-24 1.403665e-25 -8.266301e-28 -8.618676e-28 -1.098652e-28 -1.006142e-29 -7.717579e-31 -5.212847e-32 -3.171924e-33 -1.760143e-34 -8.972796e-36 -4.221651e-37 -1.838834e-38 -7.429932e-40 -2.740809e-41 -5.047561e-43 -1.687027e-45 -9.250151e-49 -1.086700e-52 -3.515205e-57 -3.786795e-62 -1.566063e-67
