0.000000e+00 0.000000e+00 0.000000e+00 0.000000e+00 0.000000e+00 0.000000e+00 0.000000e+00 0.000000e+00 0.000000e+00 0.000000e+00 0.000000e+00 0.000000e+00 0.000000e+00 0.000000e+00 0.000000e+00 0.000000e+00 0.000000e+00 0.000000e+00 0.000000e+00 0.000000e+00 0.000000e+00 0.000000e+00 0.000000e+00 0.000000e+00 0.000000e+00 0.000000e+00 0.000000e+00 0.000000e+00 0.000000e+00 0.000000e+00 0.000000e+00 0.000000e+00 0.000000e+00 0.000000e+00 0.000000e+00 0.000000e+00 0.000000e+00 0.000000e+00 0.000000e+00 0.000000e+00 0.000000e+00 0.000000e+00 0.000000e+00 0.000000e+00 0.000000e+00 0.000000e+00 0.000000e+00 0.000000e+00 0.000000e+00 0.000000e+00 0.000000e+00 0.000000e+00 0.000000e+00 0.000000e+00 0.000000e+00 0.000000e+00 0.000000e+00 0.000000e+00 0.000000e+00 0.000000e+00 0.000000e+00 0.000000e+00 0.000000e+00 0.000000e+00 0.000000e+00 0.000000e+00 0.000000e+00 0.000000e+00 0.000000e+00 0.000000e+00 0.000000e+00 0.000000e+00 0.000000e+00 0.000000e+00 0.000000e+00 0.000000e+00 0.000000e+00 0.000000e+00 0.000000e+00 0.000000e+00 0.000000e+00 0.000000e+00 0.000000e+00 0.000000e+00 0.000000e+00 0.000000e+00 0.000000e+00 0.000000e+00 0.000000e+00 0.000000e+00 0.000000e+00 0.000000e+00 0.000000e+00 0.000000e+00 0.000000e+00 0.000000e+00 0.000000e+00 0.000000e+00 0.000000e+00 0.000000e+00 0.000000e+00 0.000000e+00 0.000000e+00 0.000000e+00 0.000000e+00 0.000000e+00 0.000000e+00 0.000000e+00 0.000000e+00 0.000000e+00 0.000000e+00 0.000000e+00 0.000000e+00 0.000000e+00 0.000000e+00 0.000000e+00
0.000000e+00 0.000000e+00 0.000000e+00 0.000000e+00 0.000000e+00 0.000000e+00 0.000000e+00 0.000000e+00 0.000000e+00 0.000000e+00 0.000000e+00 4.096044e-99 3.459950e-96 1.425698e-93 3.818943e-91 7.476574e-89 1.140337e-86 1.410347e-84 1.453585e-82 1.273269e-80 9.619595e-79 6.339603e-77 3.676913e-75 1.890053e-73 8.659175e-72 3.551826e-70 1.309094e-68 4.347942e-67 1.304270e-65 3.539676e-64 8.701723e-63 1.939258e-61 3.919398e-60 7.183724e-59 1.193571e-57 1.796219e-56 2.445332e-55 3.006271e-54 3.329890e-53 3.313194e-52 2.949900e-51 2.338483e-50 1.639559e-49 1.007313e-48 5.349432e-48 2.401498e-47 8.734577e-47 2.312366e-46 2.579900e-46 -1.420015e-45 -1.122471e-44 -4.662977e-44 -1.392920e-43 -3.180521e-43 -5.585988e-43 -7.345996e-43 -6.625795e-43 -2.708965e-43 2.708965e-43 6.625795e-43 7.345996e-43 5.585988e-43 3.180521e-43 1.392920e-43 4.662977e-44 1.122471e-44 1.420015e-45 -2.579900e-46 -2.312366e-46 -8.734577e-47 -2.401498e-47 -5.349432e-48 -1.007313e-48 -1.639559e-49 -2.338483e-50 -2.949900e-51 -3.313194e-52 -3.329890e-53 -3.006271e-54 -2.445332e-55 -1.796219e-56 -1.193571e-57 -7.183724e-59 -3.919398e-60 -1.939258e-61 -8.701723e-63 -3.539676e-64 -1.304270e-65 -4.347942e-67 -1.309094e-68 -3.551826e-70 -8.659175e-72 -1.890053e-73 -3.676913e-75 -6.339603e-77 -9.619595e-79 -1.273269e-80 -1.453585e-82 -1.410347e-84 -1.140337e-86 -7.476574e-89 -3.818943e-91 -1.425698e-93 -3.459950e-96 -4.096044e-99 0.000000e+00 0.000000e+00 0.000000e+00 0.000000e+00 0.000000e+00 0.000000e+00 0.000000e+00 0.000000e+00 0.000000e+00 0.000000e+00 0.000000e+00
0.000000e+00 0.000000e+00 0.000000e+00 0.000000e+00 0.000000e+00 0.000000e+00 0.000000e+00 0.000000e+00 0.000000e+00 0.000000e+00 1.809730e-95 1.559269e-92 6.556650e-90 1.793128e-87 3.585953e-85 5.589835e-83 7.069619e-81 7.455327e-79 6.685998e-77 5.174866e-75 3.496156e-73 2.080192e-71 1.097757e-69 5.167245e-68 2.179423e-66 8.266959e-65 2.828417e-63 8.748556e-62 2.450717e-60 6.225533e-59 1.435362e-57 3.005027e-56 5.713066e-55 9.860259e-54 1.543820e-52 2.190282e-51 2.811235e-50 3.257209e-49 3.397109e-48 3.177416e-47 2.652223e-46 1.962618e-45 1.275496e-44 7.177550e-44 3.414688e-43 1.309379e-42 3.551389e-42 2.754540e-42 -3.834650e-41 -2.917067e-40 -1.315564e-39 -4.421792e-39 -1.168036e-38 -2.451935e-38 -4.050829e-38 -5.096911e-38 -4.464853e-38 -1.798923e-38 1.798923e-38 4.464853e-38 5.096911e-38 4.050829e-38 2.451935e-38 1.168036e-38 4.421792e-39 1.315564e-39 2.917067e-40 3.834650e-41 -2.754540e-42 -3.551389e-42 -1.309379e-42 -3.414688e-43 -7.177550e-44 -1.275496e-44 -1.962618e-45 -2.652223e-46 -3.177416e-47 -3.397109e-48 -3.257209e-49 -2.811235e-50 -2.190282e-51 -1.543820e-52 -9.860259e-54 -5.713066e-55 -3.005027e-56 -1.435362e-57 -6.225533e-59 -2.450717e-60 -8.748556e-62 -2.828417e-63 -8.266959e-65 -2.179423e-66 -5.167245e-68 -1.097757e-69 -2.080192e-71 -3.496156e-73 -5.174866e-75 -6.685998e-77 -7.455327e-79 -7.069619e-81 -5.589835e-83 -3.585953e-85 -1.793128e-87 -6.556650e-90 -1.559269e-92 -1.809730e-95 0.000000e+00 0.000000e+00 0.000000e+00 0.000000e+00 0.000000e+00 0.000000e+00 0.000000e+00 0.000000e+00 0.000000e+00 0.000000e+00
0.000000e+00 0.000000e+00 0.000000e+00 0.000000e+00 0.000000e+00 0.000000e+00 0.000000e+00 0.000000e+00 0.000000e+00 2.995405e-92 2.631112e-89 1.128418e-86 3.148977e-84 6.428994e-82 1.023615e-79 1.323007e-77 1.426594e-75 1.308934e-73 1.037124e-71 7.177555e-70 4.377553e-68 2.369620e-66 1.144971e-64 4.961064e-63 1.934776e-61 6.811672e-60 2.170042e-58 6.267094e-57 1.642998e-55 3.913668e-54 8.474988e-53 1.668661e-51 2.986569e-50 4.856055e-49 7.165558e-48 9.581126e-47 1.158480e-45 1.263214e-44 1.237684e-43 1.084391e-42 8.439556e-42 5.779027e-41 3.430452e-40 1.720377e-39 6.906825e-39 1.891459e-38 4.944036e-39 -3.333751e-37 -2.529083e-36 -1.230496e-35 -4.584677e-35 -1.370551e-34 -3.329622e-34 -6.556834e-34 -1.031002e-33 -1.250224e-33 -1.068337e-33 -4.250836e-34 4.250836e-34 1.068337e-33 1.250224e-33 1.031002e-33 6.556834e-34 3.329622e-34 1.370551e-34 4.584677e-35 1.230496e-35 2.529083e-36 3.333751e-37 -4.944036e-39 -1.891459e-38 -6.906825e-39 -1.720377e-39 -3.430452e-40 -5.779027e-41 -8.439556e-42 -1.084391e-42 -1.237684e-43 -1.263214e-44 -1.158480e-45 -9.581126e-47 -7.165558e-48 -4.856055e-49 -2.986569e-50 -1.668661e-51 -8.474988e-53 -3.913668e-54 -1.642998e-55 -6.267094e-57 -2.170042e-58 -6.811672e-60 -1.934776e-61 -4.961064e-63 -1.144971e-64 -2.369620e-66 -4.377553e-68 -7.177555e-70 -1.037124e-71 -1.308934e-73 -1.426594e-75 -1.323007e-77 -1.023615e-79 -6.428994e-82 -3.148977e-84 -1.128418e-86 -2.631112e-89 -2.995405e-92 0.000000e+00 0.000000e+00 0.000000e+00 0.000000e+00 0.000000e+00 0.000000e+00 0.000000e+00 0.000000e+00 0.000000e+00
0.000000e+00 0.000000e+00 0.000000e+00 0.000000e+00 0.000000e+00 0.000000e+00 0.000000e+00 0.000000e+00 1.575850e-89 1.410451e-86 6.166398e-84 1.754957e-81 3.655744e-79 5.941748e-77 7.843366e-75 8.642337e-73 8.107310e-71 6.571523e-69 4.655308e-67 2.908117e-65 1.613441e-63 7.995803e-62 3.555912e-60 1.424449e-58 5.155376e-57 1.689797e-55 5.025552e-54 1.358063e-52 3.337894e-51 7.466216e-50 1.520197e-48 2.817113e-47 4.748748e-46 7.274619e-45 1.011301e-43 1.273309e-42 1.448163e-41 1.482480e-40 1.359437e-39 1.109216e-38 7.974240e-38 4.972908e-37 2.616152e-36 1.092324e-35 2.969352e-35 -1.492225e-35 -8.211755e-34 -6.315887e-33 -3.295158e-32 -1.345136e-31 -4.477627e-31 -1.231538e-30 -2.801170e-30 -5.229901e-30 -7.880497e-30 -9.251619e-30 -7.734081e-30 -3.043360e-30 3.043360e-30 7.734081e-30 9.251619e-30 7.880497e-30 5.229901e-30 2.801170e-30 1.231538e-30 4.477627e-31 1.345136e-31 3.295158e-32 6.315887e-33 8.211755e-34 1.492225e-35 -2.969352e-35 -1.092324e-35 -2.616152e-36 -4.972908e-37 -7.974240e-38 -1.109216e-38 -1.359437e-39 -1.482480e-40 -1.448163e-41 -1.273309e-42 -1.011301e-43 -7.274619e-45 -4.748748e-46 -2.817113e-47 -1.520197e-48 -7.466216e-50 -3.337894e-51 -1.358063e-52 -5.025552e-54 -1.689797e-55 -5.155376e-57 -1.424449e-58 -3.555912e-60 -7.995803e-62 -1.613441e-63 -2.908117e-65 -4.655308e-67 -6.571523e-69 -8.107310e-71 -8.642337e-73 -7.843366e-75 -5.941748e-77 -3.655744e-79 -1.754957e-81 -6.166398e-84 -1.410451e-86 -1.575850e-89 0.000000e+00 0.000000e+00 0.000000e+00 0.000000e+00 0.000000e+00 0.000000e+00 0.000000e+00 0.000000e+00
0.000000e+00 0.000000e+00 0.000000e+00 0.000000e+00 0.000000e+00 0.000000e+00 0.000000e+00 2.064973e-87 1.927877e-84 8.587750e-82 2.491292e-79 5.292190e-77 8.775567e-75 1.182422e-72 1.330537e-70 1.275336e-68 1.056821e-66 7.658045e-65 4.896354e-63 2.782114e-61 1.412952e-59 6.444010e-58 2.649132e-56 9.846826e-55 3.317381e-53 1.014926e-51 2.823881e-50 7.152911e-49 1.650545e-47 3.470578e-46 6.649177e-45 1.160168e-43 1.841949e-42 2.657372e-41 3.477119e-40 4.115796e-39 4.391676e-38 4.203952e-37 3.585730e-36 2.697589e-35 1.760762e-34 9.673163e-34 4.172785e-33 1.102476e-32 -1.810995e-32 -4.698078e-31 -3.693653e-30 -2.055103e-29 -9.105028e-29 -3.332861e-28 -1.021145e-27 -2.625640e-27 -5.645354e-27 -1.005611e-26 -1.458396e-26 -1.662661e-26 -1.362506e-26 -5.307624e-27 5.307624e-27 1.362506e-26 1.662661e-26 1.458396e-26 1.005611e-26 5.645354e-27 2.625640e-27 1.021145e-27 3.332861e-28 9.105028e-29 2.055103e-29 3.693653e-30 4.698078e-31 1.810995e-32 -1.102476e-32 -4.172785e-33 -9.673163e-34 -1.760762e-34 -2.697589e-35 -3.585730e-36 -4.203952e-37 -4.391676e-38 -4.115796e-39 -3.477119e-40 -2.657372e-41 -1.841949e-42 -1.160168e-43 -6.649177e-45 -3.470578e-46 -1.650545e-47 -7.152911e-49 -2.823881e-50 -1.014926e-51 -3.317381e-53 -9.846826e-55 -2.649132e-56 -6.444010e-58 -1.412952e-59 -2.782114e-61 -4.896354e-63 -7.658045e-65 -1.056821e-66 -1.275336e-68 -1.330537e-70 -1.182422e-72 -8.775567e-75 -5.292190e-77 -2.491292e-79 -8.587750e-82 -1.927877e-84 -2.064973e-87 0.000000e+00 0.000000e+00 0.000000e+00 0.000000e+00 0.000000e+00 0.000000e+00 0.000000e+00
0.000000e+00 0.000000e+00 0.000000e+00 0.000000e+00 0.000000e+00 0.000000e+00 2.722069e-86 4.982987e-83 2.314717e-80 6.841502e-78 1.481337e-75 2.504816e-73 3.443135e-71 3.954543e-69 3.870763e-67 3.277183e-65 2.427606e-63 1.587590e-61 9.232110e-60 4.801542e-58 2.243967e-56 9.459410e-55 3.607987e-53 1.248236e-51 3.924729e-50 1.123196e-48 2.928909e-47 6.964116e-46 1.510361e-44 2.987693e-43 5.388309e-42 8.852649e-41 1.323240e-39 1.796170e-38 2.208478e-37 2.451089e-36 2.443653e-35 2.173268e-34 1.706067e-33 1.161723e-32 6.638094e-32 2.940175e-31 7.354253e-31 -2.474238e-30 -4.808893e-29 -3.883176e-28 -2.293467e-27 -1.094436e-26 -4.362023e-26 -1.470414e-25 -4.207283e-25 -1.020297e-24 -2.085812e-24 -3.559449e-24 -4.983420e-24 -5.529513e-24 -4.448554e-24 -1.716841e-24 1.716841e-24 4.448554e-24 5.529513e-24 4.983420e-24 3.559449e-24 2.085812e-24 1.020297e-24 4.207283e-25 1.470414e-25 4.362023e-26 1.094436e-26 2.293467e-27 3.883176e-28 4.808893e-29 2.474238e-30 -7.354253e-31 -2.940175e-31 -6.638094e-32 -1.161723e-32 -1.706067e-33 -2.173268e-34 -2.443653e-35 -2.451089e-36 -2.208478e-37 -1.796170e-38 -1.323240e-39 -8.852649e-41 -5.388309e-42 -2.987693e-43 -1.510361e-44 -6.964116e-46 -2.928909e-47 -1.123196e-48 -3.924729e-50 -1.248236e-51 -3.607987e-53 -9.459410e-55 -2.243967e-56 -4.801542e-58 -9.232110e-60 -1.587590e-61 -2.427606e-63 -3.277183e-65 -3.870763e-67 -3.954543e-69 -3.443135e-71 -2.504816e-73 -1.481337e-75 -6.841502e-78 -2.314717e-80 -4.982987e-83 -2.722069e-86 0.000000e+00 0.000000e+00 0.000000e+00 0.000000e+00 0.000000e+00 0.000000e+00
0.000000e+00 0.000000e+00 0.000000e+00 0.000000e+00 0.000000e+00 1.118675e-86 1.083924e-82 9.863777e-80 3.040174e-77 6.708104e-75 1.156390e-72 1.621273e-70 1.900074e-68 1.898672e-66 1.641906e-64 1.242924e-62 8.311074e-61 4.944433e-59 2.632377e-57 1.260094e-55 5.444391e-54 2.129819e-52 7.562670e-51 2.442380e-49 7.184983e-48 1.927537e-46 4.719208e-45 1.054850e-43 2.152658e-42 4.009283e-41 6.809757e-40 1.053497e-38 1.481809e-37 1.890242e-36 2.179207e-35 2.259504e-34 2.092074e-33 1.710965e-32 1.213375e-31 7.198606e-31 3.266439e-30 7.591380e-30 -4.378025e-29 -7.462318e-28 -6.230081e-27 -3.898265e-26 -1.993830e-25 -8.593017e-25 -3.158779e-24 -9.945090e-24 -2.681147e-23 -6.169737e-23 -1.204621e-22 -1.976194e-22 -2.678313e-22 -2.898445e-22 -2.292581e-22 -8.772213e-23 8.772213e-23 2.292581e-22 2.898445e-22 2.678313e-22 1.976194e-22 1.204621e-22 6.169737e-23 2.681147e-23 9.945090e-24 3.158779e-24 8.593017e-25 1.993830e-25 3.898265e-26 6.230081e-27 7.462318e-28 4.378025e-29 -7.591380e-30 -3.266439e-30 -7.198606e-31 -1.213375e-31 -1.710965e-32 -2.092074e-33 -2.259504e-34 -2.179207e-35 -1.890242e-36 -1.481809e-37 -1.053497e-38 -6.809757e-40 -4.009283e-41 -2.152658e-42 -1.054850e-43 -4.719208e-45 -1.927537e-46 -7.184983e-48 -2.442380e-49 -7.562670e-51 -2.129819e-52 -5.444391e-54 -1.260094e-55 -2.632377e-57 -4.944433e-59 -8.311074e-61 -1.242924e-62 -1.641906e-64 -1.898672e-66 -1.900074e-68 -1.621273e-70 -1.156390e-72 -6.708104e-75 -3.040174e-77 -9.863777e-80 -1.083924e-82 -1.118675e-86 0.000000e+00 0.000000e+00 0.000000e+00 0.000000e+00 0.000000e+00
0.000000e+00 0.000000e+00 0.000000e+00 0.000000e+00 2.276446e-88 1.270132e-83 6.120443e-80 3.695121e-77 8.508926e-75 1.496309e-72 2.140929e-70 2.561774e-68 2.614854e-66 2.310919e-64 1.788713e-62 1.223612e-60 7.451345e-59 4.063031e-57 1.993210e-55 8.831307e-54 3.545153e-52 1.292677e-50 4.290156e-49 1.297986e-47 3.584178e-46 9.040172e-45 2.083621e-43 4.388811e-42 8.445580e-41 1.483744e-39 2.376981e-38 3.466389e-37 4.590393e-36 5.501168e-35 5.937219e-34 5.729811e-33 4.890046e-32 3.621492e-31 2.241989e-30 1.054513e-29 2.385053e-29 -1.846916e-28 -3.100037e-27 -2.718397e-26 -1.809860e-25 -9.924140e-25 -4.615285e-24 -1.842703e-23 -6.345858e-23 -1.886242e-22 -4.830324e-22 -1.061598e-21 -1.990346e-21 -3.153324e-21 -4.152847e-21 -4.396412e-21 -3.426031e-21 -1.301108e-21 1.301108e-21 3.426031e-21 4.396412e-21 4.152847e-21 3.153324e-21 1.990346e-21 1.061598e-21 4.830324e-22 1.886242e-22 6.345858e-23 1.842703e-23 4.615285e-24 9.924140e-25 1.809860e-25 2.718397e-26 3.100037e-27 1.846916e-28 -2.385053e-29 -1.054513e-29 -2.241989e-30 -3.621492e-31 -4.890046e-32 -5.729811e-33 -5.937219e-34 -5.501168e-35 -4.590393e-36 -3.466389e-37 -2.376981e-38 -1.483744e-39 -8.445580e-41 -4.388811e-42 -2.083621e-43 -9.040172e-45 -3.584178e-46 -1.297986e-47 -4.290156e-49 -1.292677e-50 -3.545153e-52 -8.831307e-54 -1.993210e-55 -4.063031e-57 -7.451345e-59 -1.223612e-60 -1.788713e-62 -2.310919e-64 -2.614854e-66 -2.561774e-68 -2.140929e-70 -1.496309e-72 -8.508926e-75 -3.695121e-77 -6.120443e-80 -1.270132e-83 -2.276446e-88 0.000000e+00 0.000000e+00 0.000000e+00 0.000000e+00
0.000000e+00 0.000000e+00 0.000000e+00 8.463272e-91 2.077244e-85 5.767726e-81 1.844128e-77 8.314661e-75 1.526661e-72 2.229822e-70 2.724860e-68 2.841733e-66 2.567194e-64 2.032204e-62 1.422483e-60 8.868488e-59 4.953615e-57 2.490805e-55 1.131869e-53 4.663101e-52 1.746211e-50 5.956082e-49 1.853401e-47 5.268052e-46 1.368886e-44 3.253339e-43 7.072785e-42 1.406190e-40 2.555103e-39 4.238410e-38 6.407744e-37 8.808108e-36 1.097182e-34 1.232576e-33 1.239984e-32 1.104776e-31 8.552969e-31 5.539451e-30 2.720833e-29 6.240899e-29 -5.653088e-28 -9.774497e-27 -9.061549e-26 -6.424059e-25 -3.770506e-24 -1.886347e-23 -8.144749e-23 -3.050712e-22 -9.925986e-22 -2.802758e-21 -6.850657e-21 -1.443720e-20 -2.607997e-20 -4.001950e-20 -5.133987e-20 -5.327111e-20 -4.095410e-20 -1.544735e-20 1.544735e-20 4.095410e-20 5.327111e-20 5.133987e-20 4.001950e-20 2.607997e-20 1.443720e-20 6.850657e-21 2.802758e-21 9.925986e-22 3.050712e-22 8.144749e-23 1.886347e-23 3.770506e-24 6.424059e-25 9.061549e-26 9.774497e-27 5.653088e-28 -6.240899e-29 -2.720833e-29 -5.539451e-30 -8.552969e-31 -1.104776e-31 -1.239984e-32 -1.232576e-33 -1.097182e-34 -8.808108e-36 -6.407744e-37 -4.238410e-38 -2.555103e-39 -1.406190e-40 -7.072785e-42 -3.253339e-43 -1.368886e-44 -5.268052e-46 -1.853401e-47 -5.956082e-49 -1.746211e-50 -4.663101e-52 -1.131869e-53 -2.490805e-55 -4.953615e-57 -8.868488e-59 -1.422483e-60 -2.032204e-62 -2.567194e-64 -2.841733e-66 -2.724860e-68 -2.229822e-70 -1.526661e-72 -8.314661e-75 -1.844128e-77 -5.767726e-81 -2.077244e-85 -8.463272e-91 0.000000e+00 0.000000e+00 0.000000e+00
0.000000e+00 0.000000e+00 9.030418e-94 7.582496e-88 9.262487e-83 1.706458e-78 4.072386e-75 1.462436e-72 2.229820e-70 2.781641e-68 2.962687e-66 2.734662e-64 2.212892e-62 1.584173e-60 1.010628e-58 5.779427e-57 2.976930e-55 1.386592e-53 5.858960e-52 2.251745e-50 7.887836e-49 2.522638e-47 7.374868e-46 1.972597e-44 4.829873e-43 1.082732e-41 2.221824e-40 4.171048e-39 7.156031e-38 1.120200e-36 1.596289e-35 2.063917e-34 2.409819e-33 2.523115e-32 2.342825e-31 1.892658e-30 1.280078e-29 6.555454e-29 1.525354e-28 -1.591058e-27 -2.839936e-26 -2.776269e-25 -2.088315e-24 -1.306441e-23 -6.996919e-23 -3.248842e-22 -1.315049e-21 -4.648745e-21 -1.434726e-20 -3.859204e-20 -9.022338e-20 -1.826250e-19 -3.183101e-19 -4.736619e-19 -5.925296e-19 -6.031072e-19 -4.576859e-19 -1.715102e-19 1.715102e-19 4.576859e-19 6.031072e-19 5.925296e-19 4.736619e-19 3.183101e-19 1.826250e-19 9.022338e-20 3.859204e-20 1.434726e-20 4.648745e-21 1.315049e-21 3.248842e-22 6.996919e-23 1.306441e-23 2.088315e-24 2.776269e-25 2.839936e-26 1.591058e-27 -1.525354e-28 -6.555454e-29 -1.280078e-29 -1.892658e-30 -2.342825e-31 -2.523115e-32 -2.409819e-33 -2.063917e-34 -1.596289e-35 -1.120200e-36 -7.156031e-38 -4.171048e-39 -2.221824e-40 -1.082732e-41 -4.829873e-43 -1.972597e-44 -7.374868e-46 -2.522638e-47 -7.887836e-49 -2.251745e-50 -5.858960e-52 -1.386592e-53 -2.976930e-55 -5.779427e-57 -1.010628e-58 -1.584173e-60 -2.212892e-62 -2.734662e-64 -2.962687e-66 -2.781641e-68 -2.229820e-70 -1.462436e-72 -4.072386e-75 -1.706458e-78 -9.262487e-83 -7.582496e-88 -9.030418e-94 0.000000e+00 0.000000e+00
0.000000e+00 3.345076e-97 7.939896e-91 3.318329e-85 2.689773e-80 3.698610e-76 7.026069e-73 2.092877e-70 2.724857e-68 2.962687e-66 2.792861e-64 2.309129e-62 1.689812e-60 1.102527e-58 6.451620e-57 3.402302e-55 1.623374e-53 7.030935e-52 2.771431e-50 9.963637e-49 3.272560e-47 9.832701e-46 2.705033e-44 6.817621e-43 1.574519e-41 3.331609e-40 6.455300e-39 1.144204e-37 1.852442e-36 2.733139e-35 3.663136e-34 4.439047e-33 4.829903e-32 4.666491e-31 3.927171e-30 2.768917e-29 1.476161e-28 3.484065e-28 -4.134039e-27 -7.624668e-26 -7.840738e-25 -6.237660e-24 -4.143705e-23 -2.365606e-22 -1.175499e-21 -5.113661e-21 -1.951704e-20 -6.536097e-20 -1.918417e-19 -4.925075e-19 -1.102938e-18 -2.146936e-18 -3.614501e-18 -5.220903e-18 -6.374090e-18 -6.368720e-18 -4.773154e-18 -1.777476e-18 1.777476e-18 4.773154e-18 6.368720e-18 6.374090e-18 5.220903e-18 3.614501e-18 2.146936e-18 1.102938e-18 4.925075e-19 1.918417e-19 6.536097e-20 1.951704e-20 5.113661e-21 1.175499e-21 2.365606e-22 4.143705e-23 6.237660e-24 7.840738e-25 7.624668e-26 4.134039e-27 -3.484065e-28 -1.476161e-28 -2.768917e-29 -3.927171e-30 -4.666491e-31 -4.829903e-32 -4.439047e-33 -3.663136e-34 -2.733139e-35 -1.852442e-36 -1.144204e-37 -6.455300e-39 -3.331609e-40 -1.574519e-41 -6.817621e-43 -2.705033e-44 -9.832701e-46 -3.272560e-47 -9.963637e-49 -2.771431e-50 -7.030935e-52 -1.623374e-53 -3.402302e-55 -6.451620e-57 -1.102527e-58 -1.689812e-60 -2.309129e-62 -2.792861e-64 -2.962687e-66 -2.724857e-68 -2.092877e-70 -7.026069e-73 -3.698610e-76 -2.689773e-80 -3.318329e-85 -7.939896e-91 -3.345076e-97 0.000000e+00
4.960484e-101 2.884882e-94 3.408559e-88 9.453461e-83 5.719687e-78 6.260432e-74 9.858841e-71 2.504774e-68 2.841729e-66 2.734662e-64 2.309129e-62 1.726556e-60 1.151541e-58 6.891610e-57 3.718866e-55 1.816670e-53 8.060009e-52 3.256478e-50 1.200751e-48 4.047589e-47 1.248971e-45 3.531305e-44 9.153930e-43 2.176112e-41 4.743640e-40 9.477287e-39 1.733756e-37 2.899855e-36 4.424800e-35 6.139908e-34 7.712124e-33 8.707894e-32 8.741216e-31 7.651446e-30 5.615033e-29 3.111848e-28 7.450888e-28 -9.949451e-27 -1.897048e-25 -2.047525e-24 -1.717811e-23 -1.207733e-22 -7.321964e-22 -3.877291e-21 -1.804127e-20 -7.394411e-20 -2.670714e-19 -8.493820e-19 -2.375023e-18 -5.826944e-18 -1.251270e-17 -2.344477e-17 -3.815792e-17 -5.354340e-17 -6.384358e-17 -6.265453e-17 -4.639425e-17 -1.717238e-17 1.717238e-17 4.639425e-17 6.265453e-17 6.384358e-17 5.354340e-17 3.815792e-17 2.344477e-17 1.251270e-17 5.826944e-18 2.375023e-18 8.493820e-19 2.670714e-19 7.394411e-20 1.804127e-20 3.877291e-21 7.321964e-22 1.207733e-22 1.717811e-23 2.047525e-24 1.897048e-25 9.949451e-27 -7.450888e-28 -3.111848e-28 -5.615033e-29 -7.651446e-30 -8.741216e-31 -8.707894e-32 -7.712124e-33 -6.139908e-34 -4.424800e-35 -2.899855e-36 -1.733756e-37 -9.477287e-39 -4.743640e-40 -2.176112e-41 -9.153930e-43 -3.531305e-44 -1.248971e-45 -4.047589e-47 -1.200751e-48 -3.256478e-50 -8.060009e-52 -1.816670e-53 -3.718866e-55 -6.891610e-57 -1.151541e-58 -1.726556e-60 -2.309129e-62 -2.734662e-64 -2.841729e-66 -2.504774e-68 -9.858841e-71 -6.260432e-74 -5.719687e-78 -9.453461e-83 -3.408559e-88 -2.884882e-94 -4.960484e-101
4.194068e-98 1.214245e-91 9.521355e-86 1.971239e-80 9.494257e-76 8.614495e-72 1.156392e-68 2.557183e-66 2.567189e-64 2.212892e-62 1.689812e-60 1.151541e-58 7.044793e-57 3.887942e-55 1.943439e-53 8.827742e-52 3.653647e-50 1.380868e-48 4.774033e-47 1.511866e-45 4.390003e-44 1.169547e-42 2.859563e-41 6.416289e-40 1.320609e-38 2.491035e-37 4.300055e-36 6.778339e-35 9.726811e-34 1.264820e-32 1.480117e-31 1.541582e-30 1.401513e-29 1.068936e-28 6.150324e-28 1.494381e-27 -2.224189e-26 -4.384902e-25 -4.957257e-24 -4.374678e-23 -3.245501e-22 -2.082543e-21 -1.170845e-20 -5.803140e-20 -2.542352e-19 -9.851710e-19 -3.374998e-18 -1.020936e-17 -2.722613e-17 -6.388987e-17 -1.316523e-16 -2.375977e-16 -3.740905e-16 -5.102687e-16 -5.945675e-16 -5.733845e-16 -4.196275e-16 -1.544098e-16 1.544098e-16 4.196275e-16 5.733845e-16 5.945675e-16 5.102687e-16 3.740905e-16 2.375977e-16 1.316523e-16 6.388987e-17 2.722613e-17 1.020936e-17 3.374998e-18 9.851710e-19 2.542352e-19 5.803140e-20 1.170845e-20 2.082543e-21 3.245501e-22 4.374678e-23 4.957257e-24 4.384902e-25 2.224189e-26 -1.494381e-27 -6.150324e-28 -1.068936e-28 -1.401513e-29 -1.541582e-30 -1.480117e-31 -1.264820e-32 -9.726811e-34 -6.778339e-35 -4.300055e-36 -2.491035e-37 -1.320609e-38 -6.416289e-40 -2.859563e-41 -1.169547e-42 -4.390003e-44 -1.511866e-45 -4.774033e-47 -1.380868e-48 -3.653647e-50 -8.827742e-52 -1.943439e-53 -3.887942e-55 -7.044793e-57 -1.151541e-58 -1.689812e-60 -2.212892e-62 -2.567189e-64 -2.557183e-66 -1.156392e-68 -8.614495e-72 -9.494257e-76 -1.971239e-80 -9.521355e-86 -1.214245e-91 -4.194068e-98
1.729824e-95 3.323959e-89 1.945823e-83 3.207157e-78 1.280593e-73 9.904293e-70 1.156519e-66 2.260406e-64 2.032198e-62 1.584173e-60 1.102527e-58 6.891610e-57 3.887942e-55 1.987616e-53 9.238394e-52 3.914645e-50 1.515590e-48 5.370750e-47 1.744421e-45 5.198443e-44 1.422304e-42 3.573978e-41 8.247846e-40 1.747348e-38 3.395440e-37 6.043415e-36 9.831613e-35 1.457423e-33 1.959730e-32 2.373932e-31 2.562112e-30 2.416077e-29 1.912611e-28 1.141137e-27 2.815061e-27 -4.629326e-26 -9.436325e-25 -1.115335e-23 -1.032891e-22 -8.064424e-22 -5.460724e-21 -3.248833e-20 -1.708941e-19 -7.970261e-19 -3.298660e-18 -1.211130e-17 -3.940962e-17 -1.134963e-16 -2.888518e-16 -6.486558e-16 -1.283204e-15 -2.231682e-15 -3.400767e-15 -4.511461e-15 -5.139404e-15 -4.872318e-15 -3.525171e-15 -1.289727e-15 1.289727e-15 3.525171e-15 4.872318e-15 5.139404e-15 4.511461e-15 3.400767e-15 2.231682e-15 1.283204e-15 6.486558e-16 2.888518e-16 1.134963e-16 3.940962e-17 1.211130e-17 3.298660e-18 7.970261e-19 1.708941e-19 3.248833e-20 5.460724e-21 8.064424e-22 1.032891e-22 1.115335e-23 9.436325e-25 4.629326e-26 -2.815061e-27 -1.141137e-27 -1.912611e-28 -2.416077e-29 -2.562112e-30 -2.373932e-31 -1.959730e-32 -1.457423e-33 -9.831613e-35 -6.043415e-36 -3.395440e-37 -1.747348e-38 -8.247846e-40 -3.573978e-41 -1.422304e-42 -5.198443e-44 -1.744421e-45 -5.370750e-47 -1.515590e-48 -3.914645e-50 -9.238394e-52 -1.987616e-53 -3.887942e-55 -6.891610e-57 -1.102527e-58 -1.584173e-60 -2.032198e-62 -2.260406e-64 -1.156519e-66 -9.904293e-70 -1.280593e-73 -3.207157e-78 -1.945823e-83 -3.323959e-89 -1.729824e-95
4.637976e-93 6.653827e-87 3.101210e-81 4.237936e-76 1.442522e-71 9.704653e-68 1.000977e-64 1.749969e-62 1.422479e-60 1.010628e-58 6.451620e-57 3.718866e-55 1.943439e-53 9.238394e-52 4.005692e-50 1.587763e-48 5.763708e-47 1.918835e-45 5.864713e-44 1.646776e-42 4.249699e-41 1.007909e-39 2.196141e-38 4.392582e-37 8.053957e-36 1.350930e-34 2.066671e-33 2.870600e-32 3.595520e-31 4.016398e-30 3.923696e-29 3.219821e-28 1.989914e-27 4.987169e-27 -8.988991e-26 -1.894186e-24 -2.336698e-23 -2.266081e-22 -1.857525e-21 -1.323785e-20 -8.309733e-20 -4.623950e-19 -2.287581e-18 -1.007195e-17 -3.945992e-17 -1.374474e-16 -4.251379e-16 -1.166168e-15 -2.833241e-15 -6.089915e-15 -1.156855e-14 -1.939378e-14 -2.861319e-14 -3.693058e-14 -4.114621e-14 -3.835854e-14 -2.744273e-14 -9.983914e-15 9.983914e-15 2.744273e-14 3.835854e-14 4.114621e-14 3.693058e-14 2.861319e-14 1.939378e-14 1.156855e-14 6.089915e-15 2.833241e-15 1.166168e-15 4.251379e-16 1.374474e-16 3.945992e-17 1.007195e-17 2.287581e-18 4.623950e-19 8.309733e-20 1.323785e-20 1.857525e-21 2.266081e-22 2.336698e-23 1.894186e-24 8.988991e-26 -4.987169e-27 -1.989914e-27 -3.219821e-28 -3.923696e-29 -4.016398e-30 -3.595520e-31 -2.870600e-32 -2.066671e-33 -1.350930e-34 -8.053957e-36 -4.392582e-37 -2.196141e-38 -1.007909e-39 -4.249699e-41 -1.646776e-42 -5.864713e-44 -1.918835e-45 -5.763708e-47 -1.587763e-48 -4.005692e-50 -9.238394e-52 -1.943439e-53 -3.718866e-55 -6.451620e-57 -1.010628e-58 -1.422479e-60 -1.749969e-62 -1.000977e-64 -9.704653e-68 -1.442522e-71 -4.237936e-76 -3.101210e-81 -6.653827e-87 -4.637976e-93
9.088697e-91 1.038225e-84 4.012306e-79 4.674479e-74 1.384145e-69 8.225186e-66 7.583984e-63 1.197353e-60 8.868455e-59 5.779427e-57 3.402302e-55 1.816670e-53 8.827742e-52 3.914645e-50 1.587763e-48 5.900931e-47 2.012421e-45 6.304441e-44 1.815602e-42 4.808519e-41 1.171214e-39 2.622686e-38 5.395125e-37 1.018187e-35 1.759322e-34 2.774931e-33 3.977516e-32 5.145904e-31 5.942955e-30 6.007703e-29 5.104622e-28 3.264539e-27 8.318750e-27 -1.631161e-25 -3.552448e-24 -4.566694e-23 -4.628708e-22 -3.974782e-21 -2.974105e-20 -1.964581e-19 -1.153089e-18 -6.032028e-18 -2.815513e-17 -1.172530e-16 -4.353482e-16 -1.439488e-15 -4.233482e-15 -1.106131e-14 -2.565329e-14 -5.277691e-14 -9.627404e-14 -1.555930e-13 -2.222996e-13 -2.792187e-13 -3.043301e-13 -2.790489e-13 -1.974397e-13 -7.143313e-14 7.143313e-14 1.974397e-13 2.790489e-13 3.043301e-13 2.792187e-13 2.222996e-13 1.555930e-13 9.627404e-14 5.277691e-14 2.565329e-14 1.106131e-14 4.233482e-15 1.439488e-15 4.353482e-16 1.172530e-16 2.815513e-17 6.032028e-18 1.153089e-18 1.964581e-19 2.974105e-20 3.974782e-21 4.628708e-22 4.566694e-23 3.552448e-24 1.631161e-25 -8.318750e-27 -3.264539e-27 -5.104622e-28 -6.007703e-29 -5.942955e-30 -5.145904e-31 -3.977516e-32 -2.774931e-33 -1.759322e-34 -1.018187e-35 -5.395125e-37 -2.622686e-38 -1.171214e-39 -4.808519e-41 -1.815602e-42 -6.304441e-44 -2.012421e-45 -5.900931e-47 -1.587763e-48 -3.914645e-50 -8.827742e-52 -1.816670e-53 -3.402302e-55 -5.779427e-57 -8.868455e-59 -1.197353e-60 -7.583984e-63 -8.225186e-66 -1.384145e-69 -4.674479e-74 -4.012306e-79 -1.038225e-84 -9.088697e-91
1.387550e-88 1.314369e-82 4.330857e-77 4.389686e-72 1.148221e-67 6.099456e-64 5.075665e-61 7.292943e-59 4.953593e-57 2.976930e-55 1.623374e-53 8.060009e-52 3.653647e-50 1.515590e-48 5.763708e-47 2.012421e-45 6.458165e-44 1.906343e-42 5.178180e-41 1.294397e-39 2.976714e-38 6.293033e-37 1.221454e-35 2.172322e-34 3.529514e-33 5.215877e-32 6.963225e-31 8.305558e-30 8.678758e-29 7.627195e-28 5.042869e-27 1.307782e-26 -2.770209e-25 -6.233512e-24 -8.338182e-23 -8.817541e-22 -7.916521e-21 -6.205684e-20 -4.303386e-19 -2.657285e-18 -1.465687e-17 -7.230118e-17 -3.189810e-16 -1.257772e-15 -4.427777e-15 -1.389901e-14 -3.885971e-14 -9.668484e-14 -2.139770e-13 -4.212308e-13 -7.377451e-13 -1.149371e-12 -1.590284e-12 -1.944086e-12 -2.073155e-12 -1.869933e-12 -1.308611e-12 -4.708575e-13 4.708575e-13 1.308611e-12 1.869933e-12 2.073155e-12 1.944086e-12 1.590284e-12 1.149371e-12 7.377451e-13 4.212308e-13 2.139770e-13 9.668484e-14 3.885971e-14 1.389901e-14 4.427777e-15 1.257772e-15 3.189810e-16 7.230118e-17 1.465687e-17 2.657285e-18 4.303386e-19 6.205684e-20 7.916521e-21 8.817541e-22 8.338182e-23 6.233512e-24 2.770209e-25 -1.307782e-26 -5.042869e-27 -7.627195e-28 -8.678758e-29 -8.305558e-30 -6.963225e-31 -5.215877e-32 -3.529514e-33 -2.172322e-34 -1.221454e-35 -6.293033e-37 -2.976714e-38 -1.294397e-39 -5.178180e-41 -1.906343e-42 -6.458165e-44 -2.012421e-45 -5.763708e-47 -1.515590e-48 -3.653647e-50 -8.060009e-52 -1.623374e-53 -2.976930e-55 -4.953593e-57 -7.292943e-59 -5.075665e-61 -6.099456e-64 -1.148221e-67 -4.389686e-72 -4.330857e-77 -1.314369e-82 -1.387550e-88
1.717755e-86 1.387461e-80 3.977748e-75 3.561908e-70 8.329430e-66 3.993247e-62 3.022327e-59 3.977491e-57 2.490792e-55 1.386592e-53 7.030935e-52 3.256478e-50 1.380868e-48 5.370750e-47 1.918835e-45 6.304441e-44 1.906343e-42 5.307558e-41 1.360723e-39 3.211467e-38 6.972422e-37 1.390800e-35 2.543887e-34 4.254122e-33 6.475805e-32 8.912701e-31 1.096897e-29 1.183595e-28 1.074802e-27 7.340499e-27 1.939380e-26 -4.408591e-25 -1.024634e-23 -1.424264e-22 -1.568849e-21 -1.469991e-20 -1.204812e-19 -8.751985e-19 -5.672142e-18 -3.290354e-17 -1.710612e-16 -7.971051e-16 -3.327020e-15 -1.242526e-14 -4.146888e-14 -1.235334e-13 -3.281600e-13 -7.769980e-13 -1.639959e-12 -3.087518e-12 -5.189771e-12 -7.792390e-12 -1.044000e-11 -1.242117e-11 -1.295987e-11 -1.149917e-11 -7.959650e-12 -2.848351e-12 2.848351e-12 7.959650e-12 1.149917e-11 1.295987e-11 1.242117e-11 1.044000e-11 7.792390e-12 5.189771e-12 3.087518e-12 1.639959e-12 7.769980e-13 3.281600e-13 1.235334e-13 4.146888e-14 1.242526e-14 3.327020e-15 7.971051e-16 1.710612e-16 3.290354e-17 5.672142e-18 8.751985e-19 1.204812e-19 1.469991e-20 1.568849e-21 1.424264e-22 1.024634e-23 4.408591e-25 -1.939380e-26 -7.340499e-27 -1.074802e-27 -1.183595e-28 -1.096897e-29 -8.912701e-31 -6.475805e-32 -4.254122e-33 -2.543887e-34 -1.390800e-35 -6.972422e-37 -3.211467e-38 -1.360723e-39 -5.307558e-41 -1.906343e-42 -6.304441e-44 -1.918835e-45 -5.370750e-47 -1.380868e-48 -3.256478e-50 -7.030935e-52 -1.386592e-53 -2.490792e-55 -3.977491e-57 -3.022327e-59 -3.993247e-62 -8.329430e-66 -3.561908e-70 -3.977748e-75 -1.387461e-80 -1.717755e-86
1.772145e-84 1.245539e-78 3.155012e-73 2.525988e-68 5.331515e-64 2.324726e-60 1.610532e-57 1.951661e-55 1.131863e-53 5.858960e-52 2.771431e-50 1.200751e-48 4.774033e-47 1.744421e-45 5.864713e-44 1.815602e-42 5.178180e-41 1.360723e-39 3.293727e-38 7.338898e-37 1.503374e-35 2.825927e-34 4.860188e-33 7.614638e-32 1.079495e-30 1.369563e-29 1.524619e-28 1.429222e-27 1.007489e-26 2.714962e-26 -6.581380e-25 -1.579394e-23 -2.278549e-22 -2.610458e-21 -2.548445e-20 -2.179921e-19 -1.655534e-18 -1.123734e-17 -6.839879e-17 -3.738330e-16 -1.834911e-15 -8.083371e-15 -3.192582e-14 -1.129012e-13 -3.570244e-13 -1.008492e-12 -2.543020e-12 -5.724446e-12 -1.151194e-11 -2.071109e-11 -3.339050e-11 -4.829680e-11 -6.263697e-11 -7.251471e-11 -7.401662e-11 -6.459974e-11 -4.422618e-11 -1.573945e-11 1.573945e-11 4.422618e-11 6.459974e-11 7.401662e-11 7.251471e-11 6.263697e-11 4.829680e-11 3.339050e-11 2.071109e-11 1.151194e-11 5.724446e-12 2.543020e-12 1.008492e-12 3.570244e-13 1.129012e-13 3.192582e-14 8.083371e-15 1.834911e-15 3.738330e-16 6.839879e-17 1.123734e-17 1.655534e-18 2.179921e-19 2.548445e-20 2.610458e-21 2.278549e-22 1.579394e-23 6.581380e-25 -2.714962e-26 -1.007489e-26 -1.429222e-27 -1.524619e-28 -1.369563e-29 -1.079495e-30 -7.614638e-32 -4.860188e-33 -2.825927e-34 -1.503374e-35 -7.338898e-37 -3.293727e-38 -1.360723e-39 -5.178180e-41 -1.815602e-42 -5.864713e-44 -1.744421e-45 -4.774033e-47 -1.200751e-48 -2.771431e-50 -5.858960e-52 -1.131863e-53 -1.951661e-55 -1.610532e-57 -2.324726e-60 -5.331515e-64 -2.525988e-68 -3.155012e-73 -1.245539e-78 -1.772145e-84
1.553841e-82 9.650107e-77 2.185768e-71 1.579675e-66 3.032784e-62 1.210441e-58 7.716641e-56 8.649083e-54 4.663069e-52 2.251745e-50 9.963637e-49 4.047589e-47 1.511866e-45 5.198443e-44 1.646776e-42 4.808519e-41 1.294397e-39 3.211467e-38 7.338898e-37 1.542871e-35 2.978357e-34 5.264127e-33 8.481964e-32 1.237568e-30 1.617207e-29 1.855696e-28 1.794240e-27 1.304515e-26 3.590126e-26 -9.224590e-25 -2.284987e-23 -3.417441e-22 -4.066588e-21 -4.130007e-20 -3.680898e-19 -2.917281e-18 -2.069875e-17 -1.319189e-16 -7.562689e-16 -3.900607e-15 -1.808901e-14 -7.534378e-14 -2.814736e-13 -9.418202e-13 -2.818978e-12 -7.541097e-12 -1.802589e-11 -3.852444e-11 -7.372239e-11 -1.266047e-10 -1.955950e-10 -2.723447e-10 -3.417266e-10 -3.847951e-10 -3.841177e-10 -3.296894e-10 -2.232091e-10 -7.899529e-11 7.899529e-11 2.232091e-10 3.296894e-10 3.841177e-10 3.847951e-10 3.417266e-10 2.723447e-10 1.955950e-10 1.266047e-10 7.372239e-11 3.852444e-11 1.802589e-11 7.541097e-12 2.818978e-12 9.418202e-13 2.814736e-13 7.534378e-14 1.808901e-14 3.900607e-15 7.562689e-16 1.319189e-16 2.069875e-17 2.917281e-18 3.680898e-19 4.130007e-20 4.066588e-21 3.417441e-22 2.284987e-23 9.224590e-25 -3.590126e-26 -1.304515e-26 -1.794240e-27 -1.855696e-28 -1.617207e-29 -1.237568e-30 -8.481964e-32 -5.264127e-33 -2.978357e-34 -1.542871e-35 -7.338898e-37 -3.211467e-38 -1.294397e-39 -4.808519e-41 -1.646776e-42 -5.198443e-44 -1.511866e-45 -4.047589e-47 -9.963637e-49 -2.251745e-50 -4.663069e-52 -8.649083e-54 -7.716641e-56 -1.210441e-58 -3.032784e-62 -1.579675e-66 -2.185768e-71 -9.650107e-77 -1.553841e-82
1.175102e-80 6.526368e-75 1.334512e-69 8.773843e-65 1.542026e-60 5.663458e-57 3.337243e-54 3.472766e-52 1.746198e-50 7.887836e-49 3.272560e-47 1.248971e-45 4.390003e-44 1.422304e-42 4.249699e-41 1.171214e-39 2.976714e-38 6.972422e-37 1.503374e-35 2.978357e-34 5.406033e-33 8.951650e-32 1.343208e-30 1.806456e-29 2.134879e-28 2.127301e-27 1.594174e-26 4.486666e-26 -1.214799e-24 -3.105065e-23 -4.809252e-22 -5.936441e-21 -6.263211e-20 -5.807279e-19 -4.795197e-18 -3.550092e-17 -2.364563e-16 -1.418958e-15 -7.673449e-15 -3.737299e-14 -1.637513e-13 -6.445357e-13 -2.275460e-12 -7.194728e-12 -2.035100e-11 -5.146810e-11 -1.164092e-10 -2.357721e-10 -4.286139e-10 -7.015568e-10 -1.037315e-09 -1.388950e-09 -1.684716e-09 -1.843895e-09 -1.799154e-09 -1.518005e-09 -1.016063e-09 -3.575449e-10 3.575449e-10 1.016063e-09 1.518005e-09 1.799154e-09 1.843895e-09 1.684716e-09 1.388950e-09 1.037315e-09 7.015568e-10 4.286139e-10 2.357721e-10 1.164092e-10 5.146810e-11 2.035100e-11 7.194728e-12 2.275460e-12 6.445357e-13 1.637513e-13 3.737299e-14 7.673449e-15 1.418958e-15 2.364563e-16 3.550092e-17 4.795197e-18 5.807279e-19 6.263211e-20 5.936441e-21 4.809252e-22 3.105065e-23 1.214799e-24 -4.486666e-26 -1.594174e-26 -2.127301e-27 -2.134879e-28 -1.806456e-29 -1.343208e-30 -8.951650e-32 -5.406033e-33 -2.978357e-34 -1.503374e-35 -6.972422e-37 -2.976714e-38 -1.171214e-39 -4.249699e-41 -1.422304e-42 -4.390003e-44 -1.248971e-45 -3.272560e-47 -7.887836e-49 -1.746198e-50 -3.472766e-52 -3.337243e-54 -5.663458e-57 -1.542026e-60 -8.773843e-65 -1.334512e-69 -6.526368e-75 -1.175102e-80
7.752092e-79 3.887214e-73 7.231716e-68 4.353001e-63 7.040904e-59 2.390248e-55 1.306785e-52 1.266567e-50 5.956029e-49 2.522638e-47 9.832701e-46 3.531305e-44 1.169547e-42 3.573978e-41 1.007909e-39 2.622686e-38 6.293033e-37 1.390800e-35 2.825927e-34 5.264127e-33 8.951650e-32 1.380370e-30 1.909150e-29 2.321964e-28 2.382666e-27 1.839252e-26 5.301294e-26 -1.503973e-24 -3.965642e-23 -6.354543e-22 -8.127221e-21 -8.896068e-20 -8.569059e-19 -7.360642e-18 -5.676852e-17 -3.944648e-16 -2.473232e-15 -1.399538e-14 -7.143550e-14 -3.285146e-13 -1.359095e-12 -5.049676e-12 -1.682149e-11 -5.016734e-11 -1.338180e-10 -3.192016e-10 -6.814763e-10 -1.304925e-09 -2.248532e-09 -3.500833e-09 -4.945410e-09 -6.358358e-09 -7.445848e-09 -7.912630e-09 -7.540083e-09 -6.249698e-09 -4.133845e-09 -1.446061e-09 1.446061e-09 4.133845e-09 6.249698e-09 7.540083e-09 7.912630e-09 7.445848e-09 6.358358e-09 4.945410e-09 3.500833e-09 2.248532e-09 1.304925e-09 6.814763e-10 3.192016e-10 1.338180e-10 5.016734e-11 1.682149e-11 5.049676e-12 1.359095e-12 3.285146e-13 7.143550e-14 1.399538e-14 2.473232e-15 3.944648e-16 5.676852e-17 7.360642e-18 8.569059e-19 8.896068e-20 8.127221e-21 6.354543e-22 3.965642e-23 1.503973e-24 -5.301294e-26 -1.839252e-26 -2.382666e-27 -2.321964e-28 -1.909150e-29 -1.380370e-30 -8.951650e-32 -5.264127e-33 -2.825927e-34 -1.390800e-35 -6.293033e-37 -2.622686e-38 -1.007909e-39 -3.573978e-41 -1.169547e-42 -3.531305e-44 -9.832701e-46 -2.522638e-47 -5.956029e-49 -1.266567e-50 -1.306785e-52 -2.390248e-55 -7.040904e-59 -4.353001e-63 -7.231716e-68 -3.887214e-73 -7.752092e-79
4.500747e-77 2.053539e-71 3.498138e-66 1.938106e-61 2.897979e-57 9.127883e-54 4.644839e-51 4.204464e-49 1.853382e-47 7.374867e-46 2.705033e-44 9.153930e-43 2.859563e-41 8.247846e-40 2.196141e-38 5.395125e-37 1.221454e-35 2.543887e-34 4.860188e-33 8.481964e-32 1.343208e-30 1.909150e-29 2.387866e-28 2.521511e-27 2.003848e-26 5.924001e-26 -1.751239e-24 -4.762318e-23 -7.887862e-22 -1.044127e-20 -1.184325e-19 -1.183583e-18 -1.056139e-17 -8.472657e-17 -6.132157e-16 -4.010196e-15 -2.370253e-14 -1.265460e-13 -6.095599e-13 -2.644902e-12 -1.031889e-11 -3.612925e-11 -1.133224e-10 -3.179764e-10 -7.975950e-10 -1.788968e-09 -3.593760e-09 -6.485627e-09 -1.056128e-08 -1.559861e-08 -2.100119e-08 -2.587114e-08 -2.919375e-08 -3.007358e-08 -2.794970e-08 -2.273447e-08 -1.484970e-08 -5.161968e-09 5.161968e-09 1.484970e-08 2.273447e-08 2.794970e-08 3.007358e-08 2.919375e-08 2.587114e-08 2.100119e-08 1.559861e-08 1.056128e-08 6.485627e-09 3.593760e-09 1.788968e-09 7.975950e-10 3.179764e-10 1.133224e-10 3.612925e-11 1.031889e-11 2.644902e-12 6.095599e-13 1.265460e-13 2.370253e-14 4.010196e-15 6.132157e-16 8.472657e-17 1.056139e-17 1.183583e-18 1.184325e-19 1.044127e-20 7.887862e-22 4.762318e-23 1.751239e-24 -5.924001e-26 -2.003848e-26 -2.521511e-27 -2.387866e-28 -1.909150e-29 -1.343208e-30 -8.481964e-32 -4.860188e-33 -2.543887e-34 -1.221454e-35 -5.395125e-37 -2.196141e-38 -8.247846e-40 -2.859563e-41 -9.153930e-43 -2.705033e-44 -7.374867e-46 -1.853382e-47 -4.204464e-49 -4.644839e-51 -9.127883e-54 -2.897979e-57 -1.938106e-61 -3.498138e-66 -2.053539e-71 -4.500747e-77
2.315937e-75 9.676667e-70 1.517425e-64 7.772923e-60 1.078499e-55 3.161855e-52 1.501602e-49 1.272358e-47 5.267993e-46 1.972597e-44 6.817621e-43 2.176112e-41 6.416289e-40 1.747348e-38 4.392582e-37 1.018187e-35 2.172322e-34 4.254122e-33 7.614638e-32 1.237568e-30 1.806456e-29 2.321964e-28 2.521511e-27 2.061893e-26 6.261959e-26 -1.918471e-24 -5.379451e-23 -9.202050e-22 -1.259434e-20 -1.478665e-19 -1.531317e-18 -1.417635e-17 -1.181323e-16 -8.892321e-16 -6.055952e-15 -3.732491e-14 -2.080720e-13 -1.047863e-12 -4.759395e-12 -1.945823e-11 -7.145586e-11 -2.352028e-10 -6.926448e-10 -1.822506e-09 -4.282840e-09 -8.996440e-09 -1.693387e-08 -2.868191e-08 -4.396144e-08 -6.136152e-08 -7.846217e-08 -9.231330e-08 -1.000875e-07 -9.968984e-08 -9.016590e-08 -7.185229e-08 -4.629193e-08 -1.598122e-08 1.598122e-08 4.629193e-08 7.185229e-08 9.016590e-08 9.968984e-08 1.000875e-07 9.231330e-08 7.846217e-08 6.136152e-08 4.396144e-08 2.868191e-08 1.693387e-08 8.996440e-09 4.282840e-09 1.822506e-09 6.926448e-10 2.352028e-10 7.145586e-11 1.945823e-11 4.759395e-12 1.047863e-12 2.080720e-13 3.732491e-14 6.055952e-15 8.892321e-16 1.181323e-16 1.417635e-17 1.531317e-18 1.478665e-19 1.259434e-20 9.202050e-22 5.379451e-23 1.918471e-24 -6.261959e-26 -2.061893e-26 -2.521511e-27 -2.321964e-28 -1.806456e-29 -1.237568e-30 -7.614638e-32 -4.254122e-33 -2.172322e-34 -1.018187e-35 -4.392582e-37 -1.747348e-38 -6.416289e-40 -2.176112e-41 -6.817621e-43 -1.972597e-44 -5.267993e-46 -1.272358e-47 -1.501602e-49 -3.161855e-52 -1.078499e-55 -7.772923e-60 -1.517425e-64 -9.676667e-70 -2.315937e-75
