0.000000e+00 0.000000e+00 0.000000e+00 0.000000e+00 0.000000e+00 0.000000e+00 0.000000e+00 0.000000e+00 0.000000e+00 0.000000e+00 0.000000e+00 0.000000e+00 0.000000e+00 0.000000e+00 0.000000e+00 0.000000e+00 0.000000e+00 0.000000e+00 0.000000e+00 0.000000e+00 0.000000e+00 0.000000e+00 0.000000e+00 0.000000e+00 0.000000e+00 0.000000e+00 0.000000e+00 0.000000e+00 0.000000e+00 0.000000e+00 0.000000e+00 0.000000e+00 0.000000e+00 0.000000e+00 0.000000e+00 0.000000e+00 0.000000e+00 0.000000e+00 0.000000e+00 0.000000e+00 0.000000e+00 0.000000e+00 0.000000e+00 0.000000e+00 0.000000e+00 0.000000e+00 0.000000e+00 0.000000e+00 0.000000e+00 0.000000e+00 0.000000e+00 0.000000e+00 0.000000e+00 0.000000e+00 0.000000e+00 0.000000e+00 0.000000e+00 0.000000e+00 0.000000e+00 0.000000e+00 0.000000e+00 0.000000e+00 0.000000e+00 0.000000e+00 0.000000e+00 0.000000e+00 0.000000e+00 0.000000e+00 0.000000e+00 0.000000e+00 0.000000e+00 0.000000e+00 0.000000e+00 0.000000e+00 0.000000e+00 0.000000e+00 0.000000e+00 0.000000e+00 0.000000e+00 0.000000e+00 0.000000e+00 0.000000e+00 0.000000e+00 0.000000e+00 0.000000e+00 0.000000e+00 0.000000e+00 0.000000e+00 0.000000e+00 0.000000e+00 0.000000e+00 0.000000e+00 0.000000e+00 0.000000e+00 0.000000e+00 0.000000e+00 0.000000e+00 0.000000e+00 0.000000e+00 0.000000e+00 0.000000e+00 0.000000e+00 0.000000e+00 0.000000e+00 0.000000e+00 0.000000e+00 0.000000e+00 0.000000e+00 0.000000e+00 0.000000e+00 0.000000e+00 0.000000e+00 0.000000e+00 0.000000e+00 0.000000e+00 0.000000e+00
9.030895e-87 1.442089e-81 8.974763e-77 1.886789e-72 1.107140e-68 1.410448e-65 2.989764e-63 1.174589e-61 2.366441e-60 4.422303e-59 7.776046e-58 1.285033e-56 1.992528e-55 2.892437e-54 3.918820e-53 4.933591e-52 5.733397e-51 6.085364e-50 5.789253e-49 4.749361e-48 3.028765e-47 8.589907e-47 -1.407189e-45 -3.388254e-44 -4.778927e-43 -5.428015e-42 -5.361483e-41 -4.747687e-40 -3.825567e-39 -2.827880e-38 -1.926767e-37 -1.213435e-36 -7.075059e-36 -3.822512e-35 -1.914400e-34 -8.887748e-34 -3.824138e-33 -1.524403e-32 -5.627226e-32 -1.922676e-31 -6.077581e-31 -1.776597e-30 -4.801093e-30 -1.199205e-29 -2.768280e-29 -5.906044e-29 -1.164624e-28 -2.122739e-28 -3.575828e-28 -5.564262e-28 -7.988555e-28 -1.055634e-27 -1.278184e-27 -1.406443e-27 -1.384333e-27 -1.178705e-27 -7.947368e-28 -2.807867e-28 2.807867e-28 7.947368e-28 1.178705e-27 1.384333e-27 1.406443e-27 1.278184e-27 1.055634e-27 7.988555e-28 5.564262e-28 3.575828e-28 2.122739e-28 1.164624e-28 5.906044e-29 2.768280e-29 1.199205e-29 4.801093e-30 1.776597e-30 6.077581e-31 1.922676e-31 5.627226e-32 1.524403e-32 3.824138e-33 8.887748e-34 1.914400e-34 3.822512e-35 7.075059e-36 1.213435e-36 1.926767e-37 2.827880e-38 3.825567e-39 4.747687e-40 5.361483e-41 5.428015e-42 4.778927e-43 3.388254e-44 1.407189e-45 -8.589907e-47 -3.028765e-47 -4.749361e-48 -5.789253e-49 -6.085364e-50 -5.733397e-51 -4.933591e-52 -3.918820e-53 -2.892437e-54 -1.992528e-55 -1.285033e-56 -7.776046e-58 -4.422303e-59 -2.366441e-60 -1.174589e-61 -2.989764e-63 -1.410448e-65 -1.107140e-68 -1.886789e-72 -8.974763e-77 -1.442089e-81 -9.030895e-87
9.442281e-82 1.440550e-76 8.567374e-72 1.721365e-67 9.652626e-64 1.174886e-60 2.378879e-58 8.933809e-57 1.723326e-55 3.082357e-54 5.182107e-53 8.175707e-52 1.207659e-50 1.664850e-49 2.132146e-48 2.519059e-47 2.714678e-46 2.614618e-45 2.155960e-44 1.348019e-43 2.848849e-43 -8.693644e-42 -1.921129e-40 -2.700097e-39 -3.104726e-38 -3.123588e-37 -2.826505e-36 -2.332288e-35 -1.768298e-34 -1.237378e-33 -8.012587e-33 -4.808799e-32 -2.677018e-31 -1.382816e-30 -6.627934e-30 -2.947112e-29 -1.215230e-28 -4.644786e-28 -1.644774e-27 -5.393568e-27 -1.637187e-26 -4.598750e-26 -1.195159e-25 -2.873739e-25 -6.393846e-25 -1.316690e-24 -2.510470e-24 -4.433106e-24 -7.250950e-24 -1.098229e-23 -1.538731e-23 -1.989878e-23 -2.364768e-23 -2.561550e-23 -2.489662e-23 -2.099804e-23 -1.406821e-23 -4.954628e-24 4.954628e-24 1.406821e-23 2.099804e-23 2.489662e-23 2.561550e-23 2.364768e-23 1.989878e-23 1.538731e-23 1.098229e-23 7.250950e-24 4.433106e-24 2.510470e-24 1.316690e-24 6.393846e-25 2.873739e-25 1.195159e-25 4.598750e-26 1.637187e-26 5.393568e-27 1.644774e-27 4.644786e-28 1.215230e-28 2.947112e-29 6.627934e-30 1.382816e-30 2.677018e-31 4.808799e-32 8.012587e-33 1.237378e-33 1.768298e-34 2.332288e-35 2.826505e-36 3.123588e-37 3.104726e-38 2.700097e-39 1.921129e-40 8.693644e-42 -2.848849e-43 -1.348019e-43 -2.155960e-44 -2.614618e-45 -2.714678e-46 -2.519059e-47 -2.132146e-48 -1.664850e-49 -1.207659e-50 -8.175707e-52 -5.182107e-53 -3.082357e-54 -1.723326e-55 -8.933809e-57 -2.378879e-58 -1.174886e-60 -9.652626e-64 -1.721365e-67 -8.567374e-72 -1.440550e-76 -9.442281e-82
3.600379e-77 5.249137e-72 2.983562e-67 5.728743e-63 3.069204e-59 3.567669e-56 6.895570e-54 2.473262e-52 4.563084e-51 7.800221e-50 1.251346e-48 1.879570e-47 2.634550e-46 3.429443e-45 4.115333e-44 4.497613e-43 4.378395e-42 3.618095e-41 2.196982e-40 2.506778e-40 -1.941495e-38 -4.019399e-37 -5.637834e-36 -6.560579e-35 -6.717471e-34 -6.205277e-33 -5.237469e-32 -4.067920e-31 -2.919649e-30 -1.941248e-29 -1.197441e-28 -6.857784e-28 -3.647554e-27 -1.801772e-26 -8.263685e-26 -3.517667e-25 -1.389113e-24 -5.086309e-24 -1.725992e-23 -5.425778e-23 -1.579561e-22 -4.257835e-22 -1.062732e-21 -2.456561e-21 -5.260988e-21 -1.044418e-20 -1.923155e-20 -3.286520e-20 -5.214377e-20 -7.680462e-20 -1.049382e-19 -1.327180e-19 -1.547150e-19 -1.649049e-19 -1.582097e-19 -1.321382e-19 -8.795348e-20 -3.087491e-20 3.087491e-20 8.795348e-20 1.321382e-19 1.582097e-19 1.649049e-19 1.547150e-19 1.327180e-19 1.049382e-19 7.680462e-20 5.214377e-20 3.286520e-20 1.923155e-20 1.044418e-20 5.260988e-21 2.456561e-21 1.062732e-21 4.257835e-22 1.579561e-22 5.425778e-23 1.725992e-23 5.086309e-24 1.389113e-24 3.517667e-25 8.263685e-26 1.801772e-26 3.647554e-27 6.857784e-28 1.197441e-28 1.941248e-29 2.919649e-30 4.067920e-31 5.237469e-32 6.205277e-33 6.717471e-34 6.560579e-35 5.637834e-36 4.019399e-37 1.941495e-38 -2.506778e-40 -2.196982e-40 -3.618095e-41 -4.378395e-42 -4.497613e-43 -4.115333e-44 -3.429443e-45 -2.634550e-46 -1.879570e-47 -1.251346e-48 -7.800221e-50 -4.563084e-51 -2.473262e-52 -6.895570e-54 -3.567669e-56 -3.069204e-59 -5.728743e-63 -2.983562e-67 -5.249137e-72 -3.600379e-77
4.245787e-73 5.915919e-68 3.213425e-63 5.895064e-59 3.016185e-55 3.346018e-52 6.167329e-50 2.109995e-48 3.717514e-47 6.060651e-46 9.250540e-45 1.317374e-43 1.741570e-42 2.120609e-41 2.347493e-40 2.305732e-39 1.902890e-38 1.108014e-37 -2.162255e-38 -1.338584e-35 -2.634257e-34 -3.692020e-33 -4.346313e-32 -4.525556e-31 -4.263447e-30 -3.676841e-29 -2.922072e-28 -2.148392e-27 -1.464745e-26 -9.273143e-26 -5.455265e-25 -2.982924e-24 -1.515946e-23 -7.158523e-23 -3.139650e-22 -1.278318e-21 -4.829073e-21 -1.691722e-20 -5.493338e-20 -1.652856e-19 -4.607253e-19 -1.189759e-18 -2.846968e-18 -6.315544e-18 -1.299673e-17 -2.483220e-17 -4.409116e-17 -7.281474e-17 -1.119169e-16 -1.601237e-16 -2.131200e-16 -2.633643e-16 -3.009270e-16 -3.154045e-16 -2.985413e-16 -2.468243e-16 -1.631793e-16 -5.708762e-17 5.708762e-17 1.631793e-16 2.468243e-16 2.985413e-16 3.154045e-16 3.009270e-16 2.633643e-16 2.131200e-16 1.601237e-16 1.119169e-16 7.281474e-17 4.409116e-17 2.483220e-17 1.299673e-17 6.315544e-18 2.846968e-18 1.189759e-18 4.607253e-19 1.652856e-19 5.493338e-20 1.691722e-20 4.829073e-21 1.278318e-21 3.139650e-22 7.158523e-23 1.515946e-23 2.982924e-24 5.455265e-25 9.273143e-26 1.464745e-26 2.148392e-27 2.922072e-28 3.676841e-29 4.263447e-30 4.525556e-31 4.346313e-32 3.692020e-33 2.634257e-34 1.338584e-35 2.162255e-38 -1.108014e-37 -1.902890e-38 -2.305732e-39 -2.347493e-40 -2.120609e-41 -1.741570e-42 -1.317374e-43 -9.250540e-45 -6.060651e-46 -3.717514e-47 -2.109995e-48 -6.167329e-50 -3.346018e-52 -3.016185e-55 -5.895064e-59 -3.213425e-63 -5.915919e-68 -4.245787e-73
1.242258e-69 1.654136e-64 8.584461e-60 1.503970e-55 7.343692e-52 7.767191e-49 1.363370e-46 4.441205e-45 7.455594e-44 1.155658e-42 1.670894e-41 2.241495e-40 2.766770e-39 3.098402e-38 3.064696e-37 2.515966e-36 1.380634e-35 -2.879827e-35 -2.296711e-33 -4.343263e-32 -6.088741e-31 -7.248737e-30 -7.669669e-29 -7.362028e-28 -6.480607e-27 -5.263938e-26 -3.959840e-25 -2.764846e-24 -1.794072e-23 -1.082589e-22 -6.076237e-22 -3.171854e-21 -1.539452e-20 -6.943797e-20 -2.909173e-19 -1.131438e-18 -4.082558e-18 -1.366002e-17 -4.236555e-17 -1.217616e-16 -3.242855e-16 -8.004865e-16 -1.832300e-15 -3.892065e-15 -7.679549e-15 -1.409201e-14 -2.407877e-14 -3.835591e-14 -5.701205e-14 -7.910729e-14 -1.024220e-13 -1.235154e-13 -1.381846e-13 -1.422917e-13 -1.327816e-13 -1.086104e-13 -7.129217e-14 -2.485211e-14 2.485211e-14 7.129217e-14 1.086104e-13 1.327816e-13 1.422917e-13 1.381846e-13 1.235154e-13 1.024220e-13 7.910729e-14 5.701205e-14 3.835591e-14 2.407877e-14 1.409201e-14 7.679549e-15 3.892065e-15 1.832300e-15 8.004865e-16 3.242855e-16 1.217616e-16 4.236555e-17 1.366002e-17 4.082558e-18 1.131438e-18 2.909173e-19 6.943797e-20 1.539452e-20 3.171854e-21 6.076237e-22 1.082589e-22 1.794072e-23 2.764846e-24 3.959840e-25 5.263938e-26 6.480607e-27 7.362028e-28 7.669669e-29 7.248737e-30 6.088741e-31 4.343263e-32 2.296711e-33 2.879827e-35 -1.380634e-35 -2.515966e-36 -3.064696e-37 -3.098402e-38 -2.766770e-39 -2.241495e-40 -1.670894e-41 -1.155658e-42 -7.455594e-44 -4.441205e-45 -1.363370e-46 -7.767191e-49 -7.343692e-52 -1.503970e-55 -8.584461e-60 -1.654136e-64 -1.242258e-69
6.853255e-67 8.719194e-62 4.321684e-57 7.226349e-53 3.364345e-49 3.388085e-46 5.652974e-44 1.749018e-42 2.788713e-41 4.091307e-40 5.565599e-39 6.958380e-38 7.874535e-37 7.830112e-36 6.368529e-35 3.219171e-34 -1.552882e-33 -7.472259e-32 -1.370512e-30 -1.924311e-29 -2.316695e-28 -2.489629e-27 -2.433249e-26 -2.184512e-25 -1.811899e-24 -1.393209e-23 -9.951597e-23 -6.611068e-22 -4.086979e-21 -2.351551e-20 -1.259121e-19 -6.271757e-19 -2.904705e-18 -1.250106e-17 -4.996258e-17 -1.853180e-16 -6.375429e-16 -2.033335e-15 -6.009992e-15 -1.646089e-14 -4.178399e-14 -9.834173e-14 -2.147687e-13 -4.356931e-13 -8.221610e-13 -1.445349e-12 -2.370996e-12 -3.634888e-12 -5.214152e-12 -7.003229e-12 -8.805163e-12 -1.034658e-11 -1.131860e-11 -1.143771e-11 -1.051296e-11 -8.501797e-12 -5.538268e-12 -1.923266e-12 1.923266e-12 5.538268e-12 8.501797e-12 1.051296e-11 1.143771e-11 1.131860e-11 1.034658e-11 8.805163e-12 7.003229e-12 5.214152e-12 3.634888e-12 2.370996e-12 1.445349e-12 8.221610e-13 4.356931e-13 2.147687e-13 9.834173e-14 4.178399e-14 1.646089e-14 6.009992e-15 2.033335e-15 6.375429e-16 1.853180e-16 4.996258e-17 1.250106e-17 2.904705e-18 6.271757e-19 1.259121e-19 2.351551e-20 4.086979e-21 6.611068e-22 9.951597e-23 1.393209e-23 1.811899e-24 2.184512e-25 2.433249e-26 2.489629e-27 2.316695e-28 1.924311e-29 1.370512e-30 7.472259e-32 1.552882e-33 -3.219171e-34 -6.368529e-35 -7.830112e-36 -7.874535e-37 -6.958380e-38 -5.565599e-39 -4.091307e-40 -2.788713e-41 -1.749018e-42 -5.652974e-44 -3.388085e-46 -3.364345e-49 -7.226349e-53 -4.321684e-57 -8.719194e-62 -6.853255e-67
6.021011e-65 7.320375e-60 3.465124e-55 5.528179e-51 2.452294e-47 2.348643e-44 3.717863e-42 1.089516e-40 1.643472e-39 2.268098e-38 2.873636e-37 3.288401e-36 3.290017e-35 2.653052e-34 1.221071e-33 -1.017352e-32 -3.879557e-31 -6.995175e-30 -9.878589e-29 -1.205051e-27 -1.316774e-26 -1.311301e-25 -1.201230e-24 -1.017730e-23 -8.000727e-23 -5.847329e-22 -3.977319e-21 -2.519144e-20 -1.485914e-19 -8.160830e-19 -4.171601e-18 -1.983629e-17 -8.768474e-17 -3.600689e-16 -1.372565e-15 -4.853675e-15 -1.591266e-14 -4.834573e-14 -1.360865e-13 -3.549185e-13 -8.579337e-13 -1.923543e-12 -4.004503e-12 -7.752204e-12 -1.397952e-11 -2.352849e-11 -3.703364e-11 -5.461435e-11 -7.557571e-11 -9.822416e-11 -1.198955e-10 -1.372458e-10 -1.467831e-10 -1.455419e-10 -1.317509e-10 -1.053311e-10 -6.809099e-11 -2.355524e-11 2.355524e-11 6.809099e-11 1.053311e-10 1.317509e-10 1.455419e-10 1.467831e-10 1.372458e-10 1.198955e-10 9.822416e-11 7.557571e-11 5.461435e-11 3.703364e-11 2.352849e-11 1.397952e-11 7.752204e-12 4.004503e-12 1.923543e-12 8.579337e-13 3.549185e-13 1.360865e-13 4.834573e-14 1.591266e-14 4.853675e-15 1.372565e-15 3.600689e-16 8.768474e-17 1.983629e-17 4.171601e-18 8.160830e-19 1.485914e-19 2.519144e-20 3.977319e-21 5.847329e-22 8.000727e-23 1.017730e-23 1.201230e-24 1.311301e-25 1.316774e-26 1.205051e-27 9.878589e-29 6.995175e-30 3.879557e-31 1.017352e-32 -1.221071e-33 -2.653052e-34 -3.290017e-35 -3.288401e-36 -2.873636e-37 -2.268098e-38 -1.643472e-39 -1.089516e-40 -3.717863e-42 -2.348643e-44 -2.452294e-47 -5.528179e-51 -3.465124e-55 -7.320375e-60 -6.021011e-65
1.507685e-63 1.754514e-58 7.942977e-54 1.210553e-49 5.121367e-46 4.666729e-43 7.006455e-41 1.941856e-39 2.762324e-38 3.562490e-37 4.147046e-36 4.213575e-35 3.431059e-34 1.534962e-33 -1.560256e-32 -5.672099e-31 -1.032955e-29 -1.484785e-28 -1.848844e-27 -2.065458e-26 -2.105214e-25 -1.975585e-24 -1.716007e-23 -1.384046e-22 -1.038526e-21 -7.257475e-21 -4.725786e-20 -2.867655e-19 -1.621285e-18 -8.536733e-18 -4.183830e-17 -1.907248e-16 -8.080943e-16 -3.179789e-15 -1.161141e-14 -3.932073e-14 -1.234138e-13 -3.588802e-13 -9.667806e-13 -2.413163e-12 -5.584396e-12 -1.199295e-11 -2.393579e-11 -4.447534e-11 -7.709938e-11 -1.249769e-10 -1.898672e-10 -2.709113e-10 -3.636688e-10 -4.597797e-10 -5.475154e-10 -6.132615e-10 -6.437137e-10 -6.283617e-10 -5.617304e-10 -4.448762e-10 -2.857865e-10 -9.855386e-11 9.855386e-11 2.857865e-10 4.448762e-10 5.617304e-10 6.283617e-10 6.437137e-10 6.132615e-10 5.475154e-10 4.597797e-10 3.636688e-10 2.709113e-10 1.898672e-10 1.249769e-10 7.709938e-11 4.447534e-11 2.393579e-11 1.199295e-11 5.584396e-12 2.413163e-12 9.667806e-13 3.588802e-13 1.234138e-13 3.932073e-14 1.161141e-14 3.179789e-15 8.080943e-16 1.907248e-16 4.183830e-17 8.536733e-18 1.621285e-18 2.867655e-19 4.725786e-20 7.257475e-21 1.038526e-21 1.384046e-22 1.716007e-23 1.975585e-24 2.105214e-25 2.065458e-26 1.848844e-27 1.484785e-28 1.032955e-29 5.672099e-31 1.560256e-32 -1.534962e-33 -3.431059e-34 -4.213575e-35 -4.147046e-36 -3.562490e-37 -2.762324e-38 -1.941856e-39 -7.006455e-41 -4.666729e-43 -5.121367e-46 -1.210553e-49 -7.942977e-54 -1.754514e-58 -1.507685e-63
2.994376e-62 3.337844e-57 1.445976e-52 2.105622e-48 8.492966e-45 7.355212e-42 1.044883e-39 2.727033e-38 3.631139e-37 4.314272e-36 4.475066e-35 3.720454e-34 1.696367e-33 -1.779792e-32 -6.595939e-31 -1.228624e-29 -1.807965e-28 -2.306201e-27 -2.640851e-26 -2.760647e-25 -2.658619e-24 -2.371311e-23 -1.965161e-22 -1.516063e-21 -1.089974e-20 -7.306646e-20 -4.567396e-19 -2.661848e-18 -1.445701e-17 -7.313035e-17 -3.442939e-16 -1.507392e-15 -6.132289e-15 -2.316076e-14 -8.114689e-14 -2.635603e-13 -7.931375e-13 -2.210799e-12 -5.708034e-12 -1.365605e-11 -3.029815e-11 -6.241803e-11 -1.196067e-10 -2.136368e-10 -3.565550e-10 -5.574792e-10 -8.186416e-10 -1.131711e-09 -1.475624e-09 -1.816925e-09 -2.113011e-09 -2.317943e-09 -2.389787e-09 -2.298060e-09 -2.029803e-09 -1.593082e-09 -1.017230e-09 -3.497350e-10 3.497350e-10 1.017230e-09 1.593082e-09 2.029803e-09 2.298060e-09 2.389787e-09 2.317943e-09 2.113011e-09 1.816925e-09 1.475624e-09 1.131711e-09 8.186416e-10 5.574792e-10 3.565550e-10 2.136368e-10 1.196067e-10 6.241803e-11 3.029815e-11 1.365605e-11 5.708034e-12 2.210799e-12 7.931375e-13 2.635603e-13 8.114689e-14 2.316076e-14 6.132289e-15 1.507392e-15 3.442939e-16 7.313035e-17 1.445701e-17 2.661848e-18 4.567396e-19 7.306646e-20 1.089974e-20 1.516063e-21 1.965161e-22 2.371311e-23 2.658619e-24 2.760647e-25 2.640851e-26 2.306201e-27 1.807965e-28 1.228624e-29 6.595939e-31 1.779792e-32 -1.696367e-33 -3.720454e-34 -4.475066e-35 -4.314272e-36 -3.631139e-37 -2.727033e-38 -1.044883e-39 -7.355212e-42 -8.492966e-45 -2.105622e-48 -1.445976e-52 -3.337844e-57 -2.994376e-62
5.605627e-61 5.981547e-56 2.476985e-51 3.440844e-47 1.319954e-43 1.082319e-40 1.446018e-38 3.518985e-37 4.313929e-36 4.567191e-35 3.876066e-34 1.802551e-33 -1.943448e-32 -7.349790e-31 -1.399995e-29 -2.108202e-28 -2.753493e-27 -3.230240e-26 -3.461354e-25 -3.418852e-24 -3.129331e-23 -2.662901e-22 -2.110710e-21 -1.560083e-20 -1.075817e-19 -6.922268e-19 -4.155210e-18 -2.325872e-17 -1.213286e-16 -5.893890e-16 -2.664021e-15 -1.119385e-14 -4.368451e-14 -1.581952e-13 -5.311538e-13 -1.652385e-12 -4.760547e-12 -1.269898e-11 -3.136994e-11 -7.180324e-11 -1.524488e-10 -3.007038e-10 -5.521905e-10 -9.463582e-10 -1.517916e-09 -2.285223e-09 -3.238402e-09 -4.330797e-09 -5.476983e-09 -6.558964e-09 -7.440122e-09 -7.984463e-09 -8.077569e-09 -7.645370e-09 -6.667485e-09 -5.183070e-09 -3.288435e-09 -1.126985e-09 1.126985e-09 3.288435e-09 5.183070e-09 6.667485e-09 7.645370e-09 8.077569e-09 7.984463e-09 7.440122e-09 6.558964e-09 5.476983e-09 4.330797e-09 3.238402e-09 2.285223e-09 1.517916e-09 9.463582e-10 5.521905e-10 3.007038e-10 1.524488e-10 7.180324e-11 3.136994e-11 1.269898e-11 4.760547e-12 1.652385e-12 5.311538e-13 1.581952e-13 4.368451e-14 1.119385e-14 2.664021e-15 5.893890e-16 1.213286e-16 2.325872e-17 4.155210e-18 6.922268e-19 1.075817e-19 1.560083e-20 2.110710e-21 2.662901e-22 3.129331e-23 3.418852e-24 3.461354e-25 3.230240e-26 2.753493e-27 2.108202e-28 1.399995e-29 7.349790e-31 1.943448e-32 -1.802551e-33 -3.876066e-34 -4.567191e-35 -4.313929e-36 -3.518985e-37 -1.446018e-38 -1.082319e-40 -1.319954e-43 -3.440844e-47 -2.476985e-51 -5.981547e-56 -5.605627e-61
9.875509e-60 1.007724e-54 3.982899e-50 5.265644e-46 1.914249e-42 1.477580e-39 1.838497e-37 4.099878e-36 4.474651e-35 3.876063e-34 1.839404e-33 -2.030763e-32 -7.842509e-31 -1.527219e-29 -2.352480e-28 -3.144558e-27 -3.777417e-26 -4.146843e-25 -4.198510e-24 -3.941376e-23 -3.441729e-22 -2.801074e-21 -2.127020e-20 -1.507813e-19 -9.979347e-19 -6.165245e-18 -3.553884e-17 -1.910251e-16 -9.567060e-16 -4.460522e-15 -1.934183e-14 -7.792583e-14 -2.914105e-13 -1.010548e-12 -3.246901e-12 -9.659353e-12 -2.659541e-11 -6.776435e-11 -1.598338e-10 -3.492688e-10 -7.080518e-10 -1.334198e-09 -2.342565e-09 -3.843540e-09 -5.911707e-09 -8.551586e-09 -1.167055e-08 -1.506831e-08 -1.844807e-08 -2.144875e-08 -2.369208e-08 -2.483533e-08 -2.462010e-08 -2.290916e-08 -1.970692e-08 -1.516204e-08 -9.553418e-09 -3.262753e-09 3.262753e-09 9.553418e-09 1.516204e-08 1.970692e-08 2.290916e-08 2.462010e-08 2.483533e-08 2.369208e-08 2.144875e-08 1.844807e-08 1.506831e-08 1.167055e-08 8.551586e-09 5.911707e-09 3.843540e-09 2.342565e-09 1.334198e-09 7.080518e-10 3.492688e-10 1.598338e-10 6.776435e-11 2.659541e-11 9.659353e-12 3.246901e-12 1.010548e-12 2.914105e-13 7.792583e-14 1.934183e-14 4.460522e-15 9.567060e-16 1.910251e-16 3.553884e-17 6.165245e-18 9.979347e-19 1.507813e-19 2.127020e-20 2.801074e-21 3.441729e-22 3.941376e-23 4.198510e-24 4.146843e-25 3.777417e-26 3.144558e-27 2.352480e-28 1.527219e-29 7.842509e-31 2.030763e-32 -1.839404e-33 -3.876063e-34 -4.474651e-35 -4.099878e-36 -1.838497e-37 -1.477580e-39 -1.914249e-42 -5.265644e-46 -3.982899e-50 -1.007724e-54 -9.875509e-60
1.635280e-58 1.593433e-53 5.997635e-49 7.520878e-45 2.577022e-41 1.855414e-38 2.113722e-36 4.171088e-35 3.720012e-34 1.802547e-33 -2.030763e-32 -8.013927e-31 -1.595071e-29 -2.512326e-28 -3.435413e-27 -4.223672e-26 -4.747910e-25 -4.924822e-24 -4.738933e-23 -4.244043e-22 -3.544349e-21 -2.763346e-20 -2.012378e-19 -1.369025e-18 -8.698724e-18 -5.160013e-17 -2.855756e-16 -1.473406e-15 -7.080404e-15 -3.165848e-14 -1.315694e-13 -5.076659e-13 -1.816739e-12 -6.023669e-12 -1.848859e-11 -5.249644e-11 -1.378401e-10 -3.346921e-10 -7.518898e-10 -1.564454e-09 -3.019961e-09 -5.420915e-09 -9.074520e-09 -1.421320e-08 -2.090374e-08 -2.897247e-08 -3.797230e-08 -4.720577e-08 -5.580161e-08 -6.282774e-08 -6.741604e-08 -6.887470e-08 -6.677048e-08 -6.097271e-08 -5.165943e-08 -3.929205e-08 -2.456774e-08 -8.358239e-09 8.358239e-09 2.456774e-08 3.929205e-08 5.165943e-08 6.097271e-08 6.677048e-08 6.887470e-08 6.741604e-08 6.282774e-08 5.580161e-08 4.720577e-08 3.797230e-08 2.897247e-08 2.090374e-08 1.421320e-08 9.074520e-09 5.420915e-09 3.019961e-09 1.564454e-09 7.518898e-10 3.346921e-10 1.378401e-10 5.249644e-11 1.848859e-11 6.023669e-12 1.816739e-12 5.076659e-13 1.315694e-13 3.165848e-14 7.080404e-15 1.473406e-15 2.855756e-16 5.160013e-17 8.698724e-18 1.369025e-18 2.012378e-19 2.763346e-20 3.544349e-21 4.244043e-22 4.738933e-23 4.924822e-24 4.747910e-25 4.223672e-26 3.435413e-27 2.512326e-28 1.595071e-29 8.013927e-31 2.030763e-32 -1.802547e-33 -3.720012e-34 -4.171088e-35 -2.113722e-36 -1.855414e-38 -2.577022e-41 -7.520878e-45 -5.997635e-49 -1.593433e-53 -1.635280e-58
2.541113e-57 2.359471e-52 8.430530e-48 9.976341e-44 3.194577e-40 2.111844e-37 2.129981e-35 3.405428e-34 1.695975e-33 -1.943452e-32 -7.842509e-31 -1.595071e-29 -2.567968e-28 -3.590701e-27 -4.516148e-26 -5.195889e-25 -5.518703e-24 -5.440425e-23 -4.994141e-22 -4.277351e-21 -3.421876e-20 -2.558386e-19 -1.787863e-18 -1.167574e-17 -7.122350e-17 -4.055733e-16 -2.154119e-15 -1.066135e-14 -4.911774e-14 -2.104042e-13 -8.370384e-13 -3.088807e-12 -1.056050e-11 -3.341636e-11 -9.777267e-11 -2.643432e-10 -6.601909e-10 -1.523269e-09 -3.249286e-09 -6.416289e-09 -1.175302e-08 -2.002483e-08 -3.184093e-08 -4.742790e-08 -6.644199e-08 -8.788978e-08 -1.101919e-07 -1.313781e-07 -1.493621e-07 -1.622296e-07 -1.684768e-07 -1.671630e-07 -1.579666e-07 -1.411566e-07 -1.175081e-07 -8.818931e-08 -5.464743e-08 -1.850780e-08 1.850780e-08 5.464743e-08 8.818931e-08 1.175081e-07 1.411566e-07 1.579666e-07 1.671630e-07 1.684768e-07 1.622296e-07 1.493621e-07 1.313781e-07 1.101919e-07 8.788978e-08 6.644199e-08 4.742790e-08 3.184093e-08 2.002483e-08 1.175302e-08 6.416289e-09 3.249286e-09 1.523269e-09 6.601909e-10 2.643432e-10 9.777267e-11 3.341636e-11 1.056050e-11 3.088807e-12 8.370384e-13 2.104042e-13 4.911774e-14 1.066135e-14 2.154119e-15 4.055733e-16 7.122350e-17 1.167574e-17 1.787863e-18 2.558386e-19 3.421876e-20 4.277351e-21 4.994141e-22 5.440425e-23 5.518703e-24 5.195889e-25 4.516148e-26 3.590701e-27 2.567968e-28 1.595071e-29 7.842509e-31 1.943452e-32 -1.695975e-33 -3.405428e-34 -2.129981e-35 -2.111844e-37 -3.194577e-40 -9.976341e-44 -8.430530e-48 -2.359471e-52 -2.541113e-57
3.697506e-56 3.261570e-51 1.100984e-46 1.219734e-42 3.597551e-39 2.118192e-36 1.742220e-34 1.540720e-33 -1.780026e-32 -7.349794e-31 -1.527219e-29 -2.512326e-28 -3.590701e-27 -4.618040e-26 -5.435366e-25 -5.908603e-24 -5.964399e-23 -5.609116e-22 -4.924109e-21 -4.039804e-20 -3.099083e-19 -2.223326e-18 -1.491372e-17 -9.349468e-17 -5.474192e-16 -2.991051e-15 -1.523607e-14 -7.227515e-14 -3.188966e-13 -1.307080e-12 -4.970198e-12 -1.751020e-11 -5.708222e-11 -1.719874e-10 -4.784693e-10 -1.228214e-09 -2.908243e-09 -6.353708e-09 -1.281881e-08 -2.392209e-08 -4.139337e-08 -6.662237e-08 -1.001191e-07 -1.410770e-07 -1.872199e-07 -2.350129e-07 -2.801858e-07 -3.184135e-07 -3.459693e-07 -3.602000e-07 -3.597489e-07 -3.445310e-07 -3.155219e-07 -2.744481e-07 -2.234648e-07 -1.648860e-07 -1.010046e-07 -3.400969e-08 3.400969e-08 1.010046e-07 1.648860e-07 2.234648e-07 2.744481e-07 3.155219e-07 3.445310e-07 3.597489e-07 3.602000e-07 3.459693e-07 3.184135e-07 2.801858e-07 2.350129e-07 1.872199e-07 1.410770e-07 1.001191e-07 6.662237e-08 4.139337e-08 2.392209e-08 1.281881e-08 6.353708e-09 2.908243e-09 1.228214e-09 4.784693e-10 1.719874e-10 5.708222e-11 1.751020e-11 4.970198e-12 1.307080e-12 3.188966e-13 7.227515e-14 1.523607e-14 2.991051e-15 5.474192e-16 9.349468e-17 1.491372e-17 2.223326e-18 3.099083e-19 4.039804e-20 4.924109e-21 5.609116e-22 5.964399e-23 5.908603e-24 5.435366e-25 4.618040e-26 3.590701e-27 2.512326e-28 1.527219e-29 7.349794e-31 1.780026e-32 -1.540720e-33 -1.742220e-34 -2.118192e-36 -3.597551e-39 -1.219734e-42 -1.100984e-46 -3.261570e-51 -3.697506e-56
5.022707e-55 4.190047e-50 1.326325e-45 1.357369e-41 3.587777e-38 1.751385e-35 8.477657e-34 -1.509032e-32 -6.595895e-31 -1.399995e-29 -2.352480e-28 -3.435413e-27 -4.516148e-26 -5.435366e-25 -6.044552e-24 -6.244870e-23 -6.013586e-22 -5.408291e-21 -4.547805e-20 -3.577698e-19 -2.633448e-18 -1.813353e-17 -1.167563e-16 -7.024717e-16 -3.946018e-15 -2.067443e-14 -1.009148e-13 -4.583274e-13 -1.934220e-12 -7.573978e-12 -2.747842e-11 -9.222965e-11 -2.859865e-10 -8.181932e-10 -2.157422e-09 -5.239129e-09 -1.171397e-08 -2.412177e-08 -4.579686e-08 -8.031794e-08 -1.304821e-07 -1.970682e-07 -2.778781e-07 -3.675207e-07 -4.581105e-07 -5.406803e-07 -6.068520e-07 -6.502700e-07 -6.674538e-07 -6.579556e-07 -6.239217e-07 -5.692780e-07 -4.987928e-07 -4.172263e-07 -3.287007e-07 -2.363475e-07 -1.422235e-07 -4.745516e-08 4.745516e-08 1.422235e-07 2.363475e-07 3.287007e-07 4.172263e-07 4.987928e-07 5.692780e-07 6.239217e-07 6.579556e-07 6.674538e-07 6.502700e-07 6.068520e-07 5.406803e-07 4.581105e-07 3.675207e-07 2.778781e-07 1.970682e-07 1.304821e-07 8.031794e-08 4.579686e-08 2.412177e-08 1.171397e-08 5.239129e-09 2.157422e-09 8.181932e-10 2.859865e-10 9.222965e-11 2.747842e-11 7.573978e-12 1.934220e-12 4.583274e-13 1.009148e-13 2.067443e-14 3.946018e-15 7.024717e-16 1.167563e-16 1.813353e-17 2.633448e-18 3.577698e-19 4.547805e-20 5.408291e-21 6.013586e-22 6.244870e-23 6.044552e-24 5.435366e-25 4.516148e-26 3.435413e-27 2.352480e-28 1.399995e-29 6.595895e-31 1.509032e-32 -8.477657e-34 -1.751385e-35 -3.587777e-38 -1.357369e-41 -1.326325e-45 -4.190047e-50 -5.022707e-55
6.342216e-54 4.968751e-49 1.456736e-44 1.343382e-40 2.989755e-37 9.359511e-35 -5.648317e-33 -5.565398e-31 -1.228581e-29 -2.108202e-28 -3.144558e-27 -4.223672e-26 -5.195889e-25 -5.908603e-24 -6.244870e-23 -6.154740e-22 -5.667812e-21 -4.882526e-20 -3.936824e-19 -2.971542e-18 -2.099281e-17 -1.387445e-16 -8.572829e-16 -4.947897e-15 -2.664751e-14 -1.337576e-13 -6.249338e-13 -2.713810e-12 -1.093673e-11 -4.083735e-11 -1.410485e-10 -4.498812e-10 -1.322963e-09 -3.581605e-09 -8.915587e-09 -2.038850e-08 -4.281826e-08 -8.260819e-08 -1.465793e-07 -2.397132e-07 -3.624188e-07 -5.085380e-07 -6.652534e-07 -8.152418e-07 -9.403786e-07 -1.025682e-06 -1.062239e-06 -1.048406e-06 -9.892360e-07 -8.946391e-07 -7.769576e-07 -6.486148e-07 -5.202714e-07 -3.996796e-07 -2.912244e-07 -1.960193e-07 -1.123844e-07 -3.654719e-08 3.654719e-08 1.123844e-07 1.960193e-07 2.912244e-07 3.996796e-07 5.202714e-07 6.486148e-07 7.769576e-07 8.946391e-07 9.892360e-07 1.048406e-06 1.062239e-06 1.025682e-06 9.403786e-07 8.152418e-07 6.652534e-07 5.085380e-07 3.624188e-07 2.397132e-07 1.465793e-07 8.260819e-08 4.281826e-08 2.038850e-08 8.915587e-09 3.581605e-09 1.322963e-09 4.498812e-10 1.410485e-10 4.083735e-11 1.093673e-11 2.713810e-12 6.249338e-13 1.337576e-13 2.664751e-14 4.947897e-15 8.572829e-16 1.387445e-16 2.099281e-17 2.971542e-18 3.936824e-19 4.882526e-20 5.667812e-21 6.154740e-22 6.244870e-23 5.908603e-24 5.195889e-25 4.223672e-26 3.144558e-27 2.108202e-28 1.228581e-29 5.565398e-31 5.648317e-33 -9.359511e-35 -2.989755e-37 -1.343382e-40 -1.456736e-44 -4.968751e-49 -6.342216e-54
7.396431e-53 5.379704e-48 1.428106e-43 1.123508e-39 1.715245e-36 -3.156145e-34 -2.383475e-31 -1.016475e-29 -1.807876e-28 -2.753493e-27 -3.777417e-26 -4.747910e-25 -5.518703e-24 -5.964399e-23 -6.013586e-22 -5.667812e-21 -4.999445e-20 -4.129579e-19 -3.194719e-18 -2.314317e-17 -1.569205e-16 -9.951938e-16 -5.898288e-15 -3.263447e-14 -1.683569e-13 -8.087135e-13 -3.611712e-12 -1.497186e-11 -5.750729e-11 -2.042937e-10 -6.699544e-10 -2.024224e-09 -5.624418e-09 -1.434628e-08 -3.354164e-08 -7.179879e-08 -1.406312e-07 -2.520804e-07 -4.139391e-07 -6.239403e-07 -8.658203e-07 -1.110086e-06 -1.320129e-06 -1.461489e-06 -1.510613e-06 -1.460090e-06 -1.319140e-06 -1.110035e-06 -8.622469e-07 -6.063140e-07 -3.688949e-07 -1.697243e-07 -2.047893e-08 7.486816e-08 1.187966e-07 1.186415e-07 8.504863e-08 3.069260e-08 -3.069260e-08 -8.504863e-08 -1.186415e-07 -1.187966e-07 -7.486816e-08 2.047893e-08 1.697243e-07 3.688949e-07 6.063140e-07 8.622469e-07 1.110035e-06 1.319140e-06 1.460090e-06 1.510613e-06 1.461489e-06 1.320129e-06 1.110086e-06 8.658203e-07 6.239403e-07 4.139391e-07 2.520804e-07 1.406312e-07 7.179879e-08 3.354164e-08 1.434628e-08 5.624418e-09 2.024224e-09 6.699544e-10 2.042937e-10 5.750729e-11 1.497186e-11 3.611712e-12 8.087135e-13 1.683569e-13 3.263447e-14 5.898288e-15 9.951938e-16 1.569205e-16 2.314317e-17 3.194719e-18 4.129579e-19 4.999445e-20 5.667812e-21 6.013586e-22 5.964399e-23 5.518703e-24 4.747910e-25 3.777417e-26 2.753493e-27 1.807876e-28 1.016475e-29 2.383475e-31 3.156145e-34 -1.715245e-36 -1.123508e-39 -1.428106e-43 -5.379704e-48 -7.396431e-53
7.885262e-52 5.215249e-47 1.194214e-42 6.779399e-39 -1.817537e-36 -1.881756e-32 -4.375153e-30 -1.463153e-28 -2.306068e-27 -3.230239e-26 -4.146843e-25 -4.924822e-24 -5.440425e-23 -5.609116e-22 -5.408291e-21 -4.882526e-20 -4.129579e-19 -3.272747e-18 -2.429893e-17 -1.689404e-16 -1.099145e-15 -6.685989e-15 -3.798390e-14 -2.012866e-13 -9.935685e-13 -4.561052e-12 -1.943866e-11 -7.676928e-11 -2.803847e-10 -9.450174e-10 -2.932749e-09 -8.361133e-09 -2.184818e-08 -5.221133e-08 -1.138769e-07 -2.263051e-07 -4.092809e-07 -6.732566e-07 -1.007528e-06 -1.372859e-06 -1.705252e-06 -1.932004e-06 -1.993647e-06 -1.861959e-06 -1.547148e-06 -1.093057e-06 -5.640352e-07 -2.917348e-08 4.510912e-07 8.332634e-07 1.093501e-06 1.225917e-06 1.238317e-06 1.147126e-06 9.728051e-07 7.364842e-07 4.580082e-07 1.552966e-07 -1.552966e-07 -4.580082e-07 -7.364842e-07 -9.728051e-07 -1.147126e-06 -1.238317e-06 -1.225917e-06 -1.093501e-06 -8.332634e-07 -4.510912e-07 2.917348e-08 5.640352e-07 1.093057e-06 1.547148e-06 1.861959e-06 1.993647e-06 1.932004e-06 1.705252e-06 1.372859e-06 1.007528e-06 6.732566e-07 4.092809e-07 2.263051e-07 1.138769e-07 5.221133e-08 2.184818e-08 8.361133e-09 2.932749e-09 9.450174e-10 2.803847e-10 7.676928e-11 1.943866e-11 4.561052e-12 9.935685e-13 2.012866e-13 3.798390e-14 6.685989e-15 1.099145e-15 1.689404e-16 2.429893e-17 3.272747e-18 4.129579e-19 4.882526e-20 5.408291e-21 5.609116e-22 5.440425e-23 4.924822e-24 4.146843e-25 3.230239e-26 2.306068e-27 1.463153e-28 4.375153e-30 1.881756e-32 1.817537e-36 -6.779399e-39 -1.194214e-42 -5.215249e-47 -7.885262e-52
7.547171e-51 4.346611e-46 7.466897e-42 3.712200e-39 -2.485674e-34 -3.544018e-31 -6.230849e-29 -1.823588e-27 -2.640680e-26 -3.461353e-25 -4.198510e-24 -4.738933e-23 -4.994141e-22 -4.924109e-21 -4.547805e-20 -3.936824e-19 -3.194719e-18 -2.429893e-17 -1.731467e-16 -1.155090e-15 -7.207819e-15 -4.202470e-14 -2.286468e-13 -1.159189e-12 -5.467179e-12 -2.394451e-11 -9.718915e-11 -3.648003e-10 -1.263270e-09 -4.025719e-09 -1.177410e-08 -3.151511e-08 -7.697370e-08 -1.710415e-07 -3.447532e-07 -6.285180e-07 -1.033584e-06 -1.529104e-06 -2.029041e-06 -2.404143e-06 -2.521114e-06 -2.291767e-06 -1.706793e-06 -8.391182e-07 1.805636e-07 1.202248e-06 2.093310e-06 2.762544e-06 3.168353e-06 3.313728e-06 3.233426e-06 2.978929e-06 2.605133e-06 2.160827e-06 1.683390e-06 1.197108e-06 7.141452e-07 2.371586e-07 -2.371586e-07 -7.141452e-07 -1.197108e-06 -1.683390e-06 -2.160827e-06 -2.605133e-06 -2.978929e-06 -3.233426e-06 -3.313728e-06 -3.168353e-06 -2.762544e-06 -2.093310e-06 -1.202248e-06 -1.805636e-07 8.391182e-07 1.706793e-06 2.291767e-06 2.521114e-06 2.404143e-06 2.029041e-06 1.529104e-06 1.033584e-06 6.285180e-07 3.447532e-07 1.710415e-07 7.697370e-08 3.151511e-08 1.177410e-08 4.025719e-09 1.263270e-09 3.648003e-10 9.718915e-11 2.394451e-11 5.467179e-12 1.159189e-12 2.286468e-13 4.202470e-14 7.207819e-15 1.155090e-15 1.731467e-16 2.429893e-17 3.194719e-18 3.936824e-19 4.547805e-20 4.924109e-21 4.994141e-22 4.738933e-23 4.198510e-24 3.461353e-25 2.640680e-26 1.823588e-27 6.230849e-29 3.544018e-31 2.485674e-34 -3.712200e-39 -7.466897e-42 -4.346611e-46 -7.547171e-51
6.251822e-50 2.785307e-45 1.269339e-41 -7.164093e-37 -4.852398e-33 -5.034617e-30 -7.642508e-28 -2.038686e-26 -2.760451e-25 -3.418851e-24 -3.941376e-23 -4.244043e-22 -4.277351e-21 -4.039804e-20 -3.577698e-19 -2.971542e-18 -2.314317e-17 -1.689404e-16 -1.155090e-15 -7.390589e-15 -4.420222e-14 -2.468020e-13 -1.284536e-12 -6.221663e-12 -2.799049e-11 -1.167208e-10 -4.501038e-10 -1.601010e-09 -5.238080e-09 -1.571485e-08 -4.308705e-08 -1.075686e-07 -2.435481e-07 -4.978927e-07 -9.145743e-07 -1.501059e-06 -2.186034e-06 -2.797303e-06 -3.092923e-06 -2.850130e-06 -1.969519e-06 -5.315839e-07 1.225986e-06 2.990391e-06 4.469997e-06 5.466341e-06 5.903378e-06 5.816782e-06 5.319124e-06 4.557945e-06 3.679646e-06 2.805510e-06 2.020313e-06 1.371049e-06 8.717631e-07 5.111124e-07 2.601107e-07 7.876309e-08 -7.876309e-08 -2.601107e-07 -5.111124e-07 -8.717631e-07 -1.371049e-06 -2.020313e-06 -2.805510e-06 -3.679646e-06 -4.557945e-06 -5.319124e-06 -5.816782e-06 -5.903378e-06 -5.466341e-06 -4.469997e-06 -2.990391e-06 -1.225986e-06 5.315839e-07 1.969519e-06 2.850130e-06 3.092923e-06 2.797303e-06 2.186034e-06 1.501059e-06 9.145743e-07 4.978927e-07 2.435481e-07 1.075686e-07 4.308705e-08 1.571485e-08 5.238080e-09 1.601010e-09 4.501038e-10 1.167208e-10 2.799049e-11 6.221663e-12 1.284536e-12 2.468020e-13 4.420222e-14 7.390589e-15 1.155090e-15 1.689404e-16 2.314317e-17 2.971542e-18 3.577698e-19 4.039804e-20 4.277351e-21 4.244043e-22 3.941376e-23 3.418851e-24 2.760451e-25 2.038686e-26 7.642508e-28 5.034617e-30 4.852398e-33 7.164093e-37 -1.269339e-41 -2.785307e-45 -6.251822e-50
4.071431e-49 7.096865e-45 -5.769313e-40 -1.463920e-35 -6.891052e-32 -6.106119e-29 -8.386285e-27 -2.079167e-25 -2.658416e-24 -3.129329e-23 -3.441729e-22 -3.544349e-21 -3.421876e-20 -3.099083e-19 -2.633448e-18 -2.099281e-17 -1.569205e-16 -1.099145e-15 -7.207819e-15 -4.420222e-14 -2.531660e-13 -1.352162e-12 -6.723022e-12 -3.105746e-11 -1.330094e-10 -5.268047e-10 -1.924320e-09 -6.462973e-09 -1.988929e-08 -5.586657e-08 -1.425987e-07 -3.290855e-07 -6.825747e-07 -1.263305e-06 -2.067102e-06 -2.951483e-06 -3.599883e-06 -3.592134e-06 -2.592385e-06 -5.581253e-07 2.178144e-06 5.020531e-06 7.337820e-06 8.673859e-06 8.856373e-06 7.990688e-06 6.371980e-06 4.371176e-06 2.337466e-06 5.372704e-07 -8.672581e-07 -1.810980e-06 -2.302662e-06 -2.397367e-06 -2.172423e-06 -1.709876e-06 -1.086871e-06 -3.721820e-07 3.721820e-07 1.086871e-06 1.709876e-06 2.172423e-06 2.397367e-06 2.302662e-06 1.810980e-06 8.672581e-07 -5.372704e-07 -2.337466e-06 -4.371176e-06 -6.371980e-06 -7.990688e-06 -8.856373e-06 -8.673859e-06 -7.337820e-06 -5.020531e-06 -2.178144e-06 5.581253e-07 2.592385e-06 3.592134e-06 3.599883e-06 2.951483e-06 2.067102e-06 1.263305e-06 6.825747e-07 3.290855e-07 1.425987e-07 5.586657e-08 1.988929e-08 6.462973e-09 1.924320e-09 5.268047e-10 1.330094e-10 3.105746e-11 6.723022e-12 1.352162e-12 2.531660e-13 4.420222e-14 7.207819e-15 1.099145e-15 1.569205e-16 2.099281e-17 2.633448e-18 3.099083e-19 3.421876e-20 3.544349e-21 3.441729e-22 3.129329e-23 2.658416e-24 2.079167e-25 8.386285e-27 6.106119e-29 6.891052e-32 1.463920e-35 5.769313e-40 -7.096865e-45 -4.071431e-49
1.295826e-48 -1.561920e-43 -1.249660e-38 -2.080557e-34 -8.268757e-31 -6.598645e-28 -8.381327e-26 -1.952184e-24 -2.371119e-23 -2.662899e-22 -2.801074e-21 -2.763346e-20 -2.558386e-19 -2.223326e-18 -1.813353e-17 -1.387445e-16 -9.951938e-16 -6.685989e-15 -4.202470e-14 -2.468020e-13 -1.352162e-12 -6.898891e-12 -3.271368e-11 -1.438446e-10 -5.850019e-10 -2.194107e-09 -7.564146e-09 -2.387929e-08 -6.872973e-08 -1.794348e-07 -4.223250e-07 -8.893659e-07 -1.659409e-06 -2.706022e-06 -3.775106e-06 -4.328716e-06 -3.687216e-06 -1.398871e-06 2.362846e-06 6.704804e-06 1.036266e-05 1.226127e-05 1.191741e-05 9.517862e-06 5.738733e-06 1.447775e-06 -2.568481e-06 -5.765418e-06 -7.885981e-06 -8.920694e-06 -9.024573e-06 -8.431717e-06 -7.385011e-06 -6.092284e-06 -4.705138e-06 -3.315479e-06 -1.963274e-06 -6.492722e-07 6.492722e-07 1.963274e-06 3.315479e-06 4.705138e-06 6.092284e-06 7.385011e-06 8.431717e-06 9.024573e-06 8.920694e-06 7.885981e-06 5.765418e-06 2.568481e-06 -1.447775e-06 -5.738733e-06 -9.517862e-06 -1.191741e-05 -1.226127e-05 -1.036266e-05 -6.704804e-06 -2.362846e-06 1.398871e-06 3.687216e-06 4.328716e-06 3.775106e-06 2.706022e-06 1.659409e-06 8.893659e-07 4.223250e-07 1.794348e-07 6.872973e-08 2.387929e-08 7.564146e-09 2.194107e-09 5.850019e-10 1.438446e-10 3.271368e-11 6.898891e-12 1.352162e-12 2.468020e-13 4.202470e-14 6.685989e-15 9.951938e-16 1.387445e-16 1.813353e-17 2.223326e-18 2.558386e-19 2.763346e-20 2.801074e-21 2.662899e-22 2.371119e-23 1.952184e-24 8.381327e-26 6.598645e-28 8.268757e-31 2.080557e-34 1.249660e-38 1.561920e-43 -1.295826e-48
-1.625516e-47 -3.649126e-42 -1.779405e-37 -2.469345e-33 -8.800096e-30 -6.479545e-27 -7.702646e-25 -1.696522e-23 -1.964993e-22 -2.110709e-21 -2.127020e-20 -2.012378e-19 -1.787863e-18 -1.491372e-17 -1.167563e-16 -8.572829e-16 -5.898288e-15 -3.798390e-14 -2.286468e-13 -1.284536e-12 -6.723022e-12 -3.271368e-11 -1.476474e-10 -6.164474e-10 -2.373639e-09 -8.399546e-09 -2.720479e-08 -8.025878e-08 -2.144296e-07 -5.151319e-07 -1.102561e-06 -2.076306e-06 -3.376425e-06 -4.591499e-06 -4.871757e-06 -3.187456e-06 9.950385e-07 6.996919e-06 1.285947e-05 1.622986e-05 1.561377e-05 1.104600e-05 3.860038e-06 -4.031221e-06 -1.086824e-05 -1.552762e-05 -1.764328e-05 -1.746160e-05 -1.559424e-05 -1.276315e-05 -9.621416e-06 -6.659314e-06 -4.176988e-06 -2.308187e-06 -1.057156e-06 -3.442045e-07 -3.852849e-08 1.538153e-08 -1.538153e-08 3.852849e-08 3.442045e-07 1.057156e-06 2.308187e-06 4.176988e-06 6.659314e-06 9.621416e-06 1.276315e-05 1.559424e-05 1.746160e-05 1.764328e-05 1.552762e-05 1.086824e-05 4.031221e-06 -3.860038e-06 -1.104600e-05 -1.561377e-05 -1.622986e-05 -1.285947e-05 -6.996919e-06 -9.950385e-07 3.187456e-06 4.871757e-06 4.591499e-06 3.376425e-06 2.076306e-06 1.102561e-06 5.151319e-07 2.144296e-07 8.025878e-08 2.720479e-08 8.399546e-09 2.373639e-09 6.164474e-10 1.476474e-10 3.271368e-11 6.723022e-12 1.284536e-12 2.286468e-13 3.798390e-14 5.898288e-15 8.572829e-16 1.167563e-16 1.491372e-17 1.787863e-18 2.012378e-19 2.127020e-20 2.110709e-21 1.964993e-22 1.696522e-23 7.702646e-25 6.479545e-27 8.800096e-30 2.469345e-33 1.779405e-37 3.649126e-42 1.625516e-47
-4.200791e-46 -5.213032e-41 -2.088200e-36 -2.586435e-32 -8.488091e-29 -5.841759e-26 -6.545880e-24 -1.368979e-22 -1.515926e-21 -1.560081e-20 -1.507813e-19 -1.369025e-18 -1.167574e-17 -9.349468e-17 -7.024717e-16 -4.947897e-15 -3.263447e-14 -2.012866e-13 -1.159189e-12 -6.221663e-12 -3.105746e-11 -1.438446e-10 -6.164474e-10 -2.436661e-09 -8.850893e-09 -2.941598e-08 -8.898594e-08 -2.434599e-07 -5.975663e-07 -1.301752e-06 -2.478604e-06 -4.026448e-06 -5.334403e-06 -5.148800e-06 -1.998355e-06 4.656149e-06 1.319543e-05 1.987439e-05 2.077693e-05 1.440028e-05 2.610677e-06 -1.066696e-05 -2.152723e-05 -2.748376e-05 -2.793591e-05 -2.384380e-05 -1.695592e-05 -9.118325e-06 -1.817074e-06 4.027889e-06 8.022215e-06 1.017937e-05 1.075170e-05 1.009054e-05 8.552469e-06 6.437553e-06 3.980015e-06 1.344197e-06 -1.344197e-06 -3.980015e-06 -6.437553e-06 -8.552469e-06 -1.009054e-05 -1.075170e-05 -1.017937e-05 -8.022215e-06 -4.027889e-06 1.817074e-06 9.118325e-06 1.695592e-05 2.384380e-05 2.793591e-05 2.748376e-05 2.152723e-05 1.066696e-05 -2.610677e-06 -1.440028e-05 -2.077693e-05 -1.987439e-05 -1.319543e-05 -4.656149e-06 1.998355e-06 5.148800e-06 5.334403e-06 4.026448e-06 2.478604e-06 1.301752e-06 5.975663e-07 2.434599e-07 8.898594e-08 2.941598e-08 8.850893e-09 2.436661e-09 6.164474e-10 1.438446e-10 3.105746e-11 6.221663e-12 1.159189e-12 2.012866e-13 3.263447e-14 4.947897e-15 7.024717e-16 9.349468e-17 1.167574e-17 1.369025e-18 1.507813e-19 1.560081e-20 1.515926e-21 1.368979e-22 6.545880e-24 5.841759e-26 8.488091e-29 2.586435e-32 2.088200e-36 5.213032e-41 4.200791e-46
