0.000000e+00 0.000000e+00 0.000000e+00 0.000000e+00 0.000000e+00 0.000000e+00 0.000000e+00 0.000000e+00 0.000000e+00 0.000000e+00 0.000000e+00 0.000000e+00 0.000000e+00 0.000000e+00 0.000000e+00 0.000000e+00 0.000000e+00 0.000000e+00 0.000000e+00 0.000000e+00 0.000000e+00 0.000000e+00 0.000000e+00 0.000000e+00 0.000000e+00 0.000000e+00 0.000000e+00 0.000000e+00 0.000000e+00 0.000000e+00 0.000000e+00 0.000000e+00 0.000000e+00 0.000000e+00 0.000000e+00 0.000000e+00 0.000000e+00 0.000000e+00 0.000000e+00 0.000000e+00 0.000000e+00 0.000000e+00 0.000000e+00 0.000000e+00 0.000000e+00 0.000000e+00 0.000000e+00 0.000000e+00 0.000000e+00 0.000000e+00 0.000000e+00 0.000000e+00 0.000000e+00 0.000000e+00 0.000000e+00 0.000000e+00 0.000000e+00 0.000000e+00 0.000000e+00 0.000000e+00 0.000000e+00 0.000000e+00 0.000000e+00 0.000000e+00 0.000000e+00 0.000000e+00 0.000000e+00 0.000000e+00 0.000000e+00 0.000000e+00 0.000000e+00 0.000000e+00 0.000000e+00 0.000000e+00 0.000000e+00 0.000000e+00 0.000000e+00 0.000000e+00 0.000000e+00 0.000000e+00 0.000000e+00 0.000000e+00 0.000000e+00 0.000000e+00 0.000000e+00 0.000000e+00 0.000000e+00 0.000000e+00 0.000000e+00 0.000000e+00 0.000000e+00 0.000000e+00 0.000000e+00 0.000000e+00 0.000000e+00 0.000000e+00 0.000000e+00 0.000000e+00 0.000000e+00 0.000000e+00 0.000000e+00 0.000000e+00 0.000000e+00 0.000000e+00 0.000000e+00 0.000000e+00 0.000000e+00 0.000000e+00 0.000000e+00 0.000000e+00 0.000000e+00 0.000000e+00 0.000000e+00 0.000000e+00 0.000000e+00 0.000000e+00
3.834007e-85 5.648614e-80 3.246594e-75 6.308416e-71 3.423205e-67 4.034365e-64 7.914627e-62 2.883956e-60 5.408807e-59 9.412720e-58 1.540354e-56 2.366256e-55 3.403944e-54 4.569882e-53 5.697519e-52 6.547061e-51 6.848349e-50 6.373453e-49 5.019582e-48 2.870955e-47 2.089354e-47 -2.543584e-45 -4.930470e-44 -6.585836e-43 -7.326875e-42 -7.183277e-41 -6.358307e-40 -5.144524e-39 -3.831323e-38 -2.637125e-37 -1.681726e-36 -9.950453e-36 -5.466680e-35 -2.789532e-34 -1.322099e-33 -5.818713e-33 -2.377193e-32 -9.011261e-32 -3.168011e-31 -1.032454e-30 -3.117917e-30 -8.722380e-30 -2.259956e-29 -5.422948e-29 -1.205240e-28 -2.481377e-28 -4.733597e-28 -8.368473e-28 -1.371039e-27 -2.080728e-27 -2.921729e-27 -3.786902e-27 -4.510201e-27 -4.895299e-27 -4.766099e-27 -4.025233e-27 -2.699345e-27 -9.511268e-28 9.511268e-28 2.699345e-27 4.025233e-27 4.766099e-27 4.895299e-27 4.510201e-27 3.786902e-27 2.921729e-27 2.080728e-27 1.371039e-27 8.368473e-28 4.733597e-28 2.481377e-28 1.205240e-28 5.422948e-29 2.259956e-29 8.722380e-30 3.117917e-30 1.032454e-30 3.168011e-31 9.011261e-32 2.377193e-32 5.818713e-33 1.322099e-33 2.789532e-34 5.466680e-35 9.950453e-36 1.681726e-36 2.637125e-37 3.831323e-38 5.144524e-39 6.358307e-40 7.183277e-41 7.326875e-42 6.585836e-43 4.930470e-44 2.543584e-45 -2.089354e-47 -2.870955e-47 -5.019582e-48 -6.373453e-49 -6.848349e-50 -6.547061e-51 -5.697519e-52 -4.569882e-53 -3.403944e-54 -2.366256e-55 -1.540354e-56 -9.412720e-58 -5.408807e-59 -2.883956e-60 -7.914627e-62 -4.034365e-64 -3.423205e-67 -6.308416e-71 -3.246594e-75 -5.648614e-80 -3.834007e-85
3.698310e-80 5.211810e-75 2.865407e-70 5.325228e-66 2.763000e-62 3.112026e-59 5.831676e-57 2.030734e-55 3.644788e-54 6.065022e-53 9.474396e-52 1.385978e-50 1.891948e-49 2.397526e-48 2.798010e-47 2.967423e-46 2.789422e-45 2.196709e-44 1.205302e-43 -7.194389e-44 -1.442630e-41 -2.681093e-40 -3.588797e-39 -4.046796e-38 -4.041082e-37 -3.653423e-36 -3.024804e-35 -2.308413e-34 -1.630145e-33 -1.067681e-32 -6.494499e-32 -3.671544e-31 -1.929618e-30 -9.427654e-30 -4.280993e-29 -1.806065e-28 -7.075789e-28 -2.573125e-27 -8.681408e-27 -2.716359e-26 -7.879867e-26 -2.118896e-25 -5.281437e-25 -1.220424e-24 -2.615287e-24 -5.199525e-24 -9.595172e-24 -1.644263e-23 -2.617040e-23 -3.867874e-23 -5.303079e-23 -6.729753e-23 -7.870107e-23 -8.412256e-23 -8.090019e-23 -6.769456e-23 -4.511621e-23 -1.584771e-23 1.584771e-23 4.511621e-23 6.769456e-23 8.090019e-23 8.412256e-23 7.870107e-23 6.729753e-23 5.303079e-23 3.867874e-23 2.617040e-23 1.644263e-23 9.595172e-24 5.199525e-24 2.615287e-24 1.220424e-24 5.281437e-25 2.118896e-25 7.879867e-26 2.716359e-26 8.681408e-27 2.573125e-27 7.075789e-28 1.806065e-28 4.280993e-29 9.427654e-30 1.929618e-30 3.671544e-31 6.494499e-32 1.067681e-32 1.630145e-33 2.308413e-34 3.024804e-35 3.653423e-36 4.041082e-37 4.046796e-38 3.588797e-39 2.681093e-40 1.442630e-41 7.194389e-44 -1.205302e-43 -2.196709e-44 -2.789422e-45 -2.967423e-46 -2.798010e-47 -2.397526e-48 -1.891948e-49 -1.385978e-50 -9.474396e-52 -6.065022e-53 -3.644788e-54 -2.030734e-55 -5.831676e-57 -3.112026e-59 -2.763000e-62 -5.325228e-66 -2.865407e-70 -5.211810e-75 -3.698310e-80
1.302282e-75 1.755504e-70 9.231288e-66 1.640403e-61 8.134151e-58 8.749342e-55 1.564476e-52 5.199350e-51 8.915880e-50 1.415495e-48 2.104277e-47 2.918531e-46 3.756037e-45 4.447501e-44 4.776317e-43 4.526458e-42 3.550518e-41 1.836725e-40 -4.532664e-40 -2.998576e-38 -5.389530e-37 -7.234342e-36 -8.264335e-35 -8.398819e-34 -7.747768e-33 -6.556858e-32 -5.121746e-31 -3.706135e-30 -2.489739e-29 -1.554773e-28 -9.031246e-28 -4.880917e-27 -2.454180e-26 -1.147763e-25 -4.990784e-25 -2.016748e-24 -7.569764e-24 -2.637843e-23 -8.530318e-23 -2.559111e-22 -7.120981e-22 -1.837859e-21 -4.400335e-21 -9.777502e-21 -2.017367e-20 -3.867782e-20 -6.895842e-20 -1.144087e-19 -1.767144e-19 -2.541074e-19 -3.398923e-19 -4.220121e-19 -4.842945e-19 -5.095296e-19 -4.838208e-19 -4.009907e-19 -2.655448e-19 -9.297848e-20 9.297848e-20 2.655448e-19 4.009907e-19 4.838208e-19 5.095296e-19 4.842945e-19 4.220121e-19 3.398923e-19 2.541074e-19 1.767144e-19 1.144087e-19 6.895842e-20 3.867782e-20 2.017367e-20 9.777502e-21 4.400335e-21 1.837859e-21 7.120981e-22 2.559111e-22 8.530318e-23 2.637843e-23 7.569764e-24 2.016748e-24 4.990784e-25 1.147763e-25 2.454180e-26 4.880917e-27 9.031246e-28 1.554773e-28 2.489739e-29 3.706135e-30 5.121746e-31 6.556858e-32 7.747768e-33 8.398819e-34 8.264335e-35 7.234342e-36 5.389530e-37 2.998576e-38 4.532664e-40 -1.836725e-40 -3.550518e-41 -4.526458e-42 -4.776317e-43 -4.447501e-44 -3.756037e-45 -2.918531e-46 -2.104277e-47 -1.415495e-48 -8.915880e-50 -5.199350e-51 -1.564476e-52 -8.749342e-55 -8.134151e-58 -1.640403e-61 -9.231288e-66 -1.755504e-70 -1.302282e-75
1.419323e-71 1.829939e-66 9.200958e-62 1.562583e-57 7.399459e-54 7.592794e-51 1.293600e-48 4.095192e-47 6.693560e-46 1.010577e-44 1.423036e-43 1.858344e-42 2.230353e-41 2.422268e-40 2.309488e-39 1.795953e-38 8.540319e-38 -4.475518e-37 -1.942558e-35 -3.399176e-34 -4.577838e-33 -5.295458e-32 -5.472521e-31 -5.146200e-30 -4.447037e-29 -3.551468e-28 -2.630139e-27 -1.809981e-26 -1.158799e-25 -6.906272e-25 -3.832370e-24 -1.979900e-23 -9.520219e-23 -4.258883e-22 -1.771620e-21 -6.849156e-21 -2.459609e-20 -8.200735e-20 -2.537678e-19 -7.286521e-19 -1.941277e-18 -4.799734e-18 -1.101769e-17 -2.349590e-17 -4.659026e-17 -8.598772e-17 -1.478678e-16 -2.371517e-16 -3.549745e-16 -4.959870e-16 -6.464983e-16 -7.845668e-16 -8.827657e-16 -9.135302e-16 -8.559874e-16 -7.023860e-16 -4.620395e-16 -1.612397e-16 1.612397e-16 4.620395e-16 7.023860e-16 8.559874e-16 9.135302e-16 8.827657e-16 7.845668e-16 6.464983e-16 4.959870e-16 3.549745e-16 2.371517e-16 1.478678e-16 8.598772e-17 4.659026e-17 2.349590e-17 1.101769e-17 4.799734e-18 1.941277e-18 7.286521e-19 2.537678e-19 8.200735e-20 2.459609e-20 6.849156e-21 1.771620e-21 4.258883e-22 9.520219e-23 1.979900e-23 3.832370e-24 6.906272e-25 1.158799e-25 1.809981e-26 2.630139e-27 3.551468e-28 4.447037e-29 5.146200e-30 5.472521e-31 5.295458e-32 4.577838e-33 3.399176e-34 1.942558e-35 4.475518e-37 -8.540319e-38 -1.795953e-38 -2.309488e-39 -2.422268e-40 -2.230353e-41 -1.858344e-42 -1.423036e-43 -1.010577e-44 -6.693560e-46 -4.095192e-47 -1.293600e-48 -7.592794e-51 -7.399459e-54 -1.562583e-57 -9.200958e-62 -1.829939e-66 -1.419323e-71
3.840128e-68 4.734052e-63 2.274839e-58 3.689425e-54 1.666665e-50 1.629075e-47 2.639068e-45 7.936745e-44 1.232208e-42 1.760436e-41 2.330825e-40 2.832531e-39 3.106668e-38 2.973217e-37 2.279348e-36 9.579518e-36 -9.244627e-35 -3.153609e-33 -5.401061e-32 -7.301329e-31 -8.548332e-30 -8.976559e-29 -8.597205e-28 -7.578310e-27 -6.180975e-26 -4.679477e-25 -3.294780e-24 -2.159836e-23 -1.318912e-22 -7.503743e-22 -3.976977e-21 -1.962909e-20 -9.018177e-20 -3.854521e-19 -1.531791e-18 -5.656555e-18 -1.939978e-17 -6.176533e-17 -1.825033e-16 -5.004186e-16 -1.273486e-15 -3.009056e-15 -6.606052e-15 -1.348798e-14 -2.564264e-14 -4.545407e-14 -7.522745e-14 -1.163922e-13 -1.685128e-13 -2.283944e-13 -2.896558e-13 -3.431055e-13 -3.780578e-13 -3.844318e-13 -3.551755e-13 -2.883673e-13 -1.883528e-13 -6.549748e-14 6.549748e-14 1.883528e-13 2.883673e-13 3.551755e-13 3.844318e-13 3.780578e-13 3.431055e-13 2.896558e-13 2.283944e-13 1.685128e-13 1.163922e-13 7.522745e-14 4.545407e-14 2.564264e-14 1.348798e-14 6.606052e-15 3.009056e-15 1.273486e-15 5.004186e-16 1.825033e-16 6.176533e-17 1.939978e-17 5.656555e-18 1.531791e-18 3.854521e-19 9.018177e-20 1.962909e-20 3.976977e-21 7.503743e-22 1.318912e-22 2.159836e-23 3.294780e-24 4.679477e-25 6.180975e-26 7.578310e-27 8.597205e-28 8.976559e-29 8.548332e-30 7.301329e-31 5.401061e-32 3.153609e-33 9.244627e-35 -9.579518e-36 -2.279348e-36 -2.973217e-37 -3.106668e-38 -2.832531e-39 -2.330825e-40 -1.760436e-41 -1.232208e-42 -7.936745e-44 -2.639068e-45 -1.629075e-47 -1.666665e-50 -3.689425e-54 -2.274839e-58 -4.734052e-63 -3.840128e-68
1.959903e-65 2.309234e-60 1.059777e-55 1.639802e-51 7.056702e-48 6.557235e-45 1.007208e-42 2.866547e-41 4.205467e-40 5.641643e-39 6.936093e-38 7.673339e-37 7.355780e-36 5.525672e-35 1.927352e-34 -3.342559e-33 -9.763531e-32 -1.644881e-30 -2.233710e-29 -2.646482e-28 -2.822413e-27 -2.751193e-26 -2.471868e-25 -2.057214e-24 -1.590670e-23 -1.144732e-22 -7.675186e-22 -4.796703e-21 -2.794533e-20 -1.517447e-19 -7.677057e-19 -3.616851e-18 -1.585837e-17 -6.466894e-17 -2.451077e-16 -8.629299e-16 -2.820484e-15 -8.555303e-15 -2.407850e-14 -6.288274e-14 -1.524383e-13 -3.432498e-13 -7.186482e-13 -1.400824e-12 -2.546195e-12 -4.323026e-12 -6.867953e-12 -1.022592e-11 -1.428745e-11 -1.874433e-11 -2.308524e-11 -2.664530e-11 -2.870903e-11 -2.864937e-11 -2.607197e-11 -2.092832e-11 -1.356616e-11 -4.699538e-12 4.699538e-12 1.356616e-11 2.092832e-11 2.607197e-11 2.864937e-11 2.870903e-11 2.664530e-11 2.308524e-11 1.874433e-11 1.428745e-11 1.022592e-11 6.867953e-12 4.323026e-12 2.546195e-12 1.400824e-12 7.186482e-13 3.432498e-13 1.524383e-13 6.288274e-14 2.407850e-14 8.555303e-15 2.820484e-15 8.629299e-16 2.451077e-16 6.466894e-17 1.585837e-17 3.616851e-18 7.677057e-19 1.517447e-19 2.794533e-20 4.796703e-21 7.675186e-22 1.144732e-22 1.590670e-23 2.057214e-24 2.471868e-25 2.751193e-26 2.822413e-27 2.646482e-28 2.233710e-29 1.644881e-30 9.763531e-32 3.342559e-33 -1.927352e-34 -5.525672e-35 -7.355780e-36 -7.673339e-37 -6.936093e-38 -5.641643e-39 -4.205467e-40 -2.866547e-41 -1.007208e-42 -6.557235e-45 -7.056702e-48 -1.639802e-51 -1.059777e-55 -2.309234e-60 -1.959903e-65
1.594693e-63 1.795592e-58 7.867101e-54 1.160465e-49 4.751251e-46 4.188548e-43 6.080710e-41 1.629809e-39 2.243251e-38 2.791936e-37 3.117824e-36 2.996570e-35 2.206110e-34 5.991810e-34 -1.821890e-32 -4.858396e-31 -8.124093e-30 -1.111952e-28 -1.335471e-27 -1.447964e-26 -1.437506e-25 -1.317086e-24 -1.118908e-23 -8.838408e-23 -6.502553e-22 -4.459960e-21 -2.852981e-20 -1.702204e-19 -9.470549e-19 -4.911446e-18 -2.372850e-17 -1.067260e-16 -4.465775e-16 -1.737120e-15 -6.277144e-15 -2.105809e-14 -6.555157e-14 -1.892858e-13 -5.069852e-13 -1.259848e-12 -2.906317e-12 -6.230054e-12 -1.242660e-11 -2.310265e-11 -4.011191e-11 -6.517843e-11 -9.932708e-11 -1.422322e-10 -1.916714e-10 -2.432941e-10 -2.908629e-10 -3.270131e-10 -3.444318e-10 -3.372325e-10 -3.022305e-10 -2.398238e-10 -1.542654e-10 -5.323421e-11 5.323421e-11 1.542654e-10 2.398238e-10 3.022305e-10 3.372325e-10 3.444318e-10 3.270131e-10 2.908629e-10 2.432941e-10 1.916714e-10 1.422322e-10 9.932708e-11 6.517843e-11 4.011191e-11 2.310265e-11 1.242660e-11 6.230054e-12 2.906317e-12 1.259848e-12 5.069852e-13 1.892858e-13 6.555157e-14 2.105809e-14 6.277144e-15 1.737120e-15 4.465775e-16 1.067260e-16 2.372850e-17 4.911446e-18 9.470549e-19 1.702204e-19 2.852981e-20 4.459960e-21 6.502553e-22 8.838408e-23 1.118908e-23 1.317086e-24 1.437506e-25 1.447964e-26 1.335471e-27 1.111952e-28 8.124093e-30 4.858396e-31 1.821890e-32 -5.991810e-34 -2.206110e-34 -2.996570e-35 -3.117824e-36 -2.791936e-37 -2.243251e-38 -1.629809e-39 -6.080710e-41 -4.188548e-43 -4.751251e-46 -1.160465e-49 -7.867101e-54 -1.795592e-58 -1.594693e-63
3.711567e-62 3.999478e-57 1.674917e-52 2.357382e-48 9.186015e-45 7.679059e-42 1.051609e-39 2.643127e-38 3.385079e-37 3.842278e-36 3.744244e-35 2.769835e-34 6.711354e-34 -2.617363e-32 -6.894674e-31 -1.167700e-29 -1.627400e-28 -1.994709e-27 -2.210170e-26 -2.244543e-25 -2.105407e-24 -1.832466e-23 -1.483989e-22 -1.120055e-21 -7.886097e-21 -5.181755e-20 -3.177624e-19 -1.818190e-18 -9.702828e-18 -4.826413e-17 -2.236221e-16 -9.643505e-16 -3.867567e-15 -1.441387e-14 -4.988214e-14 -1.601994e-13 -4.772333e-13 -1.318431e-12 -3.378102e-12 -8.030891e-12 -1.772935e-11 -3.639227e-11 -6.957320e-11 -1.241306e-10 -2.071669e-10 -3.242067e-10 -4.768903e-10 -6.607604e-10 -8.638569e-10 -1.066742e-09 -1.244261e-09 -1.368892e-09 -1.415141e-09 -1.364104e-09 -1.207314e-09 -9.490524e-10 -6.066529e-10 -2.086885e-10 2.086885e-10 6.066529e-10 9.490524e-10 1.207314e-09 1.364104e-09 1.415141e-09 1.368892e-09 1.244261e-09 1.066742e-09 8.638569e-10 6.607604e-10 4.768903e-10 3.242067e-10 2.071669e-10 1.241306e-10 6.957320e-11 3.639227e-11 1.772935e-11 8.030891e-12 3.378102e-12 1.318431e-12 4.772333e-13 1.601994e-13 4.988214e-14 1.441387e-14 3.867567e-15 9.643505e-16 2.236221e-16 4.826413e-17 9.702828e-18 1.818190e-18 3.177624e-19 5.181755e-20 7.886097e-21 1.120055e-21 1.483989e-22 1.832466e-23 2.105407e-24 2.244543e-25 2.210170e-26 1.994709e-27 1.627400e-28 1.167700e-29 6.894674e-31 2.617363e-32 -6.711354e-34 -2.769835e-34 -3.744244e-35 -3.842278e-36 -3.385079e-37 -2.643127e-38 -1.051609e-39 -7.679059e-42 -9.186015e-45 -2.357382e-48 -1.674917e-52 -3.999478e-57 -3.711567e-62
6.866482e-61 7.084347e-56 2.836122e-51 3.807193e-47 1.410220e-43 1.114936e-40 1.432934e-38 3.345281e-37 3.915955e-36 3.894445e-35 2.939926e-34 7.232021e-34 -2.911607e-32 -7.831724e-31 -1.356355e-29 -1.934329e-28 -2.427497e-27 -2.755419e-26 -2.868219e-25 -2.759223e-24 -2.464344e-23 -2.049106e-22 -1.588913e-21 -1.150039e-20 -7.772902e-20 -4.906051e-19 -2.891073e-18 -1.589907e-17 -8.154698e-17 -3.898094e-16 -1.735216e-15 -7.186868e-15 -2.767160e-14 -9.896380e-14 -3.285045e-13 -1.011501e-12 -2.887868e-12 -7.643999e-12 -1.876258e-11 -4.273340e-11 -9.041034e-11 -1.779599e-10 -3.265515e-10 -5.599384e-10 -8.995616e-10 -1.357711e-09 -1.930257e-09 -2.591071e-09 -3.290144e-09 -3.956630e-09 -4.506798e-09 -4.855653e-09 -4.930100e-09 -4.681204e-09 -4.093324e-09 -3.188564e-09 -2.025847e-09 -6.947750e-10 6.947750e-10 2.025847e-09 3.188564e-09 4.093324e-09 4.681204e-09 4.930100e-09 4.855653e-09 4.506798e-09 3.956630e-09 3.290144e-09 2.591071e-09 1.930257e-09 1.357711e-09 8.995616e-10 5.599384e-10 3.265515e-10 1.779599e-10 9.041034e-11 4.273340e-11 1.876258e-11 7.643999e-12 2.887868e-12 1.011501e-12 3.285045e-13 9.896380e-14 2.767160e-14 7.186868e-15 1.735216e-15 3.898094e-16 8.154698e-17 1.589907e-17 2.891073e-18 4.906051e-19 7.772902e-20 1.150039e-20 1.588913e-21 2.049106e-22 2.464344e-23 2.759223e-24 2.868219e-25 2.755419e-26 2.427497e-27 1.934329e-28 1.356355e-29 7.831724e-31 2.911607e-32 -7.232021e-34 -2.939926e-34 -3.894445e-35 -3.915955e-36 -3.345281e-37 -1.432934e-38 -1.114936e-40 -1.410220e-43 -3.807193e-47 -2.836122e-51 -7.084347e-56 -6.866482e-61
1.197221e-59 1.181326e-54 4.513217e-50 5.763399e-46 2.021087e-42 1.501287e-39 1.790124e-37 3.800444e-36 3.894057e-35 2.999918e-34 7.513493e-34 -3.104864e-32 -8.530097e-31 -1.510249e-29 -2.203060e-28 -2.829427e-27 -3.288468e-26 -3.506793e-25 -3.457857e-24 -3.167232e-23 -2.702357e-22 -2.151417e-21 -1.599683e-20 -1.111360e-19 -7.214548e-19 -4.375184e-18 -2.477540e-17 -1.309221e-16 -6.451295e-16 -2.961789e-15 -1.265722e-14 -5.030269e-14 -1.857415e-13 -6.366678e-13 -2.024291e-12 -5.966717e-12 -1.629873e-11 -4.125941e-11 -9.683048e-11 -2.108598e-10 -4.266424e-10 -8.036067e-10 -1.412408e-09 -2.322769e-09 -3.584882e-09 -5.208167e-09 -7.143262e-09 -9.273181e-09 -1.141752e-08 -1.335025e-08 -1.482815e-08 -1.562460e-08 -1.556251e-08 -1.454091e-08 -1.255135e-08 -9.682297e-09 -6.111687e-09 -2.089209e-09 2.089209e-09 6.111687e-09 9.682297e-09 1.255135e-08 1.454091e-08 1.556251e-08 1.562460e-08 1.482815e-08 1.335025e-08 1.141752e-08 9.273181e-09 7.143262e-09 5.208167e-09 3.584882e-09 2.322769e-09 1.412408e-09 8.036067e-10 4.266424e-10 2.108598e-10 9.683048e-11 4.125941e-11 1.629873e-11 5.966717e-12 2.024291e-12 6.366678e-13 1.857415e-13 5.030269e-14 1.265722e-14 2.961789e-15 6.451295e-16 1.309221e-16 2.477540e-17 4.375184e-18 7.214548e-19 1.111360e-19 1.599683e-20 2.151417e-21 2.702357e-22 3.167232e-23 3.457857e-24 3.506793e-25 3.288468e-26 2.829427e-27 2.203060e-28 1.510249e-29 8.530097e-31 3.104864e-32 -7.513493e-34 -2.999918e-34 -3.894057e-35 -3.800444e-36 -1.790124e-37 -1.501287e-39 -2.021087e-42 -5.763399e-46 -4.513217e-50 -1.181326e-54 -1.197221e-59
1.963274e-58 1.849668e-53 6.727029e-49 8.140717e-45 2.685986e-41 1.854537e-38 2.009681e-36 3.709281e-35 2.939524e-34 7.513456e-34 -3.172061e-32 -8.902117e-31 -1.610782e-29 -2.402490e-28 -3.156335e-27 -3.754351e-26 -4.099412e-25 -4.141028e-24 -3.887729e-23 -3.401769e-22 -2.778872e-21 -2.121287e-20 -1.513859e-19 -1.010066e-18 -6.299288e-18 -3.670387e-17 -1.996805e-16 -1.013505e-15 -4.795105e-15 -2.112678e-14 -8.659474e-14 -3.298586e-13 -1.166567e-12 -3.826840e-12 -1.163545e-11 -3.277134e-11 -8.547852e-11 -2.065000e-10 -4.623100e-10 -9.602395e-10 -1.853493e-09 -3.332321e-09 -5.595575e-09 -8.803326e-09 -1.301985e-08 -1.816275e-08 -2.397471e-08 -3.002888e-08 -3.576935e-08 -4.057902e-08 -4.386066e-08 -4.511572e-08 -4.400787e-08 -4.040325e-08 -3.438486e-08 -2.624316e-08 -1.644721e-08 -5.602160e-09 5.602160e-09 1.644721e-08 2.624316e-08 3.438486e-08 4.040325e-08 4.400787e-08 4.511572e-08 4.386066e-08 4.057902e-08 3.576935e-08 3.002888e-08 2.397471e-08 1.816275e-08 1.301985e-08 8.803326e-09 5.595575e-09 3.332321e-09 1.853493e-09 9.602395e-10 4.623100e-10 2.065000e-10 8.547852e-11 3.277134e-11 1.163545e-11 3.826840e-12 1.166567e-12 3.298586e-13 8.659474e-14 2.112678e-14 4.795105e-15 1.013505e-15 1.996805e-16 3.670387e-17 6.299288e-18 1.010066e-18 1.513859e-19 2.121287e-20 2.778872e-21 3.401769e-22 3.887729e-23 4.141028e-24 4.099412e-25 3.754351e-26 3.156335e-27 2.402490e-28 1.610782e-29 8.902117e-31 3.172061e-32 -7.513456e-34 -2.939524e-34 -3.709281e-35 -2.009681e-36 -1.854537e-38 -2.685986e-41 -8.140717e-45 -6.727029e-49 -1.849668e-53 -1.963274e-58
3.022691e-57 2.712693e-52 9.357720e-48 1.066927e-43 3.279346e-40 2.065016e-37 1.948260e-35 2.753995e-34 7.228719e-34 -3.104868e-32 -8.902117e-31 -1.645748e-29 -2.508826e-28 -3.370202e-27 -4.100767e-26 -4.582592e-25 -4.739867e-24 -4.558666e-23 -4.088382e-22 -3.424887e-21 -2.682494e-20 -1.965260e-19 -1.346837e-18 -8.632220e-18 -5.171801e-17 -2.894620e-16 -1.512255e-15 -7.367889e-15 -3.344296e-14 -1.412669e-13 -5.547085e-13 -2.022523e-12 -6.840096e-12 -2.143638e-11 -6.220370e-11 -1.670401e-10 -4.150293e-10 -9.543255e-10 -2.032416e-09 -4.014493e-09 -7.369422e-09 -1.260588e-08 -2.015727e-08 -3.023794e-08 -4.271252e-08 -5.702256e-08 -7.219917e-08 -8.696344e-08 -9.989095e-08 -1.096017e-07 -1.149351e-07 -1.150811e-07 -1.096512e-07 -9.869202e-08 -8.265215e-08 -6.231845e-08 -3.873850e-08 -1.314084e-08 1.314084e-08 3.873850e-08 6.231845e-08 8.265215e-08 9.869202e-08 1.096512e-07 1.150811e-07 1.149351e-07 1.096017e-07 9.989095e-08 8.696344e-08 7.219917e-08 5.702256e-08 4.271252e-08 3.023794e-08 2.015727e-08 1.260588e-08 7.369422e-09 4.014493e-09 2.032416e-09 9.543255e-10 4.150293e-10 1.670401e-10 6.220370e-11 2.143638e-11 6.840096e-12 2.022523e-12 5.547085e-13 1.412669e-13 3.344296e-14 7.367889e-15 1.512255e-15 2.894620e-16 5.171801e-17 8.632220e-18 1.346837e-18 1.965260e-19 2.682494e-20 3.424887e-21 4.088382e-22 4.558666e-23 4.739867e-24 4.582592e-25 4.100767e-26 3.370202e-27 2.508826e-28 1.645748e-29 8.902117e-31 3.104868e-32 -7.228719e-34 -2.753995e-34 -1.948260e-35 -2.065016e-37 -3.279346e-40 -1.066927e-43 -9.357720e-48 -2.712693e-52 -3.022691e-57
4.358909e-56 3.713549e-51 1.208450e-46 1.286177e-42 3.619303e-39 2.000083e-36 1.462629e-34 6.887310e-34 -2.911757e-32 -8.530100e-31 -1.610782e-29 -2.508826e-28 -3.444640e-27 -4.285692e-26 -4.899210e-25 -5.186081e-24 -5.107110e-23 -4.692077e-22 -4.028593e-21 -3.235645e-20 -2.432103e-19 -1.710975e-18 -1.126277e-17 -6.933989e-17 -3.989988e-16 -2.144149e-15 -1.075028e-14 -5.023483e-14 -2.185308e-13 -8.839337e-13 -3.320401e-12 -1.156899e-11 -3.734491e-11 -1.115708e-10 -3.082418e-10 -7.870866e-10 -1.857314e-09 -4.051769e-09 -8.179609e-09 -1.530674e-08 -2.661586e-08 -4.313644e-08 -6.539889e-08 -9.312172e-08 -1.250484e-07 -1.590043e-07 -1.921676e-07 -2.214808e-07 -2.440928e-07 -2.577302e-07 -2.609308e-07 -2.531195e-07 -2.345483e-07 -2.061443e-07 -1.693193e-07 -1.257862e-07 -7.741304e-08 -2.612794e-08 2.612794e-08 7.741304e-08 1.257862e-07 1.693193e-07 2.061443e-07 2.345483e-07 2.531195e-07 2.609308e-07 2.577302e-07 2.440928e-07 2.214808e-07 1.921676e-07 1.590043e-07 1.250484e-07 9.312172e-08 6.539889e-08 4.313644e-08 2.661586e-08 1.530674e-08 8.179609e-09 4.051769e-09 1.857314e-09 7.870866e-10 3.082418e-10 1.115708e-10 3.734491e-11 1.156899e-11 3.320401e-12 8.839337e-13 2.185308e-13 5.023483e-14 1.075028e-14 2.144149e-15 3.989988e-16 6.933989e-17 1.126277e-17 1.710975e-18 2.432103e-19 3.235645e-20 4.028593e-21 4.692077e-22 5.107110e-23 5.186081e-24 4.899210e-25 4.285692e-26 3.444640e-27 2.508826e-28 1.610782e-29 8.530100e-31 2.911757e-32 -6.887310e-34 -1.462629e-34 -2.000083e-36 -3.619303e-39 -1.286177e-42 -1.208450e-46 -3.713549e-51 -4.358909e-56
5.867982e-55 4.721406e-50 1.436923e-45 1.405065e-41 3.497542e-38 1.535937e-35 4.556796e-34 -2.552758e-32 -7.831573e-31 -1.510249e-29 -2.402490e-28 -3.370202e-27 -4.285692e-26 -5.009503e-25 -5.424581e-24 -5.467110e-23 -5.142887e-22 -4.523383e-21 -3.723509e-20 -2.869933e-19 -2.071338e-18 -1.399552e-17 -8.848752e-17 -5.231652e-16 -2.889988e-15 -1.490141e-14 -7.163965e-14 -3.207374e-13 -1.335538e-12 -5.165225e-12 -1.852915e-11 -6.157009e-11 -1.892691e-10 -5.376452e-10 -1.410036e-09 -3.412267e-09 -7.618950e-09 -1.570378e-08 -2.991537e-08 -5.277540e-08 -8.646257e-08 -1.320113e-07 -1.886036e-07 -2.532556e-07 -3.210637e-07 -3.859615e-07 -4.417554e-07 -4.831413e-07 -5.064470e-07 -5.099693e-07 -4.939051e-07 -4.599767e-07 -4.108936e-07 -3.497966e-07 -2.797905e-07 -2.036297e-07 -1.235757e-07 -4.141273e-08 4.141273e-08 1.235757e-07 2.036297e-07 2.797905e-07 3.497966e-07 4.108936e-07 4.599767e-07 4.939051e-07 5.099693e-07 5.064470e-07 4.831413e-07 4.417554e-07 3.859615e-07 3.210637e-07 2.532556e-07 1.886036e-07 1.320113e-07 8.646257e-08 5.277540e-08 2.991537e-08 1.570378e-08 7.618950e-09 3.412267e-09 1.410036e-09 5.376452e-10 1.892691e-10 6.157009e-11 1.852915e-11 5.165225e-12 1.335538e-12 3.207374e-13 7.163965e-14 1.490141e-14 2.889988e-15 5.231652e-16 8.848752e-17 1.399552e-17 2.071338e-18 2.869933e-19 3.723509e-20 4.523383e-21 5.142887e-22 5.467110e-23 5.424581e-24 5.009503e-25 4.285692e-26 3.370202e-27 2.402490e-28 1.510249e-29 7.831573e-31 2.552758e-32 -4.556796e-34 -1.535937e-35 -3.497542e-38 -1.405065e-41 -1.436923e-45 -4.721406e-50 -5.867982e-55
7.339000e-54 5.532030e-49 1.551655e-44 1.351568e-40 2.734216e-37 6.006887e-35 -1.075417e-32 -6.773725e-31 -1.356299e-29 -2.203060e-28 -3.156335e-27 -4.100767e-26 -4.899210e-25 -5.424581e-24 -5.592621e-23 -5.384158e-22 -4.848736e-21 -4.088630e-20 -3.229735e-19 -2.390162e-18 -1.656761e-17 -1.075125e-16 -6.527239e-16 -3.704260e-15 -1.963076e-14 -9.703746e-14 -4.468477e-13 -1.914272e-12 -7.618019e-12 -2.812030e-11 -9.613292e-11 -3.039086e-10 -8.871811e-10 -2.388523e-09 -5.924583e-09 -1.353093e-08 -2.845096e-08 -5.510821e-08 -9.846534e-08 -1.626589e-07 -2.492052e-07 -3.554734e-07 -4.741837e-07 -5.943077e-07 -7.031397e-07 -7.888475e-07 -8.427055e-07 -8.604244e-07 -8.423716e-07 -7.928330e-07 -7.186762e-07 -6.278266e-07 -5.278969e-07 -4.251742e-07 -3.240436e-07 -2.268209e-07 -1.339180e-07 -4.424435e-08 4.424435e-08 1.339180e-07 2.268209e-07 3.240436e-07 4.251742e-07 5.278969e-07 6.278266e-07 7.186762e-07 7.928330e-07 8.423716e-07 8.604244e-07 8.427055e-07 7.888475e-07 7.031397e-07 5.943077e-07 4.741837e-07 3.554734e-07 2.492052e-07 1.626589e-07 9.846534e-08 5.510821e-08 2.845096e-08 1.353093e-08 5.924583e-09 2.388523e-09 8.871811e-10 3.039086e-10 9.613292e-11 2.812030e-11 7.618019e-12 1.914272e-12 4.468477e-13 9.703746e-14 1.963076e-14 3.704260e-15 6.527239e-16 1.075125e-16 1.656761e-17 2.390162e-18 3.229735e-19 4.088630e-20 4.848736e-21 5.384158e-22 5.592621e-23 5.424581e-24 4.899210e-25 4.100767e-26 3.156335e-27 2.203060e-28 1.356299e-29 6.773725e-31 1.075417e-32 -6.006887e-35 -2.734216e-37 -1.351568e-40 -1.551655e-44 -5.532030e-49 -7.339000e-54
8.465254e-53 5.897297e-48 1.482470e-43 1.069066e-39 1.245508e-36 -7.850400e-34 -3.008271e-31 -1.149778e-29 -1.934226e-28 -2.829427e-27 -3.754351e-26 -4.582592e-25 -5.186081e-24 -5.467110e-23 -5.384158e-22 -4.962268e-21 -4.284300e-20 -3.466746e-19 -2.629306e-18 -1.868696e-17 -1.243967e-16 -7.750929e-16 -4.516448e-15 -2.458616e-14 -1.248884e-13 -5.911808e-13 -2.604112e-12 -1.065779e-11 -4.046039e-11 -1.422349e-10 -4.622090e-10 -1.386040e-09 -3.829137e-09 -9.731246e-09 -2.272237e-08 -4.870936e-08 -9.584103e-08 -1.731802e-07 -2.877798e-07 -4.408114e-07 -6.244175e-07 -8.211542e-07 -1.006846e-06 -1.156001e-06 -1.247804e-06 -1.270625e-06 -1.223855e-06 -1.116939e-06 -9.664135e-07 -7.920778e-07 -6.133590e-07 -4.465649e-07 -3.032839e-07 -1.898638e-07 -1.076994e-07 -5.400917e-08 -2.281965e-08 -5.968008e-09 5.968008e-09 2.281965e-08 5.400917e-08 1.076994e-07 1.898638e-07 3.032839e-07 4.465649e-07 6.133590e-07 7.920778e-07 9.664135e-07 1.116939e-06 1.223855e-06 1.270625e-06 1.247804e-06 1.156001e-06 1.006846e-06 8.211542e-07 6.244175e-07 4.408114e-07 2.877798e-07 1.731802e-07 9.584103e-08 4.870936e-08 2.272237e-08 9.731246e-09 3.829137e-09 1.386040e-09 4.622090e-10 1.422349e-10 4.046039e-11 1.065779e-11 2.604112e-12 5.911808e-13 1.248884e-13 2.458616e-14 4.516448e-15 7.750929e-16 1.243967e-16 1.868696e-17 2.629306e-18 3.466746e-19 4.284300e-20 4.962268e-21 5.384158e-22 5.467110e-23 5.186081e-24 4.582592e-25 3.754351e-26 2.829427e-27 1.934226e-28 1.149778e-29 3.008271e-31 7.850400e-34 -1.245508e-36 -1.069066e-39 -1.482470e-43 -5.897297e-48 -8.465254e-53
8.897868e-52 5.585130e-47 1.180326e-42 5.393734e-39 -8.999104e-36 -2.487704e-32 -5.099456e-30 -1.604369e-28 -2.427348e-27 -3.288467e-26 -4.099412e-25 -4.739867e-24 -5.107110e-23 -5.142887e-22 -4.848736e-21 -4.284300e-20 -3.549524e-19 -2.757634e-18 -2.008552e-17 -1.370891e-16 -8.761866e-16 -5.239409e-15 -2.928217e-14 -1.527683e-13 -7.429856e-13 -3.363493e-12 -1.414981e-11 -5.521962e-11 -1.995276e-10 -6.662312e-10 -2.051536e-09 -5.814070e-09 -1.513443e-08 -3.611905e-08 -7.890510e-08 -1.576028e-07 -2.876430e-07 -4.797727e-07 -7.320370e-07 -1.023589e-06 -1.314767e-06 -1.555197e-06 -1.697213e-06 -1.709046e-06 -1.582817e-06 -1.335170e-06 -1.001541e-06 -6.269435e-07 -2.565203e-07 7.177450e-08 3.313012e-07 5.077613e-07 5.979335e-07 6.071557e-07 5.464905e-07 4.302252e-07 2.740507e-07 9.399516e-08 -9.399516e-08 -2.740507e-07 -4.302252e-07 -5.464905e-07 -6.071557e-07 -5.979335e-07 -5.077613e-07 -3.313012e-07 -7.177450e-08 2.565203e-07 6.269435e-07 1.001541e-06 1.335170e-06 1.582817e-06 1.709046e-06 1.697213e-06 1.555197e-06 1.314767e-06 1.023589e-06 7.320370e-07 4.797727e-07 2.876430e-07 1.576028e-07 7.890510e-08 3.611905e-08 1.513443e-08 5.814070e-09 2.051536e-09 6.662312e-10 1.995276e-10 5.521962e-11 1.414981e-11 3.363493e-12 7.429856e-13 1.527683e-13 2.928217e-14 5.239409e-15 8.761866e-16 1.370891e-16 2.008552e-17 2.757634e-18 3.549524e-19 4.284300e-20 4.848736e-21 5.142887e-22 5.107110e-23 4.739867e-24 4.099412e-25 3.288467e-26 2.427348e-27 1.604369e-28 5.099456e-30 2.487704e-32 8.999104e-36 -5.393734e-39 -1.180326e-42 -5.585130e-47 -8.897868e-52
8.338273e-51 4.456974e-46 6.391032e-42 -2.007055e-38 -3.462281e-34 -4.274507e-31 -7.030661e-29 -1.968135e-27 -2.755231e-26 -3.506792e-25 -4.141028e-24 -4.558666e-23 -4.692077e-22 -4.523383e-21 -4.088630e-20 -3.466746e-19 -2.757634e-18 -2.057441e-17 -1.439091e-16 -9.430143e-16 -5.784043e-15 -3.317139e-14 -1.776546e-13 -8.872782e-13 -4.126040e-12 -1.783396e-11 -7.151295e-11 -2.654972e-10 -9.105956e-10 -2.878569e-09 -8.366838e-09 -2.230471e-08 -5.439916e-08 -1.210835e-07 -2.454041e-07 -4.519725e-07 -7.552220e-07 -1.143556e-06 -1.567744e-06 -1.943743e-06 -2.173670e-06 -2.177197e-06 -1.918605e-06 -1.417801e-06 -7.428329e-07 1.053599e-08 7.430877e-07 1.372187e-06 1.843286e-06 2.132455e-06 2.242102e-06 2.193051e-06 2.015851e-06 1.743343e-06 1.405427e-06 1.026240e-06 6.234228e-07 2.089553e-07 -2.089553e-07 -6.234228e-07 -1.026240e-06 -1.405427e-06 -1.743343e-06 -2.015851e-06 -2.193051e-06 -2.242102e-06 -2.132455e-06 -1.843286e-06 -1.372187e-06 -7.430877e-07 -1.053599e-08 7.428329e-07 1.417801e-06 1.918605e-06 2.177197e-06 2.173670e-06 1.943743e-06 1.567744e-06 1.143556e-06 7.552220e-07 4.519725e-07 2.454041e-07 1.210835e-07 5.439916e-08 2.230471e-08 8.366838e-09 2.878569e-09 9.105956e-10 2.654972e-10 7.151295e-11 1.783396e-11 4.126040e-12 8.872782e-13 1.776546e-13 3.317139e-14 5.784043e-15 9.430143e-16 1.439091e-16 2.057441e-17 2.757634e-18 3.466746e-19 4.088630e-20 4.523383e-21 4.692077e-22 4.558666e-23 4.141028e-24 3.506792e-25 2.755231e-26 1.968135e-27 7.030661e-29 4.274507e-31 3.462281e-34 2.007055e-38 -6.391032e-42 -4.456974e-46 -8.338273e-51
6.645259e-50 2.536376e-45 -9.165874e-42 -1.057906e-36 -6.067006e-33 -5.863071e-30 -8.486459e-28 -2.182180e-26 -2.868008e-25 -3.457855e-24 -3.887729e-23 -4.088382e-22 -4.028593e-21 -3.723509e-20 -3.229735e-19 -2.629306e-18 -2.008552e-17 -1.439091e-16 -9.663953e-16 -6.077065e-15 -3.574661e-14 -1.964397e-13 -1.007050e-12 -4.808356e-12 -2.134438e-11 -8.791194e-11 -3.352286e-10 -1.180669e-09 -3.830762e-09 -1.141821e-08 -3.117189e-08 -7.769486e-08 -1.762047e-07 -3.623252e-07 -6.730113e-07 -1.124805e-06 -1.684028e-06 -2.246060e-06 -2.645950e-06 -2.708416e-06 -2.317210e-06 -1.466335e-06 -2.666011e-07 1.091061e-06 2.393926e-06 3.462438e-06 4.184593e-06 4.524863e-06 4.512843e-06 4.220841e-06 3.739481e-06 3.157503e-06 2.548391e-06 1.963973e-06 1.433415e-06 9.657321e-07 5.540215e-07 1.802247e-07 -1.802247e-07 -5.540215e-07 -9.657321e-07 -1.433415e-06 -1.963973e-06 -2.548391e-06 -3.157503e-06 -3.739481e-06 -4.220841e-06 -4.512843e-06 -4.524863e-06 -4.184593e-06 -3.462438e-06 -2.393926e-06 -1.091061e-06 2.666011e-07 1.466335e-06 2.317210e-06 2.708416e-06 2.645950e-06 2.246060e-06 1.684028e-06 1.124805e-06 6.730113e-07 3.623252e-07 1.762047e-07 7.769486e-08 3.117189e-08 1.141821e-08 3.830762e-09 1.180669e-09 3.352286e-10 8.791194e-11 2.134438e-11 4.808356e-12 1.007050e-12 1.964397e-13 3.574661e-14 6.077065e-15 9.663953e-16 1.439091e-16 2.008552e-17 2.629306e-18 3.229735e-19 3.723509e-20 4.028593e-21 4.088382e-22 3.887729e-23 3.457855e-24 2.868008e-25 2.182180e-26 8.486459e-28 5.863071e-30 6.067006e-33 1.057906e-36 9.165874e-42 -2.536376e-45 -6.645259e-50
3.916555e-49 3.779353e-46 -9.105397e-40 -1.900055e-35 -8.291741e-32 -6.993503e-29 -9.238152e-27 -2.217388e-25 -2.759006e-24 -3.167230e-23 -3.401769e-22 -3.424887e-21 -3.235645e-20 -2.869933e-19 -2.390162e-18 -1.868696e-17 -1.370891e-16 -9.430143e-16 -6.077065e-15 -3.664835e-14 -2.065584e-13 -1.086475e-12 -5.324281e-12 -2.426359e-11 -1.026117e-10 -4.017718e-10 -1.452739e-09 -4.837107e-09 -1.478443e-08 -4.133583e-08 -1.053084e-07 -2.434021e-07 -5.078913e-07 -9.513134e-07 -1.588494e-06 -2.343376e-06 -3.013679e-06 -3.299500e-06 -2.913524e-06 -1.725755e-06 1.475613e-07 2.369756e-06 4.503653e-06 6.154949e-06 7.076804e-06 7.207471e-06 6.646024e-06 5.592834e-06 4.283294e-06 2.934229e-06 1.712046e-06 7.215445e-07 9.877595e-09 -4.212476e-07 -6.011675e-07 -5.772764e-07 -4.056077e-07 -1.450621e-07 1.450621e-07 4.056077e-07 5.772764e-07 6.011675e-07 4.212476e-07 -9.877595e-09 -7.215445e-07 -1.712046e-06 -2.934229e-06 -4.283294e-06 -5.592834e-06 -6.646024e-06 -7.207471e-06 -7.076804e-06 -6.154949e-06 -4.503653e-06 -2.369756e-06 -1.475613e-07 1.725755e-06 2.913524e-06 3.299500e-06 3.013679e-06 2.343376e-06 1.588494e-06 9.513134e-07 5.078913e-07 2.434021e-07 1.053084e-07 4.133583e-08 1.478443e-08 4.837107e-09 1.452739e-09 4.017718e-10 1.026117e-10 2.426359e-11 5.324281e-12 1.086475e-12 2.065584e-13 3.664835e-14 6.077065e-15 9.430143e-16 1.370891e-16 1.868696e-17 2.390162e-18 2.869933e-19 3.235645e-20 3.424887e-21 3.401769e-22 3.167230e-23 2.759006e-24 2.217388e-25 9.238152e-27 6.993503e-29 8.291741e-32 1.900055e-35 9.105397e-40 -3.779353e-46 -3.916555e-49
5.050207e-49 -2.664894e-43 -1.686220e-38 -2.588820e-34 -9.777502e-31 -7.497937e-28 -9.203248e-26 -2.081016e-24 -2.464138e-23 -2.702355e-22 -2.778872e-21 -2.682494e-20 -2.432103e-19 -2.071338e-18 -1.656761e-17 -1.243967e-16 -8.761866e-16 -5.784043e-15 -3.574661e-14 -2.065584e-13 -1.114307e-12 -5.602473e-12 -2.620178e-11 -1.137407e-10 -4.571694e-10 -1.696783e-09 -5.797285e-09 -1.817018e-08 -5.203640e-08 -1.355459e-07 -3.194330e-07 -6.767281e-07 -1.278611e-06 -2.132012e-06 -3.089796e-06 -3.792841e-06 -3.734326e-06 -2.484762e-06 2.278905e-08 3.352096e-06 6.697109e-06 9.207902e-06 1.030220e-05 9.818234e-06 7.990363e-06 5.304215e-06 2.317174e-06 -4.849689e-07 -2.767999e-06 -4.366803e-06 -5.259188e-06 -5.520539e-06 -5.275957e-06 -4.662115e-06 -3.801937e-06 -2.792069e-06 -1.700439e-06 -5.704489e-07 5.704489e-07 1.700439e-06 2.792069e-06 3.801937e-06 4.662115e-06 5.275957e-06 5.520539e-06 5.259188e-06 4.366803e-06 2.767999e-06 4.849689e-07 -2.317174e-06 -5.304215e-06 -7.990363e-06 -9.818234e-06 -1.030220e-05 -9.207902e-06 -6.697109e-06 -3.352096e-06 -2.278905e-08 2.484762e-06 3.734326e-06 3.792841e-06 3.089796e-06 2.132012e-06 1.278611e-06 6.767281e-07 3.194330e-07 1.355459e-07 5.203640e-08 1.817018e-08 5.797285e-09 1.696783e-09 4.571694e-10 1.137407e-10 2.620178e-11 5.602473e-12 1.114307e-12 2.065584e-13 3.574661e-14 5.784043e-15 8.761866e-16 1.243967e-16 1.656761e-17 2.071338e-18 2.432103e-19 2.682494e-20 2.778872e-21 2.702355e-22 2.464138e-23 2.081016e-24 9.203248e-26 7.497937e-28 9.777502e-31 2.588820e-34 1.686220e-38 2.664894e-43 -5.050207e-49
-3.049725e-47 -5.127591e-42 -2.291536e-37 -3.016744e-33 -1.032395e-29 -7.342010e-27 -8.459084e-25 -1.812117e-23 -2.048925e-22 -2.151416e-21 -2.121287e-20 -1.965260e-19 -1.710975e-18 -1.399552e-17 -1.075125e-16 -7.750929e-16 -5.239409e-15 -3.317139e-14 -1.964397e-13 -1.086475e-12 -5.602473e-12 -2.688137e-11 -1.197461e-10 -4.939773e-10 -1.881633e-09 -6.596525e-09 -2.120327e-08 -6.221344e-08 -1.657669e-07 -3.985741e-07 -8.580186e-07 -1.636676e-06 -2.726002e-06 -3.872739e-06 -4.487161e-06 -3.769155e-06 -1.134215e-06 3.255508e-06 8.289343e-06 1.231600e-05 1.392753e-05 1.256541e-05 8.627318e-06 3.169770e-06 -2.546864e-06 -7.460914e-06 -1.092626e-05 -1.274044e-05 -1.305257e-05 -1.221632e-05 -1.065296e-05 -8.752001e-06 -6.814882e-06 -5.038219e-06 -3.518895e-06 -2.273938e-06 -1.261629e-06 -4.027938e-07 4.027938e-07 1.261629e-06 2.273938e-06 3.518895e-06 5.038219e-06 6.814882e-06 8.752001e-06 1.065296e-05 1.221632e-05 1.305257e-05 1.274044e-05 1.092626e-05 7.460914e-06 2.546864e-06 -3.169770e-06 -8.627318e-06 -1.256541e-05 -1.392753e-05 -1.231600e-05 -8.289343e-06 -3.255508e-06 1.134215e-06 3.769155e-06 4.487161e-06 3.872739e-06 2.726002e-06 1.636676e-06 8.580186e-07 3.985741e-07 1.657669e-07 6.221344e-08 2.120327e-08 6.596525e-09 1.881633e-09 4.939773e-10 1.197461e-10 2.688137e-11 5.602473e-12 1.086475e-12 1.964397e-13 3.317139e-14 5.239409e-15 7.750929e-16 1.075125e-16 1.399552e-17 1.710975e-18 1.965260e-19 2.121287e-20 2.151416e-21 2.048925e-22 1.812117e-23 8.459084e-25 7.342010e-27 1.032395e-29 3.016744e-33 2.291536e-37 5.127591e-42 3.049725e-47
-6.158805e-46 -6.954563e-41 -2.637631e-36 -3.134983e-32 -9.933971e-29 -6.623944e-26 -7.207959e-24 -1.468194e-22 -1.588766e-21 -1.599681e-20 -1.513859e-19 -1.346837e-18 -1.126277e-17 -8.848752e-17 -6.527239e-16 -4.516448e-15 -2.928217e-14 -1.776546e-13 -1.007050e-12 -5.324281e-12 -2.620178e-11 -1.197461e-10 -5.068881e-10 -1.981410e-09 -7.127507e-09 -2.349851e-08 -7.066379e-08 -1.927031e-07 -4.731346e-07 -1.036168e-06 -1.998250e-06 -3.328575e-06 -4.631933e-06 -5.007385e-06 -3.268093e-06 1.310771e-06 8.057454e-06 1.463864e-05 1.805911e-05 1.637399e-05 9.755319e-06 2.003799e-07 -9.580032e-06 -1.724405e-05 -2.147236e-05 -2.208517e-05 -1.974328e-05 -1.552769e-05 -1.056113e-05 -5.754805e-06 -1.714329e-06 1.260827e-06 3.109793e-06 3.928352e-06 3.895958e-06 3.218635e-06 2.100589e-06 7.276309e-07 -7.276309e-07 -2.100589e-06 -3.218635e-06 -3.895958e-06 -3.928352e-06 -3.109793e-06 -1.260827e-06 1.714329e-06 5.754805e-06 1.056113e-05 1.552769e-05 1.974328e-05 2.208517e-05 2.147236e-05 1.724405e-05 9.580032e-06 -2.003799e-07 -9.755319e-06 -1.637399e-05 -1.805911e-05 -1.463864e-05 -8.057454e-06 -1.310771e-06 3.268093e-06 5.007385e-06 4.631933e-06 3.328575e-06 1.998250e-06 1.036168e-06 4.731346e-07 1.927031e-07 7.066379e-08 2.349851e-08 7.127507e-09 1.981410e-09 5.068881e-10 1.197461e-10 2.620178e-11 5.324281e-12 1.007050e-12 1.776546e-13 2.928217e-14 4.516448e-15 6.527239e-16 8.848752e-17 1.126277e-17 1.346837e-18 1.513859e-19 1.599681e-20 1.588766e-21 1.468194e-22 7.207959e-24 6.623944e-26 9.933971e-29 3.134983e-32 2.637631e-36 6.954563e-41 6.158805e-46
-8.343376e-45 -7.903196e-40 -2.695581e-35 -2.961819e-31 -8.793717e-28 -5.534436e-25 -5.710407e-23 -1.108639e-21 -1.149928e-20 -1.111359e-19 -1.010066e-18 -8.632220e-18 -6.933989e-17 -5.231652e-16 -3.704260e-15 -2.458616e-14 -1.527683e-13 -8.872782e-13 -4.808356e-12 -2.426359e-11 -1.137407e-10 -4.939773e-10 -1.981410e-09 -7.313744e-09 -2.473669e-08 -7.626842e-08 -2.130111e-07 -5.345934e-07 -1.192781e-06 -2.330171e-06 -3.890799e-06 -5.309677e-06 -5.300591e-06 -2.199428e-06 4.818133e-06 1.418166e-05 2.159630e-05 2.215269e-05 1.376578e-05 -1.103348e-06 -1.704029e-05 -2.880421e-05 -3.341775e-05 -3.064079e-05 -2.235893e-05 -1.136954e-05 -3.004846e-07 8.959724e-06 1.546338e-05 1.905627e-05 2.010053e-05 1.921888e-05 1.705977e-05 1.418831e-05 1.101151e-05 7.782664e-06 4.616343e-06 1.527873e-06 -1.527873e-06 -4.616343e-06 -7.782664e-06 -1.101151e-05 -1.418831e-05 -1.705977e-05 -1.921888e-05 -2.010053e-05 -1.905627e-05 -1.546338e-05 -8.959724e-06 3.004846e-07 1.136954e-05 2.235893e-05 3.064079e-05 3.341775e-05 2.880421e-05 1.704029e-05 1.103348e-06 -1.376578e-05 -2.215269e-05 -2.159630e-05 -1.418166e-05 -4.818133e-06 2.199428e-06 5.300591e-06 5.309677e-06 3.890799e-06 2.330171e-06 1.192781e-06 5.345934e-07 2.130111e-07 7.626842e-08 2.473669e-08 7.313744e-09 1.981410e-09 4.939773e-10 1.137407e-10 2.426359e-11 4.808356e-12 8.872782e-13 1.527683e-13 2.458616e-14 3.704260e-15 5.231652e-16 6.933989e-17 8.632220e-18 1.010066e-18 1.111359e-19 1.149928e-20 1.108639e-21 5.710407e-23 5.534436e-25 8.793717e-28 2.961819e-31 2.695581e-35 7.903196e-40 8.343376e-45
