0.000000e+00 0.000000e+00 0.000000e+00 0.000000e+00 0.000000e+00 0.000000e+00 0.000000e+00 0.000000e+00 0.000000e+00 0.000000e+00 0.000000e+00 0.000000e+00 0.000000e+00 0.000000e+00 0.000000e+00 0.000000e+00 0.000000e+00 0.000000e+00 0.000000e+00 0.000000e+00 0.000000e+00 0.000000e+00 0.000000e+00 0.000000e+00 0.000000e+00 0.000000e+00 0.000000e+00 0.000000e+00 0.000000e+00 0.000000e+00 0.000000e+00 0.000000e+00 0.000000e+00 0.000000e+00 0.000000e+00 0.000000e+00 0.000000e+00 0.000000e+00 0.000000e+00 0.000000e+00 0.000000e+00 0.000000e+00 0.000000e+00 0.000000e+00 0.000000e+00 0.000000e+00 0.000000e+00 0.000000e+00 0.000000e+00 0.000000e+00 0.000000e+00 0.000000e+00 0.000000e+00 0.000000e+00 0.000000e+00 0.000000e+00 0.000000e+00 0.000000e+00 0.000000e+00 0.000000e+00 0.000000e+00 0.000000e+00 0.000000e+00 0.000000e+00 0.000000e+00 0.000000e+00 0.000000e+00 0.000000e+00 0.000000e+00 0.000000e+00 0.000000e+00 0.000000e+00 0.000000e+00 0.000000e+00 0.000000e+00 0.000000e+00 0.000000e+00 0.000000e+00 0.000000e+00 0.000000e+00 0.000000e+00 0.000000e+00 0.000000e+00 0.000000e+00 0.000000e+00 0.000000e+00 0.000000e+00 0.000000e+00 0.000000e+00 0.000000e+00 0.000000e+00 0.000000e+00 0.000000e+00 0.000000e+00 0.000000e+00 0.000000e+00 0.000000e+00 0.000000e+00 0.000000e+00 0.000000e+00 0.000000e+00 0.000000e+00 0.000000e+00 0.000000e+00 0.000000e+00 0.000000e+00 0.000000e+00 0.000000e+00 0.000000e+00 0.000000e+00 0.000000e+00 0.000000e+00 0.000000e+00 0.000000e+00 0.000000e+00 0.000000e+00
4.407700e-91 8.751825e-86 6.746112e-81 1.750722e-76 1.264550e-72 1.978376e-69 5.136791e-67 2.455820e-65 5.960162e-64 1.338117e-62 2.824775e-61 5.604847e-60 1.044654e-58 1.827446e-57 2.996973e-56 4.600638e-55 6.596972e-54 8.810829e-53 1.091619e-51 1.247101e-50 1.301417e-49 1.220660e-48 9.969344e-48 6.557657e-47 2.526559e-46 -1.413226e-45 -4.599029e-44 -6.599966e-43 -7.310129e-42 -6.924315e-41 -5.822454e-40 -4.422637e-39 -3.062769e-38 -1.943896e-37 -1.134138e-36 -6.092948e-36 -3.016665e-35 -1.376877e-34 -5.792960e-34 -2.245984e-33 -8.020669e-33 -2.636790e-32 -7.975466e-32 -2.218287e-31 -5.670899e-31 -1.331927e-30 -2.873085e-30 -5.689854e-30 -1.034032e-29 -1.723099e-29 -2.629214e-29 -3.664276e-29 -4.643344e-29 -5.306067e-29 -5.382391e-29 -4.687282e-29 -3.208064e-29 -1.141938e-29 1.141938e-29 3.208064e-29 4.687282e-29 5.382391e-29 5.306067e-29 4.643344e-29 3.664276e-29 2.629214e-29 1.723099e-29 1.034032e-29 5.689854e-30 2.873085e-30 1.331927e-30 5.670899e-31 2.218287e-31 7.975466e-32 2.636790e-32 8.020669e-33 2.245984e-33 5.792960e-34 1.376877e-34 3.016665e-35 6.092948e-36 1.134138e-36 1.943896e-37 3.062769e-38 4.422637e-39 5.822454e-40 6.924315e-41 7.310129e-42 6.599966e-43 4.599029e-44 1.413226e-45 -2.526559e-46 -6.557657e-47 -9.969344e-48 -1.220660e-48 -1.301417e-49 -1.247101e-50 -1.091619e-51 -8.810829e-53 -6.596972e-54 -4.600638e-55 -2.996973e-56 -1.827446e-57 -1.044654e-58 -5.604847e-60 -2.824775e-61 -1.338117e-62 -5.960162e-64 -2.455820e-65 -5.136791e-67 -1.978376e-69 -1.264550e-72 -1.750722e-76 -6.746112e-81 -8.751825e-86 -4.407700e-91
5.731105e-86 1.082503e-80 7.943467e-76 1.963629e-71 1.351642e-67 2.015863e-64 4.991391e-62 2.278359e-60 5.289856e-59 1.136563e-57 2.295870e-56 4.357672e-55 7.765063e-54 1.297517e-52 2.029900e-51 2.966877e-50 4.039246e-49 5.100845e-48 5.937330e-47 6.306762e-46 6.007991e-45 4.956747e-44 3.238463e-43 1.109621e-42 -1.061868e-41 -2.899497e-40 -4.125204e-39 -4.628739e-38 -4.475312e-37 -3.855992e-36 -3.008670e-35 -2.144296e-34 -1.402825e-33 -8.448324e-33 -4.691212e-32 -2.403806e-31 -1.136940e-30 -4.963274e-30 -1.999214e-29 -7.427030e-29 -2.543369e-28 -8.024358e-28 -2.331331e-27 -6.234638e-27 -1.534264e-26 -3.473653e-26 -7.234756e-26 -1.386033e-25 -2.442014e-25 -3.954791e-25 -5.880277e-25 -8.008772e-25 -9.947951e-25 -1.117831e-24 -1.118656e-24 -9.642917e-25 -6.554868e-25 -2.325292e-25 2.325292e-25 6.554868e-25 9.642917e-25 1.118656e-24 1.117831e-24 9.947951e-25 8.008772e-25 5.880277e-25 3.954791e-25 2.442014e-25 1.386033e-25 7.234756e-26 3.473653e-26 1.534264e-26 6.234638e-27 2.331331e-27 8.024358e-28 2.543369e-28 7.427030e-29 1.999214e-29 4.963274e-30 1.136940e-30 2.403806e-31 4.691212e-32 8.448324e-33 1.402825e-33 2.144296e-34 3.008670e-35 3.855992e-36 4.475312e-37 4.628739e-38 4.125204e-39 2.899497e-40 1.061868e-41 -1.109621e-42 -3.238463e-43 -4.956747e-44 -6.007991e-45 -6.306762e-46 -5.937330e-47 -5.100845e-48 -4.039246e-49 -2.966877e-50 -2.029900e-51 -1.297517e-52 -7.765063e-54 -4.357672e-55 -2.295870e-56 -1.136563e-57 -5.289856e-59 -2.278359e-60 -4.991391e-62 -2.015863e-64 -1.351642e-67 -1.963629e-71 -7.943467e-76 -1.082503e-80 -5.731105e-86
2.707016e-81 4.867518e-76 3.402334e-71 8.015196e-67 5.259450e-63 7.478956e-60 1.765984e-57 7.695517e-56 1.708967e-54 3.512615e-53 6.785478e-52 1.230894e-50 2.094284e-49 3.336749e-48 4.967372e-47 6.888285e-46 8.858539e-45 1.049548e-43 1.133469e-42 1.094989e-41 9.103233e-41 5.870135e-40 1.677483e-39 -2.778597e-38 -6.718407e-37 -9.501113e-36 -1.079709e-34 -1.064578e-33 -9.387826e-33 -7.514379e-32 -5.503716e-31 -3.705641e-30 -2.299780e-29 -1.317608e-28 -6.974212e-28 -3.411347e-27 -1.541852e-26 -6.437408e-26 -2.481625e-25 -8.828627e-25 -2.897039e-24 -8.764219e-24 -2.443457e-23 -6.276557e-23 -1.485332e-22 -3.238437e-22 -6.506263e-22 -1.204754e-21 -2.056237e-21 -3.234057e-21 -4.682983e-21 -6.229875e-21 -7.582161e-21 -8.375140e-21 -8.266453e-21 -7.052044e-21 -4.760480e-21 -1.682875e-21 1.682875e-21 4.760480e-21 7.052044e-21 8.266453e-21 8.375140e-21 7.582161e-21 6.229875e-21 4.682983e-21 3.234057e-21 2.056237e-21 1.204754e-21 6.506263e-22 3.238437e-22 1.485332e-22 6.276557e-23 2.443457e-23 8.764219e-24 2.897039e-24 8.828627e-25 2.481625e-25 6.437408e-26 1.541852e-26 3.411347e-27 6.974212e-28 1.317608e-28 2.299780e-29 3.705641e-30 5.503716e-31 7.514379e-32 9.387826e-33 1.064578e-33 1.079709e-34 9.501113e-36 6.718407e-37 2.778597e-38 -1.677483e-39 -5.870135e-40 -9.103233e-41 -1.094989e-41 -1.133469e-42 -1.049548e-43 -8.858539e-45 -6.888285e-46 -4.967372e-47 -3.336749e-48 -2.094284e-49 -1.230894e-50 -6.785478e-52 -3.512615e-53 -1.708967e-54 -7.695517e-56 -1.765984e-57 -7.478956e-60 -5.259450e-63 -8.015196e-67 -3.402334e-71 -4.867518e-76 -2.707016e-81
3.941157e-77 6.750346e-72 4.496588e-67 1.009824e-62 6.317830e-59 8.565863e-56 1.928534e-53 8.020300e-52 1.702835e-50 3.346020e-49 6.175251e-48 1.069147e-46 1.733632e-45 2.626772e-44 3.707219e-43 4.850995e-42 5.844280e-41 6.409286e-40 6.268738e-39 5.236929e-38 3.306669e-37 6.928893e-37 -2.195966e-35 -4.859235e-34 -6.844780e-33 -7.875312e-32 -7.911536e-31 -7.132371e-30 -5.849269e-29 -4.396630e-28 -3.042106e-27 -1.942531e-26 -1.146362e-25 -6.256690e-25 -3.158888e-24 -1.475181e-23 -6.369950e-23 -2.542173e-22 -9.371782e-22 -3.189731e-21 -1.001822e-20 -2.902462e-20 -7.755017e-20 -1.910822e-19 -4.342566e-19 -9.105636e-19 -1.762461e-18 -3.150627e-18 -5.203690e-18 -7.940989e-18 -1.118899e-17 -1.452874e-17 -1.731521e-17 -1.879189e-17 -1.828673e-17 -1.543445e-17 -1.034486e-17 -3.643945e-18 3.643945e-18 1.034486e-17 1.543445e-17 1.828673e-17 1.879189e-17 1.731521e-17 1.452874e-17 1.118899e-17 7.940989e-18 5.203690e-18 3.150627e-18 1.762461e-18 9.105636e-19 4.342566e-19 1.910822e-19 7.755017e-20 2.902462e-20 1.001822e-20 3.189731e-21 9.371782e-22 2.542173e-22 6.369950e-23 1.475181e-23 3.158888e-24 6.256690e-25 1.146362e-25 1.942531e-26 3.042106e-27 4.396630e-28 5.849269e-29 7.132371e-30 7.911536e-31 7.875312e-32 6.844780e-33 4.859235e-34 2.195966e-35 -6.928893e-37 -3.306669e-37 -5.236929e-38 -6.268738e-39 -6.409286e-40 -5.844280e-41 -4.850995e-42 -3.707219e-43 -2.626772e-44 -1.733632e-45 -1.069147e-46 -6.175251e-48 -3.346020e-49 -1.702835e-50 -8.020300e-52 -1.928534e-53 -8.565863e-56 -6.317830e-59 -1.009824e-62 -4.496588e-67 -6.750346e-72 -3.941157e-77
1.419606e-73 2.317158e-68 1.471427e-63 3.150648e-59 1.879400e-55 2.429105e-52 5.212484e-50 2.067641e-48 4.194031e-47 7.870538e-46 1.385755e-44 2.285339e-43 3.521857e-42 5.054821e-41 6.724337e-40 8.229673e-39 9.153878e-38 9.049114e-37 7.572943e-36 4.635006e-35 4.929901e-35 -4.257069e-33 -8.813446e-32 -1.238709e-30 -1.442514e-29 -1.475273e-28 -1.358223e-27 -1.139883e-26 -8.781532e-26 -6.235429e-25 -4.090563e-24 -2.482563e-23 -1.394761e-22 -7.255397e-22 -3.494015e-21 -1.557171e-20 -6.419221e-20 -2.446351e-19 -8.613883e-19 -2.800904e-18 -8.406960e-18 -2.328702e-17 -5.952584e-17 -1.404429e-16 -3.059778e-16 -6.159778e-16 -1.146783e-15 -1.976103e-15 -3.153977e-15 -4.664066e-15 -6.387612e-15 -8.087858e-15 -9.431038e-15 -1.004955e-14 -9.636330e-15 -8.043539e-15 -5.351295e-15 -1.877989e-15 1.877989e-15 5.351295e-15 8.043539e-15 9.636330e-15 1.004955e-14 9.431038e-15 8.087858e-15 6.387612e-15 4.664066e-15 3.153977e-15 1.976103e-15 1.146783e-15 6.159778e-16 3.059778e-16 1.404429e-16 5.952584e-17 2.328702e-17 8.406960e-18 2.800904e-18 8.613883e-19 2.446351e-19 6.419221e-20 1.557171e-20 3.494015e-21 7.255397e-22 1.394761e-22 2.482563e-23 4.090563e-24 6.235429e-25 8.781532e-26 1.139883e-26 1.358223e-27 1.475273e-28 1.442514e-29 1.238709e-30 8.813446e-32 4.257069e-33 -4.929901e-35 -4.635006e-35 -7.572943e-36 -9.049114e-37 -9.153878e-38 -8.229673e-39 -6.724337e-40 -5.054821e-41 -3.521857e-42 -2.285339e-43 -1.385755e-44 -7.870538e-46 -4.194031e-47 -2.067641e-48 -5.212484e-50 -2.429105e-52 -1.879400e-55 -3.150648e-59 -1.471427e-63 -2.317158e-68 -1.419606e-73
9.616854e-71 1.496472e-65 9.060991e-61 1.849964e-56 1.052032e-52 1.295795e-49 2.648667e-47 1.001327e-45 1.938500e-44 3.469266e-43 5.815765e-42 9.110174e-41 1.328892e-39 1.795908e-38 2.230951e-37 2.514230e-36 2.508286e-35 2.096451e-34 1.229009e-33 -4.059112e-34 -1.548184e-31 -3.049879e-30 -4.285278e-29 -5.050947e-28 -5.255811e-27 -4.937549e-26 -4.236475e-25 -3.341490e-24 -2.432037e-23 -1.637050e-22 -1.020361e-21 -5.892490e-21 -3.153228e-20 -1.563311e-19 -7.177906e-19 -3.050567e-18 -1.199307e-17 -4.358906e-17 -1.463772e-16 -4.539574e-16 -1.299786e-15 -3.435651e-15 -8.385093e-15 -1.890505e-14 -3.940541e-14 -7.601329e-14 -1.358623e-13 -2.252766e-13 -3.468943e-13 -4.963741e-13 -6.598899e-13 -8.138134e-13 -9.275704e-13 -9.696584e-13 -9.155761e-13 -7.554276e-13 -4.986979e-13 -1.743354e-13 1.743354e-13 4.986979e-13 7.554276e-13 9.155761e-13 9.696584e-13 9.275704e-13 8.138134e-13 6.598899e-13 4.963741e-13 3.468943e-13 2.252766e-13 1.358623e-13 7.601329e-14 3.940541e-14 1.890505e-14 8.385093e-15 3.435651e-15 1.299786e-15 4.539574e-16 1.463772e-16 4.358906e-17 1.199307e-17 3.050567e-18 7.177906e-19 1.563311e-19 3.153228e-20 5.892490e-21 1.020361e-21 1.637050e-22 2.432037e-23 3.341490e-24 4.236475e-25 4.937549e-26 5.255811e-27 5.050947e-28 4.285278e-29 3.049879e-30 1.548184e-31 4.059112e-34 -1.229009e-33 -2.096451e-34 -2.508286e-35 -2.514230e-36 -2.230951e-37 -1.795908e-38 -1.328892e-39 -9.110174e-41 -5.815765e-42 -3.469266e-43 -1.938500e-44 -1.001327e-45 -2.648667e-47 -1.295795e-49 -1.052032e-52 -1.849964e-56 -9.060991e-61 -1.496472e-65 -9.616854e-71
1.033318e-68 1.533935e-63 8.860679e-59 1.725605e-54 9.356932e-51 1.098256e-47 2.137718e-45 7.697652e-44 1.421004e-42 2.421847e-41 3.856891e-40 5.719006e-39 7.853876e-38 9.906542e-37 1.131748e-35 1.140248e-34 9.525855e-34 5.332299e-33 -1.042875e-32 -8.884182e-31 -1.699725e-29 -2.399663e-28 -2.868890e-27 -3.040692e-26 -2.916642e-25 -2.559346e-24 -2.067115e-23 -1.542237e-22 -1.065127e-21 -6.817402e-21 -4.046062e-20 -2.226799e-19 -1.136237e-18 -5.372876e-18 -2.353113e-17 -9.538707e-17 -3.576431e-16 -1.239489e-15 -3.968523e-15 -1.173383e-14 -3.203347e-14 -8.075572e-14 -1.880798e-13 -4.050027e-13 -8.072629e-13 -1.491523e-12 -2.558551e-12 -4.081322e-12 -6.062519e-12 -8.393481e-12 -1.083150e-11 -1.301107e-11 -1.449619e-11 -1.486747e-11 -1.382451e-11 -1.127544e-11 -7.386301e-12 -2.572155e-12 2.572155e-12 7.386301e-12 1.127544e-11 1.382451e-11 1.486747e-11 1.449619e-11 1.301107e-11 1.083150e-11 8.393481e-12 6.062519e-12 4.081322e-12 2.558551e-12 1.491523e-12 8.072629e-13 4.050027e-13 1.880798e-13 8.075572e-14 3.203347e-14 1.173383e-14 3.968523e-15 1.239489e-15 3.576431e-16 9.538707e-17 2.353113e-17 5.372876e-18 1.136237e-18 2.226799e-19 4.046062e-20 6.817402e-21 1.065127e-21 1.542237e-22 2.067115e-23 2.559346e-24 2.916642e-25 3.040692e-26 2.868890e-27 2.399663e-28 1.699725e-29 8.884182e-31 1.042875e-32 -5.332299e-33 -9.525855e-34 -1.140248e-34 -1.131748e-35 -9.906542e-37 -7.853876e-38 -5.719006e-39 -3.856891e-40 -2.421847e-41 -1.421004e-42 -7.697652e-44 -2.137718e-45 -1.098256e-47 -9.356932e-51 -1.725605e-54 -8.860679e-59 -1.533935e-63 -1.033318e-68
3.133301e-67 4.445825e-62 2.454526e-57 4.567591e-53 2.365422e-49 2.649546e-46 4.917045e-44 1.688007e-42 2.973045e-41 4.825184e-40 7.292737e-39 1.020949e-37 1.312742e-36 1.528213e-35 1.567053e-34 1.327184e-33 7.383815e-33 -2.026843e-32 -1.410923e-30 -2.718069e-29 -3.908675e-28 -4.777271e-27 -5.186222e-26 -5.101970e-25 -4.596342e-24 -3.814843e-23 -2.927286e-22 -2.081026e-21 -1.372175e-20 -8.396241e-20 -4.768022e-19 -2.512282e-18 -1.227658e-17 -5.560330e-17 -2.332560e-16 -9.056337e-16 -3.251970e-15 -1.079285e-14 -3.309060e-14 -9.369743e-14 -2.450200e-13 -5.919286e-13 -1.322026e-12 -2.732714e-12 -5.235675e-12 -9.314117e-12 -1.541473e-11 -2.377817e-11 -3.424373e-11 -4.609157e-11 -5.799438e-11 -6.813053e-11 -7.446629e-11 -7.516011e-11 -6.899615e-11 -5.573426e-11 -3.627631e-11 -1.259205e-11 1.259205e-11 3.627631e-11 5.573426e-11 6.899615e-11 7.516011e-11 7.446629e-11 6.813053e-11 5.799438e-11 4.609157e-11 3.424373e-11 2.377817e-11 1.541473e-11 9.314117e-12 5.235675e-12 2.732714e-12 1.322026e-12 5.919286e-13 2.450200e-13 9.369743e-14 3.309060e-14 1.079285e-14 3.251970e-15 9.056337e-16 2.332560e-16 5.560330e-17 1.227658e-17 2.512282e-18 4.768022e-19 8.396241e-20 1.372175e-20 2.081026e-21 2.927286e-22 3.814843e-23 4.596342e-24 5.101970e-25 5.186222e-26 4.777271e-27 3.908675e-28 2.718069e-29 1.410923e-30 2.026843e-32 -7.383815e-33 -1.327184e-33 -1.567053e-34 -1.528213e-35 -1.312742e-36 -1.020949e-37 -7.292737e-39 -4.825184e-40 -2.973045e-41 -1.688007e-42 -4.917045e-44 -2.649546e-46 -2.365422e-49 -4.567591e-53 -2.454526e-57 -4.445825e-62 -3.133301e-67
7.485459e-66 1.016456e-60 5.369668e-56 9.557283e-52 4.730678e-48 5.059471e-45 8.953566e-43 2.929614e-41 4.918921e-40 7.588652e-39 1.084791e-37 1.424823e-36 1.695001e-35 1.776702e-34 1.538332e-33 8.738134e-33 -2.516371e-32 -1.765812e-30 -3.482698e-29 -5.135021e-28 -6.440568e-27 -7.180377e-26 -7.259274e-25 -6.725640e-24 -5.744801e-23 -4.540018e-22 -3.326499e-21 -2.262381e-20 -1.428964e-19 -8.382830e-19 -4.566386e-18 -2.308685e-17 -1.082663e-16 -4.705849e-16 -1.894322e-15 -7.056608e-15 -2.430770e-14 -7.737997e-14 -2.275429e-13 -6.179797e-13 -1.550356e-12 -3.594804e-12 -7.711400e-12 -1.532575e-11 -2.827004e-11 -4.850180e-11 -7.756859e-11 -1.158914e-10 -1.620547e-10 -2.123584e-10 -2.608650e-10 -3.000593e-10 -3.220626e-10 -3.201699e-10 -2.903614e-10 -2.324195e-10 -1.503589e-10 -5.203311e-11 5.203311e-11 1.503589e-10 2.324195e-10 2.903614e-10 3.201699e-10 3.220626e-10 3.000593e-10 2.608650e-10 2.123584e-10 1.620547e-10 1.158914e-10 7.756859e-11 4.850180e-11 2.827004e-11 1.532575e-11 7.711400e-12 3.594804e-12 1.550356e-12 6.179797e-13 2.275429e-13 7.737997e-14 2.430770e-14 7.056608e-15 1.894322e-15 4.705849e-16 1.082663e-16 2.308685e-17 4.566386e-18 8.382830e-19 1.428964e-19 2.262381e-20 3.326499e-21 4.540018e-22 5.744801e-23 6.725640e-24 7.259274e-25 7.180377e-26 6.440568e-27 5.135021e-28 3.482698e-29 1.765812e-30 2.516371e-32 -8.738134e-33 -1.538332e-33 -1.776702e-34 -1.695001e-35 -1.424823e-36 -1.084791e-37 -7.588652e-39 -4.918921e-40 -2.929614e-41 -8.953566e-43 -5.059471e-45 -4.730678e-48 -9.557283e-52 -5.369668e-56 -1.016456e-60 -7.485459e-66
1.683109e-64 2.187457e-59 1.105595e-54 1.881484e-50 8.895549e-47 9.074172e-44 1.528760e-41 4.756311e-40 7.588231e-39 1.107256e-37 1.485029e-36 1.804603e-35 1.932918e-34 1.710479e-33 9.921907e-33 -2.975028e-32 -2.113549e-30 -4.267030e-29 -6.447844e-28 -8.294490e-27 -9.490740e-26 -9.854176e-25 -9.382613e-24 -8.241797e-23 -6.702874e-22 -5.057705e-21 -3.544917e-20 -2.309147e-19 -1.398071e-18 -7.865686e-18 -4.110245e-17 -1.993607e-16 -8.968430e-16 -3.738790e-15 -1.443134e-14 -5.153241e-14 -1.701100e-13 -5.188028e-13 -1.461327e-12 -3.801465e-12 -9.136259e-12 -2.030253e-11 -4.176925e-11 -7.969912e-11 -1.413458e-10 -2.335659e-10 -3.605312e-10 -5.211268e-10 -7.068311e-10 -9.009187e-10 -1.079565e-09 -1.214929e-09 -1.279724e-09 -1.252360e-09 -1.121536e-09 -8.892724e-10 -5.716722e-10 -1.972081e-10 1.972081e-10 5.716722e-10 8.892724e-10 1.121536e-09 1.252360e-09 1.279724e-09 1.214929e-09 1.079565e-09 9.009187e-10 7.068311e-10 5.211268e-10 3.605312e-10 2.335659e-10 1.413458e-10 7.969912e-11 4.176925e-11 2.030253e-11 9.136259e-12 3.801465e-12 1.461327e-12 5.188028e-13 1.701100e-13 5.153241e-14 1.443134e-14 3.738790e-15 8.968430e-16 1.993607e-16 4.110245e-17 7.865686e-18 1.398071e-18 2.309147e-19 3.544917e-20 5.057705e-21 6.702874e-22 8.241797e-23 9.382613e-24 9.854176e-25 9.490740e-26 8.294490e-27 6.447844e-28 4.267030e-29 2.113549e-30 2.975028e-32 -9.921907e-33 -1.710479e-33 -1.932918e-34 -1.804603e-35 -1.485029e-36 -1.107256e-37 -7.588231e-39 -4.756311e-40 -1.528760e-41 -9.074172e-44 -8.895549e-47 -1.881484e-50 -1.105595e-54 -2.187457e-59 -1.683109e-64
3.558751e-63 4.426279e-58 2.139680e-53 3.479351e-49 1.569664e-45 1.524753e-42 2.439605e-40 7.191738e-39 1.084726e-37 1.485028e-36 1.842682e-35 2.016073e-34 1.822822e-33 1.079832e-32 -3.351944e-32 -2.418184e-30 -4.996191e-29 -7.733747e-28 -1.019820e-26 -1.196918e-25 -1.275515e-24 -1.247276e-23 -1.125935e-22 -9.416513e-22 -7.311578e-21 -5.277020e-20 -3.542092e-19 -2.211391e-18 -1.283818e-17 -6.927290e-17 -3.471790e-16 -1.614817e-15 -6.964406e-15 -2.782452e-14 -1.028843e-13 -3.517808e-13 -1.111414e-12 -3.242863e-12 -8.736232e-12 -2.173289e-11 -4.995290e-11 -1.062010e-10 -2.091848e-10 -3.825555e-10 -6.512286e-10 -1.034842e-09 -1.539471e-09 -2.149850e-09 -2.824784e-09 -3.497870e-09 -4.084275e-09 -4.492683e-09 -4.640140e-09 -4.466814e-09 -3.947727e-09 -3.099254e-09 -1.979203e-09 -6.804983e-10 6.804983e-10 1.979203e-09 3.099254e-09 3.947727e-09 4.466814e-09 4.640140e-09 4.492683e-09 4.084275e-09 3.497870e-09 2.824784e-09 2.149850e-09 1.539471e-09 1.034842e-09 6.512286e-10 3.825555e-10 2.091848e-10 1.062010e-10 4.995290e-11 2.173289e-11 8.736232e-12 3.242863e-12 1.111414e-12 3.517808e-13 1.028843e-13 2.782452e-14 6.964406e-15 1.614817e-15 3.471790e-16 6.927290e-17 1.283818e-17 2.211391e-18 3.542092e-19 5.277020e-20 7.311578e-21 9.416513e-22 1.125935e-22 1.247276e-23 1.275515e-24 1.196918e-25 1.019820e-26 7.733747e-28 4.996191e-29 2.418184e-30 3.351944e-32 -1.079832e-32 -1.822822e-33 -2.016073e-34 -1.842682e-35 -1.485028e-36 -1.084726e-37 -7.191738e-39 -2.439605e-40 -1.524753e-42 -1.569664e-45 -3.479351e-49 -2.139680e-53 -4.426279e-58 -3.558751e-63
7.072983e-62 8.416413e-57 3.888985e-52 6.036833e-48 2.594757e-44 2.394641e-41 3.625764e-39 1.007307e-37 1.424729e-36 1.804603e-35 2.016073e-34 1.861874e-33 1.126493e-32 -3.600249e-32 -2.645085e-30 -5.591480e-29 -8.862377e-28 -1.197344e-26 -1.440614e-25 -1.574744e-24 -1.580474e-23 -1.465220e-22 -1.259261e-21 -1.005426e-20 -7.466613e-20 -5.160329e-19 -3.319362e-18 -1.986792e-17 -1.106004e-16 -5.722263e-16 -2.749296e-15 -1.225483e-14 -5.062764e-14 -1.936495e-13 -6.851140e-13 -2.239947e-12 -6.762783e-12 -1.884602e-11 -4.846899e-11 -1.150781e-10 -2.524454e-10 -5.123931e-10 -9.642147e-10 -1.686510e-09 -2.750068e-09 -4.194074e-09 -6.001681e-09 -8.082797e-09 -1.027078e-08 -1.233607e-08 -1.401502e-08 -1.504832e-08 -1.522131e-08 -1.439869e-08 -1.254777e-08 -9.747210e-09 -6.180747e-09 -2.117576e-09 2.117576e-09 6.180747e-09 9.747210e-09 1.254777e-08 1.439869e-08 1.522131e-08 1.504832e-08 1.401502e-08 1.233607e-08 1.027078e-08 8.082797e-09 6.001681e-09 4.194074e-09 2.750068e-09 1.686510e-09 9.642147e-10 5.123931e-10 2.524454e-10 1.150781e-10 4.846899e-11 1.884602e-11 6.762783e-12 2.239947e-12 6.851140e-13 1.936495e-13 5.062764e-14 1.225483e-14 2.749296e-15 5.722263e-16 1.106004e-16 1.986792e-17 3.319362e-18 5.160329e-19 7.466613e-20 1.005426e-20 1.259261e-21 1.465220e-22 1.580474e-23 1.574744e-24 1.440614e-25 1.197344e-26 8.862377e-28 5.591480e-29 2.645085e-30 3.600249e-32 -1.126493e-32 -1.861874e-33 -2.016073e-34 -1.804603e-35 -1.424729e-36 -1.007307e-37 -3.625764e-39 -2.394641e-41 -2.594757e-44 -6.036833e-48 -3.888985e-52 -8.416413e-57 -7.072983e-62
1.320598e-60 1.502590e-55 6.630581e-51 9.811295e-47 4.009029e-43 3.503142e-40 4.992471e-38 1.295969e-36 1.694877e-35 1.932917e-34 1.822822e-33 1.126493e-32 -3.686973e-32 -2.766333e-30 -5.981903e-29 -9.704129e-28 -1.342609e-26 -1.655143e-25 -1.854785e-24 -1.909465e-23 -1.816854e-22 -1.603556e-21 -1.315632e-20 -1.004602e-19 -7.143443e-19 -4.730649e-18 -2.916960e-17 -1.673861e-16 -8.932648e-16 -4.429306e-15 -2.038710e-14 -8.701074e-14 -3.439554e-13 -1.257939e-12 -4.251944e-12 -1.327041e-11 -3.821546e-11 -1.015019e-10 -2.486506e-10 -5.620925e-10 -1.173855e-09 -2.268724e-09 -4.067861e-09 -6.786972e-09 -1.057311e-08 -1.543574e-08 -2.119402e-08 -2.745987e-08 -3.366585e-08 -3.913364e-08 -4.316806e-08 -4.515641e-08 -4.465444e-08 -4.144573e-08 -3.556878e-08 -2.731254e-08 -1.718546e-08 -5.865081e-09 5.865081e-09 1.718546e-08 2.731254e-08 3.556878e-08 4.144573e-08 4.465444e-08 4.515641e-08 4.316806e-08 3.913364e-08 3.366585e-08 2.745987e-08 2.119402e-08 1.543574e-08 1.057311e-08 6.786972e-09 4.067861e-09 2.268724e-09 1.173855e-09 5.620925e-10 2.486506e-10 1.015019e-10 3.821546e-11 1.327041e-11 4.251944e-12 1.257939e-12 3.439554e-13 8.701074e-14 2.038710e-14 4.429306e-15 8.932648e-16 1.673861e-16 2.916960e-17 4.730649e-18 7.143443e-19 1.004602e-19 1.315632e-20 1.603556e-21 1.816854e-22 1.909465e-23 1.854785e-24 1.655143e-25 1.342609e-26 9.704129e-28 5.981903e-29 2.766333e-30 3.686973e-32 -1.126493e-32 -1.822822e-33 -1.932917e-34 -1.694877e-35 -1.295969e-36 -4.992471e-38 -3.503142e-40 -4.009029e-43 -9.811295e-47 -6.630581e-51 -1.502590e-55 -1.320598e-60
2.314418e-59 2.515837e-54 1.058782e-49 1.490322e-45 5.770637e-42 4.750043e-39 6.317551e-37 1.509846e-35 1.776552e-34 1.710478e-33 1.079832e-32 -3.600249e-32 -2.766333e-30 -6.117964e-29 -1.015429e-27 -1.438028e-26 -1.815483e-25 -2.084554e-24 -2.200020e-23 -2.147188e-22 -1.944985e-21 -1.638709e-20 -1.285744e-19 -9.399911e-19 -6.404087e-18 -4.064921e-17 -2.402636e-16 -1.321451e-15 -6.756963e-15 -3.208785e-14 -1.413592e-13 -5.770035e-13 -2.179557e-12 -7.609714e-12 -2.452961e-11 -7.293191e-11 -1.998674e-10 -5.046786e-10 -1.174348e-09 -2.520045e-09 -4.994279e-09 -9.160870e-09 -1.559767e-08 -2.473807e-08 -3.669080e-08 -5.109829e-08 -6.708751e-08 -8.333722e-08 -9.824735e-08 -1.101668e-07 -1.176250e-07 -1.195207e-07 -1.152398e-07 -1.046965e-07 -8.830836e-08 -6.692675e-08 -4.174211e-08 -1.418295e-08 1.418295e-08 4.174211e-08 6.692675e-08 8.830836e-08 1.046965e-07 1.152398e-07 1.195207e-07 1.176250e-07 1.101668e-07 9.824735e-08 8.333722e-08 6.708751e-08 5.109829e-08 3.669080e-08 2.473807e-08 1.559767e-08 9.160870e-09 4.994279e-09 2.520045e-09 1.174348e-09 5.046786e-10 1.998674e-10 7.293191e-11 2.452961e-11 7.609714e-12 2.179557e-12 5.770035e-13 1.413592e-13 3.208785e-14 6.756963e-15 1.321451e-15 2.402636e-16 4.064921e-17 6.404087e-18 9.399911e-19 1.285744e-19 1.638709e-20 1.944985e-21 2.147188e-22 2.200020e-23 2.084554e-24 1.815483e-25 1.438028e-26 1.015429e-27 6.117964e-29 2.766333e-30 3.600249e-32 -1.079832e-32 -1.710478e-33 -1.776552e-34 -1.509846e-35 -6.317551e-37 -4.750043e-39 -5.770637e-42 -1.490322e-45 -1.058782e-49 -2.515837e-54 -2.314418e-59
3.803013e-58 3.944399e-53 1.580018e-48 2.109192e-44 7.701974e-41 5.924398e-38 7.247539e-36 1.549961e-34 1.538171e-33 9.921894e-33 -3.351944e-32 -2.645085e-30 -5.981903e-29 -1.015429e-27 -1.471307e-26 -1.901341e-25 -2.235749e-24 -2.417682e-23 -2.418991e-22 -2.247541e-21 -1.943402e-20 -1.565786e-19 -1.176171e-18 -8.238101e-18 -5.378979e-17 -3.272396e-16 -1.853554e-15 -9.766014e-15 -4.781188e-14 -2.172405e-13 -9.148982e-13 -3.566538e-12 -1.285205e-11 -4.275387e-11 -1.311384e-10 -3.705053e-10 -9.635178e-10 -2.305698e-09 -5.078607e-09 -1.030651e-08 -1.930529e-08 -3.346388e-08 -5.386305e-08 -8.083040e-08 -1.135929e-07 -1.501728e-07 -1.875832e-07 -2.222709e-07 -2.506759e-07 -2.697571e-07 -2.773703e-07 -2.724441e-07 -2.549632e-07 -2.258118e-07 -1.865444e-07 -1.391517e-07 -8.586384e-08 -2.901735e-08 2.901735e-08 8.586384e-08 1.391517e-07 1.865444e-07 2.258118e-07 2.549632e-07 2.724441e-07 2.773703e-07 2.697571e-07 2.506759e-07 2.222709e-07 1.875832e-07 1.501728e-07 1.135929e-07 8.083040e-08 5.386305e-08 3.346388e-08 1.930529e-08 1.030651e-08 5.078607e-09 2.305698e-09 9.635178e-10 3.705053e-10 1.311384e-10 4.275387e-11 1.285205e-11 3.566538e-12 9.148982e-13 2.172405e-13 4.781188e-14 9.766014e-15 1.853554e-15 3.272396e-16 5.378979e-17 8.238101e-18 1.176171e-18 1.565786e-19 1.943402e-20 2.247541e-21 2.418991e-22 2.417682e-23 2.235749e-24 1.901341e-25 1.471307e-26 1.015429e-27 5.981903e-29 2.645085e-30 3.351944e-32 -9.921894e-33 -1.538171e-33 -1.549961e-34 -7.247539e-36 -5.924398e-38 -7.701974e-41 -2.109192e-44 -1.580018e-48 -3.944399e-53 -3.803013e-58
5.850195e-57 5.778604e-52 2.196912e-47 2.768729e-43 9.463482e-40 6.711228e-37 7.346717e-35 1.315417e-33 8.736664e-33 -2.975041e-32 -2.418184e-30 -5.591480e-29 -9.704129e-28 -1.438028e-26 -1.901341e-25 -2.288527e-24 -2.534396e-23 -2.598183e-22 -2.474738e-21 -2.194839e-20 -1.814800e-19 -1.399796e-18 -1.007313e-17 -6.761233e-17 -4.230819e-16 -2.466236e-15 -1.337970e-14 -6.748031e-14 -3.159972e-13 -1.372054e-12 -5.515814e-12 -2.049954e-11 -7.032629e-11 -2.223799e-10 -6.472904e-10 -1.732407e-09 -4.260126e-09 -9.622953e-09 -1.997493e-08 -3.814889e-08 -6.717766e-08 -1.094083e-07 -1.654491e-07 -2.333749e-07 -3.085739e-07 -3.843604e-07 -4.531641e-07 -5.079057e-07 -5.431592e-07 -5.558291e-07 -5.452695e-07 -5.129334e-07 -4.617383e-07 -3.953489e-07 -3.175436e-07 -2.317658e-07 -1.408995e-07 -4.725819e-08 4.725819e-08 1.408995e-07 2.317658e-07 3.175436e-07 3.953489e-07 4.617383e-07 5.129334e-07 5.452695e-07 5.558291e-07 5.431592e-07 5.079057e-07 4.531641e-07 3.843604e-07 3.085739e-07 2.333749e-07 1.654491e-07 1.094083e-07 6.717766e-08 3.814889e-08 1.997493e-08 9.622953e-09 4.260126e-09 1.732407e-09 6.472904e-10 2.223799e-10 7.032629e-11 2.049954e-11 5.515814e-12 1.372054e-12 3.159972e-13 6.748031e-14 1.337970e-14 2.466236e-15 4.230819e-16 6.761233e-17 1.007313e-17 1.399796e-18 1.814800e-19 2.194839e-20 2.474738e-21 2.598183e-22 2.534396e-23 2.288527e-24 1.901341e-25 1.438028e-26 9.704129e-28 5.591480e-29 2.418184e-30 2.975041e-32 -8.736664e-33 -1.315417e-33 -7.346717e-35 -6.711228e-37 -9.463482e-40 -2.768729e-43 -2.196912e-47 -5.778604e-52 -5.850195e-57
8.407761e-56 7.887660e-51 2.833937e-46 3.348286e-42 1.057938e-38 6.745272e-36 6.205858e-34 7.365532e-33 -2.517369e-32 -2.113550e-30 -4.996191e-29 -8.862377e-28 -1.342609e-26 -1.815483e-25 -2.235749e-24 -2.534396e-23 -2.660793e-22 -2.596739e-21 -2.360926e-20 -2.002249e-19 -1.584882e-18 -1.171050e-17 -8.075203e-17 -5.194033e-16 -3.113862e-15 -1.738275e-14 -9.025377e-14 -4.352859e-13 -1.947247e-12 -8.067318e-12 -3.090188e-11 -1.092572e-10 -3.559454e-10 -1.066765e-09 -2.936647e-09 -7.416356e-09 -1.716791e-08 -3.641769e-08 -7.082466e-08 -1.264573e-07 -2.078032e-07 -3.153708e-07 -4.439695e-07 -5.826624e-07 -7.166394e-07 -8.303667e-07 -9.108857e-07 -9.502237e-07 -9.463541e-07 -9.027129e-07 -8.266890e-07 -7.276642e-07 -6.151264e-07 -4.972053e-07 -3.797816e-07 -2.661651e-07 -1.572421e-07 -5.196214e-08 5.196214e-08 1.572421e-07 2.661651e-07 3.797816e-07 4.972053e-07 6.151264e-07 7.276642e-07 8.266890e-07 9.027129e-07 9.463541e-07 9.502237e-07 9.108857e-07 8.303667e-07 7.166394e-07 5.826624e-07 4.439695e-07 3.153708e-07 2.078032e-07 1.264573e-07 7.082466e-08 3.641769e-08 1.716791e-08 7.416356e-09 2.936647e-09 1.066765e-09 3.559454e-10 1.092572e-10 3.090188e-11 8.067318e-12 1.947247e-12 4.352859e-13 9.025377e-14 1.738275e-14 3.113862e-15 5.194033e-16 8.075203e-17 1.171050e-17 1.584882e-18 2.002249e-19 2.360926e-20 2.596739e-21 2.660793e-22 2.534396e-23 2.235749e-24 1.815483e-25 1.342609e-26 8.862377e-28 4.996191e-29 2.113550e-30 2.517369e-32 -7.365532e-33 -6.205858e-34 -6.745272e-36 -1.057938e-38 -3.348286e-42 -2.833937e-46 -7.887660e-51 -8.407761e-56
1.125736e-54 9.989965e-50 3.369742e-45 3.689543e-41 1.053293e-37 5.711524e-35 3.589530e-33 -1.904187e-32 -1.765829e-30 -4.267031e-29 -7.733747e-28 -1.197344e-26 -1.655143e-25 -2.084554e-24 -2.417682e-23 -2.598183e-22 -2.596739e-21 -2.419014e-20 -2.103053e-19 -1.707382e-18 -1.294611e-17 -9.165947e-17 -6.056452e-16 -3.731887e-15 -2.142307e-14 -1.144374e-13 -5.680715e-13 -2.616569e-12 -1.116450e-11 -4.405082e-11 -1.604208e-10 -5.381646e-10 -1.659833e-09 -4.697603e-09 -1.217815e-08 -2.887535e-08 -6.255331e-08 -1.237541e-07 -2.236800e-07 -3.698872e-07 -5.610319e-07 -7.833314e-07 -1.011257e-06 -1.212916e-06 -1.358085e-06 -1.425698e-06 -1.408270e-06 -1.312295e-06 -1.155253e-06 -9.607595e-07 -7.534883e-07 -5.550625e-07 -3.814826e-07 -2.420932e-07 -1.397626e-07 -7.181851e-08 -3.132731e-08 -8.427174e-09 8.427174e-09 3.132731e-08 7.181851e-08 1.397626e-07 2.420932e-07 3.814826e-07 5.550625e-07 7.534883e-07 9.607595e-07 1.155253e-06 1.312295e-06 1.408270e-06 1.425698e-06 1.358085e-06 1.212916e-06 1.011257e-06 7.833314e-07 5.610319e-07 3.698872e-07 2.236800e-07 1.237541e-07 6.255331e-08 2.887535e-08 1.217815e-08 4.697603e-09 1.659833e-09 5.381646e-10 1.604208e-10 4.405082e-11 1.116450e-11 2.616569e-12 5.680715e-13 1.144374e-13 2.142307e-14 3.731887e-15 6.056452e-16 9.165947e-17 1.294611e-17 1.707382e-18 2.103053e-19 2.419014e-20 2.596739e-21 2.598183e-22 2.417682e-23 2.084554e-24 1.655143e-25 1.197344e-26 7.733747e-28 4.267031e-29 1.765829e-30 1.904187e-32 -3.589530e-33 -5.711524e-35 -1.053293e-37 -3.689543e-41 -3.369742e-45 -9.989965e-50 -1.125736e-54
1.398669e-53 1.166834e-48 3.655630e-44 3.632613e-40 8.921314e-37 3.467726e-34 -4.284085e-33 -1.382040e-30 -3.482603e-29 -6.447844e-28 -1.019820e-26 -1.440614e-25 -1.854785e-24 -2.200020e-23 -2.418991e-22 -2.474738e-21 -2.360926e-20 -2.103053e-19 -1.750267e-18 -1.361157e-17 -9.889286e-17 -6.708851e-16 -4.246408e-15 -2.505260e-14 -1.376008e-13 -7.026244e-13 -3.330274e-12 -1.462640e-11 -5.941175e-11 -2.227394e-10 -7.690745e-10 -2.440059e-09 -7.097142e-09 -1.888053e-08 -4.583913e-08 -1.013677e-07 -2.038607e-07 -3.725080e-07 -6.183886e-07 -9.334452e-07 -1.283550e-06 -1.611836e-06 -1.853134e-06 -1.953459e-06 -1.885806e-06 -1.656414e-06 -1.300722e-06 -8.722674e-07 -4.294045e-07 -2.400217e-08 3.056580e-07 5.374206e-07 6.642086e-07 6.908748e-07 6.303666e-07 5.002437e-07 3.200943e-07 1.100125e-07 -1.100125e-07 -3.200943e-07 -5.002437e-07 -6.303666e-07 -6.908748e-07 -6.642086e-07 -5.374206e-07 -3.056580e-07 2.400217e-08 4.294045e-07 8.722674e-07 1.300722e-06 1.656414e-06 1.885806e-06 1.953459e-06 1.853134e-06 1.611836e-06 1.283550e-06 9.334452e-07 6.183886e-07 3.725080e-07 2.038607e-07 1.013677e-07 4.583913e-08 1.888053e-08 7.097142e-09 2.440059e-09 7.690745e-10 2.227394e-10 5.941175e-11 1.462640e-11 3.330274e-12 7.026244e-13 1.376008e-13 2.505260e-14 4.246408e-15 6.708851e-16 9.889286e-17 1.361157e-17 1.750267e-18 2.103053e-19 2.360926e-20 2.474738e-21 2.418991e-22 2.200020e-23 1.854785e-24 1.440614e-25 1.019820e-26 6.447844e-28 3.482603e-29 1.382040e-30 4.284085e-33 -3.467726e-34 -8.921314e-37 -3.632613e-40 -3.655630e-44 -1.166834e-48 -1.398669e-53
1.603155e-52 1.244738e-47 3.553362e-43 3.067818e-39 5.624928e-36 1.425577e-34 -5.404323e-31 -2.672603e-29 -5.134799e-28 -8.294489e-27 -1.196918e-25 -1.574744e-24 -1.909465e-23 -2.147188e-22 -2.247541e-21 -2.194839e-20 -2.002249e-19 -1.707382e-18 -1.361157e-17 -1.014276e-16 -7.060726e-16 -4.588276e-15 -2.780474e-14 -1.569378e-13 -8.238678e-13 -4.016113e-12 -1.814618e-11 -7.584443e-11 -2.925951e-10 -1.039392e-09 -3.391144e-09 -1.013410e-08 -2.766027e-08 -6.875243e-08 -1.551699e-07 -3.170945e-07 -5.852053e-07 -9.731969e-07 -1.455723e-06 -1.955450e-06 -2.353783e-06 -2.526961e-06 -2.390924e-06 -1.931710e-06 -1.208554e-06 -3.326799e-07 5.659115e-07 1.370036e-06 1.996122e-06 2.401694e-06 2.581787e-06 2.558816e-06 2.370510e-06 2.059140e-06 1.663804e-06 1.216129e-06 7.390261e-07 2.477200e-07 -2.477200e-07 -7.390261e-07 -1.216129e-06 -1.663804e-06 -2.059140e-06 -2.370510e-06 -2.558816e-06 -2.581787e-06 -2.401694e-06 -1.996122e-06 -1.370036e-06 -5.659115e-07 3.326799e-07 1.208554e-06 1.931710e-06 2.390924e-06 2.526961e-06 2.353783e-06 1.955450e-06 1.455723e-06 9.731969e-07 5.852053e-07 3.170945e-07 1.551699e-07 6.875243e-08 2.766027e-08 1.013410e-08 3.391144e-09 1.039392e-09 2.925951e-10 7.584443e-11 1.814618e-11 4.016113e-12 8.238678e-13 1.569378e-13 2.780474e-14 4.588276e-15 7.060726e-16 1.014276e-16 1.361157e-17 1.707382e-18 2.002249e-19 2.194839e-20 2.247541e-21 2.147188e-22 1.909465e-23 1.574744e-24 1.196918e-25 8.294489e-27 5.134799e-28 2.672603e-29 5.404323e-31 -1.425577e-34 -5.624928e-36 -3.067818e-39 -3.553362e-43 -1.244738e-47 -1.603155e-52
1.679765e-51 1.192617e-46 2.983278e-42 1.985939e-38 9.213826e-36 -3.840426e-32 -1.058507e-29 -3.849522e-28 -6.440227e-27 -9.490738e-26 -1.275515e-24 -1.580474e-23 -1.816854e-22 -1.944985e-21 -1.943402e-20 -1.814800e-19 -1.584882e-18 -1.294611e-17 -9.889286e-17 -7.060726e-16 -4.708191e-15 -2.929123e-14 -1.698095e-13 -9.160031e-13 -4.590064e-12 -2.132604e-11 -9.167617e-11 -3.637825e-10 -1.329058e-09 -4.457885e-09 -1.368506e-08 -3.832004e-08 -9.751532e-08 -2.246299e-07 -4.664042e-07 -8.688928e-07 -1.445076e-06 -2.132985e-06 -2.772604e-06 -3.134295e-06 -3.002914e-06 -2.275790e-06 -1.015007e-06 5.732597e-07 2.211964e-06 3.638300e-06 4.667370e-06 5.218551e-06 5.307580e-06 5.018012e-06 4.466218e-06 3.770961e-06 3.032670e-06 2.322987e-06 1.682723e-06 1.125036e-06 6.413423e-07 2.078798e-07 -2.078798e-07 -6.413423e-07 -1.125036e-06 -1.682723e-06 -2.322987e-06 -3.032670e-06 -3.770961e-06 -4.466218e-06 -5.018012e-06 -5.307580e-06 -5.218551e-06 -4.667370e-06 -3.638300e-06 -2.211964e-06 -5.732597e-07 1.015007e-06 2.275790e-06 3.002914e-06 3.134295e-06 2.772604e-06 2.132985e-06 1.445076e-06 8.688928e-07 4.664042e-07 2.246299e-07 9.751532e-08 3.832004e-08 1.368506e-08 4.457885e-09 1.329058e-09 3.637825e-10 9.167617e-11 2.132604e-11 4.590064e-12 9.160031e-13 1.698095e-13 2.929123e-14 4.708191e-15 7.060726e-16 9.889286e-17 1.294611e-17 1.584882e-18 1.814800e-19 1.943402e-20 1.944985e-21 1.816854e-22 1.580474e-23 1.275515e-24 9.490738e-26 6.440227e-27 3.849522e-28 1.058507e-29 3.840426e-32 -9.213826e-36 -1.985939e-38 -2.983278e-42 -1.192617e-46 -1.679765e-51
1.584047e-50 9.927881e-46 1.964959e-41 5.045285e-38 -4.519821e-34 -7.840688e-31 -1.508808e-28 -4.709693e-27 -7.179943e-26 -9.854173e-25 -1.247276e-23 -1.465220e-22 -1.603556e-21 -1.638709e-20 -1.565786e-19 -1.399796e-18 -1.171050e-17 -9.165947e-17 -6.708851e-16 -4.588276e-15 -2.929123e-14 -1.743286e-13 -9.658321e-13 -4.972740e-12 -2.374695e-11 -1.049506e-10 -4.282092e-10 -1.608500e-09 -5.545424e-09 -1.748599e-08 -5.023342e-08 -1.308969e-07 -3.078370e-07 -6.496012e-07 -1.221555e-06 -2.029473e-06 -2.944304e-06 -3.662592e-06 -3.772022e-06 -2.933973e-06 -1.086386e-06 1.478402e-06 4.219030e-06 6.554632e-06 8.054844e-06 8.538727e-06 8.071686e-06 6.890694e-06 5.306891e-06 3.621345e-06 2.071125e-06 8.085925e-07 -9.554563e-08 -6.352254e-07 -8.480553e-07 -7.965098e-07 -5.540725e-07 -1.973518e-07 1.973518e-07 5.540725e-07 7.965098e-07 8.480553e-07 6.352254e-07 9.554563e-08 -8.085925e-07 -2.071125e-06 -3.621345e-06 -5.306891e-06 -6.890694e-06 -8.071686e-06 -8.538727e-06 -8.054844e-06 -6.554632e-06 -4.219030e-06 -1.478402e-06 1.086386e-06 2.933973e-06 3.772022e-06 3.662592e-06 2.944304e-06 2.029473e-06 1.221555e-06 6.496012e-07 3.078370e-07 1.308969e-07 5.023342e-08 1.748599e-08 5.545424e-09 1.608500e-09 4.282092e-10 1.049506e-10 2.374695e-11 4.972740e-12 9.658321e-13 1.743286e-13 2.929123e-14 4.588276e-15 6.708851e-16 9.165947e-17 1.171050e-17 1.399796e-18 1.565786e-19 1.638709e-20 1.603556e-21 1.465220e-22 1.247276e-23 9.854173e-25 7.179943e-26 4.709693e-27 1.508808e-28 7.840688e-31 4.519821e-34 -5.045285e-38 -1.964959e-41 -9.927881e-46 -1.584047e-50
1.304371e-49 6.606180e-45 6.308281e-41 -1.146651e-36 -9.784035e-33 -1.116562e-29 -1.814471e-27 -5.116682e-26 -7.258790e-25 -9.382610e-24 -1.125935e-22 -1.259261e-21 -1.315632e-20 -1.285744e-19 -1.176171e-18 -1.007313e-17 -8.075203e-17 -6.056452e-16 -4.246408e-15 -2.780474e-14 -1.698095e-13 -9.658321e-13 -5.107202e-12 -2.505768e-11 -1.138124e-10 -4.773207e-10 -1.843031e-09 -6.529976e-09 -2.114927e-08 -6.234189e-08 -1.663968e-07 -3.997172e-07 -8.577932e-07 -1.629025e-06 -2.702615e-06 -3.840901e-06 -4.513644e-06 -4.032545e-06 -1.919514e-06 1.695089e-06 5.978477e-06 9.734833e-06 1.193597e-05 1.209105e-05 1.031869e-05 7.189002e-06 3.459619e-06 -1.652073e-07 -3.177657e-06 -5.312313e-06 -6.516607e-06 -6.884507e-06 -6.586544e-06 -5.810603e-06 -4.725091e-06 -3.459544e-06 -2.101808e-06 -7.041432e-07 7.041432e-07 2.101808e-06 3.459544e-06 4.725091e-06 5.810603e-06 6.586544e-06 6.884507e-06 6.516607e-06 5.312313e-06 3.177657e-06 1.652073e-07 -3.459619e-06 -7.189002e-06 -1.031869e-05 -1.209105e-05 -1.193597e-05 -9.734833e-06 -5.978477e-06 -1.695089e-06 1.919514e-06 4.032545e-06 4.513644e-06 3.840901e-06 2.702615e-06 1.629025e-06 8.577932e-07 3.997172e-07 1.663968e-07 6.234189e-08 2.114927e-08 6.529976e-09 1.843031e-09 4.773207e-10 1.138124e-10 2.505768e-11 5.107202e-12 9.658321e-13 1.698095e-13 2.780474e-14 4.246408e-15 6.056452e-16 8.075203e-17 1.007313e-17 1.176171e-18 1.285744e-19 1.315632e-20 1.259261e-21 1.125935e-22 9.382610e-24 7.258790e-25 5.116682e-26 1.814471e-27 1.116562e-29 9.784035e-33 1.146651e-36 -6.308281e-41 -6.606180e-45 -1.304371e-49
8.718391e-49 2.452158e-44 -7.986821e-40 -2.682082e-35 -1.395944e-31 -1.326557e-28 -1.931567e-26 -5.036681e-25 -6.725155e-24 -8.241794e-23 -9.416513e-22 -1.005426e-20 -1.004602e-19 -9.399911e-19 -8.238101e-18 -6.761233e-17 -5.194033e-16 -3.731887e-15 -2.505260e-14 -1.569378e-13 -9.160031e-13 -4.972740e-12 -2.505768e-11 -1.169282e-10 -5.039307e-10 -1.999701e-09 -7.280630e-09 -2.422149e-08 -7.327665e-08 -2.004267e-07 -4.921440e-07 -1.075109e-06 -2.064202e-06 -3.421736e-06 -4.753100e-06 -5.200204e-06 -3.689465e-06 3.787070e-07 6.388764e-06 1.243468e-05 1.620783e-05 1.622086e-05 1.242844e-05 5.997999e-06 -1.343787e-06 -7.975759e-06 -1.282489e-05 -1.547837e-05 -1.606878e-05 -1.506666e-05 -1.305943e-05 -1.059820e-05 -8.108832e-06 -5.863469e-06 -3.993325e-06 -2.514538e-06 -1.364939e-06 -4.300020e-07 4.300020e-07 1.364939e-06 2.514538e-06 3.993325e-06 5.863469e-06 8.108832e-06 1.059820e-05 1.305943e-05 1.506666e-05 1.606878e-05 1.547837e-05 1.282489e-05 7.975759e-06 1.343787e-06 -5.997999e-06 -1.242844e-05 -1.622086e-05 -1.620783e-05 -1.243468e-05 -6.388764e-06 -3.787070e-07 3.689465e-06 5.200204e-06 4.753100e-06 3.421736e-06 2.064202e-06 1.075109e-06 4.921440e-07 2.004267e-07 7.327665e-08 2.422149e-08 7.280630e-09 1.999701e-09 5.039307e-10 1.169282e-10 2.505768e-11 4.972740e-12 9.160031e-13 1.569378e-13 2.505260e-14 3.731887e-15 5.194033e-16 6.761233e-17 8.238101e-18 9.399911e-19 1.004602e-19 1.005426e-20 9.416513e-22 8.241794e-23 6.725155e-24 5.036681e-25 1.931567e-26 1.326557e-28 1.395944e-31 2.682082e-35 7.986821e-40 -2.452158e-44 -8.718391e-49
