0.000000e+00 0.000000e+00 0.000000e+00 0.000000e+00 0.000000e+00 0.000000e+00 0.000000e+00 0.000000e+00 0.000000e+00 0.000000e+00 0.000000e+00 0.000000e+00 0.000000e+00 0.000000e+00 0.000000e+00 0.000000e+00 0.000000e+00 0.000000e+00 0.000000e+00 0.000000e+00 0.000000e+00 0.000000e+00 0.000000e+00 0.000000e+00 0.000000e+00 0.000000e+00 0.000000e+00 0.000000e+00 0.000000e+00 0.000000e+00 0.000000e+00 0.000000e+00 0.000000e+00 0.000000e+00 0.000000e+00 0.000000e+00 0.000000e+00 0.000000e+00 0.000000e+00 0.000000e+00 0.000000e+00 0.000000e+00 0.000000e+00 0.000000e+00 0.000000e+00 0.000000e+00 0.000000e+00 0.000000e+00 0.000000e+00 0.000000e+00 0.000000e+00 0.000000e+00 0.000000e+00 0.000000e+00 0.000000e+00 0.000000e+00 0.000000e+00 0.000000e+00 0.000000e+00 0.000000e+00 0.000000e+00 0.000000e+00 0.000000e+00 0.000000e+00 0.000000e+00 0.000000e+00 0.000000e+00 0.000000e+00 0.000000e+00 0.000000e+00 0.000000e+00 0.000000e+00 0.000000e+00 0.000000e+00 0.000000e+00 0.000000e+00 0.000000e+00 0.000000e+00 0.000000e+00 0.000000e+00 0.000000e+00 0.000000e+00 0.000000e+00 0.000000e+00 0.000000e+00 0.000000e+00 0.000000e+00 0.000000e+00 0.000000e+00 0.000000e+00 0.000000e+00 0.000000e+00 0.000000e+00 0.000000e+00 0.000000e+00 0.000000e+00 0.000000e+00 0.000000e+00 0.000000e+00 0.000000e+00 0.000000e+00 0.000000e+00 0.000000e+00 0.000000e+00 0.000000e+00 0.000000e+00 0.000000e+00 0.000000e+00 0.000000e+00 0.000000e+00 0.000000e+00 0.000000e+00 0.000000e+00 0.000000e+00 0.000000e+00 0.000000e+00
8.161113e-95 1.974114e-89 1.844350e-84 5.775065e-80 5.012954e-76 9.391705e-73 2.909562e-70 1.649019e-68 4.701589e-67 1.235524e-65 3.046058e-64 7.045773e-63 1.528869e-61 3.111277e-60 5.935103e-59 1.060564e-57 1.773558e-56 2.771951e-55 4.041957e-54 5.485590e-53 6.906183e-52 8.027267e-51 8.552602e-50 8.256534e-49 7.073741e-48 5.148086e-47 2.811276e-46 4.914668e-46 -1.414454e-44 -2.652837e-43 -3.165729e-42 -3.070098e-41 -2.584015e-40 -1.939021e-39 -1.314511e-38 -8.108618e-38 -4.569551e-37 -2.357805e-36 -1.115158e-35 -4.836580e-35 -1.923493e-34 -7.011924e-34 -2.341738e-33 -7.159897e-33 -2.002789e-32 -5.121687e-32 -1.196553e-31 -2.551969e-31 -4.964581e-31 -8.799917e-31 -1.418886e-30 -2.075469e-30 -2.741382e-30 -3.242680e-30 -3.381259e-30 -3.005970e-30 -2.085783e-30 -7.475607e-31 7.475607e-31 2.085783e-30 3.005970e-30 3.381259e-30 3.242680e-30 2.741382e-30 2.075469e-30 1.418886e-30 8.799917e-31 4.964581e-31 2.551969e-31 1.196553e-31 5.121687e-32 2.002789e-32 7.159897e-33 2.341738e-33 7.011924e-34 1.923493e-34 4.836580e-35 1.115158e-35 2.357805e-36 4.569551e-37 8.108618e-38 1.314511e-38 1.939021e-39 2.584015e-40 3.070098e-41 3.165729e-42 2.652837e-43 1.414454e-44 -4.914668e-46 -2.811276e-46 -5.148086e-47 -7.073741e-48 -8.256534e-49 -8.552602e-50 -8.027267e-51 -6.906183e-52 -5.485590e-53 -4.041957e-54 -2.771951e-55 -1.773558e-56 -1.060564e-57 -5.935103e-59 -3.111277e-60 -1.528869e-61 -7.045773e-63 -3.046058e-64 -1.235524e-65 -4.701589e-67 -1.649019e-68 -2.909562e-70 -9.391705e-73 -5.012954e-76 -5.775065e-80 -1.844350e-84 -1.974114e-89 -8.161113e-95
1.292863e-89 2.958844e-84 2.618814e-79 7.777042e-75 6.408526e-71 1.140679e-67 3.360062e-65 1.813482e-63 4.934860e-62 1.238682e-60 2.917980e-59 6.450640e-58 1.337823e-56 2.601743e-55 4.741288e-54 8.088560e-53 1.290065e-51 1.920155e-50 2.660580e-49 3.420117e-48 4.058600e-47 4.412729e-46 4.341871e-45 3.780219e-44 2.773705e-43 1.481878e-42 1.383017e-42 -1.017808e-40 -1.811508e-39 -2.175460e-38 -2.151846e-37 -1.857895e-36 -1.434915e-35 -1.003601e-34 -6.399457e-34 -3.734417e-33 -1.998574e-32 -9.819838e-32 -4.431514e-31 -1.836743e-30 -6.989589e-30 -2.440859e-29 -7.817384e-29 -2.294753e-28 -6.170274e-28 -1.518899e-27 -3.421332e-27 -7.048520e-27 -1.327386e-26 -2.283186e-26 -3.582052e-26 -5.113314e-26 -6.611929e-26 -7.682076e-26 -7.895291e-26 -6.942718e-26 -4.782301e-26 -1.707739e-26 1.707739e-26 4.782301e-26 6.942718e-26 7.895291e-26 7.682076e-26 6.611929e-26 5.113314e-26 3.582052e-26 2.283186e-26 1.327386e-26 7.048520e-27 3.421332e-27 1.518899e-27 6.170274e-28 2.294753e-28 7.817384e-29 2.440859e-29 6.989589e-30 1.836743e-30 4.431514e-31 9.819838e-32 1.998574e-32 3.734417e-33 6.399457e-34 1.003601e-34 1.434915e-35 1.857895e-36 2.151846e-37 2.175460e-38 1.811508e-39 1.017808e-40 -1.383017e-42 -1.481878e-42 -2.773705e-43 -3.780219e-44 -4.341871e-45 -4.412729e-46 -4.058600e-47 -3.420117e-48 -2.660580e-49 -1.920155e-50 -1.290065e-51 -8.088560e-53 -4.741288e-54 -2.601743e-55 -1.337823e-56 -6.450640e-58 -2.917980e-59 -1.238682e-60 -4.934860e-62 -1.813482e-63 -3.360062e-65 -1.140679e-67 -6.408526e-71 -7.777042e-75 -2.618814e-79 -2.958844e-84 -1.292863e-89
7.402234e-85 1.604885e-79 1.347178e-74 3.797916e-70 2.973315e-66 5.031278e-63 1.409858e-60 7.248901e-59 1.883228e-57 4.515767e-56 1.016445e-54 2.147083e-53 4.254225e-52 7.901189e-51 1.374154e-49 2.234916e-48 3.392887e-47 4.795788e-46 6.289082e-45 7.612038e-44 8.436187e-43 8.448850e-42 7.461402e-41 5.501260e-40 2.842313e-39 -5.141000e-40 -2.655980e-37 -4.542405e-36 -5.493376e-35 -5.537777e-34 -4.898633e-33 -3.888346e-32 -2.801258e-31 -1.843210e-30 -1.111703e-29 -6.158414e-29 -3.136622e-28 -1.469393e-27 -6.331141e-27 -2.508180e-26 -9.131865e-26 -3.053788e-25 -9.374438e-25 -2.640254e-24 -6.819386e-24 -1.614717e-23 -3.504257e-23 -6.968872e-23 -1.269658e-22 -2.118100e-22 -3.231938e-22 -4.500656e-22 -5.695701e-22 -6.498538e-22 -6.581846e-22 -5.724176e-22 -3.913906e-22 -1.392472e-22 1.392472e-22 3.913906e-22 5.724176e-22 6.581846e-22 6.498538e-22 5.695701e-22 4.500656e-22 3.231938e-22 2.118100e-22 1.269658e-22 6.968872e-23 3.504257e-23 1.614717e-23 6.819386e-24 2.640254e-24 9.374438e-25 3.053788e-25 9.131865e-26 2.508180e-26 6.331141e-27 1.469393e-27 3.136622e-28 6.158414e-29 1.111703e-29 1.843210e-30 2.801258e-31 3.888346e-32 4.898633e-33 5.537777e-34 5.493376e-35 4.542405e-36 2.655980e-37 5.141000e-40 -2.842313e-39 -5.501260e-40 -7.461402e-41 -8.448850e-42 -8.436187e-43 -7.612038e-44 -6.289082e-45 -4.795788e-46 -3.392887e-47 -2.234916e-48 -1.374154e-49 -7.901189e-51 -4.254225e-52 -2.147083e-53 -1.016445e-54 -4.515767e-56 -1.883228e-57 -7.248901e-59 -1.409858e-60 -5.031278e-63 -2.973315e-66 -3.797916e-70 -1.347178e-74 -1.604885e-79 -7.402234e-85
1.300435e-80 2.674029e-75 2.130873e-70 5.707309e-66 4.247699e-62 6.836449e-59 1.822979e-56 8.930948e-55 2.215380e-53 5.074607e-52 1.091149e-50 2.201393e-49 4.164207e-48 7.378216e-47 1.222796e-45 1.891987e-44 2.725883e-43 3.643466e-42 4.493477e-41 5.070527e-40 5.161572e-39 4.614532e-38 3.405691e-37 1.675208e-36 -2.921346e-36 -2.141470e-34 -3.551750e-33 -4.327564e-32 -4.442556e-31 -4.021490e-30 -3.276118e-29 -2.427371e-28 -1.645422e-27 -1.023885e-26 -5.859802e-26 -3.087409e-25 -1.498101e-24 -6.694282e-24 -2.753890e-23 -1.042465e-22 -3.629176e-22 -1.161291e-21 -3.413822e-21 -9.215826e-21 -2.284084e-20 -5.196793e-20 -1.085495e-19 -2.081829e-19 -3.666225e-19 -5.927372e-19 -8.790607e-19 -1.193528e-18 -1.477580e-18 -1.654925e-18 -1.651314e-18 -1.420066e-18 -9.636899e-19 -3.415670e-19 3.415670e-19 9.636899e-19 1.420066e-18 1.651314e-18 1.654925e-18 1.477580e-18 1.193528e-18 8.790607e-19 5.927372e-19 3.666225e-19 2.081829e-19 1.085495e-19 5.196793e-20 2.284084e-20 9.215826e-21 3.413822e-21 1.161291e-21 3.629176e-22 1.042465e-22 2.753890e-23 6.694282e-24 1.498101e-24 3.087409e-25 5.859802e-26 1.023885e-26 1.645422e-27 2.427371e-28 3.276118e-29 4.021490e-30 4.442556e-31 4.327564e-32 3.551750e-33 2.141470e-34 2.921346e-36 -1.675208e-36 -3.405691e-37 -4.614532e-38 -5.161572e-39 -5.070527e-40 -4.493477e-41 -3.643466e-42 -2.725883e-43 -1.891987e-44 -1.222796e-45 -7.378216e-47 -4.164207e-48 -2.201393e-49 -1.091149e-50 -5.074607e-52 -2.215380e-53 -8.930948e-55 -1.822979e-56 -6.836449e-59 -4.247699e-62 -5.707309e-66 -2.130873e-70 -2.674029e-75 -1.300435e-80
5.629722e-77 1.098938e-71 8.319912e-67 2.118467e-62 1.499611e-58 2.296323e-55 5.827805e-53 2.720516e-51 6.443029e-50 1.409477e-48 2.893735e-47 5.571718e-46 1.005086e-44 1.696232e-43 2.672932e-42 3.922247e-41 5.338892e-40 6.702818e-39 7.692518e-38 7.948082e-37 7.178284e-36 5.279859e-35 2.418844e-34 -9.720049e-34 -4.294768e-32 -6.956590e-31 -8.542921e-30 -8.924177e-29 -8.257630e-28 -6.895187e-27 -5.246714e-26 -3.658240e-25 -2.344657e-24 -1.383834e-23 -7.527972e-23 -3.775727e-22 -1.745905e-21 -7.440365e-21 -2.920844e-20 -1.055641e-19 -3.510502e-19 -1.073607e-18 -3.018394e-18 -7.799506e-18 -1.852313e-17 -4.043955e-17 -8.119125e-17 -1.499793e-16 -2.550086e-16 -3.991481e-16 -5.748285e-16 -7.603540e-16 -9.202329e-16 -1.011234e-15 -9.936627e-16 -8.446874e-16 -5.688083e-16 -2.008270e-16 2.008270e-16 5.688083e-16 8.446874e-16 9.936627e-16 1.011234e-15 9.202329e-16 7.603540e-16 5.748285e-16 3.991481e-16 2.550086e-16 1.499793e-16 8.119125e-17 4.043955e-17 1.852313e-17 7.799506e-18 3.018394e-18 1.073607e-18 3.510502e-19 1.055641e-19 2.920844e-20 7.440365e-21 1.745905e-21 3.775727e-22 7.527972e-23 1.383834e-23 2.344657e-24 3.658240e-25 5.246714e-26 6.895187e-27 8.257630e-28 8.924177e-29 8.542921e-30 6.956590e-31 4.294768e-32 9.720049e-34 -2.418844e-34 -5.279859e-35 -7.178284e-36 -7.948082e-37 -7.692518e-38 -6.702818e-39 -5.338892e-40 -3.922247e-41 -2.672932e-42 -1.696232e-43 -1.005086e-44 -5.571718e-46 -2.893735e-47 -1.409477e-48 -6.443029e-50 -2.720516e-51 -5.827805e-53 -2.296323e-55 -1.499611e-58 -2.118467e-62 -8.319912e-67 -1.098938e-71 -5.629722e-77
4.566686e-74 8.469576e-69 6.096206e-64 1.476465e-59 9.944377e-56 1.449101e-52 3.500296e-50 1.556792e-48 3.519300e-47 7.349215e-46 1.439594e-44 2.642469e-43 4.538564e-42 7.279333e-41 1.087197e-39 1.505978e-38 1.923143e-37 2.242591e-36 2.348964e-35 2.139028e-34 1.560941e-33 6.463098e-33 -4.814558e-32 -1.631460e-30 -2.597136e-29 -3.216658e-28 -3.417809e-27 -3.230007e-26 -2.761574e-25 -2.155484e-24 -1.543843e-23 -1.017711e-22 -6.184911e-22 -3.468091e-21 -1.794791e-20 -8.571497e-20 -3.776259e-19 -1.533920e-18 -5.741415e-18 -1.979005e-17 -6.278415e-17 -1.832515e-16 -4.919718e-16 -1.214877e-15 -2.760222e-15 -5.773104e-15 -1.112386e-14 -1.976319e-14 -3.240092e-14 -4.904086e-14 -6.851039e-14 -8.820743e-14 -1.042840e-13 -1.123629e-13 -1.086744e-13 -9.128492e-14 -6.098200e-14 -2.144476e-14 2.144476e-14 6.098200e-14 9.128492e-14 1.086744e-13 1.123629e-13 1.042840e-13 8.820743e-14 6.851039e-14 4.904086e-14 3.240092e-14 1.976319e-14 1.112386e-14 5.773104e-15 2.760222e-15 1.214877e-15 4.919718e-16 1.832515e-16 6.278415e-17 1.979005e-17 5.741415e-18 1.533920e-18 3.776259e-19 8.571497e-20 1.794791e-20 3.468091e-21 6.184911e-22 1.017711e-22 1.543843e-23 2.155484e-24 2.761574e-25 3.230007e-26 3.417809e-27 3.216658e-28 2.597136e-29 1.631460e-30 4.814558e-32 -6.463098e-33 -1.560941e-33 -2.139028e-34 -2.348964e-35 -2.242591e-36 -1.923143e-37 -1.505978e-38 -1.087197e-39 -7.279333e-41 -4.538564e-42 -2.642469e-43 -1.439594e-44 -7.349215e-46 -3.519300e-47 -1.556792e-48 -3.500296e-50 -1.449101e-52 -9.944377e-56 -1.476465e-59 -6.096206e-64 -8.469576e-69 -4.566686e-74
5.848102e-72 1.031618e-66 7.066090e-62 1.629116e-57 1.044691e-53 1.449405e-50 3.333239e-48 1.412668e-46 3.048308e-45 6.075145e-44 1.134757e-42 1.983649e-41 3.238502e-40 4.923564e-39 6.941495e-38 9.018429e-37 1.068906e-35 1.135555e-34 1.043342e-33 7.557037e-33 2.773765e-32 -3.364858e-31 -9.881410e-30 -1.561907e-28 -1.957421e-27 -2.118517e-26 -2.046244e-25 -1.791880e-24 -1.434757e-23 -1.055545e-22 -7.155276e-22 -4.476207e-21 -2.586200e-20 -1.380324e-19 -6.804632e-19 -3.097133e-18 -1.300780e-17 -5.037980e-17 -1.798172e-16 -5.911070e-16 -1.788765e-15 -4.981592e-15 -1.276726e-14 -3.012031e-14 -6.545052e-14 -1.311150e-13 -2.424234e-13 -4.142143e-13 -6.548008e-13 -9.584533e-13 -1.299054e-12 -1.628269e-12 -1.880849e-12 -1.987436e-12 -1.892294e-12 -1.570848e-12 -1.041145e-12 -3.646829e-13 3.646829e-13 1.041145e-12 1.570848e-12 1.892294e-12 1.987436e-12 1.880849e-12 1.628269e-12 1.299054e-12 9.584533e-13 6.548008e-13 4.142143e-13 2.424234e-13 1.311150e-13 6.545052e-14 3.012031e-14 1.276726e-14 4.981592e-15 1.788765e-15 5.911070e-16 1.798172e-16 5.037980e-17 1.300780e-17 3.097133e-18 6.804632e-19 1.380324e-19 2.586200e-20 4.476207e-21 7.155276e-22 1.055545e-22 1.434757e-23 1.791880e-24 2.046244e-25 2.118517e-26 1.957421e-27 1.561907e-28 9.881410e-30 3.364858e-31 -2.773765e-32 -7.557037e-33 -1.043342e-33 -1.135555e-34 -1.068906e-35 -9.018429e-37 -6.941495e-38 -4.923564e-39 -3.238502e-40 -1.983649e-41 -1.134757e-42 -6.075145e-44 -3.048308e-45 -1.412668e-46 -3.333239e-48 -1.449405e-50 -1.044691e-53 -1.629116e-57 -7.066090e-62 -1.031618e-66 -5.848102e-72
2.094754e-70 3.522379e-65 2.300783e-60 5.059840e-56 3.095222e-52 4.096056e-49 8.983600e-47 3.633687e-45 7.494880e-44 1.427179e-42 2.544093e-41 4.236823e-40 6.572461e-39 9.457042e-38 1.254135e-36 1.517158e-35 1.644142e-34 1.538177e-33 1.126897e-32 3.959963e-32 -5.888589e-31 -1.684826e-29 -2.703718e-28 -3.464030e-27 -3.843739e-26 -3.812820e-25 -3.433387e-24 -2.830056e-23 -2.145534e-22 -1.500197e-21 -9.689637e-21 -5.785525e-20 -3.194109e-19 -1.630279e-18 -7.689524e-18 -3.349721e-17 -1.346768e-16 -4.993937e-16 -1.706737e-15 -5.373020e-15 -1.557514e-14 -4.156701e-14 -1.021521e-13 -2.312924e-13 -4.829310e-13 -9.310219e-13 -1.659719e-12 -2.740299e-12 -4.196464e-12 -5.966803e-12 -7.879022e-12 -9.651273e-12 -1.092966e-11 -1.135926e-11 -1.067274e-11 -8.771794e-12 -5.775299e-12 -2.016196e-12 2.016196e-12 5.775299e-12 8.771794e-12 1.067274e-11 1.135926e-11 1.092966e-11 9.651273e-12 7.879022e-12 5.966803e-12 4.196464e-12 2.740299e-12 1.659719e-12 9.310219e-13 4.829310e-13 2.312924e-13 1.021521e-13 4.156701e-14 1.557514e-14 5.373020e-15 1.706737e-15 4.993937e-16 1.346768e-16 3.349721e-17 7.689524e-18 1.630279e-18 3.194109e-19 5.785525e-20 9.689637e-21 1.500197e-21 2.145534e-22 2.830056e-23 3.433387e-24 3.812820e-25 3.843739e-26 3.464030e-27 2.703718e-28 1.684826e-29 5.888589e-31 -3.959963e-32 -1.126897e-32 -1.538177e-33 -1.644142e-34 -1.517158e-35 -1.254135e-36 -9.457042e-38 -6.572461e-39 -4.236823e-40 -2.544093e-41 -1.427179e-42 -7.494880e-44 -3.633687e-45 -8.983600e-47 -4.096056e-49 -3.095222e-52 -5.059840e-56 -2.300783e-60 -3.522379e-65 -2.094754e-70
5.872808e-69 9.428331e-64 5.881573e-59 1.235470e-54 7.218373e-51 9.121212e-48 1.909556e-45 7.376581e-44 1.455050e-42 2.647667e-41 4.502598e-40 7.135533e-39 1.049341e-37 1.422845e-36 1.760688e-35 1.952539e-34 1.869779e-33 1.401751e-32 5.009625e-32 -7.798928e-31 -2.278368e-29 -3.751395e-28 -4.938169e-27 -5.635066e-26 -5.753304e-25 -5.336730e-24 -4.535093e-23 -3.547548e-22 -2.561612e-21 -1.710105e-20 -1.056312e-19 -6.038407e-19 -3.194091e-18 -1.562734e-17 -7.067620e-17 -2.952572e-16 -1.138504e-15 -4.049030e-15 -1.327279e-14 -4.008206e-14 -1.114800e-13 -2.855747e-13 -6.740536e-13 -1.467152e-12 -2.948450e-12 -5.479457e-12 -9.434091e-12 -1.507663e-11 -2.240260e-11 -3.099027e-11 -3.992591e-11 -4.785697e-11 -5.319345e-11 -5.442845e-11 -5.050366e-11 -4.112066e-11 -2.690468e-11 -9.363253e-12 9.363253e-12 2.690468e-11 4.112066e-11 5.050366e-11 5.442845e-11 5.319345e-11 4.785697e-11 3.992591e-11 3.099027e-11 2.240260e-11 1.507663e-11 9.434091e-12 5.479457e-12 2.948450e-12 1.467152e-12 6.740536e-13 2.855747e-13 1.114800e-13 4.008206e-14 1.327279e-14 4.049030e-15 1.138504e-15 2.952572e-16 7.067620e-17 1.562734e-17 3.194091e-18 6.038407e-19 1.056312e-19 1.710105e-20 2.561612e-21 3.547548e-22 4.535093e-23 5.336730e-24 5.753304e-25 5.635066e-26 4.938169e-27 3.751395e-28 2.278368e-29 7.798928e-31 -5.009625e-32 -1.401751e-32 -1.869779e-33 -1.952539e-34 -1.760688e-35 -1.422845e-36 -1.049341e-37 -7.135533e-39 -4.502598e-40 -2.647667e-41 -1.455050e-42 -7.376581e-44 -1.909556e-45 -9.121212e-48 -7.218373e-51 -1.235470e-54 -5.881573e-59 -9.428331e-64 -5.872808e-69
1.545429e-67 2.370015e-62 1.412510e-57 2.834644e-53 1.581850e-49 1.908204e-46 3.811406e-44 1.405050e-42 2.647552e-41 4.596036e-40 7.437812e-39 1.117417e-37 1.548535e-36 1.959268e-35 2.222449e-34 2.177580e-33 1.670148e-32 6.077630e-32 -9.854446e-31 -2.941339e-29 -4.967158e-28 -6.714009e-27 -7.873814e-26 -8.268217e-25 -7.894248e-24 -6.910324e-23 -5.572616e-22 -4.151564e-21 -2.861837e-20 -1.826839e-19 -1.080145e-18 -5.914600e-18 -2.998094e-17 -1.405953e-16 -6.095031e-16 -2.440645e-15 -9.019856e-15 -3.074182e-14 -9.656528e-14 -2.794418e-13 -7.448764e-13 -1.829373e-12 -4.142229e-12 -8.657016e-12 -1.672581e-11 -2.993195e-11 -4.972310e-11 -7.684517e-11 -1.107067e-10 -1.488893e-10 -1.870348e-10 -2.192586e-10 -2.390888e-10 -2.407595e-10 -2.205545e-10 -1.778588e-10 -1.156262e-10 -4.011081e-11 4.011081e-11 1.156262e-10 1.778588e-10 2.205545e-10 2.407595e-10 2.390888e-10 2.192586e-10 1.870348e-10 1.488893e-10 1.107067e-10 7.684517e-11 4.972310e-11 2.993195e-11 1.672581e-11 8.657016e-12 4.142229e-12 1.829373e-12 7.448764e-13 2.794418e-13 9.656528e-14 3.074182e-14 9.019856e-15 2.440645e-15 6.095031e-16 1.405953e-16 2.998094e-17 5.914600e-18 1.080145e-18 1.826839e-19 2.861837e-20 4.151564e-21 5.572616e-22 6.910324e-23 7.894248e-24 8.268217e-25 7.873814e-26 6.714009e-27 4.967158e-28 2.941339e-29 9.854446e-31 -6.077630e-32 -1.670148e-32 -2.177580e-33 -2.222449e-34 -1.959268e-35 -1.548535e-36 -1.117417e-37 -7.437812e-39 -4.596036e-40 -2.647552e-41 -1.405050e-42 -3.811406e-44 -1.908204e-46 -1.581850e-49 -2.834644e-53 -1.412510e-57 -2.370015e-62 -1.545429e-67
3.815592e-66 5.591616e-61 3.184564e-56 6.105690e-52 3.253667e-48 3.745141e-45 7.130870e-43 2.505498e-41 4.502388e-40 7.437811e-39 1.141072e-37 1.615457e-36 2.088936e-35 2.422661e-34 2.427763e-33 1.904402e-32 7.062038e-32 -1.187817e-30 -3.623517e-29 -6.273340e-28 -8.702052e-27 -1.048122e-25 -1.131205e-24 -1.110851e-23 -1.000867e-22 -8.313683e-22 -6.384590e-21 -4.540360e-20 -2.992351e-19 -1.828131e-18 -1.035168e-17 -5.430439e-17 -2.637548e-16 -1.185129e-15 -4.922124e-15 -1.887862e-14 -6.681027e-14 -2.179921e-13 -6.554064e-13 -1.815163e-12 -4.630954e-12 -1.088874e-11 -2.361852e-11 -4.732973e-11 -8.779482e-11 -1.511020e-10 -2.419042e-10 -3.611512e-10 -5.039485e-10 -6.583510e-10 -8.057593e-10 -9.231711e-10 -9.869914e-10 -9.776264e-10 -8.838155e-10 -7.056790e-10 -4.557320e-10 -1.575704e-10 1.575704e-10 4.557320e-10 7.056790e-10 8.838155e-10 9.776264e-10 9.869914e-10 9.231711e-10 8.057593e-10 6.583510e-10 5.039485e-10 3.611512e-10 2.419042e-10 1.511020e-10 8.779482e-11 4.732973e-11 2.361852e-11 1.088874e-11 4.630954e-12 1.815163e-12 6.554064e-13 2.179921e-13 6.681027e-14 1.887862e-14 4.922124e-15 1.185129e-15 2.637548e-16 5.430439e-17 1.035168e-17 1.828131e-18 2.992351e-19 4.540360e-20 6.384590e-21 8.313683e-22 1.000867e-22 1.110851e-23 1.131205e-24 1.048122e-25 8.702052e-27 6.273340e-28 3.623517e-29 1.187817e-30 -7.062038e-32 -1.904402e-32 -2.427763e-33 -2.422661e-34 -2.088936e-35 -1.615457e-36 -1.141072e-37 -7.437811e-39 -4.502388e-40 -2.505498e-41 -7.130870e-43 -3.745141e-45 -3.253667e-48 -6.105690e-52 -3.184564e-56 -5.591616e-61 -3.815592e-66
8.838916e-65 1.238072e-59 6.738298e-55 1.234063e-50 6.277017e-47 6.888653e-44 1.248723e-41 4.174076e-40 7.135174e-39 1.117417e-37 1.615457e-36 2.134024e-35 2.529383e-34 2.591363e-33 2.078411e-32 7.860504e-32 -1.366145e-30 -4.260706e-29 -7.559239e-28 -1.075502e-26 -1.329599e-25 -1.473886e-24 -1.487604e-23 -1.378531e-22 -1.178551e-21 -9.322165e-21 -6.833178e-20 -4.645356e-19 -2.929655e-18 -1.713768e-17 -9.294675e-17 -4.670637e-16 -2.172810e-15 -9.349112e-15 -3.717053e-14 -1.364228e-13 -4.617923e-13 -1.440632e-12 -4.139820e-12 -1.095592e-11 -2.670874e-11 -6.002209e-11 -1.245033e-10 -2.388185e-10 -4.246197e-10 -7.017306e-10 -1.081064e-09 -1.556998e-09 -2.101719e-09 -2.663934e-09 -3.173236e-09 -3.549865e-09 -3.718012e-09 -3.619911e-09 -3.227684e-09 -2.550529e-09 -1.635777e-09 -5.636163e-10 5.636163e-10 1.635777e-09 2.550529e-09 3.227684e-09 3.619911e-09 3.718012e-09 3.549865e-09 3.173236e-09 2.663934e-09 2.101719e-09 1.556998e-09 1.081064e-09 7.017306e-10 4.246197e-10 2.388185e-10 1.245033e-10 6.002209e-11 2.670874e-11 1.095592e-11 4.139820e-12 1.440632e-12 4.617923e-13 1.364228e-13 3.717053e-14 9.349112e-15 2.172810e-15 4.670637e-16 9.294675e-17 1.713768e-17 2.929655e-18 4.645356e-19 6.833178e-20 9.322165e-21 1.178551e-21 1.378531e-22 1.487604e-23 1.473886e-24 1.329599e-25 1.075502e-26 7.559239e-28 4.260706e-29 1.366145e-30 -7.860504e-32 -2.078411e-32 -2.591363e-33 -2.529383e-34 -2.134024e-35 -1.615457e-36 -1.117417e-37 -7.135174e-39 -4.174076e-40 -1.248723e-41 -6.888653e-44 -6.277017e-47 -1.234063e-50 -6.738298e-55 -1.238072e-59 -8.838916e-65
1.920927e-63 2.571923e-58 1.337489e-53 2.338849e-49 1.134666e-45 1.185776e-42 2.042544e-40 6.477717e-39 1.049284e-37 1.548535e-36 2.088936e-35 2.529383e-34 2.648292e-33 2.171247e-32 8.381917e-32 -1.499520e-30 -4.782744e-29 -8.692308e-28 -1.267808e-26 -1.607788e-25 -1.829417e-24 -1.896509e-23 -1.806287e-22 -1.588227e-21 -1.292923e-20 -9.760552e-20 -6.838737e-19 -4.448272e-18 -2.685705e-17 -1.504467e-16 -7.813926e-16 -3.759666e-15 -1.674170e-14 -6.892330e-14 -2.620506e-13 -9.192011e-13 -2.971964e-12 -8.850528e-12 -2.426593e-11 -6.124999e-11 -1.423934e-10 -3.052071e-10 -6.041434e-10 -1.106923e-09 -1.882571e-09 -2.981457e-09 -4.411604e-09 -6.118540e-09 -7.976192e-09 -9.793611e-09 -1.133775e-08 -1.236801e-08 -1.267539e-08 -1.211826e-08 -1.064827e-08 -8.322167e-09 -5.298277e-09 -1.818838e-09 1.818838e-09 5.298277e-09 8.322167e-09 1.064827e-08 1.211826e-08 1.267539e-08 1.236801e-08 1.133775e-08 9.793611e-09 7.976192e-09 6.118540e-09 4.411604e-09 2.981457e-09 1.882571e-09 1.106923e-09 6.041434e-10 3.052071e-10 1.423934e-10 6.124999e-11 2.426593e-11 8.850528e-12 2.971964e-12 9.192011e-13 2.620506e-13 6.892330e-14 1.674170e-14 3.759666e-15 7.813926e-16 1.504467e-16 2.685705e-17 4.448272e-18 6.838737e-19 9.760552e-20 1.292923e-20 1.588227e-21 1.806287e-22 1.896509e-23 1.829417e-24 1.607788e-25 1.267808e-26 8.692308e-28 4.782744e-29 1.499520e-30 -8.381917e-32 -2.171247e-32 -2.648292e-33 -2.529383e-34 -2.088936e-35 -1.548535e-36 -1.049284e-37 -6.477717e-39 -2.042544e-40 -1.185776e-42 -1.134666e-45 -2.338849e-49 -1.337489e-53 -2.571923e-58 -1.920927e-63
3.915400e-62 5.010389e-57 2.488684e-52 4.152410e-48 1.919170e-44 1.906411e-41 3.111852e-39 9.324902e-38 1.422761e-36 1.959267e-35 2.422661e-34 2.591363e-33 2.171247e-32 8.563235e-32 -1.570967e-30 -5.125928e-29 -9.539737e-28 -1.425699e-26 -1.853657e-25 -2.163695e-24 -2.302411e-23 -2.252312e-22 -2.035377e-21 -1.704036e-20 -1.323868e-19 -9.552237e-19 -6.402914e-18 -3.986584e-17 -2.304506e-16 -1.235967e-15 -6.144771e-15 -2.828989e-14 -1.204755e-13 -4.740266e-13 -1.721234e-12 -5.761532e-12 -1.776185e-11 -5.039502e-11 -1.315480e-10 -3.159571e-10 -6.987489e-10 -1.424806e-09 -2.684314e-09 -4.685452e-09 -7.602395e-09 -1.150862e-08 -1.631554e-08 -2.173857e-08 -2.730536e-08 -3.240801e-08 -3.638806e-08 -3.863514e-08 -3.867894e-08 -3.625840e-08 -3.135915e-08 -2.421760e-08 -1.529520e-08 -5.229657e-09 5.229657e-09 1.529520e-08 2.421760e-08 3.135915e-08 3.625840e-08 3.867894e-08 3.863514e-08 3.638806e-08 3.240801e-08 2.730536e-08 2.173857e-08 1.631554e-08 1.150862e-08 7.602395e-09 4.685452e-09 2.684314e-09 1.424806e-09 6.987489e-10 3.159571e-10 1.315480e-10 5.039502e-11 1.776185e-11 5.761532e-12 1.721234e-12 4.740266e-13 1.204755e-13 2.828989e-14 6.144771e-15 1.235967e-15 2.304506e-16 3.986584e-17 6.402914e-18 9.552237e-19 1.323868e-19 1.704036e-20 2.035377e-21 2.252312e-22 2.302411e-23 2.163695e-24 1.853657e-25 1.425699e-26 9.539737e-28 5.125928e-29 1.570967e-30 -8.563235e-32 -2.171247e-32 -2.591363e-33 -2.422661e-34 -1.959267e-35 -1.422761e-36 -9.324902e-38 -3.111852e-39 -1.906411e-41 -1.919170e-44 -4.152410e-48 -2.488684e-52 -5.010389e-57 -3.915400e-62
7.481578e-61 9.147211e-56 4.336773e-51 6.896704e-47 3.031510e-43 2.854833e-40 4.397689e-38 1.237258e-36 1.760573e-35 2.222448e-34 2.427763e-33 2.078411e-32 8.381917e-32 -1.570967e-30 -5.245665e-29 -9.993695e-28 -1.529642e-26 -2.037941e-25 -2.438914e-24 -2.662372e-23 -2.673348e-22 -2.481282e-21 -2.134935e-20 -1.705696e-19 -1.266471e-18 -8.741501e-18 -5.608072e-17 -3.342558e-16 -1.849584e-15 -9.493031e-15 -4.514491e-14 -1.986885e-13 -8.082593e-13 -3.035179e-12 -1.050819e-11 -3.350266e-11 -9.826933e-11 -2.650037e-10 -6.568564e-10 -1.496933e-09 -3.139568e-09 -6.070582e-09 -1.084897e-08 -1.797917e-08 -2.773628e-08 -3.999795e-08 -5.414551e-08 -6.907632e-08 -8.333090e-08 -9.530217e-08 -1.034732e-07 -1.066301e-07 -1.040128e-07 -9.538766e-08 -8.104741e-08 -6.175496e-08 -3.865276e-08 -1.315628e-08 1.315628e-08 3.865276e-08 6.175496e-08 8.104741e-08 9.538766e-08 1.040128e-07 1.066301e-07 1.034732e-07 9.530217e-08 8.333090e-08 6.907632e-08 5.414551e-08 3.999795e-08 2.773628e-08 1.797917e-08 1.084897e-08 6.070582e-09 3.139568e-09 1.496933e-09 6.568564e-10 2.650037e-10 9.826933e-11 3.350266e-11 1.050819e-11 3.035179e-12 8.082593e-13 1.986885e-13 4.514491e-14 9.493031e-15 1.849584e-15 3.342558e-16 5.608072e-17 8.741501e-18 1.266471e-18 1.705696e-19 2.134935e-20 2.481282e-21 2.673348e-22 2.662372e-23 2.438914e-24 2.037941e-25 1.529642e-26 9.993695e-28 5.245665e-29 1.570967e-30 -8.381917e-32 -2.078411e-32 -2.427763e-33 -2.222448e-34 -1.760573e-35 -1.237258e-36 -4.397689e-38 -2.854833e-40 -3.031510e-43 -6.896704e-47 -4.336773e-51 -9.147211e-56 -7.481578e-61
1.339260e-59 1.563483e-54 7.068110e-50 1.069596e-45 4.460188e-42 3.966315e-39 5.729446e-37 1.497703e-35 1.952394e-34 2.177579e-33 1.904402e-32 7.860504e-32 -1.499520e-30 -5.125928e-29 -9.993695e-28 -1.565934e-26 -2.136788e-25 -2.620435e-24 -2.932823e-23 -3.021033e-22 -2.878126e-21 -2.543374e-20 -2.088257e-19 -1.594424e-18 -1.132385e-17 -7.479902e-17 -4.593125e-16 -2.620100e-15 -1.387137e-14 -6.808204e-14 -3.093981e-13 -1.300141e-12 -5.044745e-12 -1.804876e-11 -5.945924e-11 -1.801424e-10 -5.014152e-10 -1.281381e-09 -3.005995e-09 -6.476475e-09 -1.283169e-08 -2.342949e-08 -3.954612e-08 -6.194142e-08 -9.043147e-08 -1.236414e-07 -1.590521e-07 -1.933403e-07 -2.229089e-07 -2.444540e-07 -2.554265e-07 -2.543067e-07 -2.406723e-07 -2.150993e-07 -1.789613e-07 -1.341958e-07 -8.309179e-08 -2.812865e-08 2.812865e-08 8.309179e-08 1.341958e-07 1.789613e-07 2.150993e-07 2.406723e-07 2.543067e-07 2.554265e-07 2.444540e-07 2.229089e-07 1.933403e-07 1.590521e-07 1.236414e-07 9.043147e-08 6.194142e-08 3.954612e-08 2.342949e-08 1.283169e-08 6.476475e-09 3.005995e-09 1.281381e-09 5.014152e-10 1.801424e-10 5.945924e-11 1.804876e-11 5.044745e-12 1.300141e-12 3.093981e-13 6.808204e-14 1.387137e-14 2.620100e-15 4.593125e-16 7.479902e-17 1.132385e-17 1.594424e-18 2.088257e-19 2.543374e-20 2.878126e-21 3.021033e-22 2.932823e-23 2.620435e-24 2.136788e-25 1.565934e-26 9.993695e-28 5.125928e-29 1.499520e-30 -7.860504e-32 -1.904402e-32 -2.177579e-33 -1.952394e-34 -1.497703e-35 -5.729446e-37 -3.966315e-39 -4.460188e-42 -1.069596e-45 -7.068110e-50 -1.563483e-54 -1.339260e-59
2.243773e-58 2.498717e-53 1.075459e-48 1.544975e-44 6.089198e-41 5.082700e-38 6.814268e-36 1.624461e-34 1.869616e-33 1.670146e-32 7.062038e-32 -1.366145e-30 -4.782744e-29 -9.539737e-28 -1.529642e-26 -2.136788e-25 -2.683871e-24 -3.078098e-23 -3.250803e-22 -3.177043e-21 -2.881699e-20 -2.429970e-19 -1.906593e-18 -1.392349e-17 -9.462673e-17 -5.982091e-16 -3.515180e-15 -1.918150e-14 -9.708706e-14 -4.552181e-13 -1.974407e-12 -7.909536e-12 -2.921980e-11 -9.938676e-11 -3.107754e-10 -8.921561e-10 -2.348761e-09 -5.666939e-09 -1.252943e-08 -2.540265e-08 -4.730220e-08 -8.110905e-08 -1.285311e-07 -1.890741e-07 -2.594897e-07 -3.339997e-07 -4.052583e-07 -4.657221e-07 -5.089892e-07 -5.307464e-07 -5.291535e-07 -5.046901e-07 -4.596255e-07 -3.973222e-07 -3.215634e-07 -2.360374e-07 -1.440407e-07 -4.840330e-08 4.840330e-08 1.440407e-07 2.360374e-07 3.215634e-07 3.973222e-07 4.596255e-07 5.046901e-07 5.291535e-07 5.307464e-07 5.089892e-07 4.657221e-07 4.052583e-07 3.339997e-07 2.594897e-07 1.890741e-07 1.285311e-07 8.110905e-08 4.730220e-08 2.540265e-08 1.252943e-08 5.666939e-09 2.348761e-09 8.921561e-10 3.107754e-10 9.938676e-11 2.921980e-11 7.909536e-12 1.974407e-12 4.552181e-13 9.708706e-14 1.918150e-14 3.515180e-15 5.982091e-16 9.462673e-17 1.392349e-17 1.906593e-18 2.429970e-19 2.881699e-20 3.177043e-21 3.250803e-22 3.078098e-23 2.683871e-24 2.136788e-25 1.529642e-26 9.539737e-28 4.782744e-29 1.366145e-30 -7.062038e-32 -1.670146e-32 -1.869616e-33 -1.624461e-34 -6.814268e-36 -5.082700e-38 -6.089198e-41 -1.544975e-44 -1.075459e-48 -2.498717e-53 -2.243773e-58
3.513791e-57 3.727287e-52 1.523911e-47 2.070984e-43 7.671259e-40 5.952443e-37 7.272891e-35 1.521819e-33 1.401590e-32 6.077617e-32 -1.187817e-30 -4.260706e-29 -8.692308e-28 -1.425699e-26 -2.037941e-25 -2.620435e-24 -3.078098e-23 -3.331181e-22 -3.337851e-21 -3.105743e-20 -2.688029e-19 -2.165988e-18 -1.625413e-17 -1.135799e-16 -7.386985e-16 -4.468259e-15 -2.511259e-14 -1.309832e-13 -6.331743e-13 -2.832442e-12 -1.170631e-11 -4.462202e-11 -1.565936e-10 -5.050316e-10 -1.494307e-09 -4.050146e-09 -1.004336e-08 -2.276881e-08 -4.718697e-08 -8.946950e-08 -1.554922e-07 -2.484457e-07 -3.664624e-07 -5.014949e-07 -6.402229e-07 -7.667692e-07 -8.661996e-07 -9.275832e-07 -9.457398e-07 -9.214104e-07 -8.601285e-07 -7.703560e-07 -6.614803e-07 -5.421243e-07 -4.190108e-07 -2.964366e-07 -1.762860e-07 -5.845468e-08 5.845468e-08 1.762860e-07 2.964366e-07 4.190108e-07 5.421243e-07 6.614803e-07 7.703560e-07 8.601285e-07 9.214104e-07 9.457398e-07 9.275832e-07 8.661996e-07 7.667692e-07 6.402229e-07 5.014949e-07 3.664624e-07 2.484457e-07 1.554922e-07 8.946950e-08 4.718697e-08 2.276881e-08 1.004336e-08 4.050146e-09 1.494307e-09 5.050316e-10 1.565936e-10 4.462202e-11 1.170631e-11 2.832442e-12 6.331743e-13 1.309832e-13 2.511259e-14 4.468259e-15 7.386985e-16 1.135799e-16 1.625413e-17 2.165988e-18 2.688029e-19 3.105743e-20 3.337851e-21 3.331181e-22 3.078098e-23 2.620435e-24 2.037941e-25 1.425699e-26 8.692308e-28 4.260706e-29 1.187817e-30 -6.077617e-32 -1.401590e-32 -1.521819e-33 -7.272891e-35 -5.952443e-37 -7.671259e-40 -2.070984e-43 -1.523911e-47 -3.727287e-52 -3.513791e-57
5.134557e-56 5.176924e-51 2.003957e-46 2.562639e-42 8.841138e-39 6.270523e-36 6.730889e-34 1.118097e-32 5.008313e-32 -9.854459e-31 -3.623517e-29 -7.559239e-28 -1.267808e-26 -1.853657e-25 -2.438914e-24 -2.932823e-23 -3.250803e-22 -3.337851e-21 -3.184198e-20 -2.827073e-19 -2.338122e-18 -1.801883e-17 -1.293786e-16 -8.651124e-16 -5.383085e-15 -3.113923e-14 -1.672548e-13 -8.329817e-13 -3.840559e-12 -1.636451e-11 -6.432046e-11 -2.327414e-10 -7.737256e-10 -2.358275e-09 -6.577045e-09 -1.675365e-08 -3.892132e-08 -8.238558e-08 -1.588592e-07 -2.792623e-07 -4.484389e-07 -6.598993e-07 -8.937406e-07 -1.119729e-06 -1.304701e-06 -1.421174e-06 -1.453865e-06 -1.402184e-06 -1.278661e-06 -1.104577e-06 -9.046284e-07 -7.021123e-07 -5.155431e-07 -3.569233e-07 -2.314481e-07 -1.382038e-07 -7.140338e-08 -2.181502e-08 2.181502e-08 7.140338e-08 1.382038e-07 2.314481e-07 3.569233e-07 5.155431e-07 7.021123e-07 9.046284e-07 1.104577e-06 1.278661e-06 1.402184e-06 1.453865e-06 1.421174e-06 1.304701e-06 1.119729e-06 8.937406e-07 6.598993e-07 4.484389e-07 2.792623e-07 1.588592e-07 8.238558e-08 3.892132e-08 1.675365e-08 6.577045e-09 2.358275e-09 7.737256e-10 2.327414e-10 6.432046e-11 1.636451e-11 3.840559e-12 8.329817e-13 1.672548e-13 3.113923e-14 5.383085e-15 8.651124e-16 1.293786e-16 1.801883e-17 2.338122e-18 2.827073e-19 3.184198e-20 3.337851e-21 3.250803e-22 2.932823e-23 2.438914e-24 1.853657e-25 1.267808e-26 7.559239e-28 3.623517e-29 9.854459e-31 -5.008313e-32 -1.118097e-32 -6.730889e-34 -6.270523e-36 -8.841138e-39 -2.562639e-42 -2.003957e-46 -5.176924e-51 -5.134557e-56
6.984550e-55 6.672582e-50 2.433241e-45 2.903388e-41 9.185664e-38 5.760116e-35 4.948786e-33 3.987405e-32 -7.799627e-31 -2.941340e-29 -6.273340e-28 -1.075502e-26 -1.607788e-25 -2.163695e-24 -2.662372e-23 -3.021033e-22 -3.177043e-21 -3.105743e-20 -2.827073e-19 -2.398462e-18 -1.897116e-17 -1.398846e-16 -9.610798e-16 -6.148015e-15 -3.658134e-14 -2.022081e-13 -1.036873e-12 -4.924126e-12 -2.161806e-11 -8.756282e-11 -3.265123e-10 -1.118299e-09 -3.509556e-09 -1.006742e-08 -2.633336e-08 -6.266585e-08 -1.354069e-07 -2.652830e-07 -4.709106e-07 -7.576350e-07 -1.106366e-06 -1.470076e-06 -1.782982e-06 -1.979713e-06 -2.015456e-06 -1.878321e-06 -1.590313e-06 -1.198644e-06 -7.621981e-07 -3.382721e-07 2.702692e-08 3.035365e-07 4.774673e-07 5.489686e-07 5.283964e-07 4.325640e-07 2.817294e-07 9.761532e-08 -9.761532e-08 -2.817294e-07 -4.325640e-07 -5.283964e-07 -5.489686e-07 -4.774673e-07 -3.035365e-07 -2.702692e-08 3.382721e-07 7.621981e-07 1.198644e-06 1.590313e-06 1.878321e-06 2.015456e-06 1.979713e-06 1.782982e-06 1.470076e-06 1.106366e-06 7.576350e-07 4.709106e-07 2.652830e-07 1.354069e-07 6.266585e-08 2.633336e-08 1.006742e-08 3.509556e-09 1.118299e-09 3.265123e-10 8.756282e-11 2.161806e-11 4.924126e-12 1.036873e-12 2.022081e-13 3.658134e-14 6.148015e-15 9.610798e-16 1.398846e-16 1.897116e-17 2.398462e-18 2.827073e-19 3.105743e-20 3.177043e-21 3.021033e-22 2.662372e-23 2.163695e-24 1.607788e-25 1.075502e-26 6.273340e-28 2.941340e-29 7.799627e-31 -3.987405e-32 -4.948786e-33 -5.760116e-35 -9.185664e-38 -2.903388e-41 -2.433241e-45 -6.672582e-50 -6.984550e-55
8.815933e-54 7.942470e-49 2.707031e-44 2.971020e-40 8.364934e-37 4.276333e-34 1.946580e-32 -5.719364e-31 -2.278349e-29 -4.967158e-28 -8.702052e-27 -1.329599e-25 -1.829417e-24 -2.302411e-23 -2.673348e-22 -2.878126e-21 -2.881699e-20 -2.688029e-19 -2.338122e-18 -1.897116e-17 -1.435713e-16 -1.012950e-15 -6.657735e-15 -4.072318e-14 -2.315203e-13 -1.221595e-12 -5.972001e-12 -2.699844e-11 -1.126323e-10 -4.325942e-10 -1.525778e-09 -4.928449e-09 -1.453712e-08 -3.903724e-08 -9.514079e-08 -2.098008e-07 -4.173837e-07 -7.471808e-07 -1.201035e-06 -1.730697e-06 -2.232565e-06 -2.572191e-06 -2.631253e-06 -2.352127e-06 -1.757351e-06 -9.387699e-07 -2.637996e-08 8.478827e-07 1.578440e-06 2.100434e-06 2.390776e-06 2.459978e-06 2.339988e-06 2.072207e-06 1.698135e-06 1.253658e-06 7.667281e-07 2.578147e-07 -2.578147e-07 -7.667281e-07 -1.253658e-06 -1.698135e-06 -2.072207e-06 -2.339988e-06 -2.459978e-06 -2.390776e-06 -2.100434e-06 -1.578440e-06 -8.478827e-07 2.637996e-08 9.387699e-07 1.757351e-06 2.352127e-06 2.631253e-06 2.572191e-06 2.232565e-06 1.730697e-06 1.201035e-06 7.471808e-07 4.173837e-07 2.098008e-07 9.514079e-08 3.903724e-08 1.453712e-08 4.928449e-09 1.525778e-09 4.325942e-10 1.126323e-10 2.699844e-11 5.972001e-12 1.221595e-12 2.315203e-13 4.072318e-14 6.657735e-15 1.012950e-15 1.435713e-16 1.897116e-17 2.338122e-18 2.688029e-19 2.881699e-20 2.878126e-21 2.673348e-22 2.302411e-23 1.829417e-24 1.329599e-25 8.702052e-27 4.967158e-28 2.278349e-29 5.719364e-31 -1.946580e-32 -4.276333e-34 -8.364934e-37 -2.971020e-40 -2.707031e-44 -7.942470e-49 -8.815933e-54
1.027710e-52 8.667049e-48 2.724477e-43 2.676524e-39 6.249321e-36 1.892570e-33 -1.935432e-31 -1.653354e-29 -3.751273e-28 -6.714009e-27 -1.048122e-25 -1.473886e-24 -1.896509e-23 -2.252312e-22 -2.481282e-21 -2.543374e-20 -2.429970e-19 -2.165988e-18 -1.801883e-17 -1.398846e-16 -1.012950e-15 -6.836785e-15 -4.296522e-14 -2.510912e-13 -1.362511e-12 -6.853085e-12 -3.188665e-11 -1.369435e-10 -5.415077e-10 -1.966090e-09 -6.534601e-09 -1.981549e-08 -5.462369e-08 -1.363429e-07 -3.068371e-07 -6.197478e-07 -1.117901e-06 -1.790986e-06 -2.531876e-06 -3.129696e-06 -3.329203e-06 -2.939255e-06 -1.926192e-06 -4.341424e-07 1.271017e-06 2.893508e-06 4.191346e-06 5.024745e-06 5.363188e-06 5.262942e-06 4.831252e-06 4.190904e-06 3.453781e-06 2.705410e-06 1.999587e-06 1.359882e-06 7.850781e-07 2.562077e-07 -2.562077e-07 -7.850781e-07 -1.359882e-06 -1.999587e-06 -2.705410e-06 -3.453781e-06 -4.190904e-06 -4.831252e-06 -5.262942e-06 -5.363188e-06 -5.024745e-06 -4.191346e-06 -2.893508e-06 -1.271017e-06 4.341424e-07 1.926192e-06 2.939255e-06 3.329203e-06 3.129696e-06 2.531876e-06 1.790986e-06 1.117901e-06 6.197478e-07 3.068371e-07 1.363429e-07 5.462369e-08 1.981549e-08 6.534601e-09 1.966090e-09 5.415077e-10 1.369435e-10 3.188665e-11 6.853085e-12 1.362511e-12 2.510912e-13 4.296522e-14 6.836785e-15 1.012950e-15 1.398846e-16 1.801883e-17 2.165988e-18 2.429970e-19 2.543374e-20 2.481282e-21 2.252312e-22 1.896509e-23 1.473886e-24 1.048122e-25 6.714009e-27 3.751273e-28 1.653354e-29 1.935432e-31 -1.892570e-33 -6.249321e-36 -2.676524e-39 -2.724477e-43 -8.667049e-48 -1.027710e-52
1.098785e-51 8.567581e-47 2.423113e-42 2.002863e-38 3.015368e-35 -1.074289e-32 -6.082804e-30 -2.659924e-28 -4.937946e-27 -7.873813e-26 -1.131205e-24 -1.487604e-23 -1.806287e-22 -2.035377e-21 -2.134935e-20 -2.088257e-19 -1.906593e-18 -1.625413e-17 -1.293786e-16 -9.610798e-16 -6.657735e-15 -4.296522e-14 -2.579726e-13 -1.438899e-12 -7.442387e-12 -3.562309e-11 -1.574274e-10 -6.406482e-10 -2.393691e-09 -8.184344e-09 -2.551193e-08 -7.219588e-08 -1.845902e-07 -4.240754e-07 -8.698132e-07 -1.580500e-06 -2.519128e-06 -3.473069e-06 -4.046182e-06 -3.789946e-06 -2.438831e-06 -9.610586e-08 2.774375e-06 5.539944e-06 7.636361e-06 8.730431e-06 8.768242e-06 7.923968e-06 6.498792e-06 4.820777e-06 3.171372e-06 1.748673e-06 6.614664e-07 -5.812008e-08 -4.331465e-07 -5.213187e-07 -3.982108e-07 -1.470165e-07 1.470165e-07 3.982108e-07 5.213187e-07 4.331465e-07 5.812008e-08 -6.614664e-07 -1.748673e-06 -3.171372e-06 -4.820777e-06 -6.498792e-06 -7.923968e-06 -8.768242e-06 -8.730431e-06 -7.636361e-06 -5.539944e-06 -2.774375e-06 9.610586e-08 2.438831e-06 3.789946e-06 4.046182e-06 3.473069e-06 2.519128e-06 1.580500e-06 8.698132e-07 4.240754e-07 1.845902e-07 7.219588e-08 2.551193e-08 8.184344e-09 2.393691e-09 6.406482e-10 1.574274e-10 3.562309e-11 7.442387e-12 1.438899e-12 2.579726e-13 4.296522e-14 6.657735e-15 9.610798e-16 1.293786e-16 1.625413e-17 1.906593e-18 2.088257e-19 2.134935e-20 2.035377e-21 1.806287e-22 1.487604e-23 1.131205e-24 7.873813e-26 4.937946e-27 2.659924e-28 6.082804e-30 1.074289e-32 -3.015368e-35 -2.002863e-38 -2.423113e-42 -8.567581e-47 -1.098785e-51
1.065415e-50 7.508333e-46 1.808697e-41 1.026185e-37 -8.527760e-35 -4.124716e-31 -9.760752e-29 -3.412333e-27 -5.634762e-26 -8.268215e-25 -1.110851e-23 -1.378531e-22 -1.588227e-21 -1.704036e-20 -1.705696e-19 -1.594424e-18 -1.392349e-17 -1.135799e-16 -8.651124e-16 -6.148015e-15 -4.072318e-14 -2.510912e-13 -1.438899e-12 -7.649775e-12 -3.765094e-11 -1.711466e-10 -7.165321e-10 -2.754353e-09 -9.686507e-09 -3.103788e-08 -9.018235e-08 -2.362749e-07 -5.544371e-07 -1.155565e-06 -2.115968e-06 -3.352027e-06 -4.481732e-06 -4.816457e-06 -3.625435e-06 -6.140217e-07 3.723542e-06 8.222762e-06 1.159161e-05 1.296472e-05 1.214727e-05 9.543977e-06 5.905140e-06 2.033139e-06 -1.425427e-06 -4.072056e-06 -5.756469e-06 -6.515161e-06 -6.496254e-06 -5.890133e-06 -4.880770e-06 -3.619749e-06 -2.216859e-06 -7.456570e-07 7.456570e-07 2.216859e-06 3.619749e-06 4.880770e-06 5.890133e-06 6.496254e-06 6.515161e-06 5.756469e-06 4.072056e-06 1.425427e-06 -2.033139e-06 -5.905140e-06 -9.543977e-06 -1.214727e-05 -1.296472e-05 -1.159161e-05 -8.222762e-06 -3.723542e-06 6.140217e-07 3.625435e-06 4.816457e-06 4.481732e-06 3.352027e-06 2.115968e-06 1.155565e-06 5.544371e-07 2.362749e-07 9.018235e-08 3.103788e-08 9.686507e-09 2.754353e-09 7.165321e-10 1.711466e-10 3.765094e-11 7.649775e-12 1.438899e-12 2.510912e-13 4.072318e-14 6.148015e-15 8.651124e-16 1.135799e-16 1.392349e-17 1.594424e-18 1.705696e-19 1.704036e-20 1.588227e-21 1.378531e-22 1.110851e-23 8.268215e-25 5.634762e-26 3.412333e-27 9.760752e-29 4.124716e-31 8.527760e-35 -1.026185e-37 -1.808697e-41 -7.508333e-46 -1.065415e-50
