0.000000e+00 1.544927e-123 2.783197e-117 1.267568e-111 1.392212e-106 3.155177e-102 1.166675e-98 6.059769e-96 7.846181e-94 7.248671e-92 5.881904e-90 4.232110e-88 2.721462e-86 1.574264e-84 8.236224e-83 3.914803e-81 1.696902e-79 6.728671e-78 2.447113e-76 8.179989e-75 2.517488e-73 7.142969e-72 1.870346e-70 4.522705e-69 1.010378e-67 2.085621e-66 3.977323e-65 7.004362e-64 1.138304e-62 1.705324e-61 2.351772e-60 2.979865e-59 3.460317e-58 3.670157e-57 3.539018e-56 3.081863e-55 2.399131e-54 1.641379e-53 9.551426e-53 4.366771e-52 1.136449e-51 -4.276060e-51 -8.866166e-50 -7.928690e-49 -5.311415e-48 -2.947368e-47 -1.403931e-46 -5.831855e-46 -2.128861e-45 -6.854832e-45 -1.950272e-44 -4.905813e-44 -1.091147e-43 -2.145709e-43 -3.730281e-43 -5.733393e-43 -7.791976e-43 -9.365666e-43 -9.957708e-43 -9.365666e-43 -7.791976e-43 -5.733393e-43 -3.730281e-43 -2.145709e-43 -1.091147e-43 -4.905813e-44 -1.950272e-44 -6.854832e-45 -2.128861e-45 -5.831855e-46 -1.403931e-46 -2.947368e-47 -5.311415e-48 -7.928690e-49 -8.866166e-50 -4.276060e-51 1.136449e-51 4.366771e-52 9.551426e-53 1.641379e-53 2.399131e-54 3.081863e-55 3.539018e-56 3.670157e-57 3.460317e-58 2.979865e-59 2.351772e-60 1.705324e-61 1.138304e-62 7.004362e-64 3.977323e-65 2.085621e-66 1.010378e-67 4.522705e-69 1.870346e-70 7.142969e-72 2.517488e-73 8.179989e-75 2.447113e-76 6.728671e-78 1.696902e-79 3.914803e-81 8.236224e-83 1.574264e-84 2.721462e-86 4.232110e-88 5.881904e-90 7.248671e-92 7.846181e-94 6.059769e-96 1.166675e-98 3.155177e-102 1.392212e-106 1.267568e-111 2.783197e-117 1.544927e-123 0.000000e+00
0.000000e+00 4.322847e-117 5.147141e-111 1.742985e-105 1.518259e-100 2.842508e-96 8.931156e-93 4.025106e-90 4.599485e-88 3.800136e-86 2.785743e-84 1.825865e-82 1.076992e-80 5.748115e-79 2.788506e-77 1.234220e-75 4.999855e-74 1.858666e-72 6.354123e-71 2.001112e-69 5.813526e-68 1.559574e-66 3.866186e-65 8.860493e-64 1.877586e-62 3.678401e-61 6.659875e-60 1.113582e-58 1.717852e-57 2.441430e-56 3.190620e-55 3.824525e-54 4.190459e-53 4.176920e-52 3.761437e-51 3.027574e-50 2.138622e-49 1.278748e-48 5.904273e-48 1.374736e-47 -9.396798e-47 -1.657203e-45 -1.503530e-44 -1.047573e-43 -6.107228e-43 -3.075621e-42 -1.357549e-41 -5.289788e-41 -1.826200e-40 -5.595341e-40 -1.522549e-39 -3.680137e-39 -7.901525e-39 -1.507067e-38 -2.553927e-38 -3.846657e-38 -5.151609e-38 -6.137187e-38 -6.505720e-38 -6.137187e-38 -5.151609e-38 -3.846657e-38 -2.553927e-38 -1.507067e-38 -7.901525e-39 -3.680137e-39 -1.522549e-39 -5.595341e-40 -1.826200e-40 -5.289788e-41 -1.357549e-41 -3.075621e-42 -6.107228e-43 -1.047573e-43 -1.503530e-44 -1.657203e-45 -9.396798e-47 1.374736e-47 5.904273e-48 1.278748e-48 2.138622e-49 3.027574e-50 3.761437e-51 4.176920e-52 4.190459e-53 3.824525e-54 3.190620e-55 2.441430e-56 1.717852e-57 1.113582e-58 6.659875e-60 3.678401e-61 1.877586e-62 8.860493e-64 3.866186e-65 1.559574e-66 5.813526e-68 2.001112e-69 6.354123e-71 1.858666e-72 4.999855e-74 1.234220e-75 2.788506e-77 5.748115e-79 1.076992e-80 1.825865e-82 2.785743e-84 3.800136e-86 4.599485e-88 4.025106e-90 8.931156e-93 2.842508e-96 1.518259e-100 1.742985e-105 5.147141e-111 4.322847e-117 0.000000e+00
0.000000e+00 3.269086e-111 2.894166e-105 7.772681e-100 5.593217e-95 8.897771e-91 2.424993e-87 9.633155e-85 9.835798e-83 7.340581e-81 4.901390e-79 2.946474e-77 1.603394e-75 7.934198e-74 3.583773e-72 1.482277e-70 5.628756e-69 1.966660e-67 6.333444e-66 1.882540e-64 5.170077e-63 1.312867e-61 3.083991e-60 6.702752e-59 1.347727e-57 2.506111e-56 4.306842e-55 6.833510e-54 9.996502e-53 1.345700e-51 1.662774e-50 1.879256e-49 1.933192e-48 1.797084e-47 1.492589e-46 1.085999e-45 6.650406e-45 3.079638e-44 5.983994e-44 -7.406809e-43 -1.182884e-41 -1.091411e-40 -7.894741e-40 -4.820740e-39 -2.557198e-38 -1.194263e-37 -4.943747e-37 -1.820267e-36 -5.971312e-36 -1.746534e-35 -4.555843e-35 -1.059955e-34 -2.199861e-34 -4.074039e-34 -6.735862e-34 -9.949025e-34 -1.313682e-33 -1.551642e-33 -1.640098e-33 -1.551642e-33 -1.313682e-33 -9.949025e-34 -6.735862e-34 -4.074039e-34 -2.199861e-34 -1.059955e-34 -4.555843e-35 -1.746534e-35 -5.971312e-36 -1.820267e-36 -4.943747e-37 -1.194263e-37 -2.557198e-38 -4.820740e-39 -7.894741e-40 -1.091411e-40 -1.182884e-41 -7.406809e-43 5.983994e-44 3.079638e-44 6.650406e-45 1.085999e-45 1.492589e-46 1.797084e-47 1.933192e-48 1.879256e-49 1.662774e-50 1.345700e-51 9.996502e-53 6.833510e-54 4.306842e-55 2.506111e-56 1.347727e-57 6.702752e-59 3.083991e-60 1.312867e-61 5.170077e-63 1.882540e-64 6.333444e-66 1.966660e-67 5.628756e-69 1.482277e-70 3.583773e-72 7.934198e-74 1.603394e-75 2.946474e-77 4.901390e-79 7.340581e-81 9.835798e-83 9.633155e-85 2.424993e-87 8.897771e-91 5.593217e-95 7.772681e-100 2.894166e-105 3.269086e-111 0.000000e+00
0.000000e+00 6.514550e-106 4.574054e-100 1.014818e-94 6.205013e-90 8.561864e-86 2.056090e-82 7.288848e-80 6.716526e-78 4.565193e-76 2.795503e-74 1.550214e-72 7.820457e-71 3.602776e-69 1.520515e-67 5.894447e-66 2.103492e-64 6.922321e-63 2.103699e-61 5.910168e-60 1.536142e-58 3.695597e-57 8.230905e-56 1.697033e-54 3.237888e-53 5.713215e-52 9.313602e-51 1.400775e-49 1.940015e-48 2.467755e-47 2.872820e-46 3.045253e-45 2.917254e-44 2.495387e-43 1.865756e-42 1.166170e-41 5.371813e-41 7.572699e-41 -1.875351e-39 -2.808391e-38 -2.638794e-37 -1.978097e-36 -1.261596e-35 -7.025322e-35 -3.458191e-34 -1.514343e-33 -5.918708e-33 -2.068108e-32 -6.465293e-32 -1.808847e-31 -4.529821e-31 -1.015589e-30 -2.039316e-30 -3.669906e-30 -5.923725e-30 -8.584653e-30 -1.118029e-29 -1.309589e-29 -1.380390e-29 -1.309589e-29 -1.118029e-29 -8.584653e-30 -5.923725e-30 -3.669906e-30 -2.039316e-30 -1.015589e-30 -4.529821e-31 -1.808847e-31 -6.465293e-32 -2.068108e-32 -5.918708e-33 -1.514343e-33 -3.458191e-34 -7.025322e-35 -1.261596e-35 -1.978097e-36 -2.638794e-37 -2.808391e-38 -1.875351e-39 7.572699e-41 5.371813e-41 1.166170e-41 1.865756e-42 2.495387e-43 2.917254e-44 3.045253e-45 2.872820e-46 2.467755e-47 1.940015e-48 1.400775e-49 9.313602e-51 5.713215e-52 3.237888e-53 1.697033e-54 8.230905e-56 3.695597e-57 1.536142e-58 5.910168e-60 2.103699e-61 6.922321e-63 2.103492e-64 5.894447e-66 1.520515e-67 3.602776e-69 7.820457e-71 1.550214e-72 2.795503e-74 4.565193e-76 6.716526e-78 7.288848e-80 2.056090e-82 8.561864e-86 6.205013e-90 1.014818e-94 4.574054e-100 6.514550e-106 0.000000e+00
0.000000e+00 3.015003e-101 1.748814e-95 3.296817e-90 1.748456e-85 2.125724e-81 4.553994e-78 1.455105e-75 1.220063e-73 7.604200e-72 4.294937e-70 2.207719e-68 1.036756e-66 4.462159e-65 1.764844e-63 6.428558e-62 2.160437e-60 6.708185e-59 1.926525e-57 5.121401e-56 1.260845e-54 2.875338e-53 6.073618e-52 1.187937e-50 2.150058e-49 3.597429e-48 5.556664e-47 7.908253e-46 1.034300e-44 1.238571e-43 1.350902e-42 1.331448e-41 1.170751e-40 8.974144e-40 5.704620e-39 2.587942e-38 1.742408e-38 -1.282501e-36 -1.840044e-35 -1.761926e-34 -1.366341e-33 -9.078286e-33 -5.290637e-32 -2.735452e-31 -1.262270e-30 -5.214844e-30 -1.931918e-29 -6.422694e-29 -1.916747e-28 -5.135828e-28 -1.235842e-27 -2.671894e-27 -5.193926e-27 -9.087115e-27 -1.432616e-26 -2.037787e-26 -2.618377e-26 -3.042091e-26 -3.197819e-26 -3.042091e-26 -2.618377e-26 -2.037787e-26 -1.432616e-26 -9.087115e-27 -5.193926e-27 -2.671894e-27 -1.235842e-27 -5.135828e-28 -1.916747e-28 -6.422694e-29 -1.931918e-29 -5.214844e-30 -1.262270e-30 -2.735452e-31 -5.290637e-32 -9.078286e-33 -1.366341e-33 -1.761926e-34 -1.840044e-35 -1.282501e-36 1.742408e-38 2.587942e-38 5.704620e-39 8.974144e-40 1.170751e-40 1.331448e-41 1.350902e-42 1.238571e-43 1.034300e-44 7.908253e-46 5.556664e-47 3.597429e-48 2.150058e-49 1.187937e-50 6.073618e-52 2.875338e-53 1.260845e-54 5.121401e-56 1.926525e-57 6.708185e-59 2.160437e-60 6.428558e-62 1.764844e-63 4.462159e-65 1.036756e-66 2.207719e-68 4.294937e-70 7.604200e-72 1.220063e-73 1.455105e-75 4.553994e-78 2.125724e-81 1.748456e-85 3.296817e-90 1.748814e-95 3.015003e-101 0.000000e+00
0.000000e+00 2.625093e-97 1.293807e-91 2.115594e-86 9.886073e-82 1.072199e-77 2.069676e-74 6.009566e-72 4.616331e-70 2.653507e-68 1.389111e-66 6.646177e-65 2.915556e-63 1.175839e-61 4.369286e-60 1.498616e-58 4.751253e-57 1.393931e-55 3.787338e-54 9.534715e-53 2.224661e-51 4.810447e-50 9.636814e-49 1.787456e-47 3.066665e-46 4.859788e-45 7.099738e-44 9.536143e-43 1.173197e-41 1.314824e-40 1.331237e-39 1.201166e-38 9.418011e-38 6.066072e-37 2.677331e-36 -9.251962e-37 -1.862084e-34 -2.596965e-33 -2.535291e-32 -2.030650e-31 -1.402305e-30 -8.529165e-30 -4.617592e-29 -2.237649e-28 -9.734799e-28 -3.807875e-27 -1.340203e-26 -4.245477e-26 -1.210681e-25 -3.108803e-25 -7.191580e-25 -1.499907e-24 -2.823549e-24 -4.804191e-24 -7.399680e-24 -1.033363e-23 -1.310254e-23 -1.510110e-23 -1.583156e-23 -1.510110e-23 -1.310254e-23 -1.033363e-23 -7.399680e-24 -4.804191e-24 -2.823549e-24 -1.499907e-24 -7.191580e-25 -3.108803e-25 -1.210681e-25 -4.245477e-26 -1.340203e-26 -3.807875e-27 -9.734799e-28 -2.237649e-28 -4.617592e-29 -8.529165e-30 -1.402305e-30 -2.030650e-31 -2.535291e-32 -2.596965e-33 -1.862084e-34 -9.251962e-37 2.677331e-36 6.066072e-37 9.418011e-38 1.201166e-38 1.331237e-39 1.314824e-40 1.173197e-41 9.536143e-43 7.099738e-44 4.859788e-45 3.066665e-46 1.787456e-47 9.636814e-49 4.810447e-50 2.224661e-51 9.534715e-53 3.787338e-54 1.393931e-55 4.751253e-57 1.498616e-58 4.369286e-60 1.175839e-61 2.915556e-63 6.646177e-65 1.389111e-66 2.653507e-68 4.616331e-70 6.009566e-72 2.069676e-74 1.072199e-77 9.886073e-82 2.115594e-86 1.293807e-91 2.625093e-97 0.000000e+00
0.000000e+00 3.378310e-94 1.444402e-88 2.081311e-83 8.677248e-79 8.480316e-75 1.487246e-71 3.951558e-69 2.797233e-67 1.490270e-65 7.261698e-64 3.245613e-62 1.334162e-60 5.055203e-59 1.768777e-57 5.723194e-56 1.714422e-54 4.758406e-53 1.224323e-51 2.920981e-50 6.461716e-49 1.325007e-47 2.516920e-46 4.424627e-45 7.188297e-44 1.077107e-42 1.484503e-41 1.874586e-40 2.156594e-39 2.240666e-38 2.072063e-37 1.659276e-36 1.079997e-35 4.583177e-35 -7.822760e-35 -4.415974e-33 -6.062374e-32 -6.041563e-31 -4.993903e-30 -3.578613e-29 -2.266964e-28 -1.282022e-27 -6.506429e-27 -2.971724e-26 -1.223265e-25 -4.541231e-25 -1.520865e-24 -4.595594e-24 -1.253225e-23 -3.085708e-23 -6.865393e-23 -1.381879e-22 -2.520172e-22 -4.171757e-22 -6.279990e-22 -8.612865e-22 -1.077920e-21 -1.232593e-21 -1.288818e-21 -1.232593e-21 -1.077920e-21 -8.612865e-22 -6.279990e-22 -4.171757e-22 -2.520172e-22 -1.381879e-22 -6.865393e-23 -3.085708e-23 -1.253225e-23 -4.595594e-24 -1.520865e-24 -4.541231e-25 -1.223265e-25 -2.971724e-26 -6.506429e-27 -1.282022e-27 -2.266964e-28 -3.578613e-29 -4.993903e-30 -6.041563e-31 -6.062374e-32 -4.415974e-33 -7.822760e-35 4.583177e-35 1.079997e-35 1.659276e-36 2.072063e-37 2.240666e-38 2.156594e-39 1.874586e-40 1.484503e-41 1.077107e-42 7.188297e-44 4.424627e-45 2.516920e-46 1.325007e-47 6.461716e-49 2.920981e-50 1.224323e-51 4.758406e-53 1.714422e-54 5.723194e-56 1.768777e-57 5.055203e-59 1.334162e-60 3.245613e-62 7.261698e-64 1.490270e-65 2.797233e-67 3.951558e-69 1.487246e-71 8.480316e-75 8.677248e-79 2.081311e-83 1.444402e-88 3.378310e-94 0.000000e+00
0.000000e+00 7.160076e-92 2.699704e-86 3.473355e-81 1.305893e-76 1.160389e-72 1.862997e-69 4.558987e-67 2.990788e-65 1.484135e-63 6.760492e-62 2.833423e-60 1.095074e-58 3.909904e-57 1.291555e-55 3.951596e-54 1.120734e-52 2.948054e-51 7.194252e-50 1.628725e-48 3.419733e-47 6.655093e-46 1.199255e-44 1.998255e-43 3.072614e-42 4.347841e-41 5.639349e-40 6.665698e-39 7.115358e-38 6.755530e-37 5.540640e-36 3.663815e-35 1.513472e-34 -4.556009e-34 -1.879085e-32 -2.593879e-31 -2.656151e-30 -2.272494e-29 -1.692298e-28 -1.117279e-27 -6.601202e-27 -3.507907e-26 -1.681187e-25 -7.276673e-25 -2.846277e-24 -1.006367e-23 -3.216765e-23 -9.296977e-23 -2.430508e-22 -5.751839e-22 -1.233587e-21 -2.401404e-21 -4.251301e-21 -6.859063e-21 -1.010743e-20 -1.363145e-20 -1.685525e-20 -1.913401e-20 -1.995820e-20 -1.913401e-20 -1.685525e-20 -1.363145e-20 -1.010743e-20 -6.859063e-21 -4.251301e-21 -2.401404e-21 -1.233587e-21 -5.751839e-22 -2.430508e-22 -9.296977e-23 -3.216765e-23 -1.006367e-23 -2.846277e-24 -7.276673e-25 -1.681187e-25 -3.507907e-26 -6.601202e-27 -1.117279e-27 -1.692298e-28 -2.272494e-29 -2.656151e-30 -2.593879e-31 -1.879085e-32 -4.556009e-34 1.513472e-34 3.663815e-35 5.540640e-36 6.755530e-37 7.115358e-38 6.665698e-39 5.639349e-40 4.347841e-41 3.072614e-42 1.998255e-43 1.199255e-44 6.655093e-46 3.419733e-47 1.628725e-48 7.194252e-50 2.948054e-51 1.120734e-52 3.951596e-54 1.291555e-55 3.909904e-57 1.095074e-58 2.833423e-60 6.760492e-62 1.484135e-63 2.990788e-65 4.558987e-67 1.862997e-69 1.160389e-72 1.305893e-76 3.473355e-81 2.699704e-86 7.160076e-92 0.000000e+00
0.000000e+00 6.893023e-90 2.323694e-84 2.699737e-79 9.241657e-75 7.527982e-71 1.114360e-67 2.527424e-65 1.545137e-63 7.177269e-62 3.069937e-60 1.211387e-58 4.417928e-57 1.491342e-55 4.665049e-54 1.353383e-52 3.643452e-51 9.104502e-50 2.111809e-48 4.545579e-47 9.074132e-46 1.678382e-44 2.872383e-43 4.539470e-42 6.606585e-41 8.819454e-40 1.073655e-38 1.181118e-37 1.156195e-36 9.776753e-36 6.653897e-35 2.792266e-34 -9.900284e-34 -3.936238e-32 -5.600006e-31 -5.949635e-30 -5.297197e-29 -4.114104e-28 -2.838266e-27 -1.755542e-26 -9.784259e-26 -4.927013e-25 -2.244842e-24 -9.259930e-24 -3.458941e-23 -1.170076e-22 -3.584736e-22 -9.949367e-22 -2.503196e-21 -5.714833e-21 -1.185681e-20 -2.239846e-20 -3.861232e-20 -6.088863e-20 -8.804182e-20 -1.169882e-19 -1.431215e-19 -1.614317e-19 -1.680251e-19 -1.614317e-19 -1.431215e-19 -1.169882e-19 -8.804182e-20 -6.088863e-20 -3.861232e-20 -2.239846e-20 -1.185681e-20 -5.714833e-21 -2.503196e-21 -9.949367e-22 -3.584736e-22 -1.170076e-22 -3.458941e-23 -9.259930e-24 -2.244842e-24 -4.927013e-25 -9.784259e-26 -1.755542e-26 -2.838266e-27 -4.114104e-28 -5.297197e-29 -5.949635e-30 -5.600006e-31 -3.936238e-32 -9.900284e-34 2.792266e-34 6.653897e-35 9.776753e-36 1.156195e-36 1.181118e-37 1.073655e-38 8.819454e-40 6.606585e-41 4.539470e-42 2.872383e-43 1.678382e-44 9.074132e-46 4.545579e-47 2.111809e-48 9.104502e-50 3.643452e-51 1.353383e-52 4.665049e-54 1.491342e-55 4.417928e-57 1.211387e-58 3.069937e-60 7.177269e-62 1.545137e-63 2.527424e-65 1.114360e-67 7.527982e-71 9.241657e-75 2.699737e-79 2.323694e-84 6.893023e-90 0.000000e+00
0.000000e+00 5.702619e-88 1.736597e-82 1.837640e-77 5.768608e-73 4.333832e-69 5.945858e-66 1.255463e-63 7.180341e-62 3.132557e-60 1.261816e-58 4.699601e-57 1.620845e-55 5.182537e-54 1.537581e-52 4.235245e-51 1.083420e-49 2.573987e-48 5.678041e-47 1.162328e-45 2.205952e-44 3.876214e-43 6.293895e-42 9.417570e-41 1.293472e-39 1.621221e-38 1.837523e-37 1.854371e-36 1.617086e-35 1.134221e-34 4.868336e-34 -1.919242e-33 -7.608154e-32 -1.118520e-30 -1.233263e-29 -1.142074e-28 -9.242411e-28 -6.655047e-27 -4.303398e-26 -2.511585e-25 -1.326620e-24 -6.350645e-24 -2.756968e-23 -1.085594e-22 -3.877213e-22 -1.255982e-21 -3.690850e-21 -9.843491e-21 -2.384700e-20 -5.254983e-20 -1.055271e-19 -1.935512e-19 -3.250693e-19 -5.012580e-19 -7.115008e-19 -9.318219e-19 -1.128182e-18 -1.264582e-18 -1.313486e-18 -1.264582e-18 -1.128182e-18 -9.318219e-19 -7.115008e-19 -5.012580e-19 -3.250693e-19 -1.935512e-19 -1.055271e-19 -5.254983e-20 -2.384700e-20 -9.843491e-21 -3.690850e-21 -1.255982e-21 -3.877213e-22 -1.085594e-22 -2.756968e-23 -6.350645e-24 -1.326620e-24 -2.511585e-25 -4.303398e-26 -6.655047e-27 -9.242411e-28 -1.142074e-28 -1.233263e-29 -1.118520e-30 -7.608154e-32 -1.919242e-33 4.868336e-34 1.134221e-34 1.617086e-35 1.854371e-36 1.837523e-37 1.621221e-38 1.293472e-39 9.417570e-41 6.293895e-42 3.876214e-43 2.205952e-44 1.162328e-45 5.678041e-47 2.573987e-48 1.083420e-49 4.235245e-51 1.537581e-52 5.182537e-54 1.620845e-55 4.699601e-57 1.261816e-58 3.132557e-60 7.180341e-62 1.255463e-63 5.945858e-66 4.333832e-69 5.768608e-73 1.837640e-77 1.736597e-82 5.702619e-88 0.000000e+00
0.000000e+00 4.184982e-86 1.160859e-80 1.126594e-75 3.262087e-71 2.271539e-67 2.900625e-64 5.722490e-62 3.071322e-60 1.261817e-58 4.797381e-57 1.689713e-55 5.519941e-54 1.673981e-52 4.715416e-51 1.234196e-49 3.001688e-48 6.782108e-47 1.422811e-45 2.768993e-44 4.992363e-43 8.322729e-42 1.279433e-40 1.806589e-39 2.329500e-38 2.718058e-37 2.825418e-36 2.538806e-35 1.833836e-34 8.050356e-34 -3.490613e-33 -1.386781e-31 -2.105352e-30 -2.406219e-29 -2.314497e-28 -1.948711e-27 -1.462121e-26 -9.866751e-26 -6.018721e-25 -3.327858e-24 -1.670201e-23 -7.613453e-23 -3.152595e-22 -1.185756e-21 -4.050574e-21 -1.256728e-20 -3.542419e-20 -9.078158e-20 -2.117647e-19 -4.504186e-19 -8.754925e-19 -1.559198e-18 -2.551559e-18 -3.847929e-18 -5.362467e-18 -6.922812e-18 -8.295765e-18 -9.241345e-18 -9.578925e-18 -9.241345e-18 -8.295765e-18 -6.922812e-18 -5.362467e-18 -3.847929e-18 -2.551559e-18 -1.559198e-18 -8.754925e-19 -4.504186e-19 -2.117647e-19 -9.078158e-20 -3.542419e-20 -1.256728e-20 -4.050574e-21 -1.185756e-21 -3.152595e-22 -7.613453e-23 -1.670201e-23 -3.327858e-24 -6.018721e-25 -9.866751e-26 -1.462121e-26 -1.948711e-27 -2.314497e-28 -2.406219e-29 -2.105352e-30 -1.386781e-31 -3.490613e-33 8.050356e-34 1.833836e-34 2.538806e-35 2.825418e-36 2.718058e-37 2.329500e-38 1.806589e-39 1.279433e-40 8.322729e-42 4.992363e-43 2.768993e-44 1.422811e-45 6.782108e-47 3.001688e-48 1.234196e-49 4.715416e-51 1.673981e-52 5.519941e-54 1.689713e-55 4.797381e-57 1.261817e-58 3.071322e-60 5.722490e-62 2.900625e-64 2.271539e-67 3.262087e-71 1.126594e-75 1.160859e-80 4.184982e-86 0.000000e+00
0.000000e+00 2.746013e-84 6.986485e-79 6.254761e-74 1.678841e-69 1.088163e-65 1.297960e-62 2.399927e-60 1.211961e-58 4.699602e-57 1.689713e-55 5.637186e-54 1.746620e-52 5.029072e-51 1.346107e-49 3.349693e-48 7.747710e-47 1.664789e-45 3.320331e-44 6.138558e-43 1.050000e-41 1.657204e-40 2.403983e-39 3.186614e-38 3.824688e-37 4.092028e-36 3.785813e-35 2.814284e-34 1.263607e-33 -5.967676e-33 -2.386272e-31 -3.738562e-30 -4.424257e-29 -4.414597e-28 -3.861631e-27 -3.014501e-26 -2.119471e-25 -1.348943e-24 -7.793092e-24 -4.092520e-23 -1.954778e-22 -8.493364e-22 -3.356435e-21 -1.206157e-20 -3.941008e-20 -1.170970e-19 -3.165481e-19 -7.793293e-19 -1.750105e-18 -3.592431e-18 -6.758205e-18 -1.168658e-17 -1.863492e-17 -2.748598e-17 -3.761010e-17 -4.786459e-17 -5.677297e-17 -6.285624e-17 -6.501877e-17 -6.285624e-17 -5.677297e-17 -4.786459e-17 -3.761010e-17 -2.748598e-17 -1.863492e-17 -1.168658e-17 -6.758205e-18 -3.592431e-18 -1.750105e-18 -7.793293e-19 -3.165481e-19 -1.170970e-19 -3.941008e-20 -1.206157e-20 -3.356435e-21 -8.493364e-22 -1.954778e-22 -4.092520e-23 -7.793092e-24 -1.348943e-24 -2.119471e-25 -3.014501e-26 -3.861631e-27 -4.414597e-28 -4.424257e-29 -3.738562e-30 -2.386272e-31 -5.967676e-33 1.263607e-33 2.814284e-34 3.785813e-35 4.092028e-36 3.824688e-37 3.186614e-38 2.403983e-39 1.657204e-40 1.050000e-41 6.138558e-43 3.320331e-44 1.664789e-45 7.747710e-47 3.349693e-48 1.346107e-49 5.029072e-51 1.746620e-52 5.637186e-54 1.689713e-55 4.699602e-57 1.211961e-58 2.399927e-60 1.297960e-62 1.088163e-65 1.678841e-69 6.254761e-74 6.986485e-79 2.746013e-84 0.000000e+00
0.000000e+00 1.621558e-82 3.806250e-77 3.159137e-72 7.893620e-68 4.779580e-64 5.341862e-61 9.281421e-59 4.420120e-57 1.620845e-55 5.519941e-54 1.746620e-52 5.138160e-51 1.405783e-49 3.577424e-48 8.466056e-47 1.862232e-45 3.804134e-44 7.207473e-43 1.264153e-41 2.047100e-40 3.048692e-39 4.151460e-38 5.121793e-37 5.635871e-36 5.364624e-35 4.101632e-34 1.883782e-33 -9.606880e-33 -3.879834e-31 -6.268917e-30 -7.673813e-29 -7.933705e-28 -7.200753e-27 -5.840090e-26 -4.271668e-25 -2.832053e-24 -1.706599e-23 -9.360607e-23 -4.676004e-22 -2.127553e-21 -8.815252e-21 -3.325118e-20 -1.141539e-19 -3.566696e-19 -1.014528e-18 -2.629167e-18 -6.215978e-18 -1.343334e-17 -2.660383e-17 -4.842859e-17 -8.130285e-17 -1.263136e-16 -1.822146e-16 -2.448112e-16 -3.071412e-16 -3.605994e-16 -3.967935e-16 -4.096052e-16 -3.967935e-16 -3.605994e-16 -3.071412e-16 -2.448112e-16 -1.822146e-16 -1.263136e-16 -8.130285e-17 -4.842859e-17 -2.660383e-17 -1.343334e-17 -6.215978e-18 -2.629167e-18 -1.014528e-18 -3.566696e-19 -1.141539e-19 -3.325118e-20 -8.815252e-21 -2.127553e-21 -4.676004e-22 -9.360607e-23 -1.706599e-23 -2.832053e-24 -4.271668e-25 -5.840090e-26 -7.200753e-27 -7.933705e-28 -7.673813e-29 -6.268917e-30 -3.879834e-31 -9.606880e-33 1.883782e-33 4.101632e-34 5.364624e-35 5.635871e-36 5.121793e-37 4.151460e-38 3.048692e-39 2.047100e-40 1.264153e-41 7.207473e-43 3.804134e-44 1.862232e-45 8.466056e-47 3.577424e-48 1.405783e-49 5.138160e-51 1.746620e-52 5.519941e-54 1.620845e-55 4.420120e-57 9.281421e-59 5.341862e-61 4.779580e-64 7.893620e-68 3.159137e-72 3.806250e-77 1.621558e-82 0.000000e+00
0.000000e+00 8.664359e-81 1.885675e-75 1.457127e-70 3.401626e-66 1.930064e-62 2.026525e-59 3.316097e-57 1.492116e-55 5.182539e-54 1.673981e-52 5.029072e-51 1.405783e-49 3.656700e-48 8.849641e-47 1.991678e-45 4.164908e-44 8.082187e-43 1.452721e-41 2.412165e-40 3.685720e-39 5.152396e-38 6.529598e-37 7.384449e-36 7.226973e-35 5.679786e-34 2.668678e-33 -1.458257e-32 -5.965328e-31 -9.934529e-30 -1.256710e-28 -1.344726e-27 -1.264827e-26 -1.064393e-25 -8.087965e-25 -5.577449e-24 -3.500222e-23 -2.001873e-22 -1.044022e-21 -4.965219e-21 -2.152837e-20 -8.506622e-20 -3.062049e-19 -1.003878e-18 -2.997781e-18 -8.158242e-18 -2.025544e-17 -4.596044e-17 -9.553422e-17 -1.824570e-16 -3.212776e-16 -5.235021e-16 -7.922917e-16 -1.117664e-15 -1.474266e-15 -1.823285e-15 -2.118777e-15 -2.317122e-15 -2.387027e-15 -2.317122e-15 -2.118777e-15 -1.823285e-15 -1.474266e-15 -1.117664e-15 -7.922917e-16 -5.235021e-16 -3.212776e-16 -1.824570e-16 -9.553422e-17 -4.596044e-17 -2.025544e-17 -8.158242e-18 -2.997781e-18 -1.003878e-18 -3.062049e-19 -8.506622e-20 -2.152837e-20 -4.965219e-21 -1.044022e-21 -2.001873e-22 -3.500222e-23 -5.577449e-24 -8.087965e-25 -1.064393e-25 -1.264827e-26 -1.344726e-27 -1.256710e-28 -9.934529e-30 -5.965328e-31 -1.458257e-32 2.668678e-33 5.679786e-34 7.226973e-35 7.384449e-36 6.529598e-37 5.152396e-38 3.685720e-39 2.412165e-40 1.452721e-41 8.082187e-43 4.164908e-44 1.991678e-45 8.849641e-47 3.656700e-48 1.405783e-49 5.029072e-51 1.673981e-52 5.182539e-54 1.492116e-55 3.316097e-57 2.026525e-59 1.930064e-62 3.401626e-66 1.457127e-70 1.885675e-75 8.664359e-81 0.000000e+00
0.000000e+00 4.208030e-79 8.527414e-74 6.157186e-69 1.347095e-64 7.181255e-61 7.099486e-58 1.096150e-55 4.667574e-54 1.537581e-52 4.715416e-51 1.346107e-49 3.577424e-48 8.849641e-47 2.036781e-45 4.357829e-44 8.656769e-43 1.593683e-41 2.711801e-40 4.248633e-39 6.093428e-38 7.927063e-37 9.207671e-36 9.259088e-35 7.475987e-34 3.594202e-33 -2.089530e-32 -8.679248e-31 -1.488953e-29 -1.944691e-28 -2.151470e-27 -2.094773e-26 -1.826879e-25 -1.440268e-24 -1.031654e-23 -6.732734e-23 -4.008976e-22 -2.179252e-21 -1.081493e-20 -4.898315e-20 -2.023801e-19 -7.623708e-19 -2.617410e-18 -8.188883e-18 -2.335284e-17 -6.075258e-17 -1.443874e-16 -3.141746e-16 -6.276680e-16 -1.155321e-15 -1.966807e-15 -3.109250e-15 -4.582528e-15 -6.319985e-15 -8.183042e-15 -9.974798e-15 -1.147193e-14 -1.246808e-14 -1.281763e-14 -1.246808e-14 -1.147193e-14 -9.974798e-15 -8.183042e-15 -6.319985e-15 -4.582528e-15 -3.109250e-15 -1.966807e-15 -1.155321e-15 -6.276680e-16 -3.141746e-16 -1.443874e-16 -6.075258e-17 -2.335284e-17 -8.188883e-18 -2.617410e-18 -7.623708e-19 -2.023801e-19 -4.898315e-20 -1.081493e-20 -2.179252e-21 -4.008976e-22 -6.732734e-23 -1.031654e-23 -1.440268e-24 -1.826879e-25 -2.094773e-26 -2.151470e-27 -1.944691e-28 -1.488953e-29 -8.679248e-31 -2.089530e-32 3.594202e-33 7.475987e-34 9.259088e-35 9.207671e-36 7.927063e-37 6.093428e-38 4.248633e-39 2.711801e-40 1.593683e-41 8.656769e-43 4.357829e-44 2.036781e-45 8.849641e-47 3.577424e-48 1.346107e-49 4.715416e-51 1.537581e-52 4.667574e-54 1.096150e-55 7.099486e-58 7.181255e-61 1.347095e-64 6.157186e-69 8.527414e-74 4.208030e-79 0.000000e+00
0.000000e+00 1.864671e-77 3.531233e-72 2.389871e-67 4.913223e-63 2.466369e-59 2.300095e-56 3.356088e-54 1.354146e-52 4.235247e-51 1.234196e-49 3.349693e-48 8.466056e-47 1.991678e-45 4.357829e-44 8.857165e-43 1.669172e-41 2.909017e-40 4.670493e-39 6.868163e-38 9.166367e-37 1.092872e-35 1.128507e-34 9.356475e-34 4.603767e-33 -2.828922e-32 -1.195670e-30 -2.111845e-29 -2.845449e-28 -3.251643e-27 -3.273794e-26 -2.955522e-25 -2.414574e-24 -1.794202e-23 -1.216018e-22 -7.527760e-22 -4.258851e-21 -2.202006e-20 -1.040126e-19 -4.485897e-19 -1.765365e-18 -6.335731e-18 -2.072911e-17 -6.182781e-17 -1.681980e-16 -4.178136e-16 -9.494696e-16 -1.979083e-15 -3.796577e-15 -6.729360e-15 -1.106789e-14 -1.696517e-14 -2.433768e-14 -3.280219e-14 -4.167721e-14 -5.006034e-14 -5.697097e-14 -6.152781e-14 -6.311962e-14 -6.152781e-14 -5.697097e-14 -5.006034e-14 -4.167721e-14 -3.280219e-14 -2.433768e-14 -1.696517e-14 -1.106789e-14 -6.729360e-15 -3.796577e-15 -1.979083e-15 -9.494696e-16 -4.178136e-16 -1.681980e-16 -6.182781e-17 -2.072911e-17 -6.335731e-18 -1.765365e-18 -4.485897e-19 -1.040126e-19 -2.202006e-20 -4.258851e-21 -7.527760e-22 -1.216018e-22 -1.794202e-23 -2.414574e-24 -2.955522e-25 -3.273794e-26 -3.251643e-27 -2.845449e-28 -2.111845e-29 -1.195670e-30 -2.828922e-32 4.603767e-33 9.356475e-34 1.128507e-34 1.092872e-35 9.166367e-37 6.868163e-38 4.670493e-39 2.909017e-40 1.669172e-41 8.857165e-43 4.357829e-44 1.991678e-45 8.466056e-47 3.349693e-48 1.234196e-49 4.235247e-51 1.354146e-52 3.356088e-54 2.300095e-56 2.466369e-59 4.913223e-63 2.389871e-67 3.531233e-72 1.864671e-77 0.000000e+00
0.000000e+00 7.562694e-76 1.342573e-70 8.539293e-66 1.653358e-61 7.830106e-58 6.899114e-55 9.525218e-53 3.645588e-51 1.083420e-49 3.001688e-48 7.747710e-47 1.862232e-45 4.164908e-44 8.656769e-43 1.669172e-41 2.977868e-40 4.896752e-39 7.379122e-38 1.009750e-36 1.234993e-35 1.308783e-34 1.113733e-33 5.610002e-33 -3.621326e-32 -1.560399e-30 -2.836079e-29 -3.939007e-28 -4.645308e-27 -4.831503e-26 -4.510416e-25 -3.814243e-24 -2.936724e-23 -2.064422e-22 -1.326894e-21 -7.802185e-21 -4.196877e-20 -2.064369e-19 -9.279397e-19 -3.808886e-18 -1.426611e-17 -4.872950e-17 -1.517524e-16 -4.309330e-16 -1.116738e-15 -2.644959e-15 -5.738936e-15 -1.144378e-14 -2.105386e-14 -3.589604e-14 -5.698431e-14 -8.462365e-14 -1.180812e-13 -1.554400e-13 -1.937082e-13 -2.291854e-13 -2.580225e-13 -2.768600e-13 -2.834094e-13 -2.768600e-13 -2.580225e-13 -2.291854e-13 -1.937082e-13 -1.554400e-13 -1.180812e-13 -8.462365e-14 -5.698431e-14 -3.589604e-14 -2.105386e-14 -1.144378e-14 -5.738936e-15 -2.644959e-15 -1.116738e-15 -4.309330e-16 -1.517524e-16 -4.872950e-17 -1.426611e-17 -3.808886e-18 -9.279397e-19 -2.064369e-19 -4.196877e-20 -7.802185e-21 -1.326894e-21 -2.064422e-22 -2.936724e-23 -3.814243e-24 -4.510416e-25 -4.831503e-26 -4.645308e-27 -3.939007e-28 -2.836079e-29 -1.560399e-30 -3.621326e-32 5.610002e-33 1.113733e-33 1.308783e-34 1.234993e-35 1.009750e-36 7.379122e-38 4.896752e-39 2.977868e-40 1.669172e-41 8.656769e-43 4.164908e-44 1.862232e-45 7.747710e-47 3.001688e-48 1.083420e-49 3.645588e-51 9.525218e-53 6.899114e-55 7.830106e-58 1.653358e-61 8.539293e-66 1.342573e-70 7.562694e-76 0.000000e+00
0.000000e+00 2.814738e-74 4.696702e-69 2.813804e-64 5.140631e-60 2.300426e-56 1.917441e-53 2.507433e-51 9.110047e-50 2.573989e-48 6.782108e-47 1.664789e-45 3.804134e-44 8.082187e-43 1.593683e-41 2.909017e-40 4.896752e-39 7.557685e-38 1.059766e-36 1.328914e-35 1.444555e-34 1.261147e-33 6.505162e-33 -4.385674e-32 -1.929878e-30 -3.607775e-29 -5.161423e-28 -6.276338e-27 -6.737412e-26 -6.497566e-25 -5.681629e-24 -4.527630e-23 -3.297367e-22 -2.197787e-21 -1.341415e-20 -7.496837e-20 -3.834706e-19 -1.793962e-18 -7.669155e-18 -2.993296e-17 -1.065801e-16 -3.460077e-16 -1.024013e-15 -2.763787e-15 -6.810275e-15 -1.535107e-14 -3.174533e-14 -6.045424e-14 -1.064961e-13 -1.744048e-13 -2.668878e-13 -3.835462e-13 -5.200522e-13 -6.680693e-13 -8.160035e-13 -9.504611e-13 -1.058137e-12 -1.127778e-12 -1.151871e-12 -1.127778e-12 -1.058137e-12 -9.504611e-13 -8.160035e-13 -6.680693e-13 -5.200522e-13 -3.835462e-13 -2.668878e-13 -1.744048e-13 -1.064961e-13 -6.045424e-14 -3.174533e-14 -1.535107e-14 -6.810275e-15 -2.763787e-15 -1.024013e-15 -3.460077e-16 -1.065801e-16 -2.993296e-17 -7.669155e-18 -1.793962e-18 -3.834706e-19 -7.496837e-20 -1.341415e-20 -2.197787e-21 -3.297367e-22 -4.527630e-23 -5.681629e-24 -6.497566e-25 -6.737412e-26 -6.276338e-27 -5.161423e-28 -3.607775e-29 -1.929878e-30 -4.385674e-32 6.505162e-33 1.261147e-33 1.444555e-34 1.328914e-35 1.059766e-36 7.557685e-38 4.896752e-39 2.909017e-40 1.593683e-41 8.082187e-43 3.804134e-44 1.664789e-45 6.782108e-47 2.573989e-48 9.110047e-50 2.507433e-51 1.917441e-53 2.300426e-56 5.140631e-60 2.813804e-64 4.696702e-69 2.814738e-74 0.000000e+00
0.000000e+00 9.634266e-73 1.514442e-67 8.562485e-63 1.478385e-58 6.259313e-55 4.940390e-52 6.123674e-50 2.113144e-48 5.678046e-47 1.422811e-45 3.320331e-44 7.207473e-43 1.452721e-41 2.711801e-40 4.670493e-39 7.379122e-38 1.059766e-36 1.361769e-35 1.517591e-34 1.358723e-33 7.179229e-33 -5.027053e-32 -2.262724e-30 -4.348885e-29 -6.404304e-28 -8.023694e-27 -8.881897e-26 -8.840683e-25 -7.985710e-24 -6.579706e-23 -4.958979e-22 -3.423711e-21 -2.166488e-20 -1.256433e-19 -6.674681e-19 -3.245548e-18 -1.443087e-17 -5.861288e-17 -2.172483e-16 -7.342140e-16 -2.261362e-15 -6.347313e-15 -1.624672e-14 -3.797949e-14 -8.128629e-14 -1.598414e-13 -2.900602e-13 -4.882511e-13 -7.665695e-13 -1.128834e-12 -1.567444e-12 -2.062322e-12 -2.582240e-12 -3.088224e-12 -3.538348e-12 -3.893022e-12 -4.119935e-12 -4.198011e-12 -4.119935e-12 -3.893022e-12 -3.538348e-12 -3.088224e-12 -2.582240e-12 -2.062322e-12 -1.567444e-12 -1.128834e-12 -7.665695e-13 -4.882511e-13 -2.900602e-13 -1.598414e-13 -8.128629e-14 -3.797949e-14 -1.624672e-14 -6.347313e-15 -2.261362e-15 -7.342140e-16 -2.172483e-16 -5.861288e-17 -1.443087e-17 -3.245548e-18 -6.674681e-19 -1.256433e-19 -2.166488e-20 -3.423711e-21 -4.958979e-22 -6.579706e-23 -7.985710e-24 -8.840683e-25 -8.881897e-26 -8.023694e-27 -6.404304e-28 -4.348885e-29 -2.262724e-30 -5.027053e-32 7.179229e-33 1.358723e-33 1.517591e-34 1.361769e-35 1.059766e-36 7.379122e-38 4.670493e-39 2.711801e-40 1.452721e-41 7.207473e-43 3.320331e-44 1.422811e-45 5.678046e-47 2.113144e-48 6.123674e-50 4.940390e-52 6.259313e-55 1.478385e-58 8.562485e-63 1.514442e-67 9.634266e-73 0.000000e+00
0.000000e+00 3.037886e-71 4.507319e-66 2.408824e-61 3.935688e-57 1.578143e-53 1.180377e-50 1.387456e-48 4.548556e-47 1.162329e-45 2.768993e-44 6.138558e-43 1.264153e-41 2.412165e-40 4.248633e-39 6.868163e-38 1.009750e-36 1.328914e-35 1.517591e-34 1.392884e-33 7.541792e-33 -5.455426e-32 -2.515610e-30 -4.968795e-29 -7.527154e-28 -9.709053e-27 -1.107393e-25 -1.136656e-24 -1.059656e-23 -9.018491e-23 -7.026990e-22 -5.019964e-21 -3.289741e-20 -1.977491e-19 -1.089753e-18 -5.500889e-18 -2.540784e-17 -1.072556e-16 -4.133041e-16 -1.452251e-15 -4.649055e-15 -1.355330e-14 -3.598740e-14 -8.711625e-14 -1.926376e-13 -3.903109e-13 -7.276585e-13 -1.254671e-12 -2.012533e-12 -3.021441e-12 -4.271259e-12 -5.717764e-12 -7.285363e-12 -8.875284e-12 -1.037708e-11 -1.168110e-11 -1.268987e-11 -1.332733e-11 -1.354530e-11 -1.332733e-11 -1.268987e-11 -1.168110e-11 -1.037708e-11 -8.875284e-12 -7.285363e-12 -5.717764e-12 -4.271259e-12 -3.021441e-12 -2.012533e-12 -1.254671e-12 -7.276585e-13 -3.903109e-13 -1.926376e-13 -8.711625e-14 -3.598740e-14 -1.355330e-14 -4.649055e-15 -1.452251e-15 -4.133041e-16 -1.072556e-16 -2.540784e-17 -5.500889e-18 -1.089753e-18 -1.977491e-19 -3.289741e-20 -5.019964e-21 -7.026990e-22 -9.018491e-23 -1.059656e-23 -1.136656e-24 -1.107393e-25 -9.709053e-27 -7.527154e-28 -4.968795e-29 -2.515610e-30 -5.455426e-32 7.541792e-33 1.392884e-33 1.517591e-34 1.328914e-35 1.009750e-36 6.868163e-38 4.248633e-39 2.412165e-40 1.264153e-41 6.138558e-43 2.768993e-44 1.162329e-45 4.548556e-47 1.387456e-48 1.180377e-50 1.578143e-53 3.935688e-57 2.408824e-61 4.507319e-66 3.037886e-71 0.000000e+00
0.000000e+00 8.836675e-70 1.239501e-64 6.269636e-60 9.703596e-56 3.687843e-52 2.615125e-49 2.915574e-47 9.080288e-46 2.205955e-44 4.992363e-43 1.050000e-41 2.047100e-40 3.685720e-39 6.093428e-38 9.166367e-37 1.234993e-35 1.444555e-34 1.358723e-33 7.541792e-33 -5.606072e-32 -2.652359e-30 -5.381979e-29 -8.381996e-28 -1.112335e-26 -1.306246e-25 -1.381491e-24 -1.328066e-23 -1.166468e-22 -9.387442e-22 -6.932275e-21 -4.699937e-20 -2.925175e-19 -1.670359e-18 -8.743246e-18 -4.190248e-17 -1.836288e-16 -7.348096e-16 -2.681354e-15 -8.911685e-15 -2.695315e-14 -7.415521e-14 -1.856570e-13 -4.235374e-13 -8.825931e-13 -1.686349e-12 -2.969013e-12 -4.845524e-12 -7.378652e-12 -1.055438e-11 -1.427341e-11 -1.836031e-11 -2.258620e-11 -2.669766e-11 -3.044496e-11 -3.360460e-11 -3.599442e-11 -3.748169e-11 -3.798634e-11 -3.748169e-11 -3.599442e-11 -3.360460e-11 -3.044496e-11 -2.669766e-11 -2.258620e-11 -1.836031e-11 -1.427341e-11 -1.055438e-11 -7.378652e-12 -4.845524e-12 -2.969013e-12 -1.686349e-12 -8.825931e-13 -4.235374e-13 -1.856570e-13 -7.415521e-14 -2.695315e-14 -8.911685e-15 -2.681354e-15 -7.348096e-16 -1.836288e-16 -4.190248e-17 -8.743246e-18 -1.670359e-18 -2.925175e-19 -4.699937e-20 -6.932275e-21 -9.387442e-22 -1.166468e-22 -1.328066e-23 -1.381491e-24 -1.306246e-25 -1.112335e-26 -8.381996e-28 -5.381979e-29 -2.652359e-30 -5.606072e-32 7.541792e-33 1.358723e-33 1.444555e-34 1.234993e-35 9.166367e-37 6.093428e-38 3.685720e-39 2.047100e-40 1.050000e-41 4.992363e-43 2.205955e-44 9.080288e-46 2.915574e-47 2.615125e-49 3.687843e-52 9.703596e-56 6.269636e-60 1.239501e-64 8.836675e-70 0.000000e+00
0.000000e+00 2.373658e-68 3.151829e-63 1.510501e-58 2.216267e-54 7.987140e-51 5.370874e-48 5.678896e-46 1.679560e-44 3.876219e-43 8.322729e-42 1.657204e-40 3.048692e-39 5.152396e-38 7.927063e-37 1.092872e-35 1.308783e-34 1.261147e-33 7.179229e-33 -5.455426e-32 -2.652359e-30 -5.527135e-29 -8.844821e-28 -1.206803e-26 -1.458081e-25 -1.587708e-24 -1.572641e-23 -1.424296e-22 -1.182850e-21 -9.021008e-21 -6.321354e-20 -4.069547e-19 -2.405500e-18 -1.304286e-17 -6.479061e-17 -2.944423e-16 -1.222247e-15 -4.626949e-15 -1.594937e-14 -4.999584e-14 -1.423854e-13 -3.683031e-13 -8.657700e-13 -1.852688e-12 -3.620269e-12 -6.489077e-12 -1.073171e-11 -1.648797e-11 -2.370619e-11 -3.213264e-11 -4.134944e-11 -5.084435e-11 -6.008859e-11 -6.860186e-11 -7.599300e-11 -8.197427e-11 -8.635453e-11 -8.902038e-11 -8.991468e-11 -8.902038e-11 -8.635453e-11 -8.197427e-11 -7.599300e-11 -6.860186e-11 -6.008859e-11 -5.084435e-11 -4.134944e-11 -3.213264e-11 -2.370619e-11 -1.648797e-11 -1.073171e-11 -6.489077e-12 -3.620269e-12 -1.852688e-12 -8.657700e-13 -3.683031e-13 -1.423854e-13 -4.999584e-14 -1.594937e-14 -4.626949e-15 -1.222247e-15 -2.944423e-16 -6.479061e-17 -1.304286e-17 -2.405500e-18 -4.069547e-19 -6.321354e-20 -9.021008e-21 -1.182850e-21 -1.424296e-22 -1.572641e-23 -1.587708e-24 -1.458081e-25 -1.206803e-26 -8.844821e-28 -5.527135e-29 -2.652359e-30 -5.455426e-32 7.179229e-33 1.261147e-33 1.308783e-34 1.092872e-35 7.927063e-37 5.152396e-38 3.048692e-39 1.657204e-40 8.322729e-42 3.876219e-43 1.679560e-44 5.678896e-46 5.370874e-48 7.987140e-51 2.216267e-54 1.510501e-58 3.151829e-63 2.373658e-68 0.000000e+00
0.000000e+00 5.892149e-67 7.414229e-62 3.369237e-57 4.688884e-53 1.602759e-49 1.021913e-46 1.024284e-44 2.874470e-43 6.293903e-42 1.279433e-40 2.403983e-39 4.151460e-38 6.529598e-37 9.207671e-36 1.128507e-34 1.113733e-33 6.505162e-33 -5.027053e-32 -2.515610e-30 -5.381979e-29 -8.844821e-28 -1.240027e-26 -1.540432e-25 -1.725790e-24 -1.759978e-23 -1.642299e-22 -1.406300e-21 -1.106689e-20 -8.008135e-20 -5.327732e-19 -3.256800e-18 -1.827438e-17 -9.400032e-17 -4.425673e-16 -1.903898e-15 -7.470118e-15 -2.668259e-14 -8.661381e-14 -2.551292e-13 -6.812514e-13 -1.648581e-12 -3.618297e-12 -7.217968e-12 -1.313591e-11 -2.192661e-11 -3.379893e-11 -4.848694e-11 -6.526393e-11 -8.308773e-11 -1.008151e-10 -1.174101e-10 -1.320908e-10 -1.443902e-10 -1.541398e-10 -1.613969e-10 -1.663475e-10 -1.692072e-10 -1.701401e-10 -1.692072e-10 -1.663475e-10 -1.613969e-10 -1.541398e-10 -1.443902e-10 -1.320908e-10 -1.174101e-10 -1.008151e-10 -8.308773e-11 -6.526393e-11 -4.848694e-11 -3.379893e-11 -2.192661e-11 -1.313591e-11 -7.217968e-12 -3.618297e-12 -1.648581e-12 -6.812514e-13 -2.551292e-13 -8.661381e-14 -2.668259e-14 -7.470118e-15 -1.903898e-15 -4.425673e-16 -9.400032e-17 -1.827438e-17 -3.256800e-18 -5.327732e-19 -8.008135e-20 -1.106689e-20 -1.406300e-21 -1.642299e-22 -1.759978e-23 -1.725790e-24 -1.540432e-25 -1.240027e-26 -8.844821e-28 -5.381979e-29 -2.515610e-30 -5.027053e-32 6.505162e-33 1.113733e-33 1.128507e-34 9.207671e-36 6.529598e-37 4.151460e-38 2.403983e-39 1.279433e-40 6.293903e-42 2.874470e-43 1.024284e-44 1.021913e-46 1.602759e-49 4.688884e-53 3.369237e-57 7.414229e-62 5.892149e-67 0.000000e+00
0.000000e+00 1.352214e-65 1.613758e-60 6.957408e-56 9.186177e-52 2.978078e-48 1.799619e-45 1.708381e-43 4.542883e-42 9.417585e-41 1.806589e-39 3.186614e-38 5.121793e-37 7.384449e-36 9.259088e-35 9.356475e-34 5.610002e-33 -4.385674e-32 -2.262724e-30 -4.968795e-29 -8.381996e-28 -1.206803e-26 -1.540432e-25 -1.774412e-24 -1.861777e-23 -1.788650e-22 -1.578014e-21 -1.280359e-20 -9.559291e-20 -6.566565e-19 -4.147566e-18 -2.406243e-17 -1.280504e-16 -6.240247e-16 -2.779638e-15 -1.129409e-14 -4.176920e-14 -1.403019e-13 -4.271532e-13 -1.176678e-12 -2.929288e-12 -6.587928e-12 -1.339689e-11 -2.469495e-11 -4.144250e-11 -6.370975e-11 -9.041270e-11 -1.194643e-10 -1.482690e-10 -1.743372e-10 -1.958003e-10 -2.116910e-10 -2.219692e-10 -2.273542e-10 -2.290527e-10 -2.284672e-10 -2.269395e-10 -2.255551e-10 -2.250134e-10 -2.255551e-10 -2.269395e-10 -2.284672e-10 -2.290527e-10 -2.273542e-10 -2.219692e-10 -2.116910e-10 -1.958003e-10 -1.743372e-10 -1.482690e-10 -1.194643e-10 -9.041270e-11 -6.370975e-11 -4.144250e-11 -2.469495e-11 -1.339689e-11 -6.587928e-12 -2.929288e-12 -1.176678e-12 -4.271532e-13 -1.403019e-13 -4.176920e-14 -1.129409e-14 -2.779638e-15 -6.240247e-16 -1.280504e-16 -2.406243e-17 -4.147566e-18 -6.566565e-19 -9.559291e-20 -1.280359e-20 -1.578014e-21 -1.788650e-22 -1.861777e-23 -1.774412e-24 -1.540432e-25 -1.206803e-26 -8.381996e-28 -4.968795e-29 -2.262724e-30 -4.385674e-32 5.610002e-33 9.356475e-34 9.259088e-35 7.384449e-36 5.121793e-37 3.186614e-38 1.806589e-39 9.417585e-41 4.542883e-42 1.708381e-43 1.799619e-45 2.978078e-48 9.186177e-52 6.957408e-56 1.613758e-60 1.352214e-65 0.000000e+00
0.000000e+00 2.869490e-64 3.249705e-59 1.329602e-54 1.665510e-50 5.118908e-47 2.929143e-44 2.629659e-42 6.611727e-41 1.293474e-39 2.329500e-38 3.824688e-37 5.635871e-36 7.226973e-35 7.475987e-34 4.603767e-33 -3.621326e-32 -1.929878e-30 -4.348885e-29 -7.527154e-28 -1.112335e-26 -1.458081e-25 -1.725790e-24 -1.861777e-23 -1.840249e-22 -1.671505e-21 -1.397252e-20 -1.075522e-19 -7.622286e-19 -4.970394e-18 -2.978999e-17 -1.638715e-16 -8.259159e-16 -3.806222e-15 -1.600307e-14 -6.123584e-14 -2.127097e-13 -6.689893e-13 -1.900271e-12 -4.864325e-12 -1.120313e-11 -2.319953e-11 -4.322741e-11 -7.265771e-11 -1.106729e-10 -1.537695e-10 -1.964165e-10 -2.325752e-10 -2.573191e-10 -2.679316e-10 -2.642378e-10 -2.482547e-10 -2.234596e-10 -1.939748e-10 -1.638787e-10 -1.367426e-10 -1.153848e-10 -1.017931e-10 -9.713461e-11 -1.017931e-10 -1.153848e-10 -1.367426e-10 -1.638787e-10 -1.939748e-10 -2.234596e-10 -2.482547e-10 -2.642378e-10 -2.679316e-10 -2.573191e-10 -2.325752e-10 -1.964165e-10 -1.537695e-10 -1.106729e-10 -7.265771e-11 -4.322741e-11 -2.319953e-11 -1.120313e-11 -4.864325e-12 -1.900271e-12 -6.689893e-13 -2.127097e-13 -6.123584e-14 -1.600307e-14 -3.806222e-15 -8.259159e-16 -1.638715e-16 -2.978999e-17 -4.970394e-18 -7.622286e-19 -1.075522e-19 -1.397252e-20 -1.671505e-21 -1.840249e-22 -1.861777e-23 -1.725790e-24 -1.458081e-25 -1.112335e-26 -7.527154e-28 -4.348885e-29 -1.929878e-30 -3.621326e-32 4.603767e-33 7.475987e-34 7.226973e-35 5.635871e-36 3.824688e-37 2.329500e-38 1.293474e-39 6.611727e-41 2.629659e-42 2.929143e-44 5.118908e-47 1.665510e-50 1.329602e-54 3.249705e-59 2.869490e-64 0.000000e+00
