0.000000e+00 3.186946e-118 2.252411e-112 5.031994e-107 3.099237e-102 4.309244e-98 1.043185e-94 3.729288e-92 3.466469e-90 2.377441e-88 1.469544e-86 8.229219e-85 4.193963e-83 1.952755e-81 8.333465e-80 3.268321e-78 1.180624e-76 3.935295e-75 1.212151e-73 3.454187e-72 9.114084e-71 2.227974e-69 5.047524e-68 1.059871e-66 2.062356e-65 3.717320e-64 6.202319e-63 9.569854e-62 1.363625e-60 1.791172e-59 2.163649e-58 2.395712e-57 2.420653e-56 2.217534e-55 1.823619e-54 1.323969e-53 8.217542e-53 4.033511e-52 1.144702e-51 -4.379261e-51 -1.015472e-49 -9.976341e-49 -7.369816e-48 -4.536840e-47 -2.413884e-46 -1.128412e-45 -4.672543e-45 -1.721040e-44 -5.650420e-44 -1.655077e-43 -4.326459e-43 -1.009337e-42 -2.101465e-42 -3.905003e-42 -6.477836e-42 -9.596278e-42 -1.270065e-41 -1.502366e-41 -1.588830e-41 -1.502366e-41 -1.270065e-41 -9.596278e-42 -6.477836e-42 -3.905003e-42 -2.101465e-42 -1.009337e-42 -4.326459e-43 -1.655077e-43 -5.650420e-44 -1.721040e-44 -4.672543e-45 -1.128412e-45 -2.413884e-46 -4.536840e-47 -7.369816e-48 -9.976341e-49 -1.015472e-49 -4.379261e-51 1.144702e-51 4.033511e-52 8.217542e-53 1.323969e-53 1.823619e-54 2.217534e-55 2.420653e-56 2.395712e-57 2.163649e-58 1.791172e-59 1.363625e-60 9.569854e-62 6.202319e-63 3.717320e-64 2.062356e-65 1.059871e-66 5.047524e-68 2.227974e-69 9.114084e-71 3.454187e-72 1.212151e-73 3.935295e-75 1.180624e-76 3.268321e-78 8.333465e-80 1.952755e-81 4.193963e-83 8.229219e-85 1.469544e-86 2.377441e-88 3.466469e-90 3.729288e-92 1.043185e-94 4.309244e-98 3.099237e-102 5.031994e-107 2.252411e-112 3.186946e-118 0.000000e+00
0.000000e+00 3.498927e-112 2.044015e-106 3.882255e-101 2.075172e-96 2.543805e-92 5.496923e-89 1.772310e-86 1.499939e-84 9.439009e-83 5.384983e-81 2.797111e-79 1.327932e-77 5.780793e-76 2.313757e-74 8.533762e-73 2.905723e-71 9.147493e-70 2.665556e-68 7.195957e-67 1.800799e-65 4.178961e-64 8.993788e-63 1.794845e-61 3.320097e-60 5.688851e-59 9.020372e-58 1.321800e-56 1.786743e-55 2.222580e-54 2.535817e-53 2.641437e-52 2.495178e-51 2.115210e-50 1.580585e-49 1.004897e-48 4.969435e-48 1.270263e-47 -8.670785e-47 -1.695285e-45 -1.681129e-44 -1.284150e-43 -8.251094e-43 -4.607995e-42 -2.270742e-41 -9.949485e-41 -3.891736e-40 -1.361680e-39 -4.265804e-39 -1.196943e-38 -3.008391e-38 -6.773453e-38 -1.366383e-37 -2.470409e-37 -4.005198e-37 -5.826610e-37 -7.610866e-37 -8.931620e-37 -9.420533e-37 -8.931620e-37 -7.610866e-37 -5.826610e-37 -4.005198e-37 -2.470409e-37 -1.366383e-37 -6.773453e-38 -3.008391e-38 -1.196943e-38 -4.265804e-39 -1.361680e-39 -3.891736e-40 -9.949485e-41 -2.270742e-41 -4.607995e-42 -8.251094e-43 -1.284150e-43 -1.681129e-44 -1.695285e-45 -8.670785e-47 1.270263e-47 4.969435e-48 1.004897e-48 1.580585e-49 2.115210e-50 2.495178e-51 2.641437e-52 2.535817e-53 2.222580e-54 1.786743e-55 1.321800e-56 9.020372e-58 5.688851e-59 3.320097e-60 1.794845e-61 8.993788e-63 4.178961e-64 1.800799e-65 7.195957e-67 2.665556e-68 9.147493e-70 2.905723e-71 8.533762e-73 2.313757e-74 5.780793e-76 1.327932e-77 2.797111e-79 5.384983e-81 9.439009e-83 1.499939e-84 1.772310e-86 5.496923e-89 2.543805e-92 2.075172e-96 3.882255e-101 2.044015e-106 3.498927e-112 0.000000e+00
0.000000e+00 1.298138e-106 6.447304e-101 1.062761e-95 5.008293e-91 5.479976e-87 1.067638e-83 3.130098e-81 2.428477e-79 1.410324e-77 7.462464e-76 3.610454e-74 1.602390e-72 6.541558e-71 2.461961e-69 8.558019e-68 2.751742e-66 8.193992e-65 2.261631e-63 5.789683e-62 1.375161e-60 3.030896e-59 6.198033e-58 1.175545e-56 2.066541e-55 3.363949e-54 5.063749e-53 7.035925e-52 9.001756e-51 1.056877e-49 1.133305e-48 1.102161e-47 9.614099e-47 7.378361e-46 4.790650e-45 2.371353e-44 5.132358e-44 -6.196153e-43 -1.087886e-41 -1.091634e-40 -8.610368e-40 -5.760461e-39 -3.366642e-38 -1.742926e-37 -8.050351e-37 -3.330068e-36 -1.236078e-35 -4.120958e-35 -1.234458e-34 -3.323089e-34 -8.039775e-34 -1.748569e-33 -3.420154e-33 -6.020262e-33 -9.544487e-33 -1.364133e-32 -1.759196e-32 -2.048551e-32 -2.155094e-32 -2.048551e-32 -1.759196e-32 -1.364133e-32 -9.544487e-33 -6.020262e-33 -3.420154e-33 -1.748569e-33 -8.039775e-34 -3.323089e-34 -1.234458e-34 -4.120958e-35 -1.236078e-35 -3.330068e-36 -8.050351e-37 -1.742926e-37 -3.366642e-38 -5.760461e-39 -8.610368e-40 -1.091634e-40 -1.087886e-41 -6.196153e-43 5.132358e-44 2.371353e-44 4.790650e-45 7.378361e-46 9.614099e-47 1.102161e-47 1.133305e-48 1.056877e-49 9.001756e-51 7.035925e-52 5.063749e-53 3.363949e-54 2.066541e-55 1.175545e-56 6.198033e-58 3.030896e-59 1.375161e-60 5.789683e-62 2.261631e-63 8.193992e-65 2.751742e-66 8.558019e-68 2.461961e-69 6.541558e-71 1.602390e-72 3.610454e-74 7.462464e-76 1.410324e-77 2.428477e-79 3.130098e-81 1.067638e-83 5.479976e-87 5.008293e-91 1.062761e-95 6.447304e-101 1.298138e-106 0.000000e+00
0.000000e+00 1.450865e-101 6.253766e-96 9.088334e-91 3.822940e-86 3.771186e-82 6.678640e-79 1.792651e-76 1.282358e-74 6.906278e-73 3.403409e-71 1.539161e-69 6.405300e-68 2.458479e-66 8.719196e-65 2.861711e-63 8.702257e-62 2.454068e-60 6.421926e-59 1.560033e-57 3.518454e-56 7.366703e-55 1.431332e-53 2.579145e-52 4.305887e-51 6.651457e-50 9.489425e-49 1.247224e-47 1.504969e-46 1.659018e-45 1.658532e-44 1.486079e-43 1.168822e-42 7.725720e-42 3.798392e-41 6.177671e-41 -1.429192e-39 -2.335169e-38 -2.374821e-37 -1.931510e-36 -1.342401e-35 -8.187802e-35 -4.439411e-34 -2.154124e-33 -9.387856e-33 -3.681559e-32 -1.300364e-31 -4.138434e-31 -1.186905e-30 -3.068076e-30 -7.149968e-30 -1.502948e-29 -2.851753e-29 -4.889191e-29 -7.582586e-29 -1.065048e-28 -1.356345e-28 -1.567488e-28 -1.644828e-28 -1.567488e-28 -1.356345e-28 -1.065048e-28 -7.582586e-29 -4.889191e-29 -2.851753e-29 -1.502948e-29 -7.149968e-30 -3.068076e-30 -1.186905e-30 -4.138434e-31 -1.300364e-31 -3.681559e-32 -9.387856e-33 -2.154124e-33 -4.439411e-34 -8.187802e-35 -1.342401e-35 -1.931510e-36 -2.374821e-37 -2.335169e-38 -1.429192e-39 6.177671e-41 3.798392e-41 7.725720e-42 1.168822e-42 1.486079e-43 1.658532e-44 1.659018e-45 1.504969e-46 1.247224e-47 9.489425e-49 6.651457e-50 4.305887e-51 2.579145e-52 1.431332e-53 7.366703e-55 3.518454e-56 1.560033e-57 6.421926e-59 2.454068e-60 8.702257e-62 2.861711e-63 8.719196e-65 2.458479e-66 6.405300e-68 1.539161e-69 3.403409e-71 6.906278e-73 1.282358e-74 1.792651e-76 6.678640e-79 3.771186e-82 3.822940e-86 9.088334e-91 6.253766e-96 1.450865e-101 0.000000e+00
0.000000e+00 4.120265e-97 1.565757e-91 2.031078e-86 7.702483e-82 6.906488e-78 1.119409e-74 2.766657e-72 1.833653e-70 9.196037e-69 4.235557e-67 1.795875e-65 7.025684e-64 2.540768e-62 8.506817e-61 2.640087e-59 7.601790e-58 2.032082e-56 5.045060e-55 1.163474e-53 2.492130e-52 4.956286e-51 9.146155e-50 1.564592e-48 2.477744e-47 3.625731e-46 4.889998e-45 6.056894e-44 6.854868e-43 7.034067e-42 6.463054e-41 5.198330e-40 3.486138e-39 1.686398e-38 1.499124e-38 -8.940655e-37 -1.390107e-35 -1.434184e-34 -1.201137e-33 -8.653756e-33 -5.494591e-32 -3.111233e-31 -1.580970e-30 -7.234125e-30 -2.986079e-29 -1.112891e-28 -3.746333e-28 -1.139286e-27 -3.130372e-27 -7.773538e-27 -1.745534e-26 -3.547153e-26 -6.530625e-26 -1.090772e-25 -1.655203e-25 -2.285255e-25 -2.874385e-25 -3.297033e-25 -3.451045e-25 -3.297033e-25 -2.874385e-25 -2.285255e-25 -1.655203e-25 -1.090772e-25 -6.530625e-26 -3.547153e-26 -1.745534e-26 -7.773538e-27 -3.130372e-27 -1.139286e-27 -3.746333e-28 -1.112891e-28 -2.986079e-29 -7.234125e-30 -1.580970e-30 -3.111233e-31 -5.494591e-32 -8.653756e-33 -1.201137e-33 -1.434184e-34 -1.390107e-35 -8.940655e-37 1.499124e-38 1.686398e-38 3.486138e-39 5.198330e-40 6.463054e-41 7.034067e-42 6.854868e-43 6.056894e-44 4.889998e-45 3.625731e-46 2.477744e-47 1.564592e-48 9.146155e-50 4.956286e-51 2.492130e-52 1.163474e-53 5.045060e-55 2.032082e-56 7.601790e-58 2.640087e-59 8.506817e-61 2.540768e-62 7.025684e-64 1.795875e-65 4.235557e-67 9.196037e-69 1.833653e-70 2.766657e-72 1.119409e-74 6.906488e-78 7.702483e-82 2.031078e-86 1.565757e-91 4.120265e-97 0.000000e+00
0.000000e+00 2.348806e-93 7.967299e-88 9.317743e-83 3.211931e-78 2.635730e-74 3.932261e-71 8.992369e-69 5.544752e-67 2.598668e-65 1.122041e-63 4.471779e-62 1.648115e-60 5.625967e-59 1.780891e-57 5.232514e-56 1.427917e-54 3.620693e-53 8.531922e-52 1.868235e-50 3.800110e-49 7.175749e-48 1.256688e-46 2.038370e-45 3.056412e-44 4.225493e-43 5.366423e-42 6.227627e-41 6.550346e-40 6.161777e-39 5.057543e-38 3.429160e-37 1.613395e-36 -2.003604e-37 -1.191739e-34 -1.790379e-33 -1.875258e-32 -1.615209e-31 -1.204032e-30 -7.940057e-30 -4.683224e-29 -2.485151e-28 -1.190253e-27 -5.153998e-27 -2.019432e-26 -7.162230e-26 -2.299657e-25 -6.685436e-25 -1.760212e-24 -4.199489e-24 -9.086408e-24 -1.785125e-23 -3.189132e-23 -5.189662e-23 -7.706100e-23 -1.045903e-22 -1.299413e-22 -1.479428e-22 -1.544688e-22 -1.479428e-22 -1.299413e-22 -1.045903e-22 -7.706100e-23 -5.189662e-23 -3.189132e-23 -1.785125e-23 -9.086408e-24 -4.199489e-24 -1.760212e-24 -6.685436e-25 -2.299657e-25 -7.162230e-26 -2.019432e-26 -5.153998e-27 -1.190253e-27 -2.485151e-28 -4.683224e-29 -7.940057e-30 -1.204032e-30 -1.615209e-31 -1.875258e-32 -1.790379e-33 -1.191739e-34 -2.003604e-37 1.613395e-36 3.429160e-37 5.057543e-38 6.161777e-39 6.550346e-40 6.227627e-41 5.366423e-42 4.225493e-43 3.056412e-44 2.038370e-45 1.256688e-46 7.175749e-48 3.800110e-49 1.868235e-50 8.531922e-52 3.620693e-53 1.427917e-54 5.232514e-56 1.780891e-57 5.625967e-59 1.648115e-60 4.471779e-62 1.122041e-63 2.598668e-65 5.544752e-67 8.992369e-69 3.932261e-71 2.635730e-74 3.211931e-78 9.317743e-83 7.967299e-88 2.348806e-93 0.000000e+00
0.000000e+00 2.079351e-90 6.359797e-85 6.761619e-80 2.133392e-75 1.611588e-71 2.224136e-68 4.726051e-66 2.721039e-64 1.195495e-62 4.851947e-61 1.821730e-59 6.337572e-58 2.045340e-56 6.129416e-55 1.706767e-53 4.417862e-52 1.063181e-50 2.378622e-49 4.945612e-48 9.550324e-47 1.711196e-45 2.840955e-44 4.361888e-43 6.176831e-42 8.036955e-41 9.555298e-40 1.029228e-38 9.901412e-38 8.282078e-37 5.663465e-36 2.563330e-35 -3.756830e-35 -2.602801e-33 -3.829122e-32 -4.078137e-31 -3.610816e-30 -2.781527e-29 -1.902023e-28 -1.166338e-27 -6.449131e-27 -3.225212e-26 -1.461141e-25 -6.001216e-25 -2.235296e-24 -7.551341e-24 -2.313899e-23 -6.432717e-23 -1.623256e-22 -3.721223e-22 -7.759285e-22 -1.473959e-21 -2.555600e-21 -4.052573e-21 -5.889660e-21 -7.859577e-21 -9.646352e-21 -1.090230e-20 -1.135530e-20 -1.090230e-20 -9.646352e-21 -7.859577e-21 -5.889660e-21 -4.052573e-21 -2.555600e-21 -1.473959e-21 -7.759285e-22 -3.721223e-22 -1.623256e-22 -6.432717e-23 -2.313899e-23 -7.551341e-24 -2.235296e-24 -6.001216e-25 -1.461141e-25 -3.225212e-26 -6.449131e-27 -1.166338e-27 -1.902023e-28 -2.781527e-29 -3.610816e-30 -4.078137e-31 -3.829122e-32 -2.602801e-33 -3.756830e-35 2.563330e-35 5.663465e-36 8.282078e-37 9.901412e-38 1.029228e-38 9.555298e-40 8.036955e-41 6.176831e-42 4.361888e-43 2.840955e-44 1.711196e-45 9.550324e-47 4.945612e-48 2.378622e-49 1.063181e-50 4.417862e-52 1.706767e-53 6.129416e-55 2.045340e-56 6.337572e-58 1.821730e-59 4.851947e-61 1.195495e-62 2.721039e-64 4.726051e-66 2.224136e-68 1.611588e-71 2.133392e-75 6.761619e-80 6.359797e-85 2.079351e-90 0.000000e+00
0.000000e+00 3.157371e-88 8.785859e-83 8.556549e-78 2.487221e-73 1.739397e-69 2.231577e-66 4.425195e-64 2.388124e-62 9.869266e-61 3.776312e-59 1.339342e-57 4.408525e-56 1.347988e-54 3.831471e-53 1.012788e-51 2.490145e-50 5.694492e-49 1.210785e-47 2.392166e-46 4.387418e-45 7.459638e-44 1.173472e-42 1.703306e-41 2.272466e-40 2.770850e-39 3.060512e-38 3.016866e-37 2.579374e-36 1.788795e-35 7.888642e-35 -2.146799e-34 -1.022527e-32 -1.506803e-31 -1.643418e-30 -1.500812e-29 -1.196969e-28 -8.496473e-28 -5.420089e-27 -3.123782e-26 -1.631268e-25 -7.730532e-25 -3.326979e-24 -1.300662e-23 -4.619287e-23 -1.490360e-22 -4.368957e-22 -1.164155e-21 -2.821769e-21 -6.229037e-21 -1.254308e-20 -2.308486e-20 -3.891864e-20 -6.024373e-20 -8.581873e-20 -1.127380e-19 -1.368145e-19 -1.535800e-19 -1.595987e-19 -1.535800e-19 -1.368145e-19 -1.127380e-19 -8.581873e-20 -6.024373e-20 -3.891864e-20 -2.308486e-20 -1.254308e-20 -6.229037e-21 -2.821769e-21 -1.164155e-21 -4.368957e-22 -1.490360e-22 -4.619287e-23 -1.300662e-23 -3.326979e-24 -7.730532e-25 -1.631268e-25 -3.123782e-26 -5.420089e-27 -8.496473e-28 -1.196969e-28 -1.500812e-29 -1.643418e-30 -1.506803e-31 -1.022527e-32 -2.146799e-34 7.888642e-35 1.788795e-35 2.579374e-36 3.016866e-37 3.060512e-38 2.770850e-39 2.272466e-40 1.703306e-41 1.173472e-42 7.459638e-44 4.387418e-45 2.392166e-46 1.210785e-47 5.694492e-49 2.490145e-50 1.012788e-51 3.831471e-53 1.347988e-54 4.408525e-56 1.339342e-57 3.776312e-59 9.869266e-61 2.388124e-62 4.425195e-64 2.231577e-66 1.739397e-69 2.487221e-73 8.556549e-78 8.785859e-83 3.157371e-88 0.000000e+00
0.000000e+00 2.255064e-86 5.756082e-81 5.171904e-76 1.393766e-71 9.073922e-68 1.087619e-64 2.021738e-62 1.026819e-60 4.006188e-59 1.450058e-57 4.873047e-56 1.521936e-54 4.420548e-53 1.194632e-51 3.004402e-50 7.031173e-49 1.530767e-47 3.098424e-46 5.825240e-45 1.015859e-43 1.640071e-42 2.444699e-41 3.351530e-40 4.201797e-39 4.774540e-38 4.843742e-37 4.261977e-36 3.037097e-35 1.360962e-34 -4.343870e-34 -1.982269e-32 -3.003469e-31 -3.389263e-30 -3.211095e-29 -2.662048e-28 -1.967461e-27 -1.308880e-26 -7.879193e-26 -4.304411e-25 -2.137297e-24 -9.652692e-24 -3.966157e-23 -1.482620e-22 -5.042017e-22 -1.559952e-21 -4.392082e-21 -1.126032e-20 -2.631513e-20 -5.614208e-20 -1.095576e-19 -1.960034e-19 -3.222874e-19 -4.883099e-19 -6.834152e-19 -8.854450e-19 -1.063929e-18 -1.187198e-18 -1.231269e-18 -1.187198e-18 -1.063929e-18 -8.854450e-19 -6.834152e-19 -4.883099e-19 -3.222874e-19 -1.960034e-19 -1.095576e-19 -5.614208e-20 -2.631513e-20 -1.126032e-20 -4.392082e-21 -1.559952e-21 -5.042017e-22 -1.482620e-22 -3.966157e-23 -9.652692e-24 -2.137297e-24 -4.304411e-25 -7.879193e-26 -1.308880e-26 -1.967461e-27 -2.662048e-28 -3.211095e-29 -3.389263e-30 -3.003469e-31 -1.982269e-32 -4.343870e-34 1.360962e-34 3.037097e-35 4.261977e-36 4.843742e-37 4.774540e-38 4.201797e-39 3.351530e-40 2.444699e-41 1.640071e-42 1.015859e-43 5.825240e-45 3.098424e-46 1.530767e-47 7.031173e-49 3.004402e-50 1.194632e-51 4.420548e-53 1.521936e-54 4.873047e-56 1.450058e-57 4.006188e-59 1.026819e-60 2.021738e-62 1.087619e-64 9.073922e-68 1.393766e-71 5.171904e-76 5.756082e-81 2.255064e-86 0.000000e+00
0.000000e+00 1.421109e-84 3.347749e-79 2.789665e-74 7.001104e-70 4.259700e-66 4.786169e-63 8.364280e-61 4.008165e-59 1.479629e-57 5.075837e-56 1.618927e-54 4.804218e-53 1.327075e-51 3.413039e-50 8.172377e-49 1.821341e-47 3.775881e-46 7.274931e-45 1.300882e-43 2.154853e-42 3.297616e-41 4.644223e-40 5.985191e-39 6.995487e-38 7.303834e-37 6.616175e-36 4.851362e-35 2.223636e-34 -7.830717e-34 -3.556130e-32 -5.556304e-31 -6.490337e-30 -6.377703e-29 -5.492268e-28 -4.222727e-27 -2.926527e-26 -1.837875e-25 -1.048938e-24 -5.449114e-24 -2.578429e-23 -1.111558e-22 -4.365523e-22 -1.561740e-21 -5.088848e-21 -1.510521e-20 -4.086288e-20 -1.008342e-19 -2.272764e-19 -4.687835e-19 -8.868623e-19 -1.542911e-18 -2.475336e-18 -3.672313e-18 -5.051103e-18 -6.456043e-18 -7.682317e-18 -8.522421e-18 -8.821561e-18 -8.522421e-18 -7.682317e-18 -6.456043e-18 -5.051103e-18 -3.672313e-18 -2.475336e-18 -1.542911e-18 -8.868623e-19 -4.687835e-19 -2.272764e-19 -1.008342e-19 -4.086288e-20 -1.510521e-20 -5.088848e-21 -1.561740e-21 -4.365523e-22 -1.111558e-22 -2.578429e-23 -5.449114e-24 -1.048938e-24 -1.837875e-25 -2.926527e-26 -4.222727e-27 -5.492268e-28 -6.377703e-29 -6.490337e-30 -5.556304e-31 -3.556130e-32 -7.830717e-34 2.223636e-34 4.851362e-35 6.616175e-36 7.303834e-37 6.995487e-38 5.985191e-39 4.644223e-40 3.297616e-41 2.154853e-42 1.300882e-43 7.274931e-45 3.775881e-46 1.821341e-47 8.172377e-49 3.413039e-50 1.327075e-51 4.804218e-53 1.618927e-54 5.075837e-56 1.479629e-57 4.008165e-59 8.364280e-61 4.786169e-63 4.259700e-66 7.001104e-70 2.789665e-74 3.347749e-79 1.421109e-84 0.000000e+00
0.000000e+00 8.116572e-83 1.773449e-77 1.376389e-72 3.228587e-68 1.841560e-64 1.944817e-61 3.202561e-59 1.450806e-57 5.075839e-56 1.652595e-54 5.008234e-53 1.413421e-51 3.715610e-50 9.098224e-49 2.074597e-47 4.402692e-46 8.687971e-45 1.592054e-43 2.704064e-42 4.245574e-41 6.138322e-40 8.126074e-39 9.762180e-38 1.048188e-36 9.767894e-36 7.365251e-35 3.452826e-34 -1.327881e-33 -6.032592e-32 -9.714170e-31 -1.173404e-29 -1.194484e-28 -1.067153e-27 -8.523302e-27 -6.144389e-26 -4.019073e-25 -2.392326e-24 -1.297885e-23 -6.422166e-23 -2.898947e-22 -1.193632e-21 -4.482081e-21 -1.534579e-20 -4.790642e-20 -1.364008e-19 -3.544530e-19 -8.416499e-19 -1.829272e-18 -3.647232e-18 -6.688611e-18 -1.131536e-17 -1.771247e-17 -2.573093e-17 -3.478425e-17 -4.386213e-17 -5.169040e-17 -5.701036e-17 -5.889704e-17 -5.701036e-17 -5.169040e-17 -4.386213e-17 -3.478425e-17 -2.573093e-17 -1.771247e-17 -1.131536e-17 -6.688611e-18 -3.647232e-18 -1.829272e-18 -8.416499e-19 -3.544530e-19 -1.364008e-19 -4.790642e-20 -1.534579e-20 -4.482081e-21 -1.193632e-21 -2.898947e-22 -6.422166e-23 -1.297885e-23 -2.392326e-24 -4.019073e-25 -6.144389e-26 -8.523302e-27 -1.067153e-27 -1.194484e-28 -1.173404e-29 -9.714170e-31 -6.032592e-32 -1.327881e-33 3.452826e-34 7.365251e-35 9.767894e-36 1.048188e-36 9.762180e-38 8.126074e-39 6.138322e-40 4.245574e-41 2.704064e-42 1.592054e-43 8.687971e-45 4.402692e-46 2.074597e-47 9.098224e-49 3.715610e-50 1.413421e-51 5.008234e-53 1.652595e-54 5.075839e-56 1.450806e-57 3.202561e-59 1.944817e-61 1.841560e-64 3.228587e-68 1.376389e-72 1.773449e-77 8.116572e-83 0.000000e+00
0.000000e+00 4.220755e-81 8.590264e-76 6.232137e-71 1.370637e-66 7.348801e-63 7.311047e-60 1.136613e-57 4.875670e-56 1.618928e-54 5.008234e-53 1.443425e-51 3.876737e-50 9.702967e-49 2.262557e-47 4.912649e-46 9.923613e-45 1.862489e-43 3.241727e-42 5.218736e-41 7.741061e-40 1.051983e-38 1.298084e-37 1.432356e-36 1.372210e-35 1.063367e-34 5.098882e-34 -2.121602e-33 -9.685156e-32 -1.606448e-30 -2.004765e-29 -2.111813e-28 -1.954956e-27 -1.619918e-26 -1.213027e-25 -8.251980e-25 -5.114827e-24 -2.893109e-23 -1.494393e-22 -7.050261e-22 -3.037547e-21 -1.194792e-20 -4.289301e-20 -1.405196e-19 -4.201347e-19 -1.146969e-18 -2.861859e-18 -6.536408e-18 -1.369407e-17 -2.638526e-17 -4.689562e-17 -7.713510e-17 -1.177999e-16 -1.675614e-16 -2.226256e-16 -2.769546e-16 -3.232399e-16 -3.544411e-16 -3.654616e-16 -3.544411e-16 -3.232399e-16 -2.769546e-16 -2.226256e-16 -1.675614e-16 -1.177999e-16 -7.713510e-17 -4.689562e-17 -2.638526e-17 -1.369407e-17 -6.536408e-18 -2.861859e-18 -1.146969e-18 -4.201347e-19 -1.405196e-19 -4.289301e-20 -1.194792e-20 -3.037547e-21 -7.050261e-22 -1.494393e-22 -2.893109e-23 -5.114827e-24 -8.251980e-25 -1.213027e-25 -1.619918e-26 -1.954956e-27 -2.111813e-28 -2.004765e-29 -1.606448e-30 -9.685156e-32 -2.121602e-33 5.098882e-34 1.063367e-34 1.372210e-35 1.432356e-36 1.298084e-37 1.051983e-38 7.741061e-40 5.218736e-41 3.241727e-42 1.862489e-43 9.923613e-45 4.912649e-46 2.262557e-47 9.702967e-49 3.876737e-50 1.443425e-51 5.008234e-53 1.618928e-54 4.875670e-56 1.136613e-57 7.311047e-60 7.348801e-63 1.370637e-66 6.232137e-71 8.590264e-76 4.220755e-81 0.000000e+00
0.000000e+00 2.006108e-79 3.817050e-74 2.596726e-69 5.368941e-65 2.712024e-61 2.546614e-58 3.743800e-56 1.522789e-54 4.804220e-53 1.413421e-51 3.876737e-50 9.913287e-49 2.362781e-47 5.246336e-46 1.084276e-44 2.083120e-43 3.713438e-42 6.126051e-41 9.316945e-40 1.298928e-38 1.645222e-37 1.864412e-36 1.835013e-35 1.460630e-34 7.164287e-34 -3.198632e-33 -1.472672e-31 -2.514772e-30 -3.239438e-29 -3.527578e-28 -3.379908e-27 -2.902082e-26 -2.254409e-25 -1.592813e-24 -1.026560e-23 -6.044631e-23 -3.254043e-22 -1.601802e-21 -7.208487e-21 -2.964633e-20 -1.113823e-19 -3.821615e-19 -1.197370e-18 -3.426702e-18 -8.964174e-18 -2.146309e-17 -4.712473e-17 -9.511889e-17 -1.770331e-16 -3.048439e-16 -4.873869e-16 -7.260516e-16 -1.011092e-15 -1.320154e-15 -1.620154e-15 -1.872624e-15 -2.041430e-15 -2.100810e-15 -2.041430e-15 -1.872624e-15 -1.620154e-15 -1.320154e-15 -1.011092e-15 -7.260516e-16 -4.873869e-16 -3.048439e-16 -1.770331e-16 -9.511889e-17 -4.712473e-17 -2.146309e-17 -8.964174e-18 -3.426702e-18 -1.197370e-18 -3.821615e-19 -1.113823e-19 -2.964633e-20 -7.208487e-21 -1.601802e-21 -3.254043e-22 -6.044631e-23 -1.026560e-23 -1.592813e-24 -2.254409e-25 -2.902082e-26 -3.379908e-27 -3.527578e-28 -3.239438e-29 -2.514772e-30 -1.472672e-31 -3.198632e-33 7.164287e-34 1.460630e-34 1.835013e-35 1.864412e-36 1.645222e-37 1.298928e-38 9.316945e-40 6.126051e-41 3.713438e-42 2.083120e-43 1.084276e-44 5.246336e-46 2.362781e-47 9.913287e-49 3.876737e-50 1.413421e-51 4.804220e-53 1.522789e-54 3.743800e-56 2.546614e-58 2.712024e-61 5.368941e-65 2.596726e-69 3.817050e-74 2.006108e-79 0.000000e+00
0.000000e+00 8.743193e-78 1.560139e-72 9.979208e-68 1.944149e-63 9.270123e-60 8.229321e-57 1.145542e-54 4.423123e-53 1.327076e-51 3.715610e-50 9.702967e-49 2.362781e-47 5.362491e-46 1.133353e-44 2.227754e-43 4.065147e-42 6.868384e-41 1.070420e-39 1.530062e-38 1.988048e-37 2.312288e-36 2.336698e-35 1.909505e-34 9.581814e-34 -4.555966e-33 -2.122166e-31 -3.728973e-30 -4.954242e-29 -5.571644e-28 -5.519534e-27 -4.905307e-26 -3.948321e-25 -2.893576e-24 -1.936494e-23 -1.185322e-22 -6.640412e-22 -3.405234e-21 -1.598053e-20 -6.860231e-20 -2.692594e-19 -9.658125e-19 -3.165107e-18 -9.477110e-18 -2.593963e-17 -6.496802e-17 -1.491440e-16 -3.145516e-16 -6.112726e-16 -1.098313e-15 -1.831430e-15 -2.845071e-15 -4.132873e-15 -5.633307e-15 -7.226835e-15 -8.748157e-15 -1.001258e-14 -1.085100e-14 -1.114470e-14 -1.085100e-14 -1.001258e-14 -8.748157e-15 -7.226835e-15 -5.633307e-15 -4.132873e-15 -2.845071e-15 -1.831430e-15 -1.098313e-15 -6.112726e-16 -3.145516e-16 -1.491440e-16 -6.496802e-17 -2.593963e-17 -9.477110e-18 -3.165107e-18 -9.658125e-19 -2.692594e-19 -6.860231e-20 -1.598053e-20 -3.405234e-21 -6.640412e-22 -1.185322e-22 -1.936494e-23 -2.893576e-24 -3.948321e-25 -4.905307e-26 -5.519534e-27 -5.571644e-28 -4.954242e-29 -3.728973e-30 -2.122166e-31 -4.555966e-33 9.581814e-34 1.909505e-34 2.336698e-35 2.312288e-36 1.988048e-37 1.530062e-38 1.070420e-39 6.868384e-41 4.065147e-42 2.227754e-43 1.133353e-44 5.362491e-46 2.362781e-47 9.702967e-49 3.715610e-50 1.327076e-51 4.423123e-53 1.145542e-54 8.229321e-57 9.270123e-60 1.944149e-63 9.979208e-68 1.560139e-72 8.743193e-78 0.000000e+00
0.000000e+00 3.503579e-76 5.878882e-71 3.543719e-66 6.517913e-62 2.938478e-58 2.469398e-55 3.258403e-53 1.195354e-51 3.413042e-50 9.098224e-49 2.262557e-47 5.246336e-46 1.133353e-44 2.278147e-43 4.253205e-42 7.355945e-41 1.174103e-39 1.719719e-38 2.290867e-37 2.733106e-36 2.834203e-35 2.376621e-34 1.220254e-33 -6.136621e-33 -2.899765e-31 -5.240660e-30 -7.175563e-29 -8.326679e-28 -8.520313e-27 -7.829261e-26 -6.522342e-25 -4.952234e-24 -3.437164e-23 -2.184152e-22 -1.271589e-21 -6.783246e-21 -3.314645e-20 -1.482952e-19 -6.070796e-19 -2.272672e-18 -7.776860e-18 -2.432019e-17 -6.952095e-17 -1.817903e-16 -4.354408e-16 -9.574014e-16 -1.937651e-15 -3.622046e-15 -6.277821e-15 -1.013036e-14 -1.528238e-14 -2.163782e-14 -2.885675e-14 -3.636222e-14 -4.340639e-14 -4.918654e-14 -5.298660e-14 -5.431210e-14 -5.298660e-14 -4.918654e-14 -4.340639e-14 -3.636222e-14 -2.885675e-14 -2.163782e-14 -1.528238e-14 -1.013036e-14 -6.277821e-15 -3.622046e-15 -1.937651e-15 -9.574014e-16 -4.354408e-16 -1.817903e-16 -6.952095e-17 -2.432019e-17 -7.776860e-18 -2.272672e-18 -6.070796e-19 -1.482952e-19 -3.314645e-20 -6.783246e-21 -1.271589e-21 -2.184152e-22 -3.437164e-23 -4.952234e-24 -6.522342e-25 -7.829261e-26 -8.520313e-27 -8.326679e-28 -7.175563e-29 -5.240660e-30 -2.899765e-31 -6.136621e-33 1.220254e-33 2.376621e-34 2.834203e-35 2.733106e-36 2.290867e-37 1.719719e-38 1.174103e-39 7.355945e-41 4.253205e-42 2.278147e-43 1.133353e-44 5.246336e-46 2.262557e-47 9.098224e-49 3.413042e-50 1.195354e-51 3.258403e-53 2.469398e-55 2.938478e-58 6.517913e-62 3.543719e-66 5.878882e-71 3.503579e-76 0.000000e+00
0.000000e+00 1.293763e-74 2.046107e-69 1.164592e-64 2.025586e-60 8.645874e-57 6.885528e-54 8.619496e-52 3.006286e-50 8.172383e-49 2.074597e-47 4.912649e-46 1.084276e-44 2.227754e-43 4.253205e-42 7.525980e-41 1.229622e-39 1.844526e-38 2.517743e-37 3.079403e-36 3.275063e-35 2.816874e-34 1.480149e-33 -7.822434e-33 -3.758847e-31 -6.983920e-30 -9.847749e-29 -1.178142e-27 -1.244076e-26 -1.180826e-25 -1.017070e-24 -7.991772e-24 -5.745845e-23 -3.785884e-22 -2.287596e-21 -1.267734e-20 -6.441376e-20 -2.999065e-19 -1.278633e-18 -4.988211e-18 -1.779539e-17 -5.802997e-17 -1.729614e-16 -4.713896e-16 -1.175973e-15 -2.690113e-15 -5.657248e-15 -1.097313e-14 -1.970802e-14 -3.291673e-14 -5.135650e-14 -7.517767e-14 -1.036782e-13 -1.352080e-13 -1.672730e-13 -1.968382e-13 -2.207770e-13 -2.363757e-13 -2.417926e-13 -2.363757e-13 -2.207770e-13 -1.968382e-13 -1.672730e-13 -1.352080e-13 -1.036782e-13 -7.517767e-14 -5.135650e-14 -3.291673e-14 -1.970802e-14 -1.097313e-14 -5.657248e-15 -2.690113e-15 -1.175973e-15 -4.713896e-16 -1.729614e-16 -5.802997e-17 -1.779539e-17 -4.988211e-18 -1.278633e-18 -2.999065e-19 -6.441376e-20 -1.267734e-20 -2.287596e-21 -3.785884e-22 -5.745845e-23 -7.991772e-24 -1.017070e-24 -1.180826e-25 -1.244076e-26 -1.178142e-27 -9.847749e-29 -6.983920e-30 -3.758847e-31 -7.822434e-33 1.480149e-33 2.816874e-34 3.275063e-35 3.079403e-36 2.517743e-37 1.844526e-38 1.229622e-39 7.525980e-41 4.253205e-42 2.227754e-43 1.084276e-44 4.912649e-46 2.074597e-47 8.172383e-49 3.006286e-50 8.619496e-52 6.885528e-54 8.645874e-57 2.025586e-60 1.164592e-64 2.046107e-69 1.293763e-74 0.000000e+00
0.000000e+00 4.410608e-73 6.587425e-68 3.546164e-63 5.840571e-59 2.362835e-55 1.784786e-52 2.120915e-50 7.035739e-49 1.821343e-47 4.402692e-46 9.923613e-45 2.083120e-43 4.065147e-42 7.355945e-41 1.229622e-39 1.888094e-38 2.639405e-37 3.307727e-36 3.606116e-35 3.180000e-34 1.710453e-33 -9.442260e-33 -4.623994e-31 -8.828848e-30 -1.281193e-28 -1.578984e-27 -1.719170e-26 -1.683957e-25 -1.498143e-24 -1.217003e-23 -9.054035e-23 -6.178621e-22 -3.870209e-21 -2.225368e-20 -1.174205e-19 -5.681858e-19 -2.519406e-18 -1.022815e-17 -3.798711e-17 -1.289835e-16 -4.002555e-16 -1.135224e-15 -2.944822e-15 -6.996442e-15 -1.525812e-14 -3.063821e-14 -5.686339e-14 -9.797953e-14 -1.574872e-13 -2.372829e-13 -3.366873e-13 -4.518552e-13 -5.757714e-13 -6.988872e-13 -8.102977e-13 -8.992423e-13 -9.566556e-13 -9.764992e-13 -9.566556e-13 -8.992423e-13 -8.102977e-13 -6.988872e-13 -5.757714e-13 -4.518552e-13 -3.366873e-13 -2.372829e-13 -1.574872e-13 -9.797953e-14 -5.686339e-14 -3.063821e-14 -1.525812e-14 -6.996442e-15 -2.944822e-15 -1.135224e-15 -4.002555e-16 -1.289835e-16 -3.798711e-17 -1.022815e-17 -2.519406e-18 -5.681858e-19 -1.174205e-19 -2.225368e-20 -3.870209e-21 -6.178621e-22 -9.054035e-23 -1.217003e-23 -1.498143e-24 -1.683957e-25 -1.719170e-26 -1.578984e-27 -1.281193e-28 -8.828848e-30 -4.623994e-31 -9.442260e-33 1.710453e-33 3.180000e-34 3.606116e-35 3.307727e-36 2.639405e-37 1.888094e-38 1.229622e-39 7.355945e-41 4.065147e-42 2.083120e-43 9.923613e-45 4.402692e-46 1.821343e-47 7.035739e-49 2.120915e-50 1.784786e-52 2.362835e-55 5.840571e-59 3.546164e-63 6.587425e-68 4.410608e-73 0.000000e+00
0.000000e+00 1.390232e-71 1.964127e-66 1.001401e-61 1.563529e-57 6.000335e-54 4.301452e-51 4.854028e-49 1.531795e-47 3.775885e-46 8.687971e-45 1.862489e-43 3.713438e-42 6.868384e-41 1.174103e-39 1.844526e-38 2.639405e-37 3.387507e-36 3.783886e-35 3.419788e-34 1.883395e-33 -1.079753e-32 -5.399813e-31 -1.059111e-29 -1.580698e-28 -2.005363e-27 -2.249442e-26 -2.271879e-25 -2.085772e-24 -1.749976e-23 -1.345804e-22 -9.501794e-22 -6.163077e-21 -3.672676e-20 -2.010006e-19 -1.009597e-18 -4.650022e-18 -1.961984e-17 -7.576081e-17 -2.675001e-16 -8.630883e-16 -2.544036e-15 -6.852450e-15 -1.688280e-14 -3.811586e-14 -7.907120e-14 -1.512757e-13 -2.680945e-13 -4.423281e-13 -6.829993e-13 -9.921570e-13 -1.362612e-12 -1.777267e-12 -2.210276e-12 -2.629799e-12 -3.001811e-12 -3.294293e-12 -3.481162e-12 -3.545417e-12 -3.481162e-12 -3.294293e-12 -3.001811e-12 -2.629799e-12 -2.210276e-12 -1.777267e-12 -1.362612e-12 -9.921570e-13 -6.829993e-13 -4.423281e-13 -2.680945e-13 -1.512757e-13 -7.907120e-14 -3.811586e-14 -1.688280e-14 -6.852450e-15 -2.544036e-15 -8.630883e-16 -2.675001e-16 -7.576081e-17 -1.961984e-17 -4.650022e-18 -1.009597e-18 -2.010006e-19 -3.672676e-20 -6.163077e-21 -9.501794e-22 -1.345804e-22 -1.749976e-23 -2.085772e-24 -2.271879e-25 -2.249442e-26 -2.005363e-27 -1.580698e-28 -1.059111e-29 -5.399813e-31 -1.079753e-32 1.883395e-33 3.419788e-34 3.783886e-35 3.387507e-36 2.639405e-37 1.844526e-38 1.174103e-39 6.868384e-41 3.713438e-42 1.862489e-43 8.687971e-45 3.775885e-46 1.531795e-47 4.854028e-49 4.301452e-51 6.000335e-54 1.563529e-57 1.001401e-61 1.964127e-66 1.390232e-71 0.000000e+00
0.000000e+00 4.056265e-70 5.428461e-65 2.624210e-60 3.887560e-56 1.416146e-52 9.638146e-50 1.032947e-47 3.100578e-46 7.274939e-45 1.592054e-43 3.241727e-42 6.126051e-41 1.070420e-39 1.719719e-38 2.517743e-37 3.307727e-36 3.783886e-35 3.503638e-34 1.976261e-33 -1.170094e-32 -5.987343e-31 -1.205924e-29 -1.849973e-28 -2.414290e-27 -2.787934e-26 -2.900941e-25 -2.746043e-24 -2.377424e-23 -1.888181e-22 -1.377879e-21 -9.244924e-21 -5.703477e-20 -3.234038e-19 -1.684240e-18 -8.048285e-18 -3.525090e-17 -1.413547e-16 -5.183827e-16 -1.736957e-15 -5.314426e-15 -1.484519e-14 -3.787830e-14 -8.839814e-14 -1.891196e-13 -3.721469e-13 -6.764679e-13 -1.141695e-12 -1.799089e-12 -2.662263e-12 -3.720296e-12 -4.935187e-12 -6.244230e-12 -7.566538e-12 -8.812115e-12 -9.891709e-12 -1.072594e-11 -1.125277e-11 -1.143287e-11 -1.125277e-11 -1.072594e-11 -9.891709e-12 -8.812115e-12 -7.566538e-12 -6.244230e-12 -4.935187e-12 -3.720296e-12 -2.662263e-12 -1.799089e-12 -1.141695e-12 -6.764679e-13 -3.721469e-13 -1.891196e-13 -8.839814e-14 -3.787830e-14 -1.484519e-14 -5.314426e-15 -1.736957e-15 -5.183827e-16 -1.413547e-16 -3.525090e-17 -8.048285e-18 -1.684240e-18 -3.234038e-19 -5.703477e-20 -9.244924e-21 -1.377879e-21 -1.888181e-22 -2.377424e-23 -2.746043e-24 -2.900941e-25 -2.787934e-26 -2.414290e-27 -1.849973e-28 -1.205924e-29 -5.987343e-31 -1.170094e-32 1.976261e-33 3.503638e-34 3.783886e-35 3.307727e-36 2.517743e-37 1.719719e-38 1.070420e-39 6.126051e-41 3.241727e-42 1.592054e-43 7.274939e-45 3.100578e-46 1.032947e-47 9.638146e-50 1.416146e-52 3.887560e-56 2.624210e-60 5.428461e-65 4.056265e-70 0.000000e+00
0.000000e+00 1.096466e-68 1.391579e-63 6.384091e-59 8.979186e-55 3.105977e-51 2.007145e-48 2.042602e-46 5.829425e-45 1.300884e-43 2.704064e-42 5.218736e-41 9.316945e-40 1.530062e-38 2.290867e-37 3.079403e-36 3.606116e-35 3.419788e-34 1.976261e-33 -1.201833e-32 -6.304435e-31 -1.303517e-29 -2.054273e-28 -2.755997e-27 -3.273965e-26 -3.507082e-25 -3.420199e-24 -3.052932e-23 -2.501819e-22 -1.885231e-21 -1.307187e-20 -8.340484e-20 -4.894844e-19 -2.640255e-18 -1.307580e-17 -5.938640e-17 -2.470254e-16 -9.398709e-16 -3.266965e-15 -1.036443e-14 -2.999249e-14 -7.916493e-14 -1.907348e-13 -4.201930e-13 -8.488266e-13 -1.578604e-12 -2.716437e-12 -4.350353e-12 -6.524601e-12 -9.221698e-12 -1.235677e-11 -1.578509e-11 -1.931961e-11 -2.275336e-11 -2.588151e-11 -2.851947e-11 -3.051555e-11 -3.175831e-11 -3.218011e-11 -3.175831e-11 -3.051555e-11 -2.851947e-11 -2.588151e-11 -2.275336e-11 -1.931961e-11 -1.578509e-11 -1.235677e-11 -9.221698e-12 -6.524601e-12 -4.350353e-12 -2.716437e-12 -1.578604e-12 -8.488266e-13 -4.201930e-13 -1.907348e-13 -7.916493e-14 -2.999249e-14 -1.036443e-14 -3.266965e-15 -9.398709e-16 -2.470254e-16 -5.938640e-17 -1.307580e-17 -2.640255e-18 -4.894844e-19 -8.340484e-20 -1.307187e-20 -1.885231e-21 -2.501819e-22 -3.052932e-23 -3.420199e-24 -3.507082e-25 -3.273965e-26 -2.755997e-27 -2.054273e-28 -1.303517e-29 -6.304435e-31 -1.201833e-32 1.976261e-33 3.419788e-34 3.606116e-35 3.079403e-36 2.290867e-37 1.530062e-38 9.316945e-40 5.218736e-41 2.704064e-42 1.300884e-43 5.829425e-45 2.042602e-46 2.007145e-48 3.105977e-51 8.979186e-55 6.384091e-59 1.391579e-63 1.096466e-68 0.000000e+00
0.000000e+00 2.747616e-67 3.309968e-62 1.442022e-57 1.926407e-53 6.328494e-50 3.882423e-47 3.749767e-45 1.016613e-43 2.154856e-42 4.245574e-41 7.741061e-40 1.298928e-38 1.988048e-37 2.733106e-36 3.275063e-35 3.180000e-34 1.883395e-33 -1.170094e-32 -6.304435e-31 -1.337756e-29 -2.164656e-28 -2.983601e-27 -3.643742e-26 -4.015359e-25 -4.031241e-24 -3.707027e-23 -3.131881e-22 -2.434887e-21 -1.743178e-20 -1.149230e-19 -6.973963e-19 -3.892310e-18 -1.995806e-17 -9.389673e-17 -4.047454e-16 -1.596110e-15 -5.749814e-15 -1.889628e-14 -5.659460e-14 -1.543822e-13 -3.836070e-13 -8.691342e-13 -1.799437e-12 -3.416123e-12 -5.974977e-12 -9.684650e-12 -1.464337e-11 -2.079733e-11 -2.793501e-11 -3.571683e-11 -4.372813e-11 -5.153798e-11 -5.874937e-11 -6.503172e-11 -7.013423e-11 -7.388332e-11 -7.617077e-11 -7.693916e-11 -7.617077e-11 -7.388332e-11 -7.013423e-11 -6.503172e-11 -5.874937e-11 -5.153798e-11 -4.372813e-11 -3.571683e-11 -2.793501e-11 -2.079733e-11 -1.464337e-11 -9.684650e-12 -5.974977e-12 -3.416123e-12 -1.799437e-12 -8.691342e-13 -3.836070e-13 -1.543822e-13 -5.659460e-14 -1.889628e-14 -5.749814e-15 -1.596110e-15 -4.047454e-16 -9.389673e-17 -1.995806e-17 -3.892310e-18 -6.973963e-19 -1.149230e-19 -1.743178e-20 -2.434887e-21 -3.131881e-22 -3.707027e-23 -4.031241e-24 -4.015359e-25 -3.643742e-26 -2.983601e-27 -2.164656e-28 -1.337756e-29 -6.304435e-31 -1.170094e-32 1.883395e-33 3.180000e-34 3.275063e-35 2.733106e-36 1.988048e-37 1.298928e-38 7.741061e-40 4.245574e-41 2.154856e-42 1.016613e-43 3.749767e-45 3.882423e-47 6.328494e-50 1.926407e-53 1.442022e-57 3.309968e-62 2.747616e-67 0.000000e+00
0.000000e+00 6.385016e-66 7.306011e-61 3.023946e-56 3.837618e-52 1.197145e-48 6.968723e-46 6.381783e-44 1.641329e-42 3.297622e-41 6.138322e-40 1.051983e-38 1.645222e-37 2.312288e-36 2.834203e-35 2.816874e-34 1.710453e-33 -1.079753e-32 -5.987343e-31 -1.303517e-29 -2.164656e-28 -3.063535e-27 -3.843866e-26 -4.354699e-25 -4.497520e-24 -4.257532e-23 -3.705440e-22 -2.969788e-21 -2.193374e-20 -1.492835e-19 -9.358809e-19 -5.399728e-18 -2.863968e-17 -1.394470e-16 -6.223225e-16 -2.541304e-15 -9.479417e-15 -3.224494e-14 -9.987207e-14 -2.813362e-13 -7.203521e-13 -1.676846e-12 -3.553330e-12 -6.872564e-12 -1.218244e-11 -1.990199e-11 -3.016635e-11 -4.273963e-11 -5.703282e-11 -7.221514e-11 -8.737409e-11 -1.016713e-10 -1.144541e-10 -1.253058e-10 -1.340377e-10 -1.406397e-10 -1.452097e-10 -1.478801e-10 -1.487569e-10 -1.478801e-10 -1.452097e-10 -1.406397e-10 -1.340377e-10 -1.253058e-10 -1.144541e-10 -1.016713e-10 -8.737409e-11 -7.221514e-11 -5.703282e-11 -4.273963e-11 -3.016635e-11 -1.990199e-11 -1.218244e-11 -6.872564e-12 -3.553330e-12 -1.676846e-12 -7.203521e-13 -2.813362e-13 -9.987207e-14 -3.224494e-14 -9.479417e-15 -2.541304e-15 -6.223225e-16 -1.394470e-16 -2.863968e-17 -5.399728e-18 -9.358809e-19 -1.492835e-19 -2.193374e-20 -2.969788e-21 -3.705440e-22 -4.257532e-23 -4.497520e-24 -4.354699e-25 -3.843866e-26 -3.063535e-27 -2.164656e-28 -1.303517e-29 -5.987343e-31 -1.079753e-32 1.710453e-33 2.816874e-34 2.834203e-35 2.312288e-36 1.645222e-37 1.051983e-38 6.138322e-40 3.297622e-41 1.641329e-42 6.381783e-44 6.968723e-46 1.197145e-48 3.837618e-52 3.023946e-56 7.306011e-61 6.385016e-66 0.000000e+00
0.000000e+00 1.376132e-64 1.496330e-59 5.885078e-55 7.094285e-51 2.100522e-47 1.159146e-44 1.004984e-42 2.446637e-41 4.644232e-40 8.126074e-39 1.298084e-37 1.864412e-36 2.336698e-35 2.376621e-34 1.480149e-33 -9.442260e-33 -5.399813e-31 -1.205924e-29 -2.054273e-28 -2.983601e-27 -3.843866e-26 -4.474013e-25 -4.750323e-24 -4.625960e-23 -4.144470e-22 -3.421660e-21 -2.604990e-20 -1.828885e-19 -1.183502e-18 -7.053010e-18 -3.866187e-17 -1.946519e-16 -8.986086e-16 -3.796759e-15 -1.465311e-14 -5.155223e-14 -1.650131e-13 -4.797151e-13 -1.264898e-12 -3.022930e-12 -6.549501e-12 -1.288423e-11 -2.308456e-11 -3.785104e-11 -5.715996e-11 -8.010070e-11 -1.050124e-10 -1.298567e-10 -1.526714e-10 -1.719517e-10 -1.868655e-10 -1.972838e-10 -2.036675e-10 -2.068708e-10 -2.079231e-10 -2.078295e-10 -2.074147e-10 -2.072147e-10 -2.074147e-10 -2.078295e-10 -2.079231e-10 -2.068708e-10 -2.036675e-10 -1.972838e-10 -1.868655e-10 -1.719517e-10 -1.526714e-10 -1.298567e-10 -1.050124e-10 -8.010070e-11 -5.715996e-11 -3.785104e-11 -2.308456e-11 -1.288423e-11 -6.549501e-12 -3.022930e-12 -1.264898e-12 -4.797151e-13 -1.650131e-13 -5.155223e-14 -1.465311e-14 -3.796759e-15 -8.986086e-16 -1.946519e-16 -3.866187e-17 -7.053010e-18 -1.183502e-18 -1.828885e-19 -2.604990e-20 -3.421660e-21 -4.144470e-22 -4.625960e-23 -4.750323e-24 -4.474013e-25 -3.843866e-26 -2.983601e-27 -2.054273e-28 -1.205924e-29 -5.399813e-31 -9.442260e-33 1.480149e-33 2.376621e-34 2.336698e-35 1.864412e-36 1.298084e-37 8.126074e-39 4.644232e-40 2.446637e-41 1.004984e-42 1.159146e-44 2.100522e-47 7.094285e-51 5.885078e-55 1.496330e-59 1.376132e-64 0.000000e+00
0.000000e+00 2.750380e-63 2.842535e-58 1.062267e-53 1.215848e-49 3.413953e-46 1.783338e-43 1.460441e-41 3.354279e-40 5.985204e-39 9.762180e-38 1.432356e-36 1.835013e-35 1.909505e-34 1.220254e-33 -7.822434e-33 -4.623994e-31 -1.059111e-29 -1.849973e-28 -2.755997e-27 -3.643742e-26 -4.354699e-25 -4.750323e-24 -4.755659e-23 -4.382940e-22 -3.724830e-21 -2.921043e-20 -2.113829e-19 -1.410877e-18 -8.677710e-18 -4.912235e-17 -2.555315e-16 -1.219335e-15 -5.326481e-15 -2.125408e-14 -7.728900e-14 -2.555229e-13 -7.662384e-13 -2.079665e-12 -5.100059e-12 -1.128956e-11 -2.255961e-11 -4.075722e-11 -6.679289e-11 -9.980488e-11 -1.369010e-10 -1.737237e-10 -2.055775e-10 -2.286050e-10 -2.405951e-10 -2.412478e-10 -2.319508e-10 -2.152661e-10 -1.943322e-10 -1.723378e-10 -1.521434e-10 -1.360593e-10 -1.257481e-10 -1.222014e-10 -1.257481e-10 -1.360593e-10 -1.521434e-10 -1.723378e-10 -1.943322e-10 -2.152661e-10 -2.319508e-10 -2.412478e-10 -2.405951e-10 -2.286050e-10 -2.055775e-10 -1.737237e-10 -1.369010e-10 -9.980488e-11 -6.679289e-11 -4.075722e-11 -2.255961e-11 -1.128956e-11 -5.100059e-12 -2.079665e-12 -7.662384e-13 -2.555229e-13 -7.728900e-14 -2.125408e-14 -5.326481e-15 -1.219335e-15 -2.555315e-16 -4.912235e-17 -8.677710e-18 -1.410877e-18 -2.113829e-19 -2.921043e-20 -3.724830e-21 -4.382940e-22 -4.755659e-23 -4.750323e-24 -4.354699e-25 -3.643742e-26 -2.755997e-27 -1.849973e-28 -1.059111e-29 -4.623994e-31 -7.822434e-33 1.220254e-33 1.909505e-34 1.835013e-35 1.432356e-36 9.762180e-38 5.985204e-39 3.354279e-40 1.460441e-41 1.783338e-43 3.413953e-46 1.215848e-49 1.062267e-53 2.842535e-58 2.750380e-63 0.000000e+00
0.000000e+00 5.095563e-62 5.005383e-57 1.776675e-52 1.929281e-48 5.130138e-45 2.531014e-42 1.950979e-40 4.205369e-39 6.995506e-38 1.048188e-36 1.372210e-35 1.460630e-34 9.581814e-34 -6.136621e-33 -3.758847e-31 -8.828848e-30 -1.580698e-28 -2.414290e-27 -3.273965e-26 -4.015359e-25 -4.497520e-24 -4.625960e-23 -4.382940e-22 -3.831688e-21 -3.093035e-20 -2.305476e-19 -1.585996e-18 -1.006027e-17 -5.876632e-17 -3.156203e-16 -1.555604e-15 -7.020931e-15 -2.894725e-14 -1.087421e-13 -3.711492e-13 -1.147608e-12 -3.205249e-12 -8.063901e-12 -1.823049e-11 -3.697205e-11 -6.721822e-11 -1.096445e-10 -1.608624e-10 -2.131214e-10 -2.561722e-10 -2.804071e-10 -2.796346e-10 -2.524184e-10 -2.018379e-10 -1.341328e-10 -5.695710e-11 2.215780e-11 9.683092e-11 1.622816e-10 2.153257e-10 2.540884e-10 2.776114e-10 2.854878e-10 2.776114e-10 2.540884e-10 2.153257e-10 1.622816e-10 9.683092e-11 2.215780e-11 -5.695710e-11 -1.341328e-10 -2.018379e-10 -2.524184e-10 -2.796346e-10 -2.804071e-10 -2.561722e-10 -2.131214e-10 -1.608624e-10 -1.096445e-10 -6.721822e-11 -3.697205e-11 -1.823049e-11 -8.063901e-12 -3.205249e-12 -1.147608e-12 -3.711492e-13 -1.087421e-13 -2.894725e-14 -7.020931e-15 -1.555604e-15 -3.156203e-16 -5.876632e-17 -1.006027e-17 -1.585996e-18 -2.305476e-19 -3.093035e-20 -3.831688e-21 -4.382940e-22 -4.625960e-23 -4.497520e-24 -4.015359e-25 -3.273965e-26 -2.414290e-27 -1.580698e-28 -8.828848e-30 -3.758847e-31 -6.136621e-33 9.581814e-34 1.460630e-34 1.372210e-35 1.048188e-36 6.995506e-38 4.205369e-39 1.950979e-40 2.531014e-42 5.130138e-45 1.929281e-48 1.776675e-52 5.005383e-57 5.095563e-62 0.000000e+00
