0.000000e+00 1.311511e-121 1.564591e-115 5.308941e-110 4.634348e-105 8.696092e-101 2.738811e-97 1.237416e-94 1.417672e-92 1.174460e-90 8.633851e-89 5.675580e-87 3.358057e-85 1.798014e-83 8.751707e-82 3.887159e-80 1.580467e-78 5.897841e-77 2.024384e-75 6.402417e-74 1.868300e-72 5.035674e-71 1.254591e-69 2.890569e-68 6.160107e-67 1.214199e-65 2.212822e-64 3.726447e-63 5.793468e-62 8.304759e-61 1.095775e-59 1.327828e-58 1.473259e-57 1.490552e-56 1.367162e-55 1.126998e-54 8.232775e-54 5.194516e-53 2.674804e-52 9.370795e-52 -2.578392e-52 -4.017092e-50 -4.340080e-49 -3.252200e-48 -1.979597e-47 -1.027900e-46 -4.647921e-46 -1.848406e-45 -6.496983e-45 -2.023201e-44 -5.587538e-44 -1.368950e-43 -2.975339e-43 -5.736371e-43 -9.810607e-43 -1.488593e-42 -2.004411e-42 -2.395797e-42 -2.542491e-42 -2.395797e-42 -2.004411e-42 -1.488593e-42 -9.810607e-43 -5.736371e-43 -2.975339e-43 -1.368950e-43 -5.587538e-44 -2.023201e-44 -6.496983e-45 -1.848406e-45 -4.647921e-46 -1.027900e-46 -1.979597e-47 -3.252200e-48 -4.340080e-49 -4.017092e-50 -2.578392e-52 9.370795e-52 2.674804e-52 5.194516e-53 8.232775e-54 1.126998e-54 1.367162e-55 1.490552e-56 1.473259e-57 1.327828e-58 1.095775e-59 8.304759e-61 5.793468e-62 3.726447e-63 2.212822e-64 1.214199e-65 6.160107e-67 2.890569e-68 1.254591e-69 5.035674e-71 1.868300e-72 6.402417e-74 2.024384e-75 5.897841e-77 1.580467e-78 3.887159e-80 8.751707e-82 1.798014e-83 3.358057e-85 5.675580e-87 8.633851e-89 1.174460e-90 1.417672e-92 1.237416e-94 2.738811e-97 8.696092e-101 4.634348e-105 5.308941e-110 1.564591e-115 1.311511e-121 0.000000e+00
0.000000e+00 2.430228e-115 2.156016e-109 5.803053e-104 4.185579e-99 6.674773e-95 1.823819e-91 7.264568e-89 7.438147e-87 5.567298e-85 3.728605e-83 2.248532e-81 1.227623e-79 6.095626e-78 2.763199e-76 1.147171e-74 4.373356e-73 1.534330e-71 4.962581e-70 1.481805e-68 4.089173e-67 1.043701e-65 2.465059e-64 5.388731e-63 1.090281e-61 2.041042e-60 3.533257e-59 5.650953e-58 8.339657e-57 1.133756e-55 1.416618e-54 1.621890e-53 1.694334e-52 1.605363e-51 1.367055e-50 1.030673e-49 6.689759e-49 3.505486e-48 1.185458e-47 -1.708006e-47 -7.303829e-46 -7.833255e-45 -6.060047e-44 -3.856192e-43 -2.107647e-42 -1.008249e-41 -4.260606e-41 -1.597898e-40 -5.331074e-40 -1.583890e-39 -4.192219e-39 -9.885689e-39 -2.076961e-38 -3.888356e-38 -6.488553e-38 -9.655310e-38 -1.281873e-37 -1.519124e-37 -1.607527e-37 -1.519124e-37 -1.281873e-37 -9.655310e-38 -6.488553e-38 -3.888356e-38 -2.076961e-38 -9.885689e-39 -4.192219e-39 -1.583890e-39 -5.331074e-40 -1.597898e-40 -4.260606e-41 -1.008249e-41 -2.107647e-42 -3.856192e-43 -6.060047e-44 -7.833255e-45 -7.303829e-46 -1.708006e-47 1.185458e-47 3.505486e-48 6.689759e-49 1.030673e-49 1.367055e-50 1.605363e-51 1.694334e-52 1.621890e-53 1.416618e-54 1.133756e-55 8.339657e-57 5.650953e-58 3.533257e-59 2.041042e-60 1.090281e-61 5.388731e-63 2.465059e-64 1.043701e-65 4.089173e-67 1.481805e-68 4.962581e-70 1.534330e-71 4.373356e-73 1.147171e-74 2.763199e-76 6.095626e-78 1.227623e-79 2.248532e-81 3.728605e-83 5.567298e-85 7.438147e-87 7.264568e-89 1.823819e-91 6.674773e-95 4.185579e-99 5.803053e-104 2.156016e-109 2.430228e-115 0.000000e+00
0.000000e+00 1.369318e-109 9.636240e-104 2.143051e-98 1.313645e-93 1.817397e-89 4.376502e-86 1.555977e-83 1.438111e-81 9.805184e-80 6.023688e-78 3.351658e-76 1.696792e-74 7.845652e-73 3.323914e-71 1.293739e-69 4.636328e-68 1.532525e-66 4.679130e-65 1.321056e-63 3.451605e-62 8.350018e-61 1.870802e-59 3.881827e-58 7.457470e-57 1.325716e-55 2.178882e-54 3.306764e-53 4.626200e-52 5.952588e-51 7.022632e-50 7.563662e-49 7.390792e-48 6.489541e-47 5.038819e-46 3.355071e-45 1.780415e-44 5.685544e-44 -1.790353e-43 -5.060933e-42 -5.424839e-41 -4.328913e-40 -2.872408e-39 -1.647152e-38 -8.304670e-38 -3.713189e-37 -1.478918e-36 -5.258947e-36 -1.671369e-35 -4.749525e-35 -1.206968e-34 -2.743198e-34 -5.577405e-34 -1.014852e-33 -1.653620e-33 -2.414659e-33 -3.162262e-33 -3.716649e-33 -3.922049e-33 -3.716649e-33 -3.162262e-33 -2.414659e-33 -1.653620e-33 -1.014852e-33 -5.577405e-34 -2.743198e-34 -1.206968e-34 -4.749525e-35 -1.671369e-35 -5.258947e-36 -1.478918e-36 -3.713189e-37 -8.304670e-38 -1.647152e-38 -2.872408e-39 -4.328913e-40 -5.424839e-41 -5.060933e-42 -1.790353e-43 5.685544e-44 1.780415e-44 3.355071e-45 5.038819e-46 6.489541e-47 7.390792e-48 7.563662e-49 7.022632e-50 5.952588e-51 4.626200e-52 3.306764e-53 2.178882e-54 1.325716e-55 7.457470e-57 3.881827e-58 1.870802e-59 8.350018e-61 3.451605e-62 1.321056e-63 4.679130e-65 1.532525e-66 4.636328e-68 1.293739e-69 3.323914e-71 7.845652e-73 1.696792e-74 3.351658e-76 6.023688e-78 9.805184e-80 1.438111e-81 1.555977e-83 4.376502e-86 1.817397e-89 1.313645e-93 2.143051e-98 9.636240e-104 1.369318e-109 0.000000e+00
0.000000e+00 2.168860e-104 1.261115e-98 2.383565e-93 1.267545e-88 1.545432e-84 3.320699e-81 1.064347e-78 8.952974e-77 5.598631e-75 3.173133e-73 1.636975e-71 7.716309e-70 3.334156e-68 1.324140e-66 4.844111e-65 1.635346e-63 5.102063e-62 1.472669e-60 3.935861e-59 9.744986e-58 2.235863e-56 4.753723e-55 9.363404e-54 1.707688e-52 2.881271e-51 4.491845e-50 6.459413e-49 8.548420e-48 1.037835e-46 1.150773e-45 1.157836e-44 1.046426e-43 8.350042e-43 5.687400e-42 3.039864e-41 8.878665e-41 -5.133562e-40 -1.165323e-38 -1.254097e-37 -1.031135e-36 -7.117661e-36 -4.269483e-35 -2.260959e-34 -1.065552e-33 -4.488035e-33 -1.693114e-32 -5.726939e-32 -1.737643e-31 -4.730224e-31 -1.155459e-30 -2.533409e-30 -4.988333e-30 -8.827405e-30 -1.405244e-29 -2.014498e-29 -2.603260e-29 -3.035061e-29 -3.194157e-29 -3.035061e-29 -2.603260e-29 -2.014498e-29 -1.405244e-29 -8.827405e-30 -4.988333e-30 -2.533409e-30 -1.155459e-30 -4.730224e-31 -1.737643e-31 -5.726939e-32 -1.693114e-32 -4.488035e-33 -1.065552e-33 -2.260959e-34 -4.269483e-35 -7.117661e-36 -1.031135e-36 -1.254097e-37 -1.165323e-38 -5.133562e-40 8.878665e-41 3.039864e-41 5.687400e-42 8.350042e-43 1.046426e-43 1.157836e-44 1.150773e-45 1.037835e-46 8.548420e-48 6.459413e-49 4.491845e-50 2.881271e-51 1.707688e-52 9.363404e-54 4.753723e-55 2.235863e-56 9.744986e-58 3.935861e-59 1.472669e-60 5.102063e-62 1.635346e-63 4.844111e-65 1.324140e-66 3.334156e-68 7.716309e-70 1.636975e-71 3.173133e-73 5.598631e-75 8.952974e-77 1.064347e-78 3.320699e-81 1.545432e-84 1.267545e-88 2.383565e-93 1.261115e-98 2.168860e-104 0.000000e+00
0.000000e+00 8.311401e-100 4.107185e-94 6.734540e-89 3.156155e-84 3.433436e-80 6.648713e-77 1.936959e-74 1.493004e-72 8.612304e-71 4.525173e-69 2.173393e-67 9.572595e-66 3.876843e-64 1.446940e-62 4.985820e-61 1.588428e-59 4.684170e-58 1.279651e-56 3.240276e-55 7.607241e-54 1.655906e-52 3.341186e-51 6.245832e-50 1.080772e-48 1.729003e-47 2.552890e-46 3.470757e-45 4.330762e-44 4.936937e-43 5.106875e-42 4.742505e-41 3.881058e-40 2.696223e-39 1.442485e-38 3.663468e-38 -3.733227e-37 -7.402528e-36 -8.022799e-35 -6.789010e-34 -4.864297e-33 -3.043812e-32 -1.687743e-31 -8.354833e-31 -3.707195e-30 -1.477534e-29 -5.294919e-29 -1.706897e-28 -4.950726e-28 -1.292180e-27 -3.036055e-27 -6.425049e-27 -1.225733e-26 -2.110349e-26 -3.283324e-26 -4.622277e-26 -5.895449e-26 -6.819105e-26 -7.157568e-26 -6.819105e-26 -5.895449e-26 -4.622277e-26 -3.283324e-26 -2.110349e-26 -1.225733e-26 -6.425049e-27 -3.036055e-27 -1.292180e-27 -4.950726e-28 -1.706897e-28 -5.294919e-29 -1.477534e-29 -3.707195e-30 -8.354833e-31 -1.687743e-31 -3.043812e-32 -4.864297e-33 -6.789010e-34 -8.022799e-35 -7.402528e-36 -3.733227e-37 3.663468e-38 1.442485e-38 2.696223e-39 3.881058e-40 4.742505e-41 5.106875e-42 4.936937e-43 4.330762e-44 3.470757e-45 2.552890e-46 1.729003e-47 1.080772e-48 6.245832e-50 3.341186e-51 1.655906e-52 7.607241e-54 3.240276e-55 1.279651e-56 4.684170e-58 1.588428e-59 4.985820e-61 1.446940e-62 3.876843e-64 9.572595e-66 2.173393e-67 4.525173e-69 8.612304e-71 1.493004e-72 1.936959e-74 6.648713e-77 3.433436e-80 3.156155e-84 6.734540e-89 4.107185e-94 8.311401e-100 0.000000e+00
0.000000e+00 6.163868e-96 2.642529e-90 3.818596e-85 1.596773e-80 1.565417e-76 2.754371e-73 7.343317e-71 5.216537e-69 2.789322e-67 1.364333e-65 6.122112e-64 2.527061e-62 9.616925e-61 3.380319e-59 1.099050e-57 3.309106e-56 9.234272e-55 2.389668e-53 5.736459e-52 1.277427e-50 2.638223e-49 5.050594e-48 8.954869e-47 1.468666e-45 2.224241e-44 3.103109e-43 3.974869e-42 4.652556e-41 4.940995e-40 4.707113e-39 3.942689e-38 2.785480e-37 1.481160e-36 2.991762e-36 -5.584531e-35 -1.012924e-33 -1.108102e-32 -9.640417e-32 -7.155440e-31 -4.659343e-30 -2.697525e-29 -1.398278e-28 -6.513910e-28 -2.732581e-27 -1.033268e-26 -3.523298e-26 -1.083594e-25 -3.006363e-25 -7.526898e-25 -1.701564e-24 -3.476466e-24 -6.427254e-24 -1.076867e-23 -1.637784e-23 -2.264701e-23 -2.851346e-23 -3.272387e-23 -3.425841e-23 -3.272387e-23 -2.851346e-23 -2.264701e-23 -1.637784e-23 -1.076867e-23 -6.427254e-24 -3.476466e-24 -1.701564e-24 -7.526898e-25 -3.006363e-25 -1.083594e-25 -3.523298e-26 -1.033268e-26 -2.732581e-27 -6.513910e-28 -1.398278e-28 -2.697525e-29 -4.659343e-30 -7.155440e-31 -9.640417e-32 -1.108102e-32 -1.012924e-33 -5.584531e-35 2.991762e-36 1.481160e-36 2.785480e-37 3.942689e-38 4.707113e-39 4.940995e-40 4.652556e-41 3.974869e-42 3.103109e-43 2.224241e-44 1.468666e-45 8.954869e-47 5.050594e-48 2.638223e-49 1.277427e-50 5.736459e-52 2.389668e-53 9.234272e-55 3.309106e-56 1.099050e-57 3.380319e-59 9.616925e-61 2.527061e-62 6.122112e-64 1.364333e-65 2.789322e-67 5.216537e-69 7.343317e-71 2.754371e-73 1.565417e-76 1.596773e-80 3.818596e-85 2.642529e-90 6.163868e-96 0.000000e+00
0.000000e+00 6.898887e-93 2.606865e-87 3.361607e-82 1.266945e-77 1.128667e-73 1.816974e-70 4.459032e-68 2.933863e-66 1.460363e-64 6.673714e-63 2.806577e-61 1.088595e-59 3.901536e-58 1.293980e-56 3.975968e-55 1.132796e-53 2.994358e-52 7.345688e-51 1.672465e-49 3.533285e-48 6.922645e-47 1.256804e-45 2.111652e-44 3.277739e-43 4.688820e-42 6.160318e-41 7.396893e-40 8.056851e-39 7.865218e-38 6.733832e-37 4.828267e-36 2.536740e-35 3.435552e-35 -1.337544e-33 -2.291773e-32 -2.538251e-31 -2.269750e-30 -1.743000e-29 -1.178978e-28 -7.111709e-28 -3.850731e-27 -1.878251e-26 -8.268403e-26 -3.288124e-25 -1.181696e-24 -3.838532e-24 -1.127173e-23 -2.993033e-23 -7.190843e-23 -1.564598e-22 -3.087111e-22 -5.532804e-22 -9.023977e-22 -1.342023e-21 -1.823235e-21 -2.266474e-21 -2.581235e-21 -2.695345e-21 -2.581235e-21 -2.266474e-21 -1.823235e-21 -1.342023e-21 -9.023977e-22 -5.532804e-22 -3.087111e-22 -1.564598e-22 -7.190843e-23 -2.993033e-23 -1.127173e-23 -3.838532e-24 -1.181696e-24 -3.288124e-25 -8.268403e-26 -1.878251e-26 -3.850731e-27 -7.111709e-28 -1.178978e-28 -1.743000e-29 -2.269750e-30 -2.538251e-31 -2.291773e-32 -1.337544e-33 3.435552e-35 2.536740e-35 4.828267e-36 6.733832e-37 7.865218e-38 8.056851e-39 7.396893e-40 6.160318e-41 4.688820e-42 3.277739e-43 2.111652e-44 1.256804e-45 6.922645e-47 3.533285e-48 1.672465e-49 7.345688e-51 2.994358e-52 1.132796e-53 3.975968e-55 1.293980e-56 3.901536e-58 1.088595e-59 2.806577e-61 6.673714e-63 1.460363e-64 2.933863e-66 4.459032e-68 1.816974e-70 1.128667e-73 1.266945e-77 3.361607e-82 2.606865e-87 6.898887e-93 0.000000e+00
0.000000e+00 1.292896e-90 4.362901e-85 5.074687e-80 1.739323e-75 1.418748e-71 2.103321e-68 4.778244e-66 2.926283e-64 1.361821e-62 5.836690e-61 2.308162e-59 8.437716e-58 2.855556e-56 8.957153e-55 2.606391e-53 7.039713e-52 1.765452e-50 4.111192e-49 8.887862e-48 1.782887e-46 3.315744e-45 5.709880e-44 9.088562e-43 1.333872e-41 1.798752e-40 2.217537e-39 2.480113e-38 2.484907e-37 2.179881e-36 1.593112e-35 8.347577e-35 6.456784e-35 -5.625391e-33 -9.476706e-32 -1.072582e-30 -9.896957e-30 -7.878811e-29 -5.541648e-28 -3.484494e-27 -1.970993e-26 -1.006373e-25 -4.646739e-25 -1.941943e-24 -7.348170e-24 -2.517837e-23 -7.813040e-23 -2.196120e-22 -5.594430e-22 -1.292714e-21 -2.713075e-21 -5.180536e-21 -9.018244e-21 -1.434378e-20 -2.089133e-20 -2.792075e-20 -3.430140e-20 -3.878832e-20 -4.040698e-20 -3.878832e-20 -3.430140e-20 -2.792075e-20 -2.089133e-20 -1.434378e-20 -9.018244e-21 -5.180536e-21 -2.713075e-21 -1.292714e-21 -5.594430e-22 -2.196120e-22 -7.813040e-23 -2.517837e-23 -7.348170e-24 -1.941943e-24 -4.646739e-25 -1.006373e-25 -1.970993e-26 -3.484494e-27 -5.541648e-28 -7.878811e-29 -9.896957e-30 -1.072582e-30 -9.476706e-32 -5.625391e-33 6.456784e-35 8.347577e-35 1.593112e-35 2.179881e-36 2.484907e-37 2.480113e-38 2.217537e-39 1.798752e-40 1.333872e-41 9.088562e-43 5.709880e-44 3.315744e-45 1.782887e-46 8.887862e-48 4.111192e-49 1.765452e-50 7.039713e-52 2.606391e-53 8.957153e-55 2.855556e-56 8.437716e-58 2.308162e-59 5.836690e-61 1.361821e-62 2.926283e-64 4.778244e-66 2.103321e-68 1.418748e-71 1.739323e-75 5.074687e-80 4.362901e-85 1.292896e-90 0.000000e+00
0.000000e+00 1.115898e-88 3.401210e-83 3.602711e-78 1.132210e-73 8.516689e-70 1.170078e-66 2.474374e-64 1.417488e-62 6.195013e-61 2.500214e-59 9.331570e-58 3.225748e-56 1.033995e-54 3.076116e-53 8.498606e-52 2.181232e-50 5.201149e-49 1.152011e-47 2.368987e-46 4.519193e-45 7.987652e-44 1.305809e-42 1.969602e-41 2.731535e-40 3.465502e-39 3.991150e-38 4.119917e-37 3.724282e-36 2.802317e-35 1.502875e-34 9.041965e-35 -1.141369e-32 -1.969214e-31 -2.306818e-30 -2.210869e-29 -1.832242e-28 -1.344142e-27 -8.830808e-27 -5.228243e-26 -2.798939e-25 -1.357381e-24 -5.968446e-24 -2.380225e-23 -8.609987e-23 -2.825006e-22 -8.408575e-22 -2.271311e-21 -5.571953e-21 -1.242887e-20 -2.525012e-20 -4.681588e-20 -7.940310e-20 -1.235006e-19 -1.765792e-19 -2.325986e-19 -2.827970e-19 -3.177943e-19 -3.303654e-19 -3.177943e-19 -2.827970e-19 -2.325986e-19 -1.765792e-19 -1.235006e-19 -7.940310e-20 -4.681588e-20 -2.525012e-20 -1.242887e-20 -5.571953e-21 -2.271311e-21 -8.408575e-22 -2.825006e-22 -8.609987e-23 -2.380225e-23 -5.968446e-24 -1.357381e-24 -2.798939e-25 -5.228243e-26 -8.830808e-27 -1.344142e-27 -1.832242e-28 -2.210869e-29 -2.306818e-30 -1.969214e-31 -1.141369e-32 9.041965e-35 1.502875e-34 2.802317e-35 3.724282e-36 4.119917e-37 3.991150e-38 3.465502e-39 2.731535e-40 1.969602e-41 1.305809e-42 7.987652e-44 4.519193e-45 2.368987e-46 1.152011e-47 5.201149e-49 2.181232e-50 8.498606e-52 3.076116e-53 1.033995e-54 3.225748e-56 9.331570e-58 2.500214e-59 6.195013e-61 1.417488e-62 2.474374e-64 1.170078e-66 8.516689e-70 1.132210e-73 3.602711e-78 3.401210e-83 1.115898e-88 0.000000e+00
0.000000e+00 8.363587e-87 2.322257e-81 2.256226e-76 6.541083e-72 4.561125e-68 5.833150e-65 1.152709e-62 6.197802e-61 2.551209e-59 9.719997e-58 3.431384e-56 1.123769e-54 3.417284e-53 9.655044e-52 2.535440e-50 6.189019e-49 1.404059e-47 2.958986e-46 5.788260e-45 1.049733e-43 1.761925e-42 2.730358e-41 3.892914e-40 5.081112e-39 6.024337e-38 6.406041e-37 5.968026e-36 4.627372e-35 2.549287e-34 1.276945e-34 -2.133017e-32 -3.788146e-31 -4.596693e-30 -4.574768e-29 -3.944057e-28 -3.014813e-27 -2.067050e-26 -1.279149e-25 -7.168985e-25 -3.645473e-24 -1.683407e-23 -7.061553e-23 -2.690893e-22 -9.314254e-22 -2.928600e-21 -8.366349e-21 -2.172865e-20 -5.135710e-20 -1.106377e-19 -2.176759e-19 -3.920681e-19 -6.481923e-19 -9.863123e-19 -1.384910e-18 -1.798601e-18 -2.164659e-18 -2.417726e-18 -2.508245e-18 -2.417726e-18 -2.164659e-18 -1.798601e-18 -1.384910e-18 -9.863123e-19 -6.481923e-19 -3.920681e-19 -2.176759e-19 -1.106377e-19 -5.135710e-20 -2.172865e-20 -8.366349e-21 -2.928600e-21 -9.314254e-22 -2.690893e-22 -7.061553e-23 -1.683407e-23 -3.645473e-24 -7.168985e-25 -1.279149e-25 -2.067050e-26 -3.014813e-27 -3.944057e-28 -4.574768e-29 -4.596693e-30 -3.788146e-31 -2.133017e-32 1.276945e-34 2.549287e-34 4.627372e-35 5.968026e-36 6.406041e-37 6.024337e-38 5.081112e-39 3.892914e-40 2.730358e-41 1.761925e-42 1.049733e-43 5.788260e-45 2.958986e-46 1.404059e-47 6.189019e-49 2.535440e-50 9.655044e-52 3.417284e-53 1.123769e-54 3.431384e-56 9.719997e-58 2.551209e-59 6.197802e-61 1.152709e-62 5.833150e-65 4.561125e-68 6.541083e-72 2.256226e-76 2.322257e-81 8.363587e-87 0.000000e+00
0.000000e+00 5.607574e-85 1.428275e-79 1.280263e-74 3.441051e-70 2.233729e-66 2.668820e-63 4.943621e-61 2.501396e-59 9.719999e-58 3.502767e-56 1.171508e-54 3.639722e-53 1.051137e-51 2.822829e-50 7.050100e-49 1.637292e-47 3.534154e-46 7.084939e-45 1.317546e-43 2.269011e-42 3.609966e-41 5.287765e-40 7.095029e-39 8.653346e-38 9.471211e-37 9.086208e-36 7.254180e-35 4.103605e-34 1.656000e-34 -3.762361e-32 -6.876194e-31 -8.634213e-30 -8.911990e-29 -7.981670e-28 -6.347511e-27 -4.534364e-26 -2.927777e-25 -1.714590e-24 -9.123885e-24 -4.415445e-23 -1.943889e-22 -7.785009e-22 -2.835785e-21 -9.394400e-21 -2.830649e-20 -7.760786e-20 -1.937760e-19 -4.412272e-19 -9.179444e-19 -1.749016e-18 -3.060440e-18 -4.932413e-18 -7.343363e-18 -1.012716e-17 -1.296854e-17 -1.545140e-17 -1.715356e-17 -1.775985e-17 -1.715356e-17 -1.545140e-17 -1.296854e-17 -1.012716e-17 -7.343363e-18 -4.932413e-18 -3.060440e-18 -1.749016e-18 -9.179444e-19 -4.412272e-19 -1.937760e-19 -7.760786e-20 -2.830649e-20 -9.394400e-21 -2.835785e-21 -7.785009e-22 -1.943889e-22 -4.415445e-23 -9.123885e-24 -1.714590e-24 -2.927777e-25 -4.534364e-26 -6.347511e-27 -7.981670e-28 -8.911990e-29 -8.634213e-30 -6.876194e-31 -3.762361e-32 1.656000e-34 4.103605e-34 7.254180e-35 9.086208e-36 9.471211e-37 8.653346e-38 7.095029e-39 5.287765e-40 3.609966e-41 2.269011e-42 1.317546e-43 7.084939e-45 3.534154e-46 1.637292e-47 7.050100e-49 2.822829e-50 1.051137e-51 3.639722e-53 1.171508e-54 3.502767e-56 9.719999e-58 2.501396e-59 4.943621e-61 2.668820e-63 2.233729e-66 3.441051e-70 1.280263e-74 1.428275e-79 5.607574e-85 0.000000e+00
0.000000e+00 3.385421e-83 7.956259e-78 6.612547e-73 1.654728e-68 1.003589e-64 1.123689e-61 1.956267e-59 9.336194e-58 3.431385e-56 1.171508e-54 3.717017e-53 1.096740e-51 3.010553e-50 7.689206e-49 1.827059e-47 4.037165e-46 8.289435e-45 1.579773e-43 2.789698e-42 4.553812e-41 6.847987e-40 9.439209e-39 1.183386e-37 1.332177e-36 1.315068e-35 1.080326e-34 6.272960e-34 1.951669e-34 -6.269785e-32 -1.178932e-30 -1.530415e-29 -1.636384e-28 -1.520500e-27 -1.256253e-26 -9.335887e-26 -6.279534e-25 -3.836092e-24 -2.132257e-23 -1.079334e-22 -4.976855e-22 -2.090283e-21 -7.994803e-21 -2.783997e-20 -8.825955e-20 -2.547937e-19 -6.702443e-19 -1.608431e-18 -3.527366e-18 -7.085512e-18 -1.307265e-17 -2.222108e-17 -3.491158e-17 -5.085585e-17 -6.888705e-17 -8.698655e-17 -1.026050e-16 -1.132232e-16 -1.169895e-16 -1.132232e-16 -1.026050e-16 -8.698655e-17 -6.888705e-17 -5.085585e-17 -3.491158e-17 -2.222108e-17 -1.307265e-17 -7.085512e-18 -3.527366e-18 -1.608431e-18 -6.702443e-19 -2.547937e-19 -8.825955e-20 -2.783997e-20 -7.994803e-21 -2.090283e-21 -4.976855e-22 -1.079334e-22 -2.132257e-23 -3.836092e-24 -6.279534e-25 -9.335887e-26 -1.256253e-26 -1.520500e-27 -1.636384e-28 -1.530415e-29 -1.178932e-30 -6.269785e-32 1.951669e-34 6.272960e-34 1.080326e-34 1.315068e-35 1.332177e-36 1.183386e-37 9.439209e-39 6.847987e-40 4.553812e-41 2.789698e-42 1.579773e-43 8.289435e-45 4.037165e-46 1.827059e-47 7.689206e-49 3.010553e-50 1.096740e-51 3.717017e-53 1.171508e-54 3.431385e-56 9.336194e-58 1.956267e-59 1.123689e-61 1.003589e-64 1.654728e-68 6.612547e-73 7.956259e-78 3.385421e-83 0.000000e+00
0.000000e+00 1.850411e-81 4.032580e-76 3.120746e-71 7.297225e-67 4.147857e-63 4.363774e-60 7.156081e-58 3.227419e-56 1.123769e-54 3.639722e-53 1.096740e-51 3.075841e-50 8.030005e-49 1.951239e-47 4.411361e-46 9.272200e-45 1.809866e-43 3.275240e-42 5.482064e-41 8.458065e-40 1.196860e-38 1.541323e-37 1.783343e-36 1.810183e-35 1.529144e-34 9.111121e-34 2.046486e-34 -9.879904e-32 -1.910834e-30 -2.562150e-29 -2.834874e-28 -2.729565e-27 -2.339904e-26 -1.806483e-25 -1.263885e-24 -8.041182e-24 -4.660930e-23 -2.463432e-22 -1.187495e-21 -5.220289e-21 -2.092171e-20 -7.641820e-20 -2.543320e-19 -7.713104e-19 -2.132405e-18 -5.379356e-18 -1.240148e-17 -2.618351e-17 -5.076553e-17 -9.067045e-17 -1.496933e-16 -2.292382e-16 -3.267128e-16 -4.346628e-16 -5.412171e-16 -6.320128e-16 -6.932225e-16 -7.148426e-16 -6.932225e-16 -6.320128e-16 -5.412171e-16 -4.346628e-16 -3.267128e-16 -2.292382e-16 -1.496933e-16 -9.067045e-17 -5.076553e-17 -2.618351e-17 -1.240148e-17 -5.379356e-18 -2.132405e-18 -7.713104e-19 -2.543320e-19 -7.641820e-20 -2.092171e-20 -5.220289e-21 -1.187495e-21 -2.463432e-22 -4.660930e-23 -8.041182e-24 -1.263885e-24 -1.806483e-25 -2.339904e-26 -2.729565e-27 -2.834874e-28 -2.562150e-29 -1.910834e-30 -9.879904e-32 2.046486e-34 9.111121e-34 1.529144e-34 1.810183e-35 1.783343e-36 1.541323e-37 1.196860e-38 8.458065e-40 5.482064e-41 3.275240e-42 1.809866e-43 9.272200e-45 4.411361e-46 1.951239e-47 8.030005e-49 3.075841e-50 1.096740e-51 3.639722e-53 1.123769e-54 3.227419e-56 7.156081e-58 4.363774e-60 4.147857e-63 7.297225e-67 3.120746e-71 4.032580e-76 1.850411e-81 0.000000e+00
0.000000e+00 9.198488e-80 1.866788e-74 1.350095e-69 2.959066e-65 1.580548e-61 1.565920e-58 2.423459e-56 1.034553e-54 3.417286e-53 1.051137e-51 3.010553e-50 8.030005e-49 1.994466e-47 4.611171e-46 9.916495e-45 1.981440e-43 3.672546e-42 6.299358e-41 9.965445e-40 1.446748e-38 1.912572e-37 2.272862e-36 2.370674e-35 2.058036e-34 1.257953e-33 1.824006e-34 -1.473297e-31 -2.930064e-30 -4.054698e-29 -4.637691e-28 -4.622022e-27 -4.106038e-26 -3.288910e-25 -2.390161e-24 -1.581443e-23 -9.544110e-23 -5.258311e-22 -2.645360e-21 -1.215012e-20 -5.092958e-20 -1.947434e-19 -6.790494e-19 -2.158843e-18 -6.259071e-18 -1.656019e-17 -4.003502e-17 -8.860761e-17 -1.800020e-16 -3.366855e-16 -5.819072e-16 -9.328090e-16 -1.392061e-15 -1.940762e-15 -2.535686e-15 -3.113020e-15 -3.598730e-15 -3.923394e-15 -4.037582e-15 -3.923394e-15 -3.598730e-15 -3.113020e-15 -2.535686e-15 -1.940762e-15 -1.392061e-15 -9.328090e-16 -5.819072e-16 -3.366855e-16 -1.800020e-16 -8.860761e-17 -4.003502e-17 -1.656019e-17 -6.259071e-18 -2.158843e-18 -6.790494e-19 -1.947434e-19 -5.092958e-20 -1.215012e-20 -2.645360e-21 -5.258311e-22 -9.544110e-23 -1.581443e-23 -2.390161e-24 -3.288910e-25 -4.106038e-26 -4.622022e-27 -4.637691e-28 -4.054698e-29 -2.930064e-30 -1.473297e-31 1.824006e-34 1.257953e-33 2.058036e-34 2.370674e-35 2.272862e-36 1.912572e-37 1.446748e-38 9.965445e-40 6.299358e-41 3.672546e-42 1.981440e-43 9.916495e-45 4.611171e-46 1.994466e-47 8.030005e-49 3.010553e-50 1.051137e-51 3.417286e-53 1.034553e-54 2.423459e-56 1.565920e-58 1.580548e-61 2.959066e-65 1.350095e-69 1.866788e-74 9.198488e-80 0.000000e+00
0.000000e+00 4.174564e-78 7.918339e-73 5.368463e-68 1.105823e-63 5.562939e-60 5.200104e-57 7.607055e-55 3.077846e-53 9.655049e-52 2.822829e-50 7.689206e-49 1.951239e-47 4.611171e-46 1.014098e-44 2.073185e-43 3.933518e-42 6.910281e-41 1.120256e-39 1.667539e-38 2.261545e-37 2.758664e-36 2.954848e-35 2.634658e-34 1.651663e-33 1.210011e-34 -2.080403e-31 -4.253379e-30 -6.069827e-29 -7.170059e-28 -7.388706e-27 -6.794450e-26 -5.639643e-25 -4.251781e-24 -2.921603e-23 -1.833201e-22 -1.051257e-21 -5.510722e-21 -2.640099e-20 -1.155448e-19 -4.617036e-19 -1.683592e-18 -5.600448e-18 -1.699440e-17 -4.706134e-17 -1.190491e-16 -2.755572e-16 -5.849938e-16 -1.142534e-15 -2.060291e-15 -3.443865e-15 -5.357826e-15 -7.788887e-15 -1.061934e-14 -1.362256e-14 -1.648687e-14 -1.886543e-14 -2.044158e-14 -2.099352e-14 -2.044158e-14 -1.886543e-14 -1.648687e-14 -1.362256e-14 -1.061934e-14 -7.788887e-15 -5.357826e-15 -3.443865e-15 -2.060291e-15 -1.142534e-15 -5.849938e-16 -2.755572e-16 -1.190491e-16 -4.706134e-17 -1.699440e-17 -5.600448e-18 -1.683592e-18 -4.617036e-19 -1.155448e-19 -2.640099e-20 -5.510722e-21 -1.051257e-21 -1.833201e-22 -2.921603e-23 -4.251781e-24 -5.639643e-25 -6.794450e-26 -7.388706e-27 -7.170059e-28 -6.069827e-29 -4.253379e-30 -2.080403e-31 1.210011e-34 1.651663e-33 2.634658e-34 2.954848e-35 2.758664e-36 2.261545e-37 1.667539e-38 1.120256e-39 6.910281e-41 3.933518e-42 2.073185e-43 1.014098e-44 4.611171e-46 1.951239e-47 7.689206e-49 2.822829e-50 9.655049e-52 3.077846e-53 7.607055e-55 5.200104e-57 5.562939e-60 1.105823e-63 5.368463e-68 7.918339e-73 4.174564e-78 0.000000e+00
0.000000e+00 1.735141e-76 3.085728e-71 1.966426e-66 3.815410e-62 1.811142e-58 1.599897e-55 2.215112e-53 8.503578e-52 2.535442e-50 7.050100e-49 1.827059e-47 4.411361e-46 9.916495e-45 2.073185e-43 4.024535e-42 7.237437e-41 1.201677e-39 1.832990e-38 2.548813e-37 3.189402e-36 3.506105e-35 3.209149e-34 2.062936e-33 2.143766e-35 -2.783313e-31 -5.848380e-30 -8.600443e-29 -1.048300e-27 -1.115890e-26 -1.061070e-25 -9.116341e-25 -7.121399e-24 -5.075652e-23 -3.306820e-22 -1.971023e-21 -1.075025e-20 -5.363956e-20 -2.447204e-19 -1.020219e-18 -3.883933e-18 -1.349502e-17 -4.278377e-17 -1.237775e-16 -3.270025e-16 -7.899308e-16 -1.748499e-15 -3.556514e-15 -6.671311e-15 -1.158764e-14 -1.871835e-14 -2.824438e-14 -3.997648e-14 -5.327710e-14 -6.707855e-14 -8.000837e-14 -9.060220e-14 -9.755956e-14 -9.998504e-14 -9.755956e-14 -9.060220e-14 -8.000837e-14 -6.707855e-14 -5.327710e-14 -3.997648e-14 -2.824438e-14 -1.871835e-14 -1.158764e-14 -6.671311e-15 -3.556514e-15 -1.748499e-15 -7.899308e-16 -3.270025e-16 -1.237775e-16 -4.278377e-17 -1.349502e-17 -3.883933e-18 -1.020219e-18 -2.447204e-19 -5.363956e-20 -1.075025e-20 -1.971023e-21 -3.306820e-22 -5.075652e-23 -7.121399e-24 -9.116341e-25 -1.061070e-25 -1.115890e-26 -1.048300e-27 -8.600443e-29 -5.848380e-30 -2.783313e-31 2.143766e-35 2.062936e-33 3.209149e-34 3.506105e-35 3.189402e-36 2.548813e-37 1.832990e-38 1.201677e-39 7.237437e-41 4.024535e-42 2.073185e-43 9.916495e-45 4.411361e-46 1.827059e-47 7.050100e-49 2.535442e-50 8.503578e-52 2.215112e-53 1.599897e-55 1.811142e-58 3.815410e-62 1.966426e-66 3.085728e-71 1.735141e-76 0.000000e+00
0.000000e+00 6.622728e-75 1.107186e-69 6.647090e-65 1.217180e-60 5.460716e-57 4.564381e-54 5.987287e-52 2.182557e-50 6.189023e-49 1.637292e-47 4.037165e-46 9.272200e-45 1.981440e-43 3.933518e-42 7.237437e-41 1.230102e-39 1.921724e-38 2.738259e-37 3.512985e-36 3.961209e-35 3.720072e-34 2.451733e-33 -1.044634e-34 -3.529646e-31 -7.620524e-30 -1.154025e-28 -1.450235e-27 -1.593185e-26 -1.564937e-25 -1.390261e-24 -1.124045e-23 -8.299974e-23 -5.607761e-22 -3.469694e-21 -1.966337e-20 -1.020398e-19 -4.845925e-19 -2.104548e-18 -8.351658e-18 -3.026262e-17 -1.000773e-16 -3.019845e-16 -8.317549e-16 -2.093104e-15 -4.820922e-15 -1.018915e-14 -1.982871e-14 -3.567637e-14 -5.961837e-14 -9.297383e-14 -1.359435e-13 -1.871901e-13 -2.436971e-13 -3.009837e-13 -3.536592e-13 -3.962160e-13 -4.239036e-13 -4.335109e-13 -4.239036e-13 -3.962160e-13 -3.536592e-13 -3.009837e-13 -2.436971e-13 -1.871901e-13 -1.359435e-13 -9.297383e-14 -5.961837e-14 -3.567637e-14 -1.982871e-14 -1.018915e-14 -4.820922e-15 -2.093104e-15 -8.317549e-16 -3.019845e-16 -1.000773e-16 -3.026262e-17 -8.351658e-18 -2.104548e-18 -4.845925e-19 -1.020398e-19 -1.966337e-20 -3.469694e-21 -5.607761e-22 -8.299974e-23 -1.124045e-23 -1.390261e-24 -1.564937e-25 -1.593185e-26 -1.450235e-27 -1.154025e-28 -7.620524e-30 -3.529646e-31 -1.044634e-34 2.451733e-33 3.720072e-34 3.961209e-35 3.512985e-36 2.738259e-37 1.921724e-38 1.230102e-39 7.237437e-41 3.933518e-42 1.981440e-43 9.272200e-45 4.037165e-46 1.637292e-47 6.189023e-49 2.182557e-50 5.987287e-52 4.564381e-54 5.460716e-57 1.217180e-60 6.647090e-65 1.107186e-69 6.622728e-75 0.000000e+00
0.000000e+00 2.326296e-73 3.664381e-68 2.076532e-63 3.594329e-59 1.526029e-55 1.208186e-52 1.502660e-50 5.204427e-49 1.404060e-47 3.534154e-46 8.289435e-45 1.809866e-43 3.672546e-42 6.910281e-41 1.201677e-39 1.921724e-38 2.804461e-37 3.686787e-36 4.261916e-35 4.104725e-34 2.773144e-33 -2.349674e-34 -4.244367e-31 -9.413438e-30 -1.467050e-28 -1.899280e-27 -2.151475e-26 -2.181091e-25 -2.001567e-24 -1.673204e-23 -1.278597e-22 -8.948328e-22 -5.740403e-21 -3.376023e-20 -1.819685e-19 -8.983423e-19 -4.058655e-18 -1.676556e-17 -6.326438e-17 -2.179104e-16 -6.848079e-16 -1.963437e-15 -5.138911e-15 -1.229450e-14 -2.694638e-14 -5.427577e-14 -1.008714e-13 -1.737879e-13 -2.789758e-13 -4.194253e-13 -5.935420e-13 -7.942518e-13 -1.009143e-12 -1.221680e-12 -1.413260e-12 -1.565736e-12 -1.663948e-12 -1.697856e-12 -1.663948e-12 -1.565736e-12 -1.413260e-12 -1.221680e-12 -1.009143e-12 -7.942518e-13 -5.935420e-13 -4.194253e-13 -2.789758e-13 -1.737879e-13 -1.008714e-13 -5.427577e-14 -2.694638e-14 -1.229450e-14 -5.138911e-15 -1.963437e-15 -6.848079e-16 -2.179104e-16 -6.326438e-17 -1.676556e-17 -4.058655e-18 -8.983423e-19 -1.819685e-19 -3.376023e-20 -5.740403e-21 -8.948328e-22 -1.278597e-22 -1.673204e-23 -2.001567e-24 -2.181091e-25 -2.151475e-26 -1.899280e-27 -1.467050e-28 -9.413438e-30 -4.244367e-31 -2.349674e-34 2.773144e-33 4.104725e-34 4.261916e-35 3.686787e-36 2.804461e-37 1.921724e-38 1.201677e-39 6.910281e-41 3.672546e-42 1.809866e-43 8.289435e-45 3.534154e-46 1.404060e-47 5.204427e-49 1.502660e-50 1.208186e-52 1.526029e-55 3.594329e-59 2.076532e-63 3.664381e-68 2.326296e-73 0.000000e+00
0.000000e+00 7.533358e-72 1.120254e-66 6.001825e-62 9.833123e-58 3.954932e-54 2.968136e-51 3.501985e-49 1.152763e-47 2.958989e-46 7.084939e-45 1.579773e-43 3.275240e-42 6.299358e-41 1.120256e-39 1.832990e-38 2.738259e-37 3.686787e-36 4.367101e-35 4.311595e-34 2.985705e-33 -3.432100e-34 -4.840928e-31 -1.102700e-29 -1.767501e-28 -2.355637e-27 -2.749320e-26 -2.874052e-25 -2.722003e-24 -2.350377e-23 -1.856825e-22 -1.344653e-21 -8.933549e-21 -5.446002e-20 -3.045261e-19 -1.560875e-18 -7.326774e-18 -3.146344e-17 -1.234763e-16 -4.424011e-16 -1.446001e-15 -4.309878e-15 -1.171562e-14 -2.907000e-14 -6.595783e-14 -1.372234e-13 -2.627662e-13 -4.652830e-13 -7.659044e-13 -1.178633e-12 -1.705126e-12 -2.331356e-12 -3.027133e-12 -3.748608e-12 -4.443177e-12 -5.055756e-12 -5.535330e-12 -5.840837e-12 -5.945730e-12 -5.840837e-12 -5.535330e-12 -5.055756e-12 -4.443177e-12 -3.748608e-12 -3.027133e-12 -2.331356e-12 -1.705126e-12 -1.178633e-12 -7.659044e-13 -4.652830e-13 -2.627662e-13 -1.372234e-13 -6.595783e-14 -2.907000e-14 -1.171562e-14 -4.309878e-15 -1.446001e-15 -4.424011e-16 -1.234763e-16 -3.146344e-17 -7.326774e-18 -1.560875e-18 -3.045261e-19 -5.446002e-20 -8.933549e-21 -1.344653e-21 -1.856825e-22 -2.350377e-23 -2.722003e-24 -2.874052e-25 -2.749320e-26 -2.355637e-27 -1.767501e-28 -1.102700e-29 -4.840928e-31 -3.432100e-34 2.985705e-33 4.311595e-34 4.367101e-35 3.686787e-36 2.738259e-37 1.832990e-38 1.120256e-39 6.299358e-41 3.275240e-42 1.579773e-43 7.084939e-45 2.958989e-46 1.152763e-47 3.501985e-49 2.968136e-51 3.954932e-54 9.833123e-58 6.001825e-62 1.120254e-66 7.533358e-72 0.000000e+00
0.000000e+00 2.252259e-70 3.166980e-65 1.606275e-60 2.493541e-56 9.508445e-53 6.767907e-50 7.577046e-48 2.370589e-46 5.788266e-45 1.317546e-43 2.789698e-42 5.482064e-41 9.965445e-40 1.667539e-38 2.548813e-37 3.512985e-36 4.261916e-35 4.311595e-34 3.060090e-33 -4.046533e-34 -5.237982e-31 -1.225207e-29 -2.018713e-28 -2.767778e-27 -3.325756e-26 -3.582112e-25 -3.498302e-24 -3.117326e-23 -2.543609e-22 -1.904088e-21 -1.308766e-20 -8.261079e-20 -4.786885e-19 -2.544452e-18 -1.239457e-17 -5.526665e-17 -2.252958e-16 -8.386408e-16 -2.847526e-15 -8.812303e-15 -2.484863e-14 -6.386374e-14 -1.497848e-13 -3.213041e-13 -6.325107e-13 -1.147808e-12 -1.930465e-12 -3.027189e-12 -4.453293e-12 -6.183039e-12 -8.147870e-12 -1.024260e-11 -1.233749e-11 -1.429316e-11 -1.597530e-11 -1.726736e-11 -1.807995e-11 -1.835715e-11 -1.807995e-11 -1.726736e-11 -1.597530e-11 -1.429316e-11 -1.233749e-11 -1.024260e-11 -8.147870e-12 -6.183039e-12 -4.453293e-12 -3.027189e-12 -1.930465e-12 -1.147808e-12 -6.325107e-13 -3.213041e-13 -1.497848e-13 -6.386374e-14 -2.484863e-14 -8.812303e-15 -2.847526e-15 -8.386408e-16 -2.252958e-16 -5.526665e-17 -1.239457e-17 -2.544452e-18 -4.786885e-19 -8.261079e-20 -1.308766e-20 -1.904088e-21 -2.543609e-22 -3.117326e-23 -3.498302e-24 -3.582112e-25 -3.325756e-26 -2.767778e-27 -2.018713e-28 -1.225207e-29 -5.237982e-31 -4.046533e-34 3.060090e-33 4.311595e-34 4.261916e-35 3.512985e-36 2.548813e-37 1.667539e-38 9.965445e-40 5.482064e-41 2.789698e-42 1.317546e-43 5.788266e-45 2.370589e-46 7.577046e-48 6.767907e-50 9.508445e-53 2.493541e-56 1.606275e-60 3.166980e-65 2.252259e-70 0.000000e+00
0.000000e+00 6.223325e-69 8.285778e-64 3.982742e-59 5.862977e-55 2.120762e-51 1.432025e-48 1.521245e-46 4.522356e-45 1.049734e-43 2.269011e-42 4.553812e-41 8.458065e-40 1.446748e-38 2.261545e-37 3.189402e-36 3.961209e-35 4.104725e-34 2.985705e-33 -4.046533e-34 -5.377372e-31 -1.291427e-29 -2.186106e-28 -3.081470e-27 -3.809357e-26 -4.224251e-25 -4.250516e-24 -3.905473e-23 -3.288434e-22 -2.542251e-21 -1.806064e-20 -1.179210e-19 -7.073347e-19 -3.894932e-18 -1.966784e-17 -9.095938e-17 -3.847426e-16 -1.486301e-15 -5.236825e-15 -1.680939e-14 -4.911506e-14 -1.306044e-13 -3.162475e-13 -6.984150e-13 -1.410694e-12 -2.616734e-12 -4.481116e-12 -7.128544e-12 -1.060494e-11 -1.485398e-11 -1.971619e-11 -2.494891e-11 -3.025969e-11 -3.534295e-11 -3.991182e-11 -4.372044e-11 -4.657601e-11 -4.834262e-11 -4.894027e-11 -4.834262e-11 -4.657601e-11 -4.372044e-11 -3.991182e-11 -3.534295e-11 -3.025969e-11 -2.494891e-11 -1.971619e-11 -1.485398e-11 -1.060494e-11 -7.128544e-12 -4.481116e-12 -2.616734e-12 -1.410694e-12 -6.984150e-13 -3.162475e-13 -1.306044e-13 -4.911506e-14 -1.680939e-14 -5.236825e-15 -1.486301e-15 -3.847426e-16 -9.095938e-17 -1.966784e-17 -3.894932e-18 -7.073347e-19 -1.179210e-19 -1.806064e-20 -2.542251e-21 -3.288434e-22 -3.905473e-23 -4.250516e-24 -4.224251e-25 -3.809357e-26 -3.081470e-27 -2.186106e-28 -1.291427e-29 -5.377372e-31 -4.046533e-34 2.985705e-33 4.104725e-34 3.961209e-35 3.189402e-36 2.261545e-37 1.446748e-38 8.458065e-40 4.553812e-41 2.269011e-42 1.049734e-43 4.522356e-45 1.521245e-46 1.432025e-48 2.120762e-51 5.862977e-55 3.982742e-59 8.285778e-64 6.223325e-69 0.000000e+00
0.000000e+00 1.590517e-67 2.007271e-62 9.151416e-58 1.278230e-53 4.387206e-50 2.810295e-47 2.831713e-45 7.993433e-44 1.761927e-42 3.609966e-41 6.847987e-40 1.196860e-38 1.912572e-37 2.758664e-36 3.506105e-35 3.720072e-34 2.773144e-33 -3.432100e-34 -5.237982e-31 -1.291427e-29 -2.244905e-28 -3.251283e-27 -4.132325e-26 -4.714460e-25 -4.883926e-24 -4.623407e-23 -4.013864e-22 -3.201888e-21 -2.348912e-20 -1.584895e-19 -9.831771e-19 -5.602857e-18 -2.929865e-17 -1.403965e-16 -6.155616e-16 -2.465402e-15 -9.005255e-15 -2.995251e-14 -9.060399e-14 -2.490461e-13 -6.219683e-13 -1.412414e-12 -2.922383e-12 -5.528170e-12 -9.607591e-12 -1.543521e-11 -2.308548e-11 -3.238386e-11 -4.292302e-11 -5.413393e-11 -6.538403e-11 -7.607155e-11 -8.569368e-11 -9.387926e-11 -1.003884e-10 -1.050889e-10 -1.079216e-10 -1.088670e-10 -1.079216e-10 -1.050889e-10 -1.003884e-10 -9.387926e-11 -8.569368e-11 -7.607155e-11 -6.538403e-11 -5.413393e-11 -4.292302e-11 -3.238386e-11 -2.308548e-11 -1.543521e-11 -9.607591e-12 -5.528170e-12 -2.922383e-12 -1.412414e-12 -6.219683e-13 -2.490461e-13 -9.060399e-14 -2.995251e-14 -9.005255e-15 -2.465402e-15 -6.155616e-16 -1.403965e-16 -2.929865e-17 -5.602857e-18 -9.831771e-19 -1.584895e-19 -2.348912e-20 -3.201888e-21 -4.013864e-22 -4.623407e-23 -4.883926e-24 -4.714460e-25 -4.132325e-26 -3.251283e-27 -2.244905e-28 -1.291427e-29 -5.237982e-31 -3.432100e-34 2.773144e-33 3.720072e-34 3.506105e-35 2.758664e-36 1.912572e-37 1.196860e-38 6.847987e-40 3.609966e-41 1.761927e-42 7.993433e-44 2.831713e-45 2.810295e-47 4.387206e-50 1.278230e-53 9.151416e-58 2.007271e-62 1.590517e-67 0.000000e+00
0.000000e+00 3.761679e-66 4.503740e-61 1.948694e-56 2.583362e-52 8.413466e-49 5.110871e-46 4.881038e-44 1.306787e-42 2.730362e-41 5.287765e-40 9.439209e-39 1.541323e-37 2.272862e-36 2.954848e-35 3.209149e-34 2.451733e-33 -2.349674e-34 -4.840928e-31 -1.225207e-29 -2.186106e-28 -3.251283e-27 -4.245901e-26 -4.980301e-25 -5.307985e-24 -5.173204e-23 -4.627065e-22 -3.805481e-21 -2.880372e-20 -2.006679e-19 -1.286220e-18 -7.578721e-18 -4.100244e-17 -2.033895e-16 -9.234899e-16 -3.831186e-15 -1.449468e-14 -4.991597e-14 -1.561945e-13 -4.434654e-13 -1.141364e-12 -2.662640e-12 -5.635956e-12 -1.085061e-11 -1.907874e-11 -3.081368e-11 -4.603793e-11 -6.413764e-11 -8.400384e-11 -1.042710e-10 -1.235984e-10 -1.409049e-10 -1.555025e-10 -1.671200e-10 -1.758381e-10 -1.819724e-10 -1.859398e-10 -1.881345e-10 -1.888331e-10 -1.881345e-10 -1.859398e-10 -1.819724e-10 -1.758381e-10 -1.671200e-10 -1.555025e-10 -1.409049e-10 -1.235984e-10 -1.042710e-10 -8.400384e-11 -6.413764e-11 -4.603793e-11 -3.081368e-11 -1.907874e-11 -1.085061e-11 -5.635956e-12 -2.662640e-12 -1.141364e-12 -4.434654e-13 -1.561945e-13 -4.991597e-14 -1.449468e-14 -3.831186e-15 -9.234899e-16 -2.033895e-16 -4.100244e-17 -7.578721e-18 -1.286220e-18 -2.006679e-19 -2.880372e-20 -3.805481e-21 -4.627065e-22 -5.173204e-23 -5.307985e-24 -4.980301e-25 -4.245901e-26 -3.251283e-27 -2.186106e-28 -1.225207e-29 -4.840928e-31 -2.349674e-34 2.451733e-33 3.209149e-34 2.954848e-35 2.272862e-36 1.541323e-37 9.439209e-39 5.287765e-40 2.730362e-41 1.306787e-42 4.881038e-44 5.110871e-46 8.413466e-49 2.583362e-52 1.948694e-56 4.503740e-61 3.761679e-66 0.000000e+00
0.000000e+00 8.234802e-65 9.359063e-60 3.844489e-55 4.837500e-51 1.494478e-47 8.602913e-45 7.777280e-43 1.971127e-41 3.892921e-40 7.095029e-39 1.183386e-37 1.783343e-36 2.370674e-35 2.634658e-34 2.062936e-33 -1.044634e-34 -4.244367e-31 -1.102700e-29 -2.018713e-28 -3.081470e-27 -4.132325e-26 -4.980301e-25 -5.457293e-24 -5.471922e-23 -5.038641e-22 -4.269201e-21 -3.331353e-20 -2.394367e-19 -1.584419e-18 -9.644558e-18 -5.393813e-17 -2.767255e-16 -1.300081e-15 -5.582092e-15 -2.185743e-14 -7.787687e-14 -2.519192e-13 -7.383415e-13 -1.957241e-12 -4.687396e-12 -1.013993e-11 -1.983535e-11 -3.518507e-11 -5.686178e-11 -8.426379e-11 -1.154071e-10 -1.473376e-10 -1.768638e-10 -2.013012e-10 -2.189867e-10 -2.294624e-10 -2.333620e-10 -2.321097e-10 -2.275514e-10 -2.216088e-10 -2.160059e-10 -2.120823e-10 -2.106791e-10 -2.120823e-10 -2.160059e-10 -2.216088e-10 -2.275514e-10 -2.321097e-10 -2.333620e-10 -2.294624e-10 -2.189867e-10 -2.013012e-10 -1.768638e-10 -1.473376e-10 -1.154071e-10 -8.426379e-11 -5.686178e-11 -3.518507e-11 -1.983535e-11 -1.013993e-11 -4.687396e-12 -1.957241e-12 -7.383415e-13 -2.519192e-13 -7.787687e-14 -2.185743e-14 -5.582092e-15 -1.300081e-15 -2.767255e-16 -5.393813e-17 -9.644558e-18 -1.584419e-18 -2.394367e-19 -3.331353e-20 -4.269201e-21 -5.038641e-22 -5.471922e-23 -5.457293e-24 -4.980301e-25 -4.132325e-26 -3.081470e-27 -2.018713e-28 -1.102700e-29 -4.244367e-31 -1.044634e-34 2.062936e-33 2.634658e-34 2.370674e-35 1.783343e-36 1.183386e-37 7.095029e-39 3.892921e-40 1.971127e-41 7.777280e-43 8.602913e-45 1.494478e-47 4.837500e-51 3.844489e-55 9.359063e-60 8.234802e-65 0.000000e+00
0.000000e+00 1.668553e-63 1.800800e-58 7.023302e-54 8.385930e-50 2.455850e-46 1.337989e-43 1.142702e-41 2.733724e-40 5.081122e-39 8.653346e-38 1.332177e-36 1.810183e-35 2.058036e-34 1.651663e-33 2.143766e-35 -3.529646e-31 -9.413438e-30 -1.767501e-28 -2.767778e-27 -3.809357e-26 -4.714460e-25 -5.307985e-24 -5.471922e-23 -5.183738e-22 -4.521637e-21 -3.634828e-20 -2.693172e-19 -1.838427e-18 -1.155168e-17 -6.672836e-17 -3.537947e-16 -1.718502e-15 -7.630902e-15 -3.090295e-14 -1.138450e-13 -3.805020e-13 -1.150690e-12 -3.140507e-12 -7.718040e-12 -1.705215e-11 -3.384961e-11 -6.042221e-11 -9.724561e-11 -1.417755e-10 -1.884356e-10 -2.300031e-10 -2.596819e-10 -2.728766e-10 -2.680821e-10 -2.468038e-10 -2.127812e-10 -1.709451e-10 -1.264463e-10 -8.395457e-11 -4.727493e-11 -1.922696e-11 -1.693896e-12 4.264031e-12 -1.693896e-12 -1.922696e-11 -4.727493e-11 -8.395457e-11 -1.264463e-10 -1.709451e-10 -2.127812e-10 -2.468038e-10 -2.680821e-10 -2.728766e-10 -2.596819e-10 -2.300031e-10 -1.884356e-10 -1.417755e-10 -9.724561e-11 -6.042221e-11 -3.384961e-11 -1.705215e-11 -7.718040e-12 -3.140507e-12 -1.150690e-12 -3.805020e-13 -1.138450e-13 -3.090295e-14 -7.630902e-15 -1.718502e-15 -3.537947e-16 -6.672836e-17 -1.155168e-17 -1.838427e-18 -2.693172e-19 -3.634828e-20 -4.521637e-21 -5.183738e-22 -5.471922e-23 -5.307985e-24 -4.714460e-25 -3.809357e-26 -2.767778e-27 -1.767501e-28 -9.413438e-30 -3.529646e-31 2.143766e-35 1.651663e-33 2.058036e-34 1.810183e-35 1.332177e-36 8.653346e-38 5.081122e-39 2.733724e-40 1.142702e-41 1.337989e-43 2.455850e-46 8.385930e-50 7.023302e-54 1.800800e-58 1.668553e-63 0.000000e+00
