0.000000e+00 9.419861e-109 2.675061e-103 2.661152e-98 7.908982e-94 5.660832e-90 7.441073e-87 1.513383e-84 8.382211e-83 3.558186e-81 1.400195e-79 5.114228e-78 1.736209e-76 5.484499e-75 1.613480e-73 4.423484e-72 1.130665e-70 2.695141e-69 5.991477e-68 1.242037e-66 2.400152e-65 4.321212e-64 7.242431e-63 1.128736e-61 1.633361e-60 2.190217e-59 2.714183e-58 3.096883e-57 3.236200e-56 3.072435e-55 2.615641e-54 1.949499e-53 1.207038e-52 5.275040e-52 1.342322e-52 -2.938265e-50 -4.123436e-49 -3.977402e-48 -3.147711e-47 -2.156109e-46 -1.307717e-45 -7.103054e-45 -3.476211e-44 -1.537974e-43 -6.162460e-43 -2.238262e-42 -7.371965e-42 -2.202014e-41 -5.965309e-41 -1.465724e-40 -3.267129e-40 -6.609129e-40 -1.214062e-39 -2.026671e-39 -3.077129e-39 -4.253142e-39 -5.355821e-39 -6.148579e-39 -6.437790e-39 -6.148579e-39 -5.355821e-39 -4.253142e-39 -3.077129e-39 -2.026671e-39 -1.214062e-39 -6.609129e-40 -3.267129e-40 -1.465724e-40 -5.965309e-41 -2.202014e-41 -7.371965e-42 -2.238262e-42 -6.162460e-43 -1.537974e-43 -3.476211e-44 -7.103054e-45 -1.307717e-45 -2.156109e-46 -3.147711e-47 -3.977402e-48 -4.123436e-49 -2.938265e-50 1.342322e-52 5.275040e-52 1.207038e-52 1.949499e-53 2.615641e-54 3.072435e-55 3.236200e-56 3.096883e-57 2.714183e-58 2.190217e-59 1.633361e-60 1.128736e-61 7.242431e-63 4.321212e-64 2.400152e-65 1.242037e-66 5.991477e-68 2.695141e-69 1.130665e-70 4.423484e-72 1.613480e-73 5.484499e-75 1.736209e-76 5.114228e-78 1.400195e-79 3.558186e-81 8.382211e-83 1.513383e-84 7.441073e-87 5.660832e-90 7.908982e-94 2.661152e-98 2.675061e-103 9.419861e-109 0.000000e+00
0.000000e+00 4.156890e-103 1.081865e-97 9.920451e-93 2.731053e-88 1.818234e-84 2.231164e-81 4.250628e-79 2.214160e-77 8.867835e-76 3.299247e-74 1.141322e-72 3.675239e-71 1.102632e-69 3.084118e-68 8.046127e-67 1.958454e-65 4.447772e-64 9.423733e-63 1.862151e-61 3.429895e-60 5.883997e-59 9.390874e-58 1.392286e-56 1.913641e-55 2.431689e-54 2.845833e-53 3.050448e-52 2.969644e-51 2.589201e-50 1.969868e-49 1.232860e-48 5.215848e-48 -4.403136e-48 -4.006313e-46 -5.493475e-45 -5.394502e-44 -4.396733e-43 -3.119029e-42 -1.966344e-41 -1.113338e-40 -5.693883e-40 -2.638671e-39 -1.109960e-38 -4.241835e-38 -1.473291e-37 -4.651195e-37 -1.334750e-36 -3.482033e-36 -8.259675e-36 -1.782288e-35 -3.500764e-35 -6.264615e-35 -1.022391e-34 -1.523375e-34 -2.074583e-34 -2.584660e-34 -2.948145e-34 -3.080163e-34 -2.948145e-34 -2.584660e-34 -2.074583e-34 -1.523375e-34 -1.022391e-34 -6.264615e-35 -3.500764e-35 -1.782288e-35 -8.259675e-36 -3.482033e-36 -1.334750e-36 -4.651195e-37 -1.473291e-37 -4.241835e-38 -1.109960e-38 -2.638671e-39 -5.693883e-40 -1.113338e-40 -1.966344e-41 -3.119029e-42 -4.396733e-43 -5.394502e-44 -5.493475e-45 -4.006313e-46 -4.403136e-48 5.215848e-48 1.232860e-48 1.969868e-49 2.589201e-50 2.969644e-51 3.050448e-52 2.845833e-53 2.431689e-54 1.913641e-55 1.392286e-56 9.390874e-58 5.883997e-59 3.429895e-60 1.862151e-61 9.423733e-63 4.447772e-64 1.958454e-65 8.046127e-67 3.084118e-68 1.102632e-69 3.675239e-71 1.141322e-72 3.299247e-74 8.867835e-76 2.214160e-77 4.250628e-79 2.231164e-81 1.818234e-84 2.731053e-88 9.920451e-93 1.081865e-97 4.156890e-103 0.000000e+00
0.000000e+00 6.869924e-98 1.648085e-92 1.399871e-87 3.584659e-83 2.227801e-79 2.559810e-76 4.580024e-74 2.248763e-72 8.513839e-71 2.999618e-69 9.841296e-68 3.009350e-66 8.582621e-65 2.284013e-63 5.673201e-62 1.315364e-60 2.846457e-59 5.747352e-58 1.082183e-56 1.898693e-55 3.100590e-54 4.705527e-53 6.622951e-52 8.620842e-51 1.033679e-49 1.135160e-48 1.131611e-47 1.008827e-46 7.817346e-46 4.925630e-45 1.982989e-44 -4.758853e-44 -2.111440e-42 -2.850214e-41 -2.849198e-40 -2.388344e-39 -1.751469e-38 -1.145294e-37 -6.743706e-37 -3.594894e-36 -1.740158e-35 -7.661662e-35 -3.070807e-34 -1.120819e-33 -3.725830e-33 -1.128060e-32 -3.111009e-32 -7.816865e-32 -1.790287e-31 -3.740042e-31 -7.133578e-31 -1.243708e-30 -1.984589e-30 -2.902282e-30 -3.894674e-30 -4.801075e-30 -5.441338e-30 -5.672860e-30 -5.441338e-30 -4.801075e-30 -3.894674e-30 -2.902282e-30 -1.984589e-30 -1.243708e-30 -7.133578e-31 -3.740042e-31 -1.790287e-31 -7.816865e-32 -3.111009e-32 -1.128060e-32 -3.725830e-33 -1.120819e-33 -3.070807e-34 -7.661662e-35 -1.740158e-35 -3.594894e-36 -6.743706e-37 -1.145294e-37 -1.751469e-38 -2.388344e-39 -2.849198e-40 -2.850214e-41 -2.111440e-42 -4.758853e-44 1.982989e-44 4.925630e-45 7.817346e-46 1.008827e-46 1.131611e-47 1.135160e-48 1.033679e-49 8.620842e-51 6.622951e-52 4.705527e-53 3.100590e-54 1.898693e-55 1.082183e-56 5.747352e-58 2.846457e-59 1.315364e-60 5.673201e-62 2.284013e-63 8.582621e-65 3.009350e-66 9.841296e-68 2.999618e-69 8.513839e-71 2.248763e-72 4.580024e-74 2.559810e-76 2.227801e-79 3.584659e-83 1.399871e-87 1.648085e-92 6.869924e-98 0.000000e+00
0.000000e+00 3.706438e-93 8.236339e-88 6.507363e-83 1.555513e-78 9.051751e-75 9.764246e-72 1.644352e-69 7.624531e-68 2.733180e-66 9.131391e-65 2.844443e-63 8.266959e-62 2.242803e-60 5.681425e-59 1.343955e-57 2.968449e-56 6.120092e-55 1.177162e-53 2.110642e-52 3.523733e-51 5.469279e-50 7.875569e-49 1.049058e-47 1.287370e-46 1.446693e-45 1.474788e-44 1.342127e-43 1.056827e-42 6.673115e-42 2.494989e-41 -1.171331e-40 -3.743554e-39 -5.002026e-38 -5.089038e-37 -4.381637e-36 -3.315931e-35 -2.244558e-34 -1.371430e-33 -7.602038e-33 -3.833875e-32 -1.761881e-31 -7.383966e-31 -2.823085e-30 -9.847424e-30 -3.133972e-29 -9.100651e-29 -2.411856e-28 -5.836159e-28 -1.290369e-27 -2.609455e-27 -4.832636e-27 -8.208232e-27 -1.280625e-26 -1.838113e-26 -2.430638e-26 -2.964782e-26 -3.338795e-26 -3.473445e-26 -3.338795e-26 -2.964782e-26 -2.430638e-26 -1.838113e-26 -1.280625e-26 -8.208232e-27 -4.832636e-27 -2.609455e-27 -1.290369e-27 -5.836159e-28 -2.411856e-28 -9.100651e-29 -3.133972e-29 -9.847424e-30 -2.823085e-30 -7.383966e-31 -1.761881e-31 -3.833875e-32 -7.602038e-33 -1.371430e-33 -2.244558e-34 -3.315931e-35 -4.381637e-36 -5.089038e-37 -5.002026e-38 -3.743554e-39 -1.171331e-40 2.494989e-41 6.673115e-42 1.056827e-42 1.342127e-43 1.474788e-44 1.446693e-45 1.287370e-46 1.049058e-47 7.875569e-49 5.469279e-50 3.523733e-51 2.110642e-52 1.177162e-53 6.120092e-55 2.968449e-56 1.343955e-57 5.681425e-59 2.242803e-60 8.266959e-62 2.844443e-63 9.131391e-65 2.733180e-66 7.624531e-68 1.644352e-69 9.764246e-72 9.051751e-75 1.555513e-78 6.507363e-83 8.236339e-88 3.706438e-93 0.000000e+00
0.000000e+00 5.420348e-89 1.120382e-83 8.263167e-79 1.849460e-74 1.010319e-70 1.025396e-67 1.628352e-65 7.141601e-64 2.427188e-62 7.697948e-61 2.278701e-59 6.298715e-58 1.626283e-56 3.922506e-55 8.837155e-54 1.859132e-52 3.650255e-51 6.683429e-50 1.139834e-48 1.807868e-47 2.660957e-46 3.623737e-45 4.546470e-44 5.222103e-43 5.436645e-42 5.042170e-41 4.024687e-40 2.533055e-39 8.477625e-39 -7.038030e-38 -1.851104e-36 -2.458212e-35 -2.544558e-34 -2.247469e-33 -1.752338e-32 -1.225589e-31 -7.754581e-31 -4.459823e-30 -2.337697e-29 -1.118430e-28 -4.887649e-28 -1.951602e-27 -7.120516e-27 -2.373868e-26 -7.231740e-26 -2.013506e-25 -5.125916e-25 -1.194018e-24 -2.547540e-24 -4.985231e-24 -8.961814e-24 -1.482577e-23 -2.261193e-23 -3.185072e-23 -4.150028e-23 -5.008514e-23 -5.604347e-23 -5.817908e-23 -5.604347e-23 -5.008514e-23 -4.150028e-23 -3.185072e-23 -2.261193e-23 -1.482577e-23 -8.961814e-24 -4.985231e-24 -2.547540e-24 -1.194018e-24 -5.125916e-25 -2.013506e-25 -7.231740e-26 -2.373868e-26 -7.120516e-27 -1.951602e-27 -4.887649e-28 -1.118430e-28 -2.337697e-29 -4.459823e-30 -7.754581e-31 -1.225589e-31 -1.752338e-32 -2.247469e-33 -2.544558e-34 -2.458212e-35 -1.851104e-36 -7.038030e-38 8.477625e-39 2.533055e-39 4.024687e-40 5.042170e-41 5.436645e-42 5.222103e-43 4.546470e-44 3.623737e-45 2.660957e-46 1.807868e-47 1.139834e-48 6.683429e-50 3.650255e-51 1.859132e-52 8.837155e-54 3.922506e-55 1.626283e-56 6.298715e-58 2.278701e-59 7.697948e-61 2.427188e-62 7.141601e-64 1.628352e-65 1.025396e-67 1.010319e-70 1.849460e-74 8.263167e-79 1.120382e-83 5.420348e-89 0.000000e+00
0.000000e+00 1.678100e-85 3.237960e-80 2.236085e-75 4.698368e-71 2.414757e-67 2.310149e-64 3.464739e-62 1.439192e-60 4.642535e-59 1.398970e-57 3.937865e-56 1.035718e-54 2.545639e-53 5.846366e-52 1.254230e-50 2.512089e-49 4.693575e-48 8.171057e-47 1.323306e-45 1.989241e-44 2.767051e-43 3.545873e-42 4.158323e-41 4.415539e-40 4.166677e-39 3.362960e-38 2.096790e-37 5.916497e-37 -8.604843e-36 -1.991007e-34 -2.636471e-33 -2.775875e-32 -2.512332e-31 -2.015194e-30 -1.453823e-29 -9.507907e-29 -5.661947e-28 -3.077849e-27 -1.529417e-26 -6.951742e-26 -2.891070e-25 -1.100095e-24 -3.829864e-24 -1.219868e-23 -3.555316e-23 -9.485145e-23 -2.317974e-22 -5.194237e-22 -1.068775e-21 -2.022745e-21 -3.527990e-21 -5.682525e-21 -8.469974e-21 -1.170573e-20 -1.502603e-20 -1.794075e-20 -1.994569e-20 -2.066109e-20 -1.994569e-20 -1.794075e-20 -1.502603e-20 -1.170573e-20 -8.469974e-21 -5.682525e-21 -3.527990e-21 -2.022745e-21 -1.068775e-21 -5.194237e-22 -2.317974e-22 -9.485145e-23 -3.555316e-23 -1.219868e-23 -3.829864e-24 -1.100095e-24 -2.891070e-25 -6.951742e-26 -1.529417e-26 -3.077849e-27 -5.661947e-28 -9.507907e-29 -1.453823e-29 -2.015194e-30 -2.512332e-31 -2.775875e-32 -2.636471e-33 -1.991007e-34 -8.604843e-36 5.916497e-37 2.096790e-37 3.362960e-38 4.166677e-39 4.415539e-40 4.158323e-41 3.545873e-42 2.767051e-43 1.989241e-44 1.323306e-45 8.171057e-47 4.693575e-48 2.512089e-49 1.254230e-50 5.846366e-52 2.545639e-53 1.035718e-54 3.937865e-56 1.398970e-57 4.642535e-59 1.439192e-60 3.464739e-62 2.310149e-64 2.414757e-67 4.698368e-71 2.236085e-75 3.237960e-80 1.678100e-85 0.000000e+00
0.000000e+00 8.440678e-83 1.525199e-77 9.889297e-73 1.955237e-68 9.473325e-65 8.557178e-62 1.213798e-59 4.780977e-58 1.465271e-56 4.198550e-55 1.124479e-53 2.815280e-52 6.588259e-51 1.440676e-49 2.942195e-48 5.606938e-47 9.958986e-46 1.645984e-44 2.525620e-43 3.586357e-42 4.691107e-41 5.613028e-40 6.074429e-39 5.826481e-38 4.747450e-37 2.917957e-36 6.312103e-36 -1.679282e-34 -3.572249e-33 -4.736587e-32 -5.075465e-31 -4.705076e-30 -3.879279e-29 -2.883559e-28 -1.946683e-27 -1.198559e-26 -6.746010e-26 -3.475462e-25 -1.639901e-24 -7.088363e-24 -2.806609e-23 -1.017827e-22 -3.380549e-22 -1.028369e-21 -2.866103e-21 -7.322954e-21 -1.716984e-20 -3.699447e-20 -7.337794e-20 -1.342624e-19 -2.271404e-19 -3.561328e-19 -5.186939e-19 -7.032696e-19 -8.893166e-19 -1.050453e-18 -1.160298e-18 -1.199317e-18 -1.160298e-18 -1.050453e-18 -8.893166e-19 -7.032696e-19 -5.186939e-19 -3.561328e-19 -2.271404e-19 -1.342624e-19 -7.337794e-20 -3.699447e-20 -1.716984e-20 -7.322954e-21 -2.866103e-21 -1.028369e-21 -3.380549e-22 -1.017827e-22 -2.806609e-23 -7.088363e-24 -1.639901e-24 -3.475462e-25 -6.746010e-26 -1.198559e-26 -1.946683e-27 -2.883559e-28 -3.879279e-29 -4.705076e-30 -5.075465e-31 -4.736587e-32 -3.572249e-33 -1.679282e-34 6.312103e-36 2.917957e-36 4.747450e-37 5.826481e-38 6.074429e-39 5.613028e-40 4.691107e-41 3.586357e-42 2.525620e-43 1.645984e-44 9.958986e-46 5.606938e-47 2.942195e-48 1.440676e-49 6.588259e-51 2.815280e-52 1.124479e-53 4.198550e-55 1.465271e-56 4.780977e-58 1.213798e-59 8.557178e-62 9.473325e-65 1.955237e-68 9.889297e-73 1.525199e-77 8.440678e-83 0.000000e+00
0.000000e+00 7.599814e-81 1.290451e-75 7.880144e-71 1.470052e-66 6.730949e-63 5.753330e-60 7.733515e-58 2.893672e-56 8.439595e-55 2.302842e-53 5.875939e-52 1.401923e-50 3.126619e-49 6.514682e-48 1.267120e-46 2.297896e-45 3.878904e-44 6.080623e-43 8.823258e-42 1.179478e-40 1.442084e-39 1.593695e-38 1.558301e-37 1.287955e-36 7.881146e-36 1.278110e-35 -5.736472e-34 -1.181162e-32 -1.586157e-31 -1.738631e-30 -1.655814e-29 -1.406113e-28 -1.078532e-27 -7.524972e-27 -4.794825e-26 -2.796539e-25 -1.494778e-24 -7.326239e-24 -3.293035e-23 -1.357323e-22 -5.129335e-22 -1.776881e-21 -5.642354e-21 -1.642674e-20 -4.386857e-20 -1.075616e-19 -2.424584e-19 -5.033318e-19 -9.643479e-19 -1.709331e-18 -2.810310e-18 -4.296870e-18 -6.125022e-18 -8.158517e-18 -1.017460e-17 -1.189914e-17 -1.306500e-17 -1.347741e-17 -1.306500e-17 -1.189914e-17 -1.017460e-17 -8.158517e-18 -6.125022e-18 -4.296870e-18 -2.810310e-18 -1.709331e-18 -9.643479e-19 -5.033318e-19 -2.424584e-19 -1.075616e-19 -4.386857e-20 -1.642674e-20 -5.642354e-21 -1.776881e-21 -5.129335e-22 -1.357323e-22 -3.293035e-23 -7.326239e-24 -1.494778e-24 -2.796539e-25 -4.794825e-26 -7.524972e-27 -1.078532e-27 -1.406113e-28 -1.655814e-29 -1.738631e-30 -1.586157e-31 -1.181162e-32 -5.736472e-34 1.278110e-35 7.881146e-36 1.287955e-36 1.558301e-37 1.593695e-38 1.442084e-39 1.179478e-40 8.823258e-42 6.080623e-43 3.878904e-44 2.297896e-45 1.267120e-46 6.514682e-48 3.126619e-49 1.401923e-50 5.875939e-52 2.302842e-53 8.439595e-55 2.893672e-56 7.733515e-58 5.753330e-60 6.730949e-63 1.470052e-66 7.880144e-71 1.290451e-75 7.599814e-81 0.000000e+00
0.000000e+00 3.354457e-79 5.372422e-74 3.100288e-69 5.474378e-65 2.375679e-61 1.926752e-58 2.460529e-56 8.766745e-55 2.438680e-53 6.349984e-52 1.546688e-50 3.523062e-49 7.500598e-48 1.491331e-46 2.765940e-45 4.777325e-44 7.666520e-43 1.139372e-41 1.560704e-40 1.956178e-39 2.216989e-38 2.223308e-37 1.883528e-36 1.176727e-35 1.788786e-35 -9.440224e-34 -1.979308e-32 -2.732736e-31 -3.088298e-30 -3.037387e-29 -2.667208e-28 -2.118054e-27 -1.531710e-26 -1.012758e-25 -6.136303e-25 -3.411186e-24 -1.740753e-23 -8.155576e-23 -3.507524e-22 -1.384417e-21 -5.013542e-21 -1.665592e-20 -5.076485e-20 -1.419976e-19 -3.647884e-19 -8.616905e-19 -1.874654e-18 -3.764012e-18 -6.992009e-18 -1.204889e-17 -1.931568e-17 -2.888710e-17 -4.040852e-17 -5.299632e-17 -6.529812e-17 -7.570784e-17 -8.269475e-17 -8.515738e-17 -8.269475e-17 -7.570784e-17 -6.529812e-17 -5.299632e-17 -4.040852e-17 -2.888710e-17 -1.931568e-17 -1.204889e-17 -6.992009e-18 -3.764012e-18 -1.874654e-18 -8.616905e-19 -3.647884e-19 -1.419976e-19 -5.076485e-20 -1.665592e-20 -5.013542e-21 -1.384417e-21 -3.507524e-22 -8.155576e-23 -1.740753e-23 -3.411186e-24 -6.136303e-25 -1.012758e-25 -1.531710e-26 -2.118054e-27 -2.667208e-28 -3.037387e-29 -3.088298e-30 -2.732736e-31 -1.979308e-32 -9.440224e-34 1.788786e-35 1.176727e-35 1.883528e-36 2.223308e-37 2.216989e-38 1.956178e-39 1.560704e-40 1.139372e-41 7.666520e-43 4.777325e-44 2.765940e-45 1.491331e-46 7.500598e-48 3.523062e-49 1.546688e-50 6.349984e-52 2.438680e-53 8.766745e-55 2.460529e-56 1.926752e-58 2.375679e-61 5.474378e-65 3.100288e-69 5.372422e-74 3.354457e-79 0.000000e+00
0.000000e+00 1.345694e-77 2.037501e-72 1.113361e-67 1.864043e-63 7.678353e-60 5.916395e-57 7.185823e-55 2.440236e-53 6.479376e-52 1.610975e-50 3.747259e-49 8.150500e-48 1.656349e-46 3.141315e-45 5.550759e-44 9.117571e-43 1.387648e-41 1.947557e-40 2.502389e-39 2.908676e-38 2.992839e-37 2.601557e-36 1.665223e-35 2.484970e-35 -1.440185e-33 -3.094275e-32 -4.398422e-31 -5.126403e-30 -5.206115e-29 -4.725613e-28 -3.883085e-27 -2.908730e-26 -1.994208e-25 -1.254190e-24 -7.244498e-24 -3.845372e-23 -1.875845e-22 -8.408346e-22 -3.462141e-21 -1.309039e-20 -4.543797e-20 -1.447787e-19 -4.235352e-19 -1.138179e-18 -2.812520e-18 -6.400056e-18 -1.343777e-17 -2.609583e-17 -4.700175e-17 -7.874950e-17 -1.231100e-16 -1.801093e-16 -2.472700e-16 -3.193461e-16 -3.887815e-16 -4.469079e-16 -4.856425e-16 -4.992461e-16 -4.856425e-16 -4.469079e-16 -3.887815e-16 -3.193461e-16 -2.472700e-16 -1.801093e-16 -1.231100e-16 -7.874950e-17 -4.700175e-17 -2.609583e-17 -1.343777e-17 -6.400056e-18 -2.812520e-18 -1.138179e-18 -4.235352e-19 -1.447787e-19 -4.543797e-20 -1.309039e-20 -3.462141e-21 -8.408346e-22 -1.875845e-22 -3.845372e-23 -7.244498e-24 -1.254190e-24 -1.994208e-25 -2.908730e-26 -3.883085e-27 -4.725613e-28 -5.206115e-29 -5.126403e-30 -4.398422e-31 -3.094275e-32 -1.440185e-33 2.484970e-35 1.665223e-35 2.601557e-36 2.992839e-37 2.908676e-38 2.502389e-39 1.947557e-40 1.387648e-41 9.117571e-43 5.550759e-44 3.141315e-45 1.656349e-46 8.150500e-48 3.747259e-49 1.610975e-50 6.479376e-52 2.440236e-53 7.185823e-55 5.916395e-57 7.678353e-60 1.864043e-63 1.113361e-67 2.037501e-72 1.345694e-77 0.000000e+00
0.000000e+00 5.012660e-76 7.187624e-71 3.724574e-66 5.920061e-62 2.317093e-58 1.697611e-55 1.962214e-53 6.354175e-52 1.610976e-50 3.825063e-49 8.496002e-48 1.763904e-46 3.419169e-45 6.177996e-44 1.038165e-42 1.617225e-41 2.324339e-40 3.059823e-39 3.645629e-38 3.846483e-37 3.428957e-36 2.248053e-35 3.303121e-35 -2.087789e-33 -4.596429e-32 -6.722471e-31 -8.073909e-30 -8.458810e-29 -7.928923e-28 -6.734668e-27 -5.219720e-26 -3.706317e-25 -2.416520e-24 -1.448499e-23 -7.986490e-23 -4.050781e-22 -1.889632e-21 -8.104232e-21 -3.194176e-20 -1.156522e-19 -3.845868e-19 -1.174582e-18 -3.295881e-18 -8.503472e-18 -2.019809e-17 -4.424829e-17 -8.961079e-17 -1.682283e-16 -2.936634e-16 -4.782145e-16 -7.288382e-16 -1.042866e-15 -1.404938e-15 -1.786524e-15 -2.148822e-15 -2.448820e-15 -2.647283e-15 -2.716730e-15 -2.647283e-15 -2.448820e-15 -2.148822e-15 -1.786524e-15 -1.404938e-15 -1.042866e-15 -7.288382e-16 -4.782145e-16 -2.936634e-16 -1.682283e-16 -8.961079e-17 -4.424829e-17 -2.019809e-17 -8.503472e-18 -3.295881e-18 -1.174582e-18 -3.845868e-19 -1.156522e-19 -3.194176e-20 -8.104232e-21 -1.889632e-21 -4.050781e-22 -7.986490e-23 -1.448499e-23 -2.416520e-24 -3.706317e-25 -5.219720e-26 -6.734668e-27 -7.928923e-28 -8.458810e-29 -8.073909e-30 -6.722471e-31 -4.596429e-32 -2.087789e-33 3.303121e-35 2.248053e-35 3.428957e-36 3.846483e-37 3.645629e-38 3.059823e-39 2.324339e-40 1.617225e-41 1.038165e-42 6.177996e-44 3.419169e-45 1.763904e-46 8.496002e-48 3.825063e-49 1.610976e-50 6.354175e-52 1.962214e-53 1.697611e-55 2.317093e-58 5.920061e-62 3.724574e-66 7.187624e-71 5.012660e-76 0.000000e+00
0.000000e+00 1.736188e-74 2.361190e-69 1.161777e-64 1.754905e-60 6.531857e-57 4.553126e-54 5.010694e-52 1.547741e-50 3.747263e-49 8.496002e-48 1.801274e-46 3.567114e-45 6.587611e-44 1.131955e-42 1.803928e-41 2.653640e-40 3.577175e-39 4.366339e-38 4.721498e-37 4.314351e-36 2.896421e-35 4.207122e-35 -2.877432e-33 -6.491255e-32 -9.762173e-31 -1.207286e-29 -1.303741e-28 -1.260836e-27 -1.105909e-26 -8.859424e-26 -6.508111e-25 -4.393991e-24 -2.729899e-23 -1.561509e-22 -8.223953e-22 -3.987037e-21 -1.778565e-20 -7.296595e-20 -2.751622e-19 -9.534770e-19 -3.035357e-18 -8.878663e-18 -2.387598e-17 -5.908862e-17 -1.347934e-16 -2.840509e-16 -5.544415e-16 -1.005549e-15 -1.700262e-15 -2.689799e-15 -3.995009e-15 -5.588906e-15 -7.386382e-15 -9.245963e-15 -1.098552e-14 -1.240996e-14 -1.334532e-14 -1.367141e-14 -1.334532e-14 -1.240996e-14 -1.098552e-14 -9.245963e-15 -7.386382e-15 -5.588906e-15 -3.995009e-15 -2.689799e-15 -1.700262e-15 -1.005549e-15 -5.544415e-16 -2.840509e-16 -1.347934e-16 -5.908862e-17 -2.387598e-17 -8.878663e-18 -3.035357e-18 -9.534770e-19 -2.751622e-19 -7.296595e-20 -1.778565e-20 -3.987037e-21 -8.223953e-22 -1.561509e-22 -2.729899e-23 -4.393991e-24 -6.508111e-25 -8.859424e-26 -1.105909e-26 -1.260836e-27 -1.303741e-28 -1.207286e-29 -9.762173e-31 -6.491255e-32 -2.877432e-33 4.207122e-35 2.896421e-35 4.314351e-36 4.721498e-37 4.366339e-38 3.577175e-39 2.653640e-40 1.803928e-41 1.131955e-42 6.587611e-44 3.567114e-45 1.801274e-46 8.496002e-48 3.747263e-49 1.547741e-50 5.010694e-52 4.553126e-54 6.531857e-57 1.754905e-60 1.161777e-64 2.361190e-69 1.736188e-74 0.000000e+00
0.000000e+00 5.597845e-73 7.229767e-68 3.381223e-63 4.857943e-59 1.720600e-55 1.141622e-52 1.196454e-50 3.525539e-49 8.150510e-48 1.763904e-46 3.567114e-45 6.730055e-44 1.181958e-42 1.926065e-41 2.898499e-40 3.999014e-39 4.998138e-38 5.536326e-37 5.183183e-36 3.562483e-35 5.139039e-35 -3.771981e-33 -8.719174e-32 -1.347587e-30 -1.714819e-29 -1.907253e-28 -1.901360e-27 -1.720624e-26 -1.423332e-25 -1.080604e-24 -7.546777e-24 -4.854233e-23 -2.877196e-22 -1.571549e-21 -7.908197e-21 -3.664476e-20 -1.562710e-19 -6.129392e-19 -2.210048e-18 -7.322828e-18 -2.229539e-17 -6.239392e-17 -1.606204e-16 -3.808691e-16 -8.335231e-16 -1.687870e-15 -3.172374e-15 -5.553582e-15 -9.089191e-15 -1.395985e-14 -2.019427e-14 -2.760863e-14 -3.578127e-14 -4.407639e-14 -5.171819e-14 -5.790416e-14 -6.193509e-14 -6.333498e-14 -6.193509e-14 -5.790416e-14 -5.171819e-14 -4.407639e-14 -3.578127e-14 -2.760863e-14 -2.019427e-14 -1.395985e-14 -9.089191e-15 -5.553582e-15 -3.172374e-15 -1.687870e-15 -8.335231e-16 -3.808691e-16 -1.606204e-16 -6.239392e-17 -2.229539e-17 -7.322828e-18 -2.210048e-18 -6.129392e-19 -1.562710e-19 -3.664476e-20 -7.908197e-21 -1.571549e-21 -2.877196e-22 -4.854233e-23 -7.546777e-24 -1.080604e-24 -1.423332e-25 -1.720624e-26 -1.901360e-27 -1.907253e-28 -1.714819e-29 -1.347587e-30 -8.719174e-32 -3.771981e-33 5.139039e-35 3.562483e-35 5.183183e-36 5.536326e-37 4.998138e-38 3.999014e-39 2.898499e-40 1.926065e-41 1.181958e-42 6.730055e-44 3.567114e-45 1.763904e-46 8.150510e-48 3.525539e-49 1.196454e-50 1.141622e-52 1.720600e-55 4.857943e-59 3.381223e-63 7.229767e-68 5.597845e-73 0.000000e+00
0.000000e+00 1.681612e-71 2.064715e-66 9.186277e-62 1.256179e-57 4.235667e-54 2.675712e-51 2.670623e-49 7.506034e-48 1.656351e-46 3.419169e-45 6.587611e-44 1.181958e-42 1.968574e-41 3.029212e-40 4.275450e-39 5.468943e-38 6.202393e-37 5.946845e-36 4.183818e-35 6.024939e-35 -4.704816e-33 -1.114353e-31 -1.769034e-30 -2.314744e-29 -2.649573e-28 -2.720627e-27 -2.537921e-26 -2.165897e-25 -1.697828e-24 -1.225304e-23 -8.151154e-23 -5.000844e-22 -2.829631e-21 -1.476207e-20 -7.096882e-20 -3.142002e-19 -1.280145e-18 -4.796653e-18 -1.652016e-17 -5.228269e-17 -1.520513e-16 -4.065631e-16 -1.000533e-15 -2.270055e-15 -4.759566e-15 -9.249647e-15 -1.672015e-14 -2.822291e-14 -4.466565e-14 -6.654400e-14 -9.368694e-14 -1.250893e-13 -1.588898e-13 -1.925205e-13 -2.230114e-13 -2.473986e-13 -2.631629e-13 -2.686157e-13 -2.631629e-13 -2.473986e-13 -2.230114e-13 -1.925205e-13 -1.588898e-13 -1.250893e-13 -9.368694e-14 -6.654400e-14 -4.466565e-14 -2.822291e-14 -1.672015e-14 -9.249647e-15 -4.759566e-15 -2.270055e-15 -1.000533e-15 -4.065631e-16 -1.520513e-16 -5.228269e-17 -1.652016e-17 -4.796653e-18 -1.280145e-18 -3.142002e-19 -7.096882e-20 -1.476207e-20 -2.829631e-21 -5.000844e-22 -8.151154e-23 -1.225304e-23 -1.697828e-24 -2.165897e-25 -2.537921e-26 -2.720627e-27 -2.649573e-28 -2.314744e-29 -1.769034e-30 -1.114353e-31 -4.704816e-33 6.024939e-35 4.183818e-35 5.946845e-36 6.202393e-37 5.468943e-38 4.275450e-39 3.029212e-40 1.968574e-41 1.181958e-42 6.587611e-44 3.419169e-45 1.656351e-46 7.506034e-48 2.670623e-49 2.675712e-51 4.235667e-54 1.256179e-57 9.186277e-62 2.064715e-66 1.681612e-71 0.000000e+00
0.000000e+00 4.709791e-70 5.502305e-65 2.330484e-60 3.034574e-56 9.743733e-53 5.860479e-50 5.569471e-48 1.492445e-46 3.141320e-45 6.177996e-44 1.131955e-42 1.926065e-41 3.029212e-40 4.371747e-39 5.720596e-38 6.639603e-37 6.516981e-36 4.692381e-35 6.783997e-35 -5.585413e-33 -1.355513e-31 -2.209184e-30 -2.970491e-29 -3.496850e-28 -3.695529e-27 -3.550764e-26 -3.123565e-25 -2.525880e-24 -1.881958e-23 -1.293526e-22 -8.205990e-22 -4.804902e-21 -2.595929e-20 -1.293325e-19 -5.937654e-19 -2.509960e-18 -9.761528e-18 -3.490296e-17 -1.146770e-16 -3.461506e-16 -9.600965e-16 -2.448749e-15 -5.751095e-15 -1.246348e-14 -2.499365e-14 -4.654004e-14 -8.079026e-14 -1.313083e-13 -2.006947e-13 -2.897047e-13 -3.965566e-13 -5.166299e-13 -6.426627e-13 -7.654442e-13 -8.748894e-13 -9.613147e-13 -1.016706e-12 -1.035784e-12 -1.016706e-12 -9.613147e-13 -8.748894e-13 -7.654442e-13 -6.426627e-13 -5.166299e-13 -3.965566e-13 -2.897047e-13 -2.006947e-13 -1.313083e-13 -8.079026e-14 -4.654004e-14 -2.499365e-14 -1.246348e-14 -5.751095e-15 -2.448749e-15 -9.600965e-16 -3.461506e-16 -1.146770e-16 -3.490296e-17 -9.761528e-18 -2.509960e-18 -5.937654e-19 -1.293325e-19 -2.595929e-20 -4.804902e-21 -8.205990e-22 -1.293526e-22 -1.881958e-23 -2.525880e-24 -3.123565e-25 -3.550764e-26 -3.695529e-27 -3.496850e-28 -2.970491e-29 -2.209184e-30 -1.355513e-31 -5.585413e-33 6.783997e-35 4.692381e-35 6.516981e-36 6.639603e-37 5.720596e-38 4.371747e-39 3.029212e-40 1.926065e-41 1.131955e-42 6.177996e-44 3.141320e-45 1.492445e-46 5.569471e-48 5.860479e-50 9.743733e-53 3.034574e-56 2.330484e-60 5.502305e-65 4.709791e-70 0.000000e+00
0.000000e+00 1.230409e-68 1.368673e-63 5.521246e-59 6.847818e-55 2.093932e-51 1.198867e-48 1.084281e-46 2.768068e-45 5.550769e-44 1.038165e-42 1.803928e-41 2.898499e-40 4.275450e-39 5.720596e-38 6.792032e-37 6.822073e-36 5.026496e-35 7.340213e-35 -6.312593e-33 -1.569724e-31 -2.625200e-30 -3.625177e-29 -4.385958e-28 -4.767156e-27 -4.714223e-26 -4.271294e-25 -3.560101e-24 -2.736052e-23 -1.941246e-22 -1.272192e-21 -7.700926e-21 -4.304248e-20 -2.219983e-19 -1.055740e-18 -4.625212e-18 -1.864972e-17 -6.915120e-17 -2.356107e-16 -7.373042e-16 -2.118864e-15 -5.594072e-15 -1.358181e-14 -3.037707e-14 -6.274666e-14 -1.200956e-13 -2.138372e-13 -3.557933e-13 -5.558024e-13 -8.190476e-13 -1.143785e-12 -1.520074e-12 -1.929867e-12 -2.348456e-12 -2.747014e-12 -3.095779e-12 -3.367372e-12 -3.539822e-12 -3.598939e-12 -3.539822e-12 -3.367372e-12 -3.095779e-12 -2.747014e-12 -2.348456e-12 -1.929867e-12 -1.520074e-12 -1.143785e-12 -8.190476e-13 -5.558024e-13 -3.557933e-13 -2.138372e-13 -1.200956e-13 -6.274666e-14 -3.037707e-14 -1.358181e-14 -5.594072e-15 -2.118864e-15 -7.373042e-16 -2.356107e-16 -6.915120e-17 -1.864972e-17 -4.625212e-18 -1.055740e-18 -2.219983e-19 -4.304248e-20 -7.700926e-21 -1.272192e-21 -1.941246e-22 -2.736052e-23 -3.560101e-24 -4.271294e-25 -4.714223e-26 -4.767156e-27 -4.385958e-28 -3.625177e-29 -2.625200e-30 -1.569724e-31 -6.312593e-33 7.340213e-35 5.026496e-35 6.822073e-36 6.792032e-37 5.720596e-38 4.275450e-39 2.898499e-40 1.803928e-41 1.038165e-42 5.550769e-44 2.768068e-45 1.084281e-46 1.198867e-48 2.093932e-51 6.847818e-55 5.521246e-59 1.368673e-63 1.230409e-68 0.000000e+00
0.000000e+00 2.999071e-67 3.178082e-62 1.221437e-57 1.443066e-53 4.201488e-50 2.288753e-47 1.968262e-45 4.781109e-44 9.117589e-43 1.617225e-41 2.653640e-40 3.999014e-39 5.468943e-38 6.639603e-37 6.822073e-36 5.143033e-35 7.634484e-35 -6.793149e-33 -1.730852e-31 -2.969064e-30 -4.208356e-29 -5.229519e-28 -5.841958e-27 -5.941604e-26 -5.540464e-25 -4.756046e-24 -3.767157e-23 -2.756684e-22 -1.864604e-21 -1.165765e-20 -6.734365e-20 -3.592197e-19 -1.767799e-18 -8.018423e-18 -3.348687e-17 -1.286289e-16 -4.540149e-16 -1.471432e-15 -4.376776e-15 -1.194843e-14 -2.995460e-14 -6.905304e-14 -1.466903e-13 -2.880277e-13 -5.247547e-13 -8.911233e-13 -1.417563e-12 -2.123302e-12 -3.009943e-12 -4.057722e-12 -5.225350e-12 -6.453368e-12 -7.670129e-12 -8.799165e-12 -9.766681e-12 -1.050824e-11 -1.097410e-11 -1.113295e-11 -1.097410e-11 -1.050824e-11 -9.766681e-12 -8.799165e-12 -7.670129e-12 -6.453368e-12 -5.225350e-12 -4.057722e-12 -3.009943e-12 -2.123302e-12 -1.417563e-12 -8.911233e-13 -5.247547e-13 -2.880277e-13 -1.466903e-13 -6.905304e-14 -2.995460e-14 -1.194843e-14 -4.376776e-15 -1.471432e-15 -4.540149e-16 -1.286289e-16 -3.348687e-17 -8.018423e-18 -1.767799e-18 -3.592197e-19 -6.734365e-20 -1.165765e-20 -1.864604e-21 -2.756684e-22 -3.767157e-23 -4.756046e-24 -5.540464e-25 -5.941604e-26 -5.841958e-27 -5.229519e-28 -4.208356e-29 -2.969064e-30 -1.730852e-31 -6.793149e-33 7.634484e-35 5.143033e-35 6.822073e-36 6.639603e-37 5.468943e-38 3.999014e-39 2.653640e-40 1.617225e-41 9.117589e-43 4.781109e-44 1.968262e-45 2.288753e-47 4.201488e-50 1.443066e-53 1.221437e-57 3.178082e-62 2.999071e-67 0.000000e+00
0.000000e+00 6.820996e-66 6.888046e-61 2.522426e-56 2.838385e-52 7.864984e-49 4.072972e-46 3.325987e-44 7.672775e-43 1.387651e-41 2.324339e-40 3.577175e-39 4.998138e-38 6.202393e-37 6.516981e-36 5.026496e-35 7.634484e-35 -6.961255e-33 -1.817462e-31 -3.196450e-30 -4.647907e-29 -5.928759e-28 -6.802772e-27 -7.111030e-26 -6.819609e-25 -6.024671e-24 -4.914388e-23 -3.706026e-22 -2.585066e-21 -1.667838e-20 -9.949076e-20 -5.483530e-19 -2.789932e-18 -1.308946e-17 -5.656411e-17 -2.248705e-16 -8.214759e-16 -2.754757e-15 -8.473409e-15 -2.389698e-14 -6.180046e-14 -1.466761e-13 -3.200131e-13 -6.435061e-13 -1.196940e-12 -2.068558e-12 -3.338667e-12 -5.060475e-12 -7.243797e-12 -9.846339e-12 -1.277467e-11 -1.589395e-11 -1.904332e-11 -2.205315e-11 -2.476081e-11 -2.702289e-11 -2.872325e-11 -2.977745e-11 -3.013451e-11 -2.977745e-11 -2.872325e-11 -2.702289e-11 -2.476081e-11 -2.205315e-11 -1.904332e-11 -1.589395e-11 -1.277467e-11 -9.846339e-12 -7.243797e-12 -5.060475e-12 -3.338667e-12 -2.068558e-12 -1.196940e-12 -6.435061e-13 -3.200131e-13 -1.466761e-13 -6.180046e-14 -2.389698e-14 -8.473409e-15 -2.754757e-15 -8.214759e-16 -2.248705e-16 -5.656411e-17 -1.308946e-17 -2.789932e-18 -5.483530e-19 -9.949076e-20 -1.667838e-20 -2.585066e-21 -3.706026e-22 -4.914388e-23 -6.024671e-24 -6.819609e-25 -7.111030e-26 -6.802772e-27 -5.928759e-28 -4.647907e-29 -3.196450e-30 -1.817462e-31 -6.961255e-33 7.634484e-35 5.026496e-35 6.516981e-36 6.202393e-37 4.998138e-38 3.577175e-39 2.324339e-40 1.387651e-41 7.672775e-43 3.325987e-44 4.072972e-46 7.864984e-49 2.838385e-52 2.522426e-56 6.888046e-61 6.820996e-66 0.000000e+00
0.000000e+00 1.447385e-64 1.393028e-59 4.860148e-55 5.206685e-51 1.371989e-47 6.745380e-45 5.219856e-43 1.140330e-41 1.947562e-40 3.059823e-39 4.366339e-38 5.536326e-37 5.946845e-36 4.692381e-35 7.340213e-35 -6.793149e-33 -1.817462e-31 -3.276019e-30 -4.884463e-29 -6.392022e-28 -7.528787e-27 -8.083447e-26 -7.967414e-25 -7.238710e-24 -6.076431e-23 -4.718715e-22 -3.391634e-21 -2.256296e-20 -1.388692e-19 -7.901813e-19 -4.152828e-18 -2.013558e-17 -8.995745e-17 -3.698110e-16 -1.397025e-15 -4.843417e-15 -1.539350e-14 -4.481299e-14 -1.194509e-13 -2.916119e-13 -6.527027e-13 -1.342180e-12 -2.543623e-12 -4.461395e-12 -7.279434e-12 -1.111351e-11 -1.597305e-11 -2.174534e-11 -2.820615e-11 -3.505172e-11 -4.194172e-11 -4.854126e-11 -5.455357e-11 -5.973892e-11 -6.391997e-11 -6.697675e-11 -6.883604e-11 -6.945969e-11 -6.883604e-11 -6.697675e-11 -6.391997e-11 -5.973892e-11 -5.455357e-11 -4.854126e-11 -4.194172e-11 -3.505172e-11 -2.820615e-11 -2.174534e-11 -1.597305e-11 -1.111351e-11 -7.279434e-12 -4.461395e-12 -2.543623e-12 -1.342180e-12 -6.527027e-13 -2.916119e-13 -1.194509e-13 -4.481299e-14 -1.539350e-14 -4.843417e-15 -1.397025e-15 -3.698110e-16 -8.995745e-17 -2.013558e-17 -4.152828e-18 -7.901813e-19 -1.388692e-19 -2.256296e-20 -3.391634e-21 -4.718715e-22 -6.076431e-23 -7.238710e-24 -7.967414e-25 -8.083447e-26 -7.528787e-27 -6.392022e-28 -4.884463e-29 -3.276019e-30 -1.817462e-31 -6.793149e-33 7.340213e-35 4.692381e-35 5.946845e-36 5.536326e-37 4.366339e-38 3.059823e-39 1.947562e-40 1.140330e-41 5.219856e-43 6.745380e-45 1.371989e-47 5.206685e-51 4.860148e-55 1.393028e-59 1.447385e-64 0.000000e+00
0.000000e+00 2.864567e-63 2.627400e-58 8.730140e-54 8.897499e-50 2.226768e-46 1.037318e-43 7.583884e-42 1.562059e-40 2.502397e-39 3.645629e-38 4.721498e-37 5.183183e-36 4.183818e-35 6.783997e-35 -6.312593e-33 -1.730852e-31 -3.196450e-30 -4.884463e-29 -6.554284e-28 -7.920102e-27 -8.729046e-26 -8.837057e-25 -8.251539e-24 -7.123204e-23 -5.692160e-22 -4.212730e-21 -2.887524e-20 -1.832218e-19 -1.075462e-18 -5.833718e-18 -2.920820e-17 -1.347970e-16 -5.725702e-16 -2.235011e-15 -8.005056e-15 -2.626962e-14 -7.888728e-14 -2.165883e-13 -5.434736e-13 -1.246804e-12 -2.618601e-12 -5.047314e-12 -8.961414e-12 -1.472783e-11 -2.253659e-11 -3.231738e-11 -4.372171e-11 -5.617619e-11 -6.898580e-11 -8.145253e-11 -9.297700e-11 -1.031223e-10 -1.116345e-10 -1.184248e-10 -1.235273e-10 -1.270447e-10 -1.290949e-10 -1.297672e-10 -1.290949e-10 -1.270447e-10 -1.235273e-10 -1.184248e-10 -1.116345e-10 -1.031223e-10 -9.297700e-11 -8.145253e-11 -6.898580e-11 -5.617619e-11 -4.372171e-11 -3.231738e-11 -2.253659e-11 -1.472783e-11 -8.961414e-12 -5.047314e-12 -2.618601e-12 -1.246804e-12 -5.434736e-13 -2.165883e-13 -7.888728e-14 -2.626962e-14 -8.005056e-15 -2.235011e-15 -5.725702e-16 -1.347970e-16 -2.920820e-17 -5.833718e-18 -1.075462e-18 -1.832218e-19 -2.887524e-20 -4.212730e-21 -5.692160e-22 -7.123204e-23 -8.251539e-24 -8.837057e-25 -8.729046e-26 -7.920102e-27 -6.554284e-28 -4.884463e-29 -3.196450e-30 -1.730852e-31 -6.312593e-33 6.783997e-35 4.183818e-35 5.183183e-36 4.721498e-37 3.645629e-38 2.502397e-39 1.562059e-40 7.583884e-42 1.037318e-43 2.226768e-46 8.897499e-50 8.730140e-54 2.627400e-58 2.864567e-63 0.000000e+00
0.000000e+00 5.284935e-62 4.617981e-57 1.460330e-52 1.414228e-48 3.355266e-45 1.476609e-42 1.015267e-40 1.957935e-39 2.908686e-38 3.846483e-37 4.314351e-36 3.562483e-35 6.024939e-35 -5.585413e-33 -1.569724e-31 -2.969064e-30 -4.647907e-29 -6.392022e-28 -7.920102e-27 -8.955410e-26 -9.306542e-25 -8.925438e-24 -7.918489e-23 -6.506979e-22 -4.955262e-21 -3.496984e-20 -2.285966e-19 -1.383126e-18 -7.737812e-18 -3.997507e-17 -1.904332e-16 -8.351785e-16 -3.366291e-15 -1.244760e-14 -4.215136e-14 -1.304983e-13 -3.688425e-13 -9.507564e-13 -2.234105e-12 -4.787721e-12 -9.371518e-12 -1.680279e-11 -2.771296e-11 -4.227796e-11 -6.004809e-11 -7.996513e-11 -1.005634e-10 -1.202753e-10 -1.377370e-10 -1.520088e-10 -1.626734e-10 -1.698147e-10 -1.739126e-10 -1.756943e-10 -1.759795e-10 -1.755438e-10 -1.750129e-10 -1.747896e-10 -1.750129e-10 -1.755438e-10 -1.759795e-10 -1.756943e-10 -1.739126e-10 -1.698147e-10 -1.626734e-10 -1.520088e-10 -1.377370e-10 -1.202753e-10 -1.005634e-10 -7.996513e-11 -6.004809e-11 -4.227796e-11 -2.771296e-11 -1.680279e-11 -9.371518e-12 -4.787721e-12 -2.234105e-12 -9.507564e-13 -3.688425e-13 -1.304983e-13 -4.215136e-14 -1.244760e-14 -3.366291e-15 -8.351785e-16 -1.904332e-16 -3.997507e-17 -7.737812e-18 -1.383126e-18 -2.285966e-19 -3.496984e-20 -4.955262e-21 -6.506979e-22 -7.918489e-23 -8.925438e-24 -9.306542e-25 -8.955410e-26 -7.920102e-27 -6.392022e-28 -4.647907e-29 -2.969064e-30 -1.569724e-31 -5.585413e-33 6.024939e-35 3.562483e-35 4.314351e-36 3.846483e-37 2.908686e-38 1.957935e-39 1.015267e-40 1.476609e-42 3.355266e-45 1.414228e-48 1.460330e-52 4.617981e-57 5.284935e-62 0.000000e+00
0.000000e+00 9.082019e-61 7.555435e-56 2.271320e-51 2.086390e-47 4.679403e-44 1.936878e-41 1.243437e-39 2.219059e-38 2.992852e-37 3.428957e-36 2.896421e-35 5.139039e-35 -4.704816e-33 -1.355513e-31 -2.625200e-30 -4.208356e-29 -5.928759e-28 -7.528787e-27 -8.729046e-26 -9.306542e-25 -9.161982e-24 -8.348539e-23 -7.050331e-22 -5.520966e-21 -4.008822e-20 -2.697869e-19 -1.681454e-18 -9.694895e-18 -5.164422e-17 -2.537774e-16 -1.148383e-15 -4.776435e-15 -1.822345e-14 -6.364470e-14 -2.030453e-13 -5.905542e-13 -1.563164e-12 -3.760587e-12 -8.217403e-12 -1.631468e-11 -2.947581e-11 -4.860824e-11 -7.349852e-11 -1.024946e-10 -1.326991e-10 -1.606158e-10 -1.829751e-10 -1.974358e-10 -2.029718e-10 -1.999008e-10 -1.896376e-10 -1.743037e-10 -1.563191e-10 -1.380601e-10 -1.216211e-10 -1.086793e-10 -1.004368e-10 -9.761022e-11 -1.004368e-10 -1.086793e-10 -1.216211e-10 -1.380601e-10 -1.563191e-10 -1.743037e-10 -1.896376e-10 -1.999008e-10 -2.029718e-10 -1.974358e-10 -1.829751e-10 -1.606158e-10 -1.326991e-10 -1.024946e-10 -7.349852e-11 -4.860824e-11 -2.947581e-11 -1.631468e-11 -8.217403e-12 -3.760587e-12 -1.563164e-12 -5.905542e-13 -2.030453e-13 -6.364470e-14 -1.822345e-14 -4.776435e-15 -1.148383e-15 -2.537774e-16 -5.164422e-17 -9.694895e-18 -1.681454e-18 -2.697869e-19 -4.008822e-20 -5.520966e-21 -7.050331e-22 -8.348539e-23 -9.161982e-24 -9.306542e-25 -8.729046e-26 -7.528787e-27 -5.928759e-28 -4.208356e-29 -2.625200e-30 -1.355513e-31 -4.704816e-33 5.139039e-35 2.896421e-35 3.428957e-36 2.992852e-37 2.219059e-38 1.243437e-39 1.936878e-41 4.679403e-44 2.086390e-47 2.271320e-51 7.555435e-56 9.082019e-61 0.000000e+00
0.000000e+00 1.452149e-59 1.148940e-54 3.277971e-50 2.848546e-46 6.014258e-43 2.325199e-40 1.377120e-38 2.225489e-37 2.601572e-36 2.248053e-35 4.207122e-35 -3.771981e-33 -1.114353e-31 -2.209184e-30 -3.625177e-29 -5.229519e-28 -6.802772e-27 -8.083447e-26 -8.837057e-25 -8.925438e-24 -8.348539e-23 -7.241263e-22 -5.827378e-21 -4.350888e-20 -3.012534e-19 -1.932799e-18 -1.147792e-17 -6.300387e-17 -3.191535e-16 -1.489238e-15 -6.388149e-15 -2.513431e-14 -9.049132e-14 -2.973813e-13 -8.897885e-13 -2.417970e-12 -5.954139e-12 -1.326110e-11 -2.668154e-11 -4.848556e-11 -7.965750e-11 -1.186053e-10 -1.606327e-10 -1.987366e-10 -2.254699e-10 -2.349827e-10 -2.244124e-10 -1.942632e-10 -1.478709e-10 -9.033804e-11 -2.737473e-11 3.564889e-11 9.429033e-11 1.452623e-10 1.863837e-10 2.163659e-10 2.345433e-10 2.406278e-10 2.345433e-10 2.163659e-10 1.863837e-10 1.452623e-10 9.429033e-11 3.564889e-11 -2.737473e-11 -9.033804e-11 -1.478709e-10 -1.942632e-10 -2.244124e-10 -2.349827e-10 -2.254699e-10 -1.987366e-10 -1.606327e-10 -1.186053e-10 -7.965750e-11 -4.848556e-11 -2.668154e-11 -1.326110e-11 -5.954139e-12 -2.417970e-12 -8.897885e-13 -2.973813e-13 -9.049132e-14 -2.513431e-14 -6.388149e-15 -1.489238e-15 -3.191535e-16 -6.300387e-17 -1.147792e-17 -1.932799e-18 -3.012534e-19 -4.350888e-20 -5.827378e-21 -7.241263e-22 -8.348539e-23 -8.925438e-24 -8.837057e-25 -8.083447e-26 -6.802772e-27 -5.229519e-28 -3.625177e-29 -2.209184e-30 -1.114353e-31 -3.771981e-33 4.207122e-35 2.248053e-35 2.601572e-36 2.225489e-37 1.377120e-38 2.325199e-40 6.014258e-43 2.848546e-46 3.277971e-50 1.148940e-54 1.452149e-59 0.000000e+00
0.000000e+00 2.157158e-58 1.620634e-53 4.377191e-49 3.584212e-45 7.077639e-42 2.526777e-39 1.350554e-37 1.885516e-36 1.665238e-35 3.303122e-35 -2.877432e-33 -8.719174e-32 -1.769034e-30 -2.970491e-29 -4.385958e-28 -5.841958e-27 -7.111030e-26 -7.967414e-25 -8.251539e-24 -7.918489e-23 -7.050331e-22 -5.827378e-21 -4.471220e-20 -3.183250e-19 -2.101132e-18 -1.284354e-17 -7.260270e-17 -3.789056e-16 -1.822141e-15 -8.056771e-15 -3.267515e-14 -1.212270e-13 -4.102591e-13 -1.262590e-12 -3.522228e-12 -8.877673e-12 -2.015138e-11 -4.106991e-11 -7.495848e-11 -1.222666e-10 -1.779647e-10 -2.308024e-10 -2.658136e-10 -2.692190e-10 -2.330730e-10 -1.574431e-10 -4.971120e-11 7.811344e-11 2.127289e-10 3.423321e-10 4.582952e-10 5.556866e-10 6.328977e-10 6.907805e-10 7.316213e-10 7.581920e-10 7.729931e-10 7.777266e-10 7.729931e-10 7.581920e-10 7.316213e-10 6.907805e-10 6.328977e-10 5.556866e-10 4.582952e-10 3.423321e-10 2.127289e-10 7.811344e-11 -4.971120e-11 -1.574431e-10 -2.330730e-10 -2.692190e-10 -2.658136e-10 -2.308024e-10 -1.779647e-10 -1.222666e-10 -7.495848e-11 -4.106991e-11 -2.015138e-11 -8.877673e-12 -3.522228e-12 -1.262590e-12 -4.102591e-13 -1.212270e-13 -3.267515e-14 -8.056771e-15 -1.822141e-15 -3.789056e-16 -7.260270e-17 -1.284354e-17 -2.101132e-18 -3.183250e-19 -4.471220e-20 -5.827378e-21 -7.050331e-22 -7.918489e-23 -8.251539e-24 -7.967414e-25 -7.111030e-26 -5.841958e-27 -4.385958e-28 -2.970491e-29 -1.769034e-30 -8.719174e-32 -2.877432e-33 3.303122e-35 1.665238e-35 1.885516e-36 1.350554e-37 2.526777e-39 7.077639e-42 3.584212e-45 4.377191e-49 1.620634e-53 2.157158e-58 0.000000e+00
0.000000e+00 2.971184e-57 2.114561e-52 5.386506e-48 4.130756e-44 7.547986e-41 2.437479e-38 1.121750e-36 1.178174e-35 2.485107e-35 -2.087789e-33 -6.491255e-32 -1.347587e-30 -2.314744e-29 -3.496850e-28 -4.767156e-27 -5.941604e-26 -6.819609e-25 -7.238710e-24 -7.123204e-23 -6.506979e-22 -5.520966e-21 -4.350888e-20 -3.183250e-19 -2.160411e-18 -1.358557e-17 -7.904389e-17 -4.247738e-16 -2.104132e-15 -9.585543e-15 -4.005550e-14 -1.530903e-13 -5.334203e-13 -1.688400e-12 -4.835670e-12 -1.247796e-11 -2.887344e-11 -5.960787e-11 -1.091735e-10 -1.762544e-10 -2.487754e-10 -3.031136e-10 -3.107749e-10 -2.502714e-10 -1.168850e-10 7.546507e-11 2.998225e-10 5.250858e-10 7.242772e-10 8.796463e-10 9.840145e-10 1.039398e-09 1.054163e-09 1.039948e-09 1.009094e-09 9.728503e-10 9.403715e-10 9.182555e-10 9.104488e-10 9.182555e-10 9.403715e-10 9.728503e-10 1.009094e-09 1.039948e-09 1.054163e-09 1.039398e-09 9.840145e-10 8.796463e-10 7.242772e-10 5.250858e-10 2.998225e-10 7.546507e-11 -1.168850e-10 -2.502714e-10 -3.107749e-10 -3.031136e-10 -2.487754e-10 -1.762544e-10 -1.091735e-10 -5.960787e-11 -2.887344e-11 -1.247796e-11 -4.835670e-12 -1.688400e-12 -5.334203e-13 -1.530903e-13 -4.005550e-14 -9.585543e-15 -2.104132e-15 -4.247738e-16 -7.904389e-17 -1.358557e-17 -2.160411e-18 -3.183250e-19 -4.350888e-20 -5.520966e-21 -6.506979e-22 -7.123204e-23 -7.238710e-24 -6.819609e-25 -5.941604e-26 -4.767156e-27 -3.496850e-28 -2.314744e-29 -1.347587e-30 -6.491255e-32 -2.087789e-33 2.485107e-35 1.178174e-35 1.121750e-36 2.437479e-38 7.547986e-41 4.130756e-44 5.386506e-48 2.114561e-52 2.971184e-57 0.000000e+00
