0.000000e+00 0.000000e+00 0.000000e+00 1.654705e-117 7.424991e-112 4.295745e-107 3.242808e-103 3.005143e-100 6.322602e-98 8.872557e-96 1.040843e-93 1.041521e-91 9.027969e-90 6.860930e-88 4.615609e-86 2.770293e-84 1.493018e-82 7.263700e-81 3.204228e-79 1.286337e-77 4.713764e-76 1.580666e-74 4.860037e-73 1.372295e-71 3.562690e-70 8.511213e-69 1.871999e-67 3.791426e-66 7.070197e-65 1.213412e-63 1.915170e-62 2.776834e-61 3.692993e-60 4.495918e-59 4.997063e-58 5.052761e-57 4.625493e-56 3.807241e-55 2.788390e-54 1.785918e-53 9.677489e-53 4.095715e-52 9.787132e-52 -3.412805e-51 -6.395482e-50 -5.156300e-49 -3.091736e-48 -1.523130e-47 -6.384436e-47 -2.311823e-46 -7.283033e-46 -2.002614e-45 -4.812332e-45 -1.010895e-44 -1.856033e-44 -2.977787e-44 -4.174060e-44 -5.111585e-44 -5.468730e-44 -5.111585e-44 -4.174060e-44 -2.977787e-44 -1.856033e-44 -1.010895e-44 -4.812332e-45 -2.002614e-45 -7.283033e-46 -2.311823e-46 -6.384436e-47 -1.523130e-47 -3.091736e-48 -5.156300e-49 -6.395482e-50 -3.412805e-51 9.787132e-52 4.095715e-52 9.677489e-53 1.785918e-53 2.788390e-54 3.807241e-55 4.625493e-56 5.052761e-57 4.997063e-58 4.495918e-59 3.692993e-60 2.776834e-61 1.915170e-62 1.213412e-63 7.070197e-65 3.791426e-66 1.871999e-67 8.511213e-69 3.562690e-70 1.372295e-71 4.860037e-73 1.580666e-74 4.713764e-76 1.286337e-77 3.204228e-79 7.263700e-81 1.493018e-82 2.770293e-84 4.615609e-86 6.860930e-88 9.027969e-90 1.041521e-91 1.040843e-93 8.872557e-96 6.322602e-98 3.005143e-100 3.242808e-103 4.295745e-107 7.424991e-112 1.654705e-117 0.000000e+00 0.000000e+00 0.000000e+00
0.000000e+00 0.000000e+00 6.716927e-117 9.290726e-111 2.065564e-105 7.894253e-101 4.428662e-97 3.254190e-94 5.661593e-92 6.763307e-90 6.895509e-88 6.092449e-86 4.721453e-84 3.240469e-82 1.985156e-80 1.092538e-78 5.430683e-77 2.448931e-75 1.005556e-73 3.771120e-72 1.294962e-70 4.079868e-69 1.181221e-67 3.146584e-66 7.718710e-65 1.744535e-63 3.633633e-62 6.974200e-61 1.233023e-59 2.006608e-58 3.002647e-57 4.125269e-56 5.193265e-55 5.974678e-54 6.259213e-53 5.941667e-52 5.074355e-51 3.856250e-50 2.559580e-49 1.430451e-48 6.132488e-48 1.304504e-47 -8.527905e-47 -1.359183e-45 -1.117866e-44 -7.020834e-44 -3.663620e-43 -1.638594e-42 -6.369720e-42 -2.166498e-41 -6.467756e-41 -1.696999e-40 -3.914851e-40 -7.940601e-40 -1.415986e-39 -2.219877e-39 -3.059947e-39 -3.709328e-39 -3.954996e-39 -3.709328e-39 -3.059947e-39 -2.219877e-39 -1.415986e-39 -7.940601e-40 -3.914851e-40 -1.696999e-40 -6.467756e-41 -2.166498e-41 -6.369720e-42 -1.638594e-42 -3.663620e-43 -7.020834e-44 -1.117866e-44 -1.359183e-45 -8.527905e-47 1.304504e-47 6.132488e-48 1.430451e-48 2.559580e-49 3.856250e-50 5.074355e-51 5.941667e-52 6.259213e-53 5.974678e-54 5.193265e-55 4.125269e-56 3.002647e-57 2.006608e-58 1.233023e-59 6.974200e-61 3.633633e-62 1.744535e-63 7.718710e-65 3.146584e-66 1.181221e-67 4.079868e-69 1.294962e-70 3.771120e-72 1.005556e-73 2.448931e-75 5.430683e-77 1.092538e-78 1.985156e-80 3.240469e-82 4.721453e-84 6.092449e-86 6.895509e-88 6.763307e-90 5.661593e-92 3.254190e-94 4.428662e-97 7.894253e-101 2.065564e-105 9.290726e-111 6.716927e-117 0.000000e+00 0.000000e+00
0.000000e+00 4.266320e-117 1.542471e-110 1.057089e-104 1.552499e-99 4.409277e-95 1.960743e-91 1.189964e-88 1.760859e-86 1.827951e-84 1.645408e-82 1.299630e-80 9.094956e-79 5.683692e-77 3.192410e-75 1.620293e-73 7.464368e-72 3.132778e-70 1.201544e-68 4.222031e-67 1.361962e-65 4.039945e-64 1.103294e-62 2.776506e-61 6.442328e-60 1.378587e-58 2.720516e-57 4.949253e-56 8.294756e-55 1.279355e-53 1.813291e-52 2.357061e-51 2.802475e-50 3.036711e-49 2.983679e-48 2.638558e-47 2.075897e-46 1.424104e-45 8.178637e-45 3.525336e-44 6.180349e-44 -7.542565e-43 -1.093617e-41 -9.197887e-41 -6.036588e-40 -3.323674e-39 -1.578662e-38 -6.552005e-38 -2.391156e-37 -7.696980e-37 -2.188285e-36 -5.497599e-36 -1.220613e-35 -2.395184e-35 -4.154500e-35 -6.371612e-35 -8.643959e-35 -1.037759e-34 -1.102911e-34 -1.037759e-34 -8.643959e-35 -6.371612e-35 -4.154500e-35 -2.395184e-35 -1.220613e-35 -5.497599e-36 -2.188285e-36 -7.696980e-37 -2.391156e-37 -6.552005e-38 -1.578662e-38 -3.323674e-39 -6.036588e-40 -9.197887e-41 -1.093617e-41 -7.542565e-43 6.180349e-44 3.525336e-44 8.178637e-45 1.424104e-45 2.075897e-46 2.638558e-47 2.983679e-48 3.036711e-49 2.802475e-50 2.357061e-51 1.813291e-52 1.279355e-53 8.294756e-55 4.949253e-56 2.720516e-57 1.378587e-58 6.442328e-60 2.776506e-61 1.103294e-62 4.039945e-64 1.361962e-65 4.222031e-67 1.201544e-68 3.132778e-70 7.464368e-72 1.620293e-73 3.192410e-75 5.683692e-77 9.094956e-79 1.299630e-80 1.645408e-82 1.827951e-84 1.760859e-86 1.189964e-88 1.960743e-91 4.409277e-95 1.552499e-99 1.057089e-104 1.542471e-110 4.266320e-117 0.000000e+00
0.000000e+00 3.472855e-111 6.221077e-105 2.816383e-99 3.073797e-94 6.919690e-90 2.540650e-86 1.309850e-83 1.682882e-81 1.542206e-79 1.240879e-77 8.849725e-76 5.638511e-74 3.230357e-72 1.673110e-70 7.869233e-69 3.373612e-67 1.322385e-65 4.751472e-64 1.568214e-62 4.762164e-61 1.332214e-59 3.436459e-58 8.178474e-57 1.796301e-55 3.641013e-54 6.808606e-53 1.173822e-51 1.863852e-50 2.721804e-49 3.648186e-48 4.476125e-47 5.008714e-46 5.084872e-45 4.647328e-44 3.777062e-43 2.671083e-42 1.570552e-41 6.747375e-41 8.298490e-41 -2.124756e-39 -2.905720e-38 -2.502118e-37 -1.711988e-36 -9.910598e-36 -4.977744e-35 -2.195039e-34 -8.548812e-34 -2.949225e-33 -9.024995e-33 -2.451125e-32 -5.909518e-32 -1.264944e-31 -2.404591e-31 -4.061314e-31 -6.098578e-31 -8.147835e-31 -9.691598e-31 -1.026808e-30 -9.691598e-31 -8.147835e-31 -6.098578e-31 -4.061314e-31 -2.404591e-31 -1.264944e-31 -5.909518e-32 -2.451125e-32 -9.024995e-33 -2.949225e-33 -8.548812e-34 -2.195039e-34 -4.977744e-35 -9.910598e-36 -1.711988e-36 -2.502118e-37 -2.905720e-38 -2.124756e-39 8.298490e-41 6.747375e-41 1.570552e-41 2.671083e-42 3.777062e-43 4.647328e-44 5.084872e-45 5.008714e-46 4.476125e-47 3.648186e-48 2.721804e-49 1.863852e-50 1.173822e-51 6.808606e-53 3.641013e-54 1.796301e-55 8.178474e-57 3.436459e-58 1.332214e-59 4.762164e-61 1.568214e-62 4.751472e-64 1.322385e-65 3.373612e-67 7.869233e-69 1.673110e-70 3.230357e-72 5.638511e-74 8.849725e-76 1.240879e-77 1.542206e-79 1.682882e-81 1.309850e-83 2.540650e-86 6.919690e-90 3.073797e-94 2.816383e-99 6.221077e-105 3.472855e-111 0.000000e+00
0.000000e+00 4.102505e-106 4.854662e-100 1.633238e-94 1.412888e-89 2.626074e-85 8.188183e-82 3.660704e-79 4.148229e-77 3.397627e-75 2.468159e-73 1.602442e-71 9.358950e-70 4.943693e-68 2.372515e-66 1.038313e-64 4.156829e-63 1.526253e-61 5.150265e-60 1.599906e-58 4.581202e-57 1.210294e-55 2.951854e-54 6.648486e-53 1.382850e-51 2.655324e-50 4.704073e-49 7.680825e-48 1.154231e-46 1.593175e-45 2.014351e-44 2.324155e-43 2.433931e-42 2.294815e-41 1.922664e-40 1.398031e-39 8.383570e-39 3.552054e-38 1.780740e-38 -1.606417e-36 -2.117345e-35 -1.867547e-34 -1.329163e-33 -8.064023e-33 -4.266625e-32 -1.990370e-31 -8.232377e-31 -3.027560e-30 -9.913551e-30 -2.891961e-29 -7.517883e-29 -1.741943e-28 -3.598863e-28 -6.633645e-28 -1.091846e-27 -1.606306e-27 -2.114443e-27 -2.492557e-27 -2.632882e-27 -2.492557e-27 -2.114443e-27 -1.606306e-27 -1.091846e-27 -6.633645e-28 -3.598863e-28 -1.741943e-28 -7.517883e-29 -2.891961e-29 -9.913551e-30 -3.027560e-30 -8.232377e-31 -1.990370e-31 -4.266625e-32 -8.064023e-33 -1.329163e-33 -1.867547e-34 -2.117345e-35 -1.606417e-36 1.780740e-38 3.552054e-38 8.383570e-39 1.398031e-39 1.922664e-40 2.294815e-41 2.433931e-42 2.324155e-43 2.014351e-44 1.593175e-45 1.154231e-46 7.680825e-48 4.704073e-49 2.655324e-50 1.382850e-51 6.648486e-53 2.951854e-54 1.210294e-55 4.581202e-57 1.599906e-58 5.150265e-60 1.526253e-61 4.156829e-63 1.038313e-64 2.372515e-66 4.943693e-68 9.358950e-70 1.602442e-71 2.468159e-73 3.397627e-75 4.148229e-77 3.660704e-79 8.188183e-82 2.626074e-85 1.412888e-89 1.633238e-94 4.854662e-100 4.102505e-106 0.000000e+00
0.000000e+00 7.291734e-102 6.412236e-96 1.709939e-90 1.221326e-85 1.927707e-81 5.210557e-78 2.052027e-75 2.076458e-73 1.535315e-71 1.015232e-69 6.041492e-68 3.253012e-66 1.592025e-64 7.108409e-63 2.904783e-61 1.089173e-59 3.755237e-58 1.192523e-56 3.492614e-55 9.442871e-54 2.358311e-52 5.442294e-51 1.160526e-49 2.286091e-48 4.157454e-47 6.973072e-46 1.077102e-44 1.529161e-43 1.989793e-42 2.363933e-41 2.549786e-40 2.475834e-39 2.134177e-38 1.591659e-37 9.695949e-37 3.999456e-36 -2.058191e-36 -2.565250e-34 -3.305453e-33 -2.986701e-32 -2.206603e-31 -1.399019e-30 -7.771025e-30 -3.820280e-29 -1.670917e-28 -6.519817e-28 -2.272555e-27 -7.080324e-27 -1.972314e-26 -4.913538e-26 -1.095191e-25 -2.185568e-25 -3.908862e-25 -6.273163e-25 -9.046089e-25 -1.173644e-24 -1.371443e-24 -1.444407e-24 -1.371443e-24 -1.173644e-24 -9.046089e-25 -6.273163e-25 -3.908862e-25 -2.185568e-25 -1.095191e-25 -4.913538e-26 -1.972314e-26 -7.080324e-27 -2.272555e-27 -6.519817e-28 -1.670917e-28 -3.820280e-29 -7.771025e-30 -1.399019e-30 -2.206603e-31 -2.986701e-32 -3.305453e-33 -2.565250e-34 -2.058191e-36 3.999456e-36 9.695949e-37 1.591659e-37 2.134177e-38 2.475834e-39 2.549786e-40 2.363933e-41 1.989793e-42 1.529161e-43 1.077102e-44 6.973072e-46 4.157454e-47 2.286091e-48 1.160526e-49 5.442294e-51 2.358311e-52 9.442871e-54 3.492614e-55 1.192523e-56 3.755237e-58 1.089173e-59 2.904783e-61 7.108409e-63 1.592025e-64 3.253012e-66 6.041492e-68 1.015232e-69 1.535315e-71 2.076458e-73 2.052027e-75 5.210557e-78 1.927707e-81 1.221326e-85 1.709939e-90 6.412236e-96 7.291734e-102 0.000000e+00
0.000000e+00 1.675129e-98 1.167771e-92 2.571423e-87 1.559864e-82 2.134491e-78 5.081216e-75 1.784863e-72 1.629180e-70 1.096513e-68 6.646025e-67 3.646259e-65 1.819019e-63 8.282733e-62 3.453214e-60 1.321651e-58 4.653456e-57 1.509867e-55 4.520427e-54 1.250028e-52 3.194782e-51 7.549031e-50 1.649245e-48 3.330450e-47 6.212682e-46 1.069506e-44 1.696628e-43 2.475182e-42 3.311441e-41 4.046543e-40 4.490406e-39 4.484810e-38 3.971914e-37 3.033008e-36 1.871451e-35 7.420875e-35 -1.399205e-34 -6.662032e-33 -8.493662e-32 -7.869048e-31 -6.027572e-30 -3.985259e-29 -2.317884e-28 -1.197151e-27 -5.517955e-27 -2.275623e-26 -8.407596e-26 -2.784498e-25 -8.268921e-25 -2.202367e-24 -5.263292e-24 -1.129461e-23 -2.178744e-23 -3.783361e-23 -5.923744e-23 -8.377094e-23 -1.071621e-22 -1.241590e-22 -1.303920e-22 -1.241590e-22 -1.071621e-22 -8.377094e-23 -5.923744e-23 -3.783361e-23 -2.178744e-23 -1.129461e-23 -5.263292e-24 -2.202367e-24 -8.268921e-25 -2.784498e-25 -8.407596e-26 -2.275623e-26 -5.517955e-27 -1.197151e-27 -2.317884e-28 -3.985259e-29 -6.027572e-30 -7.869048e-31 -8.493662e-32 -6.662032e-33 -1.399205e-34 7.420875e-35 1.871451e-35 3.033008e-36 3.971914e-37 4.484810e-38 4.490406e-39 4.046543e-40 3.311441e-41 2.475182e-42 1.696628e-43 1.069506e-44 6.212682e-46 3.330450e-47 1.649245e-48 7.549031e-50 3.194782e-51 1.250028e-52 4.520427e-54 1.509867e-55 4.653456e-57 1.321651e-58 3.453214e-60 8.282733e-62 1.819019e-63 3.646259e-65 6.646025e-67 1.096513e-68 1.629180e-70 1.784863e-72 5.081216e-75 2.134491e-78 1.559864e-82 2.571423e-87 1.167771e-92 1.675129e-98 0.000000e+00
0.000000e+00 5.780347e-96 3.329810e-90 6.231834e-85 3.279819e-80 3.955472e-76 8.402253e-73 2.660901e-70 2.210579e-68 1.364637e-66 7.630820e-65 3.881575e-63 1.802920e-61 7.670967e-60 2.997547e-58 1.078086e-56 3.574859e-55 1.094367e-53 3.095963e-52 8.099294e-51 1.960075e-49 4.388300e-48 9.086684e-47 1.739169e-45 3.073835e-44 5.009512e-43 7.512794e-42 1.033853e-40 1.300186e-39 1.485441e-38 1.527558e-37 1.392104e-36 1.091254e-35 6.854758e-35 2.643602e-34 -8.540096e-34 -3.093449e-32 -3.981654e-31 -3.805127e-30 -3.029280e-29 -2.090642e-28 -1.273343e-27 -6.906360e-27 -3.351666e-26 -1.459043e-25 -5.704425e-25 -2.004180e-24 -6.329266e-24 -1.797039e-23 -4.588996e-23 -1.054724e-22 -2.184229e-22 -4.081729e-22 -6.895473e-22 -1.055159e-21 -1.465399e-21 -1.850274e-21 -2.126924e-21 -2.227824e-21 -2.126924e-21 -1.850274e-21 -1.465399e-21 -1.055159e-21 -6.895473e-22 -4.081729e-22 -2.184229e-22 -1.054724e-22 -4.588996e-23 -1.797039e-23 -6.329266e-24 -2.004180e-24 -5.704425e-25 -1.459043e-25 -3.351666e-26 -6.906360e-27 -1.273343e-27 -2.090642e-28 -3.029280e-29 -3.805127e-30 -3.981654e-31 -3.093449e-32 -8.540096e-34 2.643602e-34 6.854758e-35 1.091254e-35 1.392104e-36 1.527558e-37 1.485441e-38 1.300186e-39 1.033853e-40 7.512794e-42 5.009512e-43 3.073835e-44 1.739169e-45 9.086684e-47 4.388300e-48 1.960075e-49 8.099294e-51 3.095963e-52 1.094367e-53 3.574859e-55 1.078086e-56 2.997547e-58 7.670967e-60 1.802920e-61 3.881575e-63 7.630820e-65 1.364637e-66 2.210579e-68 2.660901e-70 8.402253e-73 3.955472e-76 3.279819e-80 6.231834e-85 3.329810e-90 5.780347e-96 0.000000e+00
0.000000e+00 8.458245e-94 4.146634e-88 6.742050e-83 3.131505e-78 3.374453e-74 6.469210e-71 1.864820e-68 1.421650e-66 8.107122e-65 4.208674e-63 1.995910e-61 8.674306e-60 3.463948e-58 1.273763e-56 4.320576e-55 1.353693e-53 3.921610e-52 1.051173e-50 2.608051e-49 5.989975e-48 1.273212e-46 2.503209e-45 4.547802e-44 7.624298e-43 1.177114e-41 1.668885e-40 2.164047e-39 2.551217e-38 2.709133e-37 2.550789e-36 2.065826e-35 1.338050e-34 5.240315e-34 -2.010095e-33 -7.048184e-32 -9.375112e-31 -9.326006e-30 -7.754399e-29 -5.603541e-28 -3.581630e-27 -2.043069e-26 -1.045045e-25 -4.805390e-25 -1.988879e-24 -7.413325e-24 -2.489071e-23 -7.529160e-23 -2.052425e-22 -5.044954e-22 -1.119313e-21 -2.244806e-21 -4.077039e-21 -6.720150e-21 -1.007531e-20 -1.376960e-20 -1.718638e-20 -1.961903e-20 -2.050203e-20 -1.961903e-20 -1.718638e-20 -1.376960e-20 -1.007531e-20 -6.720150e-21 -4.077039e-21 -2.244806e-21 -1.119313e-21 -5.044954e-22 -2.052425e-22 -7.529160e-23 -2.489071e-23 -7.413325e-24 -1.988879e-24 -4.805390e-25 -1.045045e-25 -2.043069e-26 -3.581630e-27 -5.603541e-28 -7.754399e-29 -9.326006e-30 -9.375112e-31 -7.048184e-32 -2.010095e-33 5.240315e-34 1.338050e-34 2.065826e-35 2.550789e-36 2.709133e-37 2.551217e-38 2.164047e-39 1.668885e-40 1.177114e-41 7.624298e-43 4.547802e-44 2.503209e-45 1.273212e-46 5.989975e-48 2.608051e-49 1.051173e-50 3.921610e-52 1.353693e-53 4.320576e-55 1.273763e-56 3.463948e-58 8.674306e-60 1.995910e-61 4.208674e-63 8.107122e-65 1.421650e-66 1.864820e-68 6.469210e-71 3.374453e-74 3.131505e-78 6.742050e-83 4.146634e-88 8.458245e-94 0.000000e+00
0.000000e+00 1.011653e-91 4.310142e-86 6.186744e-81 2.568458e-76 2.498643e-72 4.360191e-69 1.152259e-66 8.110036e-65 4.294537e-63 2.079022e-61 9.227546e-60 3.764866e-58 1.415126e-56 4.908924e-55 1.573700e-53 4.667150e-52 1.281402e-50 3.258371e-49 7.674372e-48 1.673878e-46 3.379164e-45 6.308109e-44 1.087408e-42 1.727538e-41 2.522235e-40 3.370683e-39 4.098609e-38 4.492550e-37 4.369216e-36 3.656304e-35 2.444925e-34 9.792040e-34 -4.217863e-33 -1.476628e-31 -2.034627e-30 -2.106748e-29 -1.828083e-28 -1.381496e-27 -9.252473e-27 -5.541036e-26 -2.981398e-25 -1.444925e-24 -6.315602e-24 -2.490936e-23 -8.866761e-23 -2.848748e-22 -8.262451e-22 -2.164358e-21 -5.124964e-21 -1.098442e-20 -2.134904e-20 -3.770993e-20 -6.068413e-20 -8.919093e-20 -1.200072e-19 -1.481159e-19 -1.679436e-19 -1.751073e-19 -1.679436e-19 -1.481159e-19 -1.200072e-19 -8.919093e-20 -6.068413e-20 -3.770993e-20 -2.134904e-20 -1.098442e-20 -5.124964e-21 -2.164358e-21 -8.262451e-22 -2.848748e-22 -8.866761e-23 -2.490936e-23 -6.315602e-24 -1.444925e-24 -2.981398e-25 -5.541036e-26 -9.252473e-27 -1.381496e-27 -1.828083e-28 -2.106748e-29 -2.034627e-30 -1.476628e-31 -4.217863e-33 9.792040e-34 2.444925e-34 3.656304e-35 4.369216e-36 4.492550e-37 4.098609e-38 3.370683e-39 2.522235e-40 1.727538e-41 1.087408e-42 6.308109e-44 3.379164e-45 1.673878e-46 7.674372e-48 3.258371e-49 1.281402e-50 4.667150e-52 1.573700e-53 4.908924e-55 1.415126e-56 3.764866e-58 9.227546e-60 2.079022e-61 4.294537e-63 8.110036e-65 1.152259e-66 4.360191e-69 2.498643e-72 2.568458e-76 6.186744e-81 4.310142e-86 1.011653e-91 0.000000e+00
0.000000e+00 1.032537e-89 3.884018e-84 4.983613e-79 1.868009e-74 1.654208e-70 2.645719e-67 6.447234e-65 4.210287e-63 2.079023e-61 9.419611e-60 3.924902e-58 1.507302e-56 5.344637e-55 1.752228e-53 5.317106e-52 1.494487e-50 3.892495e-49 9.395921e-48 2.101592e-46 4.353437e-45 8.344547e-44 1.477987e-42 2.414270e-41 3.626939e-40 4.991075e-39 6.254064e-38 7.069490e-37 7.094956e-36 6.129077e-35 4.227667e-34 1.731379e-33 -8.276000e-33 -2.908143e-31 -4.147429e-30 -4.463879e-29 -4.035698e-28 -3.183659e-27 -2.229823e-26 -1.398980e-25 -7.899974e-25 -4.025503e-24 -1.853299e-23 -7.713109e-23 -2.902212e-22 -9.872842e-22 -3.036669e-21 -8.447547e-21 -2.126899e-20 -4.852492e-20 -1.004920e-19 -1.893238e-19 -3.253143e-19 -5.112351e-19 -7.367844e-19 -9.762127e-19 -1.191633e-18 -1.342205e-18 -1.396357e-18 -1.342205e-18 -1.191633e-18 -9.762127e-19 -7.367844e-19 -5.112351e-19 -3.253143e-19 -1.893238e-19 -1.004920e-19 -4.852492e-20 -2.126899e-20 -8.447547e-21 -3.036669e-21 -9.872842e-22 -2.902212e-22 -7.713109e-23 -1.853299e-23 -4.025503e-24 -7.899974e-25 -1.398980e-25 -2.229823e-26 -3.183659e-27 -4.035698e-28 -4.463879e-29 -4.147429e-30 -2.908143e-31 -8.276000e-33 1.731379e-33 4.227667e-34 6.129077e-35 7.094956e-36 7.069490e-37 6.254064e-38 4.991075e-39 3.626939e-40 2.414270e-41 1.477987e-42 8.344547e-44 4.353437e-45 2.101592e-46 9.395921e-48 3.892495e-49 1.494487e-50 5.317106e-52 1.752228e-53 5.344637e-55 1.507302e-56 3.924902e-58 9.419611e-60 2.079023e-61 4.210287e-63 6.447234e-65 2.645719e-67 1.654208e-70 1.868009e-74 4.983613e-79 3.884018e-84 1.032537e-89 0.000000e+00
0.000000e+00 9.132768e-88 3.071231e-82 3.558313e-77 1.214234e-72 9.855823e-69 1.453199e-65 3.281576e-63 1.996722e-61 9.227547e-60 3.924902e-58 1.539333e-56 5.576682e-55 1.868850e-53 5.799558e-52 1.667882e-50 4.447156e-49 1.099542e-47 2.520497e-46 5.354186e-45 1.053067e-43 1.915120e-42 3.214209e-41 4.964692e-40 7.029415e-39 9.069287e-38 1.056308e-36 1.092989e-35 9.738337e-35 6.923777e-34 2.899572e-33 -1.521998e-32 -5.391050e-31 -7.951392e-30 -8.884361e-29 -8.356118e-28 -6.869839e-27 -5.022774e-26 -3.294959e-25 -1.948703e-24 -1.041702e-23 -5.039601e-23 -2.207617e-22 -8.757177e-22 -3.145434e-21 -1.022940e-20 -3.012593e-20 -8.038549e-20 -1.945357e-19 -4.276475e-19 -8.557777e-19 -1.562988e-18 -2.613001e-18 -4.010797e-18 -5.668922e-18 -7.397589e-18 -8.931929e-18 -9.994693e-18 -1.037518e-17 -9.994693e-18 -8.931929e-18 -7.397589e-18 -5.668922e-18 -4.010797e-18 -2.613001e-18 -1.562988e-18 -8.557777e-19 -4.276475e-19 -1.945357e-19 -8.038549e-20 -3.012593e-20 -1.022940e-20 -3.145434e-21 -8.757177e-22 -2.207617e-22 -5.039601e-23 -1.041702e-23 -1.948703e-24 -3.294959e-25 -5.022774e-26 -6.869839e-27 -8.356118e-28 -8.884361e-29 -7.951392e-30 -5.391050e-31 -1.521998e-32 2.899572e-33 6.923777e-34 9.738337e-35 1.092989e-35 1.056308e-36 9.069287e-38 7.029415e-39 4.964692e-40 3.214209e-41 1.915120e-42 1.053067e-43 5.354186e-45 2.520497e-46 1.099542e-47 4.447156e-49 1.667882e-50 5.799558e-52 1.868850e-53 5.576682e-55 1.539333e-56 3.924902e-58 9.227547e-60 1.996722e-61 3.281576e-63 1.453199e-65 9.855823e-69 1.214234e-72 3.558313e-77 3.071231e-82 9.132768e-88 0.000000e+00
0.000000e+00 7.085357e-86 2.151708e-80 2.269779e-75 7.100136e-71 5.313298e-67 7.257996e-64 1.525198e-61 8.678036e-60 3.764867e-58 1.507302e-56 5.576682e-55 1.909412e-53 6.056836e-52 1.781358e-50 4.859823e-49 1.230068e-47 2.888145e-46 6.287645e-45 1.268145e-43 2.366432e-42 4.077882e-41 6.471458e-40 9.420480e-39 1.250459e-37 1.499418e-36 1.598261e-35 1.467512e-34 1.074697e-33 4.602769e-33 -2.628726e-32 -9.417581e-31 -1.435443e-29 -1.663033e-28 -1.624982e-27 -1.390146e-26 -1.059231e-25 -7.252516e-25 -4.483715e-24 -2.509326e-23 -1.272913e-22 -5.855666e-22 -2.442916e-21 -9.241105e-21 -3.169186e-20 -9.853214e-20 -2.778147e-19 -7.109258e-19 -1.653401e-18 -3.501677e-18 -6.770616e-18 -1.198782e-17 -1.949982e-17 -2.923690e-17 -4.053159e-17 -5.209665e-17 -6.222357e-17 -6.917489e-17 -7.165233e-17 -6.917489e-17 -6.222357e-17 -5.209665e-17 -4.053159e-17 -2.923690e-17 -1.949982e-17 -1.198782e-17 -6.770616e-18 -3.501677e-18 -1.653401e-18 -7.109258e-19 -2.778147e-19 -9.853214e-20 -3.169186e-20 -9.241105e-21 -2.442916e-21 -5.855666e-22 -1.272913e-22 -2.509326e-23 -4.483715e-24 -7.252516e-25 -1.059231e-25 -1.390146e-26 -1.624982e-27 -1.663033e-28 -1.435443e-29 -9.417581e-31 -2.628726e-32 4.602769e-33 1.074697e-33 1.467512e-34 1.598261e-35 1.499418e-36 1.250459e-37 9.420480e-39 6.471458e-40 4.077882e-41 2.366432e-42 1.268145e-43 6.287645e-45 2.888145e-46 1.230068e-47 4.859823e-49 1.781358e-50 6.056836e-52 1.909412e-53 5.576682e-55 1.507302e-56 3.764867e-58 8.678036e-60 1.525198e-61 7.257996e-64 5.313298e-67 7.100136e-71 2.269779e-75 2.151708e-80 7.085357e-86 0.000000e+00
0.000000e+00 4.868262e-84 1.346195e-78 1.301906e-73 3.755057e-69 2.603544e-65 3.308735e-62 6.493502e-60 3.465518e-58 1.415127e-56 5.344637e-55 1.868850e-53 6.056836e-52 1.820860e-50 5.080192e-49 1.315649e-47 3.162331e-46 7.051626e-45 1.457566e-43 2.789114e-42 4.931563e-41 8.035327e-40 1.201732e-38 1.639920e-37 2.022908e-36 2.219517e-35 2.098558e-34 1.581925e-33 6.929944e-33 -4.270935e-32 -1.551836e-30 -2.442613e-29 -2.931018e-28 -2.971507e-27 -2.641455e-26 -2.094319e-25 -1.494238e-24 -9.639676e-24 -5.637591e-23 -2.992723e-22 -1.442738e-21 -6.316203e-21 -2.510544e-20 -9.057249e-20 -2.965302e-19 -8.811255e-19 -2.377635e-18 -5.832835e-18 -1.303199e-17 -2.658230e-17 -4.965111e-17 -8.521204e-17 -1.348559e-16 -1.975031e-16 -2.685560e-16 -3.400079e-16 -4.017315e-16 -4.437180e-16 -4.586143e-16 -4.437180e-16 -4.017315e-16 -3.400079e-16 -2.685560e-16 -1.975031e-16 -1.348559e-16 -8.521204e-17 -4.965111e-17 -2.658230e-17 -1.303199e-17 -5.832835e-18 -2.377635e-18 -8.811255e-19 -2.965302e-19 -9.057249e-20 -2.510544e-20 -6.316203e-21 -1.442738e-21 -2.992723e-22 -5.637591e-23 -9.639676e-24 -1.494238e-24 -2.094319e-25 -2.641455e-26 -2.971507e-27 -2.931018e-28 -2.442613e-29 -1.551836e-30 -4.270935e-32 6.929944e-33 1.581925e-33 2.098558e-34 2.219517e-35 2.022908e-36 1.639920e-37 1.201732e-38 8.035327e-40 4.931563e-41 2.789114e-42 1.457566e-43 7.051626e-45 3.162331e-46 1.315649e-47 5.080192e-49 1.820860e-50 6.056836e-52 1.868850e-53 5.344637e-55 1.415127e-56 3.465518e-58 6.493502e-60 3.308735e-62 2.603544e-65 3.755057e-69 1.301906e-73 1.346195e-78 4.868262e-84 0.000000e+00
0.000000e+00 2.985695e-82 7.569994e-77 6.751016e-72 1.804289e-67 1.163942e-63 1.381112e-60 2.539091e-58 1.274370e-56 4.908925e-55 1.752228e-53 5.799558e-52 1.781358e-50 5.080192e-49 1.345469e-47 3.308960e-46 7.553518e-45 1.599185e-43 3.136108e-42 5.686128e-41 9.506154e-40 1.459646e-38 2.046328e-37 2.594851e-36 2.928396e-35 2.849078e-34 2.209352e-33 9.901718e-33 -6.536222e-32 -2.414172e-30 -3.921393e-29 -4.868584e-28 -5.115071e-27 -4.718491e-26 -3.887382e-25 -2.885730e-24 -1.939506e-23 -1.183288e-22 -6.561572e-22 -3.308582e-21 -1.516962e-20 -6.322212e-20 -2.394137e-19 -8.235155e-19 -2.572755e-18 -7.302356e-18 -1.884673e-17 -4.429694e-17 -9.502601e-17 -1.865972e-16 -3.365629e-16 -5.597330e-16 -8.616825e-16 -1.232538e-15 -1.643711e-15 -2.049729e-15 -2.395699e-15 -2.628901e-15 -2.711262e-15 -2.628901e-15 -2.395699e-15 -2.049729e-15 -1.643711e-15 -1.232538e-15 -8.616825e-16 -5.597330e-16 -3.365629e-16 -1.865972e-16 -9.502601e-17 -4.429694e-17 -1.884673e-17 -7.302356e-18 -2.572755e-18 -8.235155e-19 -2.394137e-19 -6.322212e-20 -1.516962e-20 -3.308582e-21 -6.561572e-22 -1.183288e-22 -1.939506e-23 -2.885730e-24 -3.887382e-25 -4.718491e-26 -5.115071e-27 -4.868584e-28 -3.921393e-29 -2.414172e-30 -6.536222e-32 9.901718e-33 2.209352e-33 2.849078e-34 2.928396e-35 2.594851e-36 2.046328e-37 1.459646e-38 9.506154e-40 5.686128e-41 3.136108e-42 1.599185e-43 7.553518e-45 3.308960e-46 1.345469e-47 5.080192e-49 1.781358e-50 5.799558e-52 1.752228e-53 4.908925e-55 1.274370e-56 2.539091e-58 1.381112e-60 1.163942e-63 1.804289e-67 6.751016e-72 7.569994e-77 2.985695e-82 0.000000e+00
0.000000e+00 1.645042e-80 3.846588e-75 3.179063e-70 7.906141e-66 4.762396e-62 5.292345e-59 9.138070e-57 4.322732e-55 1.573701e-53 5.317106e-52 1.667882e-50 4.859823e-49 1.315649e-47 3.308960e-46 7.728570e-45 1.675032e-43 3.364524e-42 6.251726e-41 1.071740e-39 1.688463e-38 2.430202e-37 3.165662e-36 3.672086e-35 3.673691e-34 2.928953e-33 1.343297e-32 -9.432611e-32 -3.548379e-30 -5.944054e-29 -7.628213e-28 -8.296193e-27 -7.932058e-26 -6.781482e-25 -5.230415e-24 -3.656935e-23 -2.323805e-22 -1.343808e-21 -7.074933e-21 -3.390939e-20 -1.478980e-19 -5.867127e-19 -2.115912e-18 -6.935041e-18 -2.065860e-17 -5.596226e-17 -1.380244e-16 -3.105500e-16 -6.391534e-16 -1.207429e-15 -2.101898e-15 -3.385964e-15 -5.068758e-15 -7.079358e-15 -9.257654e-15 -1.136916e-14 -1.314353e-14 -1.432851e-14 -1.474508e-14 -1.432851e-14 -1.314353e-14 -1.136916e-14 -9.257654e-15 -7.079358e-15 -5.068758e-15 -3.385964e-15 -2.101898e-15 -1.207429e-15 -6.391534e-16 -3.105500e-16 -1.380244e-16 -5.596226e-17 -2.065860e-17 -6.935041e-18 -2.115912e-18 -5.867127e-19 -1.478980e-19 -3.390939e-20 -7.074933e-21 -1.343808e-21 -2.323805e-22 -3.656935e-23 -5.230415e-24 -6.781482e-25 -7.932058e-26 -8.296193e-27 -7.628213e-28 -5.944054e-29 -3.548379e-30 -9.432611e-32 1.343297e-32 2.928953e-33 3.673691e-34 3.672086e-35 3.165662e-36 2.430202e-37 1.688463e-38 1.071740e-39 6.251726e-41 3.364524e-42 1.675032e-43 7.728570e-45 3.308960e-46 1.315649e-47 4.859823e-49 1.667882e-50 5.317106e-52 1.573701e-53 4.322732e-55 9.138070e-57 5.292345e-59 4.762396e-62 7.906141e-66 3.179063e-70 3.846588e-75 1.645042e-80 0.000000e+00
0.000000e+00 8.186338e-79 1.774134e-73 1.364555e-68 3.169176e-64 1.788015e-60 1.865709e-57 3.032176e-55 1.354400e-53 4.667151e-52 1.494487e-50 4.447156e-49 1.230068e-47 3.162331e-46 7.553518e-45 1.675032e-43 3.444273e-42 6.555112e-41 1.151640e-39 1.860432e-38 2.747344e-37 3.673986e-36 4.377539e-35 4.500448e-34 3.687107e-33 1.730978e-32 -1.284771e-31 -4.930676e-30 -8.512827e-29 -1.128233e-27 -1.268851e-26 -1.255974e-25 -1.112947e-24 -8.907067e-24 -6.469381e-23 -4.275576e-22 -2.574452e-21 -1.412927e-20 -7.067216e-20 -3.220135e-19 -1.335755e-18 -5.041141e-18 -1.730055e-17 -5.397922e-17 -1.531564e-16 -3.955124e-16 -9.311194e-16 -2.003255e-15 -3.951607e-15 -7.175266e-15 -1.204619e-14 -1.878473e-14 -2.733101e-14 -3.725705e-14 -4.775906e-14 -5.774731e-14 -6.602179e-14 -7.149532e-14 -7.341033e-14 -7.149532e-14 -6.602179e-14 -5.774731e-14 -4.775906e-14 -3.725705e-14 -2.733101e-14 -1.878473e-14 -1.204619e-14 -7.175266e-15 -3.951607e-15 -2.003255e-15 -9.311194e-16 -3.955124e-16 -1.531564e-16 -5.397922e-17 -1.730055e-17 -5.041141e-18 -1.335755e-18 -3.220135e-19 -7.067216e-20 -1.412927e-20 -2.574452e-21 -4.275576e-22 -6.469381e-23 -8.907067e-24 -1.112947e-24 -1.255974e-25 -1.268851e-26 -1.128233e-27 -8.512827e-29 -4.930676e-30 -1.284771e-31 1.730978e-32 3.687107e-33 4.500448e-34 4.377539e-35 3.673986e-36 2.747344e-37 1.860432e-38 1.151640e-39 6.555112e-41 3.444273e-42 1.675032e-43 7.553518e-45 3.162331e-46 1.230068e-47 4.447156e-49 1.494487e-50 4.667151e-52 1.354400e-53 3.032176e-55 1.865709e-57 1.788015e-60 3.169176e-64 1.364555e-68 1.774134e-73 8.186338e-79 0.000000e+00
0.000000e+00 3.695835e-77 7.454889e-72 5.355388e-67 1.165114e-62 6.172847e-59 6.061165e-56 9.288803e-54 3.923746e-52 1.281403e-50 3.892495e-49 1.099542e-47 2.888145e-46 7.051626e-45 1.599185e-43 3.364524e-42 6.555112e-41 1.179565e-39 1.952823e-38 2.956993e-37 4.057044e-36 4.962214e-35 5.239316e-34 4.408719e-33 2.119410e-32 -1.652801e-31 -6.480798e-30 -1.152553e-28 -1.576171e-27 -1.831262e-26 -1.874665e-25 -1.719810e-24 -1.426477e-23 -1.074940e-22 -7.378688e-22 -4.619607e-21 -2.639019e-20 -1.375392e-19 -6.536319e-19 -2.830409e-18 -1.115919e-17 -4.002914e-17 -1.305784e-16 -3.873313e-16 -1.045258e-15 -2.569381e-15 -5.765125e-15 -1.184332e-14 -2.236160e-14 -3.898213e-14 -6.305158e-14 -9.509489e-14 -1.343750e-13 -1.786750e-13 -2.244055e-13 -2.670473e-13 -3.018516e-13 -3.246472e-13 -3.325831e-13 -3.246472e-13 -3.018516e-13 -2.670473e-13 -2.244055e-13 -1.786750e-13 -1.343750e-13 -9.509489e-14 -6.305158e-14 -3.898213e-14 -2.236160e-14 -1.184332e-14 -5.765125e-15 -2.569381e-15 -1.045258e-15 -3.873313e-16 -1.305784e-16 -4.002914e-17 -1.115919e-17 -2.830409e-18 -6.536319e-19 -1.375392e-19 -2.639019e-20 -4.619607e-21 -7.378688e-22 -1.074940e-22 -1.426477e-23 -1.719810e-24 -1.874665e-25 -1.831262e-26 -1.576171e-27 -1.152553e-28 -6.480798e-30 -1.652801e-31 2.119410e-32 4.408719e-33 5.239316e-34 4.962214e-35 4.057044e-36 2.956993e-37 1.952823e-38 1.179565e-39 6.555112e-41 3.364524e-42 1.599185e-43 7.051626e-45 2.888145e-46 1.099542e-47 3.892495e-49 1.281403e-50 3.923746e-52 9.288803e-54 6.061165e-56 6.172847e-59 1.165114e-62 5.355388e-67 7.454889e-72 3.695835e-77 0.000000e+00
0.000000e+00 1.519322e-75 2.862709e-70 1.926672e-65 3.936768e-61 1.962916e-57 1.817021e-54 2.629675e-52 1.051769e-50 3.258373e-49 9.395921e-48 2.520497e-46 6.287645e-45 1.457566e-43 3.136108e-42 6.251726e-41 1.151640e-39 1.952823e-38 3.030343e-37 4.263172e-36 5.349537e-35 5.797512e-34 5.008302e-33 2.466367e-32 -2.009376e-31 -8.060923e-30 -1.475876e-28 -2.080973e-27 -2.495486e-26 -2.639387e-25 -2.504166e-24 -2.150225e-23 -1.679107e-22 -1.195618e-21 -7.772886e-21 -4.615562e-20 -2.502883e-19 -1.238744e-18 -5.591055e-18 -2.299191e-17 -8.606619e-17 -2.930521e-16 -9.072624e-16 -2.554104e-15 -6.543446e-15 -1.528125e-14 -3.261708e-14 -6.386284e-14 -1.152207e-13 -1.925407e-13 -2.996241e-13 -4.365360e-13 -5.984620e-13 -7.755071e-13 -9.535747e-13 -1.116177e-12 -1.246819e-12 -1.331489e-12 -1.360810e-12 -1.331489e-12 -1.246819e-12 -1.116177e-12 -9.535747e-13 -7.755071e-13 -5.984620e-13 -4.365360e-13 -2.996241e-13 -1.925407e-13 -1.152207e-13 -6.386284e-14 -3.261708e-14 -1.528125e-14 -6.543446e-15 -2.554104e-15 -9.072624e-16 -2.930521e-16 -8.606619e-17 -2.299191e-17 -5.591055e-18 -1.238744e-18 -2.502883e-19 -4.615562e-20 -7.772886e-21 -1.195618e-21 -1.679107e-22 -2.150225e-23 -2.504166e-24 -2.639387e-25 -2.495486e-26 -2.080973e-27 -1.475876e-28 -8.060923e-30 -2.009376e-31 2.466367e-32 5.008302e-33 5.797512e-34 5.349537e-35 4.263172e-36 3.030343e-37 1.952823e-38 1.151640e-39 6.251726e-41 3.136108e-42 1.457566e-43 6.287645e-45 2.520497e-46 9.395921e-48 3.258373e-49 1.051769e-50 2.629675e-52 1.817021e-54 1.962916e-57 3.936768e-61 1.926672e-65 2.862709e-70 1.519322e-75 0.000000e+00
0.000000e+00 5.704648e-74 1.007150e-68 6.367108e-64 1.224577e-59 5.756888e-56 5.031293e-53 6.884495e-51 2.609591e-49 7.674377e-48 2.101592e-46 5.354186e-45 1.268145e-43 2.789114e-42 5.686128e-41 1.071740e-39 1.860432e-38 2.956993e-37 4.263172e-36 5.485194e-35 6.098340e-34 5.406170e-33 2.728385e-32 -2.309581e-31 -9.491260e-30 -1.788158e-28 -2.597621e-27 -3.212463e-26 -3.507198e-25 -3.437915e-24 -3.052790e-23 -2.467665e-22 -1.820596e-21 -1.227545e-20 -7.567120e-20 -4.263855e-19 -2.194733e-18 -1.031043e-17 -4.415997e-17 -1.722517e-16 -6.112930e-16 -1.972256e-15 -5.783208e-15 -1.541715e-14 -3.740852e-14 -8.279595e-14 -1.677038e-13 -3.122202e-13 -5.370732e-13 -8.585526e-13 -1.283028e-12 -1.802740e-12 -2.394183e-12 -3.019576e-12 -3.631107e-12 -4.176973e-12 -4.608077e-12 -4.884280e-12 -4.979380e-12 -4.884280e-12 -4.608077e-12 -4.176973e-12 -3.631107e-12 -3.019576e-12 -2.394183e-12 -1.802740e-12 -1.283028e-12 -8.585526e-13 -5.370732e-13 -3.122202e-13 -1.677038e-13 -8.279595e-14 -3.740852e-14 -1.541715e-14 -5.783208e-15 -1.972256e-15 -6.112930e-16 -1.722517e-16 -4.415997e-17 -1.031043e-17 -2.194733e-18 -4.263855e-19 -7.567120e-20 -1.227545e-20 -1.820596e-21 -2.467665e-22 -3.052790e-23 -3.437915e-24 -3.507198e-25 -3.212463e-26 -2.597621e-27 -1.788158e-28 -9.491260e-30 -2.309581e-31 2.728385e-32 5.406170e-33 6.098340e-34 5.485194e-35 4.263172e-36 2.956993e-37 1.860432e-38 1.071740e-39 5.686128e-41 2.789114e-42 1.268145e-43 5.354186e-45 2.101592e-46 7.674377e-48 2.609591e-49 6.884495e-51 5.031293e-53 5.756888e-56 1.224577e-59 6.367108e-64 1.007150e-68 5.704648e-74 0.000000e+00
0.000000e+00 1.961279e-72 3.252991e-67 1.936024e-62 3.511294e-58 1.558693e-54 1.287654e-51 1.667352e-49 5.993653e-48 1.673879e-46 4.353437e-45 1.053067e-43 2.366432e-42 4.931563e-41 9.506154e-40 1.688463e-38 2.747344e-37 4.057044e-36 5.349537e-35 6.098340e-34 5.545637e-33 2.869560e-32 -2.510530e-31 -1.058171e-29 -2.050483e-28 -3.066759e-27 -3.908155e-26 -4.400412e-25 -4.452482e-24 -4.084705e-23 -3.414262e-22 -2.607156e-21 -1.821094e-20 -1.164026e-19 -6.807017e-19 -3.639347e-18 -1.777200e-17 -7.917418e-17 -3.213766e-16 -1.187107e-15 -3.986074e-15 -1.215803e-14 -3.367920e-14 -8.477992e-14 -1.942415e-13 -4.061670e-13 -7.782458e-13 -1.373445e-12 -2.245917e-12 -3.425011e-12 -4.902539e-12 -6.627254e-12 -8.507896e-12 -1.042352e-11 -1.223819e-11 -1.381678e-11 -1.503932e-11 -1.581233e-11 -1.607673e-11 -1.581233e-11 -1.503932e-11 -1.381678e-11 -1.223819e-11 -1.042352e-11 -8.507896e-12 -6.627254e-12 -4.902539e-12 -3.425011e-12 -2.245917e-12 -1.373445e-12 -7.782458e-13 -4.061670e-13 -1.942415e-13 -8.477992e-14 -3.367920e-14 -1.215803e-14 -3.986074e-15 -1.187107e-15 -3.213766e-16 -7.917418e-17 -1.777200e-17 -3.639347e-18 -6.807017e-19 -1.164026e-19 -1.821094e-20 -2.607156e-21 -3.414262e-22 -4.084705e-23 -4.452482e-24 -4.400412e-25 -3.908155e-26 -3.066759e-27 -2.050483e-28 -1.058171e-29 -2.510530e-31 2.869560e-32 5.545637e-33 6.098340e-34 5.349537e-35 4.057044e-36 2.747344e-37 1.688463e-38 9.506154e-40 4.931563e-41 2.366432e-42 1.053067e-43 4.353437e-45 1.673879e-46 5.993653e-48 1.667352e-49 1.287654e-51 1.558693e-54 3.511294e-58 1.936024e-62 3.252991e-67 1.961279e-72 0.000000e+00
0.000000e+00 6.186740e-71 9.661634e-66 5.423307e-61 9.289486e-57 3.898496e-53 3.046977e-50 3.735879e-48 1.274024e-46 3.379166e-45 8.344547e-44 1.915120e-42 4.077882e-41 8.035327e-40 1.459646e-38 2.430202e-37 3.673986e-36 4.962214e-35 5.797512e-34 5.406170e-33 2.869560e-32 -2.581275e-31 -1.117259e-29 -2.225822e-28 -3.425219e-27 -4.494570e-26 -5.215047e-25 -5.442099e-24 -5.153293e-23 -4.449896e-22 -3.513376e-21 -2.539646e-20 -1.681370e-19 -1.019261e-18 -5.653666e-18 -2.866418e-17 -1.326640e-16 -5.596902e-16 -2.149232e-15 -7.501647e-15 -2.377214e-14 -6.834512e-14 -1.782602e-13 -4.221750e-13 -9.097448e-13 -1.789885e-12 -3.230752e-12 -5.382358e-12 -8.333023e-12 -1.207540e-11 -1.649368e-11 -2.137467e-11 -2.643720e-11 -3.136981e-11 -3.586709e-11 -3.965793e-11 -4.252347e-11 -4.430578e-11 -4.491035e-11 -4.430578e-11 -4.252347e-11 -3.965793e-11 -3.586709e-11 -3.136981e-11 -2.643720e-11 -2.137467e-11 -1.649368e-11 -1.207540e-11 -8.333023e-12 -5.382358e-12 -3.230752e-12 -1.789885e-12 -9.097448e-13 -4.221750e-13 -1.782602e-13 -6.834512e-14 -2.377214e-14 -7.501647e-15 -2.149232e-15 -5.596902e-16 -1.326640e-16 -2.866418e-17 -5.653666e-18 -1.019261e-18 -1.681370e-19 -2.539646e-20 -3.513376e-21 -4.449896e-22 -5.153293e-23 -5.442099e-24 -5.215047e-25 -4.494570e-26 -3.425219e-27 -2.225822e-28 -1.117259e-29 -2.581275e-31 2.869560e-32 5.406170e-33 5.797512e-34 4.962214e-35 3.673986e-36 2.430202e-37 1.459646e-38 8.035327e-40 4.077882e-41 1.915120e-42 8.344547e-44 3.379166e-45 1.274024e-46 3.735879e-48 3.046977e-50 3.898496e-53 9.289486e-57 5.423307e-61 9.661634e-66 6.186740e-71 0.000000e+00
0.000000e+00 1.793461e-69 2.642027e-64 1.400882e-59 2.268966e-55 9.010321e-52 6.666657e-49 7.742098e-47 2.504865e-45 6.308115e-44 1.477987e-42 3.214209e-41 6.471458e-40 1.201732e-38 2.046328e-37 3.165662e-36 4.377539e-35 5.239316e-34 5.008302e-33 2.728385e-32 -2.510530e-31 -1.117259e-29 -2.287508e-28 -3.619717e-27 -4.887432e-26 -5.839438e-25 -6.279540e-24 -6.132465e-23 -5.465611e-22 -4.457682e-21 -3.331301e-20 -2.282024e-19 -1.432557e-18 -8.234986e-18 -4.329996e-17 -2.079603e-16 -9.108612e-16 -3.632176e-15 -1.316400e-14 -4.329487e-14 -1.290532e-13 -3.483968e-13 -8.519109e-13 -1.889109e-12 -3.808904e-12 -7.012111e-12 -1.185504e-11 -1.853563e-11 -2.701018e-11 -3.697439e-11 -4.791167e-11 -5.918583e-11 -7.014457e-11 -8.020472e-11 -8.890326e-11 -9.591211e-11 -1.010247e-10 -1.041268e-10 -1.051658e-10 -1.041268e-10 -1.010247e-10 -9.591211e-11 -8.890326e-11 -8.020472e-11 -7.014457e-11 -5.918583e-11 -4.791167e-11 -3.697439e-11 -2.701018e-11 -1.853563e-11 -1.185504e-11 -7.012111e-12 -3.808904e-12 -1.889109e-12 -8.519109e-13 -3.483968e-13 -1.290532e-13 -4.329487e-14 -1.316400e-14 -3.632176e-15 -9.108612e-16 -2.079603e-16 -4.329996e-17 -8.234986e-18 -1.432557e-18 -2.282024e-19 -3.331301e-20 -4.457682e-21 -5.465611e-22 -6.132465e-23 -6.279540e-24 -5.839438e-25 -4.887432e-26 -3.619717e-27 -2.287508e-28 -1.117259e-29 -2.510530e-31 2.728385e-32 5.008302e-33 5.239316e-34 4.377539e-35 3.165662e-36 2.046328e-37 1.201732e-38 6.471458e-40 3.214209e-41 1.477987e-42 6.308115e-44 2.504865e-45 7.742098e-47 6.666657e-49 9.010321e-52 2.268966e-55 1.400882e-59 2.642027e-64 1.793461e-69 0.000000e+00
0.000000e+00 4.783639e-68 6.657809e-63 3.338733e-58 5.118125e-54 1.924430e-50 1.348342e-47 1.483096e-45 4.550920e-44 1.087409e-42 2.414270e-41 4.964692e-40 9.420480e-39 1.639920e-37 2.594851e-36 3.672086e-35 4.500448e-34 4.408719e-33 2.466367e-32 -2.309581e-31 -1.058171e-29 -2.225822e-28 -3.619717e-27 -5.025803e-26 -6.178860e-25 -6.842036e-24 -6.885479e-23 -6.328659e-22 -5.327161e-21 -4.112058e-20 -2.911852e-19 -1.891056e-18 -1.125445e-17 -6.130832e-17 -3.052416e-16 -1.386586e-15 -5.735925e-15 -2.156507e-14 -7.354208e-14 -2.270812e-13 -6.339759e-13 -1.599103e-12 -3.644862e-12 -7.518959e-12 -1.408318e-11 -2.407148e-11 -3.780131e-11 -5.498101e-11 -7.471256e-11 -9.568138e-11 -1.164452e-10 -1.357153e-10 -1.525505e-10 -1.664324e-10 -1.772336e-10 -1.851148e-10 -1.903887e-10 -1.933881e-10 -1.943581e-10 -1.933881e-10 -1.903887e-10 -1.851148e-10 -1.772336e-10 -1.664324e-10 -1.525505e-10 -1.357153e-10 -1.164452e-10 -9.568138e-11 -7.471256e-11 -5.498101e-11 -3.780131e-11 -2.407148e-11 -1.408318e-11 -7.518959e-12 -3.644862e-12 -1.599103e-12 -6.339759e-13 -2.270812e-13 -7.354208e-14 -2.156507e-14 -5.735925e-15 -1.386586e-15 -3.052416e-16 -6.130832e-17 -1.125445e-17 -1.891056e-18 -2.911852e-19 -4.112058e-20 -5.327161e-21 -6.328659e-22 -6.885479e-23 -6.842036e-24 -6.178860e-25 -5.025803e-26 -3.619717e-27 -2.225822e-28 -1.058171e-29 -2.309581e-31 2.466367e-32 4.408719e-33 4.500448e-34 3.672086e-35 2.594851e-36 1.639920e-37 9.420480e-39 4.964692e-40 2.414270e-41 1.087409e-42 4.550920e-44 1.483096e-45 1.348342e-47 1.924430e-50 5.118125e-54 3.338733e-58 6.657809e-63 4.783639e-68 0.000000e+00
0.000000e+00 1.174998e-66 1.546964e-61 7.343941e-57 1.066213e-52 3.797176e-49 2.519330e-46 2.623632e-44 7.629715e-43 1.727540e-41 3.626939e-40 7.029415e-39 1.250459e-37 2.022908e-36 2.928396e-35 3.673691e-34 3.687107e-33 2.119410e-32 -2.009376e-31 -9.491260e-30 -2.050483e-28 -3.425219e-27 -4.887432e-26 -6.178860e-25 -7.040410e-24 -7.295642e-23 -6.909931e-22 -5.998122e-21 -4.778223e-20 -3.494588e-19 -2.345732e-18 -1.443985e-17 -8.141733e-17 -4.198171e-16 -1.975997e-15 -8.472044e-15 -3.301299e-14 -1.166424e-13 -3.728173e-13 -1.075673e-12 -2.796872e-12 -6.547280e-12 -1.380160e-11 -2.624518e-11 -4.519021e-11 -7.086861e-11 -1.020078e-10 -1.359805e-10 -1.694615e-10 -1.992678e-10 -2.230601e-10 -2.397126e-10 -2.493274e-10 -2.529864e-10 -2.523742e-10 -2.493882e-10 -2.458081e-10 -2.430538e-10 -2.420322e-10 -2.430538e-10 -2.458081e-10 -2.493882e-10 -2.523742e-10 -2.529864e-10 -2.493274e-10 -2.397126e-10 -2.230601e-10 -1.992678e-10 -1.694615e-10 -1.359805e-10 -1.020078e-10 -7.086861e-11 -4.519021e-11 -2.624518e-11 -1.380160e-11 -6.547280e-12 -2.796872e-12 -1.075673e-12 -3.728173e-13 -1.166424e-13 -3.301299e-14 -8.472044e-15 -1.975997e-15 -4.198171e-16 -8.141733e-17 -1.443985e-17 -2.345732e-18 -3.494588e-19 -4.778223e-20 -5.998122e-21 -6.909931e-22 -7.295642e-23 -7.040410e-24 -6.178860e-25 -4.887432e-26 -3.425219e-27 -2.050483e-28 -9.491260e-30 -2.009376e-31 2.119410e-32 3.687107e-33 3.673691e-34 2.928396e-35 2.022908e-36 1.250459e-37 7.029415e-39 3.626939e-40 1.727540e-41 7.629715e-43 2.623632e-44 2.519330e-46 3.797176e-49 1.066213e-52 7.343941e-57 1.546964e-61 1.174998e-66 0.000000e+00
