0.000000e+00 1.820200e-95 2.336174e-90 1.089805e-85 1.567852e-81 5.583382e-78 3.741334e-75 3.978593e-73 1.194922e-71 2.829123e-70 6.306349e-69 1.322236e-67 2.606459e-66 4.827524e-65 8.393563e-64 1.368362e-62 2.088326e-61 2.977191e-60 3.953167e-59 4.868515e-58 5.526694e-57 5.726532e-56 5.324724e-55 4.295310e-54 2.759621e-53 9.681138e-53 -7.649960e-52 -2.151452e-50 -3.008013e-49 -3.294824e-48 -3.102538e-47 -2.600555e-46 -1.972744e-45 -1.366467e-44 -8.687133e-44 -5.084182e-43 -2.744173e-42 -1.367376e-41 -6.293250e-41 -2.675835e-40 -1.051106e-39 -3.814199e-39 -1.278475e-38 -3.958225e-38 -1.132052e-37 -2.991569e-37 -7.307909e-37 -1.651346e-36 -3.454758e-36 -6.698860e-36 -1.205385e-35 -2.015460e-35 -3.135771e-35 -4.545917e-35 -6.148216e-35 -7.766138e-35 -9.170250e-35 -1.012903e-34 -1.046992e-34 -1.012903e-34 -9.170250e-35 -7.766138e-35 -6.148216e-35 -4.545917e-35 -3.135771e-35 -2.015460e-35 -1.205385e-35 -6.698860e-36 -3.454758e-36 -1.651346e-36 -7.307909e-37 -2.991569e-37 -1.132052e-37 -3.958225e-38 -1.278475e-38 -3.814199e-39 -1.051106e-39 -2.675835e-40 -6.293250e-41 -1.367376e-41 -2.744173e-42 -5.084182e-43 -8.687133e-44 -1.366467e-44 -1.972744e-45 -2.600555e-46 -3.102538e-47 -3.294824e-48 -3.008013e-49 -2.151452e-50 -7.649960e-52 9.681138e-53 2.759621e-53 4.295310e-54 5.324724e-55 5.726532e-56 5.526694e-57 4.868515e-58 3.953167e-59 2.977191e-60 2.088326e-61 1.368362e-62 8.393563e-64 4.827524e-65 2.606459e-66 1.322236e-67 6.306349e-69 2.829123e-70 1.194922e-71 3.978593e-73 3.741334e-75 5.583382e-78 1.567852e-81 1.089805e-85 2.336174e-90 1.820200e-95 0.000000e+00
0.000000e+00 3.632687e-90 4.437774e-85 1.971887e-80 2.703721e-76 9.180398e-73 5.867319e-70 5.954663e-68 1.710003e-66 3.875755e-65 8.270682e-64 1.659822e-62 3.130648e-61 5.544615e-60 9.209748e-59 1.432377e-57 2.081338e-56 2.816945e-55 3.535675e-54 4.088773e-53 4.311373e-52 4.069891e-51 3.313440e-50 2.108044e-49 6.350487e-49 -8.516421e-48 -2.096456e-46 -2.914247e-45 -3.235596e-44 -3.109940e-43 -2.670482e-42 -2.080184e-41 -1.482184e-40 -9.707026e-40 -5.860043e-39 -3.266502e-38 -1.682859e-37 -8.016829e-37 -3.532008e-36 -1.439128e-35 -5.422389e-35 -1.889061e-34 -6.084706e-34 -1.812156e-33 -4.991254e-33 -1.271943e-32 -3.000927e-32 -6.560901e-32 -1.330703e-31 -2.507159e-31 -4.394418e-31 -7.176442e-31 -1.093648e-30 -1.557587e-30 -2.075982e-30 -2.592412e-30 -3.036060e-30 -3.336944e-30 -3.443559e-30 -3.336944e-30 -3.036060e-30 -2.592412e-30 -2.075982e-30 -1.557587e-30 -1.093648e-30 -7.176442e-31 -4.394418e-31 -2.507159e-31 -1.330703e-31 -6.560901e-32 -3.000927e-32 -1.271943e-32 -4.991254e-33 -1.812156e-33 -6.084706e-34 -1.889061e-34 -5.422389e-35 -1.439128e-35 -3.532008e-36 -8.016829e-37 -1.682859e-37 -3.266502e-38 -5.860043e-39 -9.707026e-40 -1.482184e-40 -2.080184e-41 -2.670482e-42 -3.109940e-43 -3.235596e-44 -2.914247e-45 -2.096456e-46 -8.516421e-48 6.350487e-49 2.108044e-49 3.313440e-50 4.069891e-51 4.311373e-52 4.088773e-53 3.535675e-54 2.816945e-55 2.081338e-56 1.432377e-57 9.209748e-59 5.544615e-60 3.130648e-61 1.659822e-62 8.270682e-64 3.875755e-65 1.710003e-66 5.954663e-68 5.867319e-70 9.180398e-73 2.703721e-76 1.971887e-80 4.437774e-85 3.632687e-90 0.000000e+00
0.000000e+00 2.817247e-85 3.278211e-80 1.388294e-75 1.814984e-71 5.877615e-68 3.583291e-65 3.470604e-63 9.528558e-62 2.066958e-60 4.220742e-59 8.102321e-58 1.460823e-56 2.470687e-55 3.913320e-54 5.791534e-53 7.983411e-52 1.020361e-50 1.200900e-49 1.287137e-48 1.231653e-47 1.009439e-46 6.315564e-46 1.486847e-45 -3.589735e-44 -8.031353e-43 -1.112494e-41 -1.251648e-40 -1.226914e-39 -1.078095e-38 -8.612547e-38 -6.303939e-37 -4.246861e-36 -2.640440e-35 -1.517509e-34 -8.069021e-34 -3.971303e-33 -1.809366e-32 -7.630990e-32 -2.978769e-31 -1.076039e-30 -3.596760e-30 -1.112479e-29 -3.184539e-29 -8.440062e-29 -2.072357e-28 -4.718381e-28 -9.973150e-28 -1.959679e-27 -3.585367e-27 -6.118059e-27 -9.753979e-27 -1.455403e-26 -2.035733e-26 -2.673190e-26 -3.299553e-26 -3.832093e-26 -4.190772e-26 -4.317425e-26 -4.190772e-26 -3.832093e-26 -3.299553e-26 -2.673190e-26 -2.035733e-26 -1.455403e-26 -9.753979e-27 -6.118059e-27 -3.585367e-27 -1.959679e-27 -9.973150e-28 -4.718381e-28 -2.072357e-28 -8.440062e-29 -3.184539e-29 -1.112479e-29 -3.596760e-30 -1.076039e-30 -2.978769e-31 -7.630990e-32 -1.809366e-32 -3.971303e-33 -8.069021e-34 -1.517509e-34 -2.640440e-35 -4.246861e-36 -6.303939e-37 -8.612547e-38 -1.078095e-38 -1.226914e-39 -1.251648e-40 -1.112494e-41 -8.031353e-43 -3.589735e-44 1.486847e-45 6.315564e-46 1.009439e-46 1.231653e-47 1.287137e-48 1.200900e-49 1.020361e-50 7.983411e-52 5.791534e-53 3.913320e-54 2.470687e-55 1.460823e-56 8.102321e-58 4.220742e-59 2.066958e-60 9.528558e-62 3.470604e-63 3.583291e-65 5.877615e-68 1.814984e-71 1.388294e-75 3.278211e-80 2.817247e-85 0.000000e+00
0.000000e+00 7.363138e-81 8.165865e-76 3.297314e-71 4.111325e-67 1.269958e-63 7.385006e-61 6.824759e-59 1.790834e-57 3.716223e-56 7.256423e-55 1.331076e-53 2.290832e-52 3.692744e-51 5.562252e-50 7.803140e-49 1.014696e-47 1.214221e-46 1.321285e-45 1.279528e-44 1.052670e-43 6.419938e-43 9.449453e-43 -5.039397e-41 -1.049986e-39 -1.451859e-38 -1.654719e-37 -1.652795e-36 -1.484569e-35 -1.214824e-34 -9.122320e-34 -6.312842e-33 -4.036258e-32 -2.387913e-31 -1.308285e-30 -6.640439e-30 -3.122782e-29 -1.360503e-28 -5.490246e-28 -2.051787e-27 -7.099946e-27 -2.274788e-26 -6.749058e-26 -1.854848e-25 -4.724919e-25 -1.116560e-24 -2.450623e-24 -5.002661e-24 -9.514345e-24 -1.688910e-23 -2.803638e-23 -4.360828e-23 -6.367429e-23 -8.743126e-23 -1.130717e-22 -1.379120e-22 -1.588077e-22 -1.727815e-22 -1.776983e-22 -1.727815e-22 -1.588077e-22 -1.379120e-22 -1.130717e-22 -8.743126e-23 -6.367429e-23 -4.360828e-23 -2.803638e-23 -1.688910e-23 -9.514345e-24 -5.002661e-24 -2.450623e-24 -1.116560e-24 -4.724919e-25 -1.854848e-25 -6.749058e-26 -2.274788e-26 -7.099946e-27 -2.051787e-27 -5.490246e-28 -1.360503e-28 -3.122782e-29 -6.640439e-30 -1.308285e-30 -2.387913e-31 -4.036258e-32 -6.312842e-33 -9.122320e-34 -1.214824e-34 -1.484569e-35 -1.652795e-36 -1.654719e-37 -1.451859e-38 -1.049986e-39 -5.039397e-41 9.449453e-43 6.419938e-43 1.052670e-43 1.279528e-44 1.321285e-45 1.214221e-46 1.014696e-47 7.803140e-49 5.562252e-50 3.692744e-51 2.290832e-52 1.331076e-53 7.256423e-55 3.716223e-56 1.790834e-57 6.824759e-59 7.385006e-61 1.269958e-63 4.111325e-67 3.297314e-71 8.165865e-76 7.363138e-81 0.000000e+00
0.000000e+00 5.361588e-77 5.669489e-72 2.183398e-67 2.596769e-63 7.650591e-60 4.242590e-57 3.739327e-55 9.372687e-54 1.859190e-52 3.467700e-51 6.069242e-50 9.950258e-49 1.524348e-47 2.174679e-46 2.874710e-45 3.494126e-44 3.855565e-43 3.772046e-42 3.104931e-41 1.824744e-40 4.913508e-41 -1.964275e-38 -3.876114e-37 -5.357713e-36 -6.183623e-35 -6.288422e-34 -5.767836e-33 -4.829053e-32 -3.715528e-31 -2.637672e-30 -1.731810e-29 -1.053090e-28 -5.935328e-28 -3.101553e-27 -1.502753e-26 -6.750118e-26 -2.810280e-25 -1.084155e-24 -3.874740e-24 -1.282788e-23 -3.934138e-23 -1.118004e-22 -2.945557e-22 -7.200861e-22 -1.635288e-21 -3.454876e-21 -6.802287e-21 -1.250589e-20 -2.151433e-20 -3.470863e-20 -5.262307e-20 -7.513318e-20 -1.012090e-19 -1.288417e-19 -1.552210e-19 -1.771668e-19 -1.917347e-19 -1.968415e-19 -1.917347e-19 -1.771668e-19 -1.552210e-19 -1.288417e-19 -1.012090e-19 -7.513318e-20 -5.262307e-20 -3.470863e-20 -2.151433e-20 -1.250589e-20 -6.802287e-21 -3.454876e-21 -1.635288e-21 -7.200861e-22 -2.945557e-22 -1.118004e-22 -3.934138e-23 -1.282788e-23 -3.874740e-24 -1.084155e-24 -2.810280e-25 -6.750118e-26 -1.502753e-26 -3.101553e-27 -5.935328e-28 -1.053090e-28 -1.731810e-29 -2.637672e-30 -3.715528e-31 -4.829053e-32 -5.767836e-33 -6.288422e-34 -6.183623e-35 -5.357713e-36 -3.876114e-37 -1.964275e-38 4.913508e-41 1.824744e-40 3.104931e-41 3.772046e-42 3.855565e-43 3.494126e-44 2.874710e-45 2.174679e-46 1.524348e-47 9.950258e-49 6.069242e-50 3.467700e-51 1.859190e-52 9.372687e-54 3.739327e-55 4.242590e-57 7.650591e-60 2.596769e-63 2.183398e-67 5.669489e-72 5.361588e-77 0.000000e+00
0.000000e+00 8.464728e-74 8.536880e-69 3.135993e-64 3.557437e-60 9.994329e-57 5.282889e-54 4.437798e-52 1.061632e-50 2.010783e-49 3.576929e-48 5.960581e-47 9.281147e-46 1.345532e-44 1.806664e-43 2.228421e-42 2.490472e-41 2.457201e-40 2.016462e-39 1.124926e-38 -1.575893e-38 -1.662884e-36 -3.147089e-35 -4.354114e-34 -5.087623e-33 -5.263874e-32 -4.925668e-31 -4.214964e-30 -3.319106e-29 -2.414164e-28 -1.625549e-27 -1.014573e-26 -5.873681e-26 -3.154983e-25 -1.572307e-24 -7.268554e-24 -3.116030e-23 -1.238390e-22 -4.561301e-22 -1.556718e-21 -4.922710e-21 -1.442607e-20 -3.919552e-20 -9.881040e-20 -2.313822e-19 -5.040280e-19 -1.023192e-18 -1.939721e-18 -3.441861e-18 -5.730102e-18 -8.972195e-18 -1.324420e-17 -1.847157e-17 -2.438954e-17 -3.054120e-17 -3.632352e-17 -4.107823e-17 -4.420995e-17 -4.530350e-17 -4.420995e-17 -4.107823e-17 -3.632352e-17 -3.054120e-17 -2.438954e-17 -1.847157e-17 -1.324420e-17 -8.972195e-18 -5.730102e-18 -3.441861e-18 -1.939721e-18 -1.023192e-18 -5.040280e-19 -2.313822e-19 -9.881040e-20 -3.919552e-20 -1.442607e-20 -4.922710e-21 -1.556718e-21 -4.561301e-22 -1.238390e-22 -3.116030e-23 -7.268554e-24 -1.572307e-24 -3.154983e-25 -5.873681e-26 -1.014573e-26 -1.625549e-27 -2.414164e-28 -3.319106e-29 -4.214964e-30 -4.925668e-31 -5.263874e-32 -5.087623e-33 -4.354114e-34 -3.147089e-35 -1.662884e-36 -1.575893e-38 1.124926e-38 2.016462e-39 2.457201e-40 2.490472e-41 2.228421e-42 1.806664e-43 1.345532e-44 9.281147e-46 5.960581e-47 3.576929e-48 2.010783e-49 1.061632e-50 4.437798e-52 5.282889e-54 9.994329e-57 3.557437e-60 3.135993e-64 8.536880e-69 8.464728e-74 0.000000e+00
0.000000e+00 2.220023e-71 2.136033e-66 7.485653e-62 8.099062e-58 2.169185e-54 1.092391e-51 8.739135e-50 1.993283e-48 3.599900e-47 6.095362e-46 9.643201e-45 1.420136e-43 1.936054e-42 2.422178e-41 2.740068e-40 2.723761e-39 2.222986e-38 1.159343e-37 -4.244277e-37 -2.345799e-35 -4.310244e-34 -5.982954e-33 -7.081358e-32 -7.453640e-31 -7.113146e-30 -6.217885e-29 -5.007956e-28 -3.729350e-27 -2.573160e-26 -1.646951e-25 -9.784461e-25 -5.396638e-24 -2.763173e-23 -1.313048e-22 -5.788738e-22 -2.366701e-21 -8.970029e-21 -3.150694e-20 -1.025453e-19 -3.092780e-19 -8.646732e-19 -2.242403e-18 -5.399885e-18 -1.209165e-17 -2.522351e-17 -4.912283e-17 -8.953206e-17 -1.531194e-16 -2.463838e-16 -3.740147e-16 -5.370000e-16 -7.309742e-16 -9.453632e-16 -1.163770e-15 -1.365760e-15 -1.529837e-15 -1.637029e-15 -1.674306e-15 -1.637029e-15 -1.529837e-15 -1.365760e-15 -1.163770e-15 -9.453632e-16 -7.309742e-16 -5.370000e-16 -3.740147e-16 -2.463838e-16 -1.531194e-16 -8.953206e-17 -4.912283e-17 -2.522351e-17 -1.209165e-17 -5.399885e-18 -2.242403e-18 -8.646732e-19 -3.092780e-19 -1.025453e-19 -3.150694e-20 -8.970029e-21 -2.366701e-21 -5.788738e-22 -1.313048e-22 -2.763173e-23 -5.396638e-24 -9.784461e-25 -1.646951e-25 -2.573160e-26 -3.729350e-27 -5.007956e-28 -6.217885e-29 -7.113146e-30 -7.453640e-31 -7.081358e-32 -5.982954e-33 -4.310244e-34 -2.345799e-35 -4.244277e-37 1.159343e-37 2.222986e-38 2.723761e-39 2.740068e-40 2.422178e-41 1.936054e-42 1.420136e-43 9.643201e-45 6.095362e-46 3.599900e-47 1.993283e-48 8.739135e-50 1.092391e-51 2.169185e-54 8.099062e-58 7.485653e-62 2.136033e-66 2.220023e-71 0.000000e+00
0.000000e+00 1.072825e-69 9.858917e-65 3.299345e-60 3.407550e-56 8.706370e-53 4.178964e-50 3.184291e-48 6.923651e-47 1.191558e-45 1.917729e-44 2.873014e-43 3.983600e-42 5.066032e-41 5.817695e-40 5.851786e-39 4.786673e-38 2.376204e-37 -1.359853e-36 -6.062406e-35 -1.106456e-33 -1.553846e-32 -1.871625e-31 -2.010553e-30 -1.961611e-29 -1.755275e-28 -1.448617e-27 -1.106356e-26 -7.834968e-26 -5.150785e-25 -3.145179e-24 -1.784112e-23 -9.400525e-23 -4.599418e-22 -2.088772e-21 -8.800558e-21 -3.438398e-20 -1.245243e-19 -4.179130e-19 -1.299626e-18 -3.745702e-18 -1.001049e-17 -2.482998e-17 -5.723614e-17 -1.228286e-16 -2.459253e-16 -4.605457e-16 -8.089321e-16 -1.336566e-15 -2.083498e-15 -3.073084e-15 -4.300508e-15 -5.724214e-15 -7.263213e-15 -8.802167e-15 -1.020435e-14 -1.133063e-14 -1.206093e-14 -1.231395e-14 -1.206093e-14 -1.133063e-14 -1.020435e-14 -8.802167e-15 -7.263213e-15 -5.724214e-15 -4.300508e-15 -3.073084e-15 -2.083498e-15 -1.336566e-15 -8.089321e-16 -4.605457e-16 -2.459253e-16 -1.228286e-16 -5.723614e-17 -2.482998e-17 -1.001049e-17 -3.745702e-18 -1.299626e-18 -4.179130e-19 -1.245243e-19 -3.438398e-20 -8.800558e-21 -2.088772e-21 -4.599418e-22 -9.400525e-23 -1.784112e-23 -3.145179e-24 -5.150785e-25 -7.834968e-26 -1.106356e-26 -1.448617e-27 -1.755275e-28 -1.961611e-29 -2.010553e-30 -1.871625e-31 -1.553846e-32 -1.106456e-33 -6.062406e-35 -1.359853e-36 2.376204e-37 4.786673e-38 5.851786e-39 5.817695e-40 5.066032e-41 3.983600e-42 2.873014e-43 1.917729e-44 1.191558e-45 6.923651e-47 3.184291e-48 4.178964e-50 8.706370e-53 3.407550e-56 3.299345e-60 9.858917e-65 1.072825e-69 0.000000e+00
0.000000e+00 2.632827e-68 2.315245e-63 7.412335e-59 7.319998e-55 1.786909e-51 8.185621e-49 5.946807e-47 1.233374e-45 2.022763e-44 3.091484e-43 4.374340e-42 5.678410e-41 6.657279e-40 6.835234e-39 5.700079e-38 2.859174e-37 -1.782284e-36 -7.890676e-35 -1.469274e-33 -2.111896e-32 -2.607266e-31 -2.873406e-30 -2.878435e-29 -2.646499e-28 -2.245810e-27 -1.764870e-26 -1.286938e-25 -8.717634e-25 -5.488777e-24 -3.212571e-23 -1.747716e-22 -8.834551e-22 -4.147556e-21 -1.807432e-20 -7.307276e-20 -2.739394e-19 -9.518883e-19 -3.065153e-18 -9.146597e-18 -2.530175e-17 -6.492789e-17 -1.547374e-16 -3.430326e-16 -7.088333e-16 -1.368658e-15 -2.476331e-15 -4.211214e-15 -6.752439e-15 -1.024083e-14 -1.473490e-14 -2.017105e-14 -2.633887e-14 -3.288070e-14 -3.931930e-14 -4.511148e-14 -4.971966e-14 -5.268868e-14 -5.371404e-14 -5.268868e-14 -4.971966e-14 -4.511148e-14 -3.931930e-14 -3.288070e-14 -2.633887e-14 -2.017105e-14 -1.473490e-14 -1.024083e-14 -6.752439e-15 -4.211214e-15 -2.476331e-15 -1.368658e-15 -7.088333e-16 -3.430326e-16 -1.547374e-16 -6.492789e-17 -2.530175e-17 -9.146597e-18 -3.065153e-18 -9.518883e-19 -2.739394e-19 -7.307276e-20 -1.807432e-20 -4.147556e-21 -8.834551e-22 -1.747716e-22 -3.212571e-23 -5.488777e-24 -8.717634e-25 -1.286938e-25 -1.764870e-26 -2.245810e-27 -2.646499e-28 -2.878435e-29 -2.873406e-30 -2.607266e-31 -2.111896e-32 -1.469274e-33 -7.890676e-35 -1.782284e-36 2.859174e-37 5.700079e-38 6.835234e-39 6.657279e-40 5.678410e-41 4.374340e-42 3.091484e-43 2.022763e-44 1.233374e-45 5.946807e-47 8.185621e-49 1.786909e-51 7.319998e-55 7.412335e-59 2.315245e-63 2.632827e-68 0.000000e+00
0.000000e+00 5.980902e-67 5.034317e-62 1.542063e-57 1.455931e-53 3.394188e-50 1.482608e-47 1.025476e-45 2.024540e-44 3.154257e-43 4.555229e-42 6.037453e-41 7.229460e-40 7.583477e-39 6.461178e-38 3.304813e-37 -2.141040e-36 -9.633930e-35 -1.835834e-33 -2.703736e-32 -3.422694e-31 -3.870423e-30 -3.980828e-29 -3.760275e-28 -3.280417e-27 -2.651900e-26 -1.990551e-25 -1.388898e-24 -9.013383e-24 -5.441098e-23 -3.054928e-22 -1.594684e-21 -7.735510e-21 -3.484876e-20 -1.457133e-19 -5.651489e-19 -2.032130e-18 -6.771742e-18 -2.090924e-17 -5.982998e-17 -1.587279e-16 -3.907859e-16 -8.940905e-16 -1.904598e-15 -3.786484e-15 -7.045228e-15 -1.230652e-14 -2.024878e-14 -3.148883e-14 -4.643598e-14 -6.514362e-14 -8.719363e-14 -1.116463e-13 -1.370761e-13 -1.616954e-13 -1.835518e-13 -2.007684e-13 -2.117875e-13 -2.155803e-13 -2.117875e-13 -2.007684e-13 -1.835518e-13 -1.616954e-13 -1.370761e-13 -1.116463e-13 -8.719363e-14 -6.514362e-14 -4.643598e-14 -3.148883e-14 -2.024878e-14 -1.230652e-14 -7.045228e-15 -3.786484e-15 -1.904598e-15 -8.940905e-16 -3.907859e-16 -1.587279e-16 -5.982998e-17 -2.090924e-17 -6.771742e-18 -2.032130e-18 -5.651489e-19 -1.457133e-19 -3.484876e-20 -7.735510e-21 -1.594684e-21 -3.054928e-22 -5.441098e-23 -9.013383e-24 -1.388898e-24 -1.990551e-25 -2.651900e-26 -3.280417e-27 -3.760275e-28 -3.980828e-29 -3.870423e-30 -3.422694e-31 -2.703736e-32 -1.835834e-33 -9.633930e-35 -2.141040e-36 3.304813e-37 6.461178e-38 7.583477e-39 7.229460e-40 6.037453e-41 4.555229e-42 3.154257e-43 2.024540e-44 1.025476e-45 1.482608e-47 3.394188e-50 1.455931e-53 1.542063e-57 5.034317e-62 5.980902e-67 0.000000e+00
0.000000e+00 1.278365e-65 1.029797e-60 3.016730e-56 2.721087e-52 6.051189e-49 2.515993e-46 1.652519e-44 3.094278e-43 4.555246e-42 6.161952e-41 7.533354e-40 8.070531e-39 7.023366e-38 3.664270e-37 -2.456405e-36 -1.124954e-34 -2.193269e-33 -3.308166e-32 -4.291936e-31 -4.977065e-30 -5.252655e-29 -5.094209e-28 -4.565640e-27 -3.794133e-26 -2.929419e-25 -2.103795e-24 -1.406104e-23 -8.747464e-23 -5.064377e-22 -2.727610e-21 -1.365891e-20 -6.355477e-20 -2.745848e-19 -1.100774e-18 -4.091975e-18 -1.409777e-17 -4.499869e-17 -1.330585e-16 -3.645756e-16 -9.262428e-16 -2.184516e-15 -4.790818e-15 -9.791589e-15 -1.870118e-14 -3.348292e-14 -5.639131e-14 -8.966038e-14 -1.350708e-13 -1.934741e-13 -2.643776e-13 -3.456927e-13 -4.337154e-13 -5.233648e-13 -6.086514e-13 -6.833092e-13 -7.414982e-13 -7.784780e-13 -7.911616e-13 -7.784780e-13 -7.414982e-13 -6.833092e-13 -6.086514e-13 -5.233648e-13 -4.337154e-13 -3.456927e-13 -2.643776e-13 -1.934741e-13 -1.350708e-13 -8.966038e-14 -5.639131e-14 -3.348292e-14 -1.870118e-14 -9.791589e-15 -4.790818e-15 -2.184516e-15 -9.262428e-16 -3.645756e-16 -1.330585e-16 -4.499869e-17 -1.409777e-17 -4.091975e-18 -1.100774e-18 -2.745848e-19 -6.355477e-20 -1.365891e-20 -2.727610e-21 -5.064377e-22 -8.747464e-23 -1.406104e-23 -2.103795e-24 -2.929419e-25 -3.794133e-26 -4.565640e-27 -5.094209e-28 -5.252655e-29 -4.977065e-30 -4.291936e-31 -3.308166e-32 -2.193269e-33 -1.124954e-34 -2.456405e-36 3.664270e-37 7.023366e-38 8.070531e-39 7.533354e-40 6.161952e-41 4.555246e-42 3.094278e-43 1.652519e-44 2.515993e-46 6.051189e-49 2.721087e-52 3.016730e-56 1.029797e-60 1.278365e-65 0.000000e+00
0.000000e+00 2.569855e-64 1.980445e-59 5.544672e-55 4.772849e-51 1.010778e-47 3.990262e-45 2.479203e-43 4.378400e-42 6.037479e-41 7.533354e-40 8.239688e-39 7.322416e-38 3.898304e-37 -2.691722e-36 -1.256548e-34 -2.505926e-33 -3.869438e-32 -5.142362e-31 -6.111940e-30 -6.614946e-29 -6.582840e-28 -6.057293e-27 -5.171121e-26 -4.103998e-25 -3.031397e-24 -2.085120e-23 -1.335760e-22 -7.968161e-22 -4.424289e-21 -2.285258e-20 -1.097319e-19 -4.894449e-19 -2.026310e-18 -7.780494e-18 -2.768932e-17 -9.128314e-17 -2.786820e-16 -7.878939e-16 -2.063664e-15 -5.011904e-15 -1.130253e-14 -2.371531e-14 -4.641777e-14 -8.501394e-14 -1.462088e-13 -2.370164e-13 -3.635777e-13 -5.297947e-13 -7.360725e-13 -9.784559e-13 -1.248368e-12 -1.533024e-12 -1.816462e-12 -2.081030e-12 -2.309103e-12 -2.484821e-12 -2.595630e-12 -2.633488e-12 -2.595630e-12 -2.484821e-12 -2.309103e-12 -2.081030e-12 -1.816462e-12 -1.533024e-12 -1.248368e-12 -9.784559e-13 -7.360725e-13 -5.297947e-13 -3.635777e-13 -2.370164e-13 -1.462088e-13 -8.501394e-14 -4.641777e-14 -2.371531e-14 -1.130253e-14 -5.011904e-15 -2.063664e-15 -7.878939e-16 -2.786820e-16 -9.128314e-17 -2.768932e-17 -7.780494e-18 -2.026310e-18 -4.894449e-19 -1.097319e-19 -2.285258e-20 -4.424289e-21 -7.968161e-22 -1.335760e-22 -2.085120e-23 -3.031397e-24 -4.103998e-25 -5.171121e-26 -6.057293e-27 -6.582840e-28 -6.614946e-29 -6.111940e-30 -5.142362e-31 -3.869438e-32 -2.505926e-33 -1.256548e-34 -2.691722e-36 3.898304e-37 7.322416e-38 8.239688e-39 7.533354e-40 6.037479e-41 4.378400e-42 2.479203e-43 3.990262e-45 1.010778e-47 4.772849e-51 5.544672e-55 1.980445e-59 2.569855e-64 0.000000e+00
0.000000e+00 4.855688e-63 3.577552e-58 9.562728e-54 7.843216e-50 1.577998e-46 5.892698e-44 3.443218e-42 5.683837e-41 7.229497e-40 8.070531e-39 7.322416e-38 3.979567e-37 -2.817599e-36 -1.342722e-34 -2.738550e-33 -4.327274e-32 -5.888109e-31 -7.169145e-30 -7.952806e-29 -8.116110e-28 -7.662898e-27 -6.716186e-26 -5.475399e-25 -4.156919e-24 -2.940559e-23 -1.938412e-22 -1.190524e-21 -6.809592e-21 -3.625199e-20 -1.794939e-19 -8.258752e-19 -3.528138e-18 -1.398176e-17 -5.135750e-17 -1.747278e-16 -5.503094e-16 -1.604080e-15 -4.327767e-15 -1.081344e-14 -2.504995e-14 -5.389394e-14 -1.079418e-13 -2.018606e-13 -3.537140e-13 -5.830305e-13 -9.077527e-13 -1.340622e-12 -1.885796e-12 -2.536482e-12 -3.274113e-12 -4.069221e-12 -4.883789e-12 -5.674622e-12 -6.397182e-12 -7.009368e-12 -7.474869e-12 -7.765837e-12 -7.864809e-12 -7.765837e-12 -7.474869e-12 -7.009368e-12 -6.397182e-12 -5.674622e-12 -4.883789e-12 -4.069221e-12 -3.274113e-12 -2.536482e-12 -1.885796e-12 -1.340622e-12 -9.077527e-13 -5.830305e-13 -3.537140e-13 -2.018606e-13 -1.079418e-13 -5.389394e-14 -2.504995e-14 -1.081344e-14 -4.327767e-15 -1.604080e-15 -5.503094e-16 -1.747278e-16 -5.135750e-17 -1.398176e-17 -3.528138e-18 -8.258752e-19 -1.794939e-19 -3.625199e-20 -6.809592e-21 -1.190524e-21 -1.938412e-22 -2.940559e-23 -4.156919e-24 -5.475399e-25 -6.716186e-26 -7.662898e-27 -8.116110e-28 -7.952806e-29 -7.169145e-30 -5.888109e-31 -4.327274e-32 -2.738550e-33 -1.342722e-34 -2.817599e-36 3.979567e-37 7.322416e-38 8.070531e-39 7.229497e-40 5.683837e-41 3.443218e-42 5.892698e-44 1.577998e-46 7.843216e-50 9.562728e-54 3.577552e-58 4.855688e-63 0.000000e+00
0.000000e+00 8.615874e-62 6.063097e-57 1.544984e-52 1.204640e-48 2.294432e-45 8.059357e-43 4.387624e-41 6.663869e-40 7.583526e-39 7.023366e-38 3.898304e-37 -2.817599e-36 -1.372730e-34 -2.862776e-33 -4.627378e-32 -6.443947e-31 -8.033576e-30 -9.129437e-29 -9.549408e-28 -9.246018e-27 -8.314778e-26 -6.959001e-25 -5.426820e-24 -3.945365e-23 -2.674398e-22 -1.689959e-21 -9.950497e-21 -5.455774e-20 -2.783373e-19 -1.320091e-18 -5.814829e-18 -2.376523e-17 -9.003234e-17 -3.158771e-16 -1.025593e-15 -3.079928e-15 -8.553113e-15 -2.196943e-14 -5.223316e-14 -1.151065e-13 -2.355982e-13 -4.491195e-13 -8.001191e-13 -1.337429e-12 -2.106653e-12 -3.141118e-12 -4.453579e-12 -6.030751e-12 -7.831914e-12 -9.791706e-12 -1.182624e-11 -1.384110e-11 -1.573967e-11 -1.743061e-11 -1.883364e-11 -1.988361e-11 -2.053288e-11 -2.075253e-11 -2.053288e-11 -1.988361e-11 -1.883364e-11 -1.743061e-11 -1.573967e-11 -1.384110e-11 -1.182624e-11 -9.791706e-12 -7.831914e-12 -6.030751e-12 -4.453579e-12 -3.141118e-12 -2.106653e-12 -1.337429e-12 -8.001191e-13 -4.491195e-13 -2.355982e-13 -1.151065e-13 -5.223316e-14 -2.196943e-14 -8.553113e-15 -3.079928e-15 -1.025593e-15 -3.158771e-16 -9.003234e-17 -2.376523e-17 -5.814829e-18 -1.320091e-18 -2.783373e-19 -5.455774e-20 -9.950497e-21 -1.689959e-21 -2.674398e-22 -3.945365e-23 -5.426820e-24 -6.959001e-25 -8.314778e-26 -9.246018e-27 -9.549408e-28 -9.129437e-29 -8.033576e-30 -6.443947e-31 -4.627378e-32 -2.862776e-33 -1.372730e-34 -2.817599e-36 3.898304e-37 7.023366e-38 7.583526e-39 6.663869e-40 4.387624e-41 8.059357e-43 2.294432e-45 1.204640e-48 1.544984e-52 6.063097e-57 8.615874e-62 0.000000e+00
0.000000e+00 1.433964e-60 9.624485e-56 2.332935e-51 1.723506e-47 3.091251e-44 1.012264e-41 5.052020e-40 6.842333e-39 6.461236e-38 3.664270e-37 -2.691722e-36 -1.342722e-34 -2.862776e-33 -4.731934e-32 -6.741092e-31 -8.601096e-30 -1.000827e-28 -1.072440e-27 -1.064267e-26 -9.814524e-26 -8.427828e-25 -6.746752e-24 -5.037893e-23 -3.509388e-22 -2.280095e-21 -1.381064e-20 -7.793407e-20 -4.093898e-19 -2.000010e-18 -9.077427e-18 -3.823445e-17 -1.492892e-16 -5.397832e-16 -1.805534e-15 -5.582654e-15 -1.594751e-14 -4.208158e-14 -1.026079e-13 -2.314013e-13 -4.834626e-13 -9.380459e-13 -1.695657e-12 -2.866790e-12 -4.553289e-12 -6.826569e-12 -9.708722e-12 -1.316185e-11 -1.708831e-11 -2.134126e-11 -2.574219e-11 -3.010102e-11 -3.423453e-11 -3.798021e-11 -4.120432e-11 -4.380444e-11 -4.570775e-11 -4.686703e-11 -4.725621e-11 -4.686703e-11 -4.570775e-11 -4.380444e-11 -4.120432e-11 -3.798021e-11 -3.423453e-11 -3.010102e-11 -2.574219e-11 -2.134126e-11 -1.708831e-11 -1.316185e-11 -9.708722e-12 -6.826569e-12 -4.553289e-12 -2.866790e-12 -1.695657e-12 -9.380459e-13 -4.834626e-13 -2.314013e-13 -1.026079e-13 -4.208158e-14 -1.594751e-14 -5.582654e-15 -1.805534e-15 -5.397832e-16 -1.492892e-16 -3.823445e-17 -9.077427e-18 -2.000010e-18 -4.093898e-19 -7.793407e-20 -1.381064e-20 -2.280095e-21 -3.509388e-22 -5.037893e-23 -6.746752e-24 -8.427828e-25 -9.814524e-26 -1.064267e-26 -1.072440e-27 -1.000827e-28 -8.601096e-30 -6.741092e-31 -4.731934e-32 -2.862776e-33 -1.342722e-34 -2.691722e-36 3.664270e-37 6.461236e-38 6.842333e-39 5.052020e-40 1.012264e-41 3.091251e-44 1.723506e-47 2.332935e-51 9.624485e-56 1.433964e-60 0.000000e+00
0.000000e+00 2.234981e-59 1.427799e-54 3.281872e-50 2.285829e-46 3.828603e-43 1.151033e-40 5.101968e-39 5.706513e-38 3.304874e-37 -2.456405e-36 -1.256548e-34 -2.738550e-33 -4.627378e-32 -6.741092e-31 -8.798976e-30 -1.047867e-28 -1.149714e-27 -1.168814e-26 -1.104730e-25 -9.727767e-25 -7.989599e-24 -6.124008e-23 -4.381254e-22 -2.924968e-21 -1.821371e-20 -1.057142e-19 -5.714177e-19 -2.873603e-18 -1.342984e-17 -5.825992e-17 -2.343081e-16 -8.725400e-16 -3.005023e-15 -9.561140e-15 -2.807981e-14 -7.607778e-14 -1.901272e-13 -4.384728e-13 -9.342125e-13 -1.842460e-12 -3.373042e-12 -5.753165e-12 -9.182505e-12 -1.378245e-11 -1.955581e-11 -2.637047e-11 -3.397192e-11 -4.202015e-11 -5.013979e-11 -5.797042e-11 -6.520667e-11 -7.162178e-11 -7.707385e-11 -8.149719e-11 -8.488386e-11 -8.726046e-11 -8.866534e-11 -8.912969e-11 -8.866534e-11 -8.726046e-11 -8.488386e-11 -8.149719e-11 -7.707385e-11 -7.162178e-11 -6.520667e-11 -5.797042e-11 -5.013979e-11 -4.202015e-11 -3.397192e-11 -2.637047e-11 -1.955581e-11 -1.378245e-11 -9.182505e-12 -5.753165e-12 -3.373042e-12 -1.842460e-12 -9.342125e-13 -4.384728e-13 -1.901272e-13 -7.607778e-14 -2.807981e-14 -9.561140e-15 -3.005023e-15 -8.725400e-16 -2.343081e-16 -5.825992e-17 -1.342984e-17 -2.873603e-18 -5.714177e-19 -1.057142e-19 -1.821371e-20 -2.924968e-21 -4.381254e-22 -6.124008e-23 -7.989599e-24 -9.727767e-25 -1.104730e-25 -1.168814e-26 -1.149714e-27 -1.047867e-28 -8.798976e-30 -6.741092e-31 -4.627378e-32 -2.738550e-33 -1.256548e-34 -2.456405e-36 3.304874e-37 5.706513e-38 5.101968e-39 1.151033e-40 3.828603e-43 2.285829e-46 3.281872e-50 1.427799e-54 2.234981e-59 0.000000e+00
0.000000e+00 3.255115e-58 1.973416e-53 4.281178e-49 2.789388e-45 4.301731e-42 1.152976e-39 4.205524e-38 2.863323e-37 -2.140986e-36 -1.124954e-34 -2.505926e-33 -4.327274e-32 -6.443947e-31 -8.601096e-30 -1.047867e-28 -1.176681e-27 -1.224848e-26 -1.185949e-25 -1.070304e-24 -9.013999e-24 -7.088317e-23 -5.205201e-22 -3.568673e-21 -2.283182e-20 -1.362175e-19 -7.571785e-19 -3.917263e-18 -1.883980e-17 -8.412455e-17 -3.482833e-16 -1.335051e-15 -4.731625e-15 -1.548418e-14 -4.673119e-14 -1.299398e-13 -3.326765e-13 -7.841285e-13 -1.702391e-12 -3.408846e-12 -6.309556e-12 -1.082983e-11 -1.730859e-11 -2.588407e-11 -3.641416e-11 -4.846387e-11 -6.136645e-11 -7.433789e-11 -8.661013e-11 -9.754809e-11 -1.067267e-10 -1.139594e-10 -1.192826e-10 -1.229087e-10 -1.251619e-10 -1.264113e-10 -1.270096e-10 -1.272439e-10 -1.273005e-10 -1.272439e-10 -1.270096e-10 -1.264113e-10 -1.251619e-10 -1.229087e-10 -1.192826e-10 -1.139594e-10 -1.067267e-10 -9.754809e-11 -8.661013e-11 -7.433789e-11 -6.136645e-11 -4.846387e-11 -3.641416e-11 -2.588407e-11 -1.730859e-11 -1.082983e-11 -6.309556e-12 -3.408846e-12 -1.702391e-12 -7.841285e-13 -3.326765e-13 -1.299398e-13 -4.673119e-14 -1.548418e-14 -4.731625e-15 -1.335051e-15 -3.482833e-16 -8.412455e-17 -1.883980e-17 -3.917263e-18 -7.571785e-19 -1.362175e-19 -2.283182e-20 -3.568673e-21 -5.205201e-22 -7.088317e-23 -9.013999e-24 -1.070304e-24 -1.185949e-25 -1.224848e-26 -1.176681e-27 -1.047867e-28 -8.601096e-30 -6.443947e-31 -4.327274e-32 -2.505926e-33 -1.124954e-34 -2.140986e-36 2.863323e-37 4.205524e-38 1.152976e-39 4.301731e-42 2.789388e-45 4.281178e-49 1.973416e-53 3.255115e-58 0.000000e+00
0.000000e+00 4.416902e-57 2.529901e-52 5.142404e-48 3.093619e-44 4.277383e-41 9.545246e-39 2.145685e-37 -1.782222e-36 -9.633895e-35 -2.193269e-33 -3.869438e-32 -5.888109e-31 -8.033576e-30 -1.000827e-28 -1.149714e-27 -1.224848e-26 -1.214318e-25 -1.122647e-24 -9.690138e-24 -7.813436e-23 -5.886181e-22 -4.141995e-21 -2.721169e-20 -1.667853e-19 -9.528367e-19 -5.068336e-18 -2.507045e-17 -1.151638e-16 -4.905550e-16 -1.934649e-15 -7.052840e-15 -2.372882e-14 -7.356429e-14 -2.098586e-13 -5.502409e-13 -1.324983e-12 -2.929557e-12 -5.950380e-12 -1.111847e-11 -1.915809e-11 -3.054712e-11 -4.527056e-11 -6.267809e-11 -8.152183e-11 -1.001709e-10 -1.169295e-10 -1.303569e-10 -1.395030e-10 -1.440170e-10 -1.441297e-10 -1.405425e-10 -1.342673e-10 -1.264600e-10 -1.182740e-10 -1.107503e-10 -1.047448e-10 -1.008865e-10 -9.955770e-11 -1.008865e-10 -1.047448e-10 -1.107503e-10 -1.182740e-10 -1.264600e-10 -1.342673e-10 -1.405425e-10 -1.441297e-10 -1.440170e-10 -1.395030e-10 -1.303569e-10 -1.169295e-10 -1.001709e-10 -8.152183e-11 -6.267809e-11 -4.527056e-11 -3.054712e-11 -1.915809e-11 -1.111847e-11 -5.950380e-12 -2.929557e-12 -1.324983e-12 -5.502409e-13 -2.098586e-13 -7.356429e-14 -2.372882e-14 -7.052840e-15 -1.934649e-15 -4.905550e-16 -1.151638e-16 -2.507045e-17 -5.068336e-18 -9.528367e-19 -1.667853e-19 -2.721169e-20 -4.141995e-21 -5.886181e-22 -7.813436e-23 -9.690138e-24 -1.122647e-24 -1.214318e-25 -1.224848e-26 -1.149714e-27 -1.000827e-28 -8.033576e-30 -5.888109e-31 -3.869438e-32 -2.193269e-33 -9.633895e-35 -1.782222e-36 2.145685e-37 9.545246e-39 4.277383e-41 3.093619e-44 5.142404e-48 2.529901e-52 4.416902e-57 0.000000e+00
0.000000e+00 5.560059e-56 2.988281e-51 5.622749e-47 3.048667e-43 3.559388e-40 5.211885e-38 -1.066172e-36 -7.896281e-35 -1.835834e-33 -3.308166e-32 -5.142362e-31 -7.169145e-30 -9.129437e-29 -1.072440e-27 -1.168814e-26 -1.185949e-25 -1.122647e-24 -9.926519e-24 -8.203134e-23 -6.336468e-22 -4.574080e-21 -3.084124e-20 -1.940937e-19 -1.139027e-18 -6.226023e-18 -3.165787e-17 -1.495274e-16 -6.550020e-16 -2.656501e-15 -9.957344e-15 -3.442990e-14 -1.096151e-13 -3.207369e-13 -8.610537e-13 -2.117771e-12 -4.766856e-12 -9.814664e-12 -1.848967e-11 -3.190969e-11 -5.056371e-11 -7.380697e-11 -9.964420e-11 -1.249709e-10 -1.462145e-10 -1.601343e-10 -1.645020e-10 -1.584753e-10 -1.426165e-10 -1.186253e-10 -8.891966e-11 -5.619416e-11 -2.305288e-11 8.236501e-12 3.586267e-11 5.848805e-11 7.519921e-11 8.542707e-11 8.886787e-11 8.542707e-11 7.519921e-11 5.848805e-11 3.586267e-11 8.236501e-12 -2.305288e-11 -5.619416e-11 -8.891966e-11 -1.186253e-10 -1.426165e-10 -1.584753e-10 -1.645020e-10 -1.601343e-10 -1.462145e-10 -1.249709e-10 -9.964420e-11 -7.380697e-11 -5.056371e-11 -3.190969e-11 -1.848967e-11 -9.814664e-12 -4.766856e-12 -2.117771e-12 -8.610537e-13 -3.207369e-13 -1.096151e-13 -3.442990e-14 -9.957344e-15 -2.656501e-15 -6.550020e-16 -1.495274e-16 -3.165787e-17 -6.226023e-18 -1.139027e-18 -1.940937e-19 -3.084124e-20 -4.574080e-21 -6.336468e-22 -8.203134e-23 -9.926519e-24 -1.122647e-24 -1.185949e-25 -1.168814e-26 -1.072440e-27 -9.129437e-29 -7.169145e-30 -5.142362e-31 -3.308166e-32 -1.835834e-33 -7.896281e-35 -1.066172e-36 5.211885e-38 3.559388e-40 3.048667e-43 5.622749e-47 2.988281e-51 5.560059e-56 0.000000e+00
0.000000e+00 6.452007e-55 3.217419e-50 5.481849e-46 2.541158e-42 2.066558e-39 -1.315673e-37 -5.125274e-35 -1.470491e-33 -2.703740e-32 -4.291936e-31 -6.111940e-30 -7.952806e-29 -9.549408e-28 -1.064267e-26 -1.104730e-25 -1.070304e-24 -9.690138e-24 -8.203134e-23 -6.494032e-22 -4.806607e-21 -3.324548e-20 -2.147194e-19 -1.293709e-18 -7.263173e-18 -3.794538e-17 -1.841951e-16 -8.293854e-16 -3.457795e-15 -1.332137e-14 -4.732522e-14 -1.546939e-13 -4.642012e-13 -1.275866e-12 -3.204915e-12 -7.342941e-12 -1.531934e-11 -2.906825e-11 -5.014042e-11 -7.864276e-11 -1.122632e-10 -1.460306e-10 -1.731803e-10 -1.868656e-10 -1.819888e-10 -1.564400e-10 -1.113996e-10 -5.077329e-11 1.989722e-11 9.463552e-11 1.680259e-10 2.358392e-10 2.952704e-10 3.448644e-10 3.842415e-10 4.137369e-10 4.340355e-10 4.458598e-10 4.497373e-10 4.458598e-10 4.340355e-10 4.137369e-10 3.842415e-10 3.448644e-10 2.952704e-10 2.358392e-10 1.680259e-10 9.463552e-11 1.989722e-11 -5.077329e-11 -1.113996e-10 -1.564400e-10 -1.819888e-10 -1.868656e-10 -1.731803e-10 -1.460306e-10 -1.122632e-10 -7.864276e-11 -5.014042e-11 -2.906825e-11 -1.531934e-11 -7.342941e-12 -3.204915e-12 -1.275866e-12 -4.642012e-13 -1.546939e-13 -4.732522e-14 -1.332137e-14 -3.457795e-15 -8.293854e-16 -1.841951e-16 -3.794538e-17 -7.263173e-18 -1.293709e-18 -2.147194e-19 -3.324548e-20 -4.806607e-21 -6.494032e-22 -8.203134e-23 -9.690138e-24 -1.070304e-24 -1.104730e-25 -1.064267e-26 -9.549408e-28 -7.952806e-29 -6.111940e-30 -4.291936e-31 -2.703740e-32 -1.470491e-33 -5.125274e-35 -1.315673e-37 2.066558e-39 2.541158e-42 5.481849e-46 3.217419e-50 6.452007e-55 0.000000e+00
0.000000e+00 6.832518e-54 3.098064e-49 4.560978e-45 1.542960e-41 -1.069591e-39 -9.298725e-36 -9.458710e-34 -2.113758e-32 -3.422703e-31 -4.977065e-30 -6.614946e-29 -8.116110e-28 -9.246018e-27 -9.814524e-26 -9.727767e-25 -9.013999e-24 -7.813436e-23 -6.336468e-22 -4.806607e-21 -3.408751e-20 -2.258335e-19 -1.396344e-18 -8.048085e-18 -4.318064e-17 -2.153273e-16 -9.962254e-16 -4.267927e-15 -1.689458e-14 -6.165062e-14 -2.068691e-13 -6.365841e-13 -1.791373e-12 -4.596251e-12 -1.072005e-11 -2.265961e-11 -4.327990e-11 -7.448240e-11 -1.151600e-10 -1.594248e-10 -1.965708e-10 -2.135581e-10 -1.991794e-10 -1.478730e-10 -6.145751e-11 5.163344e-11 1.789148e-10 3.070315e-10 4.244779e-10 5.232655e-10 5.994481e-10 6.527398e-10 6.856109e-10 7.022109e-10 7.073696e-10 7.058094e-10 7.015957e-10 6.978010e-10 6.963227e-10 6.978010e-10 7.015957e-10 7.058094e-10 7.073696e-10 7.022109e-10 6.856109e-10 6.527398e-10 5.994481e-10 5.232655e-10 4.244779e-10 3.070315e-10 1.789148e-10 5.163344e-11 -6.145751e-11 -1.478730e-10 -1.991794e-10 -2.135581e-10 -1.965708e-10 -1.594248e-10 -1.151600e-10 -7.448240e-11 -4.327990e-11 -2.265961e-11 -1.072005e-11 -4.596251e-12 -1.791373e-12 -6.365841e-13 -2.068691e-13 -6.165062e-14 -1.689458e-14 -4.267927e-15 -9.962254e-16 -2.153273e-16 -4.318064e-17 -8.048085e-18 -1.396344e-18 -2.258335e-19 -3.408751e-20 -4.806607e-21 -6.336468e-22 -7.813436e-23 -9.013999e-24 -9.727767e-25 -9.814524e-26 -9.246018e-27 -8.116110e-28 -6.614946e-29 -4.977065e-30 -3.422703e-31 -2.113758e-32 -9.458710e-34 -9.298725e-36 -1.069591e-39 1.542960e-41 4.560978e-45 3.098064e-49 6.832518e-54 0.000000e+00
0.000000e+00 6.487618e-53 2.565052e-48 2.857828e-44 1.425794e-41 -2.680149e-37 -1.752241e-34 -1.335075e-32 -2.609649e-31 -3.870437e-30 -5.252655e-29 -6.582840e-28 -7.662898e-27 -8.314778e-26 -8.427828e-25 -7.989599e-24 -7.088317e-23 -5.886181e-22 -4.574080e-21 -3.324548e-20 -2.258335e-19 -1.432320e-18 -8.471541e-18 -4.665952e-17 -2.389282e-16 -1.135391e-15 -4.996657e-15 -2.031770e-14 -7.614254e-14 -2.622535e-13 -8.275921e-13 -2.384737e-12 -6.251407e-12 -1.484745e-11 -3.180524e-11 -6.113747e-11 -1.048314e-10 -1.591370e-10 -2.115309e-10 -2.414644e-10 -2.265446e-10 -1.518616e-10 -1.717808e-11 1.620298e-10 3.595285e-10 5.461868e-10 6.973608e-10 7.975354e-10 8.415867e-10 8.333987e-10 7.830287e-10 7.035803e-10 6.085871e-10 5.102299e-10 4.184273e-10 3.406005e-10 2.818771e-10 2.454883e-10 2.331766e-10 2.454883e-10 2.818771e-10 3.406005e-10 4.184273e-10 5.102299e-10 6.085871e-10 7.035803e-10 7.830287e-10 8.333987e-10 8.415867e-10 7.975354e-10 6.973608e-10 5.461868e-10 3.595285e-10 1.620298e-10 -1.717808e-11 -1.518616e-10 -2.265446e-10 -2.414644e-10 -2.115309e-10 -1.591370e-10 -1.048314e-10 -6.113747e-11 -3.180524e-11 -1.484745e-11 -6.251407e-12 -2.384737e-12 -8.275921e-13 -2.622535e-13 -7.614254e-14 -2.031770e-14 -4.996657e-15 -1.135391e-15 -2.389282e-16 -4.665952e-17 -8.471541e-18 -1.432320e-18 -2.258335e-19 -3.324548e-20 -4.574080e-21 -5.886181e-22 -7.088317e-23 -7.989599e-24 -8.427828e-25 -8.314778e-26 -7.662898e-27 -6.582840e-28 -5.252655e-29 -3.870437e-30 -2.609649e-31 -1.335075e-32 -1.752241e-34 -2.680149e-37 1.425794e-41 2.857828e-44 2.565052e-48 6.487618e-53 0.000000e+00
0.000000e+00 5.330828e-52 1.641861e-47 5.630458e-44 -1.458864e-39 -5.238509e-36 -2.458893e-33 -1.613348e-31 -2.876097e-30 -3.980846e-29 -5.094209e-28 -6.057293e-27 -6.716186e-26 -6.959001e-25 -6.746752e-24 -6.124008e-23 -5.205201e-22 -4.141995e-21 -3.084124e-20 -2.147194e-19 -1.396344e-18 -8.471541e-18 -4.787986e-17 -2.516737e-16 -1.227977e-15 -5.549751e-15 -2.317576e-14 -8.918398e-14 -3.152821e-13 -1.020397e-12 -3.011579e-12 -8.069219e-12 -1.952678e-11 -4.241592e-11 -8.208383e-11 -1.401365e-10 -2.080972e-10 -2.624768e-10 -2.674657e-10 -1.886620e-10 -1.238738e-11 2.421221e-10 5.266946e-10 7.813367e-10 9.538146e-10 1.013156e-09 9.539063e-10 7.921550e-10 5.571722e-10 2.825269e-10 -9.624153e-13 -2.693085e-10 -5.067161e-10 -7.049718e-10 -8.617023e-10 -9.783091e-10 -1.057980e-09 -1.104119e-09 -1.119197e-09 -1.104119e-09 -1.057980e-09 -9.783091e-10 -8.617023e-10 -7.049718e-10 -5.067161e-10 -2.693085e-10 -9.624153e-13 2.825269e-10 5.571722e-10 7.921550e-10 9.539063e-10 1.013156e-09 9.538146e-10 7.813367e-10 5.266946e-10 2.421221e-10 -1.238738e-11 -1.886620e-10 -2.674657e-10 -2.624768e-10 -2.080972e-10 -1.401365e-10 -8.208383e-11 -4.241592e-11 -1.952678e-11 -8.069219e-12 -3.011579e-12 -1.020397e-12 -3.152821e-13 -8.918398e-14 -2.317576e-14 -5.549751e-15 -1.227977e-15 -2.516737e-16 -4.787986e-17 -8.471541e-18 -1.396344e-18 -2.147194e-19 -3.084124e-20 -4.141995e-21 -5.205201e-22 -6.124008e-23 -6.746752e-24 -6.959001e-25 -6.716186e-26 -6.057293e-27 -5.094209e-28 -3.980846e-29 -2.876097e-30 -1.613348e-31 -2.458893e-33 -5.238509e-36 -1.458864e-39 5.630458e-44 1.641861e-47 5.330828e-52 0.000000e+00
0.000000e+00 3.458578e-51 4.505914e-47 -1.965885e-42 -2.992458e-38 -7.341190e-35 -2.930264e-32 -1.737409e-30 -2.881181e-29 -3.760294e-28 -4.565640e-27 -5.171121e-26 -5.475399e-25 -5.426820e-24 -5.037893e-23 -4.381254e-22 -3.568673e-21 -2.721169e-20 -1.940937e-19 -1.293709e-18 -8.048085e-18 -4.665952e-17 -2.516737e-16 -1.260473e-15 -5.848657e-15 -2.507843e-14 -9.908517e-14 -3.595379e-13 -1.193598e-12 -3.609381e-12 -9.890364e-12 -2.440500e-11 -5.380838e-11 -1.049296e-10 -1.783861e-10 -2.583758e-10 -3.050246e-10 -2.609114e-10 -7.866428e-11 2.418419e-10 6.350234e-10 9.897237e-10 1.196055e-09 1.187118e-09 9.556353e-10 5.464408e-10 3.435781e-11 -5.008673e-10 -9.930747e-10 -1.399140e-09 -1.700230e-09 -1.897439e-09 -2.005393e-09 -2.045671e-09 -2.041608e-09 -2.014734e-09 -1.982693e-09 -1.958334e-09 -1.949354e-09 -1.958334e-09 -1.982693e-09 -2.014734e-09 -2.041608e-09 -2.045671e-09 -2.005393e-09 -1.897439e-09 -1.700230e-09 -1.399140e-09 -9.930747e-10 -5.008673e-10 3.435781e-11 5.464408e-10 9.556353e-10 1.187118e-09 1.196055e-09 9.897237e-10 6.350234e-10 2.418419e-10 -7.866428e-11 -2.609114e-10 -3.050246e-10 -2.583758e-10 -1.783861e-10 -1.049296e-10 -5.380838e-11 -2.440500e-11 -9.890364e-12 -3.609381e-12 -1.193598e-12 -3.595379e-13 -9.908517e-14 -2.507843e-14 -5.848657e-15 -1.260473e-15 -2.516737e-16 -4.665952e-17 -8.048085e-18 -1.293709e-18 -1.940937e-19 -2.721169e-20 -3.568673e-21 -4.381254e-22 -5.037893e-23 -5.426820e-24 -5.475399e-25 -5.171121e-26 -4.565640e-27 -3.760294e-28 -2.881181e-29 -1.737409e-30 -2.930264e-32 -7.341190e-35 -2.992458e-38 -1.965885e-42 4.505914e-47 3.458578e-51 0.000000e+00
