0.000000e+00 0.000000e+00 0.000000e+00 0.000000e+00 0.000000e+00 0.000000e+00 0.000000e+00 0.000000e+00 0.000000e+00 0.000000e+00 0.000000e+00 0.000000e+00 6.815664e-104 5.423350e-101 2.097600e-98 5.255598e-96 9.592317e-94 1.359732e-91 1.558580e-89 1.485122e-87 1.200245e-85 8.352860e-84 5.064930e-82 2.701110e-80 1.276453e-78 5.377841e-77 2.030040e-75 6.893517e-74 2.112610e-72 5.857950e-71 1.472526e-69 3.360305e-68 6.967585e-67 1.313287e-65 2.250098e-64 3.502712e-63 4.949588e-62 6.339973e-61 7.347195e-60 7.683624e-59 7.227481e-58 6.088655e-57 4.567791e-56 3.028108e-55 1.754040e-54 8.721996e-54 3.605915e-53 1.153147e-52 2.200952e-52 -2.944609e-52 -5.051147e-51 -2.750417e-50 -1.044096e-49 -3.095036e-49 -7.423231e-49 -1.459600e-48 -2.363769e-48 -3.156645e-48 -3.476256e-48 -3.156645e-48 -2.363769e-48 -1.459600e-48 -7.423231e-49 -3.095036e-49 -1.044096e-49 -2.750417e-50 -5.051147e-51 -2.944609e-52 2.200952e-52 1.153147e-52 3.605915e-53 8.721996e-54 1.754040e-54 3.028108e-55 4.567791e-56 6.088655e-57 7.227481e-58 7.683624e-59 7.347195e-60 6.339973e-61 4.949588e-62 3.502712e-63 2.250098e-64 1.313287e-65 6.967585e-67 3.360305e-68 1.472526e-69 5.857950e-71 2.112610e-72 6.893517e-74 2.030040e-75 5.377841e-77 1.276453e-78 2.701110e-80 5.064930e-82 8.352860e-84 1.200245e-85 1.485122e-87 1.558580e-89 1.359732e-91 9.592317e-94 5.255598e-96 2.097600e-98 5.423350e-101 6.815664e-104 0.000000e+00 0.000000e+00 0.000000e+00 0.000000e+00 0.000000e+00 0.000000e+00 0.000000e+00 0.000000e+00 0.000000e+00 0.000000e+00 0.000000e+00 0.000000e+00
0.000000e+00 0.000000e+00 0.000000e+00 0.000000e+00 0.000000e+00 0.000000e+00 0.000000e+00 0.000000e+00 0.000000e+00 0.000000e+00 0.000000e+00 4.676741e-100 3.795555e-97 1.497951e-94 3.831492e-92 7.142554e-90 1.034645e-87 1.212577e-85 1.182039e-83 9.778852e-82 6.970666e-80 4.332324e-78 2.369740e-76 1.149459e-74 4.974666e-73 1.930561e-71 6.745571e-70 2.129089e-68 6.086079e-67 1.578769e-65 3.721956e-64 7.982044e-63 1.557992e-61 2.767888e-60 4.474022e-59 6.574355e-58 8.770957e-57 1.060433e-55 1.159037e-54 1.141536e-53 1.008829e-52 7.954417e-52 5.551510e-51 3.389310e-50 1.775750e-49 7.700656e-49 2.532514e-48 4.348724e-48 -1.511577e-47 -1.854839e-46 -1.047458e-45 -4.314292e-45 -1.416760e-44 -3.822825e-44 -8.575817e-44 -1.606438e-43 -2.515690e-43 -3.293272e-43 -3.602784e-43 -3.293272e-43 -2.515690e-43 -1.606438e-43 -8.575817e-44 -3.822825e-44 -1.416760e-44 -4.314292e-45 -1.047458e-45 -1.854839e-46 -1.511577e-47 4.348724e-48 2.532514e-48 7.700656e-49 1.775750e-49 3.389310e-50 5.551510e-51 7.954417e-52 1.008829e-52 1.141536e-53 1.159037e-54 1.060433e-55 8.770957e-57 6.574355e-58 4.474022e-59 2.767888e-60 1.557992e-61 7.982044e-63 3.721956e-64 1.578769e-65 6.086079e-67 2.129089e-68 6.745571e-70 1.930561e-71 4.974666e-73 1.149459e-74 2.369740e-76 4.332324e-78 6.970666e-80 9.778852e-82 1.182039e-83 1.212577e-85 1.034645e-87 7.142554e-90 3.831492e-92 1.497951e-94 3.795555e-97 4.676741e-100 0.000000e+00 0.000000e+00 0.000000e+00 0.000000e+00 0.000000e+00 0.000000e+00 0.000000e+00 0.000000e+00 0.000000e+00 0.000000e+00 0.000000e+00
0.000000e+00 0.000000e+00 0.000000e+00 0.000000e+00 0.000000e+00 0.000000e+00 0.000000e+00 0.000000e+00 0.000000e+00 0.000000e+00 1.285085e-96 1.063190e-93 4.279228e-91 1.116766e-88 2.125090e-86 3.143817e-84 3.764791e-82 3.751999e-80 3.175149e-78 2.316617e-76 1.474608e-74 8.266428e-73 4.112195e-71 1.826519e-69 7.280459e-68 2.614940e-66 8.491358e-65 2.499509e-63 6.683215e-62 1.625651e-60 3.601021e-59 7.268174e-58 1.336844e-56 2.240045e-55 3.416854e-54 4.738678e-53 5.964676e-52 6.798012e-51 6.993067e-50 6.465615e-49 5.342052e-48 3.912113e-47 2.508042e-46 1.378630e-45 6.237442e-45 2.089070e-44 2.962827e-44 -2.270716e-43 -2.436048e-42 -1.436522e-41 -6.383457e-41 -2.299129e-40 -6.890228e-40 -1.736680e-39 -3.697011e-39 -6.655467e-39 -1.013249e-38 -1.304128e-38 -1.418631e-38 -1.304128e-38 -1.013249e-38 -6.655467e-39 -3.697011e-39 -1.736680e-39 -6.890228e-40 -2.299129e-40 -6.383457e-41 -1.436522e-41 -2.436048e-42 -2.270716e-43 2.962827e-44 2.089070e-44 6.237442e-45 1.378630e-45 2.508042e-46 3.912113e-47 5.342052e-48 6.465615e-49 6.993067e-50 6.798012e-51 5.964676e-52 4.738678e-53 3.416854e-54 2.240045e-55 1.336844e-56 7.268174e-58 3.601021e-59 1.625651e-60 6.683215e-62 2.499509e-63 8.491358e-65 2.614940e-66 7.280459e-68 1.826519e-69 4.112195e-71 8.266428e-73 1.474608e-74 2.316617e-76 3.175149e-78 3.751999e-80 3.764791e-82 3.143817e-84 2.125090e-86 1.116766e-88 4.279228e-91 1.063190e-93 1.285085e-96 0.000000e+00 0.000000e+00 0.000000e+00 0.000000e+00 0.000000e+00 0.000000e+00 0.000000e+00 0.000000e+00 0.000000e+00 0.000000e+00
0.000000e+00 0.000000e+00 0.000000e+00 0.000000e+00 0.000000e+00 0.000000e+00 0.000000e+00 0.000000e+00 0.000000e+00 1.226275e-93 1.033702e-90 4.240876e-88 1.128608e-85 2.190999e-83 3.308329e-81 4.045676e-79 4.119401e-77 3.563610e-75 2.659377e-73 1.732444e-71 9.945544e-70 5.069869e-68 2.309187e-66 9.445403e-65 3.484031e-63 1.162801e-61 3.520944e-60 9.692909e-59 2.429797e-57 5.552318e-56 1.157276e-54 2.200580e-53 3.816524e-52 6.032953e-51 8.681983e-50 1.135534e-48 1.346679e-47 1.443612e-46 1.392905e-45 1.202642e-44 9.213435e-44 6.181391e-43 3.550687e-42 1.667296e-41 5.625241e-41 5.486356e-41 -1.002850e-39 -1.012004e-38 -6.244336e-38 -2.977044e-37 -1.166003e-36 -3.839978e-36 -1.073909e-35 -2.560939e-35 -5.214774e-35 -9.069174e-35 -1.346837e-34 -1.707620e-34 -1.848219e-34 -1.707620e-34 -1.346837e-34 -9.069174e-35 -5.214774e-35 -2.560939e-35 -1.073909e-35 -3.839978e-36 -1.166003e-36 -2.977044e-37 -6.244336e-38 -1.012004e-38 -1.002850e-39 5.486356e-41 5.625241e-41 1.667296e-41 3.550687e-42 6.181391e-43 9.213435e-44 1.202642e-44 1.392905e-45 1.443612e-46 1.346679e-47 1.135534e-48 8.681983e-50 6.032953e-51 3.816524e-52 2.200580e-53 1.157276e-54 5.552318e-56 2.429797e-57 9.692909e-59 3.520944e-60 1.162801e-61 3.484031e-63 9.445403e-65 2.309187e-66 5.069869e-68 9.945544e-70 1.732444e-71 2.659377e-73 3.563610e-75 4.119401e-77 4.045676e-79 3.308329e-81 2.190999e-83 1.128608e-85 4.240876e-88 1.033702e-90 1.226275e-93 0.000000e+00 0.000000e+00 0.000000e+00 0.000000e+00 0.000000e+00 0.000000e+00 0.000000e+00 0.000000e+00 0.000000e+00
0.000000e+00 0.000000e+00 0.000000e+00 0.000000e+00 0.000000e+00 0.000000e+00 0.000000e+00 0.000000e+00 3.359509e-91 2.884039e-88 1.205447e-85 3.269633e-83 6.472110e-81 9.969031e-79 1.244164e-76 1.293525e-74 1.143159e-72 8.719762e-71 5.809470e-69 3.412829e-67 1.781396e-65 8.313494e-64 3.486603e-62 1.319574e-60 4.522255e-59 1.407186e-57 3.984302e-56 1.028148e-54 2.420745e-53 5.203839e-52 1.021602e-50 1.831211e-49 2.995149e-48 4.465198e-47 6.057479e-46 7.460684e-45 8.316630e-44 8.354998e-43 7.519324e-42 6.009368e-41 4.205902e-40 2.515167e-39 1.219415e-38 4.091718e-38 1.360729e-38 -1.133864e-36 -1.114093e-35 -7.191713e-35 -3.659611e-34 -1.547235e-33 -5.549438e-33 -1.704133e-32 -4.498416e-32 -1.022307e-31 -2.000982e-31 -3.373254e-31 -4.897752e-31 -6.125281e-31 -6.599237e-31 -6.125281e-31 -4.897752e-31 -3.373254e-31 -2.000982e-31 -1.022307e-31 -4.498416e-32 -1.704133e-32 -5.549438e-33 -1.547235e-33 -3.659611e-34 -7.191713e-35 -1.114093e-35 -1.133864e-36 1.360729e-38 4.091718e-38 1.219415e-38 2.515167e-39 4.205902e-40 6.009368e-41 7.519324e-42 8.354998e-43 8.316630e-44 7.460684e-45 6.057479e-46 4.465198e-47 2.995149e-48 1.831211e-49 1.021602e-50 5.203839e-52 2.420745e-53 1.028148e-54 3.984302e-56 1.407186e-57 4.522255e-59 1.319574e-60 3.486603e-62 8.313494e-64 1.781396e-65 3.412829e-67 5.809470e-69 8.719762e-71 1.143159e-72 1.293525e-74 1.244164e-76 9.969031e-79 6.472110e-81 3.269633e-83 1.205447e-85 2.884039e-88 3.359509e-91 0.000000e+00 0.000000e+00 0.000000e+00 0.000000e+00 0.000000e+00 0.000000e+00 0.000000e+00 0.000000e+00
0.000000e+00 0.000000e+00 0.000000e+00 0.000000e+00 0.000000e+00 0.000000e+00 0.000000e+00 1.682054e-89 1.796563e-86 7.646433e-84 2.112804e-81 4.262177e-79 6.693416e-77 8.520683e-75 9.040125e-73 8.156807e-71 6.355554e-69 4.327649e-67 2.599799e-65 1.388515e-63 6.634461e-62 2.850605e-60 1.106051e-58 3.888762e-57 1.242358e-55 3.614316e-54 9.591014e-53 2.324167e-51 5.146877e-50 1.041874e-48 1.927601e-47 3.257565e-46 5.023210e-45 7.056416e-44 9.009870e-43 1.042388e-41 1.088032e-40 1.018332e-39 8.468221e-39 6.164895e-38 3.824639e-37 1.904698e-36 6.259445e-36 -3.721102e-36 -2.619869e-34 -2.554042e-33 -1.722983e-32 -9.314591e-32 -4.224148e-31 -1.637536e-30 -5.473202e-30 -1.583367e-29 -3.971119e-29 -8.639306e-29 -1.630666e-28 -2.670917e-28 -3.797665e-28 -4.689461e-28 -5.030809e-28 -4.689461e-28 -3.797665e-28 -2.670917e-28 -1.630666e-28 -8.639306e-29 -3.971119e-29 -1.583367e-29 -5.473202e-30 -1.637536e-30 -4.224148e-31 -9.314591e-32 -1.722983e-32 -2.554042e-33 -2.619869e-34 -3.721102e-36 6.259445e-36 1.904698e-36 3.824639e-37 6.164895e-38 8.468221e-39 1.018332e-39 1.088032e-40 1.042388e-41 9.009870e-43 7.056416e-44 5.023210e-45 3.257565e-46 1.927601e-47 1.041874e-48 5.146877e-50 2.324167e-51 9.591014e-53 3.614316e-54 1.242358e-55 3.888762e-57 1.106051e-58 2.850605e-60 6.634461e-62 1.388515e-63 2.599799e-65 4.327649e-67 6.355554e-69 8.156807e-71 9.040125e-73 8.520683e-75 6.693416e-77 4.262177e-79 2.112804e-81 7.646433e-84 1.796563e-86 1.682054e-89 0.000000e+00 0.000000e+00 0.000000e+00 0.000000e+00 0.000000e+00 0.000000e+00 0.000000e+00
0.000000e+00 0.000000e+00 0.000000e+00 0.000000e+00 0.000000e+00 0.000000e+00 4.171651e-89 1.562601e-85 8.268578e-83 2.326460e-80 4.781064e-78 7.651979e-76 9.931557e-74 1.074798e-71 9.896551e-70 7.872981e-68 5.476221e-66 3.362353e-64 1.836416e-62 8.978359e-61 3.949710e-59 1.570069e-57 5.659294e-56 1.854857e-54 5.540161e-53 1.510526e-51 3.763998e-50 8.578496e-49 1.788759e-47 3.412116e-46 5.950967e-45 9.479741e-44 1.377099e-42 1.820188e-41 2.182171e-40 2.362531e-39 2.295303e-38 1.982070e-37 1.497532e-36 9.612461e-36 4.897469e-35 1.551758e-34 -2.937259e-34 -9.598703e-33 -9.406196e-32 -6.627452e-31 -3.792699e-30 -1.835615e-29 -7.644026e-29 -2.760969e-28 -8.682391e-28 -2.381105e-27 -5.698665e-27 -1.190613e-26 -2.172384e-26 -3.463578e-26 -4.829113e-26 -5.892539e-26 -6.296265e-26 -5.892539e-26 -4.829113e-26 -3.463578e-26 -2.172384e-26 -1.190613e-26 -5.698665e-27 -2.381105e-27 -8.682391e-28 -2.760969e-28 -7.644026e-29 -1.835615e-29 -3.792699e-30 -6.627452e-31 -9.406196e-32 -9.598703e-33 -2.937259e-34 1.551758e-34 4.897469e-35 9.612461e-36 1.497532e-36 1.982070e-37 2.295303e-38 2.362531e-39 2.182171e-40 1.820188e-41 1.377099e-42 9.479741e-44 5.950967e-45 3.412116e-46 1.788759e-47 8.578496e-49 3.763998e-50 1.510526e-51 5.540161e-53 1.854857e-54 5.659294e-56 1.570069e-57 3.949710e-59 8.978359e-61 1.836416e-62 3.362353e-64 5.476221e-66 7.872981e-68 9.896551e-70 1.074798e-71 9.931557e-74 7.651979e-76 4.781064e-78 2.326460e-80 8.268578e-83 1.562601e-85 4.171651e-89 0.000000e+00 0.000000e+00 0.000000e+00 0.000000e+00 0.000000e+00 0.000000e+00
0.000000e+00 0.000000e+00 0.000000e+00 0.000000e+00 0.000000e+00 3.226683e-90 7.324784e-86 1.358663e-82 4.752032e-80 9.950020e-78 1.623293e-75 2.148546e-73 2.372176e-71 2.229427e-69 1.811105e-67 1.287050e-65 8.077797e-64 4.512228e-62 2.257531e-60 1.016896e-58 4.141659e-57 1.530541e-55 5.146549e-54 1.578196e-52 4.421043e-51 1.132776e-49 2.656812e-48 5.705979e-47 1.122075e-45 2.019362e-44 3.322590e-43 4.990448e-42 6.827086e-41 8.480173e-40 9.521952e-39 9.602941e-38 8.612944e-37 6.757860e-36 4.495040e-35 2.351758e-34 7.241872e-34 -2.377518e-33 -6.160417e-32 -6.181160e-31 -4.566865e-30 -2.766784e-29 -1.426565e-28 -6.362179e-28 -2.473280e-27 -8.412200e-27 -2.507589e-26 -6.555993e-26 -1.503963e-25 -3.028705e-25 -5.358131e-25 -8.335702e-25 -1.141678e-24 -1.378108e-24 -1.467203e-24 -1.378108e-24 -1.141678e-24 -8.335702e-25 -5.358131e-25 -3.028705e-25 -1.503963e-25 -6.555993e-26 -2.507589e-26 -8.412200e-27 -2.473280e-27 -6.362179e-28 -1.426565e-28 -2.766784e-29 -4.566865e-30 -6.181160e-31 -6.160417e-32 -2.377518e-33 7.241872e-34 2.351758e-34 4.495040e-35 6.757860e-36 8.612944e-37 9.602941e-38 9.521952e-39 8.480173e-40 6.827086e-41 4.990448e-42 3.322590e-43 2.019362e-44 1.122075e-45 5.705979e-47 2.656812e-48 1.132776e-49 4.421043e-51 1.578196e-52 5.146549e-54 1.530541e-55 4.141659e-57 1.016896e-58 2.257531e-60 4.512228e-62 8.077797e-64 1.287050e-65 1.811105e-67 2.229427e-69 2.372176e-71 2.148546e-73 1.623293e-75 9.950020e-78 4.752032e-80 1.358663e-82 7.324784e-86 3.226683e-90 0.000000e+00 0.000000e+00 0.000000e+00 0.000000e+00 0.000000e+00
0.000000e+00 0.000000e+00 0.000000e+00 0.000000e+00 2.511639e-92 2.890908e-87 3.252813e-83 3.988430e-80 1.038572e-77 1.728356e-75 2.334698e-73 2.631904e-71 2.526670e-69 2.097656e-67 1.524172e-65 9.785896e-64 5.594995e-62 2.866723e-60 1.323200e-58 5.525683e-57 2.095067e-55 7.232743e-54 2.278710e-52 6.563222e-51 1.730376e-49 4.179449e-48 9.251821e-47 1.876960e-45 3.488205e-44 5.932811e-43 9.221101e-42 1.306845e-40 1.683625e-39 1.963087e-38 2.058319e-37 1.921531e-36 1.570641e-35 1.088470e-34 5.916186e-34 1.846382e-33 -7.592967e-33 -1.906042e-31 -1.998561e-30 -1.559046e-29 -1.002615e-28 -5.510931e-28 -2.630595e-27 -1.098925e-26 -4.032812e-26 -1.302405e-25 -3.704489e-25 -9.284169e-25 -2.051135e-24 -3.997652e-24 -6.881020e-24 -1.047463e-23 -1.412211e-23 -1.688490e-23 -1.791923e-23 -1.688490e-23 -1.412211e-23 -1.047463e-23 -6.881020e-24 -3.997652e-24 -2.051135e-24 -9.284169e-25 -3.704489e-25 -1.302405e-25 -4.032812e-26 -1.098925e-26 -2.630595e-27 -5.510931e-28 -1.002615e-28 -1.559046e-29 -1.998561e-30 -1.906042e-31 -7.592967e-33 1.846382e-33 5.916186e-34 1.088470e-34 1.570641e-35 1.921531e-36 2.058319e-37 1.963087e-38 1.683625e-39 1.306845e-40 9.221101e-42 5.932811e-43 3.488205e-44 1.876960e-45 9.251821e-47 4.179449e-48 1.730376e-49 6.563222e-51 2.278710e-52 7.232743e-54 2.095067e-55 5.525683e-57 1.323200e-58 2.866723e-60 5.594995e-62 9.785896e-64 1.524172e-65 2.097656e-67 2.526670e-69 2.631904e-71 2.334698e-73 1.728356e-75 1.038572e-77 3.988430e-80 3.252813e-83 2.890908e-87 2.511639e-92 0.000000e+00 0.000000e+00 0.000000e+00 0.000000e+00
0.000000e+00 0.000000e+00 0.000000e+00 4.871599e-95 2.158442e-89 1.231770e-84 9.162021e-81 8.356630e-78 1.728588e-75 2.382343e-73 2.741556e-71 2.687922e-69 2.280023e-67 1.693476e-65 1.111984e-63 6.505378e-62 3.412442e-60 1.613446e-58 6.905871e-57 2.685345e-55 9.513805e-54 3.078099e-52 9.110889e-51 2.470349e-49 6.141187e-48 1.400345e-46 2.928975e-45 5.617130e-44 9.868360e-43 1.585922e-41 2.326496e-40 3.105909e-39 3.757090e-38 4.091721e-37 3.972116e-36 3.379589e-35 2.438992e-34 1.378167e-33 4.389951e-33 -2.129809e-32 -5.338556e-31 -5.858353e-30 -4.818870e-29 -3.281830e-28 -1.917225e-27 -9.760576e-27 -4.363918e-26 -1.720067e-25 -5.987972e-25 -1.842639e-24 -5.014319e-24 -1.207208e-23 -2.573097e-23 -4.860881e-23 -8.151025e-23 -1.215371e-22 -1.614237e-22 -1.912642e-22 -2.023667e-22 -1.912642e-22 -1.614237e-22 -1.215371e-22 -8.151025e-23 -4.860881e-23 -2.573097e-23 -1.207208e-23 -5.014319e-24 -1.842639e-24 -5.987972e-25 -1.720067e-25 -4.363918e-26 -9.760576e-27 -1.917225e-27 -3.281830e-28 -4.818870e-29 -5.858353e-30 -5.338556e-31 -2.129809e-32 4.389951e-33 1.378167e-33 2.438992e-34 3.379589e-35 3.972116e-36 4.091721e-37 3.757090e-38 3.105909e-39 2.326496e-40 1.585922e-41 9.868360e-43 5.617130e-44 2.928975e-45 1.400345e-46 6.141187e-48 2.470349e-49 9.110889e-51 3.078099e-52 9.513805e-54 2.685345e-55 6.905871e-57 1.613446e-58 3.412442e-60 6.505378e-62 1.111984e-63 1.693476e-65 2.280023e-67 2.687922e-69 2.741556e-71 2.382343e-73 1.728588e-75 8.356630e-78 9.162021e-81 1.231770e-84 2.158442e-89 4.871599e-95 0.000000e+00 0.000000e+00 0.000000e+00
0.000000e+00 0.000000e+00 3.004587e-98 4.110826e-92 9.031326e-87 3.407247e-82 1.884820e-78 1.364132e-75 2.335073e-73 2.741556e-71 2.743911e-69 2.377022e-67 1.803886e-65 1.210789e-63 7.244264e-62 3.888308e-60 1.882154e-58 8.252146e-57 3.288895e-55 1.195009e-53 3.967760e-52 1.206041e-50 3.360509e-49 8.591470e-48 2.016314e-46 4.344145e-45 8.589040e-44 1.557085e-42 2.584652e-41 3.920235e-40 5.416809e-39 6.789269e-38 7.669624e-37 7.731340e-36 6.837039e-35 5.130706e-34 3.009989e-33 9.782978e-33 -5.496513e-32 -1.386260e-30 -1.589735e-29 -1.375487e-28 -9.891179e-28 -6.121111e-27 -3.311364e-26 -1.578108e-25 -6.651357e-25 -2.483967e-24 -8.226429e-24 -2.417032e-23 -6.302583e-23 -1.459451e-22 -3.004347e-22 -5.506351e-22 -9.002533e-22 -1.315729e-21 -1.722439e-21 -2.023095e-21 -2.134286e-21 -2.023095e-21 -1.722439e-21 -1.315729e-21 -9.002533e-22 -5.506351e-22 -3.004347e-22 -1.459451e-22 -6.302583e-23 -2.417032e-23 -8.226429e-24 -2.483967e-24 -6.651357e-25 -1.578108e-25 -3.311364e-26 -6.121111e-27 -9.891179e-28 -1.375487e-28 -1.589735e-29 -1.386260e-30 -5.496513e-32 9.782978e-33 3.009989e-33 5.130706e-34 6.837039e-35 7.731340e-36 7.669624e-37 6.789269e-38 5.416809e-39 3.920235e-40 2.584652e-41 1.557085e-42 8.589040e-44 4.344145e-45 2.016314e-46 8.591470e-48 3.360509e-49 1.206041e-50 3.967760e-52 1.195009e-53 3.288895e-55 8.252146e-57 1.882154e-58 3.888308e-60 7.244264e-62 1.210789e-63 1.803886e-65 2.377022e-67 2.743911e-69 2.741556e-71 2.335073e-73 1.364132e-75 1.884820e-78 3.407247e-82 9.031326e-87 4.110826e-92 3.004587e-98 0.000000e+00 0.000000e+00
0.000000e+00 6.945107e-102 2.488315e-95 1.688284e-89 2.452294e-84 6.881069e-80 3.019776e-76 1.806587e-73 2.632396e-71 2.687922e-69 2.377022e-67 1.842256e-65 1.263412e-63 7.726984e-62 4.241582e-60 2.100851e-58 9.429993e-57 3.849824e-55 1.433711e-53 4.882034e-52 1.522862e-50 4.357510e-49 1.144832e-47 2.763092e-46 6.126923e-45 1.247782e-43 2.332040e-42 3.994360e-41 6.257332e-40 8.938831e-39 1.159481e-37 1.356965e-36 1.418547e-35 1.302077e-34 1.014651e-33 6.172826e-33 2.046915e-32 -1.311364e-31 -3.346114e-30 -4.004417e-29 -3.636336e-28 -2.753775e-27 -1.799888e-26 -1.031267e-25 -5.219962e-25 -2.343380e-24 -9.348264e-24 -3.316674e-23 -1.046933e-22 -2.941061e-22 -7.356628e-22 -1.640018e-21 -3.263252e-21 -5.806868e-21 -9.262634e-21 -1.327651e-20 -1.713820e-20 -1.995990e-20 -2.099739e-20 -1.995990e-20 -1.713820e-20 -1.327651e-20 -9.262634e-21 -5.806868e-21 -3.263252e-21 -1.640018e-21 -7.356628e-22 -2.941061e-22 -1.046933e-22 -3.316674e-23 -9.348264e-24 -2.343380e-24 -5.219962e-25 -1.031267e-25 -1.799888e-26 -2.753775e-27 -3.636336e-28 -4.004417e-29 -3.346114e-30 -1.311364e-31 2.046915e-32 6.172826e-33 1.014651e-33 1.302077e-34 1.418547e-35 1.356965e-36 1.159481e-37 8.938831e-39 6.257332e-40 3.994360e-41 2.332040e-42 1.247782e-43 6.126923e-45 2.763092e-46 1.144832e-47 4.357510e-49 1.522862e-50 4.882034e-52 1.433711e-53 3.849824e-55 9.429993e-57 2.100851e-58 4.241582e-60 7.726984e-62 1.263412e-63 1.842256e-65 2.377022e-67 2.687922e-69 2.632396e-71 1.806587e-73 3.019776e-76 6.881069e-80 2.452294e-84 1.688284e-89 2.488315e-95 6.945107e-102 0.000000e+00
0.000000e+00 5.642146e-99 1.002553e-92 4.497748e-87 4.859549e-82 1.081829e-77 3.923554e-74 1.995807e-71 2.527207e-69 2.280023e-67 1.803886e-65 1.263412e-63 7.894883e-62 4.429987e-60 2.243990e-58 1.030645e-56 4.307667e-55 1.643267e-53 5.735155e-52 1.834711e-50 5.387481e-49 1.453518e-47 3.605042e-46 8.220800e-45 1.723072e-43 3.317008e-42 5.856979e-41 9.467136e-40 1.396744e-38 1.872938e-37 2.268174e-36 2.455929e-35 2.336895e-34 1.888606e-33 1.190183e-32 4.026792e-32 -2.903324e-31 -7.524950e-30 -9.385059e-29 -8.926238e-28 -7.101751e-27 -4.889381e-26 -2.958345e-25 -1.585313e-24 -7.553966e-24 -3.206816e-23 -1.213900e-22 -4.098672e-22 -1.234641e-21 -3.319233e-21 -7.970260e-21 -1.711690e-20 -3.294075e-20 -5.694483e-20 -8.866859e-20 -1.246996e-19 -1.587821e-19 -1.834048e-19 -1.924067e-19 -1.834048e-19 -1.587821e-19 -1.246996e-19 -8.866859e-20 -5.694483e-20 -3.294075e-20 -1.711690e-20 -7.970260e-21 -3.319233e-21 -1.234641e-21 -4.098672e-22 -1.213900e-22 -3.206816e-23 -7.553966e-24 -1.585313e-24 -2.958345e-25 -4.889381e-26 -7.101751e-27 -8.926238e-28 -9.385059e-29 -7.524950e-30 -2.903324e-31 4.026792e-32 1.190183e-32 1.888606e-33 2.336895e-34 2.455929e-35 2.268174e-36 1.872938e-37 1.396744e-38 9.467136e-40 5.856979e-41 3.317008e-42 1.723072e-43 8.220800e-45 3.605042e-46 1.453518e-47 5.387481e-49 1.834711e-50 5.735155e-52 1.643267e-53 4.307667e-55 1.030645e-56 2.243990e-58 4.429987e-60 7.894883e-62 1.263412e-63 1.803886e-65 2.280023e-67 2.527207e-69 1.995807e-71 3.923554e-74 1.081829e-77 4.859549e-82 4.497748e-87 1.002553e-92 5.642146e-99 0.000000e+00
0.000000e+00 2.228977e-96 2.619134e-90 8.741028e-85 7.493516e-80 1.378724e-75 4.250660e-72 1.876830e-69 2.098157e-67 1.693476e-65 1.210789e-63 7.726984e-62 4.429987e-60 2.293822e-58 1.077454e-56 4.607902e-55 1.799583e-53 6.433581e-52 2.109461e-50 6.352583e-49 1.758824e-47 4.479604e-46 1.049723e-44 2.262634e-43 4.482722e-42 8.152733e-41 1.358465e-39 2.067891e-38 2.863579e-37 3.584578e-36 4.015565e-35 3.956304e-34 3.312114e-33 2.159959e-32 7.457501e-32 -5.982957e-31 -1.579771e-29 -2.050727e-28 -2.039073e-27 -1.700654e-26 -1.230333e-25 -7.840305e-25 -4.435204e-24 -2.236140e-23 -1.006799e-22 -4.051477e-22 -1.457578e-21 -4.688582e-21 -1.348778e-20 -3.472060e-20 -8.007224e-20 -1.657318e-19 -3.086107e-19 -5.185030e-19 -7.884431e-19 -1.088351e-18 -1.367357e-18 -1.566692e-18 -1.639162e-18 -1.566692e-18 -1.367357e-18 -1.088351e-18 -7.884431e-19 -5.185030e-19 -3.086107e-19 -1.657318e-19 -8.007224e-20 -3.472060e-20 -1.348778e-20 -4.688582e-21 -1.457578e-21 -4.051477e-22 -1.006799e-22 -2.236140e-23 -4.435204e-24 -7.840305e-25 -1.230333e-25 -1.700654e-26 -2.039073e-27 -2.050727e-28 -1.579771e-29 -5.982957e-31 7.457501e-32 2.159959e-32 3.312114e-33 3.956304e-34 4.015565e-35 3.584578e-36 2.863579e-37 2.067891e-38 1.358465e-39 8.152733e-41 4.482722e-42 2.262634e-43 1.049723e-44 4.479604e-46 1.758824e-47 6.352583e-49 2.109461e-50 6.433581e-52 1.799583e-53 4.607902e-55 1.077454e-56 2.293822e-58 4.429987e-60 7.726984e-62 1.210789e-63 1.693476e-65 2.098157e-67 1.876830e-69 4.250660e-72 1.378724e-75 7.493516e-80 8.741028e-85 2.619134e-90 2.228977e-96 0.000000e+00
0.000000e+00 5.707170e-94 4.989213e-88 1.321305e-82 9.362660e-78 1.464455e-73 3.918194e-70 1.525591e-67 1.524574e-65 1.111984e-63 7.244264e-62 4.241582e-60 2.243990e-58 1.077454e-56 4.712525e-55 1.883187e-53 6.892493e-52 2.314930e-50 7.145153e-49 2.028813e-47 5.302659e-46 1.276005e-44 2.826299e-43 5.758224e-42 1.077767e-40 1.849656e-39 2.902364e-38 4.146555e-37 5.359815e-36 6.205344e-35 6.323418e-34 5.477823e-33 3.693285e-32 1.301618e-31 -1.150402e-30 -3.101421e-29 -4.185334e-28 -4.343116e-27 -3.789715e-26 -2.874580e-25 -1.924662e-24 -1.146346e-23 -6.098217e-23 -2.903195e-22 -1.237939e-21 -4.729022e-21 -1.618427e-20 -4.962432e-20 -1.363787e-19 -3.362415e-19 -7.449085e-19 -1.486293e-18 -2.678724e-18 -4.375436e-18 -6.499456e-18 -8.808410e-18 -1.092145e-17 -1.241462e-17 -1.295450e-17 -1.241462e-17 -1.092145e-17 -8.808410e-18 -6.499456e-18 -4.375436e-18 -2.678724e-18 -1.486293e-18 -7.449085e-19 -3.362415e-19 -1.363787e-19 -4.962432e-20 -1.618427e-20 -4.729022e-21 -1.237939e-21 -2.903195e-22 -6.098217e-23 -1.146346e-23 -1.924662e-24 -2.874580e-25 -3.789715e-26 -4.343116e-27 -4.185334e-28 -3.101421e-29 -1.150402e-30 1.301618e-31 3.693285e-32 5.477823e-33 6.323418e-34 6.205344e-35 5.359815e-36 4.146555e-37 2.902364e-38 1.849656e-39 1.077767e-40 5.758224e-42 2.826299e-43 1.276005e-44 5.302659e-46 2.028813e-47 7.145153e-49 2.314930e-50 6.892493e-52 1.883187e-53 4.712525e-55 1.077454e-56 2.243990e-58 4.241582e-60 7.244264e-62 1.111984e-63 1.524574e-65 1.525591e-67 3.918194e-70 1.464455e-73 9.362660e-78 1.321305e-82 4.989213e-88 5.707170e-94 0.000000e+00
0.000000e+00 1.065018e-91 7.388854e-86 1.617580e-80 9.745206e-76 1.322899e-71 3.120468e-68 1.084814e-65 9.788728e-64 6.505378e-62 3.888308e-60 2.100851e-58 1.030645e-56 4.607902e-55 1.883187e-53 7.052570e-52 2.424992e-50 7.667006e-49 2.231257e-47 5.980778e-46 1.476889e-44 3.359177e-43 7.032731e-42 1.353616e-40 2.390703e-39 3.863601e-38 5.689666e-37 7.586964e-36 9.068991e-35 9.548676e-34 8.550651e-33 5.955201e-32 2.143158e-31 -2.068109e-30 -5.702344e-29 -7.990700e-28 -8.640001e-27 -7.873170e-26 -6.248917e-25 -4.386356e-24 -2.744216e-23 -1.536388e-22 -7.712893e-22 -3.474767e-21 -1.405089e-20 -5.099273e-20 -1.660737e-19 -4.854664e-19 -1.274604e-18 -3.009755e-18 -6.405354e-18 -1.232115e-17 -2.149566e-17 -3.414094e-17 -4.955116e-17 -6.594427e-17 -8.070387e-17 -9.102071e-17 -9.473070e-17 -9.102071e-17 -8.070387e-17 -6.594427e-17 -4.955116e-17 -3.414094e-17 -2.149566e-17 -1.232115e-17 -6.405354e-18 -3.009755e-18 -1.274604e-18 -4.854664e-19 -1.660737e-19 -5.099273e-20 -1.405089e-20 -3.474767e-21 -7.712893e-22 -1.536388e-22 -2.744216e-23 -4.386356e-24 -6.248917e-25 -7.873170e-26 -8.640001e-27 -7.990700e-28 -5.702344e-29 -2.068109e-30 2.143158e-31 5.955201e-32 8.550651e-33 9.548676e-34 9.068991e-35 7.586964e-36 5.689666e-37 3.863601e-38 2.390703e-39 1.353616e-40 7.032731e-42 3.359177e-43 1.476889e-44 5.980778e-46 2.231257e-47 7.667006e-49 2.424992e-50 7.052570e-52 1.883187e-53 4.607902e-55 1.030645e-56 2.100851e-58 3.888308e-60 6.505378e-62 9.788728e-64 1.084814e-65 3.120468e-68 1.322899e-71 9.745206e-76 1.617580e-80 7.388854e-86 1.065018e-91 0.000000e+00
0.000000e+00 1.544367e-89 8.857916e-84 1.648902e-78 8.622310e-74 1.031979e-69 2.172930e-66 6.812725e-64 5.596754e-62 3.412442e-60 1.882154e-58 9.429993e-57 4.307667e-55 1.799583e-53 6.892493e-52 2.424992e-50 7.849226e-49 2.339871e-47 6.428240e-46 1.627933e-44 3.799709e-43 8.168770e-42 1.615633e-40 2.934268e-39 4.879977e-38 7.401152e-37 1.017209e-35 1.254211e-34 1.363129e-33 1.260613e-32 9.062081e-32 3.331779e-31 -3.481892e-30 -9.831878e-29 -1.429112e-27 -1.607745e-26 -1.527414e-25 -1.266192e-24 -9.299290e-24 -6.097916e-23 -3.584721e-22 -1.892959e-21 -8.986514e-21 -3.835850e-20 -1.471860e-19 -5.075736e-19 -1.573048e-18 -4.382968e-18 -1.099082e-17 -2.484983e-17 -5.079363e-17 -9.418391e-17 -1.590539e-16 -2.456527e-16 -3.483853e-16 -4.553306e-16 -5.500649e-16 -6.155682e-16 -6.389958e-16 -6.155682e-16 -5.500649e-16 -4.553306e-16 -3.483853e-16 -2.456527e-16 -1.590539e-16 -9.418391e-17 -5.079363e-17 -2.484983e-17 -1.099082e-17 -4.382968e-18 -1.573048e-18 -5.075736e-19 -1.471860e-19 -3.835850e-20 -8.986514e-21 -1.892959e-21 -3.584721e-22 -6.097916e-23 -9.299290e-24 -1.266192e-24 -1.527414e-25 -1.607745e-26 -1.429112e-27 -9.831878e-29 -3.481892e-30 3.331779e-31 9.062081e-32 1.260613e-32 1.363129e-33 1.254211e-34 1.017209e-35 7.401152e-37 4.879977e-38 2.934268e-39 1.615633e-40 8.168770e-42 3.799709e-43 1.627933e-44 6.428240e-46 2.339871e-47 7.849226e-49 2.424992e-50 6.892493e-52 1.799583e-53 4.307667e-55 9.429993e-57 1.882154e-58 3.412442e-60 5.596754e-62 6.812725e-64 2.172930e-66 1.031979e-69 8.622310e-74 1.648902e-78 8.857916e-84 1.544367e-89 0.000000e+00
0.000000e+00 1.811885e-87 8.837510e-82 1.428047e-76 6.584590e-72 7.035364e-68 1.335667e-64 3.807938e-62 2.867695e-60 1.613446e-58 8.252146e-57 3.849824e-55 1.643267e-53 6.433581e-52 2.314930e-50 7.667006e-49 2.339871e-47 6.584653e-46 1.709104e-44 4.091053e-43 9.025417e-42 1.833008e-40 3.420815e-39 5.850121e-38 9.130259e-37 1.292282e-35 1.642128e-34 1.840625e-33 1.756369e-32 1.302246e-31 4.894082e-31 -5.497690e-30 -1.591465e-28 -2.397127e-27 -2.802050e-26 -2.771085e-25 -2.395222e-24 -1.837183e-23 -1.260221e-22 -7.762420e-22 -4.302062e-21 -2.146998e-20 -9.649335e-20 -3.904332e-19 -1.421696e-18 -4.657625e-18 -1.372996e-17 -3.644423e-17 -8.723540e-17 -1.887562e-16 -3.704093e-16 -6.618829e-16 -1.081777e-15 -1.624524e-15 -2.251170e-15 -2.889459e-15 -3.445692e-15 -3.826119e-15 -3.961441e-15 -3.826119e-15 -3.445692e-15 -2.889459e-15 -2.251170e-15 -1.624524e-15 -1.081777e-15 -6.618829e-16 -3.704093e-16 -1.887562e-16 -8.723540e-17 -3.644423e-17 -1.372996e-17 -4.657625e-18 -1.421696e-18 -3.904332e-19 -9.649335e-20 -2.146998e-20 -4.302062e-21 -7.762420e-22 -1.260221e-22 -1.837183e-23 -2.395222e-24 -2.771085e-25 -2.802050e-26 -2.397127e-27 -1.591465e-28 -5.497690e-30 4.894082e-31 1.302246e-31 1.756369e-32 1.840625e-33 1.642128e-34 1.292282e-35 9.130259e-37 5.850121e-38 3.420815e-39 1.833008e-40 9.025417e-42 4.091053e-43 1.709104e-44 6.584653e-46 2.339871e-47 7.667006e-49 2.314930e-50 6.433581e-52 1.643267e-53 3.849824e-55 8.252146e-57 1.613446e-58 2.867695e-60 3.807938e-62 1.335667e-64 7.035364e-68 6.584590e-72 1.428047e-76 8.837510e-82 1.811885e-87 0.000000e+00
0.000000e+00 1.768155e-85 7.487100e-80 1.066916e-74 4.392115e-70 4.231536e-66 7.303356e-63 1.906367e-60 1.323681e-58 6.905871e-57 3.288895e-55 1.433711e-53 5.735155e-52 2.109461e-50 7.145153e-49 2.231257e-47 6.428240e-46 1.709104e-44 4.193008e-43 9.486570e-42 1.977105e-40 3.788801e-39 6.657918e-38 1.068472e-36 1.556166e-35 2.036277e-34 2.351915e-33 2.313763e-32 1.768212e-31 6.796967e-31 -8.150254e-30 -2.420770e-28 -3.774897e-27 -4.579095e-26 -4.707276e-25 -4.235872e-24 -3.387472e-23 -2.426330e-22 -1.562933e-21 -9.072434e-21 -4.749420e-20 -2.242366e-19 -9.544548e-19 -3.660579e-18 -1.264396e-17 -3.932593e-17 -1.101773e-16 -2.783578e-16 -6.354700e-16 -1.314864e-15 -2.475568e-15 -4.260766e-15 -6.737104e-15 -9.834675e-15 -1.331397e-14 -1.678046e-14 -1.975160e-14 -2.176129e-14 -2.247222e-14 -2.176129e-14 -1.975160e-14 -1.678046e-14 -1.331397e-14 -9.834675e-15 -6.737104e-15 -4.260766e-15 -2.475568e-15 -1.314864e-15 -6.354700e-16 -2.783578e-16 -1.101773e-16 -3.932593e-17 -1.264396e-17 -3.660579e-18 -9.544548e-19 -2.242366e-19 -4.749420e-20 -9.072434e-21 -1.562933e-21 -2.426330e-22 -3.387472e-23 -4.235872e-24 -4.707276e-25 -4.579095e-26 -3.774897e-27 -2.420770e-28 -8.150254e-30 6.796967e-31 1.768212e-31 2.313763e-32 2.351915e-33 2.036277e-34 1.556166e-35 1.068472e-36 6.657918e-38 3.788801e-39 1.977105e-40 9.486570e-42 4.193008e-43 1.709104e-44 6.428240e-46 2.231257e-47 7.145153e-49 2.109461e-50 5.735155e-52 1.433711e-53 3.288895e-55 6.905871e-57 1.323681e-58 1.906367e-60 7.303356e-63 4.231536e-66 4.392115e-70 1.066916e-74 7.487100e-80 1.768155e-85 0.000000e+00
0.000000e+00 1.464364e-83 5.468796e-78 6.958464e-73 2.583278e-68 2.262763e-64 3.574798e-61 8.592642e-59 5.527828e-57 2.685346e-55 1.195009e-53 4.882034e-52 1.834711e-50 6.352583e-49 2.028813e-47 5.980778e-46 1.627933e-44 4.091053e-43 9.486570e-42 2.027590e-40 3.987251e-39 7.194705e-38 1.186402e-36 1.776716e-35 2.392180e-34 2.844867e-33 2.883171e-32 2.269623e-31 8.929758e-31 -1.135540e-29 -3.463058e-28 -5.585864e-27 -7.023433e-26 -7.495215e-25 -7.011488e-24 -5.837101e-23 -4.358445e-22 -2.930864e-21 -1.778563e-20 -9.747365e-20 -4.824447e-19 -2.155495e-18 -8.687350e-18 -3.156245e-17 -1.033227e-16 -3.047601e-16 -8.105029e-16 -1.946600e-15 -4.233261e-15 -8.366968e-15 -1.509992e-14 -2.501352e-14 -3.824117e-14 -5.423945e-14 -7.170905e-14 -8.872448e-14 -1.030623e-13 -1.126511e-13 -1.160239e-13 -1.126511e-13 -1.030623e-13 -8.872448e-14 -7.170905e-14 -5.423945e-14 -3.824117e-14 -2.501352e-14 -1.509992e-14 -8.366968e-15 -4.233261e-15 -1.946600e-15 -8.105029e-16 -3.047601e-16 -1.033227e-16 -3.156245e-17 -8.687350e-18 -2.155495e-18 -4.824447e-19 -9.747365e-20 -1.778563e-20 -2.930864e-21 -4.358445e-22 -5.837101e-23 -7.011488e-24 -7.495215e-25 -7.023433e-26 -5.585864e-27 -3.463058e-28 -1.135540e-29 8.929758e-31 2.269623e-31 2.883171e-32 2.844867e-33 2.392180e-34 1.776716e-35 1.186402e-36 7.194705e-38 3.987251e-39 2.027590e-40 9.486570e-42 4.091053e-43 1.627933e-44 5.980778e-46 2.028813e-47 6.352583e-49 1.834711e-50 4.882034e-52 1.195009e-53 2.685346e-55 5.527828e-57 8.592642e-59 3.574798e-61 2.262763e-64 2.583278e-68 6.958464e-73 5.468796e-78 1.464364e-83 0.000000e+00
0.000000e+00 1.044994e-81 3.485039e-76 3.999379e-71 1.350029e-66 1.082509e-62 1.574455e-59 3.501915e-57 2.095931e-55 9.513807e-54 3.967760e-52 1.522862e-50 5.387481e-49 1.758824e-47 5.302659e-46 1.476889e-44 3.799709e-43 9.025417e-42 1.977105e-40 3.987251e-39 7.383001e-38 1.250118e-36 1.923640e-35 2.663037e-34 3.258411e-33 3.399476e-32 2.754951e-31 1.110287e-30 -1.488024e-29 -4.662428e-28 -7.772644e-27 -1.011914e-25 -1.119678e-24 -1.087415e-23 -9.410564e-23 -7.313876e-22 -5.126022e-21 -3.246365e-20 -1.859214e-19 -9.628464e-19 -4.506540e-18 -1.904726e-17 -7.263391e-17 -2.497125e-16 -7.736946e-16 -2.160867e-15 -5.446156e-15 -1.241359e-14 -2.567491e-14 -4.840371e-14 -8.362750e-14 -1.331906e-13 -1.967057e-13 -2.708841e-13 -3.495430e-13 -4.243731e-13 -4.863211e-13 -5.272634e-13 -5.415797e-13 -5.272634e-13 -4.863211e-13 -4.243731e-13 -3.495430e-13 -2.708841e-13 -1.967057e-13 -1.331906e-13 -8.362750e-14 -4.840371e-14 -2.567491e-14 -1.241359e-14 -5.446156e-15 -2.160867e-15 -7.736946e-16 -2.497125e-16 -7.263391e-17 -1.904726e-17 -4.506540e-18 -9.628464e-19 -1.859214e-19 -3.246365e-20 -5.126022e-21 -7.313876e-22 -9.410564e-23 -1.087415e-23 -1.119678e-24 -1.011914e-25 -7.772644e-27 -4.662428e-28 -1.488024e-29 1.110287e-30 2.754951e-31 3.399476e-32 3.258411e-33 2.663037e-34 1.923640e-35 1.250118e-36 7.383001e-38 3.987251e-39 1.977105e-40 9.025417e-42 3.799709e-43 1.476889e-44 5.302659e-46 1.758824e-47 5.387481e-49 1.522862e-50 3.967760e-52 9.513807e-54 2.095931e-55 3.501915e-57 1.574455e-59 1.082509e-62 1.350029e-66 3.999379e-71 3.485039e-76 1.044994e-81 0.000000e+00
0.000000e+00 6.501962e-80 1.955910e-74 2.041160e-69 6.308111e-65 4.657024e-61 6.266171e-58 1.294976e-55 7.235901e-54 3.078099e-52 1.206041e-50 4.357510e-49 1.453518e-47 4.479604e-46 1.276005e-44 3.359177e-43 8.168770e-42 1.833008e-40 3.788801e-39 7.194705e-38 1.250118e-36 1.975242e-35 2.809652e-34 3.534586e-33 3.793573e-32 3.163295e-31 1.306928e-30 -1.835104e-29 -5.910876e-28 -1.017670e-26 -1.370448e-25 -1.570490e-24 -1.581532e-23 -1.420882e-22 -1.147824e-21 -8.371971e-21 -5.524612e-20 -3.300843e-19 -1.785513e-18 -8.738712e-18 -3.866064e-17 -1.544402e-16 -5.565173e-16 -1.807583e-15 -5.290741e-15 -1.396272e-14 -3.327747e-14 -7.182774e-14 -1.409957e-13 -2.530557e-13 -4.178378e-13 -6.388663e-13 -9.102999e-13 -1.215803e-12 -1.529855e-12 -1.821247e-12 -2.057977e-12 -2.212480e-12 -2.266166e-12 -2.212480e-12 -2.057977e-12 -1.821247e-12 -1.529855e-12 -1.215803e-12 -9.102999e-13 -6.388663e-13 -4.178378e-13 -2.530557e-13 -1.409957e-13 -7.182774e-14 -3.327747e-14 -1.396272e-14 -5.290741e-15 -1.807583e-15 -5.565173e-16 -1.544402e-16 -3.866064e-17 -8.738712e-18 -1.785513e-18 -3.300843e-19 -5.524612e-20 -8.371971e-21 -1.147824e-21 -1.420882e-22 -1.581532e-23 -1.570490e-24 -1.370448e-25 -1.017670e-26 -5.910876e-28 -1.835104e-29 1.306928e-30 3.163295e-31 3.793573e-32 3.534586e-33 2.809652e-34 1.975242e-35 1.250118e-36 7.194705e-38 3.788801e-39 1.833008e-40 8.168770e-42 3.359177e-43 1.276005e-44 4.479604e-46 1.453518e-47 4.357510e-49 1.206041e-50 3.078099e-52 7.235901e-54 1.294976e-55 6.266171e-58 4.657024e-61 6.308111e-65 2.041160e-69 1.955910e-74 6.501962e-80 0.000000e+00
0.000000e+00 3.560523e-78 9.741155e-73 9.308131e-68 2.648860e-63 1.809258e-59 2.261380e-56 4.357360e-54 2.279760e-52 9.110891e-51 3.360509e-49 1.144832e-47 3.605042e-46 1.049723e-44 2.826299e-43 7.032731e-42 1.615633e-40 3.420815e-39 6.657918e-38 1.186402e-36 1.923640e-35 2.809652e-34 3.631704e-33 4.007277e-32 3.436529e-31 1.456805e-30 -2.130865e-29 -7.059413e-28 -1.254351e-26 -1.745623e-25 -2.069615e-24 -2.158624e-23 -2.010872e-22 -1.686248e-21 -1.278184e-20 -8.775908e-20 -5.461877e-19 -3.081029e-18 -1.574188e-17 -7.277231e-17 -3.040041e-16 -1.146147e-15 -3.895526e-15 -1.192746e-14 -3.289799e-14 -8.181539e-14 -1.838633e-13 -3.747385e-13 -6.962184e-13 -1.186532e-12 -1.868002e-12 -2.736204e-12 -3.754483e-12 -4.855590e-12 -5.949895e-12 -6.937888e-12 -7.724140e-12 -8.230231e-12 -8.404867e-12 -8.230231e-12 -7.724140e-12 -6.937888e-12 -5.949895e-12 -4.855590e-12 -3.754483e-12 -2.736204e-12 -1.868002e-12 -1.186532e-12 -6.962184e-13 -3.747385e-13 -1.838633e-13 -8.181539e-14 -3.289799e-14 -1.192746e-14 -3.895526e-15 -1.146147e-15 -3.040041e-16 -7.277231e-17 -1.574188e-17 -3.081029e-18 -5.461877e-19 -8.775908e-20 -1.278184e-20 -1.686248e-21 -2.010872e-22 -2.158624e-23 -2.069615e-24 -1.745623e-25 -1.254351e-26 -7.059413e-28 -2.130865e-29 1.456805e-30 3.436529e-31 4.007277e-32 3.631704e-33 2.809652e-34 1.923640e-35 1.186402e-36 6.657918e-38 3.420815e-39 1.615633e-40 7.032731e-42 2.826299e-43 1.049723e-44 3.605042e-46 1.144832e-47 3.360509e-49 9.110891e-51 2.279760e-52 4.357360e-54 2.261380e-56 1.809258e-59 2.648860e-63 9.308131e-68 9.741155e-73 3.560523e-78 0.000000e+00
0.000000e+00 1.729029e-76 4.331852e-71 3.812013e-66 1.003783e-61 6.369434e-58 7.420958e-55 1.337103e-52 6.566403e-51 2.470350e-49 8.591470e-48 2.763092e-46 8.220800e-45 2.262634e-43 5.758224e-42 1.353616e-40 2.934268e-39 5.850121e-38 1.068472e-36 1.776716e-35 2.663037e-34 3.534586e-33 4.007277e-32 3.532707e-31 1.538005e-30 -2.330437e-29 -7.945159e-28 -1.456026e-26 -2.092188e-25 -2.563783e-24 -2.766634e-23 -2.669272e-22 -2.320731e-21 -1.825838e-20 -1.302571e-19 -8.432682e-19 -4.953324e-18 -2.637985e-17 -1.272298e-16 -5.549197e-16 -2.185410e-15 -7.760017e-15 -2.481448e-14 -7.141351e-14 -1.850026e-13 -4.320204e-13 -9.120469e-13 -1.748626e-12 -3.063453e-12 -4.940189e-12 -7.391363e-12 -1.034077e-11 -1.362661e-11 -1.702277e-11 -2.027054e-11 -2.311218e-11 -2.532016e-11 -2.671863e-11 -2.719730e-11 -2.671863e-11 -2.532016e-11 -2.311218e-11 -2.027054e-11 -1.702277e-11 -1.362661e-11 -1.034077e-11 -7.391363e-12 -4.940189e-12 -3.063453e-12 -1.748626e-12 -9.120469e-13 -4.320204e-13 -1.850026e-13 -7.141351e-14 -2.481448e-14 -7.760017e-15 -2.185410e-15 -5.549197e-16 -1.272298e-16 -2.637985e-17 -4.953324e-18 -8.432682e-19 -1.302571e-19 -1.825838e-20 -2.320731e-21 -2.669272e-22 -2.766634e-23 -2.563783e-24 -2.092188e-25 -1.456026e-26 -7.945159e-28 -2.330437e-29 1.538005e-30 3.532707e-31 4.007277e-32 3.534586e-33 2.663037e-34 1.776716e-35 1.068472e-36 5.850121e-38 2.934268e-39 1.353616e-40 5.758224e-42 2.262634e-43 8.220800e-45 2.763092e-46 8.591470e-48 2.470350e-49 6.566403e-51 1.337103e-52 7.420958e-55 6.369434e-58 1.003783e-61 3.812013e-66 4.331852e-71 1.729029e-76 0.000000e+00
0.000000e+00 7.491602e-75 1.728732e-69 1.407845e-64 3.444449e-60 2.037566e-56 2.219332e-53 3.748280e-51 1.731256e-49 6.141189e-48 2.016314e-46 6.126923e-45 1.723072e-43 4.482722e-42 1.077767e-40 2.390703e-39 4.879977e-38 9.130259e-37 1.556166e-35 2.392180e-34 3.258411e-33 3.793573e-32 3.436529e-31 1.538005e-30 -2.400980e-29 -8.428428e-28 -1.592111e-26 -2.360237e-25 -2.986637e-24 -3.331247e-23 -3.325239e-22 -2.994078e-21 -2.442034e-20 -1.807971e-19 -1.215921e-18 -7.427209e-18 -4.117256e-17 -2.068752e-16 -9.406866e-16 -3.864157e-15 -1.431392e-14 -4.773541e-14 -1.431375e-13 -3.856996e-13 -9.344153e-13 -2.039242e-12 -4.023963e-12 -7.220122e-12 -1.186669e-11 -1.801729e-11 -2.549554e-11 -3.391245e-11 -4.273284e-11 -5.136305e-11 -5.923223e-11 -6.585017e-11 -7.083702e-11 -7.393003e-11 -7.497747e-11 -7.393003e-11 -7.083702e-11 -6.585017e-11 -5.923223e-11 -5.136305e-11 -4.273284e-11 -3.391245e-11 -2.549554e-11 -1.801729e-11 -1.186669e-11 -7.220122e-12 -4.023963e-12 -2.039242e-12 -9.344153e-13 -3.856996e-13 -1.431375e-13 -4.773541e-14 -1.431392e-14 -3.864157e-15 -9.406866e-16 -2.068752e-16 -4.117256e-17 -7.427209e-18 -1.215921e-18 -1.807971e-19 -2.442034e-20 -2.994078e-21 -3.325239e-22 -3.331247e-23 -2.986637e-24 -2.360237e-25 -1.592111e-26 -8.428428e-28 -2.400980e-29 1.538005e-30 3.436529e-31 3.793573e-32 3.258411e-33 2.392180e-34 1.556166e-35 9.130259e-37 4.879977e-38 2.390703e-39 1.077767e-40 4.482722e-42 1.723072e-43 6.126923e-45 2.016314e-46 6.141189e-48 1.731256e-49 3.748280e-51 2.219332e-53 2.037566e-56 3.444449e-60 1.407845e-64 1.728732e-69 7.491602e-75 0.000000e+00
