0.000000e+00 3.314877e-111 1.140081e-105 1.352715e-100 4.733824e-96 3.946299e-92 5.985229e-89 1.392375e-86 8.737856e-85 4.170072e-83 1.834865e-81 7.458342e-80 2.806164e-78 9.788632e-77 3.169880e-75 9.539607e-74 2.670132e-72 6.955020e-71 1.686489e-69 3.807632e-68 8.003700e-67 1.565951e-65 2.850408e-64 4.823453e-63 7.580268e-62 1.104798e-60 1.490556e-59 1.856948e-58 2.128938e-57 2.235419e-56 2.134596e-55 1.833026e-54 1.388038e-53 8.904211e-53 4.343208e-52 8.796743e-52 -1.221959e-50 -2.092993e-49 -2.104594e-48 -1.676817e-47 -1.139453e-46 -6.797700e-46 -3.609687e-45 -1.718494e-44 -7.363540e-44 -2.845662e-43 -9.928446e-43 -3.128716e-42 -8.906221e-42 -2.290211e-41 -5.320388e-41 -1.116830e-40 -2.119221e-40 -3.637133e-40 -5.649940e-40 -7.949939e-40 -1.013999e-39 -1.173077e-39 -1.231411e-39 -1.173077e-39 -1.013999e-39 -7.949939e-40 -5.649940e-40 -3.637133e-40 -2.119221e-40 -1.116830e-40 -5.320388e-41 -2.290211e-41 -8.906221e-42 -3.128716e-42 -9.928446e-43 -2.845662e-43 -7.363540e-44 -1.718494e-44 -3.609687e-45 -6.797700e-46 -1.139453e-46 -1.676817e-47 -2.104594e-48 -2.092993e-49 -1.221959e-50 8.796743e-52 4.343208e-52 8.904211e-53 1.388038e-53 1.833026e-54 2.134596e-55 2.235419e-56 2.128938e-57 1.856948e-58 1.490556e-59 1.104798e-60 7.580268e-62 4.823453e-63 2.850408e-64 1.565951e-65 8.003700e-67 3.807632e-68 1.686489e-69 6.955020e-71 2.670132e-72 9.539607e-74 3.169880e-75 9.788632e-77 2.806164e-78 7.458342e-80 1.834865e-81 4.170072e-83 8.737856e-85 1.392375e-86 5.985229e-89 3.946299e-92 4.733824e-96 1.352715e-100 1.140081e-105 3.314877e-111 0.000000e+00
0.000000e+00 1.771446e-105 5.498014e-100 5.935463e-95 1.902870e-90 1.461628e-86 2.052651e-83 4.441581e-81 2.605345e-79 1.166854e-77 4.831573e-76 1.852520e-74 6.587959e-73 2.175862e-71 6.681367e-70 1.909002e-68 5.078201e-67 1.258166e-65 2.903784e-64 6.242707e-63 1.249848e-61 2.329230e-60 4.037596e-59 6.503450e-58 9.720074e-57 1.345508e-55 1.720658e-54 2.025728e-53 2.184714e-52 2.142494e-51 1.887981e-50 1.463630e-49 9.547392e-49 4.617670e-48 6.785143e-48 -1.840308e-46 -2.956581e-45 -3.012358e-44 -2.471453e-43 -1.741493e-42 -1.081958e-41 -6.002899e-41 -2.994405e-40 -1.347920e-39 -5.486381e-39 -2.021205e-38 -6.742597e-38 -2.037046e-37 -5.573858e-37 -1.381457e-36 -3.102091e-36 -6.314006e-36 -1.165683e-35 -1.953678e-35 -2.975388e-35 -4.121754e-35 -5.198289e-35 -5.972998e-35 -6.255756e-35 -5.972998e-35 -5.198289e-35 -4.121754e-35 -2.975388e-35 -1.953678e-35 -1.165683e-35 -6.314006e-36 -3.102091e-36 -1.381457e-36 -5.573858e-37 -2.037046e-37 -6.742597e-38 -2.021205e-38 -5.486381e-39 -1.347920e-39 -2.994405e-40 -6.002899e-41 -1.081958e-41 -1.741493e-42 -2.471453e-43 -3.012358e-44 -2.956581e-45 -1.840308e-46 6.785143e-48 4.617670e-48 9.547392e-49 1.463630e-49 1.887981e-50 2.142494e-51 2.184714e-52 2.025728e-53 1.720658e-54 1.345508e-55 9.720074e-57 6.503450e-58 4.037596e-59 2.329230e-60 1.249848e-61 6.242707e-63 2.903784e-64 1.258166e-65 5.078201e-67 1.909002e-68 6.681367e-70 2.175862e-71 6.587959e-73 1.852520e-74 4.831573e-76 1.166854e-77 2.605345e-79 4.441581e-81 2.052651e-83 1.461628e-86 1.902870e-90 5.935463e-95 5.498014e-100 1.771446e-105 0.000000e+00
0.000000e+00 3.491416e-100 9.859577e-95 9.751200e-90 2.880469e-85 2.048618e-81 2.675049e-78 5.403097e-76 2.971502e-74 1.252215e-72 4.890281e-71 1.772020e-69 5.965785e-68 1.868085e-66 5.445211e-65 1.478368e-63 3.739969e-62 8.817588e-61 1.937394e-59 3.966160e-58 7.561460e-57 1.341564e-55 2.212799e-54 3.388345e-53 4.807541e-52 6.304136e-51 7.612690e-50 8.422224e-49 8.470664e-48 7.647533e-47 6.057147e-46 4.004714e-45 1.902632e-44 1.355612e-44 -1.055395e-42 -1.621137e-41 -1.675023e-40 -1.413346e-39 -1.030722e-38 -6.653688e-38 -3.847210e-37 -2.005154e-36 -9.453430e-36 -4.039220e-35 -1.565642e-34 -5.507580e-34 -1.758609e-33 -5.097371e-33 -1.341351e-32 -3.205356e-32 -6.959261e-32 -1.373808e-31 -2.468242e-31 -4.040602e-31 -6.034387e-31 -8.231307e-31 -1.026629e-30 -1.171730e-30 -1.224445e-30 -1.171730e-30 -1.026629e-30 -8.231307e-31 -6.034387e-31 -4.040602e-31 -2.468242e-31 -1.373808e-31 -6.959261e-32 -3.205356e-32 -1.341351e-32 -5.097371e-33 -1.758609e-33 -5.507580e-34 -1.565642e-34 -4.039220e-35 -9.453430e-36 -2.005154e-36 -3.847210e-37 -6.653688e-38 -1.030722e-38 -1.413346e-39 -1.675023e-40 -1.621137e-41 -1.055395e-42 1.355612e-44 1.902632e-44 4.004714e-45 6.057147e-46 7.647533e-47 8.470664e-48 8.422224e-49 7.612690e-50 6.304136e-51 4.807541e-52 3.388345e-53 2.212799e-54 1.341564e-55 7.561460e-57 3.966160e-58 1.937394e-59 8.817588e-61 3.739969e-62 1.478368e-63 5.445211e-65 1.868085e-66 5.965785e-68 1.772020e-69 4.890281e-71 1.252215e-72 2.971502e-74 5.403097e-76 2.675049e-78 2.048618e-81 2.880469e-85 9.751200e-90 9.859577e-95 3.491416e-100 0.000000e+00
0.000000e+00 2.217758e-95 5.737487e-90 5.228454e-85 1.430041e-80 9.456270e-77 1.152180e-73 2.178877e-71 1.126420e-69 4.476325e-68 1.651879e-66 5.665803e-65 1.808181e-63 5.373823e-62 1.488164e-60 3.841644e-59 9.246251e-58 2.074868e-56 4.340035e-55 8.458150e-54 1.534705e-52 2.589968e-51 4.059452e-50 5.897990e-49 7.922359e-48 9.801934e-47 1.111090e-45 1.144499e-44 1.056939e-43 8.534900e-43 5.699071e-42 2.627939e-41 -8.684895e-42 -2.015158e-39 -2.998180e-38 -3.143020e-37 -2.724064e-36 -2.052328e-35 -1.373647e-34 -8.257741e-34 -4.485268e-33 -2.208485e-32 -9.875644e-32 -4.014230e-31 -1.483824e-30 -4.988472e-30 -1.525396e-29 -4.243023e-29 -1.073902e-28 -2.474415e-28 -5.194462e-28 -9.945582e-28 -1.739008e-27 -2.780856e-27 -4.072863e-27 -5.471046e-27 -6.748589e-27 -7.651204e-27 -7.977620e-27 -7.651204e-27 -6.748589e-27 -5.471046e-27 -4.072863e-27 -2.780856e-27 -1.739008e-27 -9.945582e-28 -5.194462e-28 -2.474415e-28 -1.073902e-28 -4.243023e-29 -1.525396e-29 -4.988472e-30 -1.483824e-30 -4.014230e-31 -9.875644e-32 -2.208485e-32 -4.485268e-33 -8.257741e-34 -1.373647e-34 -2.052328e-35 -2.724064e-36 -3.143020e-37 -2.998180e-38 -2.015158e-39 -8.684895e-42 2.627939e-41 5.699071e-42 8.534900e-43 1.056939e-43 1.144499e-44 1.111090e-45 9.801934e-47 7.922359e-48 5.897990e-49 4.059452e-50 2.589968e-51 1.534705e-52 8.458150e-54 4.340035e-55 2.074868e-56 9.246251e-58 3.841644e-59 1.488164e-60 5.373823e-62 1.808181e-63 5.665803e-65 1.651879e-66 4.476325e-68 1.126420e-69 2.178877e-71 1.152180e-73 9.456270e-77 1.430041e-80 5.228454e-85 5.737487e-90 2.217758e-95 0.000000e+00
0.000000e+00 3.777087e-91 9.003587e-86 7.596924e-81 1.931906e-76 1.191975e-72 1.359271e-69 2.412866e-67 1.175143e-65 4.412091e-64 1.540939e-62 5.009354e-61 1.517054e-59 4.282648e-58 1.127438e-56 2.768400e-55 6.340424e-54 1.354145e-52 2.695707e-51 4.998360e-50 8.623406e-49 1.382295e-47 2.054644e-46 2.824258e-45 3.576355e-44 4.148732e-43 4.370969e-42 4.122392e-41 3.386539e-40 2.274774e-39 1.001943e-38 -1.803599e-38 -1.064977e-36 -1.548921e-35 -1.647789e-34 -1.465179e-33 -1.138457e-32 -7.884780e-32 -4.917226e-31 -2.776689e-30 -1.424181e-29 -6.646249e-29 -2.824476e-28 -1.093482e-27 -3.856984e-27 -1.239540e-26 -3.629840e-26 -9.688079e-26 -2.357918e-25 -5.237327e-25 -1.062836e-24 -1.973368e-24 -3.357657e-24 -5.244442e-24 -7.532496e-24 -9.964128e-24 -1.215571e-23 -1.368996e-23 -1.424225e-23 -1.368996e-23 -1.215571e-23 -9.964128e-24 -7.532496e-24 -5.244442e-24 -3.357657e-24 -1.973368e-24 -1.062836e-24 -5.237327e-25 -2.357918e-25 -9.688079e-26 -3.629840e-26 -1.239540e-26 -3.856984e-27 -1.093482e-27 -2.824476e-28 -6.646249e-29 -1.424181e-29 -2.776689e-30 -4.917226e-31 -7.884780e-32 -1.138457e-32 -1.465179e-33 -1.647789e-34 -1.548921e-35 -1.064977e-36 -1.803599e-38 1.001943e-38 2.274774e-39 3.386539e-40 4.122392e-41 4.370969e-42 4.148732e-43 3.576355e-44 2.824258e-45 2.054644e-46 1.382295e-47 8.623406e-49 4.998360e-50 2.695707e-51 1.354145e-52 6.340424e-54 2.768400e-55 1.127438e-56 4.282648e-58 1.517054e-59 5.009354e-61 1.540939e-62 4.412091e-64 1.175143e-65 2.412866e-67 1.359271e-69 1.191975e-72 1.931906e-76 7.596924e-81 9.003587e-86 3.777087e-91 0.000000e+00
0.000000e+00 1.349155e-87 2.977806e-82 2.336137e-77 5.543218e-73 3.200867e-69 3.424999e-66 5.719372e-64 2.629083e-62 9.340604e-61 3.091479e-59 9.535285e-58 2.742519e-56 7.358581e-55 1.842286e-53 4.303663e-52 9.378718e-51 1.905793e-49 3.608446e-48 6.359456e-47 1.041689e-45 1.582696e-44 2.224235e-43 2.879788e-42 3.415014e-41 3.675394e-40 3.534639e-39 2.947605e-38 1.983132e-37 8.165259e-37 -3.210663e-36 -1.216971e-34 -1.742451e-33 -1.881453e-32 -1.714495e-31 -1.371805e-30 -9.813607e-30 -6.336272e-29 -3.711677e-28 -1.978382e-27 -9.610576e-27 -4.258299e-26 -1.721522e-25 -6.350544e-25 -2.137605e-24 -6.565691e-24 -1.840605e-23 -4.711623e-23 -1.102183e-22 -2.358880e-22 -4.625633e-22 -8.325591e-22 -1.378105e-21 -2.102053e-21 -2.960325e-21 -3.855919e-21 -4.652019e-21 -5.204202e-21 -5.402050e-21 -5.204202e-21 -4.652019e-21 -3.855919e-21 -2.960325e-21 -2.102053e-21 -1.378105e-21 -8.325591e-22 -4.625633e-22 -2.358880e-22 -1.102183e-22 -4.711623e-23 -1.840605e-23 -6.565691e-24 -2.137605e-24 -6.350544e-25 -1.721522e-25 -4.258299e-26 -9.610576e-27 -1.978382e-27 -3.711677e-28 -6.336272e-29 -9.813607e-30 -1.371805e-30 -1.714495e-31 -1.881453e-32 -1.742451e-33 -1.216971e-34 -3.210663e-36 8.165259e-37 1.983132e-37 2.947605e-38 3.534639e-39 3.675394e-40 3.415014e-41 2.879788e-42 2.224235e-43 1.582696e-44 1.041689e-45 6.359456e-47 3.608446e-48 1.905793e-49 9.378718e-51 4.303663e-52 1.842286e-53 7.358581e-55 2.742519e-56 9.535285e-58 3.091479e-59 9.340604e-61 2.629083e-62 5.719372e-64 3.424999e-66 3.200867e-69 5.543218e-73 2.336137e-77 2.977806e-82 1.349155e-87 0.000000e+00
0.000000e+00 7.765155e-85 1.593755e-79 1.166807e-74 2.591477e-70 1.404264e-66 1.413170e-63 2.224293e-61 9.666661e-60 3.254503e-58 1.021975e-56 2.993601e-55 8.183293e-54 2.088023e-52 4.972989e-51 1.105303e-49 2.291548e-48 4.428364e-47 7.968211e-46 1.333008e-44 2.068997e-43 2.970895e-42 3.930270e-41 4.761020e-40 5.230149e-39 5.124027e-38 4.331704e-37 2.909843e-36 1.092999e-35 -7.660464e-35 -2.306787e-33 -3.275476e-32 -3.593619e-31 -3.354929e-30 -2.761744e-29 -2.038265e-28 -1.360572e-27 -8.254437e-27 -4.564084e-26 -2.303405e-25 -1.061830e-24 -4.472242e-24 -1.721040e-23 -6.050941e-23 -1.943624e-22 -5.704542e-22 -1.530465e-21 -3.756145e-21 -8.442431e-21 -1.740438e-20 -3.297059e-20 -5.751709e-20 -9.260954e-20 -1.379403e-19 -1.904738e-19 -2.442944e-19 -2.914773e-19 -3.239015e-19 -3.354653e-19 -3.239015e-19 -2.914773e-19 -2.442944e-19 -1.904738e-19 -1.379403e-19 -9.260954e-20 -5.751709e-20 -3.297059e-20 -1.740438e-20 -8.442431e-21 -3.756145e-21 -1.530465e-21 -5.704542e-22 -1.943624e-22 -6.050941e-23 -1.721040e-23 -4.472242e-24 -1.061830e-24 -2.303405e-25 -4.564084e-26 -8.254437e-27 -1.360572e-27 -2.038265e-28 -2.761744e-29 -3.354929e-30 -3.593619e-31 -3.275476e-32 -2.306787e-33 -7.660464e-35 1.092999e-35 2.909843e-36 4.331704e-37 5.124027e-38 5.230149e-39 4.761020e-40 3.930270e-41 2.970895e-42 2.068997e-43 1.333008e-44 7.968211e-46 4.428364e-47 2.291548e-48 1.105303e-49 4.972989e-51 2.088023e-52 8.183293e-54 2.993601e-55 1.021975e-56 3.254503e-58 9.666661e-60 2.224293e-61 1.413170e-63 1.404264e-66 2.591477e-70 1.166807e-74 1.593755e-79 7.765155e-85 0.000000e+00
0.000000e+00 7.932890e-83 1.520670e-77 1.042948e-72 2.175607e-68 1.109681e-64 1.053107e-61 1.566141e-59 6.449003e-58 2.061552e-56 6.152930e-55 1.714386e-53 4.460362e-52 1.083607e-50 2.457667e-49 5.201500e-48 1.026529e-46 1.887062e-45 3.226400e-44 5.119833e-43 7.518315e-42 1.017362e-40 1.260584e-39 1.415913e-38 1.416601e-37 1.218707e-36 8.235008e-36 2.868714e-35 -2.916952e-34 -7.986357e-33 -1.142574e-31 -1.281518e-30 -1.229756e-29 -1.043697e-28 -7.958491e-28 -5.498203e-27 -3.457640e-26 -1.984523e-25 -1.041049e-24 -4.994830e-24 -2.192313e-23 -8.802437e-23 -3.232690e-22 -1.085780e-21 -3.335461e-21 -9.374240e-21 -2.411904e-20 -5.686970e-20 -1.230664e-19 -2.448812e-19 -4.490517e-19 -7.607284e-19 -1.193609e-18 -1.738909e-18 -2.357635e-18 -2.980818e-18 -3.520184e-18 -3.887674e-18 -4.018175e-18 -3.887674e-18 -3.520184e-18 -2.980818e-18 -2.357635e-18 -1.738909e-18 -1.193609e-18 -7.607284e-19 -4.490517e-19 -2.448812e-19 -1.230664e-19 -5.686970e-20 -2.411904e-20 -9.374240e-21 -3.335461e-21 -1.085780e-21 -3.232690e-22 -8.802437e-23 -2.192313e-23 -4.994830e-24 -1.041049e-24 -1.984523e-25 -3.457640e-26 -5.498203e-27 -7.958491e-28 -1.043697e-28 -1.229756e-29 -1.281518e-30 -1.142574e-31 -7.986357e-33 -2.916952e-34 2.868714e-35 8.235008e-36 1.218707e-36 1.416601e-37 1.415913e-38 1.260584e-39 1.017362e-40 7.518315e-42 5.119833e-43 3.226400e-44 1.887062e-45 1.026529e-46 5.201500e-48 2.457667e-49 1.083607e-50 4.460362e-52 1.714386e-53 6.152930e-55 2.061552e-56 6.449003e-58 1.566141e-59 1.053107e-61 1.109681e-64 2.175607e-68 1.042948e-72 1.520670e-77 7.932890e-83 0.000000e+00
0.000000e+00 3.938315e-81 7.082731e-76 4.569309e-71 8.985707e-67 4.328773e-63 3.886233e-60 5.476537e-58 2.142469e-56 6.519286e-55 1.853703e-53 4.923741e-52 1.221733e-50 2.831391e-49 6.126004e-48 1.236512e-46 2.325970e-45 4.071423e-44 6.617863e-43 9.959625e-42 1.381920e-40 1.756623e-39 2.025006e-38 2.079813e-37 1.836281e-36 1.270461e-35 4.435347e-35 -5.033233e-34 -1.386815e-32 -2.038883e-31 -2.359205e-30 -2.340218e-29 -2.056156e-28 -1.625290e-27 -1.165433e-26 -7.616435e-26 -4.548521e-25 -2.485778e-24 -1.244000e-23 -5.702055e-23 -2.393671e-22 -9.200980e-22 -3.237853e-21 -1.043044e-20 -3.076369e-20 -8.311399e-20 -2.058707e-19 -4.681458e-19 -9.790714e-19 -1.887361e-18 -3.362034e-18 -5.549281e-18 -8.510513e-18 -1.215931e-17 -1.622350e-17 -2.025660e-17 -2.370849e-17 -2.604293e-17 -2.686884e-17 -2.604293e-17 -2.370849e-17 -2.025660e-17 -1.622350e-17 -1.215931e-17 -8.510513e-18 -5.549281e-18 -3.362034e-18 -1.887361e-18 -9.790714e-19 -4.681458e-19 -2.058707e-19 -8.311399e-20 -3.076369e-20 -1.043044e-20 -3.237853e-21 -9.200980e-22 -2.393671e-22 -5.702055e-23 -1.244000e-23 -2.485778e-24 -4.548521e-25 -7.616435e-26 -1.165433e-26 -1.625290e-27 -2.056156e-28 -2.340218e-29 -2.359205e-30 -2.038883e-31 -1.386815e-32 -5.033233e-34 4.435347e-35 1.270461e-35 1.836281e-36 2.079813e-37 2.025006e-38 1.756623e-39 1.381920e-40 9.959625e-42 6.617863e-43 4.071423e-44 2.325970e-45 1.236512e-46 6.126004e-48 2.831391e-49 1.221733e-50 4.923741e-52 1.853703e-53 6.519286e-55 2.142469e-56 5.476537e-58 3.886233e-60 4.328773e-63 8.985707e-67 4.569309e-71 7.082731e-76 3.938315e-81 0.000000e+00
0.000000e+00 1.766635e-79 2.989627e-74 1.818927e-69 3.379722e-65 1.540771e-61 1.310766e-58 1.752882e-56 6.523182e-55 1.891486e-53 5.128477e-52 1.299518e-50 3.076861e-49 6.804300e-48 1.404449e-46 2.702865e-45 4.842806e-44 8.061664e-43 1.243189e-41 1.768482e-40 2.305979e-39 2.728281e-38 2.877181e-37 2.608857e-36 1.852250e-35 6.566513e-35 -7.979233e-34 -2.241106e-32 -3.392845e-31 -4.051971e-30 -4.154348e-29 -3.777205e-28 -3.093197e-27 -2.300458e-26 -1.561058e-25 -9.691054e-25 -5.511778e-24 -2.873895e-23 -1.374003e-22 -6.022737e-22 -2.419790e-21 -8.908743e-21 -3.004882e-20 -9.285688e-20 -2.629729e-19 -6.830046e-19 -1.628763e-18 -3.572186e-18 -7.220709e-18 -1.348651e-17 -2.334118e-17 -3.754381e-17 -5.628948e-17 -7.888593e-17 -1.035962e-16 -1.277583e-16 -1.482105e-16 -1.619400e-16 -1.667795e-16 -1.619400e-16 -1.482105e-16 -1.277583e-16 -1.035962e-16 -7.888593e-17 -5.628948e-17 -3.754381e-17 -2.334118e-17 -1.348651e-17 -7.220709e-18 -3.572186e-18 -1.628763e-18 -6.830046e-19 -2.629729e-19 -9.285688e-20 -3.004882e-20 -8.908743e-21 -2.419790e-21 -6.022737e-22 -1.374003e-22 -2.873895e-23 -5.511778e-24 -9.691054e-25 -1.561058e-25 -2.300458e-26 -3.093197e-27 -3.777205e-28 -4.154348e-29 -4.051971e-30 -3.392845e-31 -2.241106e-32 -7.979233e-34 6.566513e-35 1.852250e-35 2.608857e-36 2.877181e-37 2.728281e-38 2.305979e-39 1.768482e-40 1.243189e-41 8.061664e-43 4.842806e-44 2.702865e-45 1.404449e-46 6.804300e-48 3.076861e-49 1.299518e-50 5.128477e-52 1.891486e-53 6.523182e-55 1.752882e-56 1.310766e-58 1.540771e-61 3.379722e-65 1.818927e-69 2.989627e-74 1.766635e-79 0.000000e+00
0.000000e+00 7.323681e-78 1.168967e-72 6.720851e-68 1.181947e-63 5.106523e-60 4.121476e-57 5.235439e-55 1.854852e-53 5.128481e-52 1.326514e-50 3.207369e-49 7.246434e-48 1.528770e-46 3.008557e-45 5.514908e-44 9.397002e-43 1.484047e-41 2.163133e-40 2.891597e-39 3.509063e-38 3.797350e-37 3.534061e-36 2.573670e-35 9.271175e-35 -1.199591e-33 -3.437311e-32 -5.355304e-31 -6.595483e-30 -6.982478e-29 -6.562793e-28 -5.561590e-27 -4.284857e-26 -3.015302e-25 -1.943278e-24 -1.148608e-23 -6.230592e-23 -3.102260e-22 -1.417602e-21 -5.943191e-21 -2.285146e-20 -8.055688e-20 -2.603296e-19 -7.713177e-19 -2.096287e-18 -5.231108e-18 -1.200340e-17 -2.537782e-17 -4.955947e-17 -8.965474e-17 -1.507137e-16 -2.361886e-16 -3.461396e-16 -4.757677e-16 -6.149136e-16 -7.489615e-16 -8.611655e-16 -9.359279e-16 -9.621825e-16 -9.359279e-16 -8.611655e-16 -7.489615e-16 -6.149136e-16 -4.757677e-16 -3.461396e-16 -2.361886e-16 -1.507137e-16 -8.965474e-17 -4.955947e-17 -2.537782e-17 -1.200340e-17 -5.231108e-18 -2.096287e-18 -7.713177e-19 -2.603296e-19 -8.055688e-20 -2.285146e-20 -5.943191e-21 -1.417602e-21 -3.102260e-22 -6.230592e-23 -1.148608e-23 -1.943278e-24 -3.015302e-25 -4.284857e-26 -5.561590e-27 -6.562793e-28 -6.982478e-29 -6.595483e-30 -5.355304e-31 -3.437311e-32 -1.199591e-33 9.271175e-35 2.573670e-35 3.534061e-36 3.797350e-37 3.509063e-38 2.891597e-39 2.163133e-40 1.484047e-41 9.397002e-43 5.514908e-44 3.008557e-45 1.528770e-46 7.246434e-48 3.207369e-49 1.326514e-50 5.128481e-52 1.854852e-53 5.235439e-55 4.121476e-57 5.106523e-60 1.181947e-63 6.720851e-68 1.168967e-72 7.323681e-78 0.000000e+00
0.000000e+00 2.811402e-76 4.241090e-71 2.308192e-66 3.847548e-62 1.577264e-58 1.208914e-55 1.459828e-53 4.926899e-52 1.299519e-50 3.207369e-49 7.400061e-48 1.594968e-46 3.208202e-45 6.013630e-44 1.048312e-42 1.694594e-41 2.529509e-40 3.464540e-39 4.309908e-38 4.783187e-37 4.566488e-36 3.409700e-35 1.249097e-34 -1.711353e-33 -5.006644e-32 -8.022941e-31 -1.018155e-29 -1.112021e-28 -1.079391e-27 -9.455997e-27 -7.538624e-26 -5.494968e-25 -3.671830e-24 -2.252521e-23 -1.269433e-22 -6.573079e-22 -3.126559e-21 -1.365652e-20 -5.475097e-20 -2.013896e-19 -6.794353e-19 -2.102331e-18 -5.967920e-18 -1.555368e-17 -3.726313e-17 -8.221562e-17 -1.674532e-16 -3.157499e-16 -5.529757e-16 -9.025444e-16 -1.377608e-15 -1.972923e-15 -2.659116e-15 -3.381922e-15 -4.067789e-15 -4.635404e-15 -5.010756e-15 -5.142071e-15 -5.010756e-15 -4.635404e-15 -4.067789e-15 -3.381922e-15 -2.659116e-15 -1.972923e-15 -1.377608e-15 -9.025444e-16 -5.529757e-16 -3.157499e-16 -1.674532e-16 -8.221562e-17 -3.726313e-17 -1.555368e-17 -5.967920e-18 -2.102331e-18 -6.794353e-19 -2.013896e-19 -5.475097e-20 -1.365652e-20 -3.126559e-21 -6.573079e-22 -1.269433e-22 -2.252521e-23 -3.671830e-24 -5.494968e-25 -7.538624e-26 -9.455997e-27 -1.079391e-27 -1.112021e-28 -1.018155e-29 -8.022941e-31 -5.006644e-32 -1.711353e-33 1.249097e-34 3.409700e-35 4.566488e-36 4.783187e-37 4.309908e-38 3.464540e-39 2.529509e-40 1.694594e-41 1.048312e-42 6.013630e-44 3.208202e-45 1.594968e-46 7.400061e-48 3.207369e-49 1.299519e-50 4.926899e-52 1.459828e-53 1.208914e-55 1.577264e-58 3.847548e-62 2.308192e-66 4.241090e-71 2.811402e-76 0.000000e+00
0.000000e+00 1.001013e-74 1.429646e-69 7.376155e-65 1.166833e-60 4.543079e-57 3.309312e-54 3.800980e-52 1.222543e-50 3.076864e-49 7.246434e-48 1.594968e-46 3.277631e-45 6.279532e-44 1.119370e-42 1.851172e-41 2.828307e-40 3.966960e-39 5.056052e-38 5.751517e-37 5.629808e-36 4.308455e-35 1.606488e-34 -2.318153e-33 -6.928944e-32 -1.141424e-30 -1.491499e-29 -1.679159e-28 -1.681690e-27 -1.521484e-26 -1.253856e-25 -9.456326e-25 -6.544112e-24 -4.161588e-23 -2.433499e-22 -1.308651e-21 -6.470575e-21 -2.940369e-20 -1.227350e-19 -4.703356e-19 -1.653972e-18 -5.336102e-18 -1.579525e-17 -4.291889e-17 -1.071588e-16 -2.462396e-16 -5.219146e-16 -1.023206e-15 -1.861515e-15 -3.154026e-15 -4.995427e-15 -7.423015e-15 -1.038462e-14 -1.372036e-14 -1.716681e-14 -2.038685e-14 -2.302089e-14 -2.474925e-14 -2.535156e-14 -2.474925e-14 -2.302089e-14 -2.038685e-14 -1.716681e-14 -1.372036e-14 -1.038462e-14 -7.423015e-15 -4.995427e-15 -3.154026e-15 -1.861515e-15 -1.023206e-15 -5.219146e-16 -2.462396e-16 -1.071588e-16 -4.291889e-17 -1.579525e-17 -5.336102e-18 -1.653972e-18 -4.703356e-19 -1.227350e-19 -2.940369e-20 -6.470575e-21 -1.308651e-21 -2.433499e-22 -4.161588e-23 -6.544112e-24 -9.456326e-25 -1.253856e-25 -1.521484e-26 -1.681690e-27 -1.679159e-28 -1.491499e-29 -1.141424e-30 -6.928944e-32 -2.318153e-33 1.606488e-34 4.308455e-35 5.629808e-36 5.751517e-37 5.056052e-38 3.966960e-39 2.828307e-40 1.851172e-41 1.119370e-42 6.279532e-44 3.277631e-45 1.594968e-46 7.246434e-48 3.076864e-49 1.222543e-50 3.800980e-52 3.309312e-54 4.543079e-57 1.166833e-60 7.376155e-65 1.429646e-69 1.001013e-74 0.000000e+00
0.000000e+00 3.310243e-73 4.482520e-68 2.195150e-63 3.298705e-59 1.220802e-55 8.456191e-53 9.241486e-51 2.833330e-49 6.804307e-48 1.528770e-46 3.208202e-45 6.279532e-44 1.144102e-42 1.934765e-41 3.024139e-40 4.341437e-39 5.666207e-38 6.603270e-37 6.623750e-36 5.193707e-35 1.972928e-34 -2.983040e-33 -9.115235e-32 -1.542854e-30 -2.074407e-29 -2.405405e-28 -2.483460e-27 -2.318315e-26 -1.972994e-25 -1.537999e-24 -1.101099e-23 -7.250455e-23 -4.393946e-22 -2.451009e-21 -1.258139e-20 -5.940149e-20 -2.578010e-19 -1.027800e-18 -3.761955e-18 -1.263613e-17 -3.894408e-17 -1.101528e-16 -2.861494e-16 -6.836076e-16 -1.504861e-15 -3.060588e-15 -5.769419e-15 -1.011752e-14 -1.657075e-14 -2.544924e-14 -3.679234e-14 -5.025255e-14 -6.505525e-14 -8.004660e-14 -9.383029e-14 -1.049705e-13 -1.122218e-13 -1.147386e-13 -1.122218e-13 -1.049705e-13 -9.383029e-14 -8.004660e-14 -6.505525e-14 -5.025255e-14 -3.679234e-14 -2.544924e-14 -1.657075e-14 -1.011752e-14 -5.769419e-15 -3.060588e-15 -1.504861e-15 -6.836076e-16 -2.861494e-16 -1.101528e-16 -3.894408e-17 -1.263613e-17 -3.761955e-18 -1.027800e-18 -2.578010e-19 -5.940149e-20 -1.258139e-20 -2.451009e-21 -4.393946e-22 -7.250455e-23 -1.101099e-23 -1.537999e-24 -1.972994e-25 -2.318315e-26 -2.483460e-27 -2.405405e-28 -2.074407e-29 -1.542854e-30 -9.115235e-32 -2.983040e-33 1.972928e-34 5.193707e-35 6.623750e-36 6.603270e-37 5.666207e-38 4.341437e-39 3.024139e-40 1.934765e-41 1.144102e-42 6.279532e-44 3.208202e-45 1.528770e-46 6.804307e-48 2.833330e-49 9.241486e-51 8.456191e-53 1.220802e-55 3.298705e-59 2.195150e-63 4.482520e-68 3.310243e-73 0.000000e+00
0.000000e+00 1.017762e-71 1.308338e-66 6.087538e-62 8.696948e-58 3.061127e-54 2.017025e-51 2.097741e-49 6.130335e-48 1.404451e-46 3.008557e-45 6.013630e-44 1.119370e-42 1.934765e-41 3.092362e-40 4.541629e-39 6.066817e-38 7.239511e-37 7.438534e-36 5.974062e-35 2.314221e-34 -3.648103e-33 -1.140264e-31 -1.982152e-30 -2.740404e-29 -3.270474e-28 -3.478110e-27 -3.347170e-26 -2.939057e-25 -2.365792e-24 -1.750454e-23 -1.192232e-22 -7.479772e-22 -4.322923e-21 -2.300960e-20 -1.127335e-19 -5.080561e-19 -2.104543e-18 -8.007083e-18 -2.796374e-17 -8.960928e-17 -2.634686e-16 -7.110601e-16 -1.763283e-15 -4.024446e-15 -8.474248e-15 -1.651401e-14 -2.989247e-14 -5.046749e-14 -7.981261e-14 -1.187419e-13 -1.668729e-13 -2.223565e-13 -2.818668e-13 -3.408860e-13 -3.942454e-13 -4.368289e-13 -4.643134e-13 -4.738128e-13 -4.643134e-13 -4.368289e-13 -3.942454e-13 -3.408860e-13 -2.818668e-13 -2.223565e-13 -1.668729e-13 -1.187419e-13 -7.981261e-14 -5.046749e-14 -2.989247e-14 -1.651401e-14 -8.474248e-15 -4.024446e-15 -1.763283e-15 -7.110601e-16 -2.634686e-16 -8.960928e-17 -2.796374e-17 -8.007083e-18 -2.104543e-18 -5.080561e-19 -1.127335e-19 -2.300960e-20 -4.322923e-21 -7.479772e-22 -1.192232e-22 -1.750454e-23 -2.365792e-24 -2.939057e-25 -3.347170e-26 -3.478110e-27 -3.270474e-28 -2.740404e-29 -1.982152e-30 -1.140264e-31 -3.648103e-33 2.314221e-34 5.974062e-35 7.438534e-36 7.239511e-37 6.066817e-38 4.541629e-39 3.092362e-40 1.934765e-41 1.119370e-42 6.013630e-44 3.008557e-45 1.404451e-46 6.130335e-48 2.097741e-49 2.017025e-51 3.061127e-54 8.696948e-58 6.087538e-62 1.308338e-66 1.017762e-71 0.000000e+00
0.000000e+00 2.911749e-70 3.556998e-65 1.573755e-60 2.138793e-56 7.162457e-53 4.490116e-50 4.443572e-48 1.237413e-46 2.702868e-45 5.514908e-44 1.048312e-42 1.851172e-41 3.024139e-40 4.541629e-39 6.206505e-38 7.580085e-37 7.974372e-36 6.557866e-35 2.593232e-34 -4.241356e-33 -1.356769e-31 -2.421155e-30 -3.439859e-29 -4.222155e-28 -4.621685e-27 -4.581444e-26 -4.147032e-25 -3.443919e-24 -2.630998e-23 -1.851711e-22 -1.201411e-21 -7.186458e-21 -3.961985e-20 -2.012037e-19 -9.404964e-19 -4.043021e-18 -1.597005e-17 -5.791803e-17 -1.927355e-16 -5.883146e-16 -1.647405e-15 -4.234643e-15 -1.000541e-14 -2.177521e-14 -4.377722e-14 -8.159408e-14 -1.415834e-13 -2.297661e-13 -3.503566e-13 -5.042810e-13 -6.880841e-13 -8.935409e-13 -1.108115e-12 -1.316211e-12 -1.500992e-12 -1.646468e-12 -1.739514e-12 -1.771526e-12 -1.739514e-12 -1.646468e-12 -1.500992e-12 -1.316211e-12 -1.108115e-12 -8.935409e-13 -6.880841e-13 -5.042810e-13 -3.503566e-13 -2.297661e-13 -1.415834e-13 -8.159408e-14 -4.377722e-14 -2.177521e-14 -1.000541e-14 -4.234643e-15 -1.647405e-15 -5.883146e-16 -1.927355e-16 -5.791803e-17 -1.597005e-17 -4.043021e-18 -9.404964e-19 -2.012037e-19 -3.961985e-20 -7.186458e-21 -1.201411e-21 -1.851711e-22 -2.630998e-23 -3.443919e-24 -4.147032e-25 -4.581444e-26 -4.621685e-27 -4.222155e-28 -3.439859e-29 -2.421155e-30 -1.356769e-31 -4.241356e-33 2.593232e-34 6.557866e-35 7.974372e-36 7.580085e-37 6.206505e-38 4.541629e-39 3.024139e-40 1.851172e-41 1.048312e-42 5.514908e-44 2.702868e-45 1.237413e-46 4.443572e-48 4.490116e-50 7.162457e-53 2.138793e-56 1.573755e-60 3.556998e-65 2.911749e-70 0.000000e+00
0.000000e+00 7.756034e-69 9.011219e-64 3.793468e-59 4.906245e-55 1.563496e-51 9.324393e-49 8.777463e-47 2.327719e-45 4.842814e-44 9.397002e-43 1.694594e-41 2.828307e-40 4.341437e-39 6.066817e-38 7.580085e-37 8.161364e-36 6.870659e-35 2.776385e-34 -4.688931e-33 -1.535911e-31 -2.812493e-30 -4.103918e-29 -5.177295e-28 -5.828972e-27 -5.947449e-26 -5.545252e-25 -4.746972e-24 -3.741047e-23 -2.718233e-22 -1.822124e-21 -1.126942e-20 -6.428616e-20 -3.380326e-19 -1.637080e-18 -7.295261e-18 -2.988400e-17 -1.124200e-16 -3.880527e-16 -1.228335e-15 -3.564653e-15 -9.486535e-15 -2.317321e-14 -5.204624e-14 -1.077521e-13 -2.063367e-13 -3.669860e-13 -6.091104e-13 -9.481922e-13 -1.391384e-12 -1.934027e-12 -2.558041e-12 -3.232581e-12 -3.916828e-12 -4.564305e-12 -5.127930e-12 -5.565051e-12 -5.841827e-12 -5.936572e-12 -5.841827e-12 -5.565051e-12 -5.127930e-12 -4.564305e-12 -3.916828e-12 -3.232581e-12 -2.558041e-12 -1.934027e-12 -1.391384e-12 -9.481922e-13 -6.091104e-13 -3.669860e-13 -2.063367e-13 -1.077521e-13 -5.204624e-14 -2.317321e-14 -9.486535e-15 -3.564653e-15 -1.228335e-15 -3.880527e-16 -1.124200e-16 -2.988400e-17 -7.295261e-18 -1.637080e-18 -3.380326e-19 -6.428616e-20 -1.126942e-20 -1.822124e-21 -2.718233e-22 -3.741047e-23 -4.746972e-24 -5.545252e-25 -5.947449e-26 -5.828972e-27 -5.177295e-28 -4.103918e-29 -2.812493e-30 -1.535911e-31 -4.688931e-33 2.776385e-34 6.870659e-35 8.161364e-36 7.580085e-37 6.066817e-38 4.341437e-39 2.828307e-40 1.694594e-41 9.397002e-43 4.842814e-44 2.327719e-45 8.777463e-47 9.324393e-49 1.563496e-51 4.906245e-55 3.793468e-59 9.011219e-64 7.756034e-69 0.000000e+00
0.000000e+00 1.924279e-67 2.127653e-62 8.525829e-58 1.049582e-53 3.182681e-50 1.805047e-47 1.615106e-45 4.074578e-44 8.061678e-43 1.484047e-41 2.529509e-40 3.966960e-39 5.666207e-38 7.239511e-37 7.974372e-36 6.870659e-35 2.840241e-34 -4.929940e-33 -1.654455e-31 -3.107604e-30 -4.654634e-29 -6.031576e-28 -6.979918e-27 -7.325116e-26 -7.029623e-25 -6.198155e-24 -5.034856e-23 -3.773508e-22 -2.611067e-21 -1.668157e-20 -9.836769e-20 -5.350347e-19 -2.681914e-18 -1.237635e-17 -5.252182e-17 -2.047358e-16 -7.323075e-16 -2.401339e-15 -7.214694e-15 -1.985745e-14 -5.009207e-14 -1.159539e-13 -2.468264e-13 -4.846465e-13 -8.813022e-13 -1.491302e-12 -2.360734e-12 -3.515314e-12 -4.950921e-12 -6.629233e-12 -8.479406e-12 -1.040505e-11 -1.229459e-11 -1.403278e-11 -1.551143e-11 -1.663829e-11 -1.734343e-11 -1.758338e-11 -1.734343e-11 -1.663829e-11 -1.551143e-11 -1.403278e-11 -1.229459e-11 -1.040505e-11 -8.479406e-12 -6.629233e-12 -4.950921e-12 -3.515314e-12 -2.360734e-12 -1.491302e-12 -8.813022e-13 -4.846465e-13 -2.468264e-13 -1.159539e-13 -5.009207e-14 -1.985745e-14 -7.214694e-15 -2.401339e-15 -7.323075e-16 -2.047358e-16 -5.252182e-17 -1.237635e-17 -2.681914e-18 -5.350347e-19 -9.836769e-20 -1.668157e-20 -2.611067e-21 -3.773508e-22 -5.034856e-23 -6.198155e-24 -7.029623e-25 -7.325116e-26 -6.979918e-27 -6.031576e-28 -4.654634e-29 -3.107604e-30 -1.654455e-31 -4.929940e-33 2.840241e-34 6.870659e-35 7.974372e-36 7.239511e-37 5.666207e-38 3.966960e-39 2.529509e-40 1.484047e-41 8.061678e-43 4.074578e-44 1.615106e-45 1.805047e-47 3.182681e-50 1.049582e-53 8.525829e-58 2.127653e-62 1.924279e-67 0.000000e+00
0.000000e+00 4.447485e-66 4.681961e-61 1.786252e-56 2.093041e-52 6.037294e-49 3.253912e-46 2.764258e-44 6.623150e-43 1.243192e-41 2.163133e-40 3.464540e-39 5.056052e-38 6.603270e-37 7.438534e-36 6.557866e-35 2.776385e-34 -4.929940e-33 -1.695951e-31 -3.266475e-30 -5.019614e-29 -6.677328e-28 -7.937380e-27 -8.561967e-26 -8.451018e-25 -7.669203e-24 -6.416295e-23 -4.956263e-22 -3.537059e-21 -2.332261e-20 -1.420372e-19 -7.983983e-19 -4.138339e-18 -1.975780e-17 -8.678025e-17 -3.501968e-16 -1.296757e-15 -4.401027e-15 -1.367695e-14 -3.889678e-14 -1.012298e-13 -2.412485e-13 -5.273049e-13 -1.059806e-12 -1.965860e-12 -3.381174e-12 -5.421712e-12 -8.153154e-12 -1.156796e-11 -1.557701e-11 -2.001751e-11 -2.467356e-11 -2.930303e-11 -3.366417e-11 -3.753691e-11 -4.073667e-11 -4.312089e-11 -4.459012e-11 -4.508622e-11 -4.459012e-11 -4.312089e-11 -4.073667e-11 -3.753691e-11 -3.366417e-11 -2.930303e-11 -2.467356e-11 -2.001751e-11 -1.557701e-11 -1.156796e-11 -8.153154e-12 -5.421712e-12 -3.381174e-12 -1.965860e-12 -1.059806e-12 -5.273049e-13 -2.412485e-13 -1.012298e-13 -3.889678e-14 -1.367695e-14 -4.401027e-15 -1.296757e-15 -3.501968e-16 -8.678025e-17 -1.975780e-17 -4.138339e-18 -7.983983e-19 -1.420372e-19 -2.332261e-20 -3.537059e-21 -4.956263e-22 -6.416295e-23 -7.669203e-24 -8.451018e-25 -8.561967e-26 -7.937380e-27 -6.677328e-28 -5.019614e-29 -3.266475e-30 -1.695951e-31 -4.929940e-33 2.776385e-34 6.557866e-35 7.438534e-36 6.603270e-37 5.056052e-38 3.464540e-39 2.163133e-40 1.243192e-41 6.623150e-43 2.764258e-44 3.253912e-46 6.037294e-49 2.093041e-52 1.786252e-56 4.681961e-61 4.447485e-66 0.000000e+00
0.000000e+00 9.575604e-65 9.599883e-60 3.487069e-55 3.887998e-51 1.066094e-47 5.454237e-45 4.391350e-43 9.967831e-42 1.768486e-40 2.891597e-39 4.309908e-38 5.751517e-37 6.623750e-36 5.974062e-35 2.593232e-34 -4.688931e-33 -1.654455e-31 -3.266475e-30 -5.147472e-29 -7.025458e-28 -8.573231e-27 -9.499420e-26 -9.637393e-25 -8.995114e-24 -7.745187e-23 -6.161445e-22 -4.531505e-21 -3.081333e-20 -1.936457e-19 -1.123933e-18 -6.018815e-18 -2.970334e-17 -1.349090e-16 -5.631081e-16 -2.156830e-15 -7.569881e-15 -2.431362e-14 -7.139285e-14 -1.915365e-13 -4.695279e-13 -1.052622e-12 -2.162348e-12 -4.082973e-12 -7.117126e-12 -1.151469e-11 -1.739790e-11 -2.471072e-11 -3.321075e-11 -4.250451e-11 -5.211195e-11 -6.153948e-11 -7.034251e-11 -7.816567e-11 -8.475770e-11 -8.996442e-11 -9.370741e-11 -9.595691e-11 -9.670674e-11 -9.595691e-11 -9.370741e-11 -8.996442e-11 -8.475770e-11 -7.816567e-11 -7.034251e-11 -6.153948e-11 -5.211195e-11 -4.250451e-11 -3.321075e-11 -2.471072e-11 -1.739790e-11 -1.151469e-11 -7.117126e-12 -4.082973e-12 -2.162348e-12 -1.052622e-12 -4.695279e-13 -1.915365e-13 -7.139285e-14 -2.431362e-14 -7.569881e-15 -2.156830e-15 -5.631081e-16 -1.349090e-16 -2.970334e-17 -6.018815e-18 -1.123933e-18 -1.936457e-19 -3.081333e-20 -4.531505e-21 -6.161445e-22 -7.745187e-23 -8.995114e-24 -9.637393e-25 -9.499420e-26 -8.573231e-27 -7.025458e-28 -5.147472e-29 -3.266475e-30 -1.654455e-31 -4.688931e-33 2.593232e-34 5.974062e-35 6.623750e-36 5.751517e-37 4.309908e-38 2.891597e-39 1.768486e-40 9.967831e-42 4.391350e-43 5.454237e-45 1.066094e-47 3.887998e-51 3.487069e-55 9.599883e-60 9.575604e-65 0.000000e+00
0.000000e+00 1.920080e-63 1.833235e-58 6.338457e-54 6.720748e-50 1.749954e-46 8.483775e-44 6.456432e-42 1.383096e-40 2.305986e-39 3.509063e-38 4.783187e-37 5.629808e-36 5.193707e-35 2.314221e-34 -4.241356e-33 -1.535911e-31 -3.107604e-30 -5.019614e-29 -7.025458e-28 -8.796209e-27 -1.000562e-25 -1.042701e-24 -1.000290e-23 -8.858149e-23 -7.252094e-22 -5.492540e-21 -3.848564e-20 -2.493855e-19 -1.493380e-18 -8.255666e-18 -4.207976e-17 -1.974736e-16 -8.518692e-16 -3.372401e-15 -1.223125e-14 -4.057470e-14 -1.229294e-13 -3.397615e-13 -8.561215e-13 -1.966915e-12 -4.124776e-12 -7.913785e-12 -1.394223e-11 -2.266851e-11 -3.422351e-11 -4.830879e-11 -6.421688e-11 -8.096374e-11 -9.748220e-11 -1.128130e-10 -1.262438e-10 -1.373732e-10 -1.461027e-10 -1.525748e-10 -1.570829e-10 -1.599744e-10 -1.615642e-10 -1.620686e-10 -1.615642e-10 -1.599744e-10 -1.570829e-10 -1.525748e-10 -1.461027e-10 -1.373732e-10 -1.262438e-10 -1.128130e-10 -9.748220e-11 -8.096374e-11 -6.421688e-11 -4.830879e-11 -3.422351e-11 -2.266851e-11 -1.394223e-11 -7.913785e-12 -4.124776e-12 -1.966915e-12 -8.561215e-13 -3.397615e-13 -1.229294e-13 -4.057470e-14 -1.223125e-14 -3.372401e-15 -8.518692e-16 -1.974736e-16 -4.207976e-17 -8.255666e-18 -1.493380e-18 -2.493855e-19 -3.848564e-20 -5.492540e-21 -7.252094e-22 -8.858149e-23 -1.000290e-23 -1.042701e-24 -1.000562e-25 -8.796209e-27 -7.025458e-28 -5.019614e-29 -3.107604e-30 -1.535911e-31 -4.241356e-33 2.314221e-34 5.193707e-35 5.629808e-36 4.783187e-37 3.509063e-38 2.305986e-39 1.383096e-40 6.456432e-42 8.483775e-44 1.749954e-46 6.720748e-50 6.338457e-54 1.833235e-58 1.920080e-63 0.000000e+00
0.000000e+00 3.584041e-62 3.258193e-57 1.071696e-52 1.079537e-48 2.664857e-45 1.221065e-42 8.748708e-41 1.758170e-39 2.728290e-38 3.797350e-37 4.566488e-36 4.308455e-35 1.972928e-34 -3.648103e-33 -1.356769e-31 -2.812493e-30 -4.654634e-29 -6.677328e-28 -8.573231e-27 -1.000562e-25 -1.070421e-24 -1.054799e-23 -9.600585e-23 -8.083436e-22 -6.300193e-21 -4.545665e-20 -3.034971e-19 -1.873679e-18 -1.068463e-17 -5.620545e-17 -2.723255e-16 -1.213242e-15 -4.960799e-15 -1.858046e-14 -6.362150e-14 -1.987758e-13 -5.656993e-13 -1.464458e-12 -3.445843e-12 -7.370020e-12 -1.434563e-11 -2.547880e-11 -4.146162e-11 -6.216630e-11 -8.646318e-11 -1.123769e-10 -1.375188e-10 -1.596190e-10 -1.769792e-10 -1.887297e-10 -1.948663e-10 -1.961151e-10 -1.936972e-10 -1.890697e-10 -1.836933e-10 -1.788532e-10 -1.755371e-10 -1.743619e-10 -1.755371e-10 -1.788532e-10 -1.836933e-10 -1.890697e-10 -1.936972e-10 -1.961151e-10 -1.948663e-10 -1.887297e-10 -1.769792e-10 -1.596190e-10 -1.375188e-10 -1.123769e-10 -8.646318e-11 -6.216630e-11 -4.146162e-11 -2.547880e-11 -1.434563e-11 -7.370020e-12 -3.445843e-12 -1.464458e-12 -5.656993e-13 -1.987758e-13 -6.362150e-14 -1.858046e-14 -4.960799e-15 -1.213242e-15 -2.723255e-16 -5.620545e-17 -1.068463e-17 -1.873679e-18 -3.034971e-19 -4.545665e-20 -6.300193e-21 -8.083436e-22 -9.600585e-23 -1.054799e-23 -1.070421e-24 -1.000562e-25 -8.573231e-27 -6.677328e-28 -4.654634e-29 -2.812493e-30 -1.356769e-31 -3.648103e-33 1.972928e-34 4.308455e-35 4.566488e-36 3.797350e-37 2.728290e-38 1.758170e-39 8.748708e-41 1.221065e-42 2.664857e-45 1.079537e-48 1.071696e-52 3.258193e-57 3.584041e-62 0.000000e+00
0.000000e+00 6.223242e-61 5.383979e-56 1.683129e-51 1.608210e-47 3.754420e-44 1.619668e-41 1.085764e-39 2.026858e-38 2.877192e-37 3.534061e-36 3.409700e-35 1.606488e-34 -2.983040e-33 -1.140264e-31 -2.421155e-30 -4.103918e-29 -6.031576e-28 -7.937380e-27 -9.499420e-26 -1.042701e-24 -1.054799e-23 -9.861523e-23 -8.533868e-22 -6.840196e-21 -5.078544e-20 -3.491265e-19 -2.220557e-18 -1.305279e-17 -7.081323e-17 -3.539954e-16 -1.627648e-15 -6.869533e-15 -2.655535e-14 -9.380765e-14 -3.021107e-13 -8.849783e-13 -2.352941e-12 -5.668027e-12 -1.235643e-11 -2.437202e-11 -4.353800e-11 -7.061952e-11 -1.044381e-10 -1.416012e-10 -1.771307e-10 -2.057301e-10 -2.231219e-10 -2.269676e-10 -2.171596e-10 -1.955408e-10 -1.652812e-10 -1.301638e-10 -9.396639e-11 -6.003828e-11 -3.107943e-11 -9.084734e-12 4.612473e-12 9.258942e-12 4.612473e-12 -9.084734e-12 -3.107943e-11 -6.003828e-11 -9.396639e-11 -1.301638e-10 -1.652812e-10 -1.955408e-10 -2.171596e-10 -2.269676e-10 -2.231219e-10 -2.057301e-10 -1.771307e-10 -1.416012e-10 -1.044381e-10 -7.061952e-11 -4.353800e-11 -2.437202e-11 -1.235643e-11 -5.668027e-12 -2.352941e-12 -8.849783e-13 -3.021107e-13 -9.380765e-14 -2.655535e-14 -6.869533e-15 -1.627648e-15 -3.539954e-16 -7.081323e-17 -1.305279e-17 -2.220557e-18 -3.491265e-19 -5.078544e-20 -6.840196e-21 -8.533868e-22 -9.861523e-23 -1.054799e-23 -1.042701e-24 -9.499420e-26 -7.937380e-27 -6.031576e-28 -4.103918e-29 -2.421155e-30 -1.140264e-31 -2.983040e-33 1.606488e-34 3.409700e-35 3.534061e-36 2.877192e-37 2.026858e-38 1.085764e-39 1.619668e-41 3.754420e-44 1.608210e-47 1.683129e-51 5.383979e-56 6.223242e-61 0.000000e+00
0.000000e+00 1.004180e-59 8.260322e-55 2.450731e-50 2.216021e-46 4.874647e-43 1.968097e-40 1.221953e-38 2.081806e-37 2.608870e-36 2.573670e-35 1.249097e-34 -2.318153e-33 -9.115235e-32 -1.982152e-30 -3.439859e-29 -5.177295e-28 -6.979918e-27 -8.561967e-26 -9.637393e-25 -1.000290e-23 -9.600585e-23 -8.533868e-22 -7.030204e-21 -5.367757e-20 -3.797034e-19 -2.486450e-18 -1.505614e-17 -8.418489e-17 -4.339237e-16 -2.057850e-15 -8.959708e-15 -3.572852e-14 -1.301517e-13 -4.319134e-13 -1.301976e-12 -3.554679e-12 -8.765211e-12 -1.947073e-11 -3.888500e-11 -6.973317e-11 -1.122815e-10 -1.625039e-10 -2.118177e-10 -2.490902e-10 -2.640509e-10 -2.503504e-10 -2.070231e-10 -1.381549e-10 -5.127221e-11 4.472313e-11 1.413584e-10 2.317738e-10 3.112062e-10 3.769130e-10 4.277493e-10 4.636010e-10 4.848353e-10 4.918576e-10 4.848353e-10 4.636010e-10 4.277493e-10 3.769130e-10 3.112062e-10 2.317738e-10 1.413584e-10 4.472313e-11 -5.127221e-11 -1.381549e-10 -2.070231e-10 -2.503504e-10 -2.640509e-10 -2.490902e-10 -2.118177e-10 -1.625039e-10 -1.122815e-10 -6.973317e-11 -3.888500e-11 -1.947073e-11 -8.765211e-12 -3.554679e-12 -1.301976e-12 -4.319134e-13 -1.301517e-13 -3.572852e-14 -8.959708e-15 -2.057850e-15 -4.339237e-16 -8.418489e-17 -1.505614e-17 -2.486450e-18 -3.797034e-19 -5.367757e-20 -7.030204e-21 -8.533868e-22 -9.600585e-23 -1.000290e-23 -9.637393e-25 -8.561967e-26 -6.979918e-27 -5.177295e-28 -3.439859e-29 -1.982152e-30 -9.115235e-32 -2.318153e-33 1.249097e-34 2.573670e-35 2.608870e-36 2.081806e-37 1.221953e-38 1.968097e-40 4.874647e-43 2.216021e-46 2.450731e-50 8.260322e-55 1.004180e-59 0.000000e+00
0.000000e+00 1.503700e-58 1.174479e-53 3.299713e-49 2.813852e-45 5.799506e-42 2.170231e-39 1.225763e-37 1.838158e-36 1.852264e-35 9.271176e-35 -1.711353e-33 -6.928944e-32 -1.542854e-30 -2.740404e-29 -4.222155e-28 -5.828972e-27 -7.325116e-26 -8.451018e-25 -8.995114e-24 -8.858149e-23 -8.083436e-22 -6.840196e-21 -5.367757e-20 -3.904744e-19 -2.630999e-18 -1.640147e-17 -9.446073e-17 -5.017317e-16 -2.452823e-15 -1.101123e-14 -4.527481e-14 -1.700126e-13 -5.812142e-13 -1.802717e-12 -5.054146e-12 -1.275831e-11 -2.887970e-11 -5.837765e-11 -1.049451e-10 -1.670874e-10 -2.345366e-10 -2.883550e-10 -3.064727e-10 -2.721842e-10 -1.805236e-10 -3.939889e-11 1.338640e-10 3.181605e-10 4.940326e-10 6.472182e-10 7.699722e-10 8.606153e-10 9.220080e-10 9.597130e-10 9.802804e-10 9.899204e-10 9.935924e-10 9.944557e-10 9.935924e-10 9.899204e-10 9.802804e-10 9.597130e-10 9.220080e-10 8.606153e-10 7.699722e-10 6.472182e-10 4.940326e-10 3.181605e-10 1.338640e-10 -3.939889e-11 -1.805236e-10 -2.721842e-10 -3.064727e-10 -2.883550e-10 -2.345366e-10 -1.670874e-10 -1.049451e-10 -5.837765e-11 -2.887970e-11 -1.275831e-11 -5.054146e-12 -1.802717e-12 -5.812142e-13 -1.700126e-13 -4.527481e-14 -1.101123e-14 -2.452823e-15 -5.017317e-16 -9.446073e-17 -1.640147e-17 -2.630999e-18 -3.904744e-19 -5.367757e-20 -6.840196e-21 -8.083436e-22 -8.858149e-23 -8.995114e-24 -8.451018e-25 -7.325116e-26 -5.828972e-27 -4.222155e-28 -2.740404e-29 -1.542854e-30 -6.928944e-32 -1.711353e-33 9.271176e-35 1.852264e-35 1.838158e-36 1.225763e-37 2.170231e-39 5.799506e-42 2.813852e-45 3.299713e-49 1.174479e-53 1.503700e-58 0.000000e+00
