0.000000e+00 7.450267e-120 6.622964e-114 1.786406e-108 1.291374e-103 2.064224e-99 5.654304e-96 2.258064e-93 2.318263e-91 1.740033e-89 1.168763e-87 7.069696e-86 3.872084e-84 1.929016e-82 8.774669e-81 3.656077e-79 1.399084e-77 4.927978e-76 1.600537e-74 4.800128e-73 1.330782e-71 3.413313e-70 8.103790e-69 1.781388e-67 3.625704e-66 6.831010e-65 1.190738e-63 1.918852e-62 2.855438e-61 3.917870e-60 4.946477e-59 5.731144e-58 6.071587e-57 5.851471e-56 5.091944e-55 3.954124e-54 2.684432e-53 1.527640e-52 6.496088e-52 1.033263e-51 -1.550240e-50 -2.194788e-49 -1.862617e-48 -1.246245e-47 -7.046212e-47 -3.459399e-46 -1.493700e-45 -5.708426e-45 -1.937098e-44 -5.845468e-44 -1.569529e-43 -3.750192e-43 -7.973627e-43 -1.508595e-42 -2.540114e-42 -3.807222e-42 -5.081439e-42 -6.041425e-42 -6.399952e-42 -6.041425e-42 -5.081439e-42 -3.807222e-42 -2.540114e-42 -1.508595e-42 -7.973627e-43 -3.750192e-43 -1.569529e-43 -5.845468e-44 -1.937098e-44 -5.708426e-45 -1.493700e-45 -3.459399e-46 -7.046212e-47 -1.246245e-47 -1.862617e-48 -2.194788e-49 -1.550240e-50 1.033263e-51 6.496088e-52 1.527640e-52 2.684432e-53 3.954124e-54 5.091944e-55 5.851471e-56 6.071587e-57 5.731144e-58 4.946477e-59 3.917870e-60 2.855438e-61 1.918852e-62 1.190738e-63 6.831010e-65 3.625704e-66 1.781388e-67 8.103790e-69 3.413313e-70 1.330782e-71 4.800128e-73 1.600537e-74 4.927978e-76 1.399084e-77 3.656077e-79 8.774669e-81 1.929016e-82 3.872084e-84 7.069696e-86 1.168763e-87 1.740033e-89 2.318263e-91 2.258064e-93 5.654304e-96 2.064224e-99 1.291374e-103 1.786406e-108 6.622964e-114 7.450267e-120 0.000000e+00
0.000000e+00 1.028772e-113 7.255610e-108 1.617336e-102 9.937994e-98 1.378406e-93 3.328252e-90 1.186609e-87 1.099904e-85 7.521780e-84 4.635367e-82 2.587590e-80 1.314434e-78 6.099272e-77 2.593618e-75 1.013408e-73 3.646481e-72 1.210481e-70 3.712474e-69 1.053115e-67 2.765366e-66 6.725609e-65 1.515438e-63 3.163646e-62 6.117673e-61 1.095276e-59 1.814111e-58 2.776685e-57 3.921533e-56 5.100022e-55 6.091062e-54 6.655839e-53 6.619406e-52 5.945011e-51 4.762004e-50 3.327273e-49 1.934970e-48 8.176092e-48 8.436857e-48 -2.817352e-46 -3.794017e-45 -3.293284e-44 -2.291596e-43 -1.358047e-42 -7.025197e-42 -3.209848e-41 -1.303187e-40 -4.715920e-40 -1.523394e-39 -4.395571e-39 -1.133077e-38 -2.609544e-38 -5.369939e-38 -9.875848e-38 -1.623891e-37 -2.388655e-37 -3.145015e-37 -3.708486e-37 -3.917740e-37 -3.708486e-37 -3.145015e-37 -2.388655e-37 -1.623891e-37 -9.875848e-38 -5.369939e-38 -2.609544e-38 -1.133077e-38 -4.395571e-39 -1.523394e-39 -4.715920e-40 -1.303187e-40 -3.209848e-41 -7.025197e-42 -1.358047e-42 -2.291596e-43 -3.293284e-44 -3.794017e-45 -2.817352e-46 8.436857e-48 8.176092e-48 1.934970e-48 3.327273e-49 4.762004e-50 5.945011e-51 6.619406e-52 6.655839e-53 6.091062e-54 5.100022e-55 3.921533e-56 2.776685e-57 1.814111e-58 1.095276e-59 6.117673e-61 3.163646e-62 1.515438e-63 6.725609e-65 2.765366e-66 1.053115e-67 3.712474e-69 1.210481e-70 3.646481e-72 1.013408e-73 2.593618e-75 6.099272e-77 1.314434e-78 2.587590e-80 4.635367e-82 7.521780e-84 1.099904e-85 1.186609e-87 3.328252e-90 1.378406e-93 9.937994e-98 1.617336e-102 7.255610e-108 1.028772e-113 0.000000e+00
0.000000e+00 4.608065e-108 2.685794e-102 5.088944e-97 2.713317e-92 3.317259e-88 7.148400e-85 2.298097e-82 1.939102e-80 1.216490e-78 6.917772e-77 3.581232e-75 1.694249e-73 7.348532e-72 2.930022e-70 1.076355e-68 3.649601e-67 1.143866e-65 3.317711e-64 8.912526e-63 2.218751e-61 5.120304e-60 1.095436e-58 2.172185e-57 3.990463e-56 6.786370e-55 1.067244e-53 1.549699e-52 2.073494e-51 2.549356e-50 2.869298e-49 2.940203e-48 2.720738e-47 2.243607e-46 1.609498e-45 9.529740e-45 3.958640e-44 1.028355e-44 -1.932571e-42 -2.520444e-41 -2.238530e-40 -1.616719e-39 -1.001384e-38 -5.439793e-38 -2.620126e-37 -1.125341e-36 -4.322695e-36 -1.487211e-35 -4.585855e-35 -1.267659e-34 -3.141706e-34 -6.981967e-34 -1.391810e-33 -2.490028e-33 -4.000980e-33 -5.778702e-33 -7.508593e-33 -8.783311e-33 -9.254100e-33 -8.783311e-33 -7.508593e-33 -5.778702e-33 -4.000980e-33 -2.490028e-33 -1.391810e-33 -6.981967e-34 -3.141706e-34 -1.267659e-34 -4.585855e-35 -1.487211e-35 -4.322695e-36 -1.125341e-36 -2.620126e-37 -5.439793e-38 -1.001384e-38 -1.616719e-39 -2.238530e-40 -2.520444e-41 -1.932571e-42 1.028355e-44 3.958640e-44 9.529740e-45 1.609498e-45 2.243607e-46 2.720738e-47 2.940203e-48 2.869298e-49 2.549356e-50 2.073494e-51 1.549699e-52 1.067244e-53 6.786370e-55 3.990463e-56 2.172185e-57 1.095436e-58 5.120304e-60 2.218751e-61 8.912526e-63 3.317711e-64 1.143866e-65 3.649601e-67 1.076355e-68 2.930022e-70 7.348532e-72 1.694249e-73 3.581232e-75 6.917772e-77 1.216490e-78 1.939102e-80 2.298097e-82 7.148400e-85 3.317259e-88 2.713317e-92 5.088944e-97 2.685794e-102 4.608065e-108 0.000000e+00
0.000000e+00 6.044485e-103 2.994622e-97 4.923482e-92 2.313905e-87 2.524626e-83 4.903960e-80 1.433274e-77 1.108440e-75 6.415932e-74 3.383189e-72 1.630970e-70 7.211483e-69 2.932493e-67 1.099150e-65 3.804361e-64 1.217735e-62 3.608868e-61 9.910802e-60 2.523599e-58 5.960012e-57 1.305634e-55 2.652556e-54 4.995526e-53 8.714607e-52 1.406666e-50 2.097750e-49 2.884307e-48 3.646135e-47 4.221116e-46 4.450148e-45 4.235907e-44 3.589227e-43 2.637126e-42 1.583386e-41 6.378217e-41 -5.234133e-41 -4.379989e-39 -5.597861e-38 -5.086737e-37 -3.805750e-36 -2.457282e-35 -1.397462e-34 -7.071259e-34 -3.200702e-33 -1.299612e-32 -4.740497e-32 -1.554389e-31 -4.582864e-31 -1.215113e-30 -2.897918e-30 -6.218886e-30 -1.201629e-29 -2.092372e-29 -3.286821e-29 -4.663049e-29 -5.981094e-29 -6.941976e-29 -7.294950e-29 -6.941976e-29 -5.981094e-29 -4.663049e-29 -3.286821e-29 -2.092372e-29 -1.201629e-29 -6.218886e-30 -2.897918e-30 -1.215113e-30 -4.582864e-31 -1.554389e-31 -4.740497e-32 -1.299612e-32 -3.200702e-33 -7.071259e-34 -1.397462e-34 -2.457282e-35 -3.805750e-36 -5.086737e-37 -5.597861e-38 -4.379989e-39 -5.234133e-41 6.378217e-41 1.583386e-41 2.637126e-42 3.589227e-43 4.235907e-44 4.450148e-45 4.221116e-46 3.646135e-47 2.884307e-48 2.097750e-49 1.406666e-50 8.714607e-52 4.995526e-53 2.652556e-54 1.305634e-55 5.960012e-57 2.523599e-58 9.910802e-60 3.608868e-61 1.217735e-62 3.804361e-64 1.099150e-65 2.932493e-67 7.211483e-69 1.630970e-70 3.383189e-72 6.415932e-74 1.108440e-75 1.433274e-77 4.903960e-80 2.524626e-83 2.313905e-87 4.923482e-92 2.994622e-97 6.044485e-103 0.000000e+00
0.000000e+00 1.973303e-98 8.483033e-93 1.229369e-87 5.156174e-83 5.070854e-79 8.951654e-76 2.394772e-73 1.707218e-71 9.161962e-70 4.498416e-68 2.026572e-66 8.399926e-65 3.210552e-63 1.133648e-61 3.703550e-60 1.120744e-58 3.144285e-57 8.183240e-56 1.976353e-54 4.429735e-53 9.212816e-52 1.777125e-50 3.177120e-49 5.258556e-48 8.045536e-47 1.135512e-45 1.474103e-44 1.753116e-43 1.898842e-42 1.856237e-41 1.613128e-40 1.210902e-39 7.340384e-39 2.815350e-38 -6.671309e-38 -2.728950e-36 -3.445595e-35 -3.202409e-34 -2.477506e-33 -1.663503e-32 -9.876183e-32 -5.233576e-31 -2.487896e-30 -1.063794e-29 -4.097052e-29 -1.422172e-28 -4.450572e-28 -1.255823e-27 -3.195834e-27 -7.337778e-27 -1.521142e-26 -2.849888e-26 -4.831414e-26 -7.421803e-26 -1.034522e-25 -1.310134e-25 -1.508947e-25 -1.581593e-25 -1.508947e-25 -1.310134e-25 -1.034522e-25 -7.421803e-26 -4.831414e-26 -2.849888e-26 -1.521142e-26 -7.337778e-27 -3.195834e-27 -1.255823e-27 -4.450572e-28 -1.422172e-28 -4.097052e-29 -1.063794e-29 -2.487896e-30 -5.233576e-31 -9.876183e-32 -1.663503e-32 -2.477506e-33 -3.202409e-34 -3.445595e-35 -2.728950e-36 -6.671309e-38 2.815350e-38 7.340384e-39 1.210902e-39 1.613128e-40 1.856237e-41 1.898842e-42 1.753116e-43 1.474103e-44 1.135512e-45 8.045536e-47 5.258556e-48 3.177120e-49 1.777125e-50 9.212816e-52 4.429735e-53 1.976353e-54 8.183240e-56 3.144285e-57 1.120744e-58 3.703550e-60 1.133648e-61 3.210552e-63 8.399926e-65 2.026572e-66 4.498416e-68 9.161962e-70 1.707218e-71 2.394772e-73 8.951654e-76 5.070854e-79 5.156174e-83 1.229369e-87 8.483033e-93 1.973303e-98 0.000000e+00
0.000000e+00 1.272822e-94 4.823149e-89 6.237928e-84 2.358266e-79 2.107685e-75 3.404546e-72 8.384666e-70 5.536870e-68 2.766405e-66 1.269183e-64 5.359360e-63 2.087693e-61 7.516123e-60 2.504651e-58 7.734621e-57 2.215407e-55 5.889208e-54 1.453458e-52 3.330686e-51 7.085689e-50 1.398816e-48 2.560647e-47 4.341847e-46 6.808734e-45 9.853751e-44 1.312199e-42 1.601211e-41 1.779443e-40 1.783829e-39 1.587062e-38 1.214176e-37 7.395822e-37 2.633889e-36 -1.229209e-35 -3.654062e-34 -4.585248e-33 -4.357324e-32 -3.480016e-31 -2.424578e-30 -1.498935e-29 -8.295019e-29 -4.128449e-28 -1.852657e-27 -7.506004e-27 -2.747210e-26 -9.085591e-26 -2.715516e-25 -7.336353e-25 -1.792331e-24 -3.962583e-24 -7.936319e-24 -1.441902e-23 -2.380257e-23 -3.576214e-23 -4.898388e-23 -6.125557e-23 -7.001530e-23 -7.319924e-23 -7.001530e-23 -6.125557e-23 -4.898388e-23 -3.576214e-23 -2.380257e-23 -1.441902e-23 -7.936319e-24 -3.962583e-24 -1.792331e-24 -7.336353e-25 -2.715516e-25 -9.085591e-26 -2.747210e-26 -7.506004e-27 -1.852657e-27 -4.128449e-28 -8.295019e-29 -1.498935e-29 -2.424578e-30 -3.480016e-31 -4.357324e-32 -4.585248e-33 -3.654062e-34 -1.229209e-35 2.633889e-36 7.395822e-37 1.214176e-37 1.587062e-38 1.783829e-39 1.779443e-40 1.601211e-41 1.312199e-42 9.853751e-44 6.808734e-45 4.341847e-46 2.560647e-47 1.398816e-48 7.085689e-50 3.330686e-51 1.453458e-52 5.889208e-54 2.215407e-55 7.734621e-57 2.504651e-58 7.516123e-60 2.087693e-61 5.359360e-63 1.269183e-64 2.766405e-66 5.536870e-68 8.384666e-70 3.404546e-72 2.107685e-75 2.358266e-79 6.237928e-84 4.823149e-89 1.272822e-94 0.000000e+00
0.000000e+00 1.258980e-91 4.258084e-86 4.964629e-81 1.705903e-76 1.395201e-72 2.074235e-69 4.726117e-67 2.903237e-65 1.355404e-63 5.828671e-62 2.313140e-60 8.487492e-59 2.883761e-57 9.083612e-56 2.655014e-54 7.205343e-53 1.816270e-51 4.252965e-50 9.249619e-49 1.867635e-47 3.498460e-46 6.072968e-45 9.754089e-44 1.446414e-42 1.974261e-41 2.469719e-40 2.813450e-39 2.889285e-38 2.628565e-37 2.046178e-36 1.247921e-35 4.006198e-35 -3.241794e-34 -8.071850e-33 -1.012933e-31 -9.846832e-31 -8.111339e-30 -5.855221e-29 -3.762337e-28 -2.169585e-27 -1.127782e-26 -5.297187e-26 -2.250979e-25 -8.658588e-25 -3.015540e-24 -9.509774e-24 -2.716046e-23 -7.028028e-23 -1.648790e-22 -3.510766e-22 -6.794786e-22 -1.197445e-21 -1.925287e-21 -2.829876e-21 -3.809719e-21 -4.705202e-21 -5.337816e-21 -5.566561e-21 -5.337816e-21 -4.705202e-21 -3.809719e-21 -2.829876e-21 -1.925287e-21 -1.197445e-21 -6.794786e-22 -3.510766e-22 -1.648790e-22 -7.028028e-23 -2.716046e-23 -9.509774e-24 -3.015540e-24 -8.658588e-25 -2.250979e-25 -5.297187e-26 -1.127782e-26 -2.169585e-27 -3.762337e-28 -5.855221e-29 -8.111339e-30 -9.846832e-31 -1.012933e-31 -8.071850e-33 -3.241794e-34 4.006198e-35 1.247921e-35 2.046178e-36 2.628565e-37 2.889285e-38 2.813450e-39 2.469719e-40 1.974261e-41 1.446414e-42 9.754089e-44 6.072968e-45 3.498460e-46 1.867635e-47 9.249619e-49 4.252965e-50 1.816270e-51 7.205343e-53 2.655014e-54 9.083612e-56 2.883761e-57 8.487492e-59 2.313140e-60 5.828671e-62 1.355404e-63 2.903237e-65 4.726117e-67 2.074235e-69 1.395201e-72 1.705903e-76 4.964629e-81 4.258084e-86 1.258980e-91 0.000000e+00
0.000000e+00 2.112890e-89 6.447134e-84 6.837428e-79 2.151655e-74 1.620890e-70 2.230451e-67 4.724948e-65 2.711777e-63 1.187500e-61 4.802781e-60 1.796671e-58 6.226203e-57 2.001151e-55 5.970811e-54 1.654856e-52 4.262108e-51 1.020186e-49 2.269162e-48 4.688162e-47 8.990318e-46 1.598475e-44 2.630963e-43 3.999918e-42 5.599895e-41 7.187609e-40 8.402326e-39 8.852483e-38 8.252995e-37 6.560170e-36 4.034333e-35 1.183548e-34 -1.400188e-33 -3.241275e-32 -4.124652e-31 -4.123180e-30 -3.512301e-29 -2.630628e-28 -1.758251e-27 -1.056914e-26 -5.738341e-26 -2.820496e-25 -1.256520e-24 -5.076259e-24 -1.860044e-23 -6.181989e-23 -1.863818e-22 -5.098978e-22 -1.266602e-21 -2.859707e-21 -5.877041e-21 -1.101417e-20 -1.886373e-20 -2.959216e-20 -4.261673e-20 -5.645982e-20 -6.893117e-20 -7.765747e-20 -8.079766e-20 -7.765747e-20 -6.893117e-20 -5.645982e-20 -4.261673e-20 -2.959216e-20 -1.886373e-20 -1.101417e-20 -5.877041e-21 -2.859707e-21 -1.266602e-21 -5.098978e-22 -1.863818e-22 -6.181989e-23 -1.860044e-23 -5.076259e-24 -1.256520e-24 -2.820496e-25 -5.738341e-26 -1.056914e-26 -1.758251e-27 -2.630628e-28 -3.512301e-29 -4.123180e-30 -4.124652e-31 -3.241275e-32 -1.400188e-33 1.183548e-34 4.034333e-35 6.560170e-36 8.252995e-37 8.852483e-38 8.402326e-39 7.187609e-40 5.599895e-41 3.999918e-42 2.630963e-43 1.598475e-44 8.990318e-46 4.688162e-47 2.269162e-48 1.020186e-49 4.262108e-51 1.654856e-52 5.970811e-54 2.001151e-55 6.226203e-57 1.796671e-58 4.802781e-60 1.187500e-61 2.711777e-63 4.724948e-65 2.230451e-67 1.620890e-70 2.151655e-74 6.837428e-79 6.447134e-84 2.112890e-89 0.000000e+00
0.000000e+00 1.651871e-87 4.591098e-82 4.465422e-77 1.296154e-72 9.050304e-69 1.159148e-65 2.294359e-63 1.235771e-61 5.096389e-60 1.945679e-58 6.884025e-57 2.259986e-55 6.890705e-54 1.952543e-52 5.143858e-51 1.260057e-49 2.869817e-48 6.074486e-47 1.194125e-45 2.177748e-44 3.678840e-43 5.744031e-42 8.264088e-41 1.090758e-39 1.312021e-38 1.423105e-37 1.366314e-36 1.118079e-35 7.057538e-35 2.060001e-34 -2.776909e-33 -6.496780e-32 -8.532657e-31 -8.842594e-30 -7.827843e-29 -6.104271e-28 -4.255246e-27 -2.672230e-26 -1.518191e-25 -7.821451e-25 -3.658204e-24 -1.554131e-23 -5.997981e-23 -2.102874e-22 -6.697566e-22 -1.938200e-21 -5.098847e-21 -1.220467e-20 -2.661617e-20 -5.297992e-20 -9.646473e-20 -1.610548e-19 -2.471852e-19 -3.496026e-19 -4.566526e-19 -5.518887e-19 -6.179681e-19 -6.416472e-19 -6.179681e-19 -5.518887e-19 -4.566526e-19 -3.496026e-19 -2.471852e-19 -1.610548e-19 -9.646473e-20 -5.297992e-20 -2.661617e-20 -1.220467e-20 -5.098847e-21 -1.938200e-21 -6.697566e-22 -2.102874e-22 -5.997981e-23 -1.554131e-23 -3.658204e-24 -7.821451e-25 -1.518191e-25 -2.672230e-26 -4.255246e-27 -6.104271e-28 -7.827843e-29 -8.842594e-30 -8.532657e-31 -6.496780e-32 -2.776909e-33 2.060001e-34 7.057538e-35 1.118079e-35 1.366314e-36 1.423105e-37 1.312021e-38 1.090758e-39 8.264088e-41 5.744031e-42 3.678840e-43 2.177748e-44 1.194125e-45 6.074486e-47 2.869817e-48 1.260057e-49 5.143858e-51 1.952543e-52 6.890705e-54 2.259986e-55 6.884025e-57 1.945679e-58 5.096389e-60 1.235771e-61 2.294359e-63 1.159148e-65 9.050304e-69 1.296154e-72 4.465422e-77 4.591098e-82 1.651871e-87 0.000000e+00
0.000000e+00 1.131212e-85 2.884374e-80 2.588586e-75 6.966823e-71 4.529126e-67 5.420106e-64 1.005783e-61 5.098795e-60 1.985361e-58 7.170538e-57 2.404035e-55 7.488874e-54 2.169057e-52 5.843651e-51 1.464627e-49 3.414738e-48 7.403100e-47 1.491416e-45 2.789042e-44 4.834154e-43 7.749277e-42 1.145395e-40 1.554144e-39 1.923058e-38 2.147090e-37 2.123005e-36 1.789490e-35 1.161945e-34 3.426036e-34 -5.043760e-33 -1.205751e-31 -1.637036e-30 -1.758889e-29 -1.617285e-28 -1.312041e-27 -9.529238e-27 -6.244137e-26 -3.707139e-25 -1.998789e-24 -9.798720e-24 -4.369787e-23 -1.772893e-22 -6.543375e-22 -2.196753e-21 -6.708838e-21 -1.864439e-20 -4.718471e-20 -1.088747e-19 -2.294352e-19 -4.425216e-19 -7.831415e-19 -1.275137e-18 -1.915479e-18 -2.661531e-18 -3.428634e-18 -4.102706e-18 -4.566569e-18 -4.732106e-18 -4.566569e-18 -4.102706e-18 -3.428634e-18 -2.661531e-18 -1.915479e-18 -1.275137e-18 -7.831415e-19 -4.425216e-19 -2.294352e-19 -1.088747e-19 -4.718471e-20 -1.864439e-20 -6.708838e-21 -2.196753e-21 -6.543375e-22 -1.772893e-22 -4.369787e-23 -9.798720e-24 -1.998789e-24 -3.707139e-25 -6.244137e-26 -9.529238e-27 -1.312041e-27 -1.617285e-28 -1.758889e-29 -1.637036e-30 -1.205751e-31 -5.043760e-33 3.426036e-34 1.161945e-34 1.789490e-35 2.123005e-36 2.147090e-37 1.923058e-38 1.554144e-39 1.145395e-40 7.749277e-42 4.834154e-43 2.789042e-44 1.491416e-45 7.403100e-47 3.414738e-48 1.464627e-49 5.843651e-51 2.169057e-52 7.488874e-54 2.404035e-55 7.170538e-57 1.985361e-58 5.098795e-60 1.005783e-61 5.420106e-64 4.529126e-67 6.966823e-71 2.588586e-75 2.884374e-80 1.131212e-85 0.000000e+00
0.000000e+00 6.978970e-84 1.642131e-78 1.366606e-73 3.424811e-69 2.080489e-65 2.333587e-62 4.070478e-60 1.946642e-58 7.170540e-57 2.454038e-55 7.806958e-54 2.310216e-52 6.361823e-51 1.630599e-49 3.889698e-48 8.632464e-47 1.781213e-45 3.413583e-44 6.066885e-43 9.978303e-42 1.514151e-40 2.110559e-39 2.684511e-38 3.082847e-37 3.136907e-36 2.721512e-35 1.816731e-34 5.415398e-34 -8.647957e-33 -2.114000e-31 -2.964540e-30 -3.298602e-29 -3.146325e-28 -2.651683e-27 -2.003515e-26 -1.367622e-25 -8.470198e-25 -4.770776e-24 -2.446617e-23 -1.142964e-22 -4.864258e-22 -1.885627e-21 -6.656902e-21 -2.140107e-20 -6.266480e-20 -1.672150e-19 -4.070347e-19 -9.052342e-19 -1.843143e-18 -3.444441e-18 -5.924794e-18 -9.408511e-18 -1.383389e-17 -1.888582e-17 -2.399595e-17 -2.843140e-17 -3.145868e-17 -3.253458e-17 -3.145868e-17 -2.843140e-17 -2.399595e-17 -1.888582e-17 -1.383389e-17 -9.408511e-18 -5.924794e-18 -3.444441e-18 -1.843143e-18 -9.052342e-19 -4.070347e-19 -1.672150e-19 -6.266480e-20 -2.140107e-20 -6.656902e-21 -1.885627e-21 -4.864258e-22 -1.142964e-22 -2.446617e-23 -4.770776e-24 -8.470198e-25 -1.367622e-25 -2.003515e-26 -2.651683e-27 -3.146325e-28 -3.298602e-29 -2.964540e-30 -2.114000e-31 -8.647957e-33 5.415398e-34 1.816731e-34 2.721512e-35 3.136907e-36 3.082847e-37 2.684511e-38 2.110559e-39 1.514151e-40 9.978303e-42 6.066885e-43 3.413583e-44 1.781213e-45 8.632464e-47 3.889698e-48 1.630599e-49 6.361823e-51 2.310216e-52 7.806958e-54 2.454038e-55 7.170540e-57 1.946642e-58 4.070478e-60 2.333587e-62 2.080489e-65 3.424811e-69 1.366606e-73 1.642131e-78 6.978970e-84 0.000000e+00
0.000000e+00 3.900238e-82 8.510943e-77 6.596046e-72 1.544816e-67 8.796409e-64 9.272165e-61 1.523731e-58 6.887584e-57 2.404036e-55 7.806958e-54 2.359267e-52 6.637766e-51 1.739010e-49 4.242210e-48 9.632683e-47 2.034642e-45 3.993686e-44 7.273801e-43 1.226687e-41 1.909783e-40 2.732827e-39 3.570613e-38 4.214500e-37 4.409907e-36 3.935192e-35 2.699272e-34 8.142686e-34 -1.401121e-32 -3.504571e-31 -5.072287e-30 -5.838657e-29 -5.770241e-28 -5.045487e-27 -3.960277e-26 -2.811948e-25 -1.813859e-24 -1.065447e-23 -5.705667e-23 -2.786951e-22 -1.241691e-21 -5.045103e-21 -1.868872e-20 -6.310376e-20 -1.942238e-19 -5.450987e-19 -1.396124e-18 -3.267632e-18 -7.002197e-18 -1.377187e-17 -2.493243e-17 -4.167962e-17 -6.454790e-17 -9.289765e-17 -1.246062e-16 -1.561579e-16 -1.832083e-16 -2.015193e-16 -2.080004e-16 -2.015193e-16 -1.832083e-16 -1.561579e-16 -1.246062e-16 -9.289765e-17 -6.454790e-17 -4.167962e-17 -2.493243e-17 -1.377187e-17 -7.002197e-18 -3.267632e-18 -1.396124e-18 -5.450987e-19 -1.942238e-19 -6.310376e-20 -1.868872e-20 -5.045103e-21 -1.241691e-21 -2.786951e-22 -5.705667e-23 -1.065447e-23 -1.813859e-24 -2.811948e-25 -3.960277e-26 -5.045487e-27 -5.770241e-28 -5.838657e-29 -5.072287e-30 -3.504571e-31 -1.401121e-32 8.142686e-34 2.699272e-34 3.935192e-35 4.409907e-36 4.214500e-37 3.570613e-38 2.732827e-39 1.909783e-40 1.226687e-41 7.273801e-43 3.993686e-44 2.034642e-45 9.632683e-47 4.242210e-48 1.739010e-49 6.637766e-51 2.359267e-52 7.806958e-54 2.404036e-55 6.887584e-57 1.523731e-58 9.272165e-61 8.796409e-64 1.544816e-67 6.596046e-72 8.510943e-77 3.900238e-82 0.000000e+00
0.000000e+00 1.983481e-80 4.031182e-75 2.920048e-70 6.411161e-66 3.430996e-62 3.406386e-59 5.283920e-57 2.261205e-55 7.488877e-54 2.310216e-52 6.637766e-51 1.776714e-49 4.430182e-48 1.028719e-46 2.223164e-45 4.466978e-44 8.332748e-43 1.440078e-41 2.298834e-40 3.374881e-39 4.526526e-38 5.487692e-37 5.900771e-36 5.412394e-35 3.812979e-34 1.165374e-33 -2.147038e-32 -5.497836e-31 -8.206544e-30 -9.762917e-29 -9.985843e-28 -9.048129e-27 -7.368304e-26 -5.434441e-25 -3.645690e-24 -2.229786e-23 -1.244857e-22 -6.346663e-22 -2.954877e-21 -1.255992e-20 -4.872233e-20 -1.724329e-19 -5.566669e-19 -1.639527e-18 -4.407997e-18 -1.083047e-17 -2.436025e-17 -5.027517e-17 -9.547878e-17 -1.674025e-16 -2.719144e-16 -4.106164e-16 -5.783821e-16 -7.621937e-16 -9.420944e-16 -1.094425e-15 -1.196690e-15 -1.232736e-15 -1.196690e-15 -1.094425e-15 -9.420944e-16 -7.621937e-16 -5.783821e-16 -4.106164e-16 -2.719144e-16 -1.674025e-16 -9.547878e-17 -5.027517e-17 -2.436025e-17 -1.083047e-17 -4.407997e-18 -1.639527e-18 -5.566669e-19 -1.724329e-19 -4.872233e-20 -1.255992e-20 -2.954877e-21 -6.346663e-22 -1.244857e-22 -2.229786e-23 -3.645690e-24 -5.434441e-25 -7.368304e-26 -9.048129e-27 -9.985843e-28 -9.762917e-29 -8.206544e-30 -5.497836e-31 -2.147038e-32 1.165374e-33 3.812979e-34 5.412394e-35 5.900771e-36 5.487692e-37 4.526526e-38 3.374881e-39 2.298834e-40 1.440078e-41 8.332748e-43 4.466978e-44 2.223164e-45 1.028719e-46 4.430182e-48 1.776714e-49 6.637766e-51 2.310216e-52 7.488877e-54 2.261205e-55 5.283920e-57 3.406386e-59 3.430996e-62 6.411161e-66 2.920048e-70 4.031182e-75 1.983481e-80 0.000000e+00
0.000000e+00 9.214390e-79 1.750542e-73 1.188880e-68 2.453562e-64 1.236858e-60 1.158834e-57 1.699467e-55 6.894574e-54 2.169058e-52 6.361823e-51 1.739010e-49 4.430182e-48 1.051502e-46 2.323827e-45 4.777255e-44 9.122341e-43 1.614679e-41 2.641350e-40 3.975911e-39 5.470748e-38 6.807906e-37 7.517742e-36 7.083453e-35 5.123002e-34 1.588367e-33 -3.114186e-32 -8.167230e-31 -1.256446e-29 -1.543384e-28 -1.632122e-27 -1.530739e-26 -1.291726e-25 -9.883341e-25 -6.885949e-24 -4.379002e-23 -2.544793e-22 -1.352033e-21 -6.566957e-21 -2.915036e-20 -1.182030e-19 -4.376426e-19 -1.479029e-18 -4.562192e-18 -1.284859e-17 -3.306690e-17 -7.787978e-17 -1.682182e-16 -3.341474e-16 -6.124226e-16 -1.039437e-15 -1.639943e-15 -2.414133e-15 -3.327409e-15 -4.307298e-15 -5.250367e-15 -6.038901e-15 -6.563839e-15 -6.748092e-15 -6.563839e-15 -6.038901e-15 -5.250367e-15 -4.307298e-15 -3.327409e-15 -2.414133e-15 -1.639943e-15 -1.039437e-15 -6.124226e-16 -3.341474e-16 -1.682182e-16 -7.787978e-17 -3.306690e-17 -1.284859e-17 -4.562192e-18 -1.479029e-18 -4.376426e-19 -1.182030e-19 -2.915036e-20 -6.566957e-21 -1.352033e-21 -2.544793e-22 -4.379002e-23 -6.885949e-24 -9.883341e-25 -1.291726e-25 -1.530739e-26 -1.632122e-27 -1.543384e-28 -1.256446e-29 -8.167230e-31 -3.114186e-32 1.588367e-33 5.123002e-34 7.083453e-35 7.517742e-36 6.807906e-37 5.470748e-38 3.975911e-39 2.641350e-40 1.614679e-41 9.122341e-43 4.777255e-44 2.323827e-45 1.051502e-46 4.430182e-48 1.739010e-49 6.361823e-51 2.169058e-52 6.894574e-54 1.699467e-55 1.158834e-57 1.236858e-60 2.453562e-64 1.188880e-68 1.750542e-73 9.214390e-79 0.000000e+00
0.000000e+00 3.922839e-77 6.988230e-72 4.461728e-67 8.674862e-63 4.127230e-59 3.654954e-56 5.074271e-54 1.953683e-52 5.843654e-51 1.630599e-49 4.242210e-48 1.028719e-46 2.323827e-45 4.885363e-44 9.544548e-43 1.729362e-41 2.897363e-40 4.469135e-39 6.304913e-38 8.048659e-37 9.121928e-36 8.824095e-35 6.549068e-34 2.062623e-33 -4.278346e-32 -1.149585e-30 -1.821499e-29 -2.308324e-28 -2.521312e-27 -2.445074e-26 -2.135660e-25 -1.693133e-24 -1.223588e-23 -8.079660e-23 -4.880675e-22 -2.698249e-21 -1.365122e-20 -6.318089e-20 -2.673559e-19 -1.033791e-18 -3.650910e-18 -1.177273e-17 -3.466536e-17 -9.326181e-17 -2.295159e-16 -5.176477e-16 -1.072728e-15 -2.049195e-15 -3.621929e-15 -5.947203e-15 -9.109244e-15 -1.306661e-14 -1.761686e-14 -2.239547e-14 -2.691613e-14 -3.064754e-14 -3.311029e-14 -3.397100e-14 -3.311029e-14 -3.064754e-14 -2.691613e-14 -2.239547e-14 -1.761686e-14 -1.306661e-14 -9.109244e-15 -5.947203e-15 -3.621929e-15 -2.049195e-15 -1.072728e-15 -5.176477e-16 -2.295159e-16 -9.326181e-17 -3.466536e-17 -1.177273e-17 -3.650910e-18 -1.033791e-18 -2.673559e-19 -6.318089e-20 -1.365122e-20 -2.698249e-21 -4.880675e-22 -8.079660e-23 -1.223588e-23 -1.693133e-24 -2.135660e-25 -2.445074e-26 -2.521312e-27 -2.308324e-28 -1.821499e-29 -1.149585e-30 -4.278346e-32 2.062623e-33 6.549068e-34 8.824095e-35 9.121928e-36 8.048659e-37 6.304913e-38 4.469135e-39 2.897363e-40 1.729362e-41 9.544548e-43 4.885363e-44 2.323827e-45 1.028719e-46 4.242210e-48 1.630599e-49 5.843654e-51 1.953683e-52 5.074271e-54 3.654954e-56 4.127230e-59 8.674862e-63 4.461728e-67 6.988230e-72 3.922839e-77 0.000000e+00
0.000000e+00 1.534591e-75 2.570309e-70 1.546265e-65 2.837803e-61 1.276294e-57 1.069713e-54 1.407399e-52 5.146975e-51 1.464628e-49 3.889698e-48 9.632683e-47 2.223164e-45 4.777255e-44 9.544548e-43 1.769358e-41 3.034456e-40 4.793733e-39 6.929947e-38 9.069877e-37 1.054394e-35 1.046588e-34 7.968103e-34 2.552915e-33 -5.570206e-32 -1.533942e-30 -2.501793e-29 -3.268181e-28 -3.683774e-27 -3.690179e-26 -3.332738e-25 -2.734641e-24 -2.047463e-23 -1.402104e-22 -8.792440e-22 -5.051091e-21 -2.658079e-20 -1.280776e-19 -5.647173e-19 -2.276878e-18 -8.389114e-18 -2.823254e-17 -8.676876e-17 -2.435968e-16 -6.252361e-16 -1.469450e-15 -3.169657e-15 -6.294407e-15 -1.155063e-14 -1.966935e-14 -3.121967e-14 -4.639052e-14 -6.480335e-14 -8.542135e-14 -1.065993e-13 -1.262808e-13 -1.423104e-13 -1.527961e-13 -1.564444e-13 -1.527961e-13 -1.423104e-13 -1.262808e-13 -1.065993e-13 -8.542135e-14 -6.480335e-14 -4.639052e-14 -3.121967e-14 -1.966935e-14 -1.155063e-14 -6.294407e-15 -3.169657e-15 -1.469450e-15 -6.252361e-16 -2.435968e-16 -8.676876e-17 -2.823254e-17 -8.389114e-18 -2.276878e-18 -5.647173e-19 -1.280776e-19 -2.658079e-20 -5.051091e-21 -8.792440e-22 -1.402104e-22 -2.047463e-23 -2.734641e-24 -3.332738e-25 -3.690179e-26 -3.683774e-27 -3.268181e-28 -2.501793e-29 -1.533942e-30 -5.570206e-32 2.552915e-33 7.968103e-34 1.046588e-34 1.054394e-35 9.069877e-37 6.929947e-38 4.793733e-39 3.034456e-40 1.769358e-41 9.544548e-43 4.777255e-44 2.223164e-45 9.632683e-47 3.889698e-48 1.464628e-49 5.146975e-51 1.407399e-52 1.069713e-54 1.276294e-57 2.837803e-61 1.546265e-65 2.570309e-70 1.534591e-75 0.000000e+00
0.000000e+00 5.528459e-74 8.726079e-69 4.955906e-64 8.599335e-60 3.660855e-56 2.907038e-53 3.627506e-51 1.260849e-49 3.414740e-48 8.632464e-47 2.034642e-45 4.466978e-44 9.122341e-43 1.729362e-41 3.034456e-40 4.907048e-39 7.265142e-38 9.743276e-37 1.161201e-35 1.182083e-34 9.228910e-34 3.012547e-33 -6.875799e-32 -1.941151e-30 -3.256932e-29 -4.382502e-28 -5.093264e-27 -5.265495e-26 -4.912238e-25 -4.167408e-24 -3.229054e-23 -2.290569e-22 -1.489319e-21 -8.879458e-21 -4.853879e-20 -2.431591e-19 -1.115550e-18 -4.683102e-18 -1.797520e-17 -6.303899e-17 -2.019053e-16 -5.905643e-16 -1.578272e-15 -3.858382e-15 -8.645677e-15 -1.780708e-14 -3.383472e-14 -5.956145e-14 -9.759624e-14 -1.495735e-13 -2.154090e-13 -2.927875e-13 -3.770617e-13 -4.616341e-13 -5.387756e-13 -6.007265e-13 -6.408723e-13 -6.547750e-13 -6.408723e-13 -6.007265e-13 -5.387756e-13 -4.616341e-13 -3.770617e-13 -2.927875e-13 -2.154090e-13 -1.495735e-13 -9.759624e-14 -5.956145e-14 -3.383472e-14 -1.780708e-14 -8.645677e-15 -3.858382e-15 -1.578272e-15 -5.905643e-16 -2.019053e-16 -6.303899e-17 -1.797520e-17 -4.683102e-18 -1.115550e-18 -2.431591e-19 -4.853879e-20 -8.879458e-21 -1.489319e-21 -2.290569e-22 -3.229054e-23 -4.167408e-24 -4.912238e-25 -5.265495e-26 -5.093264e-27 -4.382502e-28 -3.256932e-29 -1.941151e-30 -6.875799e-32 3.012547e-33 9.228910e-34 1.182083e-34 1.161201e-35 9.743276e-37 7.265142e-38 4.907048e-39 3.034456e-40 1.729362e-41 9.122341e-43 4.466978e-44 2.034642e-45 8.632464e-47 3.414740e-48 1.260849e-49 3.627506e-51 2.907038e-53 3.660855e-56 8.599335e-60 4.955906e-64 8.726079e-69 5.528459e-74 0.000000e+00
0.000000e+00 1.837470e-72 2.738449e-67 1.470697e-62 2.415968e-58 9.745909e-55 7.338251e-52 8.689636e-50 2.871686e-48 7.403107e-47 1.781213e-45 3.993686e-44 8.332748e-43 1.614679e-41 2.897363e-40 4.793733e-39 7.265142e-38 9.978587e-37 1.218562e-35 1.271589e-34 1.017747e-33 3.390124e-33 -8.049755e-32 -2.330444e-30 -4.020346e-29 -5.568363e-28 -6.667179e-27 -7.107203e-26 -6.842665e-25 -5.996199e-24 -4.803225e-23 -3.525628e-22 -2.374136e-21 -1.467288e-20 -8.321582e-20 -4.328661e-19 -2.063602e-18 -9.007964e-18 -3.596998e-17 -1.312741e-16 -4.375594e-16 -1.331530e-15 -3.699731e-15 -9.393488e-15 -2.182745e-14 -4.653446e-14 -9.133129e-14 -1.657202e-13 -2.793490e-13 -4.397256e-13 -6.497365e-13 -9.056747e-13 -1.196372e-12 -1.503733e-12 -1.804595e-12 -2.073573e-12 -2.286342e-12 -2.422833e-12 -2.469862e-12 -2.422833e-12 -2.286342e-12 -2.073573e-12 -1.804595e-12 -1.503733e-12 -1.196372e-12 -9.056747e-13 -6.497365e-13 -4.397256e-13 -2.793490e-13 -1.657202e-13 -9.133129e-14 -4.653446e-14 -2.182745e-14 -9.393488e-15 -3.699731e-15 -1.331530e-15 -4.375594e-16 -1.312741e-16 -3.596998e-17 -9.007964e-18 -2.063602e-18 -4.328661e-19 -8.321582e-20 -1.467288e-20 -2.374136e-21 -3.525628e-22 -4.803225e-23 -5.996199e-24 -6.842665e-25 -7.107203e-26 -6.667179e-27 -5.568363e-28 -4.020346e-29 -2.330444e-30 -8.049755e-32 3.390124e-33 1.017747e-33 1.271589e-34 1.218562e-35 9.978587e-37 7.265142e-38 4.793733e-39 2.897363e-40 1.614679e-41 8.332748e-43 3.993686e-44 1.781213e-45 7.403107e-47 2.871686e-48 8.689636e-50 7.338251e-52 9.745909e-55 2.415968e-58 1.470697e-62 2.738449e-67 1.837470e-72 0.000000e+00
0.000000e+00 5.642470e-71 7.953114e-66 4.044447e-61 6.296864e-57 2.408943e-53 1.720853e-50 1.934371e-48 6.078581e-47 1.491418e-45 3.413583e-44 7.273801e-43 1.440078e-41 2.641350e-40 4.469135e-39 6.929947e-38 9.743276e-37 1.218562e-35 1.302894e-34 1.068741e-33 3.638776e-33 -8.940487e-32 -2.654965e-30 -4.706994e-29 -6.706100e-28 -8.266085e-27 -9.078584e-26 -9.012730e-25 -8.150328e-24 -6.743147e-23 -5.116399e-22 -3.564522e-21 -2.281110e-20 -1.340697e-19 -7.232928e-19 -3.578792e-18 -1.622402e-17 -6.731372e-17 -2.553287e-16 -8.845628e-16 -2.796956e-15 -8.069495e-15 -2.124933e-14 -5.112738e-14 -1.126284e-13 -2.278501e-13 -4.250250e-13 -7.346281e-13 -1.182984e-12 -1.784917e-12 -2.537562e-12 -3.417134e-12 -4.379519e-12 -5.364491e-12 -6.302495e-12 -7.122640e-12 -7.760561e-12 -8.165187e-12 -8.303812e-12 -8.165187e-12 -7.760561e-12 -7.122640e-12 -6.302495e-12 -5.364491e-12 -4.379519e-12 -3.417134e-12 -2.537562e-12 -1.784917e-12 -1.182984e-12 -7.346281e-13 -4.250250e-13 -2.278501e-13 -1.126284e-13 -5.112738e-14 -2.124933e-14 -8.069495e-15 -2.796956e-15 -8.845628e-16 -2.553287e-16 -6.731372e-17 -1.622402e-17 -3.578792e-18 -7.232928e-19 -1.340697e-19 -2.281110e-20 -3.564522e-21 -5.116399e-22 -6.743147e-23 -8.150328e-24 -9.012730e-25 -9.078584e-26 -8.266085e-27 -6.706100e-28 -4.706994e-29 -2.654965e-30 -8.940487e-32 3.638776e-33 1.068741e-33 1.302894e-34 1.218562e-35 9.743276e-37 6.929947e-38 4.469135e-39 2.641350e-40 1.440078e-41 7.273801e-43 3.413583e-44 1.491418e-45 6.078581e-47 1.934371e-48 1.720853e-50 2.408943e-53 6.296864e-57 4.044447e-61 7.953114e-66 5.642470e-71 0.000000e+00
0.000000e+00 1.602649e-69 2.139361e-64 1.031304e-59 1.523052e-55 5.528935e-52 3.748374e-49 3.999863e-47 1.194958e-45 2.789045e-44 6.066885e-43 1.226687e-41 2.298834e-40 3.975911e-39 6.304913e-38 9.069877e-37 1.161201e-35 1.271589e-34 1.068741e-33 3.725607e-33 -9.421763e-32 -2.870776e-30 -5.228109e-29 -7.657076e-28 -9.709632e-27 -1.097874e-25 -1.122926e-24 -1.047048e-23 -8.939120e-23 -7.004646e-22 -5.043876e-21 -3.338880e-20 -2.031513e-19 -1.135444e-18 -5.824419e-18 -2.739066e-17 -1.179453e-16 -4.644454e-16 -1.670468e-15 -5.482068e-15 -1.640408e-14 -4.474888e-14 -1.113444e-13 -2.530709e-13 -5.267495e-13 -1.007755e-12 -1.780591e-12 -2.921934e-12 -4.480503e-12 -6.460076e-12 -8.810821e-12 -1.143114e-11 -1.417875e-11 -1.688754e-11 -1.938609e-11 -2.151444e-11 -2.313729e-11 -2.415291e-11 -2.449851e-11 -2.415291e-11 -2.313729e-11 -2.151444e-11 -1.938609e-11 -1.688754e-11 -1.417875e-11 -1.143114e-11 -8.810821e-12 -6.460076e-12 -4.480503e-12 -2.921934e-12 -1.780591e-12 -1.007755e-12 -5.267495e-13 -2.530709e-13 -1.113444e-13 -4.474888e-14 -1.640408e-14 -5.482068e-15 -1.670468e-15 -4.644454e-16 -1.179453e-16 -2.739066e-17 -5.824419e-18 -1.135444e-18 -2.031513e-19 -3.338880e-20 -5.043876e-21 -7.004646e-22 -8.939120e-23 -1.047048e-23 -1.122926e-24 -1.097874e-25 -9.709632e-27 -7.657076e-28 -5.228109e-29 -2.870776e-30 -9.421763e-32 3.725607e-33 1.068741e-33 1.271589e-34 1.161201e-35 9.069877e-37 6.304913e-38 3.975911e-39 2.298834e-40 1.226687e-41 6.066885e-43 2.789045e-44 1.194958e-45 3.999863e-47 3.748374e-49 5.528935e-52 1.523052e-55 1.031304e-59 2.139361e-64 1.602649e-69 0.000000e+00
0.000000e+00 4.213922e-68 5.333273e-63 2.439218e-58 3.419037e-54 1.178156e-50 7.580710e-48 7.677229e-46 2.179318e-44 4.834161e-43 9.978303e-42 1.909783e-40 3.374881e-39 5.470748e-38 8.048659e-37 1.054394e-35 1.182083e-34 1.017747e-33 3.638776e-33 -9.421763e-32 -2.946507e-30 -5.509719e-29 -8.290615e-28 -1.080812e-26 -1.257249e-25 -1.323885e-24 -1.271788e-23 -1.119485e-22 -9.051427e-22 -6.730360e-21 -4.604182e-20 -2.897197e-19 -1.675893e-18 -8.903248e-18 -4.338801e-17 -1.936968e-16 -7.910029e-16 -2.950571e-15 -1.003969e-14 -3.112723e-14 -8.787505e-14 -2.258739e-13 -5.290344e-13 -1.131181e-12 -2.214962e-12 -3.989376e-12 -6.646106e-12 -1.030704e-11 -1.498174e-11 -2.054963e-11 -2.677151e-11 -3.332417e-11 -3.984613e-11 -4.598171e-11 -5.141479e-11 -5.588829e-11 -5.921055e-11 -6.125255e-11 -6.194107e-11 -6.125255e-11 -5.921055e-11 -5.588829e-11 -5.141479e-11 -4.598171e-11 -3.984613e-11 -3.332417e-11 -2.677151e-11 -2.054963e-11 -1.498174e-11 -1.030704e-11 -6.646106e-12 -3.989376e-12 -2.214962e-12 -1.131181e-12 -5.290344e-13 -2.258739e-13 -8.787505e-14 -3.112723e-14 -1.003969e-14 -2.950571e-15 -7.910029e-16 -1.936968e-16 -4.338801e-17 -8.903248e-18 -1.675893e-18 -2.897197e-19 -4.604182e-20 -6.730360e-21 -9.051427e-22 -1.119485e-22 -1.271788e-23 -1.323885e-24 -1.257249e-25 -1.080812e-26 -8.290615e-28 -5.509719e-29 -2.946507e-30 -9.421763e-32 3.638776e-33 1.017747e-33 1.182083e-34 1.054394e-35 8.048659e-37 5.470748e-38 3.374881e-39 1.909783e-40 9.978303e-42 4.834161e-43 2.179318e-44 7.677229e-46 7.580710e-48 1.178156e-50 3.419037e-54 2.439218e-58 5.333273e-63 4.213922e-68 0.000000e+00
0.000000e+00 1.026251e-66 1.232546e-61 5.351623e-57 7.122335e-53 2.329848e-49 1.422432e-46 1.366296e-44 3.681582e-43 7.749289e-42 1.514151e-40 2.732827e-39 4.526526e-38 6.807906e-37 9.121928e-36 1.046588e-34 9.228910e-34 3.390124e-33 -8.940487e-32 -2.870776e-30 -5.509719e-29 -8.513133e-28 -1.140269e-26 -1.363669e-25 -1.477266e-24 -1.460985e-23 -1.324896e-22 -1.104411e-21 -8.472712e-21 -5.984508e-20 -3.891008e-19 -2.327254e-18 -1.279215e-17 -6.453787e-17 -2.984142e-16 -1.262581e-15 -4.879818e-15 -1.720017e-14 -5.520612e-14 -1.611528e-13 -4.275359e-13 -1.030870e-12 -2.261448e-12 -4.524088e-12 -8.284709e-12 -1.396033e-11 -2.178654e-11 -3.171775e-11 -4.340232e-11 -5.623911e-11 -6.948992e-11 -8.240765e-11 -9.434315e-11 -1.048094e-10 -1.134986e-10 -1.202607e-10 -1.250580e-10 -1.279126e-10 -1.288591e-10 -1.279126e-10 -1.250580e-10 -1.202607e-10 -1.134986e-10 -1.048094e-10 -9.434315e-11 -8.240765e-11 -6.948992e-11 -5.623911e-11 -4.340232e-11 -3.171775e-11 -2.178654e-11 -1.396033e-11 -8.284709e-12 -4.524088e-12 -2.261448e-12 -1.030870e-12 -4.275359e-13 -1.611528e-13 -5.520612e-14 -1.720017e-14 -4.879818e-15 -1.262581e-15 -2.984142e-16 -6.453787e-17 -1.279215e-17 -2.327254e-18 -3.891008e-19 -5.984508e-20 -8.472712e-21 -1.104411e-21 -1.324896e-22 -1.460985e-23 -1.477266e-24 -1.363669e-25 -1.140269e-26 -8.513133e-28 -5.509719e-29 -2.870776e-30 -8.940487e-32 3.390124e-33 9.228910e-34 1.046588e-34 9.121928e-36 6.807906e-37 4.526526e-38 2.732827e-39 1.514151e-40 7.749289e-42 3.681582e-43 1.366296e-44 1.422432e-46 2.329848e-49 7.122335e-53 5.351623e-57 1.232546e-61 1.026251e-66 0.000000e+00
0.000000e+00 2.315622e-65 2.640822e-60 1.088971e-55 1.376210e-51 4.272706e-48 2.473644e-45 2.251084e-43 5.748457e-42 1.145397e-40 2.110559e-39 3.570613e-38 5.487692e-37 7.517742e-36 8.824095e-35 7.968103e-34 3.012547e-33 -8.049755e-32 -2.654965e-30 -5.228109e-29 -8.290615e-28 -1.140269e-26 -1.401090e-25 -1.560436e-24 -1.587628e-23 -1.482165e-22 -1.272800e-21 -1.006641e-20 -7.335197e-20 -4.923593e-19 -3.042261e-18 -1.728650e-17 -9.020638e-17 -4.316239e-16 -1.890370e-15 -7.563782e-15 -2.759513e-14 -9.162073e-14 -2.763520e-13 -7.561904e-13 -1.875626e-12 -4.217329e-12 -8.607102e-12 -1.598856e-11 -2.715360e-11 -4.241766e-11 -6.139816e-11 -8.301469e-11 -1.057107e-10 -1.277986e-10 -1.478010e-10 -1.646913e-10 -1.779903e-10 -1.877323e-10 -1.943395e-10 -1.984544e-10 -2.007711e-10 -2.018909e-10 -2.022171e-10 -2.018909e-10 -2.007711e-10 -1.984544e-10 -1.943395e-10 -1.877323e-10 -1.779903e-10 -1.646913e-10 -1.478010e-10 -1.277986e-10 -1.057107e-10 -8.301469e-11 -6.139816e-11 -4.241766e-11 -2.715360e-11 -1.598856e-11 -8.607102e-12 -4.217329e-12 -1.875626e-12 -7.561904e-13 -2.763520e-13 -9.162073e-14 -2.759513e-14 -7.563782e-15 -1.890370e-15 -4.316239e-16 -9.020638e-17 -1.728650e-17 -3.042261e-18 -4.923593e-19 -7.335197e-20 -1.006641e-20 -1.272800e-21 -1.482165e-22 -1.587628e-23 -1.560436e-24 -1.401090e-25 -1.140269e-26 -8.290615e-28 -5.228109e-29 -2.654965e-30 -8.049755e-32 3.012547e-33 7.968103e-34 8.824095e-35 7.517742e-36 5.487692e-37 3.570613e-38 2.110559e-39 1.145397e-40 5.748457e-42 2.251084e-43 2.473644e-45 4.272706e-48 1.376210e-51 1.088971e-55 2.640822e-60 2.315622e-65 0.000000e+00
0.000000e+00 4.841130e-64 5.244689e-59 2.054245e-54 2.464766e-50 7.258745e-47 3.980705e-44 3.426112e-42 8.270674e-41 1.554147e-39 2.684511e-38 4.214500e-37 5.900771e-36 7.083453e-35 6.549068e-34 2.552915e-33 -6.875799e-32 -2.330444e-30 -4.706994e-29 -7.657076e-28 -1.080812e-26 -1.363669e-25 -1.560436e-24 -1.632214e-23 -1.567602e-22 -1.385799e-21 -1.129046e-20 -8.480925e-20 -5.872242e-19 -3.745387e-18 -2.198156e-17 -1.185461e-16 -5.864901e-16 -2.656774e-15 -1.099665e-14 -4.149612e-14 -1.424275e-13 -4.436406e-13 -1.251432e-12 -3.191357e-12 -7.349814e-12 -1.528576e-11 -2.874671e-11 -4.903568e-11 -7.624526e-11 -1.087914e-10 -1.435776e-10 -1.767408e-10 -2.046245e-10 -2.246003e-10 -2.355068e-10 -2.376665e-10 -2.325892e-10 -2.225237e-10 -2.099977e-10 -1.974400e-10 -1.869156e-10 -1.799692e-10 -1.775477e-10 -1.799692e-10 -1.869156e-10 -1.974400e-10 -2.099977e-10 -2.225237e-10 -2.325892e-10 -2.376665e-10 -2.355068e-10 -2.246003e-10 -2.046245e-10 -1.767408e-10 -1.435776e-10 -1.087914e-10 -7.624526e-11 -4.903568e-11 -2.874671e-11 -1.528576e-11 -7.349814e-12 -3.191357e-12 -1.251432e-12 -4.436406e-13 -1.424275e-13 -4.149612e-14 -1.099665e-14 -2.656774e-15 -5.864901e-16 -1.185461e-16 -2.198156e-17 -3.745387e-18 -5.872242e-19 -8.480925e-20 -1.129046e-20 -1.385799e-21 -1.567602e-22 -1.632214e-23 -1.560436e-24 -1.363669e-25 -1.080812e-26 -7.657076e-28 -4.706994e-29 -2.330444e-30 -6.875799e-32 2.552915e-33 6.549068e-34 7.083453e-35 5.900771e-36 4.214500e-37 2.684511e-38 1.554147e-39 8.270674e-41 3.426112e-42 3.980705e-44 7.258745e-47 2.464766e-50 2.054245e-54 5.244689e-59 4.841130e-64 0.000000e+00
0.000000e+00 9.375611e-63 9.650440e-58 3.589839e-53 4.087237e-49 1.140632e-45 5.915252e-43 4.802323e-41 1.091658e-39 1.923063e-38 3.082847e-37 4.409907e-36 5.412394e-35 5.123002e-34 2.062623e-33 -5.570206e-32 -1.941151e-30 -4.020346e-29 -6.706100e-28 -9.709632e-27 -1.257249e-25 -1.477266e-24 -1.587628e-23 -1.567602e-22 -1.425632e-21 -1.195668e-20 -9.251720e-20 -6.603142e-19 -4.344026e-18 -2.631311e-17 -1.465431e-16 -7.490568e-16 -3.507052e-15 -1.500585e-14 -5.853108e-14 -2.075673e-13 -6.673704e-13 -1.939961e-12 -5.084856e-12 -1.199005e-11 -2.539252e-11 -4.826976e-11 -8.243505e-11 -1.268185e-10 -1.765429e-10 -2.236971e-10 -2.595837e-10 -2.772547e-10 -2.732191e-10 -2.478966e-10 -2.049655e-10 -1.501030e-10 -8.965739e-11 -2.959208e-11 2.514246e-11 7.083751e-11 1.049682e-10 1.259834e-10 1.330718e-10 1.259834e-10 1.049682e-10 7.083751e-11 2.514246e-11 -2.959208e-11 -8.965739e-11 -1.501030e-10 -2.049655e-10 -2.478966e-10 -2.732191e-10 -2.772547e-10 -2.595837e-10 -2.236971e-10 -1.765429e-10 -1.268185e-10 -8.243505e-11 -4.826976e-11 -2.539252e-11 -1.199005e-11 -5.084856e-12 -1.939961e-12 -6.673704e-13 -2.075673e-13 -5.853108e-14 -1.500585e-14 -3.507052e-15 -7.490568e-16 -1.465431e-16 -2.631311e-17 -4.344026e-18 -6.603142e-19 -9.251720e-20 -1.195668e-20 -1.425632e-21 -1.567602e-22 -1.587628e-23 -1.477266e-24 -1.257249e-25 -9.709632e-27 -6.706100e-28 -4.020346e-29 -1.941151e-30 -5.570206e-32 2.062623e-33 5.123002e-34 5.412394e-35 4.409907e-36 3.082847e-37 1.923063e-38 1.091658e-39 4.802323e-41 5.915252e-43 1.140632e-45 4.087237e-49 3.589839e-53 9.650440e-58 9.375611e-63 0.000000e+00
