0.000000e+00 1.701919e-112 6.535814e-107 8.571792e-102 3.288227e-97 2.984012e-93 4.897557e-90 1.226365e-87 8.237782e-86 4.188893e-84 1.957326e-82 8.424659e-81 3.347968e-79 1.230817e-77 4.192590e-76 1.324975e-74 3.888742e-73 1.060762e-71 2.690691e-70 6.348661e-69 1.393529e-67 2.845224e-66 5.401809e-65 9.530974e-64 1.561517e-62 2.372827e-61 3.339039e-60 4.342246e-59 5.203980e-58 5.725597e-57 5.751672e-56 5.232091e-55 4.252365e-54 3.012911e-53 1.762917e-52 7.183426e-52 1.130155e-53 -3.768919e-50 -4.870258e-49 -4.353036e-48 -3.186112e-47 -2.010949e-46 -1.118848e-45 -5.547461e-45 -2.465271e-44 -9.849530e-44 -3.543487e-43 -1.148747e-42 -3.356679e-42 -8.841208e-42 -2.099151e-41 -4.493261e-41 -8.673453e-41 -1.510568e-40 -2.375072e-40 -3.373698e-40 -4.332385e-40 -5.032556e-40 -5.290011e-40 -5.032556e-40 -4.332385e-40 -3.373698e-40 -2.375072e-40 -1.510568e-40 -8.673453e-41 -4.493261e-41 -2.099151e-41 -8.841208e-42 -3.356679e-42 -1.148747e-42 -3.543487e-43 -9.849530e-44 -2.465271e-44 -5.547461e-45 -1.118848e-45 -2.010949e-46 -3.186112e-47 -4.353036e-48 -4.870258e-49 -3.768919e-50 1.130155e-53 7.183426e-52 1.762917e-52 3.012911e-53 4.252365e-54 5.232091e-55 5.751672e-56 5.725597e-57 5.203980e-58 4.342246e-59 3.339039e-60 2.372827e-61 1.561517e-62 9.530974e-64 5.401809e-65 2.845224e-66 1.393529e-67 6.348661e-69 2.690691e-70 1.060762e-71 3.888742e-73 1.324975e-74 4.192590e-76 1.230817e-77 3.347968e-79 8.424659e-81 1.957326e-82 4.188893e-84 8.237782e-86 1.226365e-87 4.897557e-90 2.984012e-93 3.288227e-97 8.571792e-102 6.535814e-107 1.701919e-112 0.000000e+00
0.000000e+00 1.015479e-106 3.483528e-101 4.122122e-96 1.438484e-91 1.195659e-87 1.807865e-84 4.192324e-82 2.622289e-80 1.247253e-78 5.468766e-77 2.214807e-75 8.301236e-74 2.884093e-72 9.300393e-71 2.786538e-69 7.763141e-68 2.012130e-66 4.853581e-65 1.089699e-63 2.276914e-62 4.426342e-61 8.001286e-60 1.343790e-58 2.094399e-57 3.024595e-56 4.038738e-55 4.972352e-54 5.622181e-53 5.805076e-52 5.426383e-51 4.526806e-50 3.281196e-49 1.944302e-48 7.659900e-48 -8.552826e-48 -5.598448e-46 -7.107969e-45 -6.494248e-44 -4.915749e-43 -3.227491e-42 -1.875400e-41 -9.742511e-41 -4.549349e-40 -1.915152e-39 -7.279428e-39 -2.500035e-38 -7.760191e-38 -2.177284e-37 -5.522101e-37 -1.266239e-36 -2.626056e-36 -4.928511e-36 -8.376877e-36 -1.290600e-35 -1.804060e-35 -2.290010e-35 -2.641536e-35 -2.770172e-35 -2.641536e-35 -2.290010e-35 -1.804060e-35 -1.290600e-35 -8.376877e-36 -4.928511e-36 -2.626056e-36 -1.266239e-36 -5.522101e-37 -2.177284e-37 -7.760191e-38 -2.500035e-38 -7.279428e-39 -1.915152e-39 -4.549349e-40 -9.742511e-41 -1.875400e-41 -3.227491e-42 -4.915749e-43 -6.494248e-44 -7.107969e-45 -5.598448e-46 -8.552826e-48 7.659900e-48 1.944302e-48 3.281196e-49 4.526806e-50 5.426383e-51 5.805076e-52 5.622181e-53 4.972352e-54 4.038738e-55 3.024595e-56 2.094399e-57 1.343790e-58 8.001286e-60 4.426342e-61 2.276914e-62 1.089699e-63 4.853581e-65 2.012130e-66 7.763141e-68 2.786538e-69 9.300393e-71 2.884093e-72 8.301236e-74 2.214807e-75 5.468766e-77 1.247253e-78 2.622289e-80 4.192324e-82 1.807865e-84 1.195659e-87 1.438484e-91 4.122122e-96 3.483528e-101 1.015479e-106 0.000000e+00
0.000000e+00 2.212195e-101 6.847032e-96 7.370553e-91 2.355857e-86 1.803904e-82 2.525038e-79 5.445135e-77 3.182857e-75 1.420379e-73 5.859292e-72 2.237770e-70 7.925362e-69 2.606318e-67 7.966946e-66 2.265457e-64 5.996005e-63 1.477605e-61 3.390791e-60 7.245250e-59 1.441063e-57 2.666564e-56 4.586733e-55 7.325480e-54 1.084595e-52 1.485508e-51 1.876711e-50 2.178062e-49 2.308475e-48 2.214114e-47 1.892518e-46 1.400043e-45 8.365740e-45 3.127658e-44 -8.559861e-44 -3.203220e-42 -4.024086e-41 -3.757185e-40 -2.936287e-39 -2.001059e-38 -1.211298e-37 -6.574512e-37 -3.215991e-36 -1.421734e-35 -5.688716e-35 -2.061631e-34 -6.769143e-34 -2.013848e-33 -5.429103e-33 -1.326551e-32 -2.938909e-32 -5.907323e-32 -1.078243e-31 -1.789060e-31 -2.701598e-31 -3.717119e-31 -4.664804e-31 -5.343889e-31 -5.591213e-31 -5.343889e-31 -4.664804e-31 -3.717119e-31 -2.701598e-31 -1.789060e-31 -1.078243e-31 -5.907323e-32 -2.938909e-32 -1.326551e-32 -5.429103e-33 -2.013848e-33 -6.769143e-34 -2.061631e-34 -5.688716e-35 -1.421734e-35 -3.215991e-36 -6.574512e-37 -1.211298e-37 -2.001059e-38 -2.936287e-39 -3.757185e-40 -4.024086e-41 -3.203220e-42 -8.559861e-44 3.127658e-44 8.365740e-45 1.400043e-45 1.892518e-46 2.214114e-47 2.308475e-48 2.178062e-49 1.876711e-50 1.485508e-51 1.084595e-52 7.325480e-54 4.586733e-55 2.666564e-56 1.441063e-57 7.245250e-59 3.390791e-60 1.477605e-61 5.996005e-63 2.265457e-64 7.966946e-66 2.606318e-67 7.925362e-69 2.237770e-70 5.859292e-72 1.420379e-73 3.182857e-75 5.445135e-77 2.525038e-79 1.803904e-82 2.355857e-86 7.370553e-91 6.847032e-96 2.212195e-101 0.000000e+00
0.000000e+00 1.540272e-96 4.336830e-91 4.275980e-86 1.259060e-81 8.924595e-78 1.161283e-74 2.337038e-72 1.280489e-70 5.375350e-69 2.090815e-67 7.544372e-66 2.528744e-64 7.881656e-63 2.286174e-61 6.174871e-60 1.553555e-58 3.641381e-57 7.950873e-56 1.616754e-54 3.059979e-53 5.386190e-52 8.807037e-51 1.335588e-49 1.874430e-48 2.427317e-47 2.888146e-46 3.138085e-45 3.083722e-44 2.695915e-43 2.030500e-42 1.217559e-41 4.206087e-41 -2.170330e-40 -6.146401e-39 -7.678574e-38 -7.322956e-37 -5.899430e-36 -4.164561e-35 -2.620023e-34 -1.481929e-33 -7.572207e-33 -3.504620e-32 -1.471277e-31 -5.606334e-31 -1.939611e-30 -6.093179e-30 -1.738218e-29 -4.503839e-29 -1.060372e-28 -2.269989e-28 -4.422755e-28 -7.852079e-28 -1.272012e-27 -1.882915e-27 -2.550333e-27 -3.164519e-27 -3.600517e-27 -3.758562e-27 -3.600517e-27 -3.164519e-27 -2.550333e-27 -1.882915e-27 -1.272012e-27 -7.852079e-28 -4.422755e-28 -2.269989e-28 -1.060372e-28 -4.503839e-29 -1.738218e-29 -6.093179e-30 -1.939611e-30 -5.606334e-31 -1.471277e-31 -3.504620e-32 -7.572207e-33 -1.481929e-33 -2.620023e-34 -4.164561e-35 -5.899430e-36 -7.322956e-37 -7.678574e-38 -6.146401e-39 -2.170330e-40 4.206087e-41 1.217559e-41 2.030500e-42 2.695915e-43 3.083722e-44 3.138085e-45 2.888146e-46 2.427317e-47 1.874430e-48 1.335588e-49 8.807037e-51 5.386190e-52 3.059979e-53 1.616754e-54 7.950873e-56 3.641381e-57 1.553555e-58 6.174871e-60 2.286174e-61 7.881656e-63 2.528744e-64 7.544372e-66 2.090815e-67 5.375350e-69 1.280489e-70 2.337038e-72 1.161283e-74 8.924595e-78 1.259060e-81 4.275980e-86 4.336830e-91 1.540272e-96 0.000000e+00
0.000000e+00 2.855474e-92 7.364071e-87 6.688734e-82 1.823189e-77 1.201294e-73 1.458227e-70 2.746912e-68 1.414415e-66 5.597695e-65 2.056811e-63 7.022874e-62 2.230649e-60 6.596233e-59 1.817027e-57 4.664280e-56 1.115914e-54 2.488121e-53 5.168692e-52 9.998265e-51 1.799474e-49 3.009782e-48 4.670806e-47 6.710499e-46 8.898007e-45 1.084206e-43 1.206152e-42 1.212615e-41 1.082364e-40 8.278370e-40 4.953484e-39 1.517699e-38 -1.372689e-37 -3.279943e-36 -4.089727e-35 -3.981703e-34 -3.301618e-33 -2.409647e-32 -1.572130e-31 -9.244384e-31 -4.921314e-30 -2.377851e-29 -1.044160e-28 -4.169709e-28 -1.514642e-27 -5.005100e-27 -1.504675e-26 -4.116040e-26 -1.024938e-25 -2.324850e-25 -4.808462e-25 -9.080182e-25 -1.567923e-24 -2.479813e-24 -3.598365e-24 -4.798015e-24 -5.886651e-24 -6.652235e-24 -6.928449e-24 -6.652235e-24 -5.886651e-24 -4.798015e-24 -3.598365e-24 -2.479813e-24 -1.567923e-24 -9.080182e-25 -4.808462e-25 -2.324850e-25 -1.024938e-25 -4.116040e-26 -1.504675e-26 -5.005100e-27 -1.514642e-27 -4.169709e-28 -1.044160e-28 -2.377851e-29 -4.921314e-30 -9.244384e-31 -1.572130e-31 -2.409647e-32 -3.301618e-33 -3.981703e-34 -4.089727e-35 -3.279943e-36 -1.372689e-37 1.517699e-38 4.953484e-39 8.278370e-40 1.082364e-40 1.212615e-41 1.206152e-42 1.084206e-43 8.898007e-45 6.710499e-46 4.670806e-47 3.009782e-48 1.799474e-49 9.998265e-51 5.168692e-52 2.488121e-53 1.115914e-54 4.664280e-56 1.817027e-57 6.596233e-59 2.230649e-60 7.022874e-62 2.056811e-63 5.597695e-65 1.414415e-66 2.746912e-68 1.458227e-70 1.201294e-73 1.823189e-77 6.688734e-82 7.364071e-87 2.855474e-92 0.000000e+00
0.000000e+00 1.103725e-88 2.622216e-83 2.204845e-78 5.586590e-74 3.433814e-70 3.900199e-67 6.894621e-65 3.343627e-63 1.249862e-61 4.345113e-60 1.405699e-58 4.235372e-57 1.189200e-55 3.112742e-54 7.596688e-53 1.728513e-51 3.665755e-50 7.242080e-49 1.331716e-47 2.276635e-46 3.612385e-45 5.307972e-44 7.199843e-43 8.974438e-42 1.021009e-40 1.048737e-39 9.540901e-39 7.390865e-38 4.384818e-37 1.112849e-36 -1.779010e-35 -3.797387e-34 -4.739724e-33 -4.708476e-32 -4.013169e-31 -3.022960e-30 -2.041315e-29 -1.245147e-28 -6.889701e-28 -3.466344e-27 -1.587727e-26 -6.624717e-26 -2.518474e-25 -8.723751e-25 -2.753445e-24 -7.919894e-24 -2.076787e-23 -4.968040e-23 -1.085276e-22 -2.167951e-22 -3.966749e-22 -6.660542e-22 -1.028313e-21 -1.462562e-21 -1.919704e-21 -2.328744e-21 -2.613700e-21 -2.716024e-21 -2.613700e-21 -2.328744e-21 -1.919704e-21 -1.462562e-21 -1.028313e-21 -6.660542e-22 -3.966749e-22 -2.167951e-22 -1.085276e-22 -4.968040e-23 -2.076787e-23 -7.919894e-24 -2.753445e-24 -8.723751e-25 -2.518474e-25 -6.624717e-26 -1.587727e-26 -3.466344e-27 -6.889701e-28 -1.245147e-28 -2.041315e-29 -3.022960e-30 -4.013169e-31 -4.708476e-32 -4.739724e-33 -3.797387e-34 -1.779010e-35 1.112849e-36 4.384818e-37 7.390865e-38 9.540901e-39 1.048737e-39 1.021009e-40 8.974438e-42 7.199843e-43 5.307972e-44 3.612385e-45 2.276635e-46 1.331716e-47 7.242080e-49 3.665755e-50 1.728513e-51 7.596688e-53 3.112742e-54 1.189200e-55 4.235372e-57 1.405699e-58 4.345113e-60 1.249862e-61 3.343627e-63 6.894621e-65 3.900199e-67 3.433814e-70 5.586590e-74 2.204845e-78 2.622216e-83 1.103725e-88 0.000000e+00
0.000000e+00 6.839047e-86 1.504332e-80 1.175962e-75 2.779931e-71 1.598965e-67 1.703913e-64 2.833145e-62 1.296604e-60 4.585586e-59 1.510428e-57 4.635178e-56 1.326028e-54 3.537712e-53 8.803326e-52 2.043157e-50 4.421441e-49 8.916588e-48 1.674336e-46 2.923968e-45 4.740894e-44 7.120247e-43 9.873206e-42 1.258056e-40 1.462580e-39 1.533544e-38 1.420440e-37 1.112542e-36 6.510263e-36 1.220203e-35 -3.690605e-34 -7.316519e-33 -9.175815e-32 -9.304000e-31 -8.146014e-30 -6.326049e-29 -4.415248e-28 -2.789298e-27 -1.601316e-26 -8.372625e-26 -3.991649e-25 -1.736109e-24 -6.889768e-24 -2.494764e-23 -8.242105e-23 -2.484657e-22 -6.836716e-22 -1.718108e-21 -3.947361e-21 -8.302689e-21 -1.601574e-20 -2.839082e-20 -4.635236e-20 -6.985612e-20 -9.738799e-20 -1.258359e-19 -1.509344e-19 -1.682552e-19 -1.744455e-19 -1.682552e-19 -1.509344e-19 -1.258359e-19 -9.738799e-20 -6.985612e-20 -4.635236e-20 -2.839082e-20 -1.601574e-20 -8.302689e-21 -3.947361e-21 -1.718108e-21 -6.836716e-22 -2.484657e-22 -8.242105e-23 -2.494764e-23 -6.889768e-24 -1.736109e-24 -3.991649e-25 -8.372625e-26 -1.601316e-26 -2.789298e-27 -4.415248e-28 -6.326049e-29 -8.146014e-30 -9.304000e-31 -9.175815e-32 -7.316519e-33 -3.690605e-34 1.220203e-35 6.510263e-36 1.112542e-36 1.420440e-37 1.533544e-38 1.462580e-39 1.258056e-40 9.873206e-42 7.120247e-43 4.740894e-44 2.923968e-45 1.674336e-46 8.916588e-48 4.421441e-49 2.043157e-50 8.803326e-52 3.537712e-53 1.326028e-54 4.635178e-56 1.510428e-57 4.585586e-59 1.296604e-60 2.833145e-62 1.703913e-64 1.598965e-67 2.779931e-71 1.175962e-75 1.504332e-80 6.839047e-86 0.000000e+00
0.000000e+00 7.483828e-84 1.531665e-78 1.118010e-73 2.475305e-69 1.336868e-65 1.340632e-62 2.102326e-60 9.101699e-59 3.052104e-57 9.543750e-56 2.783041e-54 7.571264e-53 1.921942e-51 4.552137e-50 1.005710e-48 2.071477e-47 3.974423e-46 7.094620e-45 1.176277e-43 1.807130e-42 2.564019e-41 3.343499e-40 3.977630e-39 4.265339e-38 4.033483e-37 3.209053e-36 1.870330e-35 2.465620e-35 -1.343372e-33 -2.592133e-32 -3.301386e-31 -3.433008e-30 -3.095930e-29 -2.483030e-28 -1.793418e-27 -1.174460e-26 -7.000184e-26 -3.805544e-25 -1.889032e-24 -8.566130e-24 -3.548958e-23 -1.343251e-22 -4.644172e-22 -1.466738e-21 -4.232328e-21 -1.116386e-20 -2.694328e-20 -5.957534e-20 -1.208995e-19 -2.256548e-19 -3.882940e-19 -6.175333e-19 -9.099559e-19 -1.245220e-18 -1.585699e-18 -1.882202e-18 -2.085046e-18 -2.157226e-18 -2.085046e-18 -1.882202e-18 -1.585699e-18 -1.245220e-18 -9.099559e-19 -6.175333e-19 -3.882940e-19 -2.256548e-19 -1.208995e-19 -5.957534e-20 -2.694328e-20 -1.116386e-20 -4.232328e-21 -1.466738e-21 -4.644172e-22 -1.343251e-22 -3.548958e-23 -8.566130e-24 -1.889032e-24 -3.805544e-25 -7.000184e-26 -1.174460e-26 -1.793418e-27 -2.483030e-28 -3.095930e-29 -3.433008e-30 -3.301386e-31 -2.592133e-32 -1.343372e-33 2.465620e-35 1.870330e-35 3.209053e-36 4.033483e-37 4.265339e-38 3.977630e-39 3.343499e-40 2.564019e-41 1.807130e-42 1.176277e-43 7.094620e-45 3.974423e-46 2.071477e-47 1.005710e-48 4.552137e-50 1.921942e-51 7.571264e-53 2.783041e-54 9.543750e-56 3.052104e-57 9.101699e-59 2.102326e-60 1.340632e-62 1.336868e-65 2.475305e-69 1.118010e-73 1.531665e-78 7.483828e-84 0.000000e+00
0.000000e+00 3.959568e-82 7.577888e-77 5.188184e-72 1.080215e-67 5.498398e-64 5.206481e-61 7.724311e-59 3.172630e-57 1.011460e-55 3.010001e-54 8.360140e-53 2.167557e-51 5.245952e-50 1.184845e-48 2.496068e-47 4.900643e-46 8.956385e-45 1.521128e-43 2.395140e-42 3.484838e-41 4.662434e-40 5.693779e-39 6.269979e-38 6.089562e-37 4.972535e-36 2.961151e-35 3.538478e-35 -2.359087e-33 -4.643340e-32 -6.091960e-31 -6.545170e-30 -6.109570e-29 -5.079413e-28 -3.808126e-27 -2.591994e-26 -1.607805e-25 -9.108140e-25 -4.717373e-24 -2.234839e-23 -9.685062e-23 -3.838975e-22 -1.391575e-21 -4.612420e-21 -1.398025e-20 -3.876366e-20 -9.839738e-20 -2.289328e-19 -4.890074e-19 -9.609726e-19 -1.741610e-18 -2.918691e-18 -4.535304e-18 -6.551714e-18 -8.820421e-18 -1.108984e-17 -1.304381e-17 -1.437047e-17 -1.484075e-17 -1.437047e-17 -1.304381e-17 -1.108984e-17 -8.820421e-18 -6.551714e-18 -4.535304e-18 -2.918691e-18 -1.741610e-18 -9.609726e-19 -4.890074e-19 -2.289328e-19 -9.839738e-20 -3.876366e-20 -1.398025e-20 -4.612420e-21 -1.391575e-21 -3.838975e-22 -9.685062e-23 -2.234839e-23 -4.717373e-24 -9.108140e-25 -1.607805e-25 -2.591994e-26 -3.808126e-27 -5.079413e-28 -6.109570e-29 -6.545170e-30 -6.091960e-31 -4.643340e-32 -2.359087e-33 3.538478e-35 2.961151e-35 4.972535e-36 6.089562e-37 6.269979e-38 5.693779e-39 4.662434e-40 3.484838e-41 2.395140e-42 1.521128e-43 8.956385e-45 4.900643e-46 2.496068e-47 1.184845e-48 5.245952e-50 2.167557e-51 8.360140e-53 3.010001e-54 1.011460e-55 3.172630e-57 7.724311e-59 5.206481e-61 5.498398e-64 1.080215e-67 5.188184e-72 7.577888e-77 3.959568e-82 0.000000e+00
0.000000e+00 1.886219e-80 3.387140e-75 2.181591e-70 4.282522e-66 2.059036e-62 1.844591e-59 2.593384e-57 1.012043e-55 3.071359e-54 8.707831e-53 2.305591e-51 5.700870e-50 1.316074e-48 2.835186e-47 5.695037e-46 1.065404e-44 1.853159e-43 2.990047e-42 4.460363e-41 6.121879e-40 7.673589e-39 8.677923e-38 8.658885e-37 7.264092e-36 4.435618e-35 5.079417e-35 -3.833795e-33 -7.742552e-32 -1.047677e-30 -1.163173e-29 -1.123526e-28 -9.677568e-28 -7.525876e-27 -5.319650e-26 -3.430828e-25 -2.023151e-24 -1.092065e-23 -5.398293e-23 -2.443850e-22 -1.013043e-21 -3.844191e-21 -1.335094e-20 -4.243484e-20 -1.234600e-19 -3.289806e-19 -8.037026e-19 -1.802826e-18 -3.720575e-18 -7.081341e-18 -1.246412e-17 -2.034771e-17 -3.089950e-17 -4.377070e-17 -5.798449e-17 -7.199127e-17 -8.391611e-17 -9.195191e-17 -9.478983e-17 -9.195191e-17 -8.391611e-17 -7.199127e-17 -5.798449e-17 -4.377070e-17 -3.089950e-17 -2.034771e-17 -1.246412e-17 -7.081341e-18 -3.720575e-18 -1.802826e-18 -8.037026e-19 -3.289806e-19 -1.234600e-19 -4.243484e-20 -1.335094e-20 -3.844191e-21 -1.013043e-21 -2.443850e-22 -5.398293e-23 -1.092065e-23 -2.023151e-24 -3.430828e-25 -5.319650e-26 -7.525876e-27 -9.677568e-28 -1.123526e-28 -1.163173e-29 -1.047677e-30 -7.742552e-32 -3.833795e-33 5.079417e-35 4.435618e-35 7.264092e-36 8.658885e-37 8.677923e-38 7.673589e-39 6.121879e-40 4.460363e-41 2.990047e-42 1.853159e-43 1.065404e-44 5.695037e-46 2.835186e-47 1.316074e-48 5.700870e-50 2.305591e-51 8.707831e-53 3.071359e-54 1.012043e-55 2.593384e-57 1.844591e-59 2.059036e-62 4.282522e-66 2.181591e-70 3.387140e-75 1.886219e-80 0.000000e+00
0.000000e+00 8.280030e-79 1.398935e-73 8.496233e-69 1.575618e-64 7.167826e-61 6.083668e-58 8.115081e-56 3.011805e-54 8.707837e-53 2.353499e-51 5.942743e-50 1.401616e-48 3.086241e-47 6.339393e-46 1.213330e-44 2.160276e-43 3.569695e-42 5.456455e-41 7.677977e-40 9.872227e-39 1.145794e-37 1.173820e-36 1.011094e-35 6.328621e-35 6.960881e-35 -5.908801e-33 -1.224271e-31 -1.707303e-30 -1.956922e-29 -1.953928e-28 -1.741736e-27 -1.403274e-26 -1.028763e-25 -6.889039e-25 -4.222782e-24 -2.371993e-23 -1.221504e-22 -5.767058e-22 -2.495717e-21 -9.896338e-21 -3.594614e-20 -1.195757e-19 -3.643027e-19 -1.016893e-18 -2.602763e-18 -6.116619e-18 -1.322232e-17 -2.635383e-17 -4.856490e-17 -8.299849e-17 -1.319670e-16 -1.958240e-16 -2.719860e-16 -3.545242e-16 -4.346420e-16 -5.020823e-16 -5.471861e-16 -5.630547e-16 -5.471861e-16 -5.020823e-16 -4.346420e-16 -3.545242e-16 -2.719860e-16 -1.958240e-16 -1.319670e-16 -8.299849e-17 -4.856490e-17 -2.635383e-17 -1.322232e-17 -6.116619e-18 -2.602763e-18 -1.016893e-18 -3.643027e-19 -1.195757e-19 -3.594614e-20 -9.896338e-21 -2.495717e-21 -5.767058e-22 -1.221504e-22 -2.371993e-23 -4.222782e-24 -6.889039e-25 -1.028763e-25 -1.403274e-26 -1.741736e-27 -1.953928e-28 -1.956922e-29 -1.707303e-30 -1.224271e-31 -5.908801e-33 6.960881e-35 6.328621e-35 1.011094e-35 1.173820e-36 1.145794e-37 9.872227e-39 7.677977e-40 5.456455e-41 3.569695e-42 2.160276e-43 1.213330e-44 6.339393e-46 3.086241e-47 1.401616e-48 5.942743e-50 2.353499e-51 8.707837e-53 3.011805e-54 8.115081e-56 6.083668e-58 7.167826e-61 1.575618e-64 8.496233e-69 1.398935e-73 8.280030e-79 0.000000e+00
0.000000e+00 3.357304e-77 5.349341e-72 3.069648e-67 5.387039e-63 2.322082e-59 1.869422e-56 2.368143e-54 8.365333e-53 2.305593e-51 5.942743e-50 1.431340e-48 3.219925e-47 6.760229e-46 1.323102e-44 2.410089e-43 4.076439e-42 6.381286e-41 9.200636e-40 1.212788e-38 1.443742e-37 1.517660e-36 1.341527e-35 8.604859e-35 9.126109e-35 -8.642316e-33 -1.836943e-31 -2.638251e-30 -3.119229e-29 -3.216306e-28 -2.963917e-27 -2.471208e-26 -1.876778e-25 -1.303278e-24 -8.293008e-24 -4.840783e-23 -2.593198e-22 -1.274888e-21 -5.750544e-21 -2.378872e-20 -9.021417e-20 -3.135270e-19 -9.984206e-19 -2.913851e-18 -7.798180e-18 -1.915874e-17 -4.328193e-17 -9.011066e-17 -1.733650e-16 -3.091862e-16 -5.128766e-16 -7.940088e-16 -1.151052e-15 -1.567293e-15 -2.009857e-15 -2.432921e-15 -2.784974e-15 -3.018629e-15 -3.100520e-15 -3.018629e-15 -2.784974e-15 -2.432921e-15 -2.009857e-15 -1.567293e-15 -1.151052e-15 -7.940088e-16 -5.128766e-16 -3.091862e-16 -1.733650e-16 -9.011066e-17 -4.328193e-17 -1.915874e-17 -7.798180e-18 -2.913851e-18 -9.984206e-19 -3.135270e-19 -9.021417e-20 -2.378872e-20 -5.750544e-21 -1.274888e-21 -2.593198e-22 -4.840783e-23 -8.293008e-24 -1.303278e-24 -1.876778e-25 -2.471208e-26 -2.963917e-27 -3.216306e-28 -3.119229e-29 -2.638251e-30 -1.836943e-31 -8.642316e-33 9.126109e-35 8.604859e-35 1.341527e-35 1.517660e-36 1.443742e-37 1.212788e-38 9.200636e-40 6.381286e-41 4.076439e-42 2.410089e-43 1.323102e-44 6.760229e-46 3.219925e-47 1.431340e-48 5.942743e-50 2.305593e-51 8.365333e-53 2.368143e-54 1.869422e-56 2.322082e-59 5.387039e-63 3.069648e-67 5.349341e-72 3.357304e-77 0.000000e+00
0.000000e+00 1.259849e-75 1.896910e-70 1.030237e-65 1.713403e-61 7.006360e-58 5.355334e-55 6.447348e-53 2.168950e-51 5.700875e-50 1.401616e-48 3.219925e-47 6.906582e-46 1.381629e-44 2.573532e-43 4.453314e-42 7.135596e-41 1.053604e-39 1.422984e-38 1.736484e-37 1.871978e-36 1.697220e-35 1.115336e-34 1.146468e-34 -1.200239e-32 -2.616856e-31 -3.868146e-30 -4.713547e-29 -5.014620e-28 -4.772606e-27 -4.113651e-26 -3.232807e-25 -2.325287e-24 -1.534090e-23 -9.293533e-23 -5.171906e-22 -2.643928e-21 -1.241203e-20 -5.348421e-20 -2.114320e-19 -7.664352e-19 -2.546870e-18 -7.758027e-18 -2.167022e-17 -5.555330e-17 -1.308902e-16 -2.840116e-16 -5.690317e-16 -1.056009e-15 -1.821570e-15 -2.931331e-15 -4.416858e-15 -6.253216e-15 -8.344753e-15 -1.052565e-14 -1.257815e-14 -1.426622e-14 -1.537785e-14 -1.576593e-14 -1.537785e-14 -1.426622e-14 -1.257815e-14 -1.052565e-14 -8.344753e-15 -6.253216e-15 -4.416858e-15 -2.931331e-15 -1.821570e-15 -1.056009e-15 -5.690317e-16 -2.840116e-16 -1.308902e-16 -5.555330e-17 -2.167022e-17 -7.758027e-18 -2.546870e-18 -7.664352e-19 -2.114320e-19 -5.348421e-20 -1.241203e-20 -2.643928e-21 -5.171906e-22 -9.293533e-23 -1.534090e-23 -2.325287e-24 -3.232807e-25 -4.113651e-26 -4.772606e-27 -5.014620e-28 -4.713547e-29 -3.868146e-30 -2.616856e-31 -1.200239e-32 1.146468e-34 1.115336e-34 1.697220e-35 1.871978e-36 1.736484e-37 1.422984e-38 1.053604e-39 7.135596e-41 4.453314e-42 2.573532e-43 1.381629e-44 6.906582e-46 3.219925e-47 1.401616e-48 5.700875e-50 2.168950e-51 6.447348e-53 5.355334e-55 7.006360e-58 1.713403e-61 1.030237e-65 1.896910e-70 1.259849e-75 0.000000e+00
0.000000e+00 4.382443e-74 6.246109e-69 3.215368e-64 5.073801e-60 1.970108e-56 1.430768e-53 1.637904e-51 5.249439e-50 1.316075e-48 3.086241e-47 6.760229e-46 1.381629e-44 2.630421e-43 4.654524e-42 7.629998e-41 1.153146e-39 1.594895e-38 1.994041e-37 2.203318e-36 2.047946e-35 1.378538e-34 1.382217e-34 -1.583511e-32 -3.541091e-31 -5.383873e-30 -6.756475e-29 -7.410033e-28 -7.276913e-27 -6.477722e-26 -5.262272e-25 -3.916228e-24 -2.675731e-23 -1.680257e-22 -9.701716e-22 -5.150394e-21 -2.513035e-20 -1.126393e-19 -4.634966e-19 -1.749880e-18 -6.058555e-18 -1.923195e-17 -5.597804e-17 -1.494860e-16 -3.666637e-16 -8.275498e-16 -1.722825e-15 -3.318463e-15 -5.935041e-15 -9.894165e-15 -1.543578e-14 -2.262354e-14 -3.126492e-14 -4.087371e-14 -5.069390e-14 -5.978829e-14 -6.717802e-14 -7.200518e-14 -7.368360e-14 -7.200518e-14 -6.717802e-14 -5.978829e-14 -5.069390e-14 -4.087371e-14 -3.126492e-14 -2.262354e-14 -1.543578e-14 -9.894165e-15 -5.935041e-15 -3.318463e-15 -1.722825e-15 -8.275498e-16 -3.666637e-16 -1.494860e-16 -5.597804e-17 -1.923195e-17 -6.058555e-18 -1.749880e-18 -4.634966e-19 -1.126393e-19 -2.513035e-20 -5.150394e-21 -9.701716e-22 -1.680257e-22 -2.675731e-23 -3.916228e-24 -5.262272e-25 -6.477722e-26 -7.276913e-27 -7.410033e-28 -6.756475e-29 -5.383873e-30 -3.541091e-31 -1.583511e-32 1.382217e-34 1.378538e-34 2.047946e-35 2.203318e-36 1.994041e-37 1.594895e-38 1.153146e-39 7.629998e-41 4.654524e-42 2.630421e-43 1.381629e-44 6.760229e-46 3.086241e-47 1.316075e-48 5.249439e-50 1.637904e-51 1.430768e-53 1.970108e-56 5.073801e-60 3.215368e-64 6.246109e-69 4.382443e-74 0.000000e+00
0.000000e+00 1.414981e-72 1.911798e-67 9.339397e-63 1.399672e-58 5.164563e-55 3.565569e-52 3.882501e-50 1.185658e-48 2.835189e-47 6.339393e-46 1.323102e-44 2.573532e-43 4.654524e-42 7.802240e-41 1.206363e-39 1.707776e-38 2.186461e-37 2.475020e-36 2.357371e-35 1.625107e-34 1.601722e-34 -1.985468e-32 -4.553462e-31 -7.116758e-30 -9.191257e-29 -1.038333e-27 -1.051232e-26 -9.655579e-26 -8.100403e-25 -6.230969e-24 -4.404175e-23 -2.863610e-22 -1.713487e-21 -9.434875e-21 -4.778711e-20 -2.225076e-19 -9.517682e-19 -3.737277e-18 -1.346289e-17 -4.447161e-17 -1.346867e-16 -3.740976e-16 -9.537273e-16 -2.235044e-15 -4.825293e-15 -9.624936e-15 -1.780083e-14 -3.064667e-14 -4.932527e-14 -7.453406e-14 -1.061756e-13 -1.431295e-13 -1.832056e-13 -2.233147e-13 -2.598400e-13 -2.891462e-13 -3.081288e-13 -3.147013e-13 -3.081288e-13 -2.891462e-13 -2.598400e-13 -2.233147e-13 -1.832056e-13 -1.431295e-13 -1.061756e-13 -7.453406e-14 -4.932527e-14 -3.064667e-14 -1.780083e-14 -9.624936e-15 -4.825293e-15 -2.235044e-15 -9.537273e-16 -3.740976e-16 -1.346867e-16 -4.447161e-17 -1.346289e-17 -3.737277e-18 -9.517682e-19 -2.225076e-19 -4.778711e-20 -9.434875e-21 -1.713487e-21 -2.863610e-22 -4.404175e-23 -6.230969e-24 -8.100403e-25 -9.655579e-26 -1.051232e-26 -1.038333e-27 -9.191257e-29 -7.116758e-30 -4.553462e-31 -1.985468e-32 1.601722e-34 1.625107e-34 2.357371e-35 2.475020e-36 2.186461e-37 1.707776e-38 1.206363e-39 7.802240e-41 4.654524e-42 2.573532e-43 1.323102e-44 6.339393e-46 2.835189e-47 1.185658e-48 3.882501e-50 3.565569e-52 5.164563e-55 1.399672e-58 9.339397e-63 1.911798e-67 1.414981e-72 0.000000e+00
0.000000e+00 4.244921e-71 5.443634e-66 2.526106e-61 3.598301e-57 1.262391e-53 8.287903e-51 8.584829e-49 2.497838e-47 5.695043e-46 1.213330e-44 2.410089e-43 4.453314e-42 7.629998e-41 1.206363e-39 1.747138e-38 2.289472e-37 2.653741e-36 2.588998e-35 1.827564e-34 1.786461e-34 -2.366637e-32 -5.565918e-31 -8.937656e-30 -1.187105e-28 -1.380339e-27 -1.439562e-26 -1.363142e-25 -1.179918e-24 -9.372162e-24 -6.846177e-23 -4.604244e-22 -2.851972e-21 -1.626941e-20 -8.543848e-20 -4.127679e-19 -1.833093e-18 -7.476918e-18 -2.798796e-17 -9.608203e-17 -3.023834e-16 -8.723817e-16 -2.308340e-15 -5.608262e-15 -1.253444e-14 -2.583949e-14 -4.929978e-14 -8.740540e-14 -1.446426e-13 -2.244547e-13 -3.281125e-13 -4.537949e-13 -5.961520e-13 -7.465030e-13 -8.936716e-13 -1.025317e-12 -1.129532e-12 -1.196431e-12 -1.219489e-12 -1.196431e-12 -1.129532e-12 -1.025317e-12 -8.936716e-13 -7.465030e-13 -5.961520e-13 -4.537949e-13 -3.281125e-13 -2.244547e-13 -1.446426e-13 -8.740540e-14 -4.929978e-14 -2.583949e-14 -1.253444e-14 -5.608262e-15 -2.308340e-15 -8.723817e-16 -3.023834e-16 -9.608203e-17 -2.798796e-17 -7.476918e-18 -1.833093e-18 -4.127679e-19 -8.543848e-20 -1.626941e-20 -2.851972e-21 -4.604244e-22 -6.846177e-23 -9.372162e-24 -1.179918e-24 -1.363142e-25 -1.439562e-26 -1.380339e-27 -1.187105e-28 -8.937656e-30 -5.565918e-31 -2.366637e-32 1.786461e-34 1.827564e-34 2.588998e-35 2.653741e-36 2.289472e-37 1.747138e-38 1.206363e-39 7.629998e-41 4.453314e-42 2.410089e-43 1.213330e-44 5.695043e-46 2.497838e-47 8.584829e-49 8.287903e-51 1.262391e-53 3.598301e-57 2.526106e-61 5.443634e-66 4.244921e-71 0.000000e+00
0.000000e+00 1.184164e-69 1.442763e-64 6.364789e-60 8.622137e-56 2.877057e-52 1.796375e-49 1.769778e-47 4.904228e-46 1.065405e-44 2.160276e-43 4.076439e-42 7.135596e-41 1.153146e-39 1.707776e-38 2.289472e-37 2.716115e-36 2.713144e-35 1.960854e-34 1.919971e-34 -2.682466e-32 -6.468973e-31 -1.066712e-29 -1.456159e-28 -1.741536e-27 -1.869516e-26 -1.823557e-25 -1.627205e-24 -1.333460e-23 -1.005728e-22 -6.989184e-22 -4.477039e-21 -2.643199e-20 -1.437623e-19 -7.198279e-19 -3.315140e-18 -1.402971e-17 -5.450697e-17 -1.942383e-16 -6.344631e-16 -1.898965e-15 -5.208576e-15 -1.310178e-14 -3.026855e-14 -6.437382e-14 -1.264337e-13 -2.302361e-13 -3.905045e-13 -6.199588e-13 -9.259037e-13 -1.307238e-12 -1.752704e-12 -2.240871e-12 -2.741874e-12 -3.220569e-12 -3.640506e-12 -3.968081e-12 -4.176297e-12 -4.247711e-12 -4.176297e-12 -3.968081e-12 -3.640506e-12 -3.220569e-12 -2.741874e-12 -2.240871e-12 -1.752704e-12 -1.307238e-12 -9.259037e-13 -6.199588e-13 -3.905045e-13 -2.302361e-13 -1.264337e-13 -6.437382e-14 -3.026855e-14 -1.310178e-14 -5.208576e-15 -1.898965e-15 -6.344631e-16 -1.942383e-16 -5.450697e-17 -1.402971e-17 -3.315140e-18 -7.198279e-19 -1.437623e-19 -2.643199e-20 -4.477039e-21 -6.989184e-22 -1.005728e-22 -1.333460e-23 -1.627205e-24 -1.823557e-25 -1.869516e-26 -1.741536e-27 -1.456159e-28 -1.066712e-29 -6.468973e-31 -2.682466e-32 1.919971e-34 1.960854e-34 2.713144e-35 2.716115e-36 2.289472e-37 1.707776e-38 1.153146e-39 7.135596e-41 4.076439e-42 2.160276e-43 1.065405e-44 4.904228e-46 1.769778e-47 1.796375e-49 2.877057e-52 8.622137e-56 6.364789e-60 1.442763e-64 1.184164e-69 0.000000e+00
0.000000e+00 3.073382e-68 3.560495e-63 1.494101e-58 1.925544e-54 6.111910e-51 3.628746e-48 3.398700e-46 8.963143e-45 1.853162e-43 3.569695e-42 6.381286e-41 1.053604e-39 1.594895e-38 2.186461e-37 2.653741e-36 2.713144e-35 2.007393e-34 1.989989e-34 -2.891650e-32 -7.150254e-31 -1.210184e-29 -1.696871e-28 -2.085980e-27 -2.303286e-26 -2.312529e-25 -2.125564e-24 -1.795549e-23 -1.397037e-22 -1.002287e-21 -6.633162e-21 -4.048965e-20 -2.278512e-19 -1.181175e-18 -5.635350e-18 -2.471777e-17 -9.956295e-17 -3.678940e-16 -1.245896e-15 -3.864426e-15 -1.097531e-14 -2.854991e-14 -6.809078e-14 -1.491700e-13 -3.010300e-13 -5.617022e-13 -9.735476e-13 -1.575438e-12 -2.393319e-12 -3.431756e-12 -4.668814e-12 -6.055596e-12 -7.520344e-12 -8.975968e-12 -1.032931e-11 -1.149048e-11 -1.238113e-11 -1.294088e-11 -1.313177e-11 -1.294088e-11 -1.238113e-11 -1.149048e-11 -1.032931e-11 -8.975968e-12 -7.520344e-12 -6.055596e-12 -4.668814e-12 -3.431756e-12 -2.393319e-12 -1.575438e-12 -9.735476e-13 -5.617022e-13 -3.010300e-13 -1.491700e-13 -6.809078e-14 -2.854991e-14 -1.097531e-14 -3.864426e-15 -1.245896e-15 -3.678940e-16 -9.956295e-17 -2.471777e-17 -5.635350e-18 -1.181175e-18 -2.278512e-19 -4.048965e-20 -6.633162e-21 -1.002287e-21 -1.397037e-22 -1.795549e-23 -2.125564e-24 -2.312529e-25 -2.303286e-26 -2.085980e-27 -1.696871e-28 -1.210184e-29 -7.150254e-31 -2.891650e-32 1.989989e-34 2.007393e-34 2.713144e-35 2.653741e-36 2.186461e-37 1.594895e-38 1.053604e-39 6.381286e-41 3.569695e-42 1.853162e-43 8.963143e-45 3.398700e-46 3.628746e-48 6.111910e-51 1.925544e-54 1.494101e-58 3.560495e-63 3.073382e-68 0.000000e+00
0.000000e+00 7.423821e-67 8.182641e-62 3.267461e-57 4.006737e-53 1.209625e-49 6.825989e-47 6.072851e-45 1.522311e-43 2.990052e-42 5.456455e-41 9.200636e-40 1.422984e-38 1.994041e-37 2.475020e-36 2.588998e-35 1.960854e-34 1.989989e-34 -2.964909e-32 -7.517105e-31 -1.305287e-29 -1.878862e-28 -2.372584e-27 -2.692819e-26 -2.780898e-25 -2.630931e-24 -2.289153e-23 -1.835854e-22 -1.358587e-21 -9.280979e-21 -5.851970e-20 -3.404007e-19 -1.825204e-18 -9.012061e-18 -4.092818e-17 -1.707513e-16 -6.535855e-16 -2.292585e-15 -7.362128e-15 -2.162952e-14 -5.812702e-14 -1.429576e-13 -3.221907e-13 -6.669690e-13 -1.272504e-12 -2.247451e-12 -3.693832e-12 -5.682381e-12 -8.230863e-12 -1.129205e-11 -1.475442e-11 -1.845452e-11 -2.219675e-11 -2.577537e-11 -2.899433e-11 -3.168214e-11 -3.370120e-11 -3.495227e-11 -3.537588e-11 -3.495227e-11 -3.370120e-11 -3.168214e-11 -2.899433e-11 -2.577537e-11 -2.219675e-11 -1.845452e-11 -1.475442e-11 -1.129205e-11 -8.230863e-12 -5.682381e-12 -3.693832e-12 -2.247451e-12 -1.272504e-12 -6.669690e-13 -3.221907e-13 -1.429576e-13 -5.812702e-14 -2.162952e-14 -7.362128e-15 -2.292585e-15 -6.535855e-16 -1.707513e-16 -4.092818e-17 -9.012061e-18 -1.825204e-18 -3.404007e-19 -5.851970e-20 -9.280979e-21 -1.358587e-21 -1.835854e-22 -2.289153e-23 -2.630931e-24 -2.780898e-25 -2.692819e-26 -2.372584e-27 -1.878862e-28 -1.305287e-29 -7.517105e-31 -2.964909e-32 1.989989e-34 1.960854e-34 2.588998e-35 2.475020e-36 1.994041e-37 1.422984e-38 9.200636e-40 5.456455e-41 2.990052e-42 1.522311e-43 6.072851e-45 6.825989e-47 1.209625e-49 4.006737e-53 3.267461e-57 8.182641e-62 7.423821e-67 0.000000e+00
0.000000e+00 1.669157e-65 1.751100e-60 6.655037e-56 7.764228e-52 2.228517e-48 1.194290e-45 1.007925e-43 2.397063e-42 4.460372e-41 7.677977e-40 1.212788e-38 1.736484e-37 2.203318e-36 2.357371e-35 1.827564e-34 1.919971e-34 -2.891650e-32 -7.517105e-31 -1.338607e-29 -1.976987e-28 -2.562946e-27 -2.988113e-26 -3.171914e-25 -3.086566e-24 -2.764149e-23 -2.283187e-22 -1.741434e-21 -1.226956e-20 -7.984520e-20 -4.796614e-19 -2.657800e-18 -1.356887e-17 -6.374593e-17 -2.752007e-16 -1.090209e-15 -3.957443e-15 -1.314607e-14 -3.991977e-14 -1.107379e-13 -2.805933e-13 -6.498763e-13 -1.378119e-12 -2.683338e-12 -4.816692e-12 -8.011943e-12 -1.242331e-11 -1.807373e-11 -2.483198e-11 -3.242533e-11 -4.048119e-11 -4.858322e-11 -5.632604e-11 -6.335662e-11 -6.939699e-11 -7.424866e-11 -7.778364e-11 -7.992831e-11 -8.064670e-11 -7.992831e-11 -7.778364e-11 -7.424866e-11 -6.939699e-11 -6.335662e-11 -5.632604e-11 -4.858322e-11 -4.048119e-11 -3.242533e-11 -2.483198e-11 -1.807373e-11 -1.242331e-11 -8.011943e-12 -4.816692e-12 -2.683338e-12 -1.378119e-12 -6.498763e-13 -2.805933e-13 -1.107379e-13 -3.991977e-14 -1.314607e-14 -3.957443e-15 -1.090209e-15 -2.752007e-16 -6.374593e-17 -1.356887e-17 -2.657800e-18 -4.796614e-19 -7.984520e-20 -1.226956e-20 -1.741434e-21 -2.283187e-22 -2.764149e-23 -3.086566e-24 -3.171914e-25 -2.988113e-26 -2.562946e-27 -1.976987e-28 -1.338607e-29 -7.517105e-31 -2.891650e-32 1.919971e-34 1.827564e-34 2.357371e-35 2.203318e-36 1.736484e-37 1.212788e-38 7.677977e-40 4.460372e-41 2.397063e-42 1.007925e-43 1.194290e-45 2.228517e-48 7.764228e-52 6.655037e-56 1.751100e-60 1.669157e-65 0.000000e+00
0.000000e+00 3.492900e-64 3.488460e-59 1.261740e-54 1.399988e-50 3.817388e-47 1.940317e-44 1.550255e-42 3.487725e-41 6.121893e-40 9.872227e-39 1.443742e-37 1.871978e-36 2.047946e-35 1.625107e-34 1.786461e-34 -2.682466e-32 -7.150254e-31 -1.305287e-29 -1.976987e-28 -2.629707e-27 -3.147583e-26 -3.432201e-25 -3.432948e-24 -3.162067e-23 -2.688143e-22 -2.111576e-21 -1.533225e-20 -1.028935e-19 -6.378424e-19 -3.649243e-18 -1.924703e-17 -9.345740e-17 -4.171578e-16 -1.708930e-15 -6.414553e-15 -2.202534e-14 -6.907977e-14 -1.976662e-13 -5.156437e-13 -1.226260e-12 -2.660811e-12 -5.278754e-12 -9.607259e-12 -1.611647e-11 -2.506732e-11 -3.639464e-11 -4.967675e-11 -6.420210e-11 -7.910527e-11 -9.352410e-11 -1.067330e-10 -1.182239e-10 -1.277288e-10 -1.351917e-10 -1.407086e-10 -1.444543e-10 -1.466117e-10 -1.473145e-10 -1.466117e-10 -1.444543e-10 -1.407086e-10 -1.351917e-10 -1.277288e-10 -1.182239e-10 -1.067330e-10 -9.352410e-11 -7.910527e-11 -6.420210e-11 -4.967675e-11 -3.639464e-11 -2.506732e-11 -1.611647e-11 -9.607259e-12 -5.278754e-12 -2.660811e-12 -1.226260e-12 -5.156437e-13 -1.976662e-13 -6.907977e-14 -2.202534e-14 -6.414553e-15 -1.708930e-15 -4.171578e-16 -9.345740e-17 -1.924703e-17 -3.649243e-18 -6.378424e-19 -1.028935e-19 -1.533225e-20 -2.111576e-21 -2.688143e-22 -3.162067e-23 -3.432948e-24 -3.432201e-25 -3.147583e-26 -2.629707e-27 -1.976987e-28 -1.305287e-29 -7.150254e-31 -2.682466e-32 1.786461e-34 1.625107e-34 2.047946e-35 1.871978e-36 1.443742e-37 9.872227e-39 6.121893e-40 3.487725e-41 1.550255e-42 1.940317e-44 3.817388e-47 1.399988e-50 1.261740e-54 3.488460e-59 3.492900e-64 0.000000e+00
0.000000e+00 6.800805e-63 6.465893e-58 2.224937e-53 2.346220e-49 6.070149e-46 2.920522e-43 2.202334e-41 4.666426e-40 7.673610e-39 1.145794e-37 1.517660e-36 1.697220e-35 1.378538e-34 1.601722e-34 -2.366637e-32 -6.468973e-31 -1.210184e-29 -1.878862e-28 -2.562946e-27 -3.147583e-26 -3.523585e-25 -3.620324e-24 -3.427556e-23 -2.996893e-22 -2.422741e-21 -1.811614e-20 -1.252805e-19 -8.007824e-19 -4.726786e-18 -2.573499e-17 -1.290545e-16 -5.951307e-16 -2.519265e-15 -9.771077e-15 -3.465645e-14 -1.121974e-13 -3.309723e-13 -8.883911e-13 -2.167926e-12 -4.809280e-12 -9.708393e-12 -1.787593e-11 -3.013889e-11 -4.677970e-11 -6.728660e-11 -9.035318e-11 -1.141359e-10 -1.366603e-10 -1.562293e-10 -1.717128e-10 -1.826679e-10 -1.892998e-10 -1.923119e-10 -1.927051e-10 -1.915754e-10 -1.899413e-10 -1.886142e-10 -1.881125e-10 -1.886142e-10 -1.899413e-10 -1.915754e-10 -1.927051e-10 -1.923119e-10 -1.892998e-10 -1.826679e-10 -1.717128e-10 -1.562293e-10 -1.366603e-10 -1.141359e-10 -9.035318e-11 -6.728660e-11 -4.677970e-11 -3.013889e-11 -1.787593e-11 -9.708393e-12 -4.809280e-12 -2.167926e-12 -8.883911e-13 -3.309723e-13 -1.121974e-13 -3.465645e-14 -9.771077e-15 -2.519265e-15 -5.951307e-16 -1.290545e-16 -2.573499e-17 -4.726786e-18 -8.007824e-19 -1.252805e-19 -1.811614e-20 -2.422741e-21 -2.996893e-22 -3.427556e-23 -3.620324e-24 -3.523585e-25 -3.147583e-26 -2.562946e-27 -1.878862e-28 -1.210184e-29 -6.468973e-31 -2.366637e-32 1.601722e-34 1.378538e-34 1.697220e-35 1.517660e-36 1.145794e-37 7.673610e-39 4.666426e-40 2.202334e-41 2.920522e-43 6.070149e-46 2.346220e-49 2.224937e-53 6.465893e-58 6.800805e-63 0.000000e+00
0.000000e+00 1.231352e-61 1.114150e-56 3.645006e-52 3.648731e-48 8.940211e-45 4.059575e-42 2.875984e-40 5.698832e-39 8.677952e-38 1.173820e-36 1.341527e-35 1.115336e-34 1.382217e-34 -1.985468e-32 -5.565918e-31 -1.066712e-29 -1.696871e-28 -2.372584e-27 -2.988113e-26 -3.432201e-25 -3.620324e-24 -3.520873e-23 -3.164201e-22 -2.630833e-21 -2.024484e-20 -1.441659e-19 -9.494823e-19 -5.778083e-18 -3.245045e-17 -1.679394e-16 -7.995301e-16 -3.494910e-15 -1.399756e-14 -5.125376e-14 -1.711873e-13 -5.203748e-13 -1.436659e-12 -3.596031e-12 -8.151059e-12 -1.672611e-11 -3.110000e-11 -5.252429e-11 -8.090322e-11 -1.142925e-10 -1.490841e-10 -1.808466e-10 -2.054372e-10 -2.199479e-10 -2.232096e-10 -2.158023e-10 -1.996928e-10 -1.776955e-10 -1.529285e-10 -1.283795e-10 -1.066215e-10 -8.967098e-11 -7.894604e-11 -7.527980e-11 -7.894604e-11 -8.967098e-11 -1.066215e-10 -1.283795e-10 -1.529285e-10 -1.776955e-10 -1.996928e-10 -2.158023e-10 -2.232096e-10 -2.199479e-10 -2.054372e-10 -1.808466e-10 -1.490841e-10 -1.142925e-10 -8.090322e-11 -5.252429e-11 -3.110000e-11 -1.672611e-11 -8.151059e-12 -3.596031e-12 -1.436659e-12 -5.203748e-13 -1.711873e-13 -5.125376e-14 -1.399756e-14 -3.494910e-15 -7.995301e-16 -1.679394e-16 -3.245045e-17 -5.778083e-18 -9.494823e-19 -1.441659e-19 -2.024484e-20 -2.630833e-21 -3.164201e-22 -3.520873e-23 -3.620324e-24 -3.432201e-25 -2.988113e-26 -2.372584e-27 -1.696871e-28 -1.066712e-29 -5.565918e-31 -1.985468e-32 1.382217e-34 1.115336e-34 1.341527e-35 1.173820e-36 8.677952e-38 5.698832e-39 2.875984e-40 4.059575e-42 8.940211e-45 3.648731e-48 3.645006e-52 1.114150e-56 1.231352e-61 0.000000e+00
0.000000e+00 2.071558e-60 1.782729e-55 5.539004e-51 5.254113e-47 1.215805e-43 5.187109e-41 3.427263e-39 6.275777e-38 8.658921e-37 1.011094e-35 8.604859e-35 1.146468e-34 -1.583511e-32 -4.553462e-31 -8.937656e-30 -1.456159e-28 -2.085980e-27 -2.692819e-26 -3.171914e-25 -3.432948e-24 -3.427556e-23 -3.164201e-22 -2.704061e-21 -2.140037e-20 -1.568246e-19 -1.063508e-18 -6.667894e-18 -3.860194e-17 -2.060305e-16 -1.011980e-15 -4.565016e-15 -1.886932e-14 -7.129201e-14 -2.455557e-13 -7.689328e-13 -2.182970e-12 -5.603525e-12 -1.297431e-11 -2.704597e-11 -5.070716e-11 -8.551630e-11 -1.299332e-10 -1.783827e-10 -2.221021e-10 -2.515900e-10 -2.594124e-10 -2.421038e-10 -2.006411e-10 -1.396472e-10 -6.588702e-11 1.331017e-11 9.128589e-11 1.627634e-10 2.240579e-10 2.729266e-10 3.082175e-10 3.294683e-10 3.365565e-10 3.294683e-10 3.082175e-10 2.729266e-10 2.240579e-10 1.627634e-10 9.128589e-11 1.331017e-11 -6.588702e-11 -1.396472e-10 -2.006411e-10 -2.421038e-10 -2.594124e-10 -2.515900e-10 -2.221021e-10 -1.783827e-10 -1.299332e-10 -8.551630e-11 -5.070716e-11 -2.704597e-11 -1.297431e-11 -5.603525e-12 -2.182970e-12 -7.689328e-13 -2.455557e-13 -7.129201e-14 -1.886932e-14 -4.565016e-15 -1.011980e-15 -2.060305e-16 -3.860194e-17 -6.667894e-18 -1.063508e-18 -1.568246e-19 -2.140037e-20 -2.704061e-21 -3.164201e-22 -3.427556e-23 -3.432948e-24 -3.171914e-25 -2.692819e-26 -2.085980e-27 -1.456159e-28 -8.937656e-30 -4.553462e-31 -1.583511e-32 1.146468e-34 8.604859e-35 1.011094e-35 8.658921e-37 6.275777e-38 3.427263e-39 5.187109e-41 1.215805e-43 5.254113e-47 5.539004e-51 1.782729e-55 2.071558e-60 0.000000e+00
0.000000e+00 3.234535e-59 2.644732e-54 7.791003e-50 6.984492e-46 1.519921e-42 6.050174e-40 3.683026e-38 6.095493e-37 7.264132e-36 6.328621e-35 9.126109e-35 -1.200239e-32 -3.541091e-31 -7.116758e-30 -1.187105e-28 -1.741536e-27 -2.303286e-26 -2.780898e-25 -3.086566e-24 -3.162067e-23 -2.996893e-22 -2.630833e-21 -2.140037e-20 -1.612844e-19 -1.125511e-18 -7.265648e-18 -4.333159e-17 -2.383678e-16 -1.207217e-15 -5.616671e-15 -2.394794e-14 -9.331971e-14 -3.313584e-13 -1.068647e-12 -3.119426e-12 -8.211772e-12 -1.942223e-11 -4.112030e-11 -7.765894e-11 -1.304184e-10 -1.942124e-10 -2.556696e-10 -2.959639e-10 -2.973109e-10 -2.495350e-10 -1.531783e-10 -1.843767e-11 1.386503e-10 3.008340e-10 4.533860e-10 5.861717e-10 6.941150e-10 7.764756e-10 8.355489e-10 8.752399e-10 8.998080e-10 9.129196e-10 9.170067e-10 9.129196e-10 8.998080e-10 8.752399e-10 8.355489e-10 7.764756e-10 6.941150e-10 5.861717e-10 4.533860e-10 3.008340e-10 1.386503e-10 -1.843767e-11 -1.531783e-10 -2.495350e-10 -2.973109e-10 -2.959639e-10 -2.556696e-10 -1.942124e-10 -1.304184e-10 -7.765894e-11 -4.112030e-11 -1.942223e-11 -8.211772e-12 -3.119426e-12 -1.068647e-12 -3.313584e-13 -9.331971e-14 -2.394794e-14 -5.616671e-15 -1.207217e-15 -2.383678e-16 -4.333159e-17 -7.265648e-18 -1.125511e-18 -1.612844e-19 -2.140037e-20 -2.630833e-21 -2.996893e-22 -3.162067e-23 -3.086566e-24 -2.780898e-25 -2.303286e-26 -1.741536e-27 -1.187105e-28 -7.116758e-30 -3.541091e-31 -1.200239e-32 9.126109e-35 6.328621e-35 7.264132e-36 6.095493e-37 3.683026e-38 6.050174e-40 1.519921e-42 6.984492e-46 7.791003e-50 2.644732e-54 3.234535e-59 0.000000e+00
