0.000000e+00 0.000000e+00 1.978615e-121 2.741491e-115 6.106176e-110 2.338211e-105 1.314432e-101 9.679500e-99 1.687876e-96 2.021158e-94 2.065849e-92 1.830073e-90 1.422169e-88 9.789007e-87 6.015043e-85 3.320891e-83 1.656188e-81 7.494378e-80 3.088449e-78 1.162669e-76 4.008457e-75 1.268209e-73 3.688082e-72 9.870601e-71 2.433366e-69 5.528914e-68 1.158128e-66 2.236379e-65 3.979848e-64 6.522989e-63 9.837123e-62 1.363165e-60 1.732633e-59 2.015165e-58 2.137902e-57 2.060053e-56 1.792127e-55 1.395024e-54 9.578125e-54 5.651340e-53 2.705661e-52 8.742577e-52 -2.628901e-52 -3.201581e-50 -3.132810e-49 -2.115789e-48 -1.152605e-47 -5.314256e-47 -2.115638e-46 -7.340546e-46 -2.229599e-45 -5.939918e-45 -1.388912e-44 -2.850544e-44 -5.134107e-44 -8.113650e-44 -1.125010e-43 -1.368675e-43 -1.461090e-43 -1.368675e-43 -1.125010e-43 -8.113650e-44 -5.134107e-44 -2.850544e-44 -1.388912e-44 -5.939918e-45 -2.229599e-45 -7.340546e-46 -2.115638e-46 -5.314256e-47 -1.152605e-47 -2.115789e-48 -3.132810e-49 -3.201581e-50 -2.628901e-52 8.742577e-52 2.705661e-52 5.651340e-53 9.578125e-54 1.395024e-54 1.792127e-55 2.060053e-56 2.137902e-57 2.015165e-58 1.732633e-59 1.363165e-60 9.837123e-62 6.522989e-63 3.979848e-64 2.236379e-65 1.158128e-66 5.528914e-68 2.433366e-69 9.870601e-71 3.688082e-72 1.268209e-73 4.008457e-75 1.162669e-76 3.088449e-78 7.494378e-80 1.656188e-81 3.320891e-83 6.015043e-85 9.789007e-87 1.422169e-88 1.830073e-90 2.065849e-92 2.021158e-94 1.687876e-96 9.679500e-99 1.314432e-101 2.338211e-105 6.106176e-110 2.741491e-115 1.978615e-121 0.000000e+00 0.000000e+00
0.000000e+00 3.072891e-121 1.112973e-114 7.641882e-109 1.124579e-103 3.200718e-99 1.426512e-95 8.677936e-93 1.287311e-90 1.339823e-88 1.209300e-86 9.578844e-85 6.723322e-83 4.214659e-81 2.374982e-79 1.209509e-77 5.591781e-76 2.355594e-74 9.069882e-73 3.200065e-71 1.036740e-69 3.089221e-68 8.477076e-67 2.144179e-65 5.002124e-64 1.076605e-62 2.137809e-61 3.915315e-60 6.609845e-59 1.027635e-57 1.469398e-56 1.928947e-55 2.319267e-54 2.545937e-53 2.540476e-52 2.290112e-51 1.847617e-50 1.313793e-49 8.002426e-49 3.911308e-48 1.220018e-47 -1.775429e-47 -6.573164e-46 -6.414858e-45 -4.500855e-44 -2.581896e-43 -1.263315e-42 -5.369272e-42 -1.999537e-41 -6.552366e-41 -1.893081e-40 -4.825779e-40 -1.085587e-39 -2.154986e-39 -3.774847e-39 -5.835460e-39 -7.962869e-39 -9.594043e-39 -1.020862e-38 -9.594043e-39 -7.962869e-39 -5.835460e-39 -3.774847e-39 -2.154986e-39 -1.085587e-39 -4.825779e-40 -1.893081e-40 -6.552366e-41 -1.999537e-41 -5.369272e-42 -1.263315e-42 -2.581896e-43 -4.500855e-44 -6.414858e-45 -6.573164e-46 -1.775429e-47 1.220018e-47 3.911308e-48 8.002426e-49 1.313793e-49 1.847617e-50 2.290112e-51 2.540476e-52 2.545937e-53 2.319267e-54 1.928947e-55 1.469398e-56 1.027635e-57 6.609845e-59 3.915315e-60 2.137809e-61 1.076605e-62 5.002124e-64 2.144179e-65 8.477076e-67 3.089221e-68 1.036740e-69 3.200065e-71 9.069882e-73 2.355594e-74 5.591781e-76 1.209509e-77 2.374982e-79 4.214659e-81 6.723322e-83 9.578844e-85 1.209300e-86 1.339823e-88 1.287311e-90 8.677936e-93 1.426512e-95 3.200718e-99 1.124579e-103 7.641882e-109 1.112973e-114 3.072891e-121 0.000000e+00
0.000000e+00 7.069035e-115 1.268786e-108 5.755900e-103 6.295741e-98 1.420568e-93 5.228533e-90 2.702536e-87 3.481506e-85 3.199397e-83 2.581803e-81 1.846922e-79 1.180506e-77 6.785797e-76 3.526846e-74 1.664848e-72 7.164580e-71 2.819588e-69 1.017357e-67 3.372576e-66 1.028905e-64 2.892504e-63 7.500138e-62 1.794872e-60 3.965595e-59 8.089259e-58 1.523077e-56 2.645459e-55 4.235006e-54 6.240500e-53 8.449470e-52 1.048698e-50 1.189273e-49 1.226827e-48 1.143836e-47 9.544573e-47 7.011987e-46 4.395676e-45 2.181878e-44 6.415747e-44 -2.033824e-43 -5.101375e-42 -5.001207e-41 -3.640692e-40 -2.192152e-39 -1.133607e-38 -5.118972e-38 -2.034991e-37 -7.150999e-37 -2.225548e-36 -6.139397e-36 -1.501571e-35 -3.256334e-35 -6.262132e-35 -1.068165e-34 -1.616817e-34 -2.172784e-34 -2.593725e-34 -2.751317e-34 -2.593725e-34 -2.172784e-34 -1.616817e-34 -1.068165e-34 -6.262132e-35 -3.256334e-35 -1.501571e-35 -6.139397e-36 -2.225548e-36 -7.150999e-37 -2.034991e-37 -5.118972e-38 -1.133607e-38 -2.192152e-39 -3.640692e-40 -5.001207e-41 -5.101375e-42 -2.033824e-43 6.415747e-44 2.181878e-44 4.395676e-45 7.011987e-46 9.544573e-47 1.143836e-47 1.226827e-48 1.189273e-49 1.048698e-50 8.449470e-52 6.240500e-53 4.235006e-54 2.645459e-55 1.523077e-56 8.089259e-58 3.965595e-59 1.794872e-60 7.500138e-62 2.892504e-63 1.028905e-64 3.372576e-66 1.017357e-67 2.819588e-69 7.164580e-71 1.664848e-72 3.526846e-74 6.785797e-76 1.180506e-77 1.846922e-79 2.581803e-81 3.199397e-83 3.481506e-85 2.702536e-87 5.228533e-90 1.420568e-93 6.295741e-98 5.755900e-103 1.268786e-108 7.069035e-115 0.000000e+00
0.000000e+00 2.856420e-109 3.387345e-103 1.142166e-97 9.904230e-93 1.845479e-88 5.769489e-85 2.586542e-82 2.939487e-80 2.414837e-78 1.759732e-76 1.146244e-74 6.717475e-73 3.561068e-71 1.715367e-69 7.536503e-68 3.029545e-66 1.117127e-64 3.786701e-63 1.181917e-61 3.401340e-60 9.033812e-59 2.215811e-57 5.020967e-56 1.051139e-54 2.032588e-53 3.628423e-52 5.974229e-51 9.061200e-50 1.263755e-48 1.616858e-47 1.891423e-46 2.013824e-45 1.938516e-44 1.669687e-43 1.264367e-42 8.132099e-42 4.075610e-41 1.091171e-40 -6.390345e-40 -1.306816e-38 -1.292839e-37 -9.750157e-37 -6.143994e-36 -3.345364e-35 -1.598132e-34 -6.749332e-34 -2.529713e-33 -8.430831e-33 -2.500493e-32 -6.602045e-32 -1.552014e-31 -3.249126e-31 -6.059802e-31 -1.007468e-30 -1.494225e-30 -1.978635e-30 -2.340949e-30 -2.475761e-30 -2.340949e-30 -1.978635e-30 -1.494225e-30 -1.007468e-30 -6.059802e-31 -3.249126e-31 -1.552014e-31 -6.602045e-32 -2.500493e-32 -8.430831e-33 -2.529713e-33 -6.749332e-34 -1.598132e-34 -3.345364e-35 -6.143994e-36 -9.750157e-37 -1.292839e-37 -1.306816e-38 -6.390345e-40 1.091171e-40 4.075610e-41 8.132099e-42 1.264367e-42 1.669687e-43 1.938516e-44 2.013824e-45 1.891423e-46 1.616858e-47 1.263755e-48 9.061200e-50 5.974229e-51 3.628423e-52 2.032588e-53 1.051139e-54 5.020967e-56 2.215811e-57 9.033812e-59 3.401340e-60 1.181917e-61 3.786701e-63 1.117127e-64 3.029545e-66 7.536503e-68 1.715367e-69 3.561068e-71 6.717475e-73 1.146244e-74 1.759732e-76 2.414837e-78 2.939487e-80 2.586542e-82 5.769489e-85 1.845479e-88 9.904230e-93 1.142166e-97 3.387345e-103 2.856420e-109 0.000000e+00
0.000000e+00 2.233459e-104 1.968609e-98 5.262447e-93 3.768356e-88 5.963941e-84 1.616624e-80 6.385579e-78 6.481591e-76 4.807814e-74 3.189828e-72 1.904854e-70 1.029402e-68 5.057101e-67 2.267001e-65 9.302543e-64 3.503336e-62 1.213433e-60 3.872095e-59 1.139856e-57 3.098544e-56 7.783237e-55 1.807254e-53 3.879440e-52 7.696899e-51 1.410687e-49 2.386361e-48 3.721165e-47 5.339374e-46 7.032607e-45 8.474302e-44 9.298233e-43 9.225307e-42 8.186325e-41 6.375100e-40 4.193617e-39 2.108143e-38 4.860157e-38 -5.083044e-37 -9.182781e-36 -9.193970e-35 -7.172311e-34 -4.716919e-33 -2.695159e-32 -1.356825e-31 -6.061288e-31 -2.411611e-30 -8.561576e-30 -2.714408e-29 -7.688279e-29 -1.945828e-28 -4.401676e-28 -8.903831e-28 -1.611763e-27 -2.613439e-27 -3.800057e-27 -4.960285e-27 -5.817812e-27 -6.134981e-27 -5.817812e-27 -4.960285e-27 -3.800057e-27 -2.613439e-27 -1.611763e-27 -8.903831e-28 -4.401676e-28 -1.945828e-28 -7.688279e-29 -2.714408e-29 -8.561576e-30 -2.411611e-30 -6.061288e-31 -1.356825e-31 -2.695159e-32 -4.716919e-33 -7.172311e-34 -9.193970e-35 -9.182781e-36 -5.083044e-37 4.860157e-38 2.108143e-38 4.193617e-39 6.375100e-40 8.186325e-41 9.225307e-42 9.298233e-43 8.474302e-44 7.032607e-45 5.339374e-46 3.721165e-47 2.386361e-48 1.410687e-49 7.696899e-51 3.879440e-52 1.807254e-53 7.783237e-55 3.098544e-56 1.139856e-57 3.872095e-59 1.213433e-60 3.503336e-62 9.302543e-64 2.267001e-65 5.057101e-67 1.029402e-68 1.904854e-70 3.189828e-72 4.807814e-74 6.481591e-76 6.385579e-78 1.616624e-80 5.963941e-84 3.768356e-88 5.262447e-93 1.968609e-98 2.233459e-104 0.000000e+00
0.000000e+00 2.956256e-100 2.065792e-94 4.560300e-89 2.773674e-84 3.806031e-80 9.086929e-77 3.201748e-74 2.931792e-72 1.979752e-70 1.204078e-68 6.629831e-67 3.319901e-65 1.517642e-63 6.353435e-62 2.442190e-60 8.638001e-59 2.816169e-57 8.474253e-56 2.356017e-54 6.056041e-53 1.439799e-51 3.166351e-50 6.439820e-49 1.210663e-47 2.102000e-46 3.366281e-45 4.963648e-44 6.722247e-43 8.333024e-42 9.408991e-41 9.606654e-40 8.766874e-39 7.005763e-38 4.698496e-37 2.351576e-36 4.218325e-36 -8.294720e-35 -1.383046e-33 -1.404250e-32 -1.131527e-31 -7.747383e-31 -4.631318e-30 -2.448608e-29 -1.152619e-28 -4.847525e-28 -1.824708e-27 -6.152759e-27 -1.859138e-26 -5.035188e-26 -1.222681e-25 -2.663383e-25 -5.208813e-25 -9.156328e-25 -1.448672e-24 -2.065895e-24 -2.659012e-24 -3.092295e-24 -3.251613e-24 -3.092295e-24 -2.659012e-24 -2.065895e-24 -1.448672e-24 -9.156328e-25 -5.208813e-25 -2.663383e-25 -1.222681e-25 -5.035188e-26 -1.859138e-26 -6.152759e-27 -1.824708e-27 -4.847525e-28 -1.152619e-28 -2.448608e-29 -4.631318e-30 -7.747383e-31 -1.131527e-31 -1.404250e-32 -1.383046e-33 -8.294720e-35 4.218325e-36 2.351576e-36 4.698496e-37 7.005763e-38 8.766874e-39 9.606654e-40 9.408991e-41 8.333024e-42 6.722247e-43 4.963648e-44 3.366281e-45 2.102000e-46 1.210663e-47 6.439820e-49 3.166351e-50 1.439799e-51 6.056041e-53 2.356017e-54 8.474253e-56 2.816169e-57 8.638001e-59 2.442190e-60 6.353435e-62 1.517642e-63 3.319901e-65 6.629831e-67 1.204078e-68 1.979752e-70 2.931792e-72 3.201748e-74 9.086929e-77 3.806031e-80 2.773674e-84 4.560300e-89 2.065792e-94 2.956256e-100 0.000000e+00
0.000000e+00 5.395806e-97 3.114083e-91 5.839665e-86 3.079911e-81 3.722719e-77 7.926674e-74 2.516612e-71 2.096206e-69 1.297586e-67 7.276853e-66 3.712785e-64 1.730047e-62 7.385788e-61 2.896411e-59 1.045648e-57 3.481191e-56 1.070236e-54 3.041476e-53 7.995552e-52 1.945125e-50 4.379552e-49 9.124604e-48 1.758257e-46 3.130852e-45 5.145186e-44 7.789604e-43 1.083719e-41 1.380635e-40 1.602528e-39 1.681849e-38 1.576420e-37 1.290735e-36 8.805903e-36 4.360359e-35 4.940652e-35 -2.161584e-33 -3.429106e-32 -3.540114e-31 -2.944627e-30 -2.095436e-29 -1.307560e-28 -7.240737e-28 -3.580513e-27 -1.586297e-26 -6.307212e-26 -2.252441e-25 -7.227492e-25 -2.084173e-24 -5.402824e-24 -1.259746e-23 -2.644243e-23 -5.002830e-23 -8.544747e-23 -1.319789e-22 -1.846673e-22 -2.344449e-22 -2.703955e-22 -2.835388e-22 -2.703955e-22 -2.344449e-22 -1.846673e-22 -1.319789e-22 -8.544747e-23 -5.002830e-23 -2.644243e-23 -1.259746e-23 -5.402824e-24 -2.084173e-24 -7.227492e-25 -2.252441e-25 -6.307212e-26 -1.586297e-26 -3.580513e-27 -7.240737e-28 -1.307560e-28 -2.095436e-29 -2.944627e-30 -3.540114e-31 -3.429106e-32 -2.161584e-33 4.940652e-35 4.360359e-35 8.805903e-36 1.290735e-36 1.576420e-37 1.681849e-38 1.602528e-39 1.380635e-40 1.083719e-41 7.789604e-43 5.145186e-44 3.130852e-45 1.758257e-46 9.124604e-48 4.379552e-49 1.945125e-50 7.995552e-52 3.041476e-53 1.070236e-54 3.481191e-56 1.045648e-57 2.896411e-59 7.385788e-61 1.730047e-62 3.712785e-64 7.276853e-66 1.297586e-67 2.096206e-69 2.516612e-71 7.926674e-74 3.722719e-77 3.079911e-81 5.839665e-86 3.114083e-91 5.395806e-97 0.000000e+00
0.000000e+00 1.542181e-94 7.566162e-89 1.231243e-83 5.724350e-79 6.175169e-75 1.185285e-71 3.421285e-69 2.612011e-67 1.491865e-65 7.757961e-64 3.685912e-62 1.605119e-60 6.423682e-59 2.367661e-57 8.051490e-56 2.529609e-54 7.350250e-53 1.976679e-51 4.921968e-50 1.134922e-48 2.422950e-47 4.786986e-46 8.744855e-45 1.475248e-43 2.294115e-42 3.280236e-41 4.297195e-40 5.131079e-39 5.540665e-38 5.341550e-37 4.491128e-36 3.129585e-35 1.546966e-34 8.402985e-35 -9.874721e-33 -1.547487e-31 -1.638583e-30 -1.411783e-29 -1.045743e-28 -6.815325e-28 -3.952631e-27 -2.052211e-26 -9.569325e-26 -4.014010e-25 -1.515828e-24 -5.155120e-24 -1.579143e-23 -4.358178e-23 -1.084180e-22 -2.433204e-22 -4.932659e-22 -9.047378e-22 -1.504325e-21 -2.272124e-21 -3.123649e-21 -3.915579e-21 -4.481527e-21 -4.687343e-21 -4.481527e-21 -3.915579e-21 -3.123649e-21 -2.272124e-21 -1.504325e-21 -9.047378e-22 -4.932659e-22 -2.433204e-22 -1.084180e-22 -4.358178e-23 -1.579143e-23 -5.155120e-24 -1.515828e-24 -4.014010e-25 -9.569325e-26 -2.052211e-26 -3.952631e-27 -6.815325e-28 -1.045743e-28 -1.411783e-29 -1.638583e-30 -1.547487e-31 -9.874721e-33 8.402985e-35 1.546966e-34 3.129585e-35 4.491128e-36 5.341550e-37 5.540665e-38 5.131079e-39 4.297195e-40 3.280236e-41 2.294115e-42 1.475248e-43 8.744855e-45 4.786986e-46 2.422950e-47 1.134922e-48 4.921968e-50 1.976679e-51 7.350250e-53 2.529609e-54 8.051490e-56 2.367661e-57 6.423682e-59 1.605119e-60 3.685912e-62 7.757961e-64 1.491865e-65 2.612011e-67 3.421285e-69 1.185285e-71 6.175169e-75 5.724350e-79 1.231243e-83 7.566162e-89 1.542181e-94 0.000000e+00
0.000000e+00 1.925194e-92 8.207314e-87 1.178925e-81 4.898481e-77 4.769916e-73 8.332682e-70 2.204745e-67 1.553858e-65 8.240211e-64 3.995547e-62 1.776495e-60 7.262042e-59 2.735347e-57 9.510334e-56 3.056445e-54 9.089399e-53 2.503081e-51 6.386005e-50 1.509611e-48 3.306125e-47 6.704895e-46 1.258138e-44 2.181668e-43 3.489796e-42 5.136575e-41 6.932109e-40 8.533501e-39 9.506646e-38 9.460915e-37 8.213312e-36 5.903837e-35 2.989894e-34 1.030438e-34 -2.172703e-32 -3.495224e-31 -3.841881e-30 -3.449572e-29 -2.669692e-28 -1.821855e-27 -1.108678e-26 -6.052322e-26 -2.973393e-25 -1.316783e-24 -5.260688e-24 -1.896565e-23 -6.170805e-23 -1.812318e-22 -4.806289e-22 -1.151822e-21 -2.497273e-21 -4.906268e-21 -8.751993e-21 -1.420714e-20 -2.103553e-20 -2.847054e-20 -3.528985e-20 -4.011816e-20 -4.186590e-20 -4.011816e-20 -3.528985e-20 -2.847054e-20 -2.103553e-20 -1.420714e-20 -8.751993e-21 -4.906268e-21 -2.497273e-21 -1.151822e-21 -4.806289e-22 -1.812318e-22 -6.170805e-23 -1.896565e-23 -5.260688e-24 -1.316783e-24 -2.973393e-25 -6.052322e-26 -1.108678e-26 -1.821855e-27 -2.669692e-28 -3.449572e-29 -3.841881e-30 -3.495224e-31 -2.172703e-32 1.030438e-34 2.989894e-34 5.903837e-35 8.213312e-36 9.460915e-37 9.506646e-38 8.533501e-39 6.932109e-40 5.136575e-41 3.489796e-42 2.181668e-43 1.258138e-44 6.704895e-46 3.306125e-47 1.509611e-48 6.386005e-50 2.503081e-51 9.089399e-53 3.056445e-54 9.510334e-56 2.735347e-57 7.262042e-59 1.776495e-60 3.995547e-62 8.240211e-64 1.553858e-65 2.204745e-67 8.332682e-70 4.769916e-73 4.898481e-77 1.178925e-81 8.207314e-87 1.925194e-92 0.000000e+00
0.000000e+00 2.006247e-90 7.552189e-85 9.698367e-80 3.638718e-75 3.225740e-71 5.165482e-68 1.260454e-65 8.243364e-64 4.077057e-62 1.850464e-60 7.725159e-59 2.972941e-57 1.056564e-55 3.472583e-54 1.056637e-52 2.978844e-51 7.784348e-50 1.885933e-48 4.235532e-47 8.814116e-46 1.698226e-44 3.025732e-43 4.976487e-42 7.536938e-41 1.047400e-39 1.328716e-38 1.526577e-37 1.567879e-36 1.405396e-35 1.042848e-34 5.430780e-34 1.166059e-34 -4.389521e-32 -7.283213e-31 -8.315010e-30 -7.776531e-29 -6.281852e-28 -4.482943e-27 -2.858076e-26 -1.637595e-25 -8.459757e-25 -3.946852e-24 -1.664251e-23 -6.344241e-23 -2.186550e-22 -6.813750e-22 -1.920303e-21 -4.897394e-21 -1.131406e-20 -2.371306e-20 -4.517853e-20 -7.842741e-20 -1.243646e-19 -1.806011e-19 -2.407447e-19 -2.951667e-19 -3.333525e-19 -3.471124e-19 -3.333525e-19 -2.951667e-19 -2.407447e-19 -1.806011e-19 -1.243646e-19 -7.842741e-20 -4.517853e-20 -2.371306e-20 -1.131406e-20 -4.897394e-21 -1.920303e-21 -6.813750e-22 -2.186550e-22 -6.344241e-23 -1.664251e-23 -3.946852e-24 -8.459757e-25 -1.637595e-25 -2.858076e-26 -4.482943e-27 -6.281852e-28 -7.776531e-29 -8.315010e-30 -7.283213e-31 -4.389521e-32 1.166059e-34 5.430780e-34 1.042848e-34 1.405396e-35 1.567879e-36 1.526577e-37 1.328716e-38 1.047400e-39 7.536938e-41 4.976487e-42 3.025732e-43 1.698226e-44 8.814116e-46 4.235532e-47 1.885933e-48 7.784348e-50 2.978844e-51 1.056637e-52 3.472583e-54 1.056564e-55 2.972941e-57 7.725159e-59 1.850464e-60 4.077057e-62 8.243364e-64 1.260454e-65 5.165482e-68 3.225740e-71 3.638718e-75 9.698367e-80 7.552189e-85 2.006247e-90 0.000000e+00
0.000000e+00 1.812766e-88 6.101157e-83 7.075484e-78 2.417024e-73 1.964245e-69 2.900097e-66 6.558680e-64 3.997169e-62 1.850465e-60 7.885933e-59 3.099297e-57 1.125374e-55 3.780755e-54 1.176483e-52 3.393596e-51 9.078501e-50 2.252863e-48 5.185377e-47 1.106555e-45 2.187662e-44 4.002083e-43 6.763019e-42 1.053117e-40 1.505806e-39 1.966888e-38 2.328466e-37 2.465792e-36 2.280053e-35 1.745023e-34 9.340063e-34 8.140667e-35 -8.345004e-32 -1.427635e-30 -1.690859e-29 -1.644718e-28 -1.384462e-27 -1.031325e-26 -6.875080e-26 -4.125880e-25 -2.236218e-24 -1.096474e-23 -4.867425e-23 -1.956691e-22 -7.123050e-22 -2.348099e-21 -7.010113e-21 -1.896171e-20 -4.651010e-20 -1.035929e-19 -2.099176e-19 -3.879075e-19 -6.554395e-19 -1.015512e-18 -1.446696e-18 -1.899714e-18 -2.304187e-18 -2.585462e-18 -2.686365e-18 -2.585462e-18 -2.304187e-18 -1.899714e-18 -1.446696e-18 -1.015512e-18 -6.554395e-19 -3.879075e-19 -2.099176e-19 -1.035929e-19 -4.651010e-20 -1.896171e-20 -7.010113e-21 -2.348099e-21 -7.123050e-22 -1.956691e-22 -4.867425e-23 -1.096474e-23 -2.236218e-24 -4.125880e-25 -6.875080e-26 -1.031325e-26 -1.384462e-27 -1.644718e-28 -1.690859e-29 -1.427635e-30 -8.345004e-32 8.140667e-35 9.340063e-34 1.745023e-34 2.280053e-35 2.465792e-36 2.328466e-37 1.966888e-38 1.505806e-39 1.053117e-40 6.763019e-42 4.002083e-43 2.187662e-44 1.106555e-45 5.185377e-47 2.252863e-48 9.078501e-50 3.393596e-51 1.176483e-52 3.780755e-54 1.125374e-55 3.099297e-57 7.885933e-59 1.850465e-60 3.997169e-62 6.558680e-64 2.900097e-66 1.964245e-69 2.417024e-73 7.075484e-78 6.101157e-83 1.812766e-88 0.000000e+00
0.000000e+00 1.437459e-86 4.369447e-81 4.614135e-76 1.445086e-71 1.082859e-67 1.481389e-64 3.118087e-62 1.777258e-60 7.725160e-59 3.099297e-57 1.149285e-55 3.944875e-54 1.254772e-52 3.701452e-51 1.013157e-49 2.573801e-48 6.067841e-47 1.327048e-45 2.690360e-44 5.050100e-43 8.762248e-42 1.401846e-40 2.060806e-39 2.769453e-38 3.375430e-37 3.682472e-36 3.509616e-35 2.768263e-34 1.522257e-33 -5.530774e-35 -1.494730e-31 -2.635667e-30 -3.234816e-29 -3.268167e-28 -2.862340e-27 -2.222055e-26 -1.546084e-25 -9.699422e-25 -5.504289e-24 -2.830283e-23 -1.319651e-22 -5.580600e-22 -2.140261e-21 -7.443201e-21 -2.347210e-20 -6.713582e-20 -1.742839e-19 -4.111270e-19 -8.828208e-19 -1.729601e-18 -3.100186e-18 -5.099262e-18 -7.720429e-18 -1.079103e-17 -1.396059e-17 -1.675311e-17 -1.867790e-17 -1.936532e-17 -1.867790e-17 -1.675311e-17 -1.396059e-17 -1.079103e-17 -7.720429e-18 -5.099262e-18 -3.100186e-18 -1.729601e-18 -8.828208e-19 -4.111270e-19 -1.742839e-19 -6.713582e-20 -2.347210e-20 -7.443201e-21 -2.140261e-21 -5.580600e-22 -1.319651e-22 -2.830283e-23 -5.504289e-24 -9.699422e-25 -1.546084e-25 -2.222055e-26 -2.862340e-27 -3.268167e-28 -3.234816e-29 -2.635667e-30 -1.494730e-31 -5.530774e-35 1.522257e-33 2.768263e-34 3.509616e-35 3.682472e-36 3.375430e-37 2.769453e-38 2.060806e-39 1.401846e-40 8.762248e-42 5.050100e-43 2.690360e-44 1.327048e-45 6.067841e-47 2.573801e-48 1.013157e-49 3.701452e-51 1.254772e-52 3.944875e-54 1.149285e-55 3.099297e-57 7.725160e-59 1.777258e-60 3.118087e-62 1.481389e-64 1.082859e-67 1.445086e-71 4.614135e-76 4.369447e-81 1.437459e-86 0.000000e+00
0.000000e+00 1.010056e-84 2.796015e-79 2.707246e-74 7.818818e-70 5.429118e-66 6.910894e-63 1.358715e-60 7.265327e-59 2.972942e-57 1.125374e-55 3.944875e-54 1.282001e-52 3.865622e-51 1.082073e-49 2.812572e-48 6.787944e-47 1.520553e-45 3.159229e-44 6.081091e-43 1.082612e-41 1.778310e-40 2.685821e-39 3.710686e-38 4.652607e-37 5.224958e-36 5.128457e-35 4.165872e-34 2.352685e-33 -3.637839e-34 -2.525223e-31 -4.587836e-30 -5.828876e-29 -6.108880e-28 -5.558975e-27 -4.490383e-26 -3.255692e-25 -2.131405e-24 -1.264050e-23 -6.802551e-23 -3.324395e-22 -1.475587e-21 -5.948044e-21 -2.176911e-20 -7.232633e-20 -2.181599e-19 -5.976897e-19 -1.488742e-18 -3.376633e-18 -6.988957e-18 -1.323694e-17 -2.301278e-17 -3.684735e-17 -5.451815e-17 -7.476863e-17 -9.530565e-17 -1.131609e-16 -1.253593e-16 -1.296966e-16 -1.253593e-16 -1.131609e-16 -9.530565e-17 -7.476863e-17 -5.451815e-17 -3.684735e-17 -2.301278e-17 -1.323694e-17 -6.988957e-18 -3.376633e-18 -1.488742e-18 -5.976897e-19 -2.181599e-19 -7.232633e-20 -2.176911e-20 -5.948044e-21 -1.475587e-21 -3.324395e-22 -6.802551e-23 -1.264050e-23 -2.131405e-24 -3.255692e-25 -4.490383e-26 -5.558975e-27 -6.108880e-28 -5.828876e-29 -4.587836e-30 -2.525223e-31 -3.637839e-34 2.352685e-33 4.165872e-34 5.128457e-35 5.224958e-36 4.652607e-37 3.710686e-38 2.685821e-39 1.778310e-40 1.082612e-41 6.081091e-43 3.159229e-44 1.520553e-45 6.787944e-47 2.812572e-48 1.082073e-49 3.865622e-51 1.282001e-52 3.944875e-54 1.125374e-55 2.972942e-57 7.265327e-59 1.358715e-60 6.910894e-63 5.429118e-66 7.818818e-70 2.707246e-74 2.796015e-79 1.010056e-84 0.000000e+00
0.000000e+00 6.338807e-83 1.609054e-77 1.436866e-72 3.845811e-68 2.484940e-64 2.953849e-61 5.441111e-59 2.736648e-57 1.056565e-55 3.780755e-54 1.254772e-52 3.865622e-51 1.106063e-49 2.940076e-48 7.260078e-47 1.664861e-45 3.542953e-44 6.989038e-43 1.275891e-41 2.150380e-40 3.334431e-39 4.732727e-38 6.100163e-37 7.046552e-36 7.117658e-35 5.950156e-34 3.450078e-33 -9.197427e-34 -4.027622e-31 -7.536617e-30 -9.902603e-29 -1.075320e-27 -1.015361e-26 -8.522163e-26 -6.428828e-25 -4.384904e-24 -2.713017e-23 -1.525264e-22 -7.797545e-22 -3.625406e-21 -1.532713e-20 -5.890194e-20 -2.057004e-19 -6.527272e-19 -1.882450e-18 -4.937701e-18 -1.179532e-17 -2.571212e-17 -5.127993e-17 -9.386656e-17 -1.582543e-16 -2.466405e-16 -3.565963e-16 -4.798472e-16 -6.026422e-16 -7.079877e-16 -7.793203e-16 -8.045708e-16 -7.793203e-16 -7.079877e-16 -6.026422e-16 -4.798472e-16 -3.565963e-16 -2.466405e-16 -1.582543e-16 -9.386656e-17 -5.127993e-17 -2.571212e-17 -1.179532e-17 -4.937701e-18 -1.882450e-18 -6.527272e-19 -2.057004e-19 -5.890194e-20 -1.532713e-20 -3.625406e-21 -7.797545e-22 -1.525264e-22 -2.713017e-23 -4.384904e-24 -6.428828e-25 -8.522163e-26 -1.015361e-26 -1.075320e-27 -9.902603e-29 -7.536617e-30 -4.027622e-31 -9.197427e-34 3.450078e-33 5.950156e-34 7.117658e-35 7.046552e-36 6.100163e-37 4.732727e-38 3.334431e-39 2.150380e-40 1.275891e-41 6.989038e-43 3.542953e-44 1.664861e-45 7.260078e-47 2.940076e-48 1.106063e-49 3.865622e-51 1.254772e-52 3.780755e-54 1.056565e-55 2.736648e-57 5.441111e-59 2.953849e-61 2.484940e-64 3.845811e-68 1.436866e-72 1.609054e-77 6.338807e-83 0.000000e+00
0.000000e+00 3.575969e-81 8.372594e-76 6.929684e-71 1.726138e-66 1.041611e-62 1.159780e-59 2.006829e-57 9.515071e-56 3.472584e-54 1.176483e-52 3.701452e-51 1.082073e-49 2.940076e-48 7.424588e-47 1.742032e-45 3.795031e-44 7.667828e-43 1.434551e-41 2.479224e-40 3.944385e-39 5.747650e-38 7.610382e-37 9.036111e-36 9.386218e-35 8.070010e-34 4.802864e-33 -1.782256e-33 -6.069658e-31 -1.169369e-29 -1.587542e-28 -1.784228e-27 -1.746046e-26 -1.520742e-25 -1.191926e-24 -8.457326e-24 -5.450411e-23 -3.195775e-22 -1.706045e-21 -8.293266e-21 -3.670088e-20 -1.477958e-19 -5.413727e-19 -1.803245e-18 -5.461879e-18 -1.505076e-17 -3.777096e-17 -8.647498e-17 -1.810574e-16 -3.477612e-16 -6.149678e-16 -1.005131e-15 -1.524412e-15 -2.153379e-15 -2.842785e-15 -3.517413e-15 -4.088419e-15 -4.471602e-15 -4.606633e-15 -4.471602e-15 -4.088419e-15 -3.517413e-15 -2.842785e-15 -2.153379e-15 -1.524412e-15 -1.005131e-15 -6.149678e-16 -3.477612e-16 -1.810574e-16 -8.647498e-17 -3.777096e-17 -1.505076e-17 -5.461879e-18 -1.803245e-18 -5.413727e-19 -1.477958e-19 -3.670088e-20 -8.293266e-21 -1.706045e-21 -3.195775e-22 -5.450411e-23 -8.457326e-24 -1.191926e-24 -1.520742e-25 -1.746046e-26 -1.784228e-27 -1.587542e-28 -1.169369e-29 -6.069658e-31 -1.782256e-33 4.802864e-33 8.070010e-34 9.386218e-35 9.036111e-36 7.610382e-37 5.747650e-38 3.944385e-39 2.479224e-40 1.434551e-41 7.667828e-43 3.795031e-44 1.742032e-45 7.424588e-47 2.940076e-48 1.082073e-49 3.701452e-51 1.176483e-52 3.472584e-54 9.515071e-56 2.006829e-57 1.159780e-59 1.041611e-62 1.726138e-66 6.929684e-71 8.372594e-76 3.575969e-81 0.000000e+00
0.000000e+00 1.823207e-79 3.956926e-74 3.048270e-69 7.092042e-65 4.009004e-61 4.192131e-58 6.829044e-56 3.058037e-54 1.056637e-52 3.393596e-51 1.013157e-49 2.812572e-48 7.260078e-47 1.742032e-45 3.882950e-44 8.031362e-43 1.538988e-41 2.725701e-40 4.446650e-39 6.647970e-38 9.036622e-37 1.102121e-35 1.176515e-34 1.039707e-33 6.349846e-33 -2.965212e-33 -8.648667e-31 -1.714905e-29 -2.403503e-28 -2.792947e-27 -2.829439e-26 -2.554123e-25 -2.077213e-24 -1.531152e-23 -1.026314e-22 -6.266252e-22 -3.487502e-21 -1.769464e-20 -8.182041e-20 -3.446317e-19 -1.321537e-18 -4.611387e-18 -1.463918e-17 -4.228779e-17 -1.112363e-16 -2.668265e-16 -5.849410e-16 -1.175371e-15 -2.172620e-15 -3.709400e-15 -5.874762e-15 -8.667125e-15 -1.195828e-14 -1.548422e-14 -1.887195e-14 -2.170015e-14 -2.358072e-14 -2.424039e-14 -2.358072e-14 -2.170015e-14 -1.887195e-14 -1.548422e-14 -1.195828e-14 -8.667125e-15 -5.874762e-15 -3.709400e-15 -2.172620e-15 -1.175371e-15 -5.849410e-16 -2.668265e-16 -1.112363e-16 -4.228779e-17 -1.463918e-17 -4.611387e-18 -1.321537e-18 -3.446317e-19 -8.182041e-20 -1.769464e-20 -3.487502e-21 -6.266252e-22 -1.026314e-22 -1.531152e-23 -2.077213e-24 -2.554123e-25 -2.829439e-26 -2.792947e-27 -2.403503e-28 -1.714905e-29 -8.648667e-31 -2.965212e-33 6.349846e-33 1.039707e-33 1.176515e-34 1.102121e-35 9.036622e-37 6.647970e-38 4.446650e-39 2.725701e-40 1.538988e-41 8.031362e-43 3.882950e-44 1.742032e-45 7.260078e-47 2.812572e-48 1.013157e-49 3.393596e-51 1.056637e-52 3.058037e-54 6.829044e-56 4.192131e-58 4.009004e-61 7.092042e-65 3.048270e-69 3.956926e-74 1.823207e-79 0.000000e+00
0.000000e+00 8.438717e-78 1.704867e-72 1.226863e-67 2.674278e-63 1.419847e-59 1.397408e-56 2.147023e-54 9.094339e-53 2.978845e-51 9.078501e-50 2.573801e-48 6.787944e-47 1.664861e-45 3.795031e-44 8.031362e-43 1.575450e-41 2.857907e-40 4.777950e-39 7.324553e-38 1.021478e-36 1.278865e-35 1.402098e-34 1.272850e-33 7.975755e-33 -4.411530e-33 -1.165894e-30 -2.378506e-29 -3.438694e-28 -4.127532e-27 -4.324175e-26 -4.041039e-25 -3.406057e-24 -2.604857e-23 -1.813515e-22 -1.151348e-21 -6.670388e-21 -3.526837e-20 -1.701218e-19 -7.482034e-19 -2.998245e-18 -1.094018e-17 -3.633255e-17 -1.098089e-16 -3.021529e-16 -7.577558e-16 -1.735213e-15 -3.638060e-15 -7.008075e-15 -1.245478e-14 -2.051398e-14 -3.145973e-14 -4.512293e-14 -6.078040e-14 -7.716474e-14 -9.261240e-14 -1.053271e-13 -1.137019e-13 -1.166257e-13 -1.137019e-13 -1.053271e-13 -9.261240e-14 -7.716474e-14 -6.078040e-14 -4.512293e-14 -3.145973e-14 -2.051398e-14 -1.245478e-14 -7.008075e-15 -3.638060e-15 -1.735213e-15 -7.577558e-16 -3.021529e-16 -1.098089e-16 -3.633255e-17 -1.094018e-17 -2.998245e-18 -7.482034e-19 -1.701218e-19 -3.526837e-20 -6.670388e-21 -1.151348e-21 -1.813515e-22 -2.604857e-23 -3.406057e-24 -4.041039e-25 -4.324175e-26 -4.127532e-27 -3.438694e-28 -2.378506e-29 -1.165894e-30 -4.411530e-33 7.975755e-33 1.272850e-33 1.402098e-34 1.278865e-35 1.021478e-36 7.324553e-38 4.777950e-39 2.857907e-40 1.575450e-41 8.031362e-43 3.795031e-44 1.664861e-45 6.787944e-47 2.573801e-48 9.078501e-50 2.978845e-51 9.094339e-53 2.147023e-54 1.397408e-56 1.419847e-59 2.674278e-63 1.226863e-67 1.704867e-72 8.438717e-78 0.000000e+00
0.000000e+00 3.559036e-76 6.717526e-71 4.529658e-66 9.274843e-62 4.635224e-58 4.301648e-55 6.242991e-53 2.504498e-51 7.784352e-50 2.252863e-48 6.067841e-47 1.520553e-45 3.542953e-44 7.667828e-43 1.538988e-41 2.857907e-40 4.893736e-39 7.688030e-38 1.099354e-36 1.412035e-35 1.589012e-34 1.481093e-33 9.520306e-33 -5.982174e-33 -1.487667e-30 -3.121506e-29 -4.651728e-28 -5.762395e-27 -6.236831e-26 -6.027575e-25 -5.259340e-24 -4.168109e-23 -3.010256e-22 -1.984586e-21 -1.195218e-20 -6.575912e-20 -3.303903e-19 -1.514858e-18 -6.333462e-18 -2.412590e-17 -8.367688e-17 -2.641418e-16 -7.589361e-16 -1.986128e-15 -4.741123e-15 -1.034789e-14 -2.071769e-14 -3.820562e-14 -6.520019e-14 -1.034854e-13 -1.535284e-13 -2.139118e-13 -2.811095e-13 -3.497202e-13 -4.131445e-13 -4.645790e-13 -4.981234e-13 -5.097766e-13 -4.981234e-13 -4.645790e-13 -4.131445e-13 -3.497202e-13 -2.811095e-13 -2.139118e-13 -1.535284e-13 -1.034854e-13 -6.520019e-14 -3.820562e-14 -2.071769e-14 -1.034789e-14 -4.741123e-15 -1.986128e-15 -7.589361e-16 -2.641418e-16 -8.367688e-17 -2.412590e-17 -6.333462e-18 -1.514858e-18 -3.303903e-19 -6.575912e-20 -1.195218e-20 -1.984586e-21 -3.010256e-22 -4.168109e-23 -5.259340e-24 -6.027575e-25 -6.236831e-26 -5.762395e-27 -4.651728e-28 -3.121506e-29 -1.487667e-30 -5.982174e-33 9.520306e-33 1.481093e-33 1.589012e-34 1.412035e-35 1.099354e-36 7.688030e-38 4.893736e-39 2.857907e-40 1.538988e-41 7.667828e-43 3.542953e-44 1.520553e-45 6.067841e-47 2.252863e-48 7.784352e-50 2.504498e-51 6.242991e-53 4.301648e-55 4.635224e-58 9.274843e-62 4.529658e-66 6.717526e-71 3.559036e-76 0.000000e+00
0.000000e+00 1.371976e-74 2.426777e-69 1.537371e-64 2.963568e-60 1.396728e-56 1.224095e-53 1.680130e-51 6.389768e-50 1.885934e-48 5.185377e-47 1.327048e-45 3.159229e-44 6.989038e-43 1.434551e-41 2.725701e-40 4.777950e-39 7.688030e-38 1.126600e-36 1.483690e-35 1.712814e-34 1.638353e-33 1.080181e-32 -7.469834e-33 -1.797456e-30 -3.877933e-29 -5.952625e-28 -7.603733e-27 -8.494482e-26 -8.481551e-25 -7.653094e-24 -6.278232e-23 -4.698067e-22 -3.212412e-21 -2.008540e-20 -1.148364e-19 -6.001233e-19 -2.864462e-18 -1.247642e-17 -4.954045e-17 -1.791694e-16 -5.898021e-16 -1.766684e-15 -4.816572e-15 -1.196427e-14 -2.712947e-14 -5.632181e-14 -1.074714e-13 -1.893863e-13 -3.098403e-13 -4.731963e-13 -6.782433e-13 -9.169269e-13 -1.174409e-12 -1.430523e-12 -1.662350e-12 -1.847395e-12 -1.966805e-12 -2.008068e-12 -1.966805e-12 -1.847395e-12 -1.662350e-12 -1.430523e-12 -1.174409e-12 -9.169269e-13 -6.782433e-13 -4.731963e-13 -3.098403e-13 -1.893863e-13 -1.074714e-13 -5.632181e-14 -2.712947e-14 -1.196427e-14 -4.816572e-15 -1.766684e-15 -5.898021e-16 -1.791694e-16 -4.954045e-17 -1.247642e-17 -2.864462e-18 -6.001233e-19 -1.148364e-19 -2.008540e-20 -3.212412e-21 -4.698067e-22 -6.278232e-23 -7.653094e-24 -8.481551e-25 -8.494482e-26 -7.603733e-27 -5.952625e-28 -3.877933e-29 -1.797456e-30 -7.469834e-33 1.080181e-32 1.638353e-33 1.712814e-34 1.483690e-35 1.126600e-36 7.688030e-38 4.777950e-39 2.725701e-40 1.434551e-41 6.989038e-43 3.159229e-44 1.327048e-45 5.185377e-47 1.885934e-48 6.389768e-50 1.680130e-51 1.224095e-53 1.396728e-56 2.963568e-60 1.537371e-64 2.426777e-69 1.371976e-74 0.000000e+00
0.000000e+00 4.846467e-73 8.054917e-68 4.804757e-63 8.735980e-59 3.888697e-55 3.222352e-52 4.186705e-50 1.510535e-48 4.235535e-47 1.106555e-45 2.690360e-44 6.081091e-43 1.275891e-41 2.479224e-40 4.446650e-39 7.324553e-38 1.099354e-36 1.483690e-35 1.756171e-34 1.723084e-33 1.165136e-32 -8.639115e-33 -2.057060e-30 -4.561993e-29 -7.208393e-28 -9.487407e-27 -1.093033e-25 -1.126497e-24 -1.050119e-23 -8.908014e-23 -6.899314e-22 -4.887265e-21 -3.168598e-20 -1.880246e-19 -1.020714e-18 -5.065078e-18 -2.295190e-17 -9.486684e-17 -3.572660e-16 -1.224707e-15 -3.819006e-15 -1.083107e-14 -2.795250e-14 -6.573725e-14 -1.412259e-13 -2.781544e-13 -5.045887e-13 -8.476812e-13 -1.326578e-12 -1.945500e-12 -2.689132e-12 -3.521682e-12 -4.389881e-12 -5.229129e-12 -5.971434e-12 -6.553680e-12 -6.925025e-12 -7.052593e-12 -6.925025e-12 -6.553680e-12 -5.971434e-12 -5.229129e-12 -4.389881e-12 -3.521682e-12 -2.689132e-12 -1.945500e-12 -1.326578e-12 -8.476812e-13 -5.045887e-13 -2.781544e-13 -1.412259e-13 -6.573725e-14 -2.795250e-14 -1.083107e-14 -3.819006e-15 -1.224707e-15 -3.572660e-16 -9.486684e-17 -2.295190e-17 -5.065078e-18 -1.020714e-18 -1.880246e-19 -3.168598e-20 -4.887265e-21 -6.899314e-22 -8.908014e-23 -1.050119e-23 -1.126497e-24 -1.093033e-25 -9.487407e-27 -7.208393e-28 -4.561993e-29 -2.057060e-30 -8.639115e-33 1.165136e-32 1.723084e-33 1.756171e-34 1.483690e-35 1.099354e-36 7.324553e-38 4.446650e-39 2.479224e-40 1.275891e-41 6.081091e-43 2.690360e-44 1.106555e-45 4.235535e-47 1.510535e-48 4.186705e-50 3.222352e-52 3.888697e-55 8.735980e-59 4.804757e-63 8.054917e-68 4.846467e-73 0.000000e+00
0.000000e+00 1.572054e-71 2.460531e-66 1.384570e-61 2.378089e-57 1.001035e-53 7.850305e-51 9.661362e-49 3.308226e-47 8.814123e-46 2.187662e-44 5.050100e-43 1.082612e-41 2.150380e-40 3.944385e-39 6.647970e-38 1.021478e-36 1.412035e-35 1.712814e-34 1.723084e-33 1.194902e-32 -9.283965e-33 -2.230302e-30 -5.083148e-29 -8.262829e-28 -1.119725e-26 -1.329302e-25 -1.412874e-24 -1.359440e-23 -1.191306e-22 -9.540022e-22 -6.993494e-21 -4.696387e-20 -2.889066e-19 -1.627256e-18 -8.384622e-18 -3.947814e-17 -1.696392e-16 -6.643889e-16 -2.368687e-15 -7.679606e-15 -2.262792e-14 -6.059207e-14 -1.475727e-13 -3.275115e-13 -6.643808e-13 -1.237251e-12 -2.126703e-12 -3.395143e-12 -5.067057e-12 -7.115649e-12 -9.459825e-12 -1.197179e-11 -1.449250e-11 -1.685067e-11 -1.888152e-11 -2.044242e-11 -2.142438e-11 -2.175940e-11 -2.142438e-11 -2.044242e-11 -1.888152e-11 -1.685067e-11 -1.449250e-11 -1.197179e-11 -9.459825e-12 -7.115649e-12 -5.067057e-12 -3.395143e-12 -2.126703e-12 -1.237251e-12 -6.643808e-13 -3.275115e-13 -1.475727e-13 -6.059207e-14 -2.262792e-14 -7.679606e-15 -2.368687e-15 -6.643889e-16 -1.696392e-16 -3.947814e-17 -8.384622e-18 -1.627256e-18 -2.889066e-19 -4.696387e-20 -6.993494e-21 -9.540022e-22 -1.191306e-22 -1.359440e-23 -1.412874e-24 -1.329302e-25 -1.119725e-26 -8.262829e-28 -5.083148e-29 -2.230302e-30 -9.283965e-33 1.194902e-32 1.723084e-33 1.712814e-34 1.412035e-35 1.021478e-36 6.647970e-38 3.944385e-39 2.150380e-40 1.082612e-41 5.050100e-43 2.187662e-44 8.814123e-46 3.308226e-47 9.661362e-49 7.850305e-51 1.001035e-53 2.378089e-57 1.384570e-61 2.460531e-66 1.572054e-71 0.000000e+00
0.000000e+00 4.690174e-70 6.926206e-65 3.682411e-60 5.982168e-56 2.383520e-52 1.770139e-49 2.064284e-47 6.709314e-46 1.698227e-44 4.002083e-43 8.762248e-42 1.778310e-40 3.334431e-39 5.747650e-38 9.036622e-37 1.278865e-35 1.589012e-34 1.638353e-33 1.165136e-32 -9.283965e-33 -2.291201e-30 -5.365429e-29 -8.967428e-28 -1.250339e-26 -1.528404e-25 -1.673979e-24 -1.661046e-23 -1.502357e-22 -1.242760e-21 -9.418573e-21 -6.544457e-20 -4.169141e-19 -2.433729e-18 -1.300624e-17 -6.355696e-17 -2.835957e-16 -1.153743e-15 -4.273058e-15 -1.438770e-14 -4.399420e-14 -1.220939e-13 -3.075748e-13 -7.041484e-13 -1.468502e-12 -2.800464e-12 -4.908841e-12 -7.959125e-12 -1.202103e-11 -1.703538e-11 -2.281115e-11 -2.905105e-11 -3.539527e-11 -4.146931e-11 -4.692482e-11 -5.146703e-11 -5.486817e-11 -5.697004e-11 -5.768068e-11 -5.697004e-11 -5.486817e-11 -5.146703e-11 -4.692482e-11 -4.146931e-11 -3.539527e-11 -2.905105e-11 -2.281115e-11 -1.703538e-11 -1.202103e-11 -7.959125e-12 -4.908841e-12 -2.800464e-12 -1.468502e-12 -7.041484e-13 -3.075748e-13 -1.220939e-13 -4.399420e-14 -1.438770e-14 -4.273058e-15 -1.153743e-15 -2.835957e-16 -6.355696e-17 -1.300624e-17 -2.433729e-18 -4.169141e-19 -6.544457e-20 -9.418573e-21 -1.242760e-21 -1.502357e-22 -1.661046e-23 -1.673979e-24 -1.528404e-25 -1.250339e-26 -8.967428e-28 -5.365429e-29 -2.291201e-30 -9.283965e-33 1.165136e-32 1.638353e-33 1.589012e-34 1.278865e-35 9.036622e-37 5.747650e-38 3.334431e-39 1.778310e-40 8.762248e-42 4.002083e-43 1.698227e-44 6.709314e-46 2.064284e-47 1.770139e-49 2.383520e-52 5.982168e-56 3.682411e-60 6.926206e-65 4.690174e-70 0.000000e+00
0.000000e+00 1.288669e-68 1.798347e-63 9.044995e-59 1.391128e-54 5.249989e-51 3.693672e-48 4.081843e-46 1.258997e-44 3.025736e-43 6.763019e-42 1.401846e-40 2.685821e-39 4.732727e-38 7.610382e-37 1.102121e-35 1.402098e-34 1.481093e-33 1.080181e-32 -8.639115e-33 -2.230302e-30 -5.365429e-29 -9.215277e-28 -1.321198e-26 -1.661768e-25 -1.874064e-24 -1.916206e-23 -1.787284e-22 -1.525845e-21 -1.194425e-20 -8.579210e-20 -5.654133e-19 -3.417215e-18 -1.892111e-17 -9.585890e-17 -4.436806e-16 -1.872973e-15 -7.198691e-15 -2.514721e-14 -7.972039e-14 -2.290758e-13 -5.963033e-13 -1.406593e-12 -3.011193e-12 -5.867775e-12 -1.045611e-11 -1.714312e-11 -2.604951e-11 -3.697729e-11 -4.942645e-11 -6.268813e-11 -7.597589e-11 -8.855105e-11 -9.981119e-11 -1.093296e-10 -1.168495e-10 -1.222481e-10 -1.254872e-10 -1.265657e-10 -1.254872e-10 -1.222481e-10 -1.168495e-10 -1.093296e-10 -9.981119e-11 -8.855105e-11 -7.597589e-11 -6.268813e-11 -4.942645e-11 -3.697729e-11 -2.604951e-11 -1.714312e-11 -1.045611e-11 -5.867775e-12 -3.011193e-12 -1.406593e-12 -5.963033e-13 -2.290758e-13 -7.972039e-14 -2.514721e-14 -7.198691e-15 -1.872973e-15 -4.436806e-16 -9.585890e-17 -1.892111e-17 -3.417215e-18 -5.654133e-19 -8.579210e-20 -1.194425e-20 -1.525845e-21 -1.787284e-22 -1.916206e-23 -1.874064e-24 -1.661768e-25 -1.321198e-26 -9.215277e-28 -5.365429e-29 -2.230302e-30 -8.639115e-33 1.080181e-32 1.481093e-33 1.402098e-34 1.102121e-35 7.610382e-37 4.732727e-38 2.685821e-39 1.401846e-40 6.763019e-42 3.025736e-43 1.258997e-44 4.081843e-46 3.693672e-48 5.249989e-51 1.391128e-54 9.044995e-59 1.798347e-63 1.288669e-68 0.000000e+00
0.000000e+00 3.263818e-67 4.309610e-62 2.052571e-57 2.990826e-53 1.069511e-49 7.128958e-47 7.463384e-45 2.183212e-43 4.976493e-42 1.053117e-40 2.060806e-39 3.710686e-38 6.100163e-37 9.036111e-36 1.176515e-34 1.272850e-33 9.520306e-33 -7.469834e-33 -2.057060e-30 -5.083148e-29 -8.967428e-28 -1.321198e-26 -1.708736e-25 -1.982817e-24 -2.087562e-23 -2.006351e-22 -1.766307e-21 -1.426886e-20 -1.058491e-19 -7.210216e-19 -4.507342e-18 -2.583250e-17 -1.355498e-16 -6.501455e-16 -2.845126e-15 -1.133725e-14 -4.105244e-14 -1.348121e-13 -4.007786e-13 -1.077160e-12 -2.615660e-12 -5.741077e-12 -1.141099e-11 -2.061258e-11 -3.402450e-11 -5.168902e-11 -7.287097e-11 -9.617800e-11 -1.198787e-10 -1.422836e-10 -1.620603e-10 -1.784071e-10 -1.910746e-10 -2.002693e-10 -2.064900e-10 -2.103475e-10 -2.124024e-10 -2.130416e-10 -2.124024e-10 -2.103475e-10 -2.064900e-10 -2.002693e-10 -1.910746e-10 -1.784071e-10 -1.620603e-10 -1.422836e-10 -1.198787e-10 -9.617800e-11 -7.287097e-11 -5.168902e-11 -3.402450e-11 -2.061258e-11 -1.141099e-11 -5.741077e-12 -2.615660e-12 -1.077160e-12 -4.007786e-13 -1.348121e-13 -4.105244e-14 -1.133725e-14 -2.845126e-15 -6.501455e-16 -1.355498e-16 -2.583250e-17 -4.507342e-18 -7.210216e-19 -1.058491e-19 -1.426886e-20 -1.766307e-21 -2.006351e-22 -2.087562e-23 -1.982817e-24 -1.708736e-25 -1.321198e-26 -8.967428e-28 -5.083148e-29 -2.057060e-30 -7.469834e-33 9.520306e-33 1.272850e-33 1.176515e-34 9.036111e-36 6.100163e-37 3.710686e-38 2.060806e-39 1.053117e-40 4.976493e-42 2.183212e-43 7.463384e-45 7.128958e-47 1.069511e-49 2.990826e-53 2.052571e-57 4.309610e-62 3.263818e-67 0.000000e+00
0.000000e+00 7.624407e-66 9.535277e-61 4.303585e-56 5.943483e-52 2.014101e-48 1.271583e-45 1.260263e-43 3.492354e-42 7.536949e-41 1.505806e-39 2.769453e-38 4.652607e-37 7.046552e-36 9.386218e-35 1.039707e-33 7.975755e-33 -5.982174e-33 -1.797456e-30 -4.561993e-29 -8.262829e-28 -1.250339e-26 -1.661768e-25 -1.982817e-24 -2.147989e-23 -2.125659e-22 -1.928228e-21 -1.606221e-20 -1.229558e-19 -8.649217e-19 -5.587658e-18 -3.311732e-17 -1.798205e-16 -8.929594e-16 -4.047324e-15 -1.670666e-14 -6.265733e-14 -2.129901e-13 -6.546680e-13 -1.815625e-12 -4.535790e-12 -1.019849e-11 -2.064637e-11 -3.771138e-11 -6.240155e-11 -9.412345e-11 -1.304453e-10 -1.676053e-10 -2.015045e-10 -2.287262e-10 -2.472326e-10 -2.565931e-10 -2.578010e-10 -2.528468e-10 -2.442143e-10 -2.344286e-10 -2.257156e-10 -2.197797e-10 -2.176815e-10 -2.197797e-10 -2.257156e-10 -2.344286e-10 -2.442143e-10 -2.528468e-10 -2.578010e-10 -2.565931e-10 -2.472326e-10 -2.287262e-10 -2.015045e-10 -1.676053e-10 -1.304453e-10 -9.412345e-11 -6.240155e-11 -3.771138e-11 -2.064637e-11 -1.019849e-11 -4.535790e-12 -1.815625e-12 -6.546680e-13 -2.129901e-13 -6.265733e-14 -1.670666e-14 -4.047324e-15 -8.929594e-16 -1.798205e-16 -3.311732e-17 -5.587658e-18 -8.649217e-19 -1.229558e-19 -1.606221e-20 -1.928228e-21 -2.125659e-22 -2.147989e-23 -1.982817e-24 -1.661768e-25 -1.250339e-26 -8.262829e-28 -4.561993e-29 -1.797456e-30 -5.982174e-33 7.975755e-33 1.039707e-33 9.386218e-35 7.046552e-36 4.652607e-37 2.769453e-38 1.505806e-39 7.536949e-41 3.492354e-42 1.260263e-43 1.271583e-45 2.014101e-48 5.943483e-52 4.303585e-56 9.535277e-61 7.624407e-66 0.000000e+00
