0.000000e+00 1.095289e-116 6.412651e-111 1.220805e-105 6.541462e-101 8.039246e-97 1.741870e-93 5.631863e-91 4.780158e-89 3.017124e-87 1.726643e-85 8.997788e-84 4.286173e-82 1.872461e-80 7.522172e-79 2.785101e-77 9.521621e-76 3.010263e-74 8.811192e-73 2.389955e-71 6.010953e-70 1.402365e-68 3.035333e-67 6.094523e-66 1.134796e-64 1.958333e-63 3.129441e-62 4.625242e-61 6.312278e-60 7.937536e-59 9.170172e-58 9.694828e-57 9.326655e-56 8.095790e-55 6.254104e-54 4.192931e-53 2.307705e-52 8.735051e-52 -1.443420e-52 -4.208732e-50 -4.986540e-49 -4.099467e-48 -2.750978e-47 -1.584383e-46 -8.000137e-46 -3.578622e-45 -1.425762e-44 -5.073275e-44 -1.614404e-43 -4.596715e-43 -1.171259e-42 -2.670717e-42 -5.449897e-42 -9.954202e-42 -1.627887e-41 -2.384731e-41 -3.130911e-41 -3.685674e-41 -3.891489e-41 -3.685674e-41 -3.130911e-41 -2.384731e-41 -1.627887e-41 -9.954202e-42 -5.449897e-42 -2.670717e-42 -1.171259e-42 -4.596715e-43 -1.614404e-43 -5.073275e-44 -1.425762e-44 -3.578622e-45 -8.000137e-46 -1.584383e-46 -2.750978e-47 -4.099467e-48 -4.986540e-49 -4.208732e-50 -1.443420e-52 8.735051e-52 2.307705e-52 4.192931e-53 6.254104e-54 8.095790e-55 9.326655e-56 9.694828e-57 9.170172e-58 7.937536e-59 6.312278e-60 4.625242e-61 3.129441e-62 1.958333e-63 1.134796e-64 6.094523e-66 3.035333e-67 1.402365e-68 6.010953e-70 2.389955e-71 8.811192e-73 3.010263e-74 9.521621e-76 2.785101e-77 7.522172e-79 1.872461e-80 4.286173e-82 8.997788e-84 1.726643e-85 3.017124e-87 4.780158e-89 5.631863e-91 1.741870e-93 8.039246e-97 6.541462e-101 1.220805e-105 6.412651e-111 1.095289e-116 0.000000e+00
0.000000e+00 9.961980e-111 4.959530e-105 8.195696e-100 3.872400e-95 4.248774e-91 8.301555e-88 2.441170e-85 1.899847e-83 1.106856e-81 5.876229e-80 2.852878e-78 1.270747e-76 5.207287e-75 1.967554e-73 6.867787e-72 2.217892e-70 6.634650e-69 1.840120e-67 4.734849e-66 1.130766e-64 2.506790e-63 5.158352e-62 9.849571e-61 1.744176e-59 2.861923e-58 4.346102e-57 6.098358e-56 7.889567e-55 9.383059e-54 1.021695e-52 1.012621e-51 9.054477e-51 7.197794e-50 4.949322e-49 2.764728e-48 1.010775e-47 -1.335718e-47 -6.876483e-46 -8.047185e-45 -6.793906e-44 -4.738070e-43 -2.853749e-42 -1.513609e-41 -7.138400e-41 -3.008734e-40 -1.136360e-39 -3.850934e-39 -1.171594e-38 -3.200592e-38 -7.851497e-38 -1.729778e-37 -3.423385e-37 -6.088966e-37 -9.739219e-37 -1.401888e-36 -1.817302e-36 -2.122925e-36 -2.235713e-36 -2.122925e-36 -1.817302e-36 -1.401888e-36 -9.739219e-37 -6.088966e-37 -3.423385e-37 -1.729778e-37 -7.851497e-38 -3.200592e-38 -1.171594e-38 -3.850934e-39 -1.136360e-39 -3.008734e-40 -7.138400e-41 -1.513609e-41 -2.853749e-42 -4.738070e-43 -6.793906e-44 -8.047185e-45 -6.876483e-46 -1.335718e-47 1.010775e-47 2.764728e-48 4.949322e-49 7.197794e-50 9.054477e-51 1.012621e-51 1.021695e-52 9.383059e-54 7.889567e-55 6.098358e-56 4.346102e-57 2.861923e-58 1.744176e-59 9.849571e-61 5.158352e-62 2.506790e-63 1.130766e-64 4.734849e-66 1.840120e-67 6.634650e-69 2.217892e-70 6.867787e-72 1.967554e-73 5.207287e-75 1.270747e-76 2.852878e-78 5.876229e-80 1.106856e-81 1.899847e-83 2.441170e-85 8.301555e-88 4.248774e-91 3.872400e-95 8.195696e-100 4.959530e-105 9.961980e-111 0.000000e+00
0.000000e+00 3.149700e-105 1.361136e-99 1.983420e-94 8.366672e-90 8.277797e-86 1.470501e-82 3.959772e-80 2.841981e-78 1.535812e-76 7.595413e-75 3.447705e-73 1.440341e-71 5.550717e-70 1.976970e-68 6.517534e-67 1.991252e-65 5.643284e-64 1.484532e-62 3.626445e-61 8.227839e-60 1.733727e-58 3.391864e-57 6.157698e-56 1.036461e-54 1.615563e-53 2.328223e-52 3.095283e-51 3.784858e-50 4.238923e-49 4.321961e-48 3.974332e-47 3.244811e-46 2.282568e-45 1.288258e-44 4.457805e-44 -1.335106e-43 -4.307807e-42 -5.013200e-41 -4.343952e-40 -3.142009e-39 -1.973851e-38 -1.096341e-37 -5.432753e-37 -2.413363e-36 -9.635185e-36 -3.461696e-35 -1.119846e-34 -3.262586e-34 -8.561390e-34 -2.023823e-33 -4.311080e-33 -8.279819e-33 -1.434855e-32 -2.245691e-32 -3.177440e-32 -4.068157e-32 -4.716764e-32 -4.954895e-32 -4.716764e-32 -4.068157e-32 -3.177440e-32 -2.245691e-32 -1.434855e-32 -8.279819e-33 -4.311080e-33 -2.023823e-33 -8.561390e-34 -3.262586e-34 -1.119846e-34 -3.461696e-35 -9.635185e-36 -2.413363e-36 -5.432753e-37 -1.096341e-37 -1.973851e-38 -3.142009e-39 -4.343952e-40 -5.013200e-41 -4.307807e-42 -1.335106e-43 4.457805e-44 1.288258e-44 2.282568e-45 3.244811e-46 3.974332e-47 4.321961e-48 4.238923e-49 3.784858e-50 3.095283e-51 2.328223e-52 1.615563e-53 1.036461e-54 6.157698e-56 3.391864e-57 1.733727e-58 8.227839e-60 3.626445e-61 1.484532e-62 5.643284e-64 1.991252e-65 6.517534e-67 1.976970e-68 5.550717e-70 1.440341e-71 3.447705e-73 7.595413e-75 1.535812e-76 2.841981e-78 3.959772e-80 1.470501e-82 8.277797e-86 8.366672e-90 1.983420e-94 1.361136e-99 3.149700e-105 0.000000e+00
0.000000e+00 3.062756e-100 1.167111e-94 1.518344e-89 5.775462e-85 5.194999e-81 8.447948e-78 2.095135e-75 1.393507e-73 7.014150e-72 3.242899e-70 1.380447e-68 5.422896e-67 1.969666e-65 6.624822e-64 2.065902e-62 5.978724e-61 1.606815e-59 4.012088e-58 9.309097e-57 2.007062e-55 4.019834e-54 7.475039e-53 1.289472e-51 2.061033e-50 3.047334e-49 4.158605e-48 5.221986e-47 6.007707e-46 6.292401e-45 5.941136e-44 4.972223e-43 3.568886e-42 2.024690e-41 6.440267e-41 -3.564531e-40 -9.014065e-39 -1.048096e-37 -9.314151e-37 -6.973804e-36 -4.558325e-35 -2.643935e-34 -1.372330e-33 -6.403180e-33 -2.692265e-32 -1.021324e-31 -3.497670e-31 -1.081590e-30 -3.020410e-30 -7.618445e-30 -1.736278e-29 -3.577569e-29 -6.670377e-29 -1.126631e-28 -1.725900e-28 -2.401007e-28 -3.036734e-28 -3.494996e-28 -3.662389e-28 -3.494996e-28 -3.036734e-28 -2.401007e-28 -1.725900e-28 -1.126631e-28 -6.670377e-29 -3.577569e-29 -1.736278e-29 -7.618445e-30 -3.020410e-30 -1.081590e-30 -3.497670e-31 -1.021324e-31 -2.692265e-32 -6.403180e-33 -1.372330e-33 -2.643935e-34 -4.558325e-35 -6.973804e-36 -9.314151e-37 -1.048096e-37 -9.014065e-39 -3.564531e-40 6.440267e-41 2.024690e-41 3.568886e-42 4.972223e-43 5.941136e-44 6.292401e-45 6.007707e-46 5.221986e-47 4.158605e-48 3.047334e-49 2.061033e-50 1.289472e-51 7.475039e-53 4.019834e-54 2.007062e-55 9.309097e-57 4.012088e-58 1.606815e-59 5.978724e-61 2.065902e-62 6.624822e-64 1.969666e-65 5.422896e-67 1.380447e-68 3.242899e-70 7.014150e-72 1.393507e-73 2.095135e-75 8.447948e-78 5.194999e-81 5.775462e-85 1.518344e-89 1.167111e-94 3.062756e-100 0.000000e+00
0.000000e+00 7.688243e-96 2.615599e-90 3.068372e-85 1.061111e-80 8.736865e-77 1.308046e-73 3.002234e-71 1.858169e-69 8.742517e-68 3.790090e-66 1.516897e-64 5.615464e-63 1.925811e-61 6.126029e-60 1.809242e-58 4.964403e-57 1.266148e-55 3.002200e-54 6.617912e-53 1.355847e-51 2.580333e-50 4.557768e-49 7.463087e-48 1.130977e-46 1.582594e-45 2.038442e-44 2.406014e-43 2.585184e-42 2.502269e-41 2.142596e-40 1.564880e-39 8.871277e-39 2.478423e-38 -2.402427e-37 -5.226987e-36 -6.092538e-35 -5.548240e-34 -4.292368e-33 -2.912562e-32 -1.759593e-31 -9.539198e-31 -4.660423e-30 -2.056622e-29 -8.207549e-29 -2.963729e-28 -9.685545e-28 -2.864967e-27 -7.671894e-27 -1.860512e-26 -4.088716e-26 -8.150328e-26 -1.475466e-25 -2.429247e-25 -3.643056e-25 -4.983757e-25 -6.227501e-25 -7.115086e-25 -7.437670e-25 -7.115086e-25 -6.227501e-25 -4.983757e-25 -3.643056e-25 -2.429247e-25 -1.475466e-25 -8.150328e-26 -4.088716e-26 -1.860512e-26 -7.671894e-27 -2.864967e-27 -9.685545e-28 -2.963729e-28 -8.207549e-29 -2.056622e-29 -4.660423e-30 -9.539198e-31 -1.759593e-31 -2.912562e-32 -4.292368e-33 -5.548240e-34 -6.092538e-35 -5.226987e-36 -2.402427e-37 2.478423e-38 8.871277e-39 1.564880e-39 2.142596e-40 2.502269e-41 2.585184e-42 2.406014e-43 2.038442e-44 1.582594e-45 1.130977e-46 7.463087e-48 4.557768e-49 2.580333e-50 1.355847e-51 6.617912e-53 3.002200e-54 1.266148e-55 4.964403e-57 1.809242e-58 6.126029e-60 1.925811e-61 5.615464e-63 1.516897e-64 3.790090e-66 8.742517e-68 1.858169e-69 3.002234e-71 1.308046e-73 8.736865e-77 1.061111e-80 3.068372e-85 2.615599e-90 7.688243e-96 0.000000e+00
0.000000e+00 3.922834e-92 1.203450e-86 1.283535e-81 4.063140e-77 3.079960e-73 4.266014e-70 9.099061e-68 5.259145e-66 2.319874e-64 9.454702e-63 3.565485e-61 1.246111e-59 4.041159e-58 1.217266e-56 3.408009e-55 8.872590e-54 2.148472e-52 4.838722e-51 1.013302e-49 1.972070e-48 3.563826e-47 5.973034e-46 9.268841e-45 1.328610e-43 1.753490e-42 2.120927e-41 2.334779e-40 2.313314e-39 2.022856e-38 1.499205e-37 8.435750e-37 1.914402e-36 -3.329387e-35 -6.554927e-34 -7.679049e-33 -7.160634e-32 -5.714789e-31 -4.017282e-30 -2.522016e-29 -1.424354e-28 -7.265765e-28 -3.354934e-27 -1.403816e-26 -5.325733e-26 -1.832205e-25 -5.716536e-25 -1.617794e-24 -4.154296e-24 -9.685749e-24 -2.052371e-23 -3.957653e-23 -6.956215e-23 -1.116432e-22 -1.639096e-22 -2.205117e-22 -2.722415e-22 -3.087895e-22 -3.220058e-22 -3.087895e-22 -2.722415e-22 -2.205117e-22 -1.639096e-22 -1.116432e-22 -6.956215e-23 -3.957653e-23 -2.052371e-23 -9.685749e-24 -4.154296e-24 -1.617794e-24 -5.716536e-25 -1.832205e-25 -5.325733e-26 -1.403816e-26 -3.354934e-27 -7.265765e-28 -1.424354e-28 -2.522016e-29 -4.017282e-30 -5.714789e-31 -7.160634e-32 -7.679049e-33 -6.554927e-34 -3.329387e-35 1.914402e-36 8.435750e-37 1.499205e-37 2.022856e-38 2.313314e-39 2.334779e-40 2.120927e-41 1.753490e-42 1.328610e-43 9.268841e-45 5.973034e-46 3.563826e-47 1.972070e-48 1.013302e-49 4.838722e-51 2.148472e-52 8.872590e-54 3.408009e-55 1.217266e-56 4.041159e-58 1.246111e-59 3.565485e-61 9.454702e-63 2.319874e-64 5.259145e-66 9.099061e-68 4.266014e-70 3.079960e-73 4.063140e-77 1.283535e-81 1.203450e-86 3.922834e-92 0.000000e+00
0.000000e+00 3.140313e-89 8.759889e-84 8.553361e-79 2.493081e-74 1.748512e-70 2.250079e-67 4.476117e-65 2.423574e-63 1.005011e-61 3.859406e-60 1.374040e-58 4.541035e-57 1.394475e-55 3.981772e-54 1.057681e-52 2.614233e-51 6.012302e-50 1.286268e-48 2.558504e-47 4.727563e-46 8.105002e-45 1.287030e-43 1.888471e-42 2.551918e-41 3.160549e-40 3.561480e-39 3.608616e-38 3.218663e-37 2.416123e-36 1.341940e-35 2.151301e-35 -7.393046e-34 -1.364042e-32 -1.611474e-31 -1.538801e-30 -1.265720e-29 -9.204880e-29 -5.994755e-28 -3.520158e-27 -1.870797e-26 -9.016852e-26 -3.945480e-25 -1.568045e-24 -5.661025e-24 -1.856644e-23 -5.532301e-23 -1.498162e-22 -3.689353e-22 -8.269965e-22 -1.689705e-21 -3.152223e-21 -5.379977e-21 -8.418149e-21 -1.210128e-20 -1.601239e-20 -1.953415e-20 -2.199769e-20 -2.288411e-20 -2.199769e-20 -1.953415e-20 -1.601239e-20 -1.210128e-20 -8.418149e-21 -5.379977e-21 -3.152223e-21 -1.689705e-21 -8.269965e-22 -3.689353e-22 -1.498162e-22 -5.532301e-23 -1.856644e-23 -5.661025e-24 -1.568045e-24 -3.945480e-25 -9.016852e-26 -1.870797e-26 -3.520158e-27 -5.994755e-28 -9.204880e-29 -1.265720e-29 -1.538801e-30 -1.611474e-31 -1.364042e-32 -7.393046e-34 2.151301e-35 1.341940e-35 2.416123e-36 3.218663e-37 3.608616e-38 3.561480e-39 3.160549e-40 2.551918e-41 1.888471e-42 1.287030e-43 8.105002e-45 4.727563e-46 2.558504e-47 1.286268e-48 6.012302e-50 2.614233e-51 1.057681e-52 3.981772e-54 1.394475e-55 4.541035e-57 1.374040e-58 3.859406e-60 1.005011e-61 2.423574e-63 4.476117e-65 2.250079e-67 1.748512e-70 2.493081e-74 8.553361e-79 8.759889e-84 3.140313e-89 0.000000e+00
0.000000e+00 4.351135e-87 1.112054e-81 1.000590e-76 2.700575e-72 1.761085e-68 2.114669e-65 3.938526e-63 2.004458e-61 7.837659e-60 2.843591e-58 9.580586e-57 3.000473e-55 8.741272e-54 2.370033e-52 5.981817e-51 1.405435e-49 3.073118e-48 6.250441e-47 1.181517e-45 2.073165e-44 3.370869e-43 5.066596e-42 7.015820e-41 8.905942e-40 1.028605e-38 1.067666e-37 9.738838e-37 7.437811e-36 4.116860e-35 4.256143e-35 -2.883525e-33 -5.205157e-32 -6.263502e-31 -6.151433e-30 -5.227173e-29 -3.938368e-28 -2.663140e-27 -1.626813e-26 -9.009922e-26 -4.533150e-25 -2.073984e-24 -8.632090e-24 -3.268695e-23 -1.126092e-22 -3.529630e-22 -1.006779e-21 -2.614653e-21 -6.188134e-21 -1.336433e-20 -2.638354e-20 -4.771157e-20 -7.921802e-20 -1.210517e-19 -1.706336e-19 -2.223337e-19 -2.682510e-19 -3.000770e-19 -3.114757e-19 -3.000770e-19 -2.682510e-19 -2.223337e-19 -1.706336e-19 -1.210517e-19 -7.921802e-20 -4.771157e-20 -2.638354e-20 -1.336433e-20 -6.188134e-21 -2.614653e-21 -1.006779e-21 -3.529630e-22 -1.126092e-22 -3.268695e-23 -8.632090e-24 -2.073984e-24 -4.533150e-25 -9.009922e-26 -1.626813e-26 -2.663140e-27 -3.938368e-28 -5.227173e-29 -6.151433e-30 -6.263502e-31 -5.205157e-32 -2.883525e-33 4.256143e-35 4.116860e-35 7.437811e-36 9.738838e-37 1.067666e-37 1.028605e-38 8.905942e-40 7.015820e-41 5.066596e-42 3.370869e-43 2.073165e-44 1.181517e-45 6.250441e-47 3.073118e-48 1.405435e-49 5.981817e-51 2.370033e-52 8.741272e-54 3.000473e-55 9.580586e-57 2.843591e-58 7.837659e-60 2.004458e-61 3.938526e-63 2.114669e-65 1.761085e-68 2.700575e-72 1.000590e-76 1.112054e-81 4.351135e-87 0.000000e+00
0.000000e+00 2.859371e-85 6.743636e-80 5.626579e-75 1.414055e-70 8.616808e-67 9.698136e-64 1.697961e-61 8.152661e-60 3.015946e-58 1.036994e-56 3.315766e-55 9.866609e-54 2.733652e-52 7.053771e-51 1.695159e-49 3.793237e-48 7.899527e-47 1.529772e-45 2.751449e-44 4.588410e-43 7.077623e-42 1.006377e-40 1.312595e-39 1.558506e-38 1.663787e-37 1.561128e-36 1.225500e-35 6.936377e-35 6.153246e-35 -5.428525e-33 -1.001485e-31 -1.244151e-30 -1.265551e-29 -1.116073e-28 -8.741490e-28 -6.154243e-27 -3.919954e-26 -2.267117e-25 -1.192915e-24 -5.716313e-24 -2.495537e-23 -9.926127e-23 -3.596903e-22 -1.187367e-21 -3.571006e-21 -9.788359e-21 -2.447205e-20 -5.587170e-20 -1.166794e-19 -2.233468e-19 -3.928175e-19 -6.364267e-19 -9.523152e-19 -1.319331e-18 -1.695947e-18 -2.026431e-18 -2.253658e-18 -2.334715e-18 -2.253658e-18 -2.026431e-18 -1.695947e-18 -1.319331e-18 -9.523152e-19 -6.364267e-19 -3.928175e-19 -2.233468e-19 -1.166794e-19 -5.587170e-20 -2.447205e-20 -9.788359e-21 -3.571006e-21 -1.187367e-21 -3.596903e-22 -9.926127e-23 -2.495537e-23 -5.716313e-24 -1.192915e-24 -2.267117e-25 -3.919954e-26 -6.154243e-27 -8.741490e-28 -1.116073e-28 -1.265551e-29 -1.244151e-30 -1.001485e-31 -5.428525e-33 6.153246e-35 6.936377e-35 1.225500e-35 1.561128e-36 1.663787e-37 1.558506e-38 1.312595e-39 1.006377e-40 7.077623e-42 4.588410e-43 2.751449e-44 1.529772e-45 7.899527e-47 3.793237e-48 1.695159e-49 7.053771e-51 2.733652e-52 9.866609e-54 3.315766e-55 1.036994e-56 3.015946e-58 8.152661e-60 1.697961e-61 9.698136e-64 8.616808e-67 1.414055e-70 5.626579e-75 6.743636e-80 2.859371e-85 0.000000e+00
0.000000e+00 1.668293e-83 3.649772e-78 2.836557e-73 6.663860e-69 3.807387e-65 4.028261e-62 6.646698e-60 3.017499e-58 1.058140e-56 3.453731e-55 1.049530e-53 2.970867e-52 7.835616e-51 1.925664e-49 4.408730e-48 9.398555e-47 1.864126e-45 3.435894e-44 5.875164e-43 9.297850e-42 1.357245e-40 1.818439e-39 2.219283e-38 2.436602e-37 2.352300e-36 1.899802e-35 1.103565e-34 8.972293e-35 -9.437407e-33 -1.789089e-31 -2.296949e-30 -2.419884e-29 -2.213726e-28 -1.801111e-27 -1.318990e-26 -8.750750e-26 -5.278680e-25 -2.900955e-24 -1.453853e-23 -6.647035e-23 -2.772509e-22 -1.054857e-21 -3.660350e-21 -1.158372e-20 -3.344005e-20 -8.811171e-20 -2.121270e-19 -4.673211e-19 -9.439794e-19 -1.752619e-18 -2.998927e-18 -4.742726e-18 -6.951609e-18 -9.468089e-18 -1.200995e-17 -1.421415e-17 -1.571771e-17 -1.625194e-17 -1.571771e-17 -1.421415e-17 -1.200995e-17 -9.468089e-18 -6.951609e-18 -4.742726e-18 -2.998927e-18 -1.752619e-18 -9.439794e-19 -4.673211e-19 -2.121270e-19 -8.811171e-20 -3.344005e-20 -1.158372e-20 -3.660350e-21 -1.054857e-21 -2.772509e-22 -6.647035e-23 -1.453853e-23 -2.900955e-24 -5.278680e-25 -8.750750e-26 -1.318990e-26 -1.801111e-27 -2.213726e-28 -2.419884e-29 -2.296949e-30 -1.789089e-31 -9.437407e-33 8.972293e-35 1.103565e-34 1.899802e-35 2.352300e-36 2.436602e-37 2.219283e-38 1.818439e-39 1.357245e-40 9.297850e-42 5.875164e-43 3.435894e-44 1.864126e-45 9.398555e-47 4.408730e-48 1.925664e-49 7.835616e-51 2.970867e-52 1.049530e-53 3.453731e-55 1.058140e-56 3.017499e-58 6.646698e-60 4.028261e-62 3.807387e-65 6.663860e-69 2.836557e-73 3.649772e-78 1.668293e-83 0.000000e+00
0.000000e+00 8.866877e-82 1.807115e-76 1.313028e-71 2.892553e-67 1.553699e-63 1.548808e-60 2.413109e-58 1.037551e-56 3.453733e-55 1.071352e-53 3.097002e-52 8.345322e-51 2.096333e-49 4.908050e-48 1.070499e-46 2.173464e-45 4.102980e-44 7.189539e-43 1.166626e-41 1.747144e-40 2.402967e-39 3.012281e-38 3.398912e-37 3.373682e-36 2.801378e-35 1.669428e-34 1.240477e-34 -1.552530e-32 -3.023842e-31 -4.008574e-30 -4.369187e-29 -4.141176e-28 -3.495405e-27 -2.658902e-26 -1.834661e-25 -1.152483e-24 -6.603915e-24 -3.455287e-23 -1.651352e-22 -7.208787e-22 -2.873838e-21 -1.046002e-20 -3.475403e-20 -1.054165e-19 -2.920233e-19 -7.394287e-19 -1.713682e-18 -3.641959e-18 -7.114436e-18 -1.280994e-17 -2.132364e-17 -3.291680e-17 -4.726108e-17 -6.328428e-17 -7.921531e-17 -9.286697e-17 -1.021057e-16 -1.053754e-16 -1.021057e-16 -9.286697e-17 -7.921531e-17 -6.328428e-17 -4.726108e-17 -3.291680e-17 -2.132364e-17 -1.280994e-17 -7.114436e-18 -3.641959e-18 -1.713682e-18 -7.394287e-19 -2.920233e-19 -1.054165e-19 -3.475403e-20 -1.046002e-20 -2.873838e-21 -7.208787e-22 -1.651352e-22 -3.455287e-23 -6.603915e-24 -1.152483e-24 -1.834661e-25 -2.658902e-26 -3.495405e-27 -4.141176e-28 -4.369187e-29 -4.008574e-30 -3.023842e-31 -1.552530e-32 1.240477e-34 1.669428e-34 2.801378e-35 3.373682e-36 3.398912e-37 3.012281e-38 2.402967e-39 1.747144e-40 1.166626e-41 7.189539e-43 4.102980e-44 2.173464e-45 1.070499e-46 4.908050e-48 2.096333e-49 8.345322e-51 3.097002e-52 1.071352e-53 3.453733e-55 1.037551e-56 2.413109e-58 1.548808e-60 1.553699e-63 2.892553e-67 1.313028e-71 1.807115e-76 8.866877e-82 0.000000e+00
0.000000e+00 4.309745e-80 8.212547e-75 5.596187e-70 1.159150e-65 5.866849e-62 5.521009e-59 8.135764e-57 3.317620e-55 1.049530e-53 3.097002e-52 8.522436e-51 2.187218e-49 5.234187e-48 1.167456e-46 2.425122e-45 4.686284e-44 8.410217e-43 1.398464e-41 2.147358e-40 3.029889e-39 3.898731e-38 4.518028e-37 4.607646e-36 3.931268e-35 2.402710e-34 1.630489e-34 -2.418731e-32 -4.839235e-31 -6.618621e-30 -7.456089e-29 -7.313797e-28 -6.396593e-27 -5.047719e-26 -3.617425e-25 -2.362882e-24 -1.409576e-23 -7.687161e-23 -3.833760e-22 -1.748414e-21 -7.289679e-21 -2.777600e-20 -9.669544e-20 -3.075212e-19 -8.936498e-19 -2.374408e-18 -5.774747e-18 -1.287771e-17 -2.639094e-17 -4.983991e-17 -8.700787e-17 -1.408745e-16 -2.122422e-16 -2.984795e-16 -3.929189e-16 -4.853330e-16 -5.635842e-16 -6.161201e-16 -6.346388e-16 -6.161201e-16 -5.635842e-16 -4.853330e-16 -3.929189e-16 -2.984795e-16 -2.122422e-16 -1.408745e-16 -8.700787e-17 -4.983991e-17 -2.639094e-17 -1.287771e-17 -5.774747e-18 -2.374408e-18 -8.936498e-19 -3.075212e-19 -9.669544e-20 -2.777600e-20 -7.289679e-21 -1.748414e-21 -3.833760e-22 -7.687161e-23 -1.409576e-23 -2.362882e-24 -3.617425e-25 -5.047719e-26 -6.396593e-27 -7.313797e-28 -7.456089e-29 -6.618621e-30 -4.839235e-31 -2.418731e-32 1.630489e-34 2.402710e-34 3.931268e-35 4.607646e-36 4.518028e-37 3.898731e-38 3.029889e-39 2.147358e-40 1.398464e-41 8.410217e-43 4.686284e-44 2.425122e-45 1.167456e-46 5.234187e-48 2.187218e-49 8.522436e-51 3.097002e-52 1.049530e-53 3.317620e-55 8.135764e-57 5.521009e-59 5.866849e-62 1.159150e-65 5.596187e-70 8.212547e-75 4.309745e-80 0.000000e+00
0.000000e+00 1.921897e-78 3.435055e-73 2.201124e-68 4.296660e-64 2.053160e-60 1.826960e-57 2.549762e-55 9.872344e-54 2.970868e-52 8.345322e-51 2.187218e-49 5.347611e-48 1.219155e-46 2.589788e-45 5.120162e-44 9.406030e-43 1.601848e-41 2.520453e-40 3.646217e-39 4.813027e-38 5.724658e-37 5.994761e-36 5.252450e-35 3.291435e-34 2.042441e-34 -3.571107e-32 -7.338137e-31 -1.034680e-29 -1.203582e-28 -1.220572e-27 -1.104871e-26 -9.033924e-26 -6.715458e-25 -4.555049e-24 -2.824863e-23 -1.603302e-22 -8.330883e-22 -3.962678e-21 -1.724915e-20 -6.868179e-20 -2.500545e-19 -8.322115e-19 -2.531878e-18 -7.044251e-18 -1.793907e-17 -4.187737e-17 -8.980105e-17 -1.773643e-16 -3.236695e-16 -5.476382e-16 -8.621828e-16 -1.267489e-15 -1.745622e-15 -2.258813e-15 -2.752971e-15 -3.166365e-15 -3.441676e-15 -3.538332e-15 -3.441676e-15 -3.166365e-15 -2.752971e-15 -2.258813e-15 -1.745622e-15 -1.267489e-15 -8.621828e-16 -5.476382e-16 -3.236695e-16 -1.773643e-16 -8.980105e-17 -4.187737e-17 -1.793907e-17 -7.044251e-18 -2.531878e-18 -8.322115e-19 -2.500545e-19 -6.868179e-20 -1.724915e-20 -3.962678e-21 -8.330883e-22 -1.603302e-22 -2.824863e-23 -4.555049e-24 -6.715458e-25 -9.033924e-26 -1.104871e-26 -1.220572e-27 -1.203582e-28 -1.034680e-29 -7.338137e-31 -3.571107e-32 2.042441e-34 3.291435e-34 5.252450e-35 5.994761e-36 5.724658e-37 4.813027e-38 3.646217e-39 2.520453e-40 1.601848e-41 9.406030e-43 5.120162e-44 2.589788e-45 1.219155e-46 5.347611e-48 2.187218e-49 8.345322e-51 2.970868e-52 9.872344e-54 2.549762e-55 1.826960e-57 2.053160e-60 4.296660e-64 2.201124e-68 3.435055e-73 1.921897e-78 0.000000e+00
0.000000e+00 7.884830e-77 1.325399e-71 8.004915e-67 1.475479e-62 6.667537e-59 5.617652e-56 7.433558e-54 2.735301e-52 7.835622e-51 2.096333e-49 5.234187e-48 1.219155e-46 2.647107e-45 5.351826e-44 1.005881e-42 1.753483e-41 2.825682e-40 4.188713e-39 5.668648e-38 6.916010e-37 7.432095e-36 6.683496e-35 4.293175e-34 2.445804e-34 -4.999761e-32 -1.054988e-30 -1.532452e-29 -1.839079e-28 -1.926286e-27 -1.802828e-26 -1.525632e-25 -1.174968e-24 -8.265543e-24 -5.321782e-23 -3.139132e-22 -1.696942e-21 -8.405824e-21 -3.814031e-20 -1.584368e-19 -6.022366e-19 -2.093797e-18 -6.656937e-18 -1.935778e-17 -5.151728e-17 -1.256301e-16 -2.812457e-16 -5.794592e-16 -1.102186e-15 -1.942351e-15 -3.183459e-15 -4.871323e-15 -6.985273e-15 -9.418659e-15 -1.197744e-14 -1.440113e-14 -1.640380e-14 -1.772660e-14 -1.818909e-14 -1.772660e-14 -1.640380e-14 -1.440113e-14 -1.197744e-14 -9.418659e-15 -6.985273e-15 -4.871323e-15 -3.183459e-15 -1.942351e-15 -1.102186e-15 -5.794592e-16 -2.812457e-16 -1.256301e-16 -5.151728e-17 -1.935778e-17 -6.656937e-18 -2.093797e-18 -6.022366e-19 -1.584368e-19 -3.814031e-20 -8.405824e-21 -1.696942e-21 -3.139132e-22 -5.321782e-23 -8.265543e-24 -1.174968e-24 -1.525632e-25 -1.802828e-26 -1.926286e-27 -1.839079e-28 -1.532452e-29 -1.054988e-30 -4.999761e-32 2.445804e-34 4.293175e-34 6.683496e-35 7.432095e-36 6.916010e-37 5.668648e-38 4.188713e-39 2.825682e-40 1.753483e-41 1.005881e-42 5.351826e-44 2.647107e-45 1.219155e-46 5.234187e-48 2.096333e-49 7.835622e-51 2.735301e-52 7.433558e-54 5.617652e-56 6.667537e-59 1.475479e-62 8.004915e-67 1.325399e-71 7.884830e-77 0.000000e+00
0.000000e+00 2.982810e-75 4.726470e-70 2.695882e-65 4.699873e-61 2.011196e-57 1.606229e-54 2.016964e-52 7.058183e-51 1.925666e-49 4.908050e-48 1.167456e-46 2.589788e-45 5.351826e-44 1.028625e-42 1.834560e-41 3.026145e-40 4.594141e-39 6.370645e-38 7.968143e-37 8.782167e-36 8.101709e-35 5.333515e-34 2.810544e-34 -6.641237e-32 -1.438749e-30 -2.151551e-29 -2.661655e-28 -2.876789e-27 -2.780990e-26 -2.433156e-25 -1.939282e-24 -1.413204e-23 -9.434868e-23 -5.776444e-22 -3.244231e-21 -1.671197e-20 -7.892602e-20 -3.415324e-19 -1.353267e-18 -4.907083e-18 -1.627720e-17 -4.938715e-17 -1.371129e-16 -3.486338e-16 -8.131527e-16 -1.743737e-15 -3.448193e-15 -6.310378e-15 -1.073004e-14 -1.702311e-14 -2.530242e-14 -3.537251e-14 -4.667512e-14 -5.831158e-14 -6.914838e-14 -7.798940e-14 -8.377961e-14 -8.579546e-14 -8.377961e-14 -7.798940e-14 -6.914838e-14 -5.831158e-14 -4.667512e-14 -3.537251e-14 -2.530242e-14 -1.702311e-14 -1.073004e-14 -6.310378e-15 -3.448193e-15 -1.743737e-15 -8.131527e-16 -3.486338e-16 -1.371129e-16 -4.938715e-17 -1.627720e-17 -4.907083e-18 -1.353267e-18 -3.415324e-19 -7.892602e-20 -1.671197e-20 -3.244231e-21 -5.776444e-22 -9.434868e-23 -1.413204e-23 -1.939282e-24 -2.433156e-25 -2.780990e-26 -2.876789e-27 -2.661655e-28 -2.151551e-29 -1.438749e-30 -6.641237e-32 2.810544e-34 5.333515e-34 8.101709e-35 8.782167e-36 7.968143e-37 6.370645e-38 4.594141e-39 3.026145e-40 1.834560e-41 1.028625e-42 5.351826e-44 2.589788e-45 1.167456e-46 4.908050e-48 1.925666e-49 7.058183e-51 2.016964e-52 1.606229e-54 2.011196e-57 4.699873e-61 2.695882e-65 4.726470e-70 2.982810e-75 0.000000e+00
0.000000e+00 1.042421e-73 1.560165e-68 8.418062e-64 1.389975e-59 5.638939e-56 4.272598e-53 5.094591e-51 1.696257e-49 4.408733e-48 1.070499e-46 2.425122e-45 5.120162e-44 1.005881e-42 1.834560e-41 3.096054e-40 4.811225e-39 6.832571e-38 8.756308e-37 9.892899e-36 9.357824e-35 6.312443e-34 3.113250e-34 -8.373102e-32 -1.862029e-30 -2.864879e-29 -3.650542e-28 -4.067971e-27 -4.058139e-26 -3.667300e-25 -3.021770e-24 -2.278603e-23 -1.575601e-22 -1.000047e-21 -5.828003e-21 -3.117957e-20 -1.530605e-19 -6.889819e-19 -2.841690e-18 -1.073129e-17 -3.708297e-17 -1.172187e-16 -3.389551e-16 -8.971479e-16 -2.176214e-15 -4.847517e-15 -9.943061e-15 -1.884602e-14 -3.314229e-14 -5.431569e-14 -8.333155e-14 -1.202104e-13 -1.637185e-13 -2.112825e-13 -2.591832e-13 -3.030091e-13 -3.382909e-13 -3.611932e-13 -3.691312e-13 -3.611932e-13 -3.382909e-13 -3.030091e-13 -2.591832e-13 -2.112825e-13 -1.637185e-13 -1.202104e-13 -8.333155e-14 -5.431569e-14 -3.314229e-14 -1.884602e-14 -9.943061e-15 -4.847517e-15 -2.176214e-15 -8.971479e-16 -3.389551e-16 -1.172187e-16 -3.708297e-17 -1.073129e-17 -2.841690e-18 -6.889819e-19 -1.530605e-19 -3.117957e-20 -5.828003e-21 -1.000047e-21 -1.575601e-22 -2.278603e-23 -3.021770e-24 -3.667300e-25 -4.058139e-26 -4.067971e-27 -3.650542e-28 -2.864879e-29 -1.862029e-30 -8.373102e-32 3.113250e-34 6.312443e-34 9.357824e-35 9.892899e-36 8.756308e-37 6.832571e-38 4.811225e-39 3.096054e-40 1.834560e-41 1.005881e-42 5.120162e-44 2.425122e-45 1.070499e-46 4.408733e-48 1.696257e-49 5.094591e-51 4.272598e-53 5.638939e-56 1.389975e-59 8.418062e-64 1.560165e-68 1.042421e-73 0.000000e+00
0.000000e+00 3.370583e-72 4.772833e-67 2.439505e-62 3.819430e-58 1.470264e-54 1.057572e-51 1.197932e-49 3.795780e-48 9.398564e-47 2.173464e-45 4.686284e-44 9.406030e-43 1.753483e-41 3.026145e-40 4.811225e-39 6.993815e-38 9.178928e-37 1.062512e-35 1.030074e-34 7.118903e-34 3.340742e-34 -1.002327e-31 -2.287738e-30 -3.619281e-29 -4.746892e-28 -5.449354e-27 -5.605012e-26 -5.226923e-25 -4.448193e-24 -3.467296e-23 -2.480559e-22 -1.630372e-21 -9.847510e-21 -5.464929e-20 -2.785050e-19 -1.302416e-18 -5.584214e-18 -2.193250e-17 -7.884669e-17 -2.592936e-16 -7.798361e-16 -2.145447e-15 -5.403921e-15 -1.248191e-14 -2.650349e-14 -5.190506e-14 -9.413611e-14 -1.588299e-13 -2.505231e-13 -3.712073e-13 -5.191078e-13 -6.880558e-13 -8.676720e-13 -1.044373e-12 -1.203025e-12 -1.328946e-12 -1.409914e-12 -1.437844e-12 -1.409914e-12 -1.328946e-12 -1.203025e-12 -1.044373e-12 -8.676720e-13 -6.880558e-13 -5.191078e-13 -3.712073e-13 -2.505231e-13 -1.588299e-13 -9.413611e-14 -5.190506e-14 -2.650349e-14 -1.248191e-14 -5.403921e-15 -2.145447e-15 -7.798361e-16 -2.592936e-16 -7.884669e-17 -2.193250e-17 -5.584214e-18 -1.302416e-18 -2.785050e-19 -5.464929e-20 -9.847510e-21 -1.630372e-21 -2.480559e-22 -3.467296e-23 -4.448193e-24 -5.226923e-25 -5.605012e-26 -5.449354e-27 -4.746892e-28 -3.619281e-29 -2.287738e-30 -1.002327e-31 3.340742e-34 7.118903e-34 1.030074e-34 1.062512e-35 9.178928e-37 6.993815e-38 4.811225e-39 3.026145e-40 1.753483e-41 9.406030e-43 4.686284e-44 2.173464e-45 9.398564e-47 3.795780e-48 1.197932e-49 1.057572e-51 1.470264e-54 3.819430e-58 2.439505e-62 4.772833e-67 3.370583e-72 0.000000e+00
0.000000e+00 1.009563e-70 1.354439e-65 6.565486e-61 9.755667e-57 3.565710e-53 2.435902e-50 2.621560e-48 7.905000e-47 1.864128e-45 4.102980e-44 8.410217e-43 1.601848e-41 2.825682e-40 4.594141e-39 6.832571e-38 9.178928e-37 1.088095e-35 1.080696e-34 7.651015e-34 3.489678e-34 -1.139545e-31 -2.669106e-30 -4.339483e-29 -5.854168e-28 -6.918127e-27 -7.330780e-26 -7.048488e-25 -6.189582e-24 -4.982574e-23 -3.684333e-22 -2.504984e-21 -1.566437e-20 -9.007183e-20 -4.759787e-19 -2.309711e-18 -1.028214e-17 -4.194915e-17 -1.566929e-16 -5.354243e-16 -1.672725e-15 -4.777127e-15 -1.247718e-14 -2.983925e-14 -6.547492e-14 -1.322146e-13 -2.466572e-13 -4.271047e-13 -6.899678e-13 -1.045410e-12 -1.493401e-12 -2.021301e-12 -2.603668e-12 -3.204344e-12 -3.780385e-12 -4.287040e-12 -4.682960e-12 -4.934892e-12 -5.021344e-12 -4.934892e-12 -4.682960e-12 -4.287040e-12 -3.780385e-12 -3.204344e-12 -2.603668e-12 -2.021301e-12 -1.493401e-12 -1.045410e-12 -6.899678e-13 -4.271047e-13 -2.466572e-13 -1.322146e-13 -6.547492e-14 -2.983925e-14 -1.247718e-14 -4.777127e-15 -1.672725e-15 -5.354243e-16 -1.566929e-16 -4.194915e-17 -1.028214e-17 -2.309711e-18 -4.759787e-19 -9.007183e-20 -1.566437e-20 -2.504984e-21 -3.684333e-22 -4.982574e-23 -6.189582e-24 -7.048488e-25 -7.330780e-26 -6.918127e-27 -5.854168e-28 -4.339483e-29 -2.669106e-30 -1.139545e-31 3.489678e-34 7.651015e-34 1.080696e-34 1.088095e-35 9.178928e-37 6.832571e-38 4.594141e-39 2.825682e-40 1.601848e-41 8.410217e-43 4.102980e-44 1.864128e-45 7.905000e-47 2.621560e-48 2.435902e-50 3.565710e-53 9.755667e-57 6.565486e-61 1.354439e-65 1.009563e-70 0.000000e+00
0.000000e+00 2.803664e-69 3.567888e-64 1.641718e-59 2.316733e-55 8.043506e-52 5.219551e-49 5.336636e-47 1.530867e-45 3.435898e-44 7.189539e-43 1.398464e-41 2.520453e-40 4.188713e-39 6.370645e-38 8.756308e-37 1.062512e-35 1.080696e-34 7.837012e-34 3.562594e-34 -1.230645e-31 -2.957710e-30 -4.939234e-29 -6.849350e-28 -8.326311e-27 -9.082674e-26 -8.996730e-25 -8.145316e-24 -6.765457e-23 -5.165859e-22 -3.629727e-21 -2.347522e-20 -1.397166e-19 -7.647629e-19 -3.846533e-18 -1.775906e-17 -7.517591e-17 -2.914338e-16 -1.033557e-15 -3.350284e-15 -9.920949e-15 -2.683764e-14 -6.636713e-14 -1.502644e-13 -3.122954e-13 -5.979246e-13 -1.059446e-12 -1.746476e-12 -2.693882e-12 -3.910607e-12 -5.372650e-12 -7.022102e-12 -8.772183e-12 -1.051675e-11 -1.214200e-11 -1.353821e-11 -1.460991e-11 -1.528369e-11 -1.551351e-11 -1.528369e-11 -1.460991e-11 -1.353821e-11 -1.214200e-11 -1.051675e-11 -8.772183e-12 -7.022102e-12 -5.372650e-12 -3.910607e-12 -2.693882e-12 -1.746476e-12 -1.059446e-12 -5.979246e-13 -3.122954e-13 -1.502644e-13 -6.636713e-14 -2.683764e-14 -9.920949e-15 -3.350284e-15 -1.033557e-15 -2.914338e-16 -7.517591e-17 -1.775906e-17 -3.846533e-18 -7.647629e-19 -1.397166e-19 -2.347522e-20 -3.629727e-21 -5.165859e-22 -6.765457e-23 -8.145316e-24 -8.996730e-25 -9.082674e-26 -8.326311e-27 -6.849350e-28 -4.939234e-29 -2.957710e-30 -1.230645e-31 3.562594e-34 7.837012e-34 1.080696e-34 1.062512e-35 8.756308e-37 6.370645e-38 4.188713e-39 2.520453e-40 1.398464e-41 7.189539e-43 3.435898e-44 1.530867e-45 5.336636e-47 5.219551e-49 8.043506e-52 2.316733e-55 1.641718e-59 3.567888e-64 2.803664e-69 0.000000e+00
0.000000e+00 7.223815e-68 8.728013e-63 3.814916e-58 5.115021e-54 1.687262e-50 1.039930e-47 1.009703e-45 2.753483e-44 5.875172e-43 1.166626e-41 2.147358e-40 3.646217e-39 5.668648e-38 7.968143e-37 9.892899e-36 1.030074e-34 7.651015e-34 3.562594e-34 -1.262587e-31 -3.113405e-30 -5.337803e-29 -7.604216e-28 -9.502730e-27 -1.066346e-25 -1.087338e-24 -1.014142e-23 -8.684020e-23 -6.841104e-22 -4.963029e-21 -3.316648e-20 -2.041151e-19 -1.156107e-18 -6.020978e-18 -2.879980e-17 -1.263608e-16 -5.078725e-16 -1.867436e-15 -6.274394e-15 -1.924573e-14 -5.386684e-14 -1.375917e-13 -3.210441e-13 -6.856481e-13 -1.344504e-12 -2.431140e-12 -4.075161e-12 -6.370510e-12 -9.346492e-12 -1.295104e-11 -1.705088e-11 -2.144720e-11 -2.590130e-11 -3.016288e-11 -3.399504e-11 -3.719258e-11 -3.959251e-11 -4.107854e-11 -4.158150e-11 -4.107854e-11 -3.959251e-11 -3.719258e-11 -3.399504e-11 -3.016288e-11 -2.590130e-11 -2.144720e-11 -1.705088e-11 -1.295104e-11 -9.346492e-12 -6.370510e-12 -4.075161e-12 -2.431140e-12 -1.344504e-12 -6.856481e-13 -3.210441e-13 -1.375917e-13 -5.386684e-14 -1.924573e-14 -6.274394e-15 -1.867436e-15 -5.078725e-16 -1.263608e-16 -2.879980e-17 -6.020978e-18 -1.156107e-18 -2.041151e-19 -3.316648e-20 -4.963029e-21 -6.841104e-22 -8.684020e-23 -1.014142e-23 -1.087338e-24 -1.066346e-25 -9.502730e-27 -7.604216e-28 -5.337803e-29 -3.113405e-30 -1.262587e-31 3.562594e-34 7.651015e-34 1.030074e-34 9.892899e-36 7.968143e-37 5.668648e-38 3.646217e-39 2.147358e-40 1.166626e-41 5.875172e-43 2.753483e-44 1.009703e-45 1.039930e-47 1.687262e-50 5.115021e-54 3.814916e-58 8.728013e-63 7.223815e-68 0.000000e+00
0.000000e+00 1.727555e-66 1.983142e-61 8.237823e-57 1.049680e-52 3.289510e-49 1.924916e-46 1.773407e-44 4.591914e-43 9.297865e-42 1.747144e-40 3.029889e-39 4.813027e-38 6.916010e-37 8.782167e-36 9.357824e-35 7.118903e-34 3.489678e-34 -1.230645e-31 -3.113405e-30 -5.477620e-29 -8.012015e-28 -1.028619e-26 -1.186590e-25 -1.244667e-24 -1.195012e-23 -1.054110e-22 -8.560417e-22 -6.406700e-21 -4.419978e-20 -2.810201e-19 -1.645500e-18 -8.865011e-18 -4.388893e-17 -1.993987e-16 -8.300997e-16 -3.161628e-15 -1.100069e-14 -3.492122e-14 -1.010400e-13 -2.663371e-13 -6.397738e-13 -1.402255e-12 -2.811260e-12 -5.174736e-12 -8.789895e-12 -1.386240e-11 -2.043574e-11 -2.835796e-11 -3.729629e-11 -4.679143e-11 -5.633161e-11 -6.542405e-11 -7.364792e-11 -8.068159e-11 -8.630528e-11 -9.038612e-11 -9.285444e-11 -9.367989e-11 -9.285444e-11 -9.038612e-11 -8.630528e-11 -8.068159e-11 -7.364792e-11 -6.542405e-11 -5.633161e-11 -4.679143e-11 -3.729629e-11 -2.835796e-11 -2.043574e-11 -1.386240e-11 -8.789895e-12 -5.174736e-12 -2.811260e-12 -1.402255e-12 -6.397738e-13 -2.663371e-13 -1.010400e-13 -3.492122e-14 -1.100069e-14 -3.161628e-15 -8.300997e-16 -1.993987e-16 -4.388893e-17 -8.865011e-18 -1.645500e-18 -2.810201e-19 -4.419978e-20 -6.406700e-21 -8.560417e-22 -1.054110e-22 -1.195012e-23 -1.244667e-24 -1.186590e-25 -1.028619e-26 -8.012015e-28 -5.477620e-29 -3.113405e-30 -1.230645e-31 3.489678e-34 7.118903e-34 9.357824e-35 8.782167e-36 6.916010e-37 4.813027e-38 3.029889e-39 1.747144e-40 9.297865e-42 4.591914e-43 1.773407e-44 1.924916e-46 3.289510e-49 1.049680e-52 8.237823e-57 1.983142e-61 1.727555e-66 0.000000e+00
0.000000e+00 3.835267e-65 4.185108e-60 1.652581e-55 2.001137e-51 5.955702e-48 3.306227e-45 2.886474e-43 7.083205e-42 1.357247e-40 2.402967e-39 3.898731e-38 5.724658e-37 7.432095e-36 8.101709e-35 6.312443e-34 3.340742e-34 -1.139545e-31 -2.957710e-30 -5.337803e-29 -8.012015e-28 -1.056132e-26 -1.251659e-25 -1.349688e-24 -1.333003e-23 -1.210364e-22 -1.012500e-21 -7.811001e-21 -5.558617e-20 -3.648013e-19 -2.206360e-18 -1.228529e-17 -6.289650e-17 -2.956323e-16 -1.273634e-15 -5.020478e-15 -1.807525e-14 -5.933718e-14 -1.773492e-13 -4.820776e-13 -1.191194e-12 -2.676702e-12 -5.478324e-12 -1.024260e-11 -1.757223e-11 -2.782585e-11 -4.095367e-11 -5.644609e-11 -7.341657e-11 -9.078126e-11 -1.074687e-10 -1.225957e-10 -1.355713e-10 -1.461202e-10 -1.542399e-10 -1.601167e-10 -1.640266e-10 -1.662418e-10 -1.669569e-10 -1.662418e-10 -1.640266e-10 -1.601167e-10 -1.542399e-10 -1.461202e-10 -1.355713e-10 -1.225957e-10 -1.074687e-10 -9.078126e-11 -7.341657e-11 -5.644609e-11 -4.095367e-11 -2.782585e-11 -1.757223e-11 -1.024260e-11 -5.478324e-12 -2.676702e-12 -1.191194e-12 -4.820776e-13 -1.773492e-13 -5.933718e-14 -1.807525e-14 -5.020478e-15 -1.273634e-15 -2.956323e-16 -6.289650e-17 -1.228529e-17 -2.206360e-18 -3.648013e-19 -5.558617e-20 -7.811001e-21 -1.012500e-21 -1.210364e-22 -1.333003e-23 -1.349688e-24 -1.251659e-25 -1.056132e-26 -8.012015e-28 -5.337803e-29 -2.957710e-30 -1.139545e-31 3.340742e-34 6.312443e-34 8.101709e-35 7.432095e-36 5.724658e-37 3.898731e-38 2.402967e-39 1.357247e-40 7.083205e-42 2.886474e-43 3.306227e-45 5.955702e-48 2.001137e-51 1.652581e-55 4.185108e-60 3.835267e-65 0.000000e+00
0.000000e+00 7.903702e-64 8.200681e-59 3.078255e-54 3.541190e-50 1.000161e-46 5.260580e-44 4.343431e-42 1.007198e-40 1.818443e-39 3.012281e-38 4.518028e-37 5.994761e-36 6.683496e-35 5.333515e-34 3.113250e-34 -1.002327e-31 -2.669106e-30 -4.939234e-29 -7.604216e-28 -1.028619e-26 -1.251659e-25 -1.386611e-24 -1.407809e-23 -1.314920e-22 -1.132232e-21 -8.996932e-21 -6.599236e-20 -4.466947e-19 -2.788291e-18 -1.603309e-17 -8.481347e-17 -4.120895e-16 -1.835780e-15 -7.483536e-15 -2.785879e-14 -9.451244e-14 -2.916262e-13 -8.169909e-13 -2.075369e-12 -4.777509e-12 -9.970586e-12 -1.889840e-11 -3.264289e-11 -5.164475e-11 -7.533706e-11 -1.021081e-10 -1.296292e-10 -1.553981e-10 -1.772883e-10 -1.939331e-10 -2.048739e-10 -2.104919e-10 -2.117956e-10 -2.101493e-10 -2.070082e-10 -2.037012e-10 -2.012742e-10 -2.003898e-10 -2.012742e-10 -2.037012e-10 -2.070082e-10 -2.101493e-10 -2.117956e-10 -2.104919e-10 -2.048739e-10 -1.939331e-10 -1.772883e-10 -1.553981e-10 -1.296292e-10 -1.021081e-10 -7.533706e-11 -5.164475e-11 -3.264289e-11 -1.889840e-11 -9.970586e-12 -4.777509e-12 -2.075369e-12 -8.169909e-13 -2.916262e-13 -9.451244e-14 -2.785879e-14 -7.483536e-15 -1.835780e-15 -4.120895e-16 -8.481347e-17 -1.603309e-17 -2.788291e-18 -4.466947e-19 -6.599236e-20 -8.996932e-21 -1.132232e-21 -1.314920e-22 -1.407809e-23 -1.386611e-24 -1.251659e-25 -1.028619e-26 -7.604216e-28 -4.939234e-29 -2.669106e-30 -1.002327e-31 3.113250e-34 5.333515e-34 6.683496e-35 5.994761e-36 4.518028e-37 3.012281e-38 1.818443e-39 1.007198e-40 4.343431e-42 5.260580e-44 1.000161e-46 3.541190e-50 3.078255e-54 8.200681e-59 7.903702e-64 0.000000e+00
0.000000e+00 1.511491e-62 1.491239e-57 5.319601e-53 5.809795e-49 1.555329e-45 7.735666e-43 6.021970e-41 1.313703e-39 2.219288e-38 3.398912e-37 4.607646e-36 5.252450e-35 4.293175e-34 2.810544e-34 -8.373102e-32 -2.287738e-30 -4.339483e-29 -6.849350e-28 -9.502730e-27 -1.186590e-25 -1.349688e-24 -1.407809e-23 -1.351724e-22 -1.197258e-21 -9.792426e-21 -7.398015e-20 -5.161052e-19 -3.322344e-18 -1.971343e-17 -1.076673e-16 -5.403606e-16 -2.487311e-15 -1.047851e-14 -4.030815e-14 -1.412396e-13 -4.496946e-13 -1.297872e-12 -3.388086e-12 -7.986216e-12 -1.698163e-11 -3.257976e-11 -5.649101e-11 -8.883385e-11 -1.273572e-10 -1.675706e-10 -2.038299e-10 -2.308496e-10 -2.449894e-10 -2.449211e-10 -2.316040e-10 -2.077552e-10 -1.771015e-10 -1.436533e-10 -1.111527e-10 -8.274048e-11 -6.081609e-11 -4.702883e-11 -4.232987e-11 -4.702883e-11 -6.081609e-11 -8.274048e-11 -1.111527e-10 -1.436533e-10 -1.771015e-10 -2.077552e-10 -2.316040e-10 -2.449211e-10 -2.449894e-10 -2.308496e-10 -2.038299e-10 -1.675706e-10 -1.273572e-10 -8.883385e-11 -5.649101e-11 -3.257976e-11 -1.698163e-11 -7.986216e-12 -3.388086e-12 -1.297872e-12 -4.496946e-13 -1.412396e-13 -4.030815e-14 -1.047851e-14 -2.487311e-15 -5.403606e-16 -1.076673e-16 -1.971343e-17 -3.322344e-18 -5.161052e-19 -7.398015e-20 -9.792426e-21 -1.197258e-21 -1.351724e-22 -1.407809e-23 -1.349688e-24 -1.186590e-25 -9.502730e-27 -6.849350e-28 -4.339483e-29 -2.287738e-30 -8.373102e-32 2.810544e-34 4.293175e-34 5.252450e-35 4.607646e-36 3.398912e-37 2.219288e-38 1.313703e-39 6.021970e-41 7.735666e-43 1.555329e-45 5.809795e-49 5.319601e-53 1.491239e-57 1.511491e-62 0.000000e+00
0.000000e+00 2.680882e-61 2.514416e-56 8.518735e-52 8.822712e-48 2.234586e-44 1.047851e-41 7.655234e-40 1.559871e-38 2.436610e-37 3.373683e-36 3.931268e-35 3.291435e-34 2.445804e-34 -6.641237e-32 -1.862029e-30 -3.619281e-29 -5.854168e-28 -8.326311e-27 -1.066346e-25 -1.244667e-24 -1.333003e-23 -1.314920e-22 -1.197258e-21 -1.007278e-20 -7.832621e-20 -5.627766e-19 -3.733500e-18 -2.284357e-17 -1.287219e-16 -6.668420e-16 -3.169537e-15 -1.379037e-14 -5.478495e-14 -1.981768e-13 -6.508382e-13 -1.934609e-12 -5.188945e-12 -1.252159e-11 -2.711610e-11 -5.259828e-11 -9.131344e-11 -1.419542e-10 -1.979974e-10 -2.484867e-10 -2.812251e-10 -2.866719e-10 -2.605912e-10 -2.046483e-10 -1.252339e-10 -3.133242e-11 6.763841e-11 1.634361e-10 2.498465e-10 3.228379e-10 3.802521e-10 4.212527e-10 4.457435e-10 4.538779e-10 4.457435e-10 4.212527e-10 3.802521e-10 3.228379e-10 2.498465e-10 1.634361e-10 6.763841e-11 -3.133242e-11 -1.252339e-10 -2.046483e-10 -2.605912e-10 -2.866719e-10 -2.812251e-10 -2.484867e-10 -1.979974e-10 -1.419542e-10 -9.131344e-11 -5.259828e-11 -2.711610e-11 -1.252159e-11 -5.188945e-12 -1.934609e-12 -6.508382e-13 -1.981768e-13 -5.478495e-14 -1.379037e-14 -3.169537e-15 -6.668420e-16 -1.287219e-16 -2.284357e-17 -3.733500e-18 -5.627766e-19 -7.832621e-20 -1.007278e-20 -1.197258e-21 -1.314920e-22 -1.333003e-23 -1.244667e-24 -1.066346e-25 -8.326311e-27 -5.854168e-28 -3.619281e-29 -1.862029e-30 -6.641237e-32 2.445804e-34 3.291435e-34 3.931268e-35 3.373683e-36 2.436610e-37 1.559871e-38 7.655234e-40 1.047851e-41 2.234586e-44 8.822712e-48 8.518735e-52 2.514416e-56 2.680882e-61 0.000000e+00
