0.000000e+00 0.000000e+00 0.000000e+00 0.000000e+00 0.000000e+00 0.000000e+00 0.000000e+00 0.000000e+00 0.000000e+00 0.000000e+00 0.000000e+00 0.000000e+00 0.000000e+00 0.000000e+00 0.000000e+00 0.000000e+00 0.000000e+00 2.527919e-100 1.793251e-97 6.163295e-95 1.367606e-92 2.202781e-90 2.745333e-88 2.755936e-86 2.290442e-84 1.607570e-82 9.671756e-81 5.045846e-79 2.303549e-77 9.268997e-76 3.306348e-74 1.050377e-72 2.982637e-71 7.591525e-70 1.735508e-68 3.568622e-67 6.605284e-66 1.100746e-64 1.650931e-63 2.226447e-62 2.695742e-61 2.924126e-60 2.833551e-59 2.443965e-58 1.867519e-57 1.256762e-56 7.390682e-56 3.758356e-55 1.627988e-54 5.865744e-54 1.682543e-53 3.451464e-53 2.991228e-53 -1.127561e-52 -6.482028e-52 -1.877296e-51 -3.790990e-51 -5.707547e-51 -6.532197e-51 -5.707547e-51 -3.790990e-51 -1.877296e-51 -6.482028e-52 -1.127561e-52 2.991228e-53 3.451464e-53 1.682543e-53 5.865744e-54 1.627988e-54 3.758356e-55 7.390682e-56 1.256762e-56 1.867519e-57 2.443965e-58 2.833551e-59 2.924126e-60 2.695742e-61 2.226447e-62 1.650931e-63 1.100746e-64 6.605284e-66 3.568622e-67 1.735508e-68 7.591525e-70 2.982637e-71 1.050377e-72 3.306348e-74 9.268997e-76 2.303549e-77 5.045846e-79 9.671756e-81 1.607570e-82 2.290442e-84 2.755936e-86 2.745333e-88 2.202781e-90 1.367606e-92 6.163295e-95 1.793251e-97 2.527919e-100 0.000000e+00 0.000000e+00 0.000000e+00 0.000000e+00 0.000000e+00 0.000000e+00 0.000000e+00 0.000000e+00 0.000000e+00 0.000000e+00 0.000000e+00 0.000000e+00 0.000000e+00 0.000000e+00 0.000000e+00 0.000000e+00 0.000000e+00
0.000000e+00 0.000000e+00 0.000000e+00 0.000000e+00 0.000000e+00 0.000000e+00 0.000000e+00 0.000000e+00 0.000000e+00 0.000000e+00 0.000000e+00 0.000000e+00 0.000000e+00 0.000000e+00 0.000000e+00 0.000000e+00 1.941095e-96 1.408066e-93 4.951534e-91 1.124843e-88 1.856006e-86 2.371200e-84 2.441806e-82 2.083296e-80 1.502212e-78 9.293000e-77 4.989485e-75 2.346365e-73 9.735057e-72 3.584435e-70 1.176720e-68 3.457058e-67 9.115319e-66 2.161743e-64 4.618002e-63 8.894270e-62 1.544945e-60 2.419699e-59 3.414400e-58 4.334937e-57 4.942085e-56 5.045935e-55 4.598001e-54 3.722576e-53 2.662131e-52 1.668583e-51 9.067739e-51 4.204037e-50 1.618575e-49 4.901612e-49 1.000311e-48 2.924079e-49 -8.153091e-48 -4.256652e-47 -1.359422e-46 -3.198196e-46 -5.814719e-46 -8.297885e-46 -9.339042e-46 -8.297885e-46 -5.814719e-46 -3.198196e-46 -1.359422e-46 -4.256652e-47 -8.153091e-48 2.924079e-49 1.000311e-48 4.901612e-49 1.618575e-49 4.204037e-50 9.067739e-51 1.668583e-51 2.662131e-52 3.722576e-53 4.598001e-54 5.045935e-55 4.942085e-56 4.334937e-57 3.414400e-58 2.419699e-59 1.544945e-60 8.894270e-62 4.618002e-63 2.161743e-64 9.115319e-66 3.457058e-67 1.176720e-68 3.584435e-70 9.735057e-72 2.346365e-73 4.989485e-75 9.293000e-77 1.502212e-78 2.083296e-80 2.441806e-82 2.371200e-84 1.856006e-86 1.124843e-88 4.951534e-91 1.408066e-93 1.941095e-96 0.000000e+00 0.000000e+00 0.000000e+00 0.000000e+00 0.000000e+00 0.000000e+00 0.000000e+00 0.000000e+00 0.000000e+00 0.000000e+00 0.000000e+00 0.000000e+00 0.000000e+00 0.000000e+00 0.000000e+00 0.000000e+00
0.000000e+00 0.000000e+00 0.000000e+00 0.000000e+00 0.000000e+00 0.000000e+00 0.000000e+00 0.000000e+00 0.000000e+00 0.000000e+00 0.000000e+00 0.000000e+00 0.000000e+00 0.000000e+00 0.000000e+00 5.953991e-93 4.413745e-90 1.587014e-87 3.688379e-85 6.229947e-83 8.152795e-81 8.605377e-79 7.530661e-77 5.573869e-75 3.542121e-73 1.955256e-71 9.461589e-70 4.043253e-68 1.534849e-66 5.200279e-65 1.578534e-63 4.305569e-62 1.057613e-60 2.343321e-59 4.687867e-58 8.471169e-57 1.382564e-55 2.036638e-54 2.704572e-53 3.231804e-52 3.466274e-51 3.325880e-50 2.842374e-49 2.151192e-48 1.430506e-47 8.264893e-47 4.077317e-46 1.665858e-45 5.274917e-45 1.038418e-44 -7.034102e-45 -1.728997e-43 -9.075903e-43 -3.196652e-42 -8.591977e-42 -1.830154e-41 -3.130130e-41 -4.316593e-41 -4.804528e-41 -4.316593e-41 -3.130130e-41 -1.830154e-41 -8.591977e-42 -3.196652e-42 -9.075903e-43 -1.728997e-43 -7.034102e-45 1.038418e-44 5.274917e-45 1.665858e-45 4.077317e-46 8.264893e-47 1.430506e-47 2.151192e-48 2.842374e-49 3.325880e-50 3.466274e-51 3.231804e-52 2.704572e-53 2.036638e-54 1.382564e-55 8.471169e-57 4.687867e-58 2.343321e-59 1.057613e-60 4.305569e-62 1.578534e-63 5.200279e-65 1.534849e-66 4.043253e-68 9.461589e-70 1.955256e-71 3.542121e-73 5.573869e-75 7.530661e-77 8.605377e-79 8.152795e-81 6.229947e-83 3.688379e-85 1.587014e-87 4.413745e-90 5.953991e-93 0.000000e+00 0.000000e+00 0.000000e+00 0.000000e+00 0.000000e+00 0.000000e+00 0.000000e+00 0.000000e+00 0.000000e+00 0.000000e+00 0.000000e+00 0.000000e+00 0.000000e+00 0.000000e+00 0.000000e+00
0.000000e+00 0.000000e+00 0.000000e+00 0.000000e+00 0.000000e+00 0.000000e+00 0.000000e+00 0.000000e+00 0.000000e+00 0.000000e+00 0.000000e+00 0.000000e+00 0.000000e+00 0.000000e+00 6.327139e-90 4.790321e-87 1.760024e-84 4.182030e-82 7.225945e-80 9.679064e-78 1.046369e-75 9.384732e-74 7.123959e-72 4.646468e-70 2.634482e-68 1.310523e-66 5.762070e-65 2.252586e-63 7.867480e-62 2.464384e-60 6.944023e-59 1.764190e-57 4.047934e-56 8.397346e-55 1.575784e-53 2.674789e-52 4.104685e-51 5.688343e-50 7.106652e-49 7.985067e-48 8.043204e-47 7.231990e-46 5.771181e-45 4.054906e-44 2.479249e-43 1.294615e-42 5.577634e-42 1.829014e-41 3.326675e-41 -7.812840e-41 -1.057125e-39 -5.750712e-39 -2.220725e-38 -6.712919e-38 -1.639223e-37 -3.271118e-37 -5.355227e-37 -7.198728e-37 -7.945046e-37 -7.198728e-37 -5.355227e-37 -3.271118e-37 -1.639223e-37 -6.712919e-38 -2.220725e-38 -5.750712e-39 -1.057125e-39 -7.812840e-41 3.326675e-41 1.829014e-41 5.577634e-42 1.294615e-42 2.479249e-43 4.054906e-44 5.771181e-45 7.231990e-46 8.043204e-47 7.985067e-48 7.106652e-49 5.688343e-50 4.104685e-51 2.674789e-52 1.575784e-53 8.397346e-55 4.047934e-56 1.764190e-57 6.944023e-59 2.464384e-60 7.867480e-62 2.252586e-63 5.762070e-65 1.310523e-66 2.634482e-68 4.646468e-70 7.123959e-72 9.384732e-74 1.046369e-75 9.679064e-78 7.225945e-80 4.182030e-82 1.760024e-84 4.790321e-87 6.327139e-90 0.000000e+00 0.000000e+00 0.000000e+00 0.000000e+00 0.000000e+00 0.000000e+00 0.000000e+00 0.000000e+00 0.000000e+00 0.000000e+00 0.000000e+00 0.000000e+00 0.000000e+00 0.000000e+00
0.000000e+00 0.000000e+00 0.000000e+00 0.000000e+00 0.000000e+00 0.000000e+00 0.000000e+00 0.000000e+00 0.000000e+00 0.000000e+00 0.000000e+00 0.000000e+00 0.000000e+00 1.925985e-87 1.488381e-84 5.584488e-82 1.355778e-79 2.394778e-77 3.281084e-75 3.630270e-73 3.334395e-71 2.593836e-69 1.734886e-67 1.009456e-65 5.157234e-64 2.330696e-62 9.373434e-61 3.371020e-59 1.088338e-57 3.164053e-56 8.302897e-55 1.970035e-53 4.231315e-52 8.231774e-51 1.450633e-49 2.314547e-48 3.340247e-47 4.353062e-46 5.111128e-45 5.389922e-44 5.083399e-43 4.263054e-42 3.153053e-41 2.031669e-40 1.117577e-39 5.047312e-39 1.696954e-38 2.662783e-38 -1.455495e-37 -1.619746e-36 -9.226975e-36 -3.879283e-35 -1.301924e-34 -3.583733e-34 -8.176526e-34 -1.552146e-33 -2.453794e-33 -3.230371e-33 -3.540555e-33 -3.230371e-33 -2.453794e-33 -1.552146e-33 -8.176526e-34 -3.583733e-34 -1.301924e-34 -3.879283e-35 -9.226975e-36 -1.619746e-36 -1.455495e-37 2.662783e-38 1.696954e-38 5.047312e-39 1.117577e-39 2.031669e-40 3.153053e-41 4.263054e-42 5.083399e-43 5.389922e-44 5.111128e-45 4.353062e-46 3.340247e-47 2.314547e-48 1.450633e-49 8.231774e-51 4.231315e-52 1.970035e-53 8.302897e-55 3.164053e-56 1.088338e-57 3.371020e-59 9.373434e-61 2.330696e-62 5.157234e-64 1.009456e-65 1.734886e-67 2.593836e-69 3.334395e-71 3.630270e-73 3.281084e-75 2.394778e-77 1.355778e-79 5.584488e-82 1.488381e-84 1.925985e-87 0.000000e+00 0.000000e+00 0.000000e+00 0.000000e+00 0.000000e+00 0.000000e+00 0.000000e+00 0.000000e+00 0.000000e+00 0.000000e+00 0.000000e+00 0.000000e+00 0.000000e+00
0.000000e+00 0.000000e+00 0.000000e+00 0.000000e+00 0.000000e+00 0.000000e+00 0.000000e+00 0.000000e+00 0.000000e+00 0.000000e+00 0.000000e+00 0.000000e+00 1.306698e-85 1.030152e-82 3.944905e-80 9.779535e-78 1.764786e-75 2.471572e-73 2.796839e-71 2.628901e-69 2.094104e-67 1.435188e-65 8.562637e-64 4.488849e-62 2.083222e-60 8.610594e-59 3.185317e-57 1.058781e-55 3.172151e-54 8.587151e-53 2.104119e-51 4.672446e-50 9.409368e-49 1.718620e-47 2.845997e-46 4.268921e-45 5.791151e-44 7.089380e-43 7.807479e-42 7.702694e-41 6.768074e-40 5.251975e-39 3.553042e-38 2.049958e-37 9.651464e-37 3.291791e-36 3.915299e-36 -4.853891e-35 -4.972716e-34 -2.976005e-33 -1.353044e-32 -4.988009e-32 -1.527035e-31 -3.920110e-31 -8.470516e-31 -1.542320e-30 -2.366662e-30 -3.060107e-30 -3.333797e-30 -3.060107e-30 -2.366662e-30 -1.542320e-30 -8.470516e-31 -3.920110e-31 -1.527035e-31 -4.988009e-32 -1.353044e-32 -2.976005e-33 -4.972716e-34 -4.853891e-35 3.915299e-36 3.291791e-36 9.651464e-37 2.049958e-37 3.553042e-38 5.251975e-39 6.768074e-40 7.702694e-41 7.807479e-42 7.089380e-43 5.791151e-44 4.268921e-45 2.845997e-46 1.718620e-47 9.409368e-49 4.672446e-50 2.104119e-51 8.587151e-53 3.172151e-54 1.058781e-55 3.185317e-57 8.610594e-59 2.083222e-60 4.488849e-62 8.562637e-64 1.435188e-65 2.094104e-67 2.628901e-69 2.796839e-71 2.471572e-73 1.764786e-75 9.779535e-78 3.944905e-80 1.030152e-82 1.306698e-85 0.000000e+00 0.000000e+00 0.000000e+00 0.000000e+00 0.000000e+00 0.000000e+00 0.000000e+00 0.000000e+00 0.000000e+00 0.000000e+00 0.000000e+00 0.000000e+00
0.000000e+00 0.000000e+00 0.000000e+00 0.000000e+00 0.000000e+00 0.000000e+00 0.000000e+00 0.000000e+00 0.000000e+00 0.000000e+00 0.000000e+00 1.509148e-84 1.213211e-81 4.739600e-79 1.199209e-76 2.209790e-74 3.161806e-72 3.657332e-70 3.516007e-68 2.866212e-66 2.011515e-64 1.229730e-62 6.610346e-61 3.147942e-59 1.336161e-57 5.079993e-56 1.736887e-54 5.357534e-53 1.494578e-51 3.777758e-50 8.662896e-49 1.803523e-47 3.409557e-46 5.851309e-45 9.107722e-44 1.283898e-42 1.635586e-41 1.877231e-40 1.933001e-39 1.775167e-38 1.441336e-37 1.020680e-36 6.155424e-36 3.007862e-35 1.030731e-34 6.776233e-35 -2.399578e-33 -2.381457e-32 -1.499237e-31 -7.330447e-31 -2.943307e-30 -9.914976e-30 -2.827801e-29 -6.853868e-29 -1.413592e-28 -2.481741e-28 -3.709113e-28 -4.719812e-28 -5.114434e-28 -4.719812e-28 -3.709113e-28 -2.481741e-28 -1.413592e-28 -6.853868e-29 -2.827801e-29 -9.914976e-30 -2.943307e-30 -7.330447e-31 -1.499237e-31 -2.381457e-32 -2.399578e-33 6.776233e-35 1.030731e-34 3.007862e-35 6.155424e-36 1.020680e-36 1.441336e-37 1.775167e-38 1.933001e-39 1.877231e-40 1.635586e-41 1.283898e-42 9.107722e-44 5.851309e-45 3.409557e-46 1.803523e-47 8.662896e-49 3.777758e-50 1.494578e-51 5.357534e-53 1.736887e-54 5.079993e-56 1.336161e-57 3.147942e-59 6.610346e-61 1.229730e-62 2.011515e-64 2.866212e-66 3.516007e-68 3.657332e-70 3.161806e-72 2.209790e-74 1.199209e-76 4.739600e-79 1.213211e-81 1.509148e-84 0.000000e+00 0.000000e+00 0.000000e+00 0.000000e+00 0.000000e+00 0.000000e+00 0.000000e+00 0.000000e+00 0.000000e+00 0.000000e+00 0.000000e+00
0.000000e+00 0.000000e+00 0.000000e+00 0.000000e+00 0.000000e+00 0.000000e+00 0.000000e+00 0.000000e+00 0.000000e+00 0.000000e+00 3.224276e-84 2.643505e-81 1.053701e-78 2.721439e-76 5.121397e-74 7.487237e-72 8.853705e-70 8.706046e-68 7.263371e-66 5.220023e-64 3.270032e-62 1.802385e-60 8.807129e-59 3.838573e-57 1.499734e-55 5.273723e-54 1.674478e-52 4.812790e-51 1.254566e-49 2.969917e-48 6.389845e-47 1.249818e-45 2.221786e-44 3.586807e-43 5.251153e-42 6.957073e-41 8.316158e-40 8.931375e-39 8.566700e-38 7.273560e-37 5.389629e-36 3.398139e-35 1.726177e-34 5.970603e-34 6.020303e-35 -1.979568e-32 -1.981939e-31 -1.319670e-30 -6.929129e-30 -3.016498e-29 -1.110713e-28 -3.489614e-28 -9.390232e-28 -2.167417e-27 -4.293392e-27 -7.300835e-27 -1.066159e-26 -1.337714e-26 -1.442730e-26 -1.337714e-26 -1.066159e-26 -7.300835e-27 -4.293392e-27 -2.167417e-27 -9.390232e-28 -3.489614e-28 -1.110713e-28 -3.016498e-29 -6.929129e-30 -1.319670e-30 -1.981939e-31 -1.979568e-32 6.020303e-35 5.970603e-34 1.726177e-34 3.398139e-35 5.389629e-36 7.273560e-37 8.566700e-38 8.931375e-39 8.316158e-40 6.957073e-41 5.251153e-42 3.586807e-43 2.221786e-44 1.249818e-45 6.389845e-47 2.969917e-48 1.254566e-49 4.812790e-51 1.674478e-52 5.273723e-54 1.499734e-55 3.838573e-57 8.807129e-59 1.802385e-60 3.270032e-62 5.220023e-64 7.263371e-66 8.706046e-68 8.853705e-70 7.487237e-72 5.121397e-74 2.721439e-76 1.053701e-78 2.643505e-81 3.224276e-84 0.000000e+00 0.000000e+00 0.000000e+00 0.000000e+00 0.000000e+00 0.000000e+00 0.000000e+00 0.000000e+00 0.000000e+00 0.000000e+00
0.000000e+00 0.000000e+00 0.000000e+00 0.000000e+00 0.000000e+00 0.000000e+00 0.000000e+00 0.000000e+00 0.000000e+00 3.436990e-84 2.875945e-81 1.170468e-78 3.088008e-76 5.938950e-74 8.877632e-72 1.073933e-69 1.080893e-67 9.235350e-66 6.801366e-64 4.368700e-62 2.470617e-60 1.239498e-58 5.550672e-57 2.229883e-55 8.069059e-54 2.638685e-52 7.817949e-51 2.102738e-49 5.141190e-48 1.143656e-46 2.315386e-45 4.265463e-44 7.145078e-43 1.086850e-41 1.498211e-40 1.866161e-39 2.091715e-38 2.097255e-37 1.864328e-36 1.448349e-35 9.580922e-35 5.097836e-34 1.820423e-33 -4.287125e-34 -7.581196e-32 -7.924004e-31 -5.624767e-30 -3.176165e-29 -1.496864e-28 -6.003541e-28 -2.067203e-27 -6.135060e-27 -1.571914e-26 -3.479325e-26 -6.655599e-26 -1.100853e-25 -1.575582e-25 -1.952893e-25 -2.097598e-25 -1.952893e-25 -1.575582e-25 -1.100853e-25 -6.655599e-26 -3.479325e-26 -1.571914e-26 -6.135060e-27 -2.067203e-27 -6.003541e-28 -1.496864e-28 -3.176165e-29 -5.624767e-30 -7.924004e-31 -7.581196e-32 -4.287125e-34 1.820423e-33 5.097836e-34 9.580922e-35 1.448349e-35 1.864328e-36 2.097255e-37 2.091715e-38 1.866161e-39 1.498211e-40 1.086850e-41 7.145078e-43 4.265463e-44 2.315386e-45 1.143656e-46 5.141190e-48 2.102738e-49 7.817949e-51 2.638685e-52 8.069059e-54 2.229883e-55 5.550672e-57 1.239498e-58 2.470617e-60 4.368700e-62 6.801366e-64 9.235350e-66 1.080893e-67 1.073933e-69 8.877632e-72 5.938950e-74 3.088008e-76 1.170468e-78 2.875945e-81 3.436990e-84 0.000000e+00 0.000000e+00 0.000000e+00 0.000000e+00 0.000000e+00 0.000000e+00 0.000000e+00 0.000000e+00 0.000000e+00
0.000000e+00 0.000000e+00 0.000000e+00 0.000000e+00 0.000000e+00 0.000000e+00 0.000000e+00 0.000000e+00 3.436990e-84 2.934638e-81 1.219238e-78 3.285112e-76 6.455364e-74 9.863977e-72 1.220365e-69 1.256828e-67 1.099411e-65 8.293939e-64 5.460479e-62 3.167130e-60 1.630684e-58 7.499447e-57 3.096256e-55 1.152329e-53 3.878700e-52 1.183864e-50 3.283146e-49 8.284633e-48 1.903892e-46 3.986264e-45 7.603105e-44 1.320171e-42 2.084197e-41 2.985847e-40 3.870628e-39 4.521834e-38 4.732671e-37 4.398299e-36 3.577282e-35 2.479732e-34 1.381382e-33 5.107315e-33 -2.755955e-33 -2.581678e-31 -2.828464e-30 -2.136284e-29 -1.292441e-28 -6.561903e-28 -2.850115e-27 -1.068396e-26 -3.470627e-26 -9.787278e-26 -2.397833e-25 -5.105944e-25 -9.455567e-25 -1.524193e-24 -2.141035e-24 -2.623798e-24 -2.807513e-24 -2.623798e-24 -2.141035e-24 -1.524193e-24 -9.455567e-25 -5.105944e-25 -2.397833e-25 -9.787278e-26 -3.470627e-26 -1.068396e-26 -2.850115e-27 -6.561903e-28 -1.292441e-28 -2.136284e-29 -2.828464e-30 -2.581678e-31 -2.755955e-33 5.107315e-33 1.381382e-33 2.479732e-34 3.577282e-35 4.398299e-36 4.732671e-37 4.521834e-38 3.870628e-39 2.985847e-40 2.084197e-41 1.320171e-42 7.603105e-44 3.986264e-45 1.903892e-46 8.284633e-48 3.283146e-49 1.183864e-50 3.878700e-52 1.152329e-53 3.096256e-55 7.499447e-57 1.630684e-58 3.167130e-60 5.460479e-62 8.293939e-64 1.099411e-65 1.256828e-67 1.220365e-69 9.863977e-72 6.455364e-74 3.285112e-76 1.219238e-78 2.934638e-81 3.436990e-84 0.000000e+00 0.000000e+00 0.000000e+00 0.000000e+00 0.000000e+00 0.000000e+00 0.000000e+00 0.000000e+00
0.000000e+00 0.000000e+00 0.000000e+00 0.000000e+00 0.000000e+00 0.000000e+00 0.000000e+00 2.701833e-84 2.876023e-81 1.219238e-78 3.353551e-76 6.730050e-74 1.050724e-71 1.328831e-69 1.399628e-67 1.252786e-65 9.675877e-64 6.525548e-62 3.879399e-60 2.048559e-58 9.668727e-57 4.099527e-55 1.567983e-53 5.428076e-52 1.705303e-50 4.871854e-49 1.267553e-47 3.006290e-46 6.502507e-45 1.282589e-43 2.305638e-42 3.772898e-41 5.609438e-40 7.556449e-39 9.186099e-38 1.001885e-36 9.716415e-36 8.257537e-35 5.986229e-34 3.484741e-33 1.332403e-32 -1.141543e-32 -8.044593e-31 -9.231075e-30 -7.394217e-29 -4.772823e-28 -2.597837e-27 -1.215201e-26 -4.928577e-26 -1.740395e-25 -5.360989e-25 -1.441675e-24 -3.386281e-24 -6.951376e-24 -1.248314e-23 -1.963624e-23 -2.709791e-23 -3.285272e-23 -3.502659e-23 -3.285272e-23 -2.709791e-23 -1.963624e-23 -1.248314e-23 -6.951376e-24 -3.386281e-24 -1.441675e-24 -5.360989e-25 -1.740395e-25 -4.928577e-26 -1.215201e-26 -2.597837e-27 -4.772823e-28 -7.394217e-29 -9.231075e-30 -8.044593e-31 -1.141543e-32 1.332403e-32 3.484741e-33 5.986229e-34 8.257537e-35 9.716415e-36 1.001885e-36 9.186099e-38 7.556449e-39 5.609438e-40 3.772898e-41 2.305638e-42 1.282589e-43 6.502507e-45 3.006290e-46 1.267553e-47 4.871854e-49 1.705303e-50 5.428076e-52 1.567983e-53 4.099527e-55 9.668727e-57 2.048559e-58 3.879399e-60 6.525548e-62 9.675877e-64 1.252786e-65 1.399628e-67 1.328831e-69 1.050724e-71 6.730050e-74 3.353551e-76 1.219238e-78 2.876023e-81 2.701833e-84 0.000000e+00 0.000000e+00 0.000000e+00 0.000000e+00 0.000000e+00 0.000000e+00 0.000000e+00
0.000000e+00 0.000000e+00 0.000000e+00 0.000000e+00 0.000000e+00 0.000000e+00 5.925340e-85 2.216396e-81 1.170532e-78 3.285112e-76 6.730050e-74 1.073078e-71 1.386601e-69 1.492923e-67 1.366652e-65 1.080067e-63 7.457436e-62 4.541432e-60 2.458034e-58 1.189836e-56 5.177393e-55 2.033635e-53 7.235065e-52 2.337703e-50 6.874127e-49 1.842417e-47 4.505411e-46 1.005706e-44 2.049237e-43 3.809453e-42 6.453441e-41 9.944546e-40 1.390156e-38 1.755947e-37 1.992527e-36 2.013125e-35 1.784518e-34 1.350470e-33 8.200970e-33 3.239636e-32 -3.835240e-32 -2.303928e-30 -2.766174e-29 -2.342988e-28 -1.607576e-27 -9.340360e-27 -4.682814e-26 -2.043854e-25 -7.799099e-25 -2.607020e-24 -7.640519e-24 -1.964198e-23 -4.431739e-23 -8.784045e-23 -1.531640e-22 -2.353605e-22 -3.193364e-22 -3.832004e-22 -4.071554e-22 -3.832004e-22 -3.193364e-22 -2.353605e-22 -1.531640e-22 -8.784045e-23 -4.431739e-23 -1.964198e-23 -7.640519e-24 -2.607020e-24 -7.799099e-25 -2.043854e-25 -4.682814e-26 -9.340360e-27 -1.607576e-27 -2.342988e-28 -2.766174e-29 -2.303928e-30 -3.835240e-32 3.239636e-32 8.200970e-33 1.350470e-33 1.784518e-34 2.013125e-35 1.992527e-36 1.755947e-37 1.390156e-38 9.944546e-40 6.453441e-41 3.809453e-42 2.049237e-43 1.005706e-44 4.505411e-46 1.842417e-47 6.874127e-49 2.337703e-50 7.235065e-52 2.033635e-53 5.177393e-55 1.189836e-56 2.458034e-58 4.541432e-60 7.457436e-62 1.080067e-63 1.366652e-65 1.492923e-67 1.386601e-69 1.073078e-71 6.730050e-74 3.285112e-76 1.170532e-78 2.216396e-81 5.925340e-85 0.000000e+00 0.000000e+00 0.000000e+00 0.000000e+00 0.000000e+00 0.000000e+00
0.000000e+00 0.000000e+00 0.000000e+00 0.000000e+00 0.000000e+00 2.100476e-86 4.768148e-82 8.839517e-79 3.088259e-76 6.455364e-74 1.050724e-71 1.386601e-69 1.525373e-67 1.427380e-65 1.153689e-63 8.150910e-62 5.081837e-60 2.817544e-58 1.397912e-56 6.238508e-55 2.514781e-53 9.188010e-52 3.050914e-50 9.226683e-49 2.545345e-47 6.411879e-46 1.475692e-44 3.103083e-43 5.958889e-42 1.043864e-40 1.665174e-39 2.412440e-38 3.161844e-37 3.727373e-36 3.917168e-35 3.615925e-34 2.851804e-33 1.803773e-32 7.355646e-32 -1.116736e-31 -6.087079e-30 -7.638195e-29 -6.822895e-28 -4.959628e-27 -3.064429e-26 -1.639670e-25 -7.665241e-25 -3.144411e-24 -1.134167e-23 -3.600167e-23 -1.006165e-22 -2.477007e-22 -5.376077e-22 -1.030109e-21 -1.745844e-21 -2.623005e-21 -3.501335e-21 -4.160345e-21 -4.405864e-21 -4.160345e-21 -3.501335e-21 -2.623005e-21 -1.745844e-21 -1.030109e-21 -5.376077e-22 -2.477007e-22 -1.006165e-22 -3.600167e-23 -1.134167e-23 -3.144411e-24 -7.665241e-25 -1.639670e-25 -3.064429e-26 -4.959628e-27 -6.822895e-28 -7.638195e-29 -6.087079e-30 -1.116736e-31 7.355646e-32 1.803773e-32 2.851804e-33 3.615925e-34 3.917168e-35 3.727373e-36 3.161844e-37 2.412440e-38 1.665174e-39 1.043864e-40 5.958889e-42 3.103083e-43 1.475692e-44 6.411879e-46 2.545345e-47 9.226683e-49 3.050914e-50 9.188010e-52 2.514781e-53 6.238508e-55 1.397912e-56 2.817544e-58 5.081837e-60 8.150910e-62 1.153689e-63 1.427380e-65 1.525373e-67 1.386601e-69 1.050724e-71 6.455364e-74 3.088259e-76 8.839517e-79 4.768148e-82 2.100476e-86 0.000000e+00 0.000000e+00 0.000000e+00 0.000000e+00 0.000000e+00
0.000000e+00 0.000000e+00 0.000000e+00 0.000000e+00 1.439906e-88 1.657696e-83 1.864635e-79 2.284320e-76 5.939591e-74 9.863977e-72 1.328831e-69 1.492923e-67 1.427380e-65 1.179320e-63 8.521281e-62 5.436230e-60 3.085734e-58 1.568273e-56 7.173502e-55 2.965693e-53 1.111995e-51 3.791935e-50 1.178514e-48 3.343639e-47 8.669286e-46 2.055319e-44 4.455970e-43 8.830382e-42 1.597883e-40 2.635668e-39 3.952598e-38 5.368420e-37 6.565803e-36 7.166970e-35 6.879007e-34 5.645397e-33 3.713766e-32 1.562273e-31 -2.901351e-31 -1.488283e-29 -1.949513e-28 -1.832028e-27 -1.406699e-26 -9.211776e-26 -5.240604e-25 -2.613223e-24 -1.147186e-23 -4.442772e-23 -1.519233e-22 -4.589005e-22 -1.224910e-21 -2.891298e-21 -6.042782e-21 -1.120362e-20 -1.847146e-20 -2.715288e-20 -3.567816e-20 -4.199154e-20 -4.432825e-20 -4.199154e-20 -3.567816e-20 -2.715288e-20 -1.847146e-20 -1.120362e-20 -6.042782e-21 -2.891298e-21 -1.224910e-21 -4.589005e-22 -1.519233e-22 -4.442772e-23 -1.147186e-23 -2.613223e-24 -5.240604e-25 -9.211776e-26 -1.406699e-26 -1.832028e-27 -1.949513e-28 -1.488283e-29 -2.901351e-31 1.562273e-31 3.713766e-32 5.645397e-33 6.879007e-34 7.166970e-35 6.565803e-36 5.368420e-37 3.952598e-38 2.635668e-39 1.597883e-40 8.830382e-42 4.455970e-43 2.055319e-44 8.669286e-46 3.343639e-47 1.178514e-48 3.791935e-50 1.111995e-51 2.965693e-53 7.173502e-55 1.568273e-56 3.085734e-58 5.436230e-60 8.521281e-62 1.179320e-63 1.427380e-65 1.492923e-67 1.328831e-69 9.863977e-72 5.939591e-74 2.284320e-76 1.864635e-79 1.657696e-83 1.439906e-88 0.000000e+00 0.000000e+00 0.000000e+00 0.000000e+00
0.000000e+00 0.000000e+00 0.000000e+00 2.513571e-91 1.113918e-85 6.354885e-81 4.722715e-77 4.301274e-74 8.878826e-72 1.220365e-69 1.399628e-67 1.366652e-65 1.153689e-63 8.521281e-62 5.559728e-60 3.229180e-58 1.680218e-56 7.872787e-55 3.336038e-53 1.282868e-51 4.489452e-50 1.432895e-48 4.177859e-47 1.114030e-45 2.718395e-44 6.070913e-43 1.240358e-41 2.316142e-40 3.946216e-39 6.118986e-38 8.602111e-37 1.090125e-35 1.234307e-34 1.230130e-33 1.048991e-32 7.167633e-32 3.108603e-31 -6.832610e-31 -3.376431e-29 -4.611512e-28 -4.548950e-27 -3.679649e-26 -2.546109e-25 -1.534940e-24 -8.134196e-24 -3.806020e-23 -1.575709e-22 -5.777184e-22 -1.876469e-21 -5.400934e-21 -1.378285e-20 -3.121974e-20 -6.288000e-20 -1.128883e-19 -1.811751e-19 -2.607235e-19 -3.373712e-19 -3.934143e-19 -4.140249e-19 -3.934143e-19 -3.373712e-19 -2.607235e-19 -1.811751e-19 -1.128883e-19 -6.288000e-20 -3.121974e-20 -1.378285e-20 -5.400934e-21 -1.876469e-21 -5.777184e-22 -1.575709e-22 -3.806020e-23 -8.134196e-24 -1.534940e-24 -2.546109e-25 -3.679649e-26 -4.548950e-27 -4.611512e-28 -3.376431e-29 -6.832610e-31 3.108603e-31 7.167633e-32 1.048991e-32 1.230130e-33 1.234307e-34 1.090125e-35 8.602111e-37 6.118986e-38 3.946216e-39 2.316142e-40 1.240358e-41 6.070913e-43 2.718395e-44 1.114030e-45 4.177859e-47 1.432895e-48 4.489452e-50 1.282868e-51 3.336038e-53 7.872787e-55 1.680218e-56 3.229180e-58 5.559728e-60 8.521281e-62 1.153689e-63 1.366652e-65 1.399628e-67 1.220365e-69 8.878826e-72 4.301274e-74 4.722715e-77 6.354885e-81 1.113918e-85 2.513571e-91 0.000000e+00 0.000000e+00 0.000000e+00
0.000000e+00 0.000000e+00 1.392070e-94 1.905015e-88 4.183954e-83 1.577117e-78 8.711621e-75 6.291925e-72 1.074106e-69 1.256828e-67 1.252786e-65 1.080067e-63 8.150910e-62 5.436230e-60 3.229180e-58 1.719268e-56 8.247384e-55 3.579904e-53 1.411006e-51 5.064225e-50 1.658768e-48 4.966718e-47 1.361019e-45 3.415503e-44 7.850728e-43 1.652241e-41 3.180803e-40 5.592306e-39 8.956521e-38 1.301796e-36 1.707391e-35 2.002814e-34 2.069876e-33 1.831667e-32 1.298393e-31 5.802670e-31 -1.472737e-30 -7.123937e-29 -1.013320e-27 -1.047110e-26 -8.901467e-26 -6.490512e-25 -4.133961e-24 -2.320557e-23 -1.153177e-22 -5.083990e-22 -1.990219e-21 -6.920020e-21 -2.137407e-20 -5.866789e-20 -1.432283e-19 -3.115019e-19 -6.049452e-19 -1.052200e-18 -1.644659e-18 -2.318029e-18 -2.954875e-18 -3.414754e-18 -3.582828e-18 -3.414754e-18 -2.954875e-18 -2.318029e-18 -1.644659e-18 -1.052200e-18 -6.049452e-19 -3.115019e-19 -1.432283e-19 -5.866789e-20 -2.137407e-20 -6.920020e-21 -1.990219e-21 -5.083990e-22 -1.153177e-22 -2.320557e-23 -4.133961e-24 -6.490512e-25 -8.901467e-26 -1.047110e-26 -1.013320e-27 -7.123937e-29 -1.472737e-30 5.802670e-31 1.298393e-31 1.831667e-32 2.069876e-33 2.002814e-34 1.707391e-35 1.301796e-36 8.956521e-38 5.592306e-39 3.180803e-40 1.652241e-41 7.850728e-43 3.415503e-44 1.361019e-45 4.966718e-47 1.658768e-48 5.064225e-50 1.411006e-51 3.579904e-53 8.247384e-55 1.719268e-56 3.229180e-58 5.436230e-60 8.150910e-62 1.080067e-63 1.252786e-65 1.256828e-67 1.074106e-69 6.291925e-72 8.711621e-75 1.577117e-78 4.183954e-83 1.905015e-88 1.392070e-94 0.000000e+00 0.000000e+00
0.000000e+00 2.882587e-98 1.033003e-91 7.006625e-86 1.016865e-80 2.849176e-76 1.247788e-72 7.444633e-70 1.081096e-67 1.099411e-65 9.675877e-64 7.457436e-62 5.081837e-60 3.085734e-58 1.680218e-56 8.247384e-55 3.665059e-53 1.479758e-51 5.443530e-50 1.828625e-48 5.618992e-47 1.581230e-45 4.077874e-44 9.639599e-43 2.087998e-41 4.140524e-40 7.504863e-39 1.240260e-37 1.861838e-36 2.524487e-35 3.064361e-34 3.280179e-33 3.008516e-32 2.209935e-31 1.017318e-30 -2.924445e-30 -1.400639e-28 -2.072560e-27 -2.239347e-26 -1.996221e-25 -1.530046e-24 -1.026813e-23 -6.087525e-23 -3.202618e-22 -1.498371e-21 -6.239655e-21 -2.313255e-20 -7.635097e-20 -2.243923e-19 -5.875935e-19 -1.372766e-18 -2.867481e-18 -5.371219e-18 -9.054428e-18 -1.378883e-17 -1.904048e-17 -2.391695e-17 -2.739540e-17 -2.865891e-17 -2.739540e-17 -2.391695e-17 -1.904048e-17 -1.378883e-17 -9.054428e-18 -5.371219e-18 -2.867481e-18 -1.372766e-18 -5.875935e-19 -2.243923e-19 -7.635097e-20 -2.313255e-20 -6.239655e-21 -1.498371e-21 -3.202618e-22 -6.087525e-23 -1.026813e-23 -1.530046e-24 -1.996221e-25 -2.239347e-26 -2.072560e-27 -1.400639e-28 -2.924445e-30 1.017318e-30 2.209935e-31 3.008516e-32 3.280179e-33 3.064361e-34 2.524487e-35 1.861838e-36 1.240260e-37 7.504863e-39 4.140524e-40 2.087998e-41 9.639599e-43 4.077874e-44 1.581230e-45 5.618992e-47 1.828625e-48 5.443530e-50 1.479758e-51 3.665059e-53 8.247384e-55 1.680218e-56 3.085734e-58 5.081837e-60 7.457436e-62 9.675877e-64 1.099411e-65 1.081096e-67 7.444633e-70 1.247788e-72 2.849176e-76 1.016865e-80 7.006625e-86 1.033003e-91 2.882587e-98 0.000000e+00
0.000000e+00 2.093109e-95 3.718117e-89 1.666635e-83 1.798117e-78 3.994743e-74 1.444887e-70 7.324847e-68 9.237323e-66 8.293939e-64 6.525548e-62 4.541432e-60 2.817544e-58 1.568273e-56 7.872787e-55 3.579904e-53 1.479758e-51 5.576124e-50 1.919914e-48 6.050425e-47 1.747313e-45 4.627526e-44 1.124136e-42 2.504120e-41 5.110708e-40 9.541591e-39 1.625588e-37 2.517915e-36 3.525875e-35 4.424093e-34 4.899475e-33 4.652273e-32 3.537606e-31 1.676867e-30 -5.374677e-30 -2.570463e-28 -3.952595e-27 -4.457805e-26 -4.158674e-25 -3.343177e-24 -2.358220e-23 -1.472666e-22 -8.178673e-22 -4.048194e-21 -1.787350e-20 -7.040343e-20 -2.473798e-19 -7.753665e-19 -2.168593e-18 -5.417744e-18 -1.211264e-17 -2.430222e-17 -4.391358e-17 -7.176016e-17 -1.064982e-16 -1.441117e-16 -1.784082e-16 -2.025769e-16 -2.113026e-16 -2.025769e-16 -1.784082e-16 -1.441117e-16 -1.064982e-16 -7.176016e-17 -4.391358e-17 -2.430222e-17 -1.211264e-17 -5.417744e-18 -2.168593e-18 -7.753665e-19 -2.473798e-19 -7.040343e-20 -1.787350e-20 -4.048194e-21 -8.178673e-22 -1.472666e-22 -2.358220e-23 -3.343177e-24 -4.158674e-25 -4.457805e-26 -3.952595e-27 -2.570463e-28 -5.374677e-30 1.676867e-30 3.537606e-31 4.652273e-32 4.899475e-33 4.424093e-34 3.525875e-35 2.517915e-36 1.625588e-37 9.541591e-39 5.110708e-40 2.504120e-41 1.124136e-42 4.627526e-44 1.747313e-45 6.050425e-47 1.919914e-48 5.576124e-50 1.479758e-51 3.579904e-53 7.872787e-55 1.568273e-56 2.817544e-58 4.541432e-60 6.525548e-62 8.293939e-64 9.237323e-66 7.324847e-68 1.444887e-70 3.994743e-74 1.798117e-78 1.666635e-83 3.718117e-89 2.093109e-95 0.000000e+00
0.000000e+00 7.367973e-93 8.650319e-87 2.882820e-81 2.466350e-76 4.525622e-72 1.390560e-68 6.114743e-66 6.802996e-64 5.460479e-62 3.879399e-60 2.458034e-58 1.397912e-56 7.173502e-55 3.336038e-53 1.411006e-51 5.443530e-50 1.919914e-48 6.201413e-47 1.836729e-45 4.991948e-44 1.245309e-42 2.850722e-41 5.983301e-40 1.149672e-38 2.017461e-37 3.221359e-36 4.654157e-35 6.030467e-34 6.902241e-33 6.778120e-32 5.330323e-31 2.601013e-30 -9.173645e-30 -4.409681e-28 -7.039275e-27 -8.273831e-26 -8.062871e-25 -6.784520e-24 -5.019013e-23 -3.293557e-22 -1.925897e-21 -1.005700e-20 -4.693899e-20 -1.958244e-19 -7.300673e-19 -2.431756e-18 -7.237235e-18 -1.925814e-17 -4.588824e-17 -9.815572e-17 -1.891301e-16 -3.296671e-16 -5.222487e-16 -7.553920e-16 -1.001810e-15 -1.222453e-15 -1.376067e-15 -1.431191e-15 -1.376067e-15 -1.222453e-15 -1.001810e-15 -7.553920e-16 -5.222487e-16 -3.296671e-16 -1.891301e-16 -9.815572e-17 -4.588824e-17 -1.925814e-17 -7.237235e-18 -2.431756e-18 -7.300673e-19 -1.958244e-19 -4.693899e-20 -1.005700e-20 -1.925897e-21 -3.293557e-22 -5.019013e-23 -6.784520e-24 -8.062871e-25 -8.273831e-26 -7.039275e-27 -4.409681e-28 -9.173645e-30 2.601013e-30 5.330323e-31 6.778120e-32 6.902241e-33 6.030467e-34 4.654157e-35 3.221359e-36 2.017461e-37 1.149672e-38 5.983301e-40 2.850722e-41 1.245309e-42 4.991948e-44 1.836729e-45 6.201413e-47 1.919914e-48 5.443530e-50 1.411006e-51 3.336038e-53 7.173502e-55 1.397912e-56 2.458034e-58 3.879399e-60 5.460479e-62 6.802996e-64 6.114743e-66 1.390560e-68 4.525622e-72 2.466350e-76 2.882820e-81 8.650319e-87 7.367973e-93 0.000000e+00
0.000000e+00 1.675505e-90 1.462654e-84 3.865739e-79 2.731920e-74 4.258799e-70 1.134815e-66 4.397215e-64 4.369860e-62 3.167131e-60 2.048559e-58 1.189836e-56 6.238508e-55 2.965693e-53 1.282868e-51 5.064225e-50 1.828625e-48 6.050425e-47 1.836729e-45 5.119637e-44 1.310666e-42 3.081092e-41 6.645517e-40 1.313157e-38 2.371555e-37 3.900283e-36 5.808734e-35 7.764861e-34 9.176191e-33 9.310193e-32 7.565138e-31 3.799459e-30 -1.457959e-29 -7.080336e-28 -1.172221e-26 -1.433829e-25 -1.457131e-24 -1.280988e-23 -9.918356e-23 -6.824403e-22 -4.191820e-21 -2.303585e-20 -1.133506e-19 -4.994280e-19 -1.969669e-18 -6.950194e-18 -2.193794e-17 -6.196222e-17 -1.567726e-16 -3.560737e-16 -7.283221e-16 -1.347225e-15 -2.264704e-15 -3.477559e-15 -4.902109e-15 -6.371592e-15 -7.663544e-15 -8.552115e-15 -8.869045e-15 -8.552115e-15 -7.663544e-15 -6.371592e-15 -4.902109e-15 -3.477559e-15 -2.264704e-15 -1.347225e-15 -7.283221e-16 -3.560737e-16 -1.567726e-16 -6.196222e-17 -2.193794e-17 -6.950194e-18 -1.969669e-18 -4.994280e-19 -1.133506e-19 -2.303585e-20 -4.191820e-21 -6.824403e-22 -9.918356e-23 -1.280988e-23 -1.457131e-24 -1.433829e-25 -1.172221e-26 -7.080336e-28 -1.457959e-29 3.799459e-30 7.565138e-31 9.310193e-32 9.176191e-33 7.764861e-34 5.808734e-35 3.900283e-36 2.371555e-37 1.313157e-38 6.645517e-40 3.081092e-41 1.310666e-42 5.119637e-44 1.836729e-45 6.050425e-47 1.828625e-48 5.064225e-50 1.282868e-51 2.965693e-53 6.238508e-55 1.189836e-56 2.048559e-58 3.167131e-60 4.369860e-62 4.397215e-64 1.134815e-66 4.258799e-70 2.731920e-74 3.865739e-79 1.462654e-84 1.675505e-90 0.000000e+00
0.000000e+00 2.767484e-88 1.916156e-82 4.183759e-77 2.512143e-72 3.396410e-68 7.973029e-65 2.756296e-62 2.471336e-60 1.630684e-58 9.668727e-57 5.177393e-55 2.514781e-53 1.111995e-51 4.489452e-50 1.658768e-48 5.618992e-47 1.747313e-45 4.991948e-44 1.310666e-42 3.161911e-41 7.003372e-40 1.422100e-38 2.641168e-37 4.470288e-36 6.857015e-35 9.448103e-34 1.151770e-32 1.206261e-31 1.011942e-30 5.230207e-30 -2.161912e-29 -1.065149e-27 -1.827308e-26 -2.322875e-25 -2.457949e-24 -2.253698e-23 -1.822982e-22 -1.312564e-21 -8.450864e-21 -4.876174e-20 -2.523490e-19 -1.171263e-18 -4.873366e-18 -1.816581e-17 -6.063488e-17 -1.812208e-16 -4.852874e-16 -1.166293e-15 -2.522603e-15 -4.930016e-15 -8.748973e-15 -1.417684e-14 -2.109401e-14 -2.897222e-14 -3.690046e-14 -4.374264e-14 -4.839060e-14 -5.003818e-14 -4.839060e-14 -4.374264e-14 -3.690046e-14 -2.897222e-14 -2.109401e-14 -1.417684e-14 -8.748973e-15 -4.930016e-15 -2.522603e-15 -1.166293e-15 -4.852874e-16 -1.812208e-16 -6.063488e-17 -1.816581e-17 -4.873366e-18 -1.171263e-18 -2.523490e-19 -4.876174e-20 -8.450864e-21 -1.312564e-21 -1.822982e-22 -2.253698e-23 -2.457949e-24 -2.322875e-25 -1.827308e-26 -1.065149e-27 -2.161912e-29 5.230207e-30 1.011942e-30 1.206261e-31 1.151770e-32 9.448103e-34 6.857015e-35 4.470288e-36 2.641168e-37 1.422100e-38 7.003372e-40 3.161911e-41 1.310666e-42 4.991948e-44 1.747313e-45 5.618992e-47 1.658768e-48 4.489452e-50 1.111995e-51 2.514781e-53 5.177393e-55 9.668727e-57 1.630684e-58 2.471336e-60 2.756296e-62 7.973029e-65 3.396410e-68 2.512143e-72 4.183759e-77 1.916156e-82 2.767484e-88 0.000000e+00
0.000000e+00 3.539419e-86 2.024733e-80 3.756586e-75 1.956478e-70 2.330489e-66 4.879777e-63 1.520173e-60 1.239890e-58 7.499448e-57 4.099527e-55 2.033635e-53 9.188010e-52 3.791935e-50 1.432895e-48 4.966718e-47 1.581230e-45 4.627526e-44 1.245309e-42 3.081092e-41 7.003372e-40 1.460368e-38 2.787152e-37 4.851148e-36 7.657919e-35 1.086716e-33 1.365393e-32 1.474826e-31 1.276381e-30 6.788415e-30 -2.995707e-29 -1.502660e-27 -2.668979e-26 -3.521661e-25 -3.874542e-24 -3.699461e-23 -3.120903e-22 -2.347144e-21 -1.580946e-20 -9.558078e-20 -5.190878e-19 -2.532156e-18 -1.108827e-17 -4.355229e-17 -1.533223e-16 -4.835726e-16 -1.366671e-15 -3.464938e-15 -7.898571e-15 -1.624735e-14 -3.030358e-14 -5.154427e-14 -8.044993e-14 -1.159224e-13 -1.550634e-13 -1.934636e-13 -2.259763e-13 -2.477827e-13 -2.554634e-13 -2.477827e-13 -2.259763e-13 -1.934636e-13 -1.550634e-13 -1.159224e-13 -8.044993e-14 -5.154427e-14 -3.030358e-14 -1.624735e-14 -7.898571e-15 -3.464938e-15 -1.366671e-15 -4.835726e-16 -1.533223e-16 -4.355229e-17 -1.108827e-17 -2.532156e-18 -5.190878e-19 -9.558078e-20 -1.580946e-20 -2.347144e-21 -3.120903e-22 -3.699461e-23 -3.874542e-24 -3.521661e-25 -2.668979e-26 -1.502660e-27 -2.995707e-29 6.788415e-30 1.276381e-30 1.474826e-31 1.365393e-32 1.086716e-33 7.657919e-35 4.851148e-36 2.787152e-37 1.460368e-38 7.003372e-40 3.081092e-41 1.245309e-42 4.627526e-44 1.581230e-45 4.966718e-47 1.432895e-48 3.791935e-50 9.188010e-52 2.033635e-53 4.099527e-55 7.499448e-57 1.239890e-58 1.520173e-60 4.879777e-63 2.330489e-66 1.956478e-70 3.756586e-75 2.024733e-80 3.539419e-86 0.000000e+00
0.000000e+00 3.648709e-84 1.773825e-78 2.854887e-73 1.310133e-68 1.392095e-64 2.626100e-61 7.432844e-59 5.552568e-57 3.096256e-55 1.567983e-53 7.235065e-52 3.050914e-50 1.178514e-48 4.177859e-47 1.361019e-45 4.077874e-44 1.124136e-42 2.850722e-41 6.645517e-40 1.422100e-38 2.787152e-37 4.985113e-36 8.092462e-35 1.181794e-33 1.529167e-32 1.702151e-31 1.518643e-30 8.311109e-30 -3.883763e-29 -1.989398e-27 -3.655546e-26 -5.000862e-25 -5.713095e-24 -5.672272e-23 -4.982834e-22 -3.907789e-21 -2.748719e-20 -1.737948e-19 -9.885192e-19 -5.057277e-18 -2.325585e-17 -9.603033e-17 -3.557174e-16 -1.181077e-15 -3.514012e-15 -9.373765e-15 -2.245622e-14 -4.846122e-14 -9.463208e-14 -1.681783e-13 -2.738082e-13 -4.111754e-13 -5.732338e-13 -7.462284e-13 -9.114924e-13 -1.048645e-12 -1.139414e-12 -1.171171e-12 -1.139414e-12 -1.048645e-12 -9.114924e-13 -7.462284e-13 -5.732338e-13 -4.111754e-13 -2.738082e-13 -1.681783e-13 -9.463208e-14 -4.846122e-14 -2.245622e-14 -9.373765e-15 -3.514012e-15 -1.181077e-15 -3.557174e-16 -9.603033e-17 -2.325585e-17 -5.057277e-18 -9.885192e-19 -1.737948e-19 -2.748719e-20 -3.907789e-21 -4.982834e-22 -5.672272e-23 -5.713095e-24 -5.000862e-25 -3.655546e-26 -1.989398e-27 -3.883763e-29 8.311109e-30 1.518643e-30 1.702151e-31 1.529167e-32 1.181794e-33 8.092462e-35 4.985113e-36 2.787152e-37 1.422100e-38 6.645517e-40 2.850722e-41 1.124136e-42 4.077874e-44 1.361019e-45 4.177859e-47 1.178514e-48 3.050914e-50 7.235065e-52 1.567983e-53 3.096256e-55 5.552568e-57 7.432844e-59 2.626100e-61 1.392095e-64 1.310133e-68 2.854887e-73 1.773825e-78 3.648709e-84 0.000000e+00
0.000000e+00 3.116375e-82 1.314380e-76 1.864203e-71 7.632224e-67 7.306798e-63 1.252039e-59 3.241673e-57 2.230701e-55 1.152329e-53 5.428076e-52 2.337703e-50 9.226683e-49 3.343639e-47 1.114030e-45 3.415503e-44 9.639599e-43 2.504120e-41 5.983301e-40 1.313157e-38 2.641168e-37 4.851148e-36 8.092462e-35 1.215283e-33 1.618207e-32 1.854866e-31 1.704925e-30 9.601424e-30 -4.715114e-29 -2.473126e-27 -4.697990e-26 -6.656317e-25 -7.886514e-24 -8.131276e-23 -7.427300e-22 -6.064750e-21 -4.447575e-20 -2.935820e-19 -1.745667e-18 -9.348495e-18 -4.505376e-17 -1.951810e-16 -7.591268e-16 -2.647663e-15 -8.274650e-15 -2.317102e-14 -5.819331e-14 -1.313875e-13 -2.677316e-13 -4.951155e-13 -8.365963e-13 -1.301244e-12 -1.877003e-12 -2.528304e-12 -3.199391e-12 -3.822466e-12 -4.328556e-12 -4.658702e-12 -4.773381e-12 -4.658702e-12 -4.328556e-12 -3.822466e-12 -3.199391e-12 -2.528304e-12 -1.877003e-12 -1.301244e-12 -8.365963e-13 -4.951155e-13 -2.677316e-13 -1.313875e-13 -5.819331e-14 -2.317102e-14 -8.274650e-15 -2.647663e-15 -7.591268e-16 -1.951810e-16 -4.505376e-17 -9.348495e-18 -1.745667e-18 -2.935820e-19 -4.447575e-20 -6.064750e-21 -7.427300e-22 -8.131276e-23 -7.886514e-24 -6.656317e-25 -4.697990e-26 -2.473126e-27 -4.715114e-29 9.601424e-30 1.704925e-30 1.854866e-31 1.618207e-32 1.215283e-33 8.092462e-35 4.851148e-36 2.641168e-37 1.313157e-38 5.983301e-40 2.504120e-41 9.639599e-43 3.415503e-44 1.114030e-45 3.343639e-47 9.226683e-49 2.337703e-50 5.428076e-52 1.152329e-53 2.230701e-55 3.241673e-57 1.252039e-59 7.306798e-63 7.632224e-67 1.864203e-71 1.314380e-76 3.116375e-82 0.000000e+00
0.000000e+00 2.249607e-80 8.362196e-75 1.058218e-69 3.903973e-65 3.395206e-61 5.320614e-58 1.267349e-55 8.072219e-54 3.878701e-52 1.705303e-50 6.874127e-49 2.545345e-47 8.669286e-46 2.718395e-44 7.850728e-43 2.087998e-41 5.110708e-40 1.149672e-38 2.371555e-37 4.470288e-36 7.657919e-35 1.181794e-33 1.618207e-32 1.908729e-31 1.806382e-30 1.046890e-29 -5.364143e-29 -2.888204e-27 -5.668181e-26 -8.309376e-25 -1.019891e-23 -1.090635e-22 -1.034494e-21 -8.782569e-21 -6.704853e-20 -4.613216e-19 -2.862806e-18 -1.601989e-17 -8.076658e-17 -3.663982e-16 -1.493406e-15 -5.460835e-15 -1.789194e-14 -5.248946e-14 -1.379104e-13 -3.250052e-13 -6.891691e-13 -1.321509e-12 -2.306884e-12 -3.694991e-12 -5.475842e-12 -7.569025e-12 -9.829952e-12 -1.207015e-11 -1.408508e-11 -1.568276e-11 -1.670827e-11 -1.706161e-11 -1.670827e-11 -1.568276e-11 -1.408508e-11 -1.207015e-11 -9.829952e-12 -7.569025e-12 -5.475842e-12 -3.694991e-12 -2.306884e-12 -1.321509e-12 -6.891691e-13 -3.250052e-13 -1.379104e-13 -5.248946e-14 -1.789194e-14 -5.460835e-15 -1.493406e-15 -3.663982e-16 -8.076658e-17 -1.601989e-17 -2.862806e-18 -4.613216e-19 -6.704853e-20 -8.782569e-21 -1.034494e-21 -1.090635e-22 -1.019891e-23 -8.309376e-25 -5.668181e-26 -2.888204e-27 -5.364143e-29 1.046890e-29 1.806382e-30 1.908729e-31 1.618207e-32 1.181794e-33 7.657919e-35 4.470288e-36 2.371555e-37 1.149672e-38 5.110708e-40 2.087998e-41 7.850728e-43 2.718395e-44 8.669286e-46 2.545345e-47 6.874127e-49 1.705303e-50 3.878701e-52 8.072219e-54 1.267349e-55 5.320614e-58 3.395206e-61 3.903973e-65 1.058218e-69 8.362196e-75 2.249607e-80 0.000000e+00
