0.000000e+00 5.843626e-110 1.818519e-104 1.968677e-99 6.329792e-95 4.876780e-91 6.870457e-88 1.491551e-85 8.778731e-84 3.945409e-82 1.639596e-80 6.310356e-79 2.252997e-77 7.472118e-76 2.304477e-74 6.614700e-73 1.768168e-71 4.403397e-70 1.021862e-68 2.209736e-67 4.451927e-66 8.352936e-65 1.458598e-63 2.368321e-62 3.571200e-61 4.992683e-60 6.457042e-59 7.701970e-58 8.437455e-57 8.437375e-56 7.629387e-55 6.139709e-54 4.264667e-53 2.375701e-52 7.990074e-52 -2.766213e-51 -8.278859e-50 -9.605145e-49 -8.379950e-48 -6.137994e-47 -3.923798e-46 -2.228078e-45 -1.134011e-44 -5.198590e-44 -2.152220e-43 -8.057833e-43 -2.729968e-42 -8.371554e-42 -2.323741e-41 -5.838726e-41 -1.328171e-40 -2.736050e-40 -5.106704e-40 -8.641579e-40 -1.326855e-39 -1.850085e-39 -2.344406e-39 -2.701588e-39 -2.832223e-39 -2.701588e-39 -2.344406e-39 -1.850085e-39 -1.326855e-39 -8.641579e-40 -5.106704e-40 -2.736050e-40 -1.328171e-40 -5.838726e-41 -2.323741e-41 -8.371554e-42 -2.729968e-42 -8.057833e-43 -2.152220e-43 -5.198590e-44 -1.134011e-44 -2.228078e-45 -3.923798e-46 -6.137994e-47 -8.379950e-48 -9.605145e-49 -8.278859e-50 -2.766213e-51 7.990074e-52 2.375701e-52 4.264667e-53 6.139709e-54 7.629387e-55 8.437375e-56 8.437455e-57 7.701970e-58 6.457042e-59 4.992683e-60 3.571200e-61 2.368321e-62 1.458598e-63 8.352936e-65 4.451927e-66 2.209736e-67 1.021862e-68 4.403397e-70 1.768168e-71 6.614700e-73 2.304477e-74 7.472118e-76 2.252997e-77 6.310356e-79 1.639596e-80 3.945409e-82 8.778731e-84 1.491551e-85 6.870457e-88 4.876780e-91 6.329792e-95 1.968677e-99 1.818519e-104 5.843626e-110 0.000000e+00
0.000000e+00 2.825735e-104 8.002502e-99 7.938088e-94 2.352162e-89 1.678303e-85 2.198917e-82 4.457054e-80 2.460067e-78 1.040548e-76 4.079432e-75 1.484209e-73 5.018103e-72 1.578367e-70 4.622424e-69 1.261237e-67 3.207529e-66 7.604774e-65 1.680943e-63 3.463321e-62 6.648661e-61 1.188510e-59 1.976532e-58 3.054191e-57 4.377745e-56 5.807435e-55 7.108132e-54 7.992400e-53 8.203146e-52 7.609178e-51 6.271000e-50 4.439989e-49 2.483156e-48 7.635340e-48 -4.706104e-47 -1.140981e-45 -1.323647e-44 -1.183168e-43 -8.956956e-43 -5.946451e-42 -3.518666e-41 -1.871472e-40 -8.988294e-40 -3.908048e-39 -1.540317e-38 -5.506844e-38 -1.786256e-37 -5.257329e-37 -1.404081e-36 -3.403254e-36 -7.488909e-36 -1.496947e-35 -2.720152e-35 -4.497678e-35 -6.773958e-35 -9.302620e-35 -1.165953e-34 -1.334719e-34 -1.396162e-34 -1.334719e-34 -1.165953e-34 -9.302620e-35 -6.773958e-35 -4.497678e-35 -2.720152e-35 -1.496947e-35 -7.488909e-36 -3.403254e-36 -1.404081e-36 -5.257329e-37 -1.786256e-37 -5.506844e-38 -1.540317e-38 -3.908048e-39 -8.988294e-40 -1.871472e-40 -3.518666e-41 -5.946451e-42 -8.956956e-43 -1.183168e-43 -1.323647e-44 -1.140981e-45 -4.706104e-47 7.635340e-48 2.483156e-48 4.439989e-49 6.271000e-50 7.609178e-51 8.203146e-52 7.992400e-53 7.108132e-54 5.807435e-55 4.377745e-56 3.054191e-57 1.976532e-58 1.188510e-59 6.648661e-61 3.463321e-62 1.680943e-63 7.604774e-65 3.207529e-66 1.261237e-67 4.622424e-69 1.578367e-70 5.018103e-72 1.484209e-73 4.079432e-75 1.040548e-76 2.460067e-78 4.457054e-80 2.198917e-82 1.678303e-85 2.352162e-89 7.938088e-94 8.002502e-99 2.825735e-104 0.000000e+00
0.000000e+00 5.081748e-99 1.318687e-93 1.205509e-88 3.308128e-84 2.195098e-80 2.684248e-77 5.095283e-75 2.644295e-73 1.055008e-71 3.909451e-70 1.346757e-68 4.317732e-67 1.289405e-65 3.588947e-64 9.314852e-63 2.254841e-61 5.090977e-60 1.071909e-58 2.103871e-57 3.846912e-56 6.547006e-55 1.035776e-53 1.520699e-52 2.067157e-51 2.593447e-50 2.989520e-49 3.145210e-48 2.988407e-47 2.517638e-46 1.812214e-45 1.011664e-44 2.711437e-44 -2.878652e-43 -6.099843e-42 -7.096541e-41 -6.494228e-40 -5.072863e-39 -3.490400e-38 -2.147235e-37 -1.190388e-36 -5.973010e-36 -2.719198e-35 -1.124572e-34 -4.227639e-34 -1.445033e-33 -4.491166e-33 -1.269315e-32 -3.262739e-32 -7.630504e-32 -1.624584e-31 -3.151506e-31 -5.576293e-31 -9.010635e-31 -1.331384e-30 -1.801040e-30 -2.232972e-30 -2.539487e-30 -2.650580e-30 -2.539487e-30 -2.232972e-30 -1.801040e-30 -1.331384e-30 -9.010635e-31 -5.576293e-31 -3.151506e-31 -1.624584e-31 -7.630504e-32 -3.262739e-32 -1.269315e-32 -4.491166e-33 -1.445033e-33 -4.227639e-34 -1.124572e-34 -2.719198e-35 -5.973010e-36 -1.190388e-36 -2.147235e-37 -3.490400e-38 -5.072863e-39 -6.494228e-40 -7.096541e-41 -6.099843e-42 -2.878652e-43 2.711437e-44 1.011664e-44 1.812214e-45 2.517638e-46 2.988407e-47 3.145210e-48 2.989520e-49 2.593447e-50 2.067157e-51 1.520699e-52 1.035776e-53 6.547006e-55 3.846912e-56 2.103871e-57 1.071909e-58 5.090977e-60 2.254841e-61 9.314852e-63 3.588947e-64 1.289405e-65 4.317732e-67 1.346757e-68 3.909451e-70 1.055008e-71 2.644295e-73 5.095283e-75 2.684248e-77 2.195098e-80 3.308128e-84 1.205509e-88 1.318687e-93 5.081748e-99 0.000000e+00
0.000000e+00 2.965913e-94 7.092927e-89 6.005040e-84 1.532485e-79 9.490276e-76 1.086408e-72 1.936278e-70 9.469267e-69 3.570405e-67 1.252547e-65 4.090944e-64 1.245044e-62 3.533122e-61 9.352695e-60 2.310061e-58 5.323984e-57 1.144739e-55 2.295450e-54 4.289924e-53 7.465443e-52 1.208191e-50 1.815261e-49 2.526049e-48 3.245065e-47 3.830493e-46 4.125700e-45 4.009448e-44 3.446620e-43 2.515150e-42 1.391846e-41 2.985855e-41 -5.691075e-40 -1.099652e-38 -1.285666e-37 -1.203541e-36 -9.685345e-36 -6.893256e-35 -4.399158e-34 -2.535984e-33 -1.325980e-32 -6.302798e-32 -2.726866e-31 -1.074435e-30 -3.856371e-30 -1.260917e-29 -3.755998e-29 -1.019446e-28 -2.522074e-28 -5.690809e-28 -1.172203e-27 -2.206741e-27 -3.802048e-27 -6.004168e-27 -8.703898e-27 -1.159882e-26 -1.422587e-26 -1.607347e-26 -1.674011e-26 -1.607347e-26 -1.422587e-26 -1.159882e-26 -8.703898e-27 -6.004168e-27 -3.802048e-27 -2.206741e-27 -1.172203e-27 -5.690809e-28 -2.522074e-28 -1.019446e-28 -3.755998e-29 -1.260917e-29 -3.856371e-30 -1.074435e-30 -2.726866e-31 -6.302798e-32 -1.325980e-32 -2.535984e-33 -4.399158e-34 -6.893256e-35 -9.685345e-36 -1.203541e-36 -1.285666e-37 -1.099652e-38 -5.691075e-40 2.985855e-41 1.391846e-41 2.515150e-42 3.446620e-43 4.009448e-44 4.125700e-45 3.830493e-46 3.245065e-47 2.526049e-48 1.815261e-49 1.208191e-50 7.465443e-52 4.289924e-53 2.295450e-54 1.144739e-55 5.323984e-57 2.310061e-58 9.352695e-60 3.533122e-61 1.245044e-62 4.090944e-64 1.252547e-65 3.570405e-67 9.469267e-69 1.936278e-70 1.086408e-72 9.490276e-76 1.532485e-79 6.005040e-84 7.092927e-89 2.965913e-94 0.000000e+00
0.000000e+00 4.668634e-90 1.033993e-84 8.140990e-80 1.938956e-75 1.124026e-71 1.207684e-68 2.025373e-66 9.351321e-65 3.337478e-63 1.109899e-61 3.440609e-60 9.948535e-59 2.684415e-57 6.761058e-56 1.589555e-54 3.487904e-53 7.140324e-52 1.362901e-50 2.423285e-49 4.008486e-48 6.157819e-47 8.763815e-46 1.151627e-44 1.390493e-43 1.531327e-42 1.519917e-41 1.330661e-40 9.814639e-40 5.338410e-39 7.582534e-39 -3.060800e-37 -5.537563e-36 -6.516225e-35 -6.234739e-34 -5.161239e-33 -3.792852e-32 -2.505942e-31 -1.498828e-30 -8.146726e-30 -4.032744e-29 -1.820125e-28 -7.494058e-28 -2.815342e-27 -9.650672e-27 -3.018601e-26 -8.616522e-26 -2.245334e-25 -5.344620e-25 -1.163160e-24 -2.317309e-24 -4.232560e-24 -7.099563e-24 -1.095568e-23 -1.558045e-23 -2.045224e-23 -2.481421e-23 -2.785451e-23 -2.894653e-23 -2.785451e-23 -2.481421e-23 -2.045224e-23 -1.558045e-23 -1.095568e-23 -7.099563e-24 -4.232560e-24 -2.317309e-24 -1.163160e-24 -5.344620e-25 -2.245334e-25 -8.616522e-26 -3.018601e-26 -9.650672e-27 -2.815342e-27 -7.494058e-28 -1.820125e-28 -4.032744e-29 -8.146726e-30 -1.498828e-30 -2.505942e-31 -3.792852e-32 -5.161239e-33 -6.234739e-34 -6.516225e-35 -5.537563e-36 -3.060800e-37 7.582534e-39 5.338410e-39 9.814639e-40 1.330661e-40 1.519917e-41 1.531327e-42 1.390493e-43 1.151627e-44 8.763815e-46 6.157819e-47 4.008486e-48 2.423285e-49 1.362901e-50 7.140324e-52 3.487904e-53 1.589555e-54 6.761058e-56 2.684415e-57 9.948535e-59 3.440609e-60 1.109899e-61 3.337478e-63 9.351321e-65 2.025373e-66 1.207684e-68 1.124026e-71 1.938956e-75 8.140990e-80 1.033993e-84 4.668634e-90 0.000000e+00
0.000000e+00 1.549056e-86 3.190577e-81 2.344477e-76 5.227185e-72 2.843970e-68 2.874190e-65 4.544067e-63 1.983875e-61 6.710854e-60 2.117868e-58 6.236512e-57 1.714369e-55 4.400446e-54 1.054734e-52 2.360350e-51 4.929856e-50 9.603795e-49 1.743406e-47 2.945328e-46 4.622381e-45 6.722236e-44 9.027295e-43 1.113754e-41 1.252669e-40 1.268088e-39 1.128580e-38 8.386730e-38 4.437496e-37 1.936476e-37 -3.520283e-35 -6.072598e-34 -7.201288e-33 -7.037264e-32 -5.984682e-31 -4.533631e-30 -3.095361e-29 -1.916985e-28 -1.080784e-27 -5.558400e-27 -2.610437e-26 -1.120051e-25 -4.391238e-25 -1.573099e-24 -5.149135e-24 -1.540129e-23 -4.210655e-23 -1.052837e-22 -2.409836e-22 -5.055682e-22 -9.737113e-22 -1.724821e-21 -2.815749e-21 -4.244888e-21 -5.921161e-21 -7.655481e-21 -9.187352e-21 -1.024539e-20 -1.062369e-20 -1.024539e-20 -9.187352e-21 -7.655481e-21 -5.921161e-21 -4.244888e-21 -2.815749e-21 -1.724821e-21 -9.737113e-22 -5.055682e-22 -2.409836e-22 -1.052837e-22 -4.210655e-23 -1.540129e-23 -5.149135e-24 -1.573099e-24 -4.391238e-25 -1.120051e-25 -2.610437e-26 -5.558400e-27 -1.080784e-27 -1.916985e-28 -3.095361e-29 -4.533631e-30 -5.984682e-31 -7.037264e-32 -7.201288e-33 -6.072598e-34 -3.520283e-35 1.936476e-37 4.437496e-37 8.386730e-38 1.128580e-38 1.268088e-39 1.252669e-40 1.113754e-41 9.027295e-43 6.722236e-44 4.622381e-45 2.945328e-46 1.743406e-47 9.603795e-49 4.929856e-50 2.360350e-51 1.054734e-52 4.400446e-54 1.714369e-55 6.236512e-57 2.117868e-58 6.710854e-60 1.983875e-61 4.544067e-63 2.874190e-65 2.843970e-68 5.227185e-72 2.344477e-76 3.190577e-81 1.549056e-86 0.000000e+00
0.000000e+00 8.318582e-84 1.599289e-78 1.100261e-73 2.302649e-69 1.178530e-65 1.122532e-62 1.675822e-60 6.928170e-59 2.223940e-57 6.666928e-56 1.866354e-54 4.880232e-53 1.192039e-51 2.719437e-50 5.792183e-49 1.151078e-47 2.132345e-46 3.677243e-45 5.892484e-44 8.751308e-43 1.200248e-41 1.512121e-40 1.735647e-39 1.790459e-38 1.618037e-37 1.208833e-36 6.162661e-36 -5.210396e-36 -6.657184e-34 -1.112451e-32 -1.332397e-31 -1.329911e-30 -1.161103e-29 -9.057771e-29 -6.382585e-28 -4.086949e-27 -2.386186e-26 -1.272725e-25 -6.207483e-25 -2.769681e-24 -1.130619e-23 -4.222271e-23 -1.442385e-22 -4.507413e-22 -1.288779e-21 -3.373308e-21 -8.089791e-21 -1.779797e-20 -3.598074e-20 -6.697221e-20 -1.150282e-19 -1.827288e-19 -2.690918e-19 -3.681430e-19 -4.687863e-19 -5.564756e-19 -6.164902e-19 -6.378503e-19 -6.164902e-19 -5.564756e-19 -4.687863e-19 -3.681430e-19 -2.690918e-19 -1.827288e-19 -1.150282e-19 -6.697221e-20 -3.598074e-20 -1.779797e-20 -8.089791e-21 -3.373308e-21 -1.288779e-21 -4.507413e-22 -1.442385e-22 -4.222271e-23 -1.130619e-23 -2.769681e-24 -6.207483e-25 -1.272725e-25 -2.386186e-26 -4.086949e-27 -6.382585e-28 -9.057771e-29 -1.161103e-29 -1.329911e-30 -1.332397e-31 -1.112451e-32 -6.657184e-34 -5.210396e-36 6.162661e-36 1.208833e-36 1.618037e-37 1.790459e-38 1.735647e-39 1.512121e-40 1.200248e-41 8.751308e-43 5.892484e-44 3.677243e-45 2.132345e-46 1.151078e-47 5.792183e-49 2.719437e-50 1.192039e-51 4.880232e-53 1.866354e-54 6.666928e-56 2.223940e-57 6.928170e-59 1.675822e-60 1.122532e-62 1.178530e-65 2.302649e-69 1.100261e-73 1.599289e-78 8.318582e-84 0.000000e+00
0.000000e+00 7.964687e-82 1.434828e-76 9.273649e-72 1.827338e-67 8.822065e-64 7.938758e-61 1.121577e-58 4.399458e-57 1.342521e-55 3.829152e-54 1.020511e-52 2.541528e-51 5.913875e-50 1.285250e-48 2.607153e-47 4.931719e-46 8.687611e-45 1.422530e-43 2.159480e-42 3.027975e-41 3.900294e-40 4.576098e-39 4.821009e-38 4.438523e-37 3.353352e-36 1.669214e-35 -3.334056e-35 -2.270136e-33 -3.771876e-32 -4.600128e-31 -4.708943e-30 -4.231264e-29 -3.405011e-28 -2.479501e-27 -1.643239e-26 -9.943620e-26 -5.504071e-25 -2.789470e-24 -1.294849e-23 -5.505459e-23 -2.143829e-22 -7.644315e-22 -2.495774e-21 -7.461730e-21 -2.043691e-20 -5.131745e-20 -1.182779e-19 -2.506295e-19 -4.892431e-19 -8.818454e-19 -1.471406e-18 -2.278594e-18 -3.283088e-18 -4.411403e-18 -5.538785e-18 -6.508732e-18 -7.166983e-18 -7.400277e-18 -7.166983e-18 -6.508732e-18 -5.538785e-18 -4.411403e-18 -3.283088e-18 -2.278594e-18 -1.471406e-18 -8.818454e-19 -4.892431e-19 -2.506295e-19 -1.182779e-19 -5.131745e-20 -2.043691e-20 -7.461730e-21 -2.495774e-21 -7.644315e-22 -2.143829e-22 -5.505459e-23 -1.294849e-23 -2.789470e-24 -5.504071e-25 -9.943620e-26 -1.643239e-26 -2.479501e-27 -3.405011e-28 -4.231264e-29 -4.708943e-30 -4.600128e-31 -3.771876e-32 -2.270136e-33 -3.334056e-35 1.669214e-35 3.353352e-36 4.438523e-37 4.821009e-38 4.576098e-39 3.900294e-40 3.027975e-41 2.159480e-42 1.422530e-43 8.687611e-45 4.931719e-46 2.607153e-47 1.285250e-48 5.913875e-50 2.541528e-51 1.020511e-52 3.829152e-54 1.342521e-55 4.399458e-57 1.121577e-58 7.938758e-61 8.822065e-64 1.827338e-67 9.273649e-72 1.434828e-76 7.964687e-82 0.000000e+00
0.000000e+00 3.722838e-80 6.310050e-75 3.845765e-70 7.159284e-66 3.270580e-62 2.788655e-59 3.738463e-57 1.394891e-55 4.056091e-54 1.103144e-52 2.804774e-51 6.665743e-50 1.480230e-48 3.069526e-47 5.938418e-46 1.070412e-44 1.794343e-43 2.790008e-42 4.009030e-41 5.294522e-40 6.371726e-39 6.887575e-38 6.506030e-37 5.037048e-36 2.548250e-35 -5.999683e-35 -3.830213e-33 -6.517822e-32 -8.187513e-31 -8.652365e-30 -8.038637e-29 -6.697315e-28 -5.055311e-27 -3.476993e-26 -2.186158e-25 -1.258832e-24 -6.644493e-24 -3.216019e-23 -1.427388e-22 -5.808368e-22 -2.166469e-21 -7.405570e-21 -2.319881e-20 -6.661660e-20 -1.754572e-19 -4.243052e-19 -9.435161e-19 -1.932974e-18 -3.656966e-18 -6.405787e-18 -1.041802e-17 -1.577484e-17 -2.229772e-17 -2.949244e-17 -3.657693e-17 -4.260554e-17 -4.666697e-17 -4.810114e-17 -4.666697e-17 -4.260554e-17 -3.657693e-17 -2.949244e-17 -2.229772e-17 -1.577484e-17 -1.041802e-17 -6.405787e-18 -3.656966e-18 -1.932974e-18 -9.435161e-19 -4.243052e-19 -1.754572e-19 -6.661660e-20 -2.319881e-20 -7.405570e-21 -2.166469e-21 -5.808368e-22 -1.427388e-22 -3.216019e-23 -6.644493e-24 -1.258832e-24 -2.186158e-25 -3.476993e-26 -5.055311e-27 -6.697315e-28 -8.038637e-29 -8.652365e-30 -8.187513e-31 -6.517822e-32 -3.830213e-33 -5.999683e-35 2.548250e-35 5.037048e-36 6.506030e-37 6.887575e-38 6.371726e-39 5.294522e-40 4.009030e-41 2.790008e-42 1.794343e-43 1.070412e-44 5.938418e-46 3.069526e-47 1.480230e-48 6.665743e-50 2.804774e-51 1.103144e-52 4.056091e-54 1.394891e-55 3.738463e-57 2.788655e-59 3.270580e-62 7.159284e-66 3.845765e-70 6.310050e-75 3.722838e-80 0.000000e+00
0.000000e+00 1.577209e-78 2.521785e-73 1.452595e-68 2.559815e-64 1.108437e-60 8.968252e-58 1.142287e-55 4.058597e-54 1.125626e-52 2.921378e-51 7.090037e-50 1.608524e-48 3.409289e-47 6.744655e-46 1.243787e-44 2.134140e-43 3.398350e-42 5.003512e-41 6.774307e-40 8.362241e-39 9.276060e-38 8.994621e-37 7.146793e-36 3.697137e-35 -9.512036e-35 -6.007721e-33 -1.050672e-31 -1.360566e-30 -1.484448e-29 -1.425591e-28 -1.229064e-27 -9.610617e-27 -6.854966e-26 -4.474581e-25 -2.677824e-24 -1.470595e-23 -7.413697e-23 -3.430829e-22 -1.457090e-21 -5.677564e-21 -2.029097e-20 -6.650353e-20 -1.999062e-19 -5.513559e-19 -1.396457e-18 -3.252260e-18 -6.977377e-18 -1.382090e-17 -2.534377e-17 -4.314787e-17 -6.840818e-17 -1.012982e-16 -1.404895e-16 -1.829407e-16 -2.241382e-16 -2.588148e-16 -2.820066e-16 -2.901662e-16 -2.820066e-16 -2.588148e-16 -2.241382e-16 -1.829407e-16 -1.404895e-16 -1.012982e-16 -6.840818e-17 -4.314787e-17 -2.534377e-17 -1.382090e-17 -6.977377e-18 -3.252260e-18 -1.396457e-18 -5.513559e-19 -1.999062e-19 -6.650353e-20 -2.029097e-20 -5.677564e-21 -1.457090e-21 -3.430829e-22 -7.413697e-23 -1.470595e-23 -2.677824e-24 -4.474581e-25 -6.854966e-26 -9.610617e-27 -1.229064e-27 -1.425591e-28 -1.484448e-29 -1.360566e-30 -1.050672e-31 -6.007721e-33 -9.512036e-35 3.697137e-35 7.146793e-36 8.994621e-37 9.276060e-38 8.362241e-39 6.774307e-40 5.003512e-41 3.398350e-42 2.134140e-43 1.243787e-44 6.744655e-46 3.409289e-47 1.608524e-48 7.090037e-50 2.921378e-51 1.125626e-52 4.058597e-54 1.142287e-55 8.968252e-58 1.108437e-60 2.559815e-64 1.452595e-68 2.521785e-73 1.577209e-78 0.000000e+00
0.000000e+00 6.190761e-77 9.356345e-72 5.102497e-67 8.524337e-63 3.503002e-59 2.692129e-56 3.260441e-54 1.103850e-52 2.921380e-51 7.237287e-50 1.676732e-48 3.630748e-47 7.341468e-46 1.384399e-44 2.430180e-43 3.960936e-42 5.972246e-41 8.284798e-40 1.048363e-38 1.192683e-37 1.186478e-36 9.670205e-36 5.115135e-35 -1.423472e-34 -8.949963e-33 -1.607984e-31 -2.144906e-30 -2.413956e-29 -2.393956e-28 -2.133537e-27 -1.726317e-26 -1.275432e-25 -8.632370e-25 -5.362042e-24 -3.059543e-23 -1.604180e-22 -7.728582e-22 -3.420401e-21 -1.390011e-20 -5.185095e-20 -1.774887e-19 -5.574786e-19 -1.607054e-18 -4.254558e-18 -1.035582e-17 -2.321315e-17 -4.802221e-17 -9.192869e-17 -1.633268e-16 -2.701767e-16 -4.174723e-16 -6.044420e-16 -8.223997e-16 -1.054196e-15 -1.275861e-15 -1.460391e-15 -1.582899e-15 -1.625843e-15 -1.582899e-15 -1.460391e-15 -1.275861e-15 -1.054196e-15 -8.223997e-16 -6.044420e-16 -4.174723e-16 -2.701767e-16 -1.633268e-16 -9.192869e-17 -4.802221e-17 -2.321315e-17 -1.035582e-17 -4.254558e-18 -1.607054e-18 -5.574786e-19 -1.774887e-19 -5.185095e-20 -1.390011e-20 -3.420401e-21 -7.728582e-22 -1.604180e-22 -3.059543e-23 -5.362042e-24 -8.632370e-25 -1.275432e-25 -1.726317e-26 -2.133537e-27 -2.393956e-28 -2.413956e-29 -2.144906e-30 -1.607984e-31 -8.949963e-33 -1.423472e-34 5.115135e-35 9.670205e-36 1.186478e-36 1.192683e-37 1.048363e-38 8.284798e-40 5.972246e-41 3.960936e-42 2.430180e-43 1.384399e-44 7.341468e-46 3.630748e-47 1.676732e-48 7.237287e-50 2.921380e-51 1.103850e-52 3.260441e-54 2.692129e-56 3.503002e-59 8.524337e-63 5.102497e-67 9.356345e-72 6.190761e-77 0.000000e+00
0.000000e+00 2.255100e-75 3.227223e-70 1.668734e-65 2.646150e-61 1.033021e-57 7.546885e-55 8.696034e-53 2.806629e-51 7.090044e-50 1.676732e-48 3.707697e-47 7.659252e-46 1.476229e-44 2.649842e-43 4.418494e-42 6.818991e-41 9.686888e-40 1.255873e-38 1.464496e-37 1.493828e-36 1.248316e-35 6.751929e-35 -2.013342e-34 -1.267048e-32 -2.337767e-31 -3.209941e-30 -3.723348e-29 -3.809616e-28 -3.506260e-27 -2.932617e-26 -2.241796e-25 -1.571409e-24 -1.011879e-23 -5.991184e-23 -3.262729e-22 -1.634188e-21 -7.525527e-21 -3.184848e-20 -1.238080e-19 -4.419139e-19 -1.447946e-18 -4.355200e-18 -1.203056e-17 -3.054714e-17 -7.139741e-17 -1.539178e-16 -3.068271e-16 -5.672830e-16 -9.759997e-16 -1.568021e-15 -2.360513e-15 -3.340718e-15 -4.458125e-15 -5.624475e-15 -6.723261e-15 -7.627738e-15 -8.223725e-15 -8.431860e-15 -8.223725e-15 -7.627738e-15 -6.723261e-15 -5.624475e-15 -4.458125e-15 -3.340718e-15 -2.360513e-15 -1.568021e-15 -9.759997e-16 -5.672830e-16 -3.068271e-16 -1.539178e-16 -7.139741e-17 -3.054714e-17 -1.203056e-17 -4.355200e-18 -1.447946e-18 -4.419139e-19 -1.238080e-19 -3.184848e-20 -7.525527e-21 -1.634188e-21 -3.262729e-22 -5.991184e-23 -1.011879e-23 -1.571409e-24 -2.241796e-25 -2.932617e-26 -3.506260e-27 -3.809616e-28 -3.723348e-29 -3.209941e-30 -2.337767e-31 -1.267048e-32 -2.013342e-34 6.751929e-35 1.248316e-35 1.493828e-36 1.464496e-37 1.255873e-38 9.686888e-40 6.818991e-41 4.418494e-42 2.649842e-43 1.476229e-44 7.659252e-46 3.707697e-47 1.676732e-48 7.090044e-50 2.806629e-51 8.696034e-53 7.546885e-55 1.033021e-57 2.646150e-61 1.668734e-65 3.227223e-70 2.255100e-75 0.000000e+00
0.000000e+00 7.633923e-74 1.035995e-68 5.085545e-64 7.662270e-60 2.843918e-56 1.976235e-53 2.167404e-51 6.670296e-50 1.608526e-48 3.630748e-47 7.659252e-46 1.508163e-44 2.766954e-43 4.717830e-42 7.448655e-41 1.083025e-39 1.437815e-38 1.717685e-37 1.795603e-36 1.537784e-35 8.505666e-35 -2.694802e-34 -1.705417e-32 -3.230260e-31 -4.562639e-30 -5.450411e-29 -5.748652e-28 -5.458948e-27 -4.715059e-26 -3.725496e-25 -2.701629e-24 -1.801395e-23 -1.105432e-22 -6.244972e-22 -3.247596e-21 -1.554064e-20 -6.839533e-20 -2.766841e-19 -1.028272e-18 -3.509321e-18 -1.099657e-17 -3.164391e-17 -8.367514e-17 -2.035575e-16 -4.563882e-16 -9.453126e-16 -1.814219e-15 -3.237040e-15 -5.389402e-15 -8.404195e-15 -1.231986e-14 -1.703574e-14 -2.228972e-14 -2.766954e-14 -3.266032e-14 -3.672129e-14 -3.937664e-14 -4.030038e-14 -3.937664e-14 -3.672129e-14 -3.266032e-14 -2.766954e-14 -2.228972e-14 -1.703574e-14 -1.231986e-14 -8.404195e-15 -5.389402e-15 -3.237040e-15 -1.814219e-15 -9.453126e-16 -4.563882e-16 -2.035575e-16 -8.367514e-17 -3.164391e-17 -1.099657e-17 -3.509321e-18 -1.028272e-18 -2.766841e-19 -6.839533e-20 -1.554064e-20 -3.247596e-21 -6.244972e-22 -1.105432e-22 -1.801395e-23 -2.701629e-24 -3.725496e-25 -4.715059e-26 -5.458948e-27 -5.748652e-28 -5.450411e-29 -4.562639e-30 -3.230260e-31 -1.705417e-32 -2.694802e-34 8.505666e-35 1.537784e-35 1.795603e-36 1.717685e-37 1.437815e-38 1.083025e-39 7.448655e-41 4.717830e-42 2.766954e-43 1.508163e-44 7.659252e-46 3.630748e-47 1.608526e-48 6.670296e-50 2.167404e-51 1.976235e-53 2.843918e-56 7.662270e-60 5.085545e-64 1.035995e-68 7.633923e-74 0.000000e+00
0.000000e+00 2.404174e-72 3.097899e-67 1.445165e-62 2.070553e-58 7.311009e-55 4.834336e-52 5.047448e-50 1.481273e-48 3.409293e-47 7.341468e-46 1.476229e-44 2.766954e-43 4.822016e-42 7.784801e-41 1.157957e-39 1.573410e-38 1.924695e-37 2.060968e-36 1.808181e-35 1.022835e-34 -3.416647e-34 -2.183260e-32 -4.243956e-31 -6.162579e-30 -7.575892e-29 -8.230199e-28 -8.056731e-27 -7.179707e-26 -5.857879e-25 -4.390255e-24 -3.027990e-23 -1.923681e-22 -1.126048e-21 -6.072595e-21 -3.015856e-20 -1.378522e-19 -5.795541e-19 -2.239566e-18 -7.950193e-18 -2.591646e-17 -7.757682e-17 -2.133061e-16 -5.392324e-16 -1.255176e-15 -2.696069e-15 -5.358936e-15 -9.890415e-15 -1.701312e-14 -2.738590e-14 -4.141818e-14 -5.908207e-14 -7.977624e-14 -1.022892e-13 -1.248864e-13 -1.455168e-13 -1.621031e-13 -1.728617e-13 -1.765894e-13 -1.728617e-13 -1.621031e-13 -1.455168e-13 -1.248864e-13 -1.022892e-13 -7.977624e-14 -5.908207e-14 -4.141818e-14 -2.738590e-14 -1.701312e-14 -9.890415e-15 -5.358936e-15 -2.696069e-15 -1.255176e-15 -5.392324e-16 -2.133061e-16 -7.757682e-17 -2.591646e-17 -7.950193e-18 -2.239566e-18 -5.795541e-19 -1.378522e-19 -3.015856e-20 -6.072595e-21 -1.126048e-21 -1.923681e-22 -3.027990e-23 -4.390255e-24 -5.857879e-25 -7.179707e-26 -8.056731e-27 -8.230199e-28 -7.575892e-29 -6.162579e-30 -4.243956e-31 -2.183260e-32 -3.416647e-34 1.022835e-34 1.808181e-35 2.060968e-36 1.924695e-37 1.573410e-38 1.157957e-39 7.784801e-41 4.822016e-42 2.766954e-43 1.476229e-44 7.341468e-46 3.409293e-47 1.481273e-48 5.047448e-50 4.834336e-52 7.311009e-55 2.070553e-58 1.445165e-62 3.097899e-67 2.404174e-72 0.000000e+00
0.000000e+00 7.050029e-71 8.634502e-66 3.831073e-61 5.222899e-57 1.755159e-53 1.104588e-50 1.097887e-48 3.071757e-47 6.744665e-46 1.384399e-44 2.649842e-43 4.717830e-42 7.784801e-41 1.184060e-39 1.645894e-38 2.060596e-37 2.259147e-36 2.029728e-35 1.174370e-34 -4.106377e-34 -2.659250e-32 -5.303369e-31 -7.912299e-30 -1.000305e-28 -1.118459e-27 -1.127775e-26 -1.036017e-25 -8.720557e-25 -6.748205e-24 -4.809522e-23 -3.159980e-22 -1.914536e-21 -1.069495e-20 -5.506046e-20 -2.610772e-19 -1.139304e-18 -4.572068e-18 -1.686062e-17 -5.710513e-17 -1.775759e-16 -5.070279e-16 -1.330050e-15 -3.209285e-15 -7.136247e-15 -1.466171e-14 -2.792411e-14 -4.949045e-14 -8.196672e-14 -1.274147e-13 -1.866951e-13 -2.589074e-13 -3.410889e-13 -4.282809e-13 -5.139804e-13 -5.909115e-13 -6.519814e-13 -6.912591e-13 -7.048106e-13 -6.912591e-13 -6.519814e-13 -5.909115e-13 -5.139804e-13 -4.282809e-13 -3.410889e-13 -2.589074e-13 -1.866951e-13 -1.274147e-13 -8.196672e-14 -4.949045e-14 -2.792411e-14 -1.466171e-14 -7.136247e-15 -3.209285e-15 -1.330050e-15 -5.070279e-16 -1.775759e-16 -5.710513e-17 -1.686062e-17 -4.572068e-18 -1.139304e-18 -2.610772e-19 -5.506046e-20 -1.069495e-20 -1.914536e-21 -3.159980e-22 -4.809522e-23 -6.748205e-24 -8.720557e-25 -1.036017e-25 -1.127775e-26 -1.118459e-27 -1.000305e-28 -7.912299e-30 -5.303369e-31 -2.659250e-32 -4.106377e-34 1.174370e-34 2.029728e-35 2.259147e-36 2.060596e-37 1.645894e-38 1.184060e-39 7.784801e-41 4.717830e-42 2.649842e-43 1.384399e-44 6.744665e-46 3.071757e-47 1.097887e-48 1.104588e-50 1.755159e-53 5.222899e-57 3.831073e-61 8.634502e-66 7.050029e-71 0.000000e+00
0.000000e+00 1.926179e-69 2.244173e-64 9.476602e-60 1.229865e-55 3.934339e-52 2.356515e-49 2.229076e-47 5.942867e-46 1.243789e-44 2.430180e-43 4.418494e-42 7.448655e-41 1.157957e-39 1.645894e-38 2.107981e-37 2.365216e-36 2.175378e-35 1.287566e-34 -4.681013e-34 -3.082502e-32 -6.305242e-31 -9.659919e-30 -1.255103e-28 -1.443341e-27 -1.497938e-26 -1.417375e-25 -1.229806e-24 -9.817216e-24 -7.223473e-23 -4.903543e-22 -3.071886e-21 -1.775675e-20 -9.466288e-20 -4.651067e-19 -2.104364e-18 -8.759833e-18 -3.351946e-17 -1.178123e-16 -3.801329e-16 -1.125728e-15 -3.060451e-15 -7.644512e-15 -1.757074e-14 -3.724852e-14 -7.305499e-14 -1.330643e-13 -2.260609e-13 -3.598798e-13 -5.393914e-13 -7.646281e-13 -1.029557e-12 -1.321848e-12 -1.623735e-12 -1.913823e-12 -2.169532e-12 -2.369751e-12 -2.497344e-12 -2.541164e-12 -2.497344e-12 -2.369751e-12 -2.169532e-12 -1.913823e-12 -1.623735e-12 -1.321848e-12 -1.029557e-12 -7.646281e-13 -5.393914e-13 -3.598798e-13 -2.260609e-13 -1.330643e-13 -7.305499e-14 -3.724852e-14 -1.757074e-14 -7.644512e-15 -3.060451e-15 -1.125728e-15 -3.801329e-16 -1.178123e-16 -3.351946e-17 -8.759833e-18 -2.104364e-18 -4.651067e-19 -9.466288e-20 -1.775675e-20 -3.071886e-21 -4.903543e-22 -7.223473e-23 -9.817216e-24 -1.229806e-24 -1.417375e-25 -1.497938e-26 -1.443341e-27 -1.255103e-28 -9.659919e-30 -6.305242e-31 -3.082502e-32 -4.681013e-34 1.287566e-34 2.175378e-35 2.365216e-36 2.107981e-37 1.645894e-38 1.157957e-39 7.448655e-41 4.418494e-42 2.430180e-43 1.243789e-44 5.942867e-46 2.229076e-47 2.356515e-49 3.934339e-52 1.229865e-55 9.476602e-60 2.244173e-64 1.926179e-69 0.000000e+00
0.000000e+00 4.905310e-68 5.440347e-63 2.187435e-58 2.703080e-54 8.231601e-51 4.691111e-48 4.220528e-46 1.071238e-44 2.134144e-43 3.960936e-42 6.818991e-41 1.083025e-39 1.573410e-38 2.060596e-37 2.365216e-36 2.226197e-35 1.348160e-34 -5.062969e-34 -3.401108e-32 -7.133689e-31 -1.121716e-29 -1.496923e-28 -1.769291e-27 -1.888581e-26 -1.839260e-25 -1.643701e-24 -1.352443e-23 -1.026458e-22 -7.192687e-22 -4.654703e-21 -2.781434e-20 -1.533919e-19 -7.801369e-19 -3.655775e-18 -1.576861e-17 -6.254153e-17 -2.278700e-16 -7.620796e-16 -2.338177e-15 -6.580559e-15 -1.699572e-14 -4.032646e-14 -8.807412e-14 -1.775522e-13 -3.315908e-13 -5.761951e-13 -9.361328e-13 -1.429288e-12 -2.061212e-12 -2.821336e-12 -3.681831e-12 -4.599360e-12 -5.519267e-12 -6.381300e-12 -7.125870e-12 -7.699956e-12 -8.062040e-12 -8.185747e-12 -8.062040e-12 -7.699956e-12 -7.125870e-12 -6.381300e-12 -5.519267e-12 -4.599360e-12 -3.681831e-12 -2.821336e-12 -2.061212e-12 -1.429288e-12 -9.361328e-13 -5.761951e-13 -3.315908e-13 -1.775522e-13 -8.807412e-14 -4.032646e-14 -1.699572e-14 -6.580559e-15 -2.338177e-15 -7.620796e-16 -2.278700e-16 -6.254153e-17 -1.576861e-17 -3.655775e-18 -7.801369e-19 -1.533919e-19 -2.781434e-20 -4.654703e-21 -7.192687e-22 -1.026458e-22 -1.352443e-23 -1.643701e-24 -1.839260e-25 -1.888581e-26 -1.769291e-27 -1.496923e-28 -1.121716e-29 -7.133689e-31 -3.401108e-32 -5.062969e-34 1.348160e-34 2.226197e-35 2.365216e-36 2.060596e-37 1.573410e-38 1.083025e-39 6.818991e-41 3.960936e-42 2.134144e-43 1.071238e-44 4.220528e-46 4.691111e-48 8.231601e-51 2.703080e-54 2.187435e-58 5.440347e-63 4.905310e-68 0.000000e+00
0.000000e+00 1.164656e-66 1.230169e-61 4.710870e-57 5.543158e-53 1.606521e-49 8.705918e-47 7.442269e-45 1.795770e-43 3.398357e-42 5.972246e-41 9.686888e-40 1.437815e-38 1.924695e-37 2.259147e-36 2.175378e-35 1.348160e-34 -5.196968e-34 -3.572444e-32 -7.681663e-31 -1.239115e-29 -1.697417e-28 -2.060747e-27 -2.260885e-26 -2.264604e-25 -2.082926e-24 -1.765114e-23 -1.380713e-22 -9.978592e-22 -6.664870e-21 -4.113295e-20 -2.344409e-19 -1.233047e-18 -5.978666e-18 -2.669493e-17 -1.096349e-16 -4.136807e-16 -1.432596e-15 -4.549456e-15 -1.324203e-14 -3.532666e-14 -8.643267e-14 -1.942253e-13 -4.018027e-13 -7.677985e-13 -1.360978e-12 -2.248961e-12 -3.483325e-12 -5.085214e-12 -7.035616e-12 -9.272875e-12 -1.169770e-11 -1.418390e-11 -1.659203e-11 -1.878316e-11 -2.063073e-11 -2.202932e-11 -2.290055e-11 -2.319635e-11 -2.290055e-11 -2.202932e-11 -2.063073e-11 -1.878316e-11 -1.659203e-11 -1.418390e-11 -1.169770e-11 -9.272875e-12 -7.035616e-12 -5.085214e-12 -3.483325e-12 -2.248961e-12 -1.360978e-12 -7.677985e-13 -4.018027e-13 -1.942253e-13 -8.643267e-14 -3.532666e-14 -1.324203e-14 -4.549456e-15 -1.432596e-15 -4.136807e-16 -1.096349e-16 -2.669493e-17 -5.978666e-18 -1.233047e-18 -2.344409e-19 -4.113295e-20 -6.664870e-21 -9.978592e-22 -1.380713e-22 -1.765114e-23 -2.082926e-24 -2.264604e-25 -2.260885e-26 -2.060747e-27 -1.697417e-28 -1.239115e-29 -7.681663e-31 -3.572444e-32 -5.196968e-34 1.348160e-34 2.175378e-35 2.259147e-36 1.924695e-37 1.437815e-38 9.686888e-40 5.972246e-41 3.398357e-42 1.795770e-43 7.442269e-45 8.705918e-47 1.606521e-49 5.543158e-53 4.710870e-57 1.230169e-61 1.164656e-66 0.000000e+00
0.000000e+00 2.578111e-65 2.594183e-60 9.462142e-56 1.059951e-51 2.922006e-48 1.504245e-45 1.219934e-43 2.792295e-42 5.003523e-41 8.284798e-40 1.255873e-38 1.717685e-37 2.060968e-36 2.029728e-35 1.287566e-34 -5.062969e-34 -3.572444e-32 -7.873440e-31 -1.302305e-29 -1.830269e-28 -2.281016e-27 -2.570534e-26 -2.646375e-25 -2.503386e-24 -2.183278e-23 -1.758789e-22 -1.309929e-21 -9.022603e-21 -5.746199e-20 -3.381839e-19 -1.837758e-18 -9.211594e-18 -4.253763e-17 -1.807351e-16 -7.056127e-16 -2.528059e-15 -8.302480e-15 -2.497143e-14 -6.875213e-14 -1.732926e-13 -4.002219e-13 -8.484622e-13 -1.655841e-12 -2.986567e-12 -5.002950e-12 -7.827547e-12 -1.150762e-11 -1.599368e-11 -2.113833e-11 -2.671452e-11 -3.244640e-11 -3.804393e-11 -4.323325e-11 -4.777795e-11 -5.148996e-11 -5.423135e-11 -5.591043e-11 -5.647564e-11 -5.591043e-11 -5.423135e-11 -5.148996e-11 -4.777795e-11 -4.323325e-11 -3.804393e-11 -3.244640e-11 -2.671452e-11 -2.113833e-11 -1.599368e-11 -1.150762e-11 -7.827547e-12 -5.002950e-12 -2.986567e-12 -1.655841e-12 -8.484622e-13 -4.002219e-13 -1.732926e-13 -6.875213e-14 -2.497143e-14 -8.302480e-15 -2.528059e-15 -7.056127e-16 -1.807351e-16 -4.253763e-17 -9.211594e-18 -1.837758e-18 -3.381839e-19 -5.746199e-20 -9.022603e-21 -1.309929e-21 -1.758789e-22 -2.183278e-23 -2.503386e-24 -2.646375e-25 -2.570534e-26 -2.281016e-27 -1.830269e-28 -1.302305e-29 -7.873440e-31 -3.572444e-32 -5.062969e-34 1.287566e-34 2.029728e-35 2.060968e-36 1.717685e-37 1.255873e-38 8.284798e-40 5.003523e-41 2.792295e-42 1.219934e-43 1.504245e-45 2.922006e-48 1.059951e-51 9.462142e-56 2.594183e-60 2.578111e-65 0.000000e+00
0.000000e+00 5.319900e-64 5.100001e-59 1.771471e-54 1.888221e-50 4.946650e-47 2.415460e-44 1.854119e-42 4.012420e-41 6.774325e-40 1.048363e-38 1.464496e-37 1.795603e-36 1.808181e-35 1.174370e-34 -4.681013e-34 -3.401108e-32 -7.681663e-31 -1.302305e-29 -1.876806e-28 -2.399753e-27 -2.776143e-26 -2.935680e-25 -2.854244e-24 -2.560074e-23 -2.122350e-22 -1.627771e-21 -1.155320e-20 -7.586727e-20 -4.606805e-19 -2.584413e-18 -1.338023e-17 -6.384824e-17 -2.804163e-16 -1.131820e-15 -4.191938e-15 -1.422617e-14 -4.418187e-14 -1.254488e-13 -3.254971e-13 -7.719261e-13 -1.675067e-12 -3.333273e-12 -6.103415e-12 -1.033097e-11 -1.625630e-11 -2.393120e-11 -3.317835e-11 -4.360805e-11 -5.468379e-11 -6.581322e-11 -7.643719e-11 -8.609620e-11 -9.446420e-11 -1.013503e-10 -1.066760e-10 -1.104388e-10 -1.126724e-10 -1.134120e-10 -1.126724e-10 -1.104388e-10 -1.066760e-10 -1.013503e-10 -9.446420e-11 -8.609620e-11 -7.643719e-11 -6.581322e-11 -5.468379e-11 -4.360805e-11 -3.317835e-11 -2.393120e-11 -1.625630e-11 -1.033097e-11 -6.103415e-12 -3.333273e-12 -1.675067e-12 -7.719261e-13 -3.254971e-13 -1.254488e-13 -4.418187e-14 -1.422617e-14 -4.191938e-15 -1.131820e-15 -2.804163e-16 -6.384824e-17 -1.338023e-17 -2.584413e-18 -4.606805e-19 -7.586727e-20 -1.155320e-20 -1.627771e-21 -2.122350e-22 -2.560074e-23 -2.854244e-24 -2.935680e-25 -2.776143e-26 -2.399753e-27 -1.876806e-28 -1.302305e-29 -7.681663e-31 -3.401108e-32 -4.681013e-34 1.174370e-34 1.808181e-35 1.795603e-36 1.464496e-37 1.048363e-38 6.774325e-40 4.012420e-41 1.854119e-42 2.415460e-44 4.946650e-47 1.888221e-50 1.771471e-54 5.100001e-59 5.319900e-64 0.000000e+00
0.000000e+00 1.022905e-62 9.341278e-58 3.088485e-53 3.129746e-49 7.780501e-46 3.595551e-43 2.603237e-41 5.299148e-40 8.362267e-39 1.192683e-37 1.493828e-36 1.537784e-35 1.022835e-34 -4.106377e-34 -3.082502e-32 -7.133689e-31 -1.239115e-29 -1.830269e-28 -2.399753e-27 -2.848240e-26 -3.091880e-25 -3.087728e-24 -2.846406e-23 -2.426754e-22 -1.915307e-21 -1.399768e-20 -9.470801e-20 -5.928881e-19 -3.431024e-18 -1.833327e-17 -9.032995e-17 -4.097657e-16 -1.708574e-15 -6.536958e-15 -2.290907e-14 -7.341931e-14 -2.148587e-13 -5.735361e-13 -1.395732e-12 -3.097361e-12 -6.276252e-12 -1.164256e-11 -1.984985e-11 -3.126961e-11 -4.580365e-11 -6.282422e-11 -8.127101e-11 -9.986489e-11 -1.173607e-10 -1.327623e-10 -1.454516e-10 -1.552195e-10 -1.622151e-10 -1.668432e-10 -1.696412e-10 -1.711600e-10 -1.718649e-10 -1.720641e-10 -1.718649e-10 -1.711600e-10 -1.696412e-10 -1.668432e-10 -1.622151e-10 -1.552195e-10 -1.454516e-10 -1.327623e-10 -1.173607e-10 -9.986489e-11 -8.127101e-11 -6.282422e-11 -4.580365e-11 -3.126961e-11 -1.984985e-11 -1.164256e-11 -6.276252e-12 -3.097361e-12 -1.395732e-12 -5.735361e-13 -2.148587e-13 -7.341931e-14 -2.290907e-14 -6.536958e-15 -1.708574e-15 -4.097657e-16 -9.032995e-17 -1.833327e-17 -3.431024e-18 -5.928881e-19 -9.470801e-20 -1.399768e-20 -1.915307e-21 -2.426754e-22 -2.846406e-23 -3.087728e-24 -3.091880e-25 -2.848240e-26 -2.399753e-27 -1.830269e-28 -1.239115e-29 -7.133689e-31 -3.082502e-32 -4.106377e-34 1.022835e-34 1.537784e-35 1.493828e-36 1.192683e-37 8.362267e-39 5.299148e-40 2.603237e-41 3.595551e-43 7.780501e-46 3.129746e-49 3.088485e-53 9.341278e-58 1.022905e-62 0.000000e+00
0.000000e+00 1.831588e-61 1.592650e-56 5.008205e-52 4.818398e-48 1.134251e-44 4.943915e-42 3.358288e-40 6.377498e-39 9.276095e-38 1.186478e-36 1.248316e-35 8.505666e-35 -3.416647e-34 -2.659250e-32 -6.305242e-31 -1.121716e-29 -1.697417e-28 -2.281016e-27 -2.776143e-26 -3.091880e-25 -3.169690e-24 -3.001260e-23 -2.629780e-22 -2.134425e-21 -1.605133e-20 -1.118191e-19 -7.211608e-19 -4.301867e-18 -2.370670e-17 -1.205187e-16 -5.642851e-16 -2.428974e-15 -9.593748e-15 -3.469927e-14 -1.146932e-13 -3.457756e-13 -9.491550e-13 -2.369108e-12 -5.373147e-12 -1.107525e-11 -2.077610e-11 -3.557056e-11 -5.582527e-11 -8.077699e-11 -1.084929e-10 -1.362445e-10 -1.611370e-10 -1.807489e-10 -1.935841e-10 -1.992450e-10 -1.983473e-10 -1.922648e-10 -1.828048e-10 -1.718986e-10 -1.613545e-10 -1.526899e-10 -1.470317e-10 -1.450687e-10 -1.470317e-10 -1.526899e-10 -1.613545e-10 -1.718986e-10 -1.828048e-10 -1.922648e-10 -1.983473e-10 -1.992450e-10 -1.935841e-10 -1.807489e-10 -1.611370e-10 -1.362445e-10 -1.084929e-10 -8.077699e-11 -5.582527e-11 -3.557056e-11 -2.077610e-11 -1.107525e-11 -5.373147e-12 -2.369108e-12 -9.491550e-13 -3.457756e-13 -1.146932e-13 -3.469927e-14 -9.593748e-15 -2.428974e-15 -5.642851e-16 -1.205187e-16 -2.370670e-17 -4.301867e-18 -7.211608e-19 -1.118191e-19 -1.605133e-20 -2.134425e-21 -2.629780e-22 -3.001260e-23 -3.169690e-24 -3.091880e-25 -2.776143e-26 -2.281016e-27 -1.697417e-28 -1.121716e-29 -6.305242e-31 -2.659250e-32 -3.416647e-34 8.505666e-35 1.248316e-35 1.186478e-36 9.276095e-38 6.377498e-39 3.358288e-40 4.943915e-42 1.134251e-44 4.818398e-48 5.008205e-52 1.592650e-56 1.831588e-61 0.000000e+00
0.000000e+00 3.051344e-60 2.524503e-55 7.540595e-51 6.873877e-47 1.527311e-43 6.246844e-41 3.947383e-39 6.894084e-38 8.994662e-37 9.670205e-36 6.751929e-35 -2.694802e-34 -2.183260e-32 -5.303369e-31 -9.659919e-30 -1.496923e-28 -2.060747e-27 -2.570534e-26 -2.935680e-25 -3.087728e-24 -3.001260e-23 -2.701130e-22 -2.253128e-21 -1.742412e-20 -1.248951e-19 -8.292805e-19 -5.095733e-18 -2.894173e-17 -1.517076e-16 -7.326691e-16 -3.253768e-15 -1.325939e-14 -4.946861e-14 -1.685653e-13 -5.233362e-13 -1.476832e-12 -3.779778e-12 -8.757920e-12 -1.834979e-11 -3.475899e-11 -5.958959e-11 -9.269376e-11 -1.313590e-10 -1.704625e-10 -2.036727e-10 -2.251438e-10 -2.309677e-10 -2.199192e-10 -1.933999e-10 -1.547918e-10 -1.085565e-10 -5.937454e-11 -1.150505e-11 3.157203e-11 6.726616e-11 9.381190e-11 1.101197e-10 1.156148e-10 1.101197e-10 9.381190e-11 6.726616e-11 3.157203e-11 -1.150505e-11 -5.937454e-11 -1.085565e-10 -1.547918e-10 -1.933999e-10 -2.199192e-10 -2.309677e-10 -2.251438e-10 -2.036727e-10 -1.704625e-10 -1.313590e-10 -9.269376e-11 -5.958959e-11 -3.475899e-11 -1.834979e-11 -8.757920e-12 -3.779778e-12 -1.476832e-12 -5.233362e-13 -1.685653e-13 -4.946861e-14 -1.325939e-14 -3.253768e-15 -7.326691e-16 -1.517076e-16 -2.894173e-17 -5.095733e-18 -8.292805e-19 -1.248951e-19 -1.742412e-20 -2.253128e-21 -2.701130e-22 -3.001260e-23 -3.087728e-24 -2.935680e-25 -2.570534e-26 -2.060747e-27 -1.496923e-28 -9.659919e-30 -5.303369e-31 -2.183260e-32 -2.694802e-34 6.751929e-35 9.670205e-36 8.994662e-37 6.894084e-38 3.947383e-39 6.246844e-41 1.527311e-43 6.873877e-47 7.540595e-51 2.524503e-55 3.051344e-60 0.000000e+00
0.000000e+00 4.723809e-59 3.714033e-54 1.051743e-49 9.056658e-46 1.890190e-42 7.195599e-40 4.168473e-38 6.512532e-37 7.146838e-36 5.115135e-35 -2.013342e-34 -1.705417e-32 -4.243956e-31 -7.912299e-30 -1.255103e-28 -1.769291e-27 -2.260885e-26 -2.646375e-25 -2.854244e-24 -2.846406e-23 -2.629780e-22 -2.253128e-21 -1.790710e-20 -1.319906e-19 -9.017128e-19 -5.704012e-18 -3.336787e-17 -1.802361e-16 -8.972993e-16 -4.108883e-15 -1.726657e-14 -6.641876e-14 -2.332343e-13 -7.455006e-13 -2.162416e-12 -5.674498e-12 -1.343102e-11 -2.859514e-11 -5.463833e-11 -9.355484e-11 -1.434615e-10 -1.970518e-10 -2.424703e-10 -2.667265e-10 -2.599178e-10 -2.181295e-10 -1.440385e-10 -4.550478e-11 6.692558e-11 1.825502e-10 2.923699e-10 3.900442e-10 4.720105e-10 5.370423e-10 5.855239e-10 6.186743e-10 6.378713e-10 6.441444e-10 6.378713e-10 6.186743e-10 5.855239e-10 5.370423e-10 4.720105e-10 3.900442e-10 2.923699e-10 1.825502e-10 6.692558e-11 -4.550478e-11 -1.440385e-10 -2.181295e-10 -2.599178e-10 -2.667265e-10 -2.424703e-10 -1.970518e-10 -1.434615e-10 -9.355484e-11 -5.463833e-11 -2.859514e-11 -1.343102e-11 -5.674498e-12 -2.162416e-12 -7.455006e-13 -2.332343e-13 -6.641876e-14 -1.726657e-14 -4.108883e-15 -8.972993e-16 -1.802361e-16 -3.336787e-17 -5.704012e-18 -9.017128e-19 -1.319906e-19 -1.790710e-20 -2.253128e-21 -2.629780e-22 -2.846406e-23 -2.854244e-24 -2.646375e-25 -2.260885e-26 -1.769291e-27 -1.255103e-28 -7.912299e-30 -4.243956e-31 -1.705417e-32 -2.013342e-34 5.115135e-35 7.146838e-36 6.512532e-37 4.168473e-38 7.195599e-40 1.890190e-42 9.056658e-46 1.051743e-49 3.714033e-54 4.723809e-59 0.000000e+00
0.000000e+00 6.784420e-58 5.059936e-53 1.354566e-48 1.096818e-44 2.133832e-41 7.456581e-39 3.850955e-37 5.042560e-36 3.697181e-35 -1.423471e-34 -1.267048e-32 -3.230260e-31 -6.162579e-30 -1.000305e-28 -1.443341e-27 -1.888581e-26 -2.264604e-25 -2.503386e-24 -2.560074e-23 -2.426754e-22 -2.134425e-21 -1.742412e-20 -1.319906e-19 -9.272242e-19 -6.034614e-18 -3.633914e-17 -2.021481e-16 -1.036862e-15 -4.893177e-15 -2.119426e-14 -8.402583e-14 -3.039851e-13 -1.000183e-12 -2.981955e-12 -8.023984e-12 -1.940416e-11 -4.198084e-11 -8.087071e-11 -1.380124e-10 -2.074707e-10 -2.726716e-10 -3.092755e-10 -2.939333e-10 -2.140814e-10 -7.283453e-11 1.128377e-10 3.182926e-10 5.184550e-10 6.934804e-10 8.315272e-10 9.289135e-10 9.885287e-10 1.017482e-09 1.024814e-09 1.019640e-09 1.009892e-09 1.001573e-09 9.983842e-10 1.001573e-09 1.009892e-09 1.019640e-09 1.024814e-09 1.017482e-09 9.885287e-10 9.289135e-10 8.315272e-10 6.934804e-10 5.184550e-10 3.182926e-10 1.128377e-10 -7.283453e-11 -2.140814e-10 -2.939333e-10 -3.092755e-10 -2.726716e-10 -2.074707e-10 -1.380124e-10 -8.087071e-11 -4.198084e-11 -1.940416e-11 -8.023984e-12 -2.981955e-12 -1.000183e-12 -3.039851e-13 -8.402583e-14 -2.119426e-14 -4.893177e-15 -1.036862e-15 -2.021481e-16 -3.633914e-17 -6.034614e-18 -9.272242e-19 -1.319906e-19 -1.742412e-20 -2.134425e-21 -2.426754e-22 -2.560074e-23 -2.503386e-24 -2.264604e-25 -1.888581e-26 -1.443341e-27 -1.000305e-28 -6.162579e-30 -3.230260e-31 -1.267048e-32 -1.423471e-34 3.697181e-35 5.042560e-36 3.850955e-37 7.456581e-39 2.133832e-41 1.096818e-44 1.354566e-48 5.059936e-53 6.784420e-58 0.000000e+00
