0.000000e+00 0.000000e+00 0.000000e+00 0.000000e+00 0.000000e+00 0.000000e+00 0.000000e+00 0.000000e+00 0.000000e+00 0.000000e+00 0.000000e+00 0.000000e+00 0.000000e+00 0.000000e+00 0.000000e+00 0.000000e+00 5.015711e-101 3.644658e-98 1.284043e-95 2.922797e-93 4.832995e-91 6.188721e-89 6.388633e-87 5.464906e-85 3.951586e-83 2.451778e-81 1.320521e-79 6.230645e-78 2.594244e-76 9.587826e-75 3.160077e-73 9.323118e-72 2.469281e-70 5.883991e-69 1.263368e-67 2.446524e-66 4.274566e-65 6.737267e-64 9.572317e-63 1.224464e-61 1.407574e-60 1.450491e-59 1.335603e-58 1.094373e-57 7.937484e-57 5.061005e-56 2.810602e-55 1.341666e-54 5.393772e-54 1.760776e-53 4.296298e-53 5.699462e-53 -9.458536e-53 -8.876450e-52 -3.236780e-51 -8.080522e-51 -1.516729e-50 -2.200648e-50 -2.489732e-50 -2.200648e-50 -1.516729e-50 -8.080522e-51 -3.236780e-51 -8.876450e-52 -9.458536e-53 5.699462e-53 4.296298e-53 1.760776e-53 5.393772e-54 1.341666e-54 2.810602e-55 5.061005e-56 7.937484e-57 1.094373e-57 1.335603e-58 1.450491e-59 1.407574e-60 1.224464e-61 9.572317e-63 6.737267e-64 4.274566e-65 2.446524e-66 1.263368e-67 5.883991e-69 2.469281e-70 9.323118e-72 3.160077e-73 9.587826e-75 2.594244e-76 6.230645e-78 1.320521e-79 2.451778e-81 3.951586e-83 5.464906e-85 6.388633e-87 6.188721e-89 4.832995e-91 2.922797e-93 1.284043e-95 3.644658e-98 5.015711e-101 0.000000e+00 0.000000e+00 0.000000e+00 0.000000e+00 0.000000e+00 0.000000e+00 0.000000e+00 0.000000e+00 0.000000e+00 0.000000e+00 0.000000e+00 0.000000e+00 0.000000e+00 0.000000e+00 0.000000e+00 0.000000e+00
0.000000e+00 0.000000e+00 0.000000e+00 0.000000e+00 0.000000e+00 0.000000e+00 0.000000e+00 0.000000e+00 0.000000e+00 0.000000e+00 0.000000e+00 0.000000e+00 0.000000e+00 0.000000e+00 0.000000e+00 3.761812e-97 2.793658e-94 1.006428e-91 2.343877e-89 3.967755e-87 5.204690e-85 5.507506e-83 4.832663e-81 3.587178e-79 2.286544e-77 1.266253e-75 6.148448e-74 2.636971e-72 1.004862e-70 3.418478e-69 1.042155e-67 2.855597e-66 7.048689e-65 1.569891e-63 3.158117e-62 5.741058e-61 9.430563e-60 1.398986e-58 1.872120e-57 2.256133e-56 2.442853e-55 2.369195e-54 2.049974e-53 1.574317e-52 1.065730e-51 6.299335e-51 3.206126e-50 1.373638e-49 4.744735e-49 1.183999e-48 1.198382e-48 -6.821164e-48 -4.973515e-47 -1.939743e-46 -5.488320e-46 -1.205565e-45 -2.101764e-45 -2.929805e-45 -3.272421e-45 -2.929805e-45 -2.101764e-45 -1.205565e-45 -5.488320e-46 -1.939743e-46 -4.973515e-47 -6.821164e-48 1.198382e-48 1.183999e-48 4.744735e-49 1.373638e-49 3.206126e-50 6.299335e-51 1.065730e-51 1.574317e-52 2.049974e-53 2.369195e-54 2.442853e-55 2.256133e-56 1.872120e-57 1.398986e-58 9.430563e-60 5.741058e-61 3.158117e-62 1.569891e-63 7.048689e-65 2.855597e-66 1.042155e-67 3.418478e-69 1.004862e-70 2.636971e-72 6.148448e-74 1.266253e-75 2.286544e-77 3.587178e-79 4.832663e-81 5.507506e-83 5.204690e-85 3.967755e-87 2.343877e-89 1.006428e-91 2.793658e-94 3.761812e-97 0.000000e+00 0.000000e+00 0.000000e+00 0.000000e+00 0.000000e+00 0.000000e+00 0.000000e+00 0.000000e+00 0.000000e+00 0.000000e+00 0.000000e+00 0.000000e+00 0.000000e+00 0.000000e+00 0.000000e+00
0.000000e+00 0.000000e+00 0.000000e+00 0.000000e+00 0.000000e+00 0.000000e+00 0.000000e+00 0.000000e+00 0.000000e+00 0.000000e+00 0.000000e+00 0.000000e+00 0.000000e+00 0.000000e+00 1.127650e-93 8.553389e-91 3.148898e-88 7.498172e-86 1.298542e-83 1.743633e-81 1.889889e-79 1.699715e-77 1.294057e-75 8.466634e-74 4.816377e-72 2.404321e-70 1.061056e-68 4.164351e-67 1.460524e-65 4.595119e-64 1.300866e-62 3.321460e-61 7.661668e-60 1.598454e-58 3.017920e-57 5.156638e-56 7.970267e-55 1.113248e-53 1.402959e-52 1.591762e-51 1.621127e-50 1.476326e-49 1.196067e-48 8.561201e-48 5.361424e-47 2.894439e-46 1.313713e-45 4.764406e-45 1.195561e-44 6.089325e-45 -1.359835e-43 -9.300627e-43 -3.909608e-42 -1.237993e-41 -3.114919e-41 -6.344923e-41 -1.053211e-40 -1.427302e-40 -1.579513e-40 -1.427302e-40 -1.053211e-40 -6.344923e-41 -3.114919e-41 -1.237993e-41 -3.909608e-42 -9.300627e-43 -1.359835e-43 6.089325e-45 1.195561e-44 4.764406e-45 1.313713e-45 2.894439e-46 5.361424e-47 8.561201e-48 1.196067e-48 1.476326e-49 1.621127e-50 1.591762e-51 1.402959e-52 1.113248e-53 7.970267e-55 5.156638e-56 3.017920e-57 1.598454e-58 7.661668e-60 3.321460e-61 1.300866e-62 4.595119e-64 1.460524e-65 4.164351e-67 1.061056e-68 2.404321e-70 4.816377e-72 8.466634e-74 1.294057e-75 1.699715e-77 1.889889e-79 1.743633e-81 1.298542e-83 7.498172e-86 3.148898e-88 8.553389e-91 1.127650e-93 0.000000e+00 0.000000e+00 0.000000e+00 0.000000e+00 0.000000e+00 0.000000e+00 0.000000e+00 0.000000e+00 0.000000e+00 0.000000e+00 0.000000e+00 0.000000e+00 0.000000e+00 0.000000e+00
0.000000e+00 0.000000e+00 0.000000e+00 0.000000e+00 0.000000e+00 0.000000e+00 0.000000e+00 0.000000e+00 0.000000e+00 0.000000e+00 0.000000e+00 0.000000e+00 0.000000e+00 1.171692e-90 9.072174e-88 3.410966e-85 8.299315e-83 1.469413e-80 2.018316e-78 2.239105e-76 2.062479e-74 1.609267e-72 1.079813e-70 6.304343e-69 3.232436e-67 1.466392e-65 5.921208e-64 2.138563e-62 6.935594e-61 2.026013e-59 5.343655e-58 1.274793e-56 2.753995e-55 5.391286e-54 9.565024e-53 1.537379e-51 2.236587e-50 2.940807e-49 3.487514e-48 3.719644e-47 3.554494e-46 3.027870e-45 2.283180e-44 1.508676e-43 8.599138e-43 4.112023e-42 1.554109e-41 3.843287e-41 -1.043584e-41 -7.738729e-40 -5.260094e-39 -2.381116e-38 -8.343363e-38 -2.365061e-37 -5.513162e-37 -1.063332e-36 -1.699952e-36 -2.253053e-36 -2.474954e-36 -2.253053e-36 -1.699952e-36 -1.063332e-36 -5.513162e-37 -2.365061e-37 -8.343363e-38 -2.381116e-38 -5.260094e-39 -7.738729e-40 -1.043584e-41 3.843287e-41 1.554109e-41 4.112023e-42 8.599138e-43 1.508676e-43 2.283180e-44 3.027870e-45 3.554494e-46 3.719644e-47 3.487514e-48 2.940807e-49 2.236587e-50 1.537379e-51 9.565024e-53 5.391286e-54 2.753995e-55 1.274793e-56 5.343655e-58 2.026013e-59 6.935594e-61 2.138563e-62 5.921208e-64 1.466392e-65 3.232436e-67 6.304343e-69 1.079813e-70 1.609267e-72 2.062479e-74 2.239105e-76 2.018316e-78 1.469413e-80 8.299315e-83 3.410966e-85 9.072174e-88 1.171692e-90 0.000000e+00 0.000000e+00 0.000000e+00 0.000000e+00 0.000000e+00 0.000000e+00 0.000000e+00 0.000000e+00 0.000000e+00 0.000000e+00 0.000000e+00 0.000000e+00 0.000000e+00
0.000000e+00 0.000000e+00 0.000000e+00 0.000000e+00 0.000000e+00 0.000000e+00 0.000000e+00 0.000000e+00 0.000000e+00 0.000000e+00 0.000000e+00 0.000000e+00 3.489103e-88 2.756138e-85 1.057689e-82 2.627999e-80 4.753906e-78 6.675011e-76 7.574217e-74 7.140196e-72 5.705275e-70 3.922924e-68 2.348629e-66 1.235762e-64 5.757315e-63 2.389456e-61 8.877761e-60 2.964512e-58 8.925216e-57 2.428653e-55 5.983944e-54 1.336690e-52 2.709001e-51 4.982122e-50 8.312237e-49 1.257087e-47 1.720916e-46 2.128286e-45 2.371240e-44 2.371219e-43 2.117417e-42 1.676415e-41 1.164465e-40 6.977755e-40 3.497584e-39 1.367327e-38 3.246793e-38 -4.839598e-38 -1.103586e-36 -7.630263e-36 -3.706419e-35 -1.423071e-34 -4.484368e-34 -1.176977e-33 -2.587899e-33 -4.776082e-33 -7.400620e-33 -9.626005e-33 -1.050790e-32 -9.626005e-33 -7.400620e-33 -4.776082e-33 -2.587899e-33 -1.176977e-33 -4.484368e-34 -1.423071e-34 -3.706419e-35 -7.630263e-36 -1.103586e-36 -4.839598e-38 3.246793e-38 1.367327e-38 3.497584e-39 6.977755e-40 1.164465e-40 1.676415e-41 2.117417e-42 2.371219e-43 2.371240e-44 2.128286e-45 1.720916e-46 1.257087e-47 8.312237e-49 4.982122e-50 2.709001e-51 1.336690e-52 5.983944e-54 2.428653e-55 8.925216e-57 2.964512e-58 8.877761e-60 2.389456e-61 5.757315e-63 1.235762e-64 2.348629e-66 3.922924e-68 5.705275e-70 7.140196e-72 7.574217e-74 6.675011e-76 4.753906e-78 2.627999e-80 1.057689e-82 2.756138e-85 3.489103e-88 0.000000e+00 0.000000e+00 0.000000e+00 0.000000e+00 0.000000e+00 0.000000e+00 0.000000e+00 0.000000e+00 0.000000e+00 0.000000e+00 0.000000e+00 0.000000e+00
0.000000e+00 0.000000e+00 0.000000e+00 0.000000e+00 0.000000e+00 0.000000e+00 0.000000e+00 0.000000e+00 0.000000e+00 0.000000e+00 0.000000e+00 2.316841e-86 1.866134e-83 7.305527e-81 1.852556e-78 3.421842e-76 4.908460e-74 5.693074e-72 5.488815e-70 4.488079e-68 3.159939e-66 1.938439e-64 1.045780e-62 4.999293e-61 2.130606e-59 8.135309e-58 2.794221e-56 8.660723e-55 2.428523e-53 6.172235e-52 1.423724e-50 2.982863e-49 5.677860e-48 9.817053e-47 1.540632e-45 2.191651e-44 2.820695e-43 3.275478e-42 3.419102e-41 3.191815e-40 2.645306e-39 1.925077e-38 1.208078e-37 6.317557e-37 2.535563e-36 5.577870e-36 -1.927094e-35 -3.161486e-34 -2.247225e-33 -1.166434e-32 -4.866258e-32 -1.686116e-31 -4.917621e-31 -1.213992e-30 -2.541891e-30 -4.516441e-30 -6.809672e-30 -8.712040e-30 -9.457614e-30 -8.712040e-30 -6.809672e-30 -4.516441e-30 -2.541891e-30 -1.213992e-30 -4.917621e-31 -1.686116e-31 -4.866258e-32 -1.166434e-32 -2.247225e-33 -3.161486e-34 -1.927094e-35 5.577870e-36 2.535563e-36 6.317557e-37 1.208078e-37 1.925077e-38 2.645306e-39 3.191815e-40 3.419102e-41 3.275478e-42 2.820695e-43 2.191651e-44 1.540632e-45 9.817053e-47 5.677860e-48 2.982863e-49 1.423724e-50 6.172235e-52 2.428523e-53 8.660723e-55 2.794221e-56 8.135309e-58 2.130606e-59 4.999293e-61 1.045780e-62 1.938439e-64 3.159939e-66 4.488079e-68 5.488815e-70 5.693074e-72 4.908460e-74 3.421842e-76 1.852556e-78 7.305527e-81 1.866134e-83 2.316841e-86 0.000000e+00 0.000000e+00 0.000000e+00 0.000000e+00 0.000000e+00 0.000000e+00 0.000000e+00 0.000000e+00 0.000000e+00 0.000000e+00 0.000000e+00
0.000000e+00 0.000000e+00 0.000000e+00 0.000000e+00 0.000000e+00 0.000000e+00 0.000000e+00 0.000000e+00 0.000000e+00 0.000000e+00 2.620048e-85 2.150986e-82 8.586410e-80 2.221206e-77 4.187319e-75 6.133252e-73 7.267460e-71 7.162037e-69 5.989413e-67 4.315432e-65 2.710744e-63 1.498481e-61 7.345001e-60 3.211981e-58 1.259392e-56 4.445425e-55 1.417228e-53 4.091173e-52 1.071461e-50 2.549288e-49 5.514923e-48 1.085133e-46 1.941674e-45 3.157340e-44 4.659908e-43 6.230512e-42 7.526590e-41 8.184406e-40 7.969522e-39 6.897140e-38 5.244353e-37 3.436134e-36 1.867733e-35 7.647826e-35 1.486940e-34 -9.993738e-34 -1.416730e-32 -1.041876e-31 -5.758427e-31 -2.592895e-30 -9.792631e-30 -3.140590e-29 -8.599094e-29 -2.014452e-28 -4.040448e-28 -6.939996e-28 -1.020991e-27 -1.286877e-27 -1.390033e-27 -1.286877e-27 -1.020991e-27 -6.939996e-28 -4.040448e-28 -2.014452e-28 -8.599094e-29 -3.140590e-29 -9.792631e-30 -2.592895e-30 -5.758427e-31 -1.041876e-31 -1.416730e-32 -9.993738e-34 1.486940e-34 7.647826e-35 1.867733e-35 3.436134e-36 5.244353e-37 6.897140e-38 7.969522e-39 8.184406e-40 7.526590e-41 6.230512e-42 4.659908e-43 3.157340e-44 1.941674e-45 1.085133e-46 5.514923e-48 2.549288e-49 1.071461e-50 4.091173e-52 1.417228e-53 4.445425e-55 1.259392e-56 3.211981e-58 7.345001e-60 1.498481e-61 2.710744e-63 4.315432e-65 5.989413e-67 7.162037e-69 7.267460e-71 6.133252e-73 4.187319e-75 2.221206e-77 8.586410e-80 2.150986e-82 2.620048e-85 0.000000e+00 0.000000e+00 0.000000e+00 0.000000e+00 0.000000e+00 0.000000e+00 0.000000e+00 0.000000e+00 0.000000e+00 0.000000e+00
0.000000e+00 0.000000e+00 0.000000e+00 0.000000e+00 0.000000e+00 0.000000e+00 0.000000e+00 0.000000e+00 0.000000e+00 5.483462e-85 4.589211e-82 1.868303e-79 4.931144e-77 9.488877e-75 1.419368e-72 1.718412e-70 1.731200e-68 1.480803e-66 1.091912e-64 7.023641e-63 3.978403e-61 1.999498e-59 8.971718e-58 3.612064e-56 1.310190e-54 4.295758e-53 1.276435e-51 3.444052e-50 8.450211e-49 1.887033e-47 3.836845e-46 7.102374e-45 1.196176e-43 1.830770e-42 2.541691e-41 3.192409e-40 3.614232e-39 3.668958e-38 3.314144e-37 2.632223e-36 1.800975e-35 1.018787e-34 4.272432e-34 7.259200e-34 -8.154087e-33 -1.103432e-31 -8.484031e-31 -4.996307e-30 -2.421153e-29 -9.917167e-29 -3.474093e-28 -1.046358e-27 -2.715704e-27 -6.078876e-27 -1.173989e-26 -1.956881e-26 -2.816810e-26 -3.503644e-26 -3.767717e-26 -3.503644e-26 -2.816810e-26 -1.956881e-26 -1.173989e-26 -6.078876e-27 -2.715704e-27 -1.046358e-27 -3.474093e-28 -9.917167e-29 -2.421153e-29 -4.996307e-30 -8.484031e-31 -1.103432e-31 -8.154087e-33 7.259200e-34 4.272432e-34 1.018787e-34 1.800975e-35 2.632223e-36 3.314144e-37 3.668958e-38 3.614232e-39 3.192409e-40 2.541691e-41 1.830770e-42 1.196176e-43 7.102374e-45 3.836845e-46 1.887033e-47 8.450211e-49 3.444052e-50 1.276435e-51 4.295758e-53 1.310190e-54 3.612064e-56 8.971718e-58 1.999498e-59 3.978403e-61 7.023641e-63 1.091912e-64 1.480803e-66 1.731200e-68 1.718412e-70 1.419368e-72 9.488877e-75 4.931144e-77 1.868303e-79 4.589211e-82 5.483462e-85 0.000000e+00 0.000000e+00 0.000000e+00 0.000000e+00 0.000000e+00 0.000000e+00 0.000000e+00 0.000000e+00 0.000000e+00
0.000000e+00 0.000000e+00 0.000000e+00 0.000000e+00 0.000000e+00 0.000000e+00 0.000000e+00 0.000000e+00 5.728317e-85 4.890843e-82 2.032106e-79 5.476307e-77 1.076443e-74 1.645552e-72 2.037028e-70 2.099386e-68 1.838020e-66 1.388007e-64 9.148988e-63 5.313658e-61 2.740063e-59 1.262308e-57 5.221626e-56 1.947476e-54 6.570670e-53 2.010778e-51 5.592616e-50 1.415790e-48 3.265327e-47 6.864241e-46 1.315151e-44 2.295262e-43 3.644836e-42 5.257111e-41 6.869537e-40 8.102926e-39 8.582971e-38 8.101899e-37 6.733791e-36 4.825938e-35 2.858151e-34 1.246339e-33 2.002677e-33 -2.981746e-32 -4.123421e-31 -3.356620e-30 -2.113576e-29 -1.102206e-28 -4.886198e-28 -1.862907e-27 -6.141280e-27 -1.754744e-26 -4.349956e-26 -9.359956e-26 -1.748955e-25 -2.839856e-25 -4.010726e-25 -4.931394e-25 -5.282589e-25 -4.931394e-25 -4.010726e-25 -2.839856e-25 -1.748955e-25 -9.359956e-26 -4.349956e-26 -1.754744e-26 -6.141280e-27 -1.862907e-27 -4.886198e-28 -1.102206e-28 -2.113576e-29 -3.356620e-30 -4.123421e-31 -2.981746e-32 2.002677e-33 1.246339e-33 2.858151e-34 4.825938e-35 6.733791e-36 8.101899e-37 8.582971e-38 8.102926e-39 6.869537e-40 5.257111e-41 3.644836e-42 2.295262e-43 1.315151e-44 6.864241e-46 3.265327e-47 1.415790e-48 5.592616e-50 2.010778e-51 6.570670e-53 1.947476e-54 5.221626e-56 1.262308e-57 2.740063e-59 5.313658e-61 9.148988e-63 1.388007e-64 1.838020e-66 2.099386e-68 2.037028e-70 1.645552e-72 1.076443e-74 5.476307e-77 2.032106e-79 4.890843e-82 5.728317e-85 0.000000e+00 0.000000e+00 0.000000e+00 0.000000e+00 0.000000e+00 0.000000e+00 0.000000e+00 0.000000e+00
0.000000e+00 0.000000e+00 0.000000e+00 0.000000e+00 0.000000e+00 0.000000e+00 0.000000e+00 4.594953e-85 4.890976e-82 2.073578e-79 5.704484e-77 1.145151e-74 1.788635e-72 2.263344e-70 2.385627e-68 2.137175e-66 1.652321e-64 1.115661e-62 6.641477e-61 3.512461e-59 1.660647e-57 7.054631e-56 2.704008e-54 9.382970e-53 2.955526e-51 8.468171e-50 2.210357e-48 5.261214e-47 1.142558e-45 2.263829e-44 4.090404e-43 6.732702e-42 1.007808e-40 1.368513e-39 1.679787e-38 1.854230e-37 1.826658e-36 1.586634e-35 1.189647e-34 7.371352e-34 3.346515e-33 5.154080e-33 -9.663855e-32 -1.380434e-30 -1.189003e-29 -7.982013e-29 -4.461445e-28 -2.130087e-27 -8.788395e-27 -3.150580e-26 -9.838575e-26 -2.679203e-25 -6.365566e-25 -1.320198e-24 -2.391867e-24 -3.789680e-24 -5.257709e-24 -6.395213e-24 -6.825924e-24 -6.395213e-24 -5.257709e-24 -3.789680e-24 -2.391867e-24 -1.320198e-24 -6.365566e-25 -2.679203e-25 -9.838575e-26 -3.150580e-26 -8.788395e-27 -2.130087e-27 -4.461445e-28 -7.982013e-29 -1.189003e-29 -1.380434e-30 -9.663855e-32 5.154080e-33 3.346515e-33 7.371352e-34 1.189647e-34 1.586634e-35 1.826658e-36 1.854230e-37 1.679787e-38 1.368513e-39 1.007808e-40 6.732702e-42 4.090404e-43 2.263829e-44 1.142558e-45 5.261214e-47 2.210357e-48 8.468171e-50 2.955526e-51 9.382970e-53 2.704008e-54 7.054631e-56 1.660647e-57 3.512461e-59 6.641477e-61 1.115661e-62 1.652321e-64 2.137175e-66 2.385627e-68 2.263344e-70 1.788635e-72 1.145151e-74 5.704484e-77 2.073578e-79 4.890976e-82 4.594953e-85 0.000000e+00 0.000000e+00 0.000000e+00 0.000000e+00 0.000000e+00 0.000000e+00 0.000000e+00
0.000000e+00 0.000000e+00 0.000000e+00 0.000000e+00 0.000000e+00 0.000000e+00 1.028705e-85 3.847736e-82 2.032216e-79 5.704484e-77 1.169007e-74 1.864743e-72 2.410939e-70 2.597652e-68 2.379987e-66 1.882815e-64 1.301539e-62 7.936788e-61 4.302313e-59 2.086151e-57 9.094972e-56 3.580047e-54 1.276688e-52 4.135898e-51 1.219718e-49 3.279667e-48 8.048859e-47 1.803900e-45 3.692259e-44 6.898932e-43 1.175576e-41 1.823857e-40 2.570077e-39 3.277886e-38 3.764648e-37 3.863893e-36 3.501152e-35 2.741323e-34 1.773843e-33 8.371946e-33 1.230975e-32 -2.869457e-31 -4.241358e-30 -3.855490e-29 -2.749513e-28 -1.640162e-27 -8.393059e-27 -3.727116e-26 -1.444296e-25 -4.896709e-25 -1.454180e-24 -3.784745e-24 -8.637103e-24 -1.729565e-23 -3.042607e-23 -4.709278e-23 -6.423668e-23 -7.733574e-23 -8.226079e-23 -7.733574e-23 -6.423668e-23 -4.709278e-23 -3.042607e-23 -1.729565e-23 -8.637103e-24 -3.784745e-24 -1.454180e-24 -4.896709e-25 -1.444296e-25 -3.727116e-26 -8.393059e-27 -1.640162e-27 -2.749513e-28 -3.855490e-29 -4.241358e-30 -2.869457e-31 1.230975e-32 8.371946e-33 1.773843e-33 2.741323e-34 3.501152e-35 3.863893e-36 3.764648e-37 3.277886e-38 2.570077e-39 1.823857e-40 1.175576e-41 6.898932e-43 3.692259e-44 1.803900e-45 8.048859e-47 3.279667e-48 1.219718e-49 4.135898e-51 1.276688e-52 3.580047e-54 9.094972e-56 2.086151e-57 4.302313e-59 7.936788e-61 1.301539e-62 1.882815e-64 2.379987e-66 2.597652e-68 2.410939e-70 1.864743e-72 1.169007e-74 5.704484e-77 2.032216e-79 3.847736e-82 1.028705e-85 0.000000e+00 0.000000e+00 0.000000e+00 0.000000e+00 0.000000e+00 0.000000e+00
0.000000e+00 0.000000e+00 0.000000e+00 0.000000e+00 0.000000e+00 3.724249e-87 8.453785e-83 1.567323e-79 5.476751e-77 1.145151e-74 1.864743e-72 2.462231e-70 2.710578e-68 2.538622e-66 2.053935e-64 1.452828e-62 9.070116e-61 5.036446e-59 2.503093e-57 1.119203e-55 4.521190e-54 1.655770e-52 5.512461e-51 1.671943e-49 4.627235e-48 1.169816e-46 2.703142e-45 5.709845e-44 1.102085e-42 1.941934e-41 3.118875e-40 4.554859e-39 6.027889e-38 7.192464e-37 7.679026e-36 7.246729e-35 5.915032e-34 3.990338e-33 1.955372e-32 2.735416e-32 -7.841673e-31 -1.200520e-29 -1.149005e-28 -8.676521e-28 -5.503114e-27 -3.005437e-26 -1.429701e-25 -5.957442e-25 -2.180307e-24 -7.016844e-24 -1.986883e-23 -4.952225e-23 -1.087238e-22 -2.104943e-22 -3.599574e-22 -5.447594e-22 -7.310888e-22 -8.715528e-22 -9.240091e-22 -8.715528e-22 -7.310888e-22 -5.447594e-22 -3.599574e-22 -2.104943e-22 -1.087238e-22 -4.952225e-23 -1.986883e-23 -7.016844e-24 -2.180307e-24 -5.957442e-25 -1.429701e-25 -3.005437e-26 -5.503114e-27 -8.676521e-28 -1.149005e-28 -1.200520e-29 -7.841673e-31 2.735416e-32 1.955372e-32 3.990338e-33 5.915032e-34 7.246729e-35 7.679026e-36 7.192464e-37 6.027889e-38 4.554859e-39 3.118875e-40 1.941934e-41 1.102085e-42 5.709845e-44 2.703142e-45 1.169816e-46 4.627235e-48 1.671943e-49 5.512461e-51 1.655770e-52 4.521190e-54 1.119203e-55 2.503093e-57 5.036446e-59 9.070116e-61 1.452828e-62 2.053935e-64 2.538622e-66 2.710578e-68 2.462231e-70 1.864743e-72 1.145151e-74 5.476751e-77 1.567323e-79 8.453785e-83 3.724249e-87 0.000000e+00 0.000000e+00 0.000000e+00 0.000000e+00 0.000000e+00
0.000000e+00 0.000000e+00 0.000000e+00 0.000000e+00 2.608526e-89 3.002938e-84 3.378031e-80 4.139101e-77 1.076560e-74 1.788635e-72 2.410939e-70 2.710578e-68 2.593799e-66 2.145198e-64 1.551852e-62 9.913485e-61 5.635699e-59 2.869154e-57 1.314902e-55 5.447683e-54 2.047451e-52 7.000153e-51 2.181930e-49 6.210449e-48 1.616007e-46 3.846618e-45 8.377203e-44 1.668609e-42 3.037110e-41 5.043766e-40 7.624815e-39 1.045694e-37 1.294512e-36 1.435602e-35 1.408830e-34 1.196896e-33 8.405008e-33 4.271338e-32 5.667883e-32 -1.979780e-30 -3.140603e-29 -3.157850e-28 -2.517704e-27 -1.692162e-26 -9.825894e-26 -4.986363e-25 -2.224012e-24 -8.742256e-24 -3.032360e-23 -9.286309e-23 -2.511734e-22 -6.003824e-22 -1.269585e-21 -2.378891e-21 -3.958041e-21 -5.861486e-21 -7.743882e-21 -9.144587e-21 -9.664276e-21 -9.144587e-21 -7.743882e-21 -5.861486e-21 -3.958041e-21 -2.378891e-21 -1.269585e-21 -6.003824e-22 -2.511734e-22 -9.286309e-23 -3.032360e-23 -8.742256e-24 -2.224012e-24 -4.986363e-25 -9.825894e-26 -1.692162e-26 -2.517704e-27 -3.157850e-28 -3.140603e-29 -1.979780e-30 5.667883e-32 4.271338e-32 8.405008e-33 1.196896e-33 1.408830e-34 1.435602e-35 1.294512e-36 1.045694e-37 7.624815e-39 5.043766e-40 3.037110e-41 1.668609e-42 8.377203e-44 3.846618e-45 1.616007e-46 6.210449e-48 2.181930e-49 7.000153e-51 2.047451e-52 5.447683e-54 1.314902e-55 2.869154e-57 5.635699e-59 9.913485e-61 1.551852e-62 2.145198e-64 2.593799e-66 2.710578e-68 2.410939e-70 1.788635e-72 1.076560e-74 4.139101e-77 3.378031e-80 3.002938e-84 2.608526e-89 0.000000e+00 0.000000e+00 0.000000e+00 0.000000e+00
0.000000e+00 0.000000e+00 0.000000e+00 4.654762e-92 2.062719e-86 1.176854e-81 8.747529e-78 7.969355e-75 1.645773e-72 2.263344e-70 2.597652e-68 2.538622e-66 2.145198e-64 1.586326e-62 1.036391e-60 6.028680e-59 3.142228e-57 1.475127e-55 6.264039e-54 2.414511e-52 8.471796e-51 2.711780e-49 7.932141e-48 2.122699e-46 5.200473e-45 1.166648e-43 2.395799e-42 4.499959e-41 7.719210e-40 1.206578e-38 1.712758e-37 2.197030e-36 2.527439e-35 2.575621e-34 2.274214e-33 1.660072e-32 8.739869e-32 1.097330e-31 -4.632181e-30 -7.614553e-29 -8.027309e-28 -6.739636e-27 -4.785669e-26 -2.944741e-25 -1.588280e-24 -7.551949e-24 -3.174351e-23 -1.181031e-22 -3.891361e-22 -1.135805e-21 -2.938105e-21 -6.741940e-21 -1.374396e-20 -2.494429e-20 -4.040980e-20 -5.859431e-20 -7.624241e-20 -8.920971e-20 -9.399046e-20 -8.920971e-20 -7.624241e-20 -5.859431e-20 -4.040980e-20 -2.494429e-20 -1.374396e-20 -6.741940e-21 -2.938105e-21 -1.135805e-21 -3.891361e-22 -1.181031e-22 -3.174351e-23 -7.551949e-24 -1.588280e-24 -2.944741e-25 -4.785669e-26 -6.739636e-27 -8.027309e-28 -7.614553e-29 -4.632181e-30 1.097330e-31 8.739869e-32 1.660072e-32 2.274214e-33 2.575621e-34 2.527439e-35 2.197030e-36 1.712758e-37 1.206578e-38 7.719210e-40 4.499959e-41 2.395799e-42 1.166648e-43 5.200473e-45 2.122699e-46 7.932141e-48 2.711780e-49 8.471796e-51 2.414511e-52 6.264039e-54 1.475127e-55 3.142228e-57 6.028680e-59 1.036391e-60 1.586326e-62 2.145198e-64 2.538622e-66 2.597652e-68 2.263344e-70 1.645773e-72 7.969355e-75 8.747529e-78 1.176854e-81 2.062719e-86 4.654762e-92 0.000000e+00 0.000000e+00 0.000000e+00
0.000000e+00 0.000000e+00 2.636496e-95 3.607822e-89 7.924311e-84 2.987561e-79 1.650758e-75 1.192769e-72 2.037356e-70 2.385627e-68 2.379987e-66 2.053935e-64 1.551852e-62 1.036391e-60 6.165625e-59 3.288284e-57 1.580411e-55 6.874586e-54 2.715980e-52 9.773369e-51 3.210506e-49 9.643896e-48 2.652166e-46 6.682334e-45 1.542900e-43 3.263754e-42 6.320038e-41 1.118721e-39 1.806154e-38 2.650794e-37 3.519175e-36 4.194309e-35 4.432726e-34 4.062447e-33 3.078430e-32 1.677448e-31 1.989029e-31 -1.007067e-29 -1.715177e-28 -1.892214e-27 -1.669013e-26 -1.248704e-25 -8.117709e-25 -4.638192e-24 -2.342586e-23 -1.048821e-22 -4.167908e-22 -1.470803e-21 -4.609981e-21 -1.283771e-20 -3.178568e-20 -7.006657e-20 -1.377872e-19 -2.423715e-19 -3.825208e-19 -5.433506e-19 -6.965903e-19 -8.078069e-19 -8.485574e-19 -8.078069e-19 -6.965903e-19 -5.433506e-19 -3.825208e-19 -2.423715e-19 -1.377872e-19 -7.006657e-20 -3.178568e-20 -1.283771e-20 -4.609981e-21 -1.470803e-21 -4.167908e-22 -1.048821e-22 -2.342586e-23 -4.638192e-24 -8.117709e-25 -1.248704e-25 -1.669013e-26 -1.892214e-27 -1.715177e-28 -1.007067e-29 1.989029e-31 1.677448e-31 3.078430e-32 4.062447e-33 4.432726e-34 4.194309e-35 3.519175e-36 2.650794e-37 1.806154e-38 1.118721e-39 6.320038e-41 3.263754e-42 1.542900e-43 6.682334e-45 2.652166e-46 9.643896e-48 3.210506e-49 9.773369e-51 2.715980e-52 6.874586e-54 1.580411e-55 3.288284e-57 6.165625e-59 1.036391e-60 1.551852e-62 2.053935e-64 2.379987e-66 2.385627e-68 2.037356e-70 1.192769e-72 1.650758e-75 2.987561e-79 7.924311e-84 3.607822e-89 2.636496e-95 0.000000e+00 0.000000e+00
0.000000e+00 5.586409e-99 2.001855e-92 1.357899e-86 1.971059e-81 5.524418e-77 2.420446e-73 1.444923e-70 2.099779e-68 2.137175e-66 1.882815e-64 1.452828e-62 9.913485e-61 6.028680e-59 3.288284e-57 1.617137e-55 7.201644e-54 2.914490e-52 1.074941e-50 3.621460e-49 1.116377e-47 3.152821e-46 8.163443e-45 1.938434e-43 4.220235e-42 8.417812e-41 1.536150e-39 2.559103e-38 3.879143e-37 5.324099e-36 6.566530e-35 7.188322e-34 6.829204e-33 5.365777e-32 3.023585e-31 3.382188e-31 -2.038943e-29 -3.596774e-28 -4.145347e-27 -3.832978e-26 -3.014160e-25 -2.064596e-24 -1.245949e-23 -6.662913e-23 -3.166407e-22 -1.338941e-21 -5.040120e-21 -1.689087e-20 -5.040352e-20 -1.339948e-19 -3.176968e-19 -6.730374e-19 -1.277313e-18 -2.178599e-18 -3.351180e-18 -4.664947e-18 -5.894280e-18 -6.775763e-18 -7.096794e-18 -6.775763e-18 -5.894280e-18 -4.664947e-18 -3.351180e-18 -2.178599e-18 -1.277313e-18 -6.730374e-19 -3.176968e-19 -1.339948e-19 -5.040352e-20 -1.689087e-20 -5.040120e-21 -1.338941e-21 -3.166407e-22 -6.662913e-23 -1.245949e-23 -2.064596e-24 -3.014160e-25 -3.832978e-26 -4.145347e-27 -3.596774e-28 -2.038943e-29 3.382188e-31 3.023585e-31 5.365777e-32 6.829204e-33 7.188322e-34 6.566530e-35 5.324099e-36 3.879143e-37 2.559103e-38 1.536150e-39 8.417812e-41 4.220235e-42 1.938434e-43 8.163443e-45 3.152821e-46 1.116377e-47 3.621460e-49 1.074941e-50 2.914490e-52 7.201644e-54 1.617137e-55 3.288284e-57 6.028680e-59 9.913485e-61 1.452828e-62 1.882815e-64 2.137175e-66 2.099779e-68 1.444923e-70 2.420446e-73 5.524418e-77 1.971059e-81 1.357899e-86 2.001855e-92 5.586409e-99 0.000000e+00
0.000000e+00 4.152810e-96 7.377356e-90 3.307465e-84 3.569462e-79 7.933408e-75 2.871116e-71 1.456544e-68 1.838412e-66 1.652321e-64 1.301539e-62 9.070116e-61 5.635699e-59 3.142228e-57 1.580411e-55 7.201644e-54 2.983807e-52 1.127309e-50 3.892652e-49 1.230669e-47 3.566778e-46 9.483914e-45 2.314239e-43 5.181513e-42 1.063697e-40 1.999415e-39 3.433803e-38 5.370625e-37 7.612590e-36 9.705568e-35 1.099264e-33 1.081350e-32 8.799613e-32 5.123728e-31 5.406228e-31 -3.851691e-29 -7.034679e-28 -8.456411e-27 -8.180723e-26 -6.746627e-25 -4.857214e-24 -3.087765e-23 -1.743289e-22 -8.766242e-22 -3.931241e-21 -1.572870e-20 -5.614452e-20 -1.788005e-19 -5.081568e-19 -1.289906e-18 -2.929140e-18 -5.964854e-18 -1.092765e-17 -1.807763e-17 -2.711076e-17 -3.699445e-17 -4.607913e-17 -5.251592e-17 -5.484619e-17 -5.251592e-17 -4.607913e-17 -3.699445e-17 -2.711076e-17 -1.807763e-17 -1.092765e-17 -5.964854e-18 -2.929140e-18 -1.289906e-18 -5.081568e-19 -1.788005e-19 -5.614452e-20 -1.572870e-20 -3.931241e-21 -8.766242e-22 -1.743289e-22 -3.087765e-23 -4.857214e-24 -6.746627e-25 -8.180723e-26 -8.456411e-27 -7.034679e-28 -3.851691e-29 5.406228e-31 5.123728e-31 8.799613e-32 1.081350e-32 1.099264e-33 9.705568e-35 7.612590e-36 5.370625e-37 3.433803e-38 1.999415e-39 1.063697e-40 5.181513e-42 2.314239e-43 9.483914e-45 3.566778e-46 1.230669e-47 3.892652e-49 1.127309e-50 2.983807e-52 7.201644e-54 1.580411e-55 3.142228e-57 5.635699e-59 9.070116e-61 1.301539e-62 1.652321e-64 1.838412e-66 1.456544e-68 2.871116e-71 7.933408e-75 3.569462e-79 3.307465e-84 7.377356e-90 4.152810e-96 0.000000e+00
0.000000e+00 1.497583e-93 1.758538e-87 5.862277e-82 5.017512e-77 9.212044e-73 2.832529e-69 1.246624e-66 1.388340e-64 1.115661e-62 7.936788e-61 5.036446e-59 2.869154e-57 1.475127e-55 6.874586e-54 2.914490e-52 1.127309e-50 3.987453e-49 1.292094e-47 3.840575e-46 1.047978e-44 2.626077e-43 6.042197e-42 1.275598e-40 2.467685e-39 4.365175e-38 7.038065e-37 1.029290e-35 1.355140e-34 1.586336e-33 1.614034e-32 1.358917e-31 8.170404e-31 8.140706e-31 -6.799889e-29 -1.285243e-27 -1.609092e-26 -1.625672e-25 -1.403179e-24 -1.059449e-23 -7.077504e-23 -4.207595e-22 -2.232544e-21 -1.058598e-20 -4.487286e-20 -1.700280e-19 -5.757913e-19 -1.742756e-18 -4.717046e-18 -1.143192e-17 -2.486118e-17 -4.866408e-17 -8.606671e-17 -1.381168e-16 -2.019778e-16 -2.702222e-16 -3.318450e-16 -3.749920e-16 -3.905199e-16 -3.749920e-16 -3.318450e-16 -2.702222e-16 -2.019778e-16 -1.381168e-16 -8.606671e-17 -4.866408e-17 -2.486118e-17 -1.143192e-17 -4.717046e-18 -1.742756e-18 -5.757913e-19 -1.700280e-19 -4.487286e-20 -1.058598e-20 -2.232544e-21 -4.207595e-22 -7.077504e-23 -1.059449e-23 -1.403179e-24 -1.625672e-25 -1.609092e-26 -1.285243e-27 -6.799889e-29 8.140706e-31 8.170404e-31 1.358917e-31 1.614034e-32 1.586336e-33 1.355140e-34 1.029290e-35 7.038065e-37 4.365175e-38 2.467685e-39 1.275598e-40 6.042197e-42 2.626077e-43 1.047978e-44 3.840575e-46 1.292094e-47 3.987453e-49 1.127309e-50 2.914490e-52 6.874586e-54 1.475127e-55 2.869154e-57 5.036446e-59 7.936788e-61 1.115661e-62 1.388340e-64 1.246624e-66 2.832529e-69 9.212044e-73 5.017512e-77 5.862277e-82 1.758538e-87 1.497583e-93 0.000000e+00
0.000000e+00 3.491311e-91 3.048686e-85 8.060970e-80 5.699873e-75 8.891789e-71 2.371363e-67 9.197940e-65 9.151414e-63 6.641477e-61 4.302313e-59 2.503093e-57 1.314902e-55 6.264039e-54 2.715980e-52 1.074941e-50 3.892652e-49 1.292094e-47 3.936395e-46 1.101593e-44 2.832822e-43 6.693279e-42 1.452087e-40 2.888820e-39 5.259142e-38 8.733598e-37 1.316619e-35 1.788344e-34 2.161538e-33 2.272457e-32 1.977607e-31 1.226995e-30 1.157432e-30 -1.123458e-28 -2.196473e-27 -2.860111e-26 -3.012744e-25 -2.716580e-24 -2.146725e-23 -1.503718e-22 -9.391219e-22 -5.244556e-21 -2.622272e-20 -1.174268e-19 -4.708686e-19 -1.690164e-18 -5.429632e-18 -1.561438e-17 -4.023371e-17 -9.305761e-17 -1.937440e-16 -3.644544e-16 -6.221876e-16 -9.685489e-16 -1.381191e-15 -1.811846e-15 -2.193862e-15 -2.458186e-15 -2.552750e-15 -2.458186e-15 -2.193862e-15 -1.811846e-15 -1.381191e-15 -9.685489e-16 -6.221876e-16 -3.644544e-16 -1.937440e-16 -9.305761e-17 -4.023371e-17 -1.561438e-17 -5.429632e-18 -1.690164e-18 -4.708686e-19 -1.174268e-19 -2.622272e-20 -5.244556e-21 -9.391219e-22 -1.503718e-22 -2.146725e-23 -2.716580e-24 -3.012744e-25 -2.860111e-26 -2.196473e-27 -1.123458e-28 1.157432e-30 1.226995e-30 1.977607e-31 2.272457e-32 2.161538e-33 1.788344e-34 1.316619e-35 8.733598e-37 5.259142e-38 2.888820e-39 1.452087e-40 6.693279e-42 2.832822e-43 1.101593e-44 3.936395e-46 1.292094e-47 3.892652e-49 1.074941e-50 2.715980e-52 6.264039e-54 1.314902e-55 2.503093e-57 4.302313e-59 6.641477e-61 9.151414e-63 9.197940e-65 2.371363e-67 8.891789e-71 5.699873e-75 8.060970e-80 3.048686e-85 3.491311e-91 0.000000e+00
0.000000e+00 5.916300e-89 4.098060e-83 8.952717e-78 5.379416e-73 7.279126e-69 1.710489e-65 5.920157e-63 5.315203e-61 3.512461e-59 2.086151e-57 1.119203e-55 5.447683e-54 2.414511e-52 9.773369e-51 3.621460e-49 1.230669e-47 3.840575e-46 1.101593e-44 2.905262e-43 7.044441e-42 1.569388e-40 3.208405e-39 6.006609e-38 1.026551e-36 1.593892e-35 2.231551e-34 2.782386e-33 3.019649e-32 2.713784e-31 1.736527e-30 1.557627e-30 -1.739103e-28 -3.515394e-27 -4.754927e-26 -5.214208e-25 -4.903325e-24 -4.047872e-23 -2.967137e-22 -1.942499e-21 -1.139118e-20 -5.991157e-20 -2.826882e-19 -1.196308e-18 -4.538407e-18 -1.542776e-17 -4.698986e-17 -1.283030e-16 -3.144900e-16 -6.936999e-16 -1.381845e-15 -2.496913e-15 -4.113364e-15 -6.210144e-15 -8.634950e-15 -1.110583e-14 -1.325865e-14 -1.473049e-14 -1.525391e-14 -1.473049e-14 -1.325865e-14 -1.110583e-14 -8.634950e-15 -6.210144e-15 -4.113364e-15 -2.496913e-15 -1.381845e-15 -6.936999e-16 -3.144900e-16 -1.283030e-16 -4.698986e-17 -1.542776e-17 -4.538407e-18 -1.196308e-18 -2.826882e-19 -5.991157e-20 -1.139118e-20 -1.942499e-21 -2.967137e-22 -4.047872e-23 -4.903325e-24 -5.214208e-25 -4.754927e-26 -3.515394e-27 -1.739103e-28 1.557627e-30 1.736527e-30 2.713784e-31 3.019649e-32 2.782386e-33 2.231551e-34 1.593892e-35 1.026551e-36 6.006609e-38 3.208405e-39 1.569388e-40 7.044441e-42 2.905262e-43 1.101593e-44 3.840575e-46 1.230669e-47 3.621460e-49 9.773369e-51 2.414511e-52 5.447683e-54 1.119203e-55 2.086151e-57 3.512461e-59 5.315203e-61 5.920157e-63 1.710489e-65 7.279126e-69 5.379416e-73 8.952717e-78 4.098060e-83 5.916300e-89 0.000000e+00
0.000000e+00 7.768869e-87 4.446647e-81 8.255789e-76 4.303342e-71 5.131124e-67 1.075656e-63 3.355449e-61 2.740929e-59 1.660647e-57 9.094972e-56 4.521190e-54 2.047451e-52 8.471796e-51 3.210506e-49 1.116377e-47 3.566778e-46 1.047978e-44 2.832822e-43 7.044441e-42 1.610539e-40 3.381100e-39 6.504679e-38 1.143185e-36 1.826657e-35 2.633889e-34 3.384774e-33 3.788722e-32 3.513363e-31 2.317445e-30 1.989321e-30 -2.524850e-28 -5.274270e-27 -7.401790e-26 -8.437927e-25 -8.262308e-24 -7.113467e-23 -5.446501e-22 -3.730407e-21 -2.292323e-20 -1.265388e-19 -6.276319e-19 -2.796190e-18 -1.118229e-17 -4.011563e-17 -1.290445e-16 -3.722743e-16 -9.640238e-16 -2.245281e-15 -4.718264e-15 -8.984409e-15 -1.558291e-14 -2.475819e-14 -3.623692e-14 -4.911417e-14 -6.191994e-14 -7.287472e-14 -8.027339e-14 -8.288847e-14 -8.027339e-14 -7.287472e-14 -6.191994e-14 -4.911417e-14 -3.623692e-14 -2.475819e-14 -1.558291e-14 -8.984409e-15 -4.718264e-15 -2.245281e-15 -9.640238e-16 -3.722743e-16 -1.290445e-16 -4.011563e-17 -1.118229e-17 -2.796190e-18 -6.276319e-19 -1.265388e-19 -2.292323e-20 -3.730407e-21 -5.446501e-22 -7.113467e-23 -8.262308e-24 -8.437927e-25 -7.401790e-26 -5.274270e-27 -2.524850e-28 1.989321e-30 2.317445e-30 3.513363e-31 3.788722e-32 3.384774e-33 2.633889e-34 1.826657e-35 1.143185e-36 6.504679e-38 3.381100e-39 1.610539e-40 7.044441e-42 2.832822e-43 1.047978e-44 3.566778e-46 1.116377e-47 3.210506e-49 8.471796e-51 2.047451e-52 4.521190e-54 9.094972e-56 1.660647e-57 2.740929e-59 3.355449e-61 1.075656e-63 5.131124e-67 4.303342e-71 8.255789e-76 4.446647e-81 7.768869e-87 0.000000e+00
0.000000e+00 8.229656e-85 4.003608e-79 6.449001e-74 2.962444e-69 3.151431e-65 5.952939e-62 1.687473e-59 1.262739e-57 7.054632e-56 3.580047e-54 1.655770e-52 7.000153e-51 2.711780e-49 9.643896e-48 3.152821e-46 9.483914e-45 2.626077e-43 6.693279e-42 1.569388e-40 3.381100e-39 6.679634e-38 1.206335e-36 1.982172e-35 2.941247e-34 3.892523e-33 4.490146e-32 4.293036e-31 2.917636e-30 2.417704e-30 -3.440668e-28 -7.424289e-27 -1.079849e-25 -1.278063e-24 -1.301234e-23 -1.166542e-22 -9.313914e-22 -6.662018e-21 -4.281602e-20 -2.475592e-19 -1.287998e-18 -6.027366e-18 -2.535001e-17 -9.573890e-17 -3.244502e-16 -9.863531e-16 -2.691091e-15 -6.598691e-15 -1.458060e-14 -2.914779e-14 -5.298893e-14 -8.812601e-14 -1.349221e-13 -1.913156e-13 -2.526237e-13 -3.120728e-13 -3.619741e-13 -3.952530e-13 -4.069414e-13 -3.952530e-13 -3.619741e-13 -3.120728e-13 -2.526237e-13 -1.913156e-13 -1.349221e-13 -8.812601e-14 -5.298893e-14 -2.914779e-14 -1.458060e-14 -6.598691e-15 -2.691091e-15 -9.863531e-16 -3.244502e-16 -9.573890e-17 -2.535001e-17 -6.027366e-18 -1.287998e-18 -2.475592e-19 -4.281602e-20 -6.662018e-21 -9.313914e-22 -1.166542e-22 -1.301234e-23 -1.278063e-24 -1.079849e-25 -7.424289e-27 -3.440668e-28 2.417704e-30 2.917636e-30 4.293036e-31 4.490146e-32 3.892523e-33 2.941247e-34 1.982172e-35 1.206335e-36 6.679634e-38 3.381100e-39 1.569388e-40 6.693279e-42 2.626077e-43 9.483914e-45 3.152821e-46 9.643896e-48 2.711780e-49 7.000153e-51 1.655770e-52 3.580047e-54 7.054632e-56 1.262739e-57 1.687473e-59 5.952939e-62 3.151431e-65 2.962444e-69 6.449001e-74 4.003608e-79 8.229656e-85 0.000000e+00
0.000000e+00 7.229080e-83 3.051507e-77 4.332261e-72 1.775712e-67 1.702258e-63 2.921290e-60 7.576514e-58 5.223538e-56 2.704009e-54 1.276688e-52 5.512461e-51 2.181930e-49 7.932141e-48 2.652166e-46 8.163443e-45 2.314239e-43 6.042197e-42 1.452087e-40 3.208405e-39 6.504679e-38 1.206335e-36 2.036872e-35 3.107997e-34 4.232677e-33 5.027767e-32 4.952663e-31 3.466635e-30 2.803696e-30 -4.403869e-28 -9.811874e-27 -1.477603e-25 -1.813491e-24 -1.917247e-23 -1.787153e-22 -1.485655e-21 -1.107925e-20 -7.434138e-20 -4.493902e-19 -2.447752e-18 -1.200725e-17 -5.299790e-17 -2.102541e-16 -7.489627e-16 -2.393882e-15 -6.864868e-15 -1.767698e-14 -4.095601e-14 -8.567697e-14 -1.626192e-13 -2.817587e-13 -4.486581e-13 -6.610942e-13 -9.072286e-13 -1.166118e-12 -1.410575e-12 -1.611710e-12 -1.744066e-12 -1.790242e-12 -1.744066e-12 -1.611710e-12 -1.410575e-12 -1.166118e-12 -9.072286e-13 -6.610942e-13 -4.486581e-13 -2.817587e-13 -1.626192e-13 -8.567697e-14 -4.095601e-14 -1.767698e-14 -6.864868e-15 -2.393882e-15 -7.489627e-16 -2.102541e-16 -5.299790e-17 -1.200725e-17 -2.447752e-18 -4.493902e-19 -7.434138e-20 -1.107925e-20 -1.485655e-21 -1.787153e-22 -1.917247e-23 -1.813491e-24 -1.477603e-25 -9.811874e-27 -4.403869e-28 2.803696e-30 3.466635e-30 4.952663e-31 5.027767e-32 4.232677e-33 3.107997e-34 2.036872e-35 1.206335e-36 6.504679e-38 3.208405e-39 1.452087e-40 6.042197e-42 2.314239e-43 8.163443e-45 2.652166e-46 7.932141e-48 2.181930e-49 5.512461e-51 1.276688e-52 2.704009e-54 5.223538e-56 7.576514e-58 2.921290e-60 1.702258e-63 1.775712e-67 4.332261e-72 3.051507e-77 7.229080e-83 0.000000e+00
0.000000e+00 5.371868e-81 1.998774e-75 2.532295e-70 9.354442e-66 8.147611e-62 1.278986e-58 3.052326e-56 1.948237e-54 9.382972e-53 4.135898e-51 1.671943e-49 6.210449e-48 2.122699e-46 6.682334e-45 1.938434e-43 5.181513e-42 1.275598e-40 2.888820e-39 6.006609e-38 1.143185e-36 1.982172e-35 3.107997e-34 4.352481e-33 5.320022e-32 5.395656e-31 3.888303e-30 3.110061e-30 -5.297066e-28 -1.218132e-26 -1.897554e-25 -2.412330e-24 -2.644989e-23 -2.560167e-22 -2.212736e-21 -1.717836e-20 -1.201499e-19 -7.580523e-19 -4.314955e-18 -2.214667e-17 -1.023883e-16 -4.258442e-16 -1.591271e-15 -5.336445e-15 -1.605106e-14 -4.330878e-14 -1.049645e-13 -2.291441e-13 -4.525680e-13 -8.134745e-13 -1.340164e-12 -2.038994e-12 -2.886345e-12 -3.827485e-12 -4.782744e-12 -5.659181e-12 -6.364800e-12 -6.822422e-12 -6.980918e-12 -6.822422e-12 -6.364800e-12 -5.659181e-12 -4.782744e-12 -3.827485e-12 -2.886345e-12 -2.038994e-12 -1.340164e-12 -8.134745e-13 -4.525680e-13 -2.291441e-13 -1.049645e-13 -4.330878e-14 -1.605106e-14 -5.336445e-15 -1.591271e-15 -4.258442e-16 -1.023883e-16 -2.214667e-17 -4.314955e-18 -7.580523e-19 -1.201499e-19 -1.717836e-20 -2.212736e-21 -2.560167e-22 -2.644989e-23 -2.412330e-24 -1.897554e-25 -1.218132e-26 -5.297066e-28 3.110061e-30 3.888303e-30 5.395656e-31 5.320022e-32 4.352481e-33 3.107997e-34 1.982172e-35 1.143185e-36 6.006609e-38 2.888820e-39 1.275598e-40 5.181513e-42 1.938434e-43 6.682334e-45 2.122699e-46 6.210449e-48 1.671943e-49 4.135898e-51 9.382972e-53 1.948237e-54 3.052326e-56 1.278986e-58 8.147611e-62 9.354442e-66 2.532295e-70 1.998774e-75 5.371868e-81 0.000000e+00
0.000000e+00 3.427947e-79 1.138339e-73 1.299929e-68 4.363504e-64 3.476720e-60 5.020791e-57 1.107888e-54 6.573400e-53 2.955526e-51 1.219718e-49 4.627235e-48 1.616007e-46 5.200473e-45 1.542900e-43 4.220235e-42 1.063697e-40 2.467685e-39 5.259142e-38 1.026551e-36 1.826657e-35 2.941247e-34 4.232677e-33 5.320022e-32 5.551874e-31 4.117811e-30 3.306746e-30 -5.989792e-28 -1.421236e-26 -2.288162e-25 -3.009998e-24 -3.418867e-23 -3.432039e-22 -3.079973e-21 -2.485713e-20 -1.809552e-19 -1.189742e-18 -7.065683e-18 -3.787947e-17 -1.831092e-16 -7.969747e-16 -3.118344e-15 -1.095219e-14 -3.448848e-14 -9.732473e-14 -2.462473e-13 -5.596966e-13 -1.146967e-12 -2.130834e-12 -3.614381e-12 -5.643408e-12 -8.179565e-12 -1.109395e-11 -1.418202e-11 -1.719346e-11 -1.986790e-11 -2.196844e-11 -2.330819e-11 -2.376833e-11 -2.330819e-11 -2.196844e-11 -1.986790e-11 -1.719346e-11 -1.418202e-11 -1.109395e-11 -8.179565e-12 -5.643408e-12 -3.614381e-12 -2.130834e-12 -1.146967e-12 -5.596966e-13 -2.462473e-13 -9.732473e-14 -3.448848e-14 -1.095219e-14 -3.118344e-15 -7.969747e-16 -1.831092e-16 -3.787947e-17 -7.065683e-18 -1.189742e-18 -1.809552e-19 -2.485713e-20 -3.079973e-21 -3.432039e-22 -3.418867e-23 -3.009998e-24 -2.288162e-25 -1.421236e-26 -5.989792e-28 3.306746e-30 4.117811e-30 5.551874e-31 5.320022e-32 4.232677e-33 2.941247e-34 1.826657e-35 1.026551e-36 5.259142e-38 2.467685e-39 1.063697e-40 4.220235e-42 1.542900e-43 5.200473e-45 1.616007e-46 4.627235e-48 1.219718e-49 2.955526e-51 6.573400e-53 1.107888e-54 5.020791e-57 3.476720e-60 4.363504e-64 1.299929e-68 1.138339e-73 3.427947e-79 0.000000e+00
