0.000000e+00 1.400361e-107 3.654906e-102 3.361385e-97 9.282305e-93 6.199738e-89 7.633354e-86 1.459342e-83 7.629043e-82 3.066774e-80 1.145390e-78 3.978321e-77 1.286520e-75 3.876999e-74 1.089522e-72 2.856594e-71 6.989763e-70 1.596344e-68 3.402584e-67 6.766968e-66 1.255094e-64 2.169433e-63 3.491191e-62 5.223691e-61 7.254059e-60 9.326971e-59 1.106692e-57 1.206203e-56 1.199306e-55 1.076004e-54 8.546234e-54 5.779694e-53 2.999971e-52 6.861347e-52 -8.787302e-51 -1.653566e-49 -1.791566e-48 -1.538193e-47 -1.129745e-46 -7.313623e-46 -4.233336e-45 -2.207579e-44 -1.041467e-43 -4.455205e-43 -1.730237e-42 -6.103828e-42 -1.956349e-41 -5.697147e-41 -1.507470e-40 -3.624715e-40 -7.922400e-40 -1.574736e-39 -2.848538e-39 -4.693136e-39 -7.049082e-39 -9.661228e-39 -1.209274e-38 -1.383239e-38 -1.446550e-38 -1.383239e-38 -1.209274e-38 -9.661228e-39 -7.049082e-39 -4.693136e-39 -2.848538e-39 -1.574736e-39 -7.922400e-40 -3.624715e-40 -1.507470e-40 -5.697147e-41 -1.956349e-41 -6.103828e-42 -1.730237e-42 -4.455205e-43 -1.041467e-43 -2.207579e-44 -4.233336e-45 -7.313623e-46 -1.129745e-46 -1.538193e-47 -1.791566e-48 -1.653566e-49 -8.787302e-51 6.861347e-52 2.999971e-52 5.779694e-53 8.546234e-54 1.076004e-54 1.199306e-55 1.206203e-56 1.106692e-57 9.326971e-59 7.254059e-60 5.223691e-61 3.491191e-62 2.169433e-63 1.255094e-64 6.766968e-66 3.402584e-67 1.596344e-68 6.989763e-70 2.856594e-71 1.089522e-72 3.876999e-74 1.286520e-75 3.978321e-77 1.145390e-78 3.066774e-80 7.629043e-82 1.459342e-83 7.633354e-86 6.199738e-89 9.282305e-93 3.361385e-97 3.654906e-102 1.400361e-107 0.000000e+00
0.000000e+00 5.679793e-102 1.366703e-96 1.164532e-91 2.991848e-87 1.865778e-83 2.151549e-80 3.863999e-78 1.904488e-76 7.238952e-75 2.561011e-73 8.438808e-72 2.592279e-70 7.428769e-69 1.987022e-67 4.962193e-66 1.157133e-64 2.519447e-63 5.120688e-62 9.710682e-61 1.716970e-59 2.827723e-58 4.331979e-57 6.162037e-56 8.118676e-55 9.874154e-54 1.103252e-52 1.124285e-51 1.032939e-50 8.381350e-50 5.752481e-49 2.958926e-48 5.145771e-48 -1.224466e-46 -2.141221e-45 -2.341002e-44 -2.061612e-43 -1.563707e-42 -1.049624e-41 -6.318201e-41 -3.434905e-40 -1.693222e-39 -7.584796e-39 -3.091071e-38 -1.146693e-37 -3.872999e-37 -1.191057e-36 -3.335190e-36 -8.504930e-36 -1.975685e-35 -4.183031e-35 -8.078282e-35 -1.424350e-34 -2.295409e-34 -3.384922e-34 -4.572600e-34 -5.664037e-34 -6.438209e-34 -6.718738e-34 -6.438209e-34 -5.664037e-34 -4.572600e-34 -3.384922e-34 -2.295409e-34 -1.424350e-34 -8.078282e-35 -4.183031e-35 -1.975685e-35 -8.504930e-36 -3.335190e-36 -1.191057e-36 -3.872999e-37 -1.146693e-37 -3.091071e-38 -7.584796e-39 -1.693222e-39 -3.434905e-40 -6.318201e-41 -1.049624e-41 -1.563707e-42 -2.061612e-43 -2.341002e-44 -2.141221e-45 -1.224466e-46 5.145771e-48 2.958926e-48 5.752481e-49 8.381350e-50 1.032939e-50 1.124285e-51 1.103252e-52 9.874154e-54 8.118676e-55 6.162037e-56 4.331979e-57 2.827723e-58 1.716970e-59 9.710682e-61 5.120688e-62 2.519447e-63 1.157133e-64 4.962193e-66 1.987022e-67 7.428769e-69 2.592279e-70 8.438808e-72 2.561011e-73 7.238952e-75 1.904488e-76 3.863999e-78 2.151549e-80 1.865778e-83 2.991848e-87 1.164532e-91 1.366703e-96 5.679793e-102 0.000000e+00
0.000000e+00 8.678493e-97 1.934738e-91 1.533743e-86 3.679128e-82 2.148804e-78 2.326864e-75 3.934300e-73 1.831762e-71 6.594227e-70 2.212898e-68 6.925473e-67 2.022720e-65 5.516214e-64 1.405090e-62 3.343359e-61 7.431132e-60 1.542455e-58 2.988512e-57 5.401030e-56 9.095874e-55 1.425499e-53 2.075121e-52 2.798875e-51 3.485559e-50 3.987798e-49 4.159820e-48 3.907895e-47 3.233206e-46 2.245199e-45 1.134417e-44 1.131626e-44 -6.509835e-43 -1.080135e-41 -1.192950e-40 -1.076519e-39 -8.418752e-39 -5.848085e-38 -3.652963e-37 -2.065517e-36 -1.061174e-35 -4.963916e-35 -2.116531e-34 -8.230271e-34 -2.919290e-33 -9.445693e-33 -2.788039e-32 -7.508107e-32 -1.845292e-31 -4.141346e-31 -8.493953e-31 -1.593770e-30 -2.739226e-30 -4.318204e-30 -6.252375e-30 -8.325466e-30 -1.020634e-29 -1.152908e-29 -1.200632e-29 -1.152908e-29 -1.020634e-29 -8.325466e-30 -6.252375e-30 -4.318204e-30 -2.739226e-30 -1.593770e-30 -8.493953e-31 -4.141346e-31 -1.845292e-31 -7.508107e-32 -2.788039e-32 -9.445693e-33 -2.919290e-33 -8.230271e-34 -2.116531e-34 -4.963916e-35 -1.061174e-35 -2.065517e-36 -3.652963e-37 -5.848085e-38 -8.418752e-39 -1.076519e-39 -1.192950e-40 -1.080135e-41 -6.509835e-43 1.131626e-44 1.134417e-44 2.245199e-45 3.233206e-46 3.907895e-47 4.159820e-48 3.987798e-49 3.485559e-50 2.798875e-51 2.075121e-52 1.425499e-53 9.095874e-55 5.401030e-56 2.988512e-57 1.542455e-58 7.431132e-60 3.343359e-61 1.405090e-62 5.516214e-64 2.022720e-65 6.925473e-67 2.212898e-68 6.594227e-70 1.831762e-71 3.934300e-73 2.326864e-75 2.148804e-78 3.679128e-82 1.533743e-86 1.934738e-91 8.678493e-97 0.000000e+00
0.000000e+00 4.350702e-92 9.023807e-87 6.679220e-82 1.500547e-77 8.229344e-74 8.386556e-71 1.337535e-68 5.892038e-67 2.011635e-65 6.410577e-64 1.907208e-62 5.300006e-61 1.376178e-59 3.339292e-58 7.571744e-57 1.603962e-55 3.172851e-54 5.856740e-53 1.007805e-51 1.614399e-50 2.402939e-49 3.314763e-48 4.222540e-47 4.941247e-46 5.269544e-45 5.054354e-44 4.255503e-43 2.979758e-42 1.462334e-41 -2.571282e-43 -1.154671e-39 -1.843818e-38 -2.058623e-37 -1.901676e-36 -1.530991e-35 -1.098594e-34 -7.106617e-34 -4.170149e-33 -2.227576e-32 -1.085334e-31 -4.828363e-31 -1.962247e-30 -7.286154e-30 -2.471978e-29 -7.662992e-29 -2.170745e-28 -5.620898e-28 -1.331151e-27 -2.885593e-27 -5.732082e-27 -1.044838e-26 -1.750284e-26 -2.698906e-26 -3.836803e-26 -5.035909e-26 -6.109970e-26 -6.858842e-26 -7.127876e-26 -6.858842e-26 -6.109970e-26 -5.035909e-26 -3.836803e-26 -2.698906e-26 -1.750284e-26 -1.044838e-26 -5.732082e-27 -2.885593e-27 -1.331151e-27 -5.620898e-28 -2.170745e-28 -7.662992e-29 -2.471978e-29 -7.286154e-30 -1.962247e-30 -4.828363e-31 -1.085334e-31 -2.227576e-32 -4.170149e-33 -7.106617e-34 -1.098594e-34 -1.530991e-35 -1.901676e-36 -2.058623e-37 -1.843818e-38 -1.154671e-39 -2.571282e-43 1.462334e-41 2.979758e-42 4.255503e-43 5.054354e-44 5.269544e-45 4.941247e-46 4.222540e-47 3.314763e-48 2.402939e-49 1.614399e-50 1.007805e-51 5.856740e-53 3.172851e-54 1.603962e-55 7.571744e-57 3.339292e-58 1.376178e-59 5.300006e-61 1.907208e-62 6.410577e-64 2.011635e-65 5.892038e-67 1.337535e-68 8.386556e-71 8.229344e-74 1.500547e-77 6.679220e-82 9.023807e-87 4.350702e-92 0.000000e+00
0.000000e+00 5.937598e-88 1.149862e-82 7.971023e-78 1.681516e-73 8.678411e-70 8.338958e-67 1.256426e-64 5.243638e-63 1.699762e-61 5.148419e-60 1.457091e-58 3.854527e-57 9.532175e-56 2.203595e-54 4.760873e-53 9.608540e-52 1.810236e-50 3.180374e-49 5.203262e-48 7.912103e-47 1.115255e-45 1.451772e-44 1.735763e-43 1.890099e-42 1.848214e-41 1.580300e-40 1.111547e-39 5.219882e-39 -7.500805e-39 -5.680369e-37 -8.818150e-36 -9.957456e-35 -9.406816e-34 -7.784973e-33 -5.760750e-32 -3.851906e-31 -2.340853e-30 -1.297215e-29 -6.567452e-29 -3.040561e-28 -1.287877e-27 -4.991337e-27 -1.770014e-26 -5.743073e-26 -1.705109e-25 -4.633561e-25 -1.153083e-24 -2.629969e-24 -5.504075e-24 -1.058498e-23 -1.873685e-23 -3.058400e-23 -4.611976e-23 -6.436398e-23 -8.326272e-23 -9.997285e-23 -1.115231e-22 -1.156545e-22 -1.115231e-22 -9.997285e-23 -8.326272e-23 -6.436398e-23 -4.611976e-23 -3.058400e-23 -1.873685e-23 -1.058498e-23 -5.504075e-24 -2.629969e-24 -1.153083e-24 -4.633561e-25 -1.705109e-25 -5.743073e-26 -1.770014e-26 -4.991337e-27 -1.287877e-27 -3.040561e-28 -6.567452e-29 -1.297215e-29 -2.340853e-30 -3.851906e-31 -5.760750e-32 -7.784973e-33 -9.406816e-34 -9.957456e-35 -8.818150e-36 -5.680369e-37 -7.500805e-39 5.219882e-39 1.111547e-39 1.580300e-40 1.848214e-41 1.890099e-42 1.735763e-43 1.451772e-44 1.115255e-45 7.912103e-47 5.203262e-48 3.180374e-49 1.810236e-50 9.608540e-52 4.760873e-53 2.203595e-54 9.532175e-56 3.854527e-57 1.457091e-58 5.148419e-60 1.699762e-61 5.243638e-63 1.256426e-64 8.338958e-67 8.678411e-70 1.681516e-73 7.971023e-78 1.149862e-82 5.937598e-88 0.000000e+00
0.000000e+00 1.721864e-84 3.122996e-79 2.032869e-74 4.035764e-70 1.963829e-66 1.782001e-63 2.539796e-61 1.005319e-59 3.096845e-58 8.921600e-57 2.403150e-55 6.053412e-54 1.425885e-52 3.140008e-51 6.461577e-50 1.241640e-48 2.225631e-47 3.716105e-46 5.768227e-45 8.300923e-44 1.103193e-42 1.346257e-41 1.495100e-40 1.488287e-39 1.289677e-38 9.074606e-38 3.996920e-37 -1.389168e-36 -6.054298e-35 -9.208191e-34 -1.052047e-32 -1.015524e-31 -8.628115e-31 -6.573899e-30 -4.535674e-29 -2.849268e-28 -1.634728e-27 -8.580921e-27 -4.124679e-26 -1.816278e-25 -7.327352e-25 -2.708066e-24 -9.168253e-24 -2.843399e-23 -8.079855e-23 -2.104705e-22 -5.029792e-22 -1.104035e-21 -2.229170e-21 -4.147749e-21 -7.126306e-21 -1.132963e-20 -1.670226e-20 -2.287664e-20 -2.916193e-20 -3.464665e-20 -3.840449e-20 -3.974272e-20 -3.840449e-20 -3.464665e-20 -2.916193e-20 -2.287664e-20 -1.670226e-20 -1.132963e-20 -7.126306e-21 -4.147749e-21 -2.229170e-21 -1.104035e-21 -5.029792e-22 -2.104705e-22 -8.079855e-23 -2.843399e-23 -9.168253e-24 -2.708066e-24 -7.327352e-25 -1.816278e-25 -4.124679e-26 -8.580921e-27 -1.634728e-27 -2.849268e-28 -4.535674e-29 -6.573899e-30 -8.628115e-31 -1.015524e-31 -1.052047e-32 -9.208191e-34 -6.054298e-35 -1.389168e-36 3.996920e-37 9.074606e-38 1.289677e-38 1.488287e-39 1.495100e-40 1.346257e-41 1.103193e-42 8.300923e-44 5.768227e-45 3.716105e-46 2.225631e-47 1.241640e-48 6.461577e-50 3.140008e-51 1.425885e-52 6.053412e-54 2.403150e-55 8.921600e-57 3.096845e-58 1.005319e-59 2.539796e-61 1.782001e-63 1.963829e-66 4.035764e-70 2.032869e-74 3.122996e-79 1.721864e-84 0.000000e+00
0.000000e+00 8.139588e-82 1.386451e-76 8.494439e-72 1.590206e-67 7.308162e-64 6.271380e-61 8.465112e-59 3.181131e-57 9.319979e-56 2.555341e-54 6.553936e-53 1.572387e-51 3.527910e-50 7.399026e-49 1.449487e-47 2.649602e-46 4.512701e-45 7.146633e-44 1.049414e-42 1.423038e-41 1.771335e-40 2.004851e-39 2.029894e-38 1.780433e-37 1.249498e-36 5.048845e-36 -3.218263e-35 -1.072335e-33 -1.610846e-32 -1.864579e-31 -1.838847e-30 -1.602846e-29 -1.256217e-28 -8.933026e-28 -5.793024e-27 -3.435977e-26 -1.866975e-25 -9.300956e-25 -4.249706e-24 -1.780920e-23 -6.844353e-23 -2.411916e-22 -7.793092e-22 -2.309043e-21 -6.276297e-21 -1.566199e-20 -3.592132e-20 -7.583698e-20 -1.476559e-19 -2.657070e-19 -4.429519e-19 -6.857286e-19 -9.880935e-19 -1.328066e-18 -1.668099e-18 -1.960902e-18 -2.159740e-18 -2.230234e-18 -2.159740e-18 -1.960902e-18 -1.668099e-18 -1.328066e-18 -9.880935e-19 -6.857286e-19 -4.429519e-19 -2.657070e-19 -1.476559e-19 -7.583698e-20 -3.592132e-20 -1.566199e-20 -6.276297e-21 -2.309043e-21 -7.793092e-22 -2.411916e-22 -6.844353e-23 -1.780920e-23 -4.249706e-24 -9.300956e-25 -1.866975e-25 -3.435977e-26 -5.793024e-27 -8.933026e-28 -1.256217e-28 -1.602846e-29 -1.838847e-30 -1.864579e-31 -1.610846e-32 -1.072335e-33 -3.218263e-35 5.048845e-36 1.249498e-36 1.780433e-37 2.029894e-38 2.004851e-39 1.771335e-40 1.423038e-41 1.049414e-42 7.146633e-44 4.512701e-45 2.649602e-46 1.449487e-47 7.399026e-49 3.527910e-50 1.572387e-51 6.553936e-53 2.555341e-54 9.319979e-56 3.181131e-57 8.465112e-59 6.271380e-61 7.308162e-64 1.590206e-67 8.494439e-72 1.386451e-76 8.139588e-82 0.000000e+00
0.000000e+00 6.912236e-80 1.109140e-74 6.413637e-70 1.135001e-65 4.937303e-62 4.014753e-59 5.141439e-57 1.837331e-55 5.127227e-54 1.339681e-52 3.275471e-51 7.492001e-50 1.602408e-48 3.202451e-47 5.974025e-46 1.038682e-44 1.679714e-43 2.519251e-42 3.489717e-41 4.437091e-40 5.127592e-39 5.294046e-38 4.718819e-37 3.327978e-36 1.255090e-35 -1.163634e-34 -3.474313e-33 -5.242921e-32 -6.188891e-31 -6.258234e-30 -5.609768e-29 -4.530368e-28 -3.324842e-27 -2.228324e-26 -1.367636e-25 -7.698772e-25 -3.978011e-24 -1.887230e-23 -8.220303e-23 -3.286827e-22 -1.206140e-21 -4.061511e-21 -1.255037e-20 -3.559832e-20 -9.274269e-20 -2.221549e-19 -4.899971e-19 -9.970336e-19 -1.875764e-18 -3.271035e-18 -5.301211e-18 -8.005542e-18 -1.129323e-17 -1.491559e-17 -1.847993e-17 -2.151172e-17 -2.355373e-17 -2.427472e-17 -2.355373e-17 -2.151172e-17 -1.847993e-17 -1.491559e-17 -1.129323e-17 -8.005542e-18 -5.301211e-18 -3.271035e-18 -1.875764e-18 -9.970336e-19 -4.899971e-19 -2.221549e-19 -9.274269e-20 -3.559832e-20 -1.255037e-20 -4.061511e-21 -1.206140e-21 -3.286827e-22 -8.220303e-23 -1.887230e-23 -3.978011e-24 -7.698772e-25 -1.367636e-25 -2.228324e-26 -3.324842e-27 -4.530368e-28 -5.609768e-29 -6.258234e-30 -6.188891e-31 -5.242921e-32 -3.474313e-33 -1.163634e-34 1.255090e-35 3.327978e-36 4.718819e-37 5.294046e-38 5.127592e-39 4.437091e-40 3.489717e-41 2.519251e-42 1.679714e-43 1.038682e-44 5.974025e-46 3.202451e-47 1.602408e-48 7.492001e-50 3.275471e-51 1.339681e-52 5.127227e-54 1.837331e-55 5.141439e-57 4.014753e-59 4.937303e-62 1.135001e-65 6.413637e-70 1.109140e-74 6.912236e-80 0.000000e+00
0.000000e+00 2.888569e-78 4.381321e-73 2.398745e-68 4.024602e-64 1.661656e-60 1.283612e-57 1.563354e-55 5.324702e-54 1.418326e-52 3.538735e-51 8.263215e-50 1.805029e-48 3.685891e-47 7.028622e-46 1.249766e-44 2.067891e-43 3.174795e-42 4.503911e-41 5.867404e-40 6.949829e-39 7.356205e-38 6.720366e-37 4.847815e-36 1.836862e-35 -1.886296e-34 -5.655173e-33 -8.754157e-32 -1.063962e-30 -1.109764e-29 -1.027480e-28 -8.580709e-28 -6.519390e-27 -4.528305e-26 -2.883509e-25 -1.685917e-24 -9.057570e-24 -4.472611e-23 -2.029833e-22 -8.464656e-22 -3.242515e-21 -1.140701e-20 -3.684975e-20 -1.093276e-19 -2.980299e-19 -7.471374e-19 -1.724737e-18 -3.672813e-18 -7.230767e-18 -1.319427e-17 -2.237717e-17 -3.537398e-17 -5.226823e-17 -7.237774e-17 -9.414623e-17 -1.152647e-16 -1.330377e-16 -1.449236e-16 -1.491055e-16 -1.449236e-16 -1.330377e-16 -1.152647e-16 -9.414623e-17 -7.237774e-17 -5.226823e-17 -3.537398e-17 -2.237717e-17 -1.319427e-17 -7.230767e-18 -3.672813e-18 -1.724737e-18 -7.471374e-19 -2.980299e-19 -1.093276e-19 -3.684975e-20 -1.140701e-20 -3.242515e-21 -8.464656e-22 -2.029833e-22 -4.472611e-23 -9.057570e-24 -1.685917e-24 -2.883509e-25 -4.528305e-26 -6.519390e-27 -8.580709e-28 -1.027480e-28 -1.109764e-29 -1.063962e-30 -8.754157e-32 -5.655173e-33 -1.886296e-34 1.836862e-35 4.847815e-36 6.720366e-37 7.356205e-38 6.949829e-39 5.867404e-40 4.503911e-41 3.174795e-42 2.067891e-43 1.249766e-44 7.028622e-46 3.685891e-47 1.805029e-48 8.263215e-50 3.538735e-51 1.418326e-52 5.324702e-54 1.563354e-55 1.283612e-57 1.661656e-60 4.024602e-64 2.398745e-68 4.381321e-73 2.888569e-78 0.000000e+00
0.000000e+00 1.099796e-76 1.580023e-71 8.204753e-67 1.307109e-62 5.128881e-59 3.768076e-56 4.368616e-54 1.419259e-52 3.610831e-51 8.606594e-50 1.919864e-48 4.005160e-47 7.806066e-46 1.419304e-44 2.402511e-43 3.775341e-42 5.484649e-41 7.320487e-40 8.888163e-39 9.647574e-38 9.040244e-37 6.685110e-36 2.576276e-35 -2.811441e-34 -8.583806e-33 -1.366127e-31 -1.710551e-30 -1.840429e-29 -1.759545e-28 -1.518884e-27 -1.194024e-26 -8.589707e-26 -5.670679e-25 -3.440783e-24 -1.920330e-23 -9.860474e-23 -4.657862e-22 -2.023584e-21 -8.082478e-21 -2.966925e-20 -1.000709e-19 -3.101269e-19 -8.833359e-19 -2.313984e-18 -5.581287e-18 -1.241518e-17 -2.552300e-17 -4.861497e-17 -8.604124e-17 -1.419250e-16 -2.188558e-16 -3.164373e-16 -4.301634e-16 -5.511162e-16 -6.668071e-16 -7.631412e-16 -8.271108e-16 -8.495375e-16 -8.271108e-16 -7.631412e-16 -6.668071e-16 -5.511162e-16 -4.301634e-16 -3.164373e-16 -2.188558e-16 -1.419250e-16 -8.604124e-17 -4.861497e-17 -2.552300e-17 -1.241518e-17 -5.581287e-18 -2.313984e-18 -8.833359e-19 -3.101269e-19 -1.000709e-19 -2.966925e-20 -8.082478e-21 -2.023584e-21 -4.657862e-22 -9.860474e-23 -1.920330e-23 -3.440783e-24 -5.670679e-25 -8.589707e-26 -1.194024e-26 -1.518884e-27 -1.759545e-28 -1.840429e-29 -1.710551e-30 -1.366127e-31 -8.583806e-33 -2.811441e-34 2.576276e-35 6.685110e-36 9.040244e-37 9.647574e-38 8.888163e-39 7.320487e-40 5.484649e-41 3.775341e-42 2.402511e-43 1.419304e-44 7.806066e-46 4.005160e-47 1.919864e-48 8.606594e-50 3.610831e-51 1.419259e-52 4.368616e-54 3.768076e-56 5.128881e-59 1.307109e-62 8.204753e-67 1.580023e-71 1.099796e-76 0.000000e+00
0.000000e+00 3.895656e-75 5.309057e-70 2.618162e-65 3.964691e-61 1.479731e-57 1.034591e-54 1.142348e-52 3.541140e-51 8.606603e-50 1.959714e-48 4.174883e-47 8.312758e-46 1.544789e-44 2.673860e-43 4.298458e-42 6.391409e-41 8.735505e-40 1.086586e-38 1.208802e-37 1.161205e-36 8.799059e-36 3.450763e-35 -3.981122e-34 -1.238953e-32 -2.026203e-31 -2.611793e-30 -2.896226e-29 -2.856624e-28 -2.546392e-27 -2.069027e-26 -1.539890e-25 -1.052722e-24 -6.620865e-24 -3.833736e-23 -2.044268e-22 -1.003721e-21 -4.536352e-21 -1.886391e-20 -7.214334e-20 -2.536560e-19 -8.197871e-19 -2.435606e-18 -6.655282e-18 -1.674092e-17 -3.882104e-17 -8.315377e-17 -1.649272e-16 -3.037717e-16 -5.212184e-16 -8.358710e-16 -1.256968e-15 -1.777958e-15 -2.372246e-15 -2.993051e-15 -3.578364e-15 -4.060508e-15 -4.378371e-15 -4.489408e-15 -4.378371e-15 -4.060508e-15 -3.578364e-15 -2.993051e-15 -2.372246e-15 -1.777958e-15 -1.256968e-15 -8.358710e-16 -5.212184e-16 -3.037717e-16 -1.649272e-16 -8.315377e-17 -3.882104e-17 -1.674092e-17 -6.655282e-18 -2.435606e-18 -8.197871e-19 -2.536560e-19 -7.214334e-20 -1.886391e-20 -4.536352e-21 -1.003721e-21 -2.044268e-22 -3.833736e-23 -6.620865e-24 -1.052722e-24 -1.539890e-25 -2.069027e-26 -2.546392e-27 -2.856624e-28 -2.896226e-29 -2.611793e-30 -2.026203e-31 -1.238953e-32 -3.981122e-34 3.450763e-35 8.799059e-36 1.161205e-36 1.208802e-37 1.086586e-38 8.735505e-40 6.391409e-41 4.298458e-42 2.673860e-43 1.544789e-44 8.312758e-46 4.174883e-47 1.959714e-48 8.606603e-50 3.541140e-51 1.142348e-52 1.034591e-54 1.479731e-57 3.964691e-61 2.618162e-65 5.309057e-70 3.895656e-75 0.000000e+00
0.000000e+00 1.285270e-73 1.663702e-68 7.800023e-64 1.123703e-59 3.991886e-56 2.657409e-53 2.795237e-51 8.269008e-50 1.919866e-48 4.174883e-47 8.488809e-46 1.611603e-44 2.851056e-43 4.686568e-42 7.128773e-41 9.972062e-40 1.270102e-38 1.447400e-37 1.424690e-36 1.105839e-35 4.416426e-35 -5.358632e-34 -1.701292e-32 -2.857713e-31 -3.789534e-30 -4.327607e-29 -4.399825e-28 -4.046292e-27 -3.394909e-26 -2.611347e-25 -1.846664e-24 -1.202475e-23 -7.215358e-23 -3.990526e-22 -2.033917e-21 -9.550079e-21 -4.128908e-20 -1.642804e-19 -6.012414e-19 -2.023386e-18 -6.260871e-18 -1.781661e-17 -4.666034e-17 -1.125966e-16 -2.507980e-16 -5.168399e-16 -9.882194e-16 -1.758813e-15 -2.923905e-15 -4.556423e-15 -6.678883e-15 -9.238661e-15 -1.209506e-14 -1.502454e-14 -1.774613e-14 -1.996331e-14 -2.141428e-14 -2.191927e-14 -2.141428e-14 -1.996331e-14 -1.774613e-14 -1.502454e-14 -1.209506e-14 -9.238661e-15 -6.678883e-15 -4.556423e-15 -2.923905e-15 -1.758813e-15 -9.882194e-16 -5.168399e-16 -2.507980e-16 -1.125966e-16 -4.666034e-17 -1.781661e-17 -6.260871e-18 -2.023386e-18 -6.012414e-19 -1.642804e-19 -4.128908e-20 -9.550079e-21 -2.033917e-21 -3.990526e-22 -7.215358e-23 -1.202475e-23 -1.846664e-24 -2.611347e-25 -3.394909e-26 -4.046292e-27 -4.399825e-28 -4.327607e-29 -3.789534e-30 -2.857713e-31 -1.701292e-32 -5.358632e-34 4.416426e-35 1.105839e-35 1.424690e-36 1.447400e-37 1.270102e-38 9.972062e-40 7.128773e-41 4.686568e-42 2.851056e-43 1.611603e-44 8.488809e-46 4.174883e-47 1.919866e-48 8.269008e-50 2.795237e-51 2.657409e-53 3.991886e-56 1.123703e-59 7.800023e-64 1.663702e-68 1.285270e-73 0.000000e+00
0.000000e+00 3.953232e-72 4.865716e-67 2.170653e-62 2.977051e-58 1.007113e-54 6.385242e-52 6.398886e-50 1.806333e-48 4.005165e-47 8.312758e-46 1.611603e-44 2.912675e-43 4.893475e-42 7.611110e-41 1.089146e-39 1.419719e-38 1.656518e-37 1.669953e-36 1.327322e-35 5.402330e-35 -6.859391e-34 -2.223446e-32 -3.834286e-31 -5.227345e-30 -6.143122e-29 -6.432702e-28 -6.098051e-27 -5.278327e-26 -4.192069e-25 -3.063461e-24 -2.063139e-23 -1.281460e-22 -7.342332e-22 -3.880124e-21 -1.890435e-20 -8.486703e-20 -3.508375e-19 -1.334752e-18 -4.670984e-18 -1.503158e-17 -4.448341e-17 -1.211090e-16 -3.036325e-16 -7.020601e-16 -1.500316e-15 -2.971387e-15 -5.471539e-15 -9.401494e-15 -1.513096e-14 -2.289636e-14 -3.269485e-14 -4.420467e-14 -5.675955e-14 -6.939312e-14 -8.095243e-14 -9.026211e-14 -9.630811e-14 -9.840428e-14 -9.630811e-14 -9.026211e-14 -8.095243e-14 -6.939312e-14 -5.675955e-14 -4.420467e-14 -3.269485e-14 -2.289636e-14 -1.513096e-14 -9.401494e-15 -5.471539e-15 -2.971387e-15 -1.500316e-15 -7.020601e-16 -3.036325e-16 -1.211090e-16 -4.448341e-17 -1.503158e-17 -4.670984e-18 -1.334752e-18 -3.508375e-19 -8.486703e-20 -1.890435e-20 -3.880124e-21 -7.342332e-22 -1.281460e-22 -2.063139e-23 -3.063461e-24 -4.192069e-25 -5.278327e-26 -6.098051e-27 -6.432702e-28 -6.143122e-29 -5.227345e-30 -3.834286e-31 -2.223446e-32 -6.859391e-34 5.402330e-35 1.327322e-35 1.669953e-36 1.656518e-37 1.419719e-38 1.089146e-39 7.611110e-41 4.893475e-42 2.912675e-43 1.611603e-44 8.312758e-46 4.005165e-47 1.806333e-48 6.398886e-50 6.385242e-52 1.007113e-54 2.977051e-58 2.170653e-62 4.865716e-67 3.953232e-72 0.000000e+00
0.000000e+00 1.134382e-70 1.328783e-65 5.644487e-61 7.373609e-57 2.376129e-53 1.434913e-50 1.369801e-48 3.688634e-47 7.806077e-46 1.544789e-44 2.851056e-43 4.893475e-42 7.778982e-41 1.138223e-39 1.517756e-38 1.812325e-37 1.870379e-36 1.521845e-35 6.317479e-35 -8.353566e-34 -2.766585e-32 -4.895959e-31 -6.858016e-30 -8.287984e-29 -8.931826e-28 -8.720917e-27 -7.780901e-26 -6.374799e-25 -4.809507e-24 -3.346686e-23 -2.149502e-22 -1.274551e-21 -6.975793e-21 -3.522511e-20 -1.640077e-19 -7.035920e-19 -2.779132e-18 -1.010062e-17 -3.376198e-17 -1.037663e-16 -2.932940e-16 -7.628704e-16 -1.828244e-15 -4.044557e-15 -8.280726e-15 -1.573986e-14 -2.787776e-14 -4.619216e-14 -7.189769e-14 -1.055488e-13 -1.467049e-13 -1.937346e-13 -2.438288e-13 -2.932428e-13 -3.377373e-13 -3.731439e-13 -3.959539e-13 -4.038305e-13 -3.959539e-13 -3.731439e-13 -3.377373e-13 -2.932428e-13 -2.438288e-13 -1.937346e-13 -1.467049e-13 -1.055488e-13 -7.189769e-14 -4.619216e-14 -2.787776e-14 -1.573986e-14 -8.280726e-15 -4.044557e-15 -1.828244e-15 -7.628704e-16 -2.932940e-16 -1.037663e-16 -3.376198e-17 -1.010062e-17 -2.779132e-18 -7.035920e-19 -1.640077e-19 -3.522511e-20 -6.975793e-21 -1.274551e-21 -2.149502e-22 -3.346686e-23 -4.809507e-24 -6.374799e-25 -7.780901e-26 -8.720917e-27 -8.931826e-28 -8.287984e-29 -6.858016e-30 -4.895959e-31 -2.766585e-32 -8.353566e-34 6.317479e-35 1.521845e-35 1.870379e-36 1.812325e-37 1.517756e-38 1.138223e-39 7.778982e-41 4.893475e-42 2.851056e-43 1.544789e-44 7.806077e-46 3.688634e-47 1.369801e-48 1.434913e-50 2.376129e-53 7.373609e-57 5.644487e-61 1.328783e-65 1.134382e-70 0.000000e+00
0.000000e+00 3.038318e-69 3.389518e-64 1.371709e-59 1.707335e-55 5.241478e-52 3.014433e-49 2.740088e-47 7.034009e-46 1.419306e-44 2.673860e-43 4.686568e-42 7.611110e-41 1.138223e-39 1.551905e-38 1.895600e-37 2.001913e-36 1.666991e-35 7.063742e-35 -9.681595e-34 -3.278298e-32 -5.951245e-31 -8.560172e-30 -1.063137e-28 -1.178304e-27 -1.184057e-26 -1.088062e-25 -9.188127e-25 -7.150330e-24 -5.136135e-23 -3.407896e-22 -2.089105e-21 -1.182960e-20 -6.184524e-20 -2.983150e-19 -1.326579e-18 -5.433985e-18 -2.048732e-17 -7.104616e-17 -2.265107e-16 -6.638616e-16 -1.789171e-15 -4.438155e-15 -1.014869e-14 -2.144218e-14 -4.198406e-14 -7.646025e-14 -1.300491e-13 -2.074912e-13 -3.119141e-13 -4.436868e-13 -5.996039e-13 -7.726343e-13 -9.523326e-13 -1.125863e-12 -1.279469e-12 -1.400135e-12 -1.477205e-12 -1.503704e-12 -1.477205e-12 -1.400135e-12 -1.279469e-12 -1.125863e-12 -9.523326e-13 -7.726343e-13 -5.996039e-13 -4.436868e-13 -3.119141e-13 -2.074912e-13 -1.300491e-13 -7.646025e-14 -4.198406e-14 -2.144218e-14 -1.014869e-14 -4.438155e-15 -1.789171e-15 -6.638616e-16 -2.265107e-16 -7.104616e-17 -2.048732e-17 -5.433985e-18 -1.326579e-18 -2.983150e-19 -6.184524e-20 -1.182960e-20 -2.089105e-21 -3.407896e-22 -5.136135e-23 -7.150330e-24 -9.188127e-25 -1.088062e-25 -1.184057e-26 -1.178304e-27 -1.063137e-28 -8.560172e-30 -5.951245e-31 -3.278298e-32 -9.681595e-34 7.063742e-35 1.666991e-35 2.001913e-36 1.895600e-37 1.551905e-38 1.138223e-39 7.611110e-41 4.686568e-42 2.673860e-43 1.419306e-44 7.034009e-46 2.740088e-47 3.014433e-49 5.241478e-52 1.707335e-55 1.371709e-59 3.389518e-64 3.038318e-69 0.000000e+00
0.000000e+00 7.598194e-68 8.077163e-63 3.115203e-58 3.694892e-54 1.080523e-50 5.915717e-48 5.116460e-46 1.250752e-44 2.402516e-43 4.298458e-42 7.128773e-41 1.089146e-39 1.517756e-38 1.895600e-37 2.047766e-36 1.744636e-35 7.552799e-35 -1.068094e-33 -3.700244e-32 -6.888058e-31 -1.016834e-29 -1.297012e-28 -1.477393e-27 -1.526839e-26 -1.443970e-25 -1.255808e-24 -1.007223e-23 -7.461986e-23 -5.110208e-22 -3.235635e-21 -1.893746e-20 -1.024003e-19 -5.111901e-19 -2.353903e-18 -9.988767e-18 -3.902507e-17 -1.402523e-16 -4.633520e-16 -1.406598e-15 -3.923602e-15 -1.006205e-14 -2.375155e-14 -5.170672e-14 -1.040986e-13 -1.944957e-13 -3.386451e-13 -5.520015e-13 -8.463983e-13 -1.226632e-12 -1.687843e-12 -2.214375e-12 -2.780411e-12 -3.352245e-12 -3.891742e-12 -4.360392e-12 -4.723347e-12 -4.952967e-12 -5.031539e-12 -4.952967e-12 -4.723347e-12 -4.360392e-12 -3.891742e-12 -3.352245e-12 -2.780411e-12 -2.214375e-12 -1.687843e-12 -1.226632e-12 -8.463983e-13 -5.520015e-13 -3.386451e-13 -1.944957e-13 -1.040986e-13 -5.170672e-14 -2.375155e-14 -1.006205e-14 -3.923602e-15 -1.406598e-15 -4.633520e-16 -1.402523e-16 -3.902507e-17 -9.988767e-18 -2.353903e-18 -5.111901e-19 -1.024003e-19 -1.893746e-20 -3.235635e-21 -5.110208e-22 -7.461986e-23 -1.007223e-23 -1.255808e-24 -1.443970e-25 -1.526839e-26 -1.477393e-27 -1.297012e-28 -1.016834e-29 -6.888058e-31 -3.700244e-32 -1.068094e-33 7.552799e-35 1.744636e-35 2.047766e-36 1.895600e-37 1.517756e-38 1.089146e-39 7.128773e-41 4.298458e-42 2.402516e-43 1.250752e-44 5.116460e-46 5.915717e-48 1.080523e-50 3.694892e-54 3.115203e-58 8.077163e-63 7.598194e-68 0.000000e+00
0.000000e+00 1.774381e-66 1.798029e-61 6.609909e-57 7.470243e-53 2.080199e-49 1.083383e-46 8.905010e-45 2.069571e-43 3.775349e-42 6.391409e-41 9.972062e-40 1.419719e-38 1.812325e-37 2.001913e-36 1.744636e-35 7.723167e-35 -1.121824e-33 -3.978818e-32 -7.592431e-31 -1.149720e-29 -1.505285e-28 -1.761079e-27 -1.870528e-26 -1.819295e-25 -1.628301e-24 -1.344933e-23 -1.026819e-22 -7.251767e-22 -4.738384e-21 -2.863854e-20 -1.600180e-19 -8.259397e-19 -3.934430e-18 -1.727897e-17 -6.988572e-17 -2.600399e-16 -8.893472e-16 -2.793689e-15 -8.057603e-15 -2.134078e-14 -5.194222e-14 -1.163582e-13 -2.404768e-13 -4.600085e-13 -8.177917e-13 -1.357523e-12 -2.114903e-12 -3.108402e-12 -4.332148e-12 -5.752806e-12 -7.311099e-12 -8.927369e-12 -1.050977e-11 -1.196344e-11 -1.319914e-11 -1.414050e-11 -1.472947e-11 -1.492988e-11 -1.472947e-11 -1.414050e-11 -1.319914e-11 -1.196344e-11 -1.050977e-11 -8.927369e-12 -7.311099e-12 -5.752806e-12 -4.332148e-12 -3.108402e-12 -2.114903e-12 -1.357523e-12 -8.177917e-13 -4.600085e-13 -2.404768e-13 -1.163582e-13 -5.194222e-14 -2.134078e-14 -8.057603e-15 -2.793689e-15 -8.893472e-16 -2.600399e-16 -6.988572e-17 -1.727897e-17 -3.934430e-18 -8.259397e-19 -1.600180e-19 -2.863854e-20 -4.738384e-21 -7.251767e-22 -1.026819e-22 -1.344933e-23 -1.628301e-24 -1.819295e-25 -1.870528e-26 -1.761079e-27 -1.505285e-28 -1.149720e-29 -7.592431e-31 -3.978818e-32 -1.121824e-33 7.723167e-35 1.744636e-35 2.001913e-36 1.812325e-37 1.419719e-38 9.972062e-40 6.391409e-41 3.775349e-42 2.069571e-43 8.905010e-45 1.083383e-46 2.080199e-49 7.470243e-53 6.609909e-57 1.798029e-61 1.774381e-66 0.000000e+00
0.000000e+00 3.869176e-65 3.738070e-60 1.309769e-55 1.409985e-51 3.736158e-48 1.848858e-45 1.441693e-43 3.177451e-42 5.484663e-41 8.735505e-40 1.270102e-38 1.656518e-37 1.870379e-36 1.666991e-35 7.552799e-35 -1.121824e-33 -4.076221e-32 -7.970954e-31 -1.237575e-29 -1.662232e-28 -1.996180e-27 -2.177691e-26 -2.176796e-25 -2.003592e-24 -1.703018e-23 -1.338886e-22 -9.743480e-22 -6.564604e-21 -4.093727e-20 -2.361551e-19 -1.259184e-18 -6.199528e-18 -2.815229e-17 -1.177687e-16 -4.532913e-16 -1.603451e-15 -5.207551e-15 -1.551669e-14 -4.240544e-14 -1.063210e-13 -2.448109e-13 -5.186548e-13 -1.013927e-12 -1.836043e-12 -3.094157e-12 -4.878533e-12 -7.237177e-12 -1.015883e-11 -1.356719e-11 -1.732733e-11 -2.126175e-11 -2.517114e-11 -2.885526e-11 -3.213003e-11 -3.483917e-11 -3.686034e-11 -3.810707e-11 -3.852827e-11 -3.810707e-11 -3.686034e-11 -3.483917e-11 -3.213003e-11 -2.885526e-11 -2.517114e-11 -2.126175e-11 -1.732733e-11 -1.356719e-11 -1.015883e-11 -7.237177e-12 -4.878533e-12 -3.094157e-12 -1.836043e-12 -1.013927e-12 -5.186548e-13 -2.448109e-13 -1.063210e-13 -4.240544e-14 -1.551669e-14 -5.207551e-15 -1.603451e-15 -4.532913e-16 -1.177687e-16 -2.815229e-17 -6.199528e-18 -1.259184e-18 -2.361551e-19 -4.093727e-20 -6.564604e-21 -9.743480e-22 -1.338886e-22 -1.703018e-23 -2.003592e-24 -2.176796e-25 -2.177691e-26 -1.996180e-27 -1.662232e-28 -1.237575e-29 -7.970954e-31 -4.076221e-32 -1.121824e-33 7.552799e-35 1.666991e-35 1.870379e-36 1.656518e-37 1.270102e-38 8.735505e-40 5.484663e-41 3.177451e-42 1.441693e-43 1.848858e-45 3.736158e-48 1.409985e-51 1.309769e-55 3.738070e-60 3.869176e-65 0.000000e+00
0.000000e+00 7.876213e-64 7.254618e-59 2.422049e-54 2.482029e-50 6.251480e-47 2.934311e-44 2.164924e-42 4.507795e-41 7.320508e-40 1.086586e-38 1.447400e-37 1.669953e-36 1.521845e-35 7.063742e-35 -1.068094e-33 -3.978818e-32 -7.970954e-31 -1.268315e-29 -1.746688e-28 -2.151917e-27 -2.409750e-26 -2.474005e-25 -2.340260e-24 -2.045583e-23 -1.654854e-22 -1.240013e-21 -8.607821e-21 -5.534117e-20 -3.293319e-19 -1.812499e-18 -9.215510e-18 -4.323429e-17 -1.869078e-16 -7.435582e-16 -2.718277e-15 -9.120251e-15 -2.805329e-14 -7.904936e-14 -2.040039e-13 -4.823755e-13 -1.046394e-12 -2.087219e-12 -3.841339e-12 -6.552108e-12 -1.041334e-11 -1.551284e-11 -2.179601e-11 -2.906144e-11 -3.698867e-11 -4.518745e-11 -5.325339e-11 -6.081637e-11 -6.757269e-11 -7.329850e-11 -7.784666e-11 -8.113247e-11 -8.311452e-11 -8.377651e-11 -8.311452e-11 -8.113247e-11 -7.784666e-11 -7.329850e-11 -6.757269e-11 -6.081637e-11 -5.325339e-11 -4.518745e-11 -3.698867e-11 -2.906144e-11 -2.179601e-11 -1.551284e-11 -1.041334e-11 -6.552108e-12 -3.841339e-12 -2.087219e-12 -1.046394e-12 -4.823755e-13 -2.040039e-13 -7.904936e-14 -2.805329e-14 -9.120251e-15 -2.718277e-15 -7.435582e-16 -1.869078e-16 -4.323429e-17 -9.215510e-18 -1.812499e-18 -3.293319e-19 -5.534117e-20 -8.607821e-21 -1.240013e-21 -1.654854e-22 -2.045583e-23 -2.340260e-24 -2.474005e-25 -2.409750e-26 -2.151917e-27 -1.746688e-28 -1.268315e-29 -7.970954e-31 -3.978818e-32 -1.068094e-33 7.063742e-35 1.521845e-35 1.669953e-36 1.447400e-37 1.086586e-38 7.320508e-40 4.507795e-41 2.164924e-42 2.934311e-44 6.251480e-47 2.482029e-50 2.422049e-54 7.254618e-59 7.876213e-64 0.000000e+00
0.000000e+00 1.496046e-62 1.313400e-57 4.175710e-53 4.069225e-49 9.726029e-46 4.319008e-43 3.003048e-41 5.872632e-40 8.888193e-39 1.208802e-37 1.424690e-36 1.327322e-35 6.317479e-35 -9.681595e-34 -3.700244e-32 -7.592431e-31 -1.237575e-29 -1.746688e-28 -2.206462e-27 -2.534815e-26 -2.671298e-25 -2.595291e-24 -2.331303e-23 -1.939391e-22 -1.495281e-21 -1.068681e-20 -7.078230e-20 -4.341967e-19 -2.464604e-18 -1.293069e-17 -6.262481e-17 -2.795723e-16 -1.148670e-15 -4.336717e-15 -1.502145e-14 -4.766711e-14 -1.384058e-13 -3.674178e-13 -8.915132e-13 -1.978300e-12 -4.020914e-12 -7.506017e-12 -1.292030e-11 -2.061318e-11 -3.066564e-11 -4.282077e-11 -5.650479e-11 -7.092951e-11 -8.523835e-11 -9.865092e-11 -1.105698e-10 -1.206331e-10 -1.287123e-10 -1.348698e-10 -1.392922e-10 -1.422176e-10 -1.438686e-10 -1.444004e-10 -1.438686e-10 -1.422176e-10 -1.392922e-10 -1.348698e-10 -1.287123e-10 -1.206331e-10 -1.105698e-10 -9.865092e-11 -8.523835e-11 -7.092951e-11 -5.650479e-11 -4.282077e-11 -3.066564e-11 -2.061318e-11 -1.292030e-11 -7.506017e-12 -4.020914e-12 -1.978300e-12 -8.915132e-13 -3.674178e-13 -1.384058e-13 -4.766711e-14 -1.502145e-14 -4.336717e-15 -1.148670e-15 -2.795723e-16 -6.262481e-17 -1.293069e-17 -2.464604e-18 -4.341967e-19 -7.078230e-20 -1.068681e-20 -1.495281e-21 -1.939391e-22 -2.331303e-23 -2.595291e-24 -2.671298e-25 -2.534815e-26 -2.206462e-27 -1.746688e-28 -1.237575e-29 -7.592431e-31 -3.700244e-32 -9.681595e-34 6.317479e-35 1.327322e-35 1.424690e-36 1.208802e-37 8.888193e-39 5.872632e-40 3.003048e-41 4.319008e-43 9.726029e-46 4.069225e-49 4.175710e-53 1.313400e-57 1.496046e-62 0.000000e+00
0.000000e+00 2.649713e-61 2.215997e-56 6.702658e-52 6.201658e-48 1.403191e-44 5.872425e-42 3.824461e-40 6.956251e-39 9.647614e-38 1.161205e-36 1.105839e-35 5.402330e-35 -8.353566e-34 -3.278298e-32 -6.888058e-31 -1.149720e-29 -1.662232e-28 -2.151917e-27 -2.534815e-26 -2.740469e-25 -2.732956e-24 -2.521379e-23 -2.155519e-22 -1.708890e-21 -1.256615e-20 -8.568356e-20 -5.414106e-19 -3.167309e-18 -1.713497e-17 -8.560707e-17 -3.943645e-16 -1.672303e-15 -6.516054e-15 -2.328683e-14 -7.619155e-14 -2.278471e-13 -6.218760e-13 -1.547609e-12 -3.510550e-12 -7.262743e-12 -1.372763e-11 -2.377947e-11 -3.791995e-11 -5.598557e-11 -7.703610e-11 -9.949008e-11 -1.214543e-10 -1.411223e-10 -1.571148e-10 -1.686785e-10 -1.757256e-10 -1.787424e-10 -1.786186e-10 -1.764524e-10 -1.733685e-10 -1.703722e-10 -1.682454e-10 -1.674806e-10 -1.682454e-10 -1.703722e-10 -1.733685e-10 -1.764524e-10 -1.786186e-10 -1.787424e-10 -1.757256e-10 -1.686785e-10 -1.571148e-10 -1.411223e-10 -1.214543e-10 -9.949008e-11 -7.703610e-11 -5.598557e-11 -3.791995e-11 -2.377947e-11 -1.372763e-11 -7.262743e-12 -3.510550e-12 -1.547609e-12 -6.218760e-13 -2.278471e-13 -7.619155e-14 -2.328683e-14 -6.516054e-15 -1.672303e-15 -3.943645e-16 -8.560707e-17 -1.713497e-17 -3.167309e-18 -5.414106e-19 -8.568356e-20 -1.256615e-20 -1.708890e-21 -2.155519e-22 -2.521379e-23 -2.732956e-24 -2.740469e-25 -2.534815e-26 -2.151917e-27 -1.662232e-28 -1.149720e-29 -6.888058e-31 -3.278298e-32 -8.353566e-34 5.402330e-35 1.105839e-35 1.161205e-36 9.647614e-38 6.956251e-39 3.824461e-40 5.872425e-42 1.403191e-44 6.201658e-48 6.702658e-52 2.215997e-56 2.649713e-61 0.000000e+00
0.000000e+00 4.371746e-60 3.479753e-55 9.998389e-51 8.763236e-47 1.870142e-43 7.332584e-41 4.428375e-39 7.363310e-38 9.040291e-37 8.799060e-36 4.416426e-35 -6.859391e-34 -2.766585e-32 -5.951245e-31 -1.016834e-29 -1.505285e-28 -1.996180e-27 -2.409750e-26 -2.671298e-25 -2.732956e-24 -2.588092e-23 -2.272375e-22 -1.851304e-21 -1.399755e-20 -9.819339e-20 -6.386895e-19 -3.848259e-18 -2.145270e-17 -1.104891e-16 -5.248850e-16 -2.295752e-15 -9.226656e-15 -3.400275e-14 -1.146562e-13 -3.529907e-13 -9.902130e-13 -2.526546e-12 -5.855899e-12 -1.232178e-11 -2.354769e-11 -4.094066e-11 -6.496278e-11 -9.450909e-11 -1.267856e-10 -1.578327e-10 -1.834783e-10 -2.003253e-10 -2.064395e-10 -2.015866e-10 -1.870523e-10 -1.652024e-10 -1.389553e-10 -1.113086e-10 -8.499362e-11 -6.227618e-11 -4.487929e-11 -3.398646e-11 -3.028132e-11 -3.398646e-11 -4.487929e-11 -6.227618e-11 -8.499362e-11 -1.113086e-10 -1.389553e-10 -1.652024e-10 -1.870523e-10 -2.015866e-10 -2.064395e-10 -2.003253e-10 -1.834783e-10 -1.578327e-10 -1.267856e-10 -9.450909e-11 -6.496278e-11 -4.094066e-11 -2.354769e-11 -1.232178e-11 -5.855899e-12 -2.526546e-12 -9.902130e-13 -3.529907e-13 -1.146562e-13 -3.400275e-14 -9.226656e-15 -2.295752e-15 -5.248850e-16 -1.104891e-16 -2.145270e-17 -3.848259e-18 -6.386895e-19 -9.819339e-20 -1.399755e-20 -1.851304e-21 -2.272375e-22 -2.588092e-23 -2.732956e-24 -2.671298e-25 -2.409750e-26 -1.996180e-27 -1.505285e-28 -1.016834e-29 -5.951245e-31 -2.766585e-32 -6.859391e-34 4.416426e-35 8.799060e-36 9.040291e-37 7.363310e-38 4.428375e-39 7.332584e-41 1.870142e-43 8.763236e-47 9.998389e-51 3.479753e-55 4.371746e-60 0.000000e+00
0.000000e+00 6.710219e-59 5.076296e-54 1.382548e-49 1.143909e-45 2.289710e-42 8.331013e-40 4.584202e-38 6.727268e-37 6.685161e-36 3.450764e-35 -5.358632e-34 -2.223446e-32 -4.895959e-31 -8.560172e-30 -1.297012e-28 -1.761079e-27 -2.177691e-26 -2.474005e-25 -2.595291e-24 -2.521379e-23 -2.272375e-22 -1.901343e-21 -1.477274e-20 -1.065517e-19 -7.129784e-19 -4.421697e-18 -2.538394e-17 -1.346910e-16 -6.594452e-16 -2.973276e-15 -1.231901e-14 -4.679380e-14 -1.625518e-13 -5.150598e-13 -1.484696e-12 -3.883372e-12 -9.194752e-12 -1.966880e-11 -3.796298e-11 -6.609043e-11 -1.038664e-10 -1.476565e-10 -1.904162e-10 -2.233407e-10 -2.383922e-10 -2.305089e-10 -1.986876e-10 -1.457891e-10 -7.741172e-11 -4.015799e-13 7.850134e-11 1.536028e-10 2.206979e-10 2.770971e-10 3.213750e-10 3.529877e-10 3.718793e-10 3.781566e-10 3.718793e-10 3.529877e-10 3.213750e-10 2.770971e-10 2.206979e-10 1.536028e-10 7.850134e-11 -4.015799e-13 -7.741172e-11 -1.457891e-10 -1.986876e-10 -2.305089e-10 -2.383922e-10 -2.233407e-10 -1.904162e-10 -1.476565e-10 -1.038664e-10 -6.609043e-11 -3.796298e-11 -1.966880e-11 -9.194752e-12 -3.883372e-12 -1.484696e-12 -5.150598e-13 -1.625518e-13 -4.679380e-14 -1.231901e-14 -2.973276e-15 -6.594452e-16 -1.346910e-16 -2.538394e-17 -4.421697e-18 -7.129784e-19 -1.065517e-19 -1.477274e-20 -1.901343e-21 -2.272375e-22 -2.521379e-23 -2.595291e-24 -2.474005e-25 -2.177691e-26 -1.761079e-27 -1.297012e-28 -8.560172e-30 -4.895959e-31 -2.223446e-32 -5.358632e-34 3.450764e-35 6.685161e-36 6.727268e-37 4.584202e-38 8.331013e-40 2.289710e-42 1.143909e-45 1.382548e-49 5.076296e-54 6.710219e-59 0.000000e+00
0.000000e+00 9.564644e-58 6.862675e-53 1.765886e-48 1.372055e-44 2.553058e-41 8.477881e-39 4.102677e-37 4.853376e-36 2.576325e-35 -3.981121e-34 -1.701292e-32 -3.834286e-31 -6.858016e-30 -1.063137e-28 -1.477393e-27 -1.870528e-26 -2.176796e-25 -2.340260e-24 -2.331303e-23 -2.155519e-22 -1.851304e-21 -1.477274e-20 -1.094917e-19 -7.532741e-19 -4.805624e-18 -2.839352e-17 -1.551288e-16 -7.823262e-16 -3.634250e-15 -1.551576e-14 -6.072312e-14 -2.172414e-13 -7.083059e-13 -2.097872e-12 -5.625131e-12 -1.360667e-11 -2.958727e-11 -5.763871e-11 -1.002786e-10 -1.553545e-10 -2.136687e-10 -2.596999e-10 -2.761514e-10 -2.501526e-10 -1.776831e-10 -6.436428e-11 7.693954e-11 2.301535e-10 3.799637e-10 5.145564e-10 6.268204e-10 7.142239e-10 7.778500e-10 8.211004e-10 8.484106e-10 8.641987e-10 8.720959e-10 8.744575e-10 8.720959e-10 8.641987e-10 8.484106e-10 8.211004e-10 7.778500e-10 7.142239e-10 6.268204e-10 5.145564e-10 3.799637e-10 2.301535e-10 7.693954e-11 -6.436428e-11 -1.776831e-10 -2.501526e-10 -2.761514e-10 -2.596999e-10 -2.136687e-10 -1.553545e-10 -1.002786e-10 -5.763871e-11 -2.958727e-11 -1.360667e-11 -5.625131e-12 -2.097872e-12 -7.083059e-13 -2.172414e-13 -6.072312e-14 -1.551576e-14 -3.634250e-15 -7.823262e-16 -1.551288e-16 -2.839352e-17 -4.805624e-18 -7.532741e-19 -1.094917e-19 -1.477274e-20 -1.851304e-21 -2.155519e-22 -2.331303e-23 -2.340260e-24 -2.176796e-25 -1.870528e-26 -1.477393e-27 -1.063137e-28 -6.858016e-30 -3.834286e-31 -1.701292e-32 -3.981121e-34 2.576325e-35 4.853376e-36 4.102677e-37 8.477881e-39 2.553058e-41 1.372055e-44 1.765886e-48 6.862675e-53 9.564644e-58 0.000000e+00
0.000000e+00 1.263001e-56 8.568447e-52 2.072809e-47 1.499826e-43 2.554772e-40 7.493182e-38 2.917153e-36 1.839942e-35 -2.811402e-34 -1.238953e-32 -2.857713e-31 -5.227345e-30 -8.287984e-29 -1.178304e-27 -1.526839e-26 -1.819295e-25 -2.003592e-24 -2.045583e-23 -1.939391e-22 -1.708890e-21 -1.399755e-20 -1.065517e-19 -7.532741e-19 -4.940806e-18 -3.002839e-17 -1.688376e-16 -8.765983e-16 -4.193666e-15 -1.844117e-14 -7.433436e-14 -2.738152e-13 -9.185398e-13 -2.795435e-12 -7.685430e-12 -1.899808e-11 -4.200496e-11 -8.258149e-11 -1.433785e-10 -2.179657e-10 -2.865713e-10 -3.186952e-10 -2.843372e-10 -1.681391e-10 2.282999e-11 2.618070e-10 5.121403e-10 7.384146e-10 9.147953e-10 1.028600e-09 1.079596e-09 1.076839e-09 1.034609e-09 9.688333e-10 8.945024e-10 8.241888e-10 7.674796e-10 7.309376e-10 7.183489e-10 7.309376e-10 7.674796e-10 8.241888e-10 8.945024e-10 9.688333e-10 1.034609e-09 1.076839e-09 1.079596e-09 1.028600e-09 9.147953e-10 7.384146e-10 5.121403e-10 2.618070e-10 2.282999e-11 -1.681391e-10 -2.843372e-10 -3.186952e-10 -2.865713e-10 -2.179657e-10 -1.433785e-10 -8.258149e-11 -4.200496e-11 -1.899808e-11 -7.685430e-12 -2.795435e-12 -9.185398e-13 -2.738152e-13 -7.433436e-14 -1.844117e-14 -4.193666e-15 -8.765983e-16 -1.688376e-16 -3.002839e-17 -4.940806e-18 -7.532741e-19 -1.065517e-19 -1.399755e-20 -1.708890e-21 -1.939391e-22 -2.045583e-23 -2.003592e-24 -1.819295e-25 -1.526839e-26 -1.178304e-27 -8.287984e-29 -5.227345e-30 -2.857713e-31 -1.238953e-32 -2.811402e-34 1.839942e-35 2.917153e-36 7.493182e-38 2.554772e-40 1.499826e-43 2.072809e-47 8.568447e-52 1.263001e-56 0.000000e+00
