0.000000e+00 1.933576e-106 4.666285e-101 3.988142e-96 1.027868e-91 6.431285e-88 7.442081e-85 1.341369e-82 6.635826e-81 2.531899e-79 8.993148e-78 2.975737e-76 9.181218e-75 2.643273e-73 7.104729e-72 1.783461e-70 4.181765e-69 9.158563e-68 1.873175e-66 3.576338e-65 6.369969e-64 1.057528e-62 1.634486e-61 2.348058e-60 3.128530e-59 3.854830e-58 4.374506e-57 4.544934e-56 4.283568e-55 3.606043e-54 2.631995e-53 1.551716e-52 5.658310e-52 -1.759445e-51 -6.111503e-50 -7.642599e-49 -7.165615e-48 -5.652198e-47 -3.904640e-46 -2.405848e-45 -1.334658e-44 -6.700909e-44 -3.053607e-43 -1.264995e-42 -4.767618e-42 -1.635285e-41 -5.105114e-41 -1.450590e-40 -3.751778e-40 -8.834156e-40 -1.894482e-39 -3.702240e-39 -6.598141e-39 -1.073391e-38 -1.595512e-38 -2.169036e-38 -2.699173e-38 -3.076696e-38 -3.213769e-38 -3.076696e-38 -2.699173e-38 -2.169036e-38 -1.595512e-38 -1.073391e-38 -6.598141e-39 -3.702240e-39 -1.894482e-39 -8.834156e-40 -3.751778e-40 -1.450590e-40 -5.105114e-41 -1.635285e-41 -4.767618e-42 -1.264995e-42 -3.053607e-43 -6.700909e-44 -1.334658e-44 -2.405848e-45 -3.904640e-46 -5.652198e-47 -7.165615e-48 -7.642599e-49 -6.111503e-50 -1.759445e-51 5.658310e-52 1.551716e-52 2.631995e-53 3.606043e-54 4.283568e-55 4.544934e-56 4.374506e-57 3.854830e-58 3.128530e-59 2.348058e-60 1.634486e-61 1.057528e-62 6.369969e-64 3.576338e-65 1.873175e-66 9.158563e-68 4.181765e-69 1.783461e-70 7.104729e-72 2.643273e-73 9.181218e-75 2.975737e-76 8.993148e-78 2.531899e-79 6.635826e-81 1.341369e-82 7.442081e-85 6.431285e-88 1.027868e-91 3.988142e-96 4.666285e-101 1.933576e-106 0.000000e+00
0.000000e+00 7.251854e-101 1.621731e-95 1.289788e-90 3.104426e-86 1.819577e-82 1.977669e-79 3.356820e-77 1.569093e-75 5.671729e-74 1.911479e-72 6.009083e-71 1.763391e-69 4.833076e-68 1.237612e-66 2.961461e-65 6.621919e-64 1.383357e-62 2.698895e-61 4.914408e-60 8.344622e-59 1.319680e-57 1.940667e-56 2.647903e-55 3.342092e-54 3.885655e-53 4.135633e-52 3.990546e-51 3.433329e-50 2.549333e-49 1.506983e-48 5.060485e-48 -2.849769e-47 -7.754447e-46 -9.652617e-45 -9.237717e-44 -7.502353e-43 -5.360735e-42 -3.427174e-41 -1.977665e-40 -1.035129e-39 -4.927811e-39 -2.136900e-38 -8.447221e-38 -3.044968e-37 -1.000994e-36 -3.001024e-36 -8.205874e-36 -2.046844e-35 -4.659312e-35 -9.685173e-35 -1.839973e-34 -3.198049e-34 -5.091352e-34 -7.433174e-34 -9.963266e-34 -1.227279e-33 -1.390367e-33 -1.449332e-33 -1.390367e-33 -1.227279e-33 -9.963266e-34 -7.433174e-34 -5.091352e-34 -3.198049e-34 -1.839973e-34 -9.685173e-35 -4.659312e-35 -2.046844e-35 -8.205874e-36 -3.001024e-36 -1.000994e-36 -3.044968e-37 -8.447221e-38 -2.136900e-38 -4.927811e-39 -1.035129e-39 -1.977665e-40 -3.427174e-41 -5.360735e-42 -7.502353e-43 -9.237717e-44 -9.652617e-45 -7.754447e-46 -2.849769e-47 5.060485e-48 1.506983e-48 2.549333e-49 3.433329e-50 3.990546e-51 4.135633e-52 3.885655e-53 3.342092e-54 2.647903e-55 1.940667e-56 1.319680e-57 8.344622e-59 4.914408e-60 2.698895e-61 1.383357e-62 6.621919e-64 2.961461e-65 1.237612e-66 4.833076e-68 1.763391e-69 6.009083e-71 1.911479e-72 5.671729e-74 1.569093e-75 3.356820e-77 1.977669e-79 1.819577e-82 3.104426e-86 1.289788e-90 1.621731e-95 7.251854e-101 0.000000e+00
0.000000e+00 1.029771e-95 2.142947e-90 1.591657e-85 3.588746e-81 1.975608e-77 2.021346e-74 3.237132e-72 1.432069e-70 4.910775e-69 1.572155e-67 4.700021e-66 1.312803e-64 3.427289e-63 8.364333e-62 1.908277e-60 4.069116e-59 8.106600e-58 1.507961e-56 2.616793e-55 4.231047e-54 6.363680e-53 8.883374e-52 1.147401e-50 1.365263e-49 1.486815e-48 1.466788e-47 1.287586e-46 9.702267e-46 5.719173e-45 1.696081e-44 -1.641839e-43 -3.829030e-42 -4.759910e-41 -4.647265e-40 -3.880605e-39 -2.863066e-38 -1.895430e-37 -1.135258e-36 -6.180009e-36 -3.065650e-35 -1.387767e-34 -5.736988e-34 -2.166488e-33 -7.474272e-33 -2.355735e-32 -6.783490e-32 -1.784979e-31 -4.293787e-31 -9.448381e-31 -1.903611e-30 -3.515588e-30 -5.959200e-30 -9.284503e-30 -1.331428e-29 -1.759653e-29 -2.145682e-29 -2.415998e-29 -2.513320e-29 -2.415998e-29 -2.145682e-29 -1.759653e-29 -1.331428e-29 -9.284503e-30 -5.959200e-30 -3.515588e-30 -1.903611e-30 -9.448381e-31 -4.293787e-31 -1.784979e-31 -6.783490e-32 -2.355735e-32 -7.474272e-33 -2.166488e-33 -5.736988e-34 -1.387767e-34 -3.065650e-35 -6.180009e-36 -1.135258e-36 -1.895430e-37 -2.863066e-38 -3.880605e-39 -4.647265e-40 -4.759910e-41 -3.829030e-42 -1.641839e-43 1.696081e-44 5.719173e-45 9.702267e-46 1.287586e-46 1.466788e-47 1.486815e-48 1.365263e-49 1.147401e-50 8.883374e-52 6.363680e-53 4.231047e-54 2.616793e-55 1.507961e-56 8.106600e-58 4.069116e-59 1.908277e-60 8.364333e-62 3.427289e-63 1.312803e-64 4.700021e-66 1.572155e-67 4.910775e-69 1.432069e-70 3.237132e-72 2.021346e-74 1.975608e-77 3.588746e-81 1.591657e-85 2.142947e-90 1.029771e-95 0.000000e+00
0.000000e+00 4.818464e-91 9.364356e-86 6.515497e-81 1.379779e-76 7.149983e-73 6.899551e-70 1.044180e-67 4.377749e-66 1.425780e-64 4.340024e-63 1.234750e-61 3.284527e-60 8.170609e-59 1.900759e-57 4.134394e-56 8.405077e-55 1.596058e-53 2.828429e-52 4.671921e-51 7.180729e-50 1.024630e-48 1.353027e-47 1.645913e-46 1.831902e-45 1.845192e-44 1.649785e-43 1.258214e-42 7.347530e-42 1.790186e-41 -3.046752e-40 -6.394294e-39 -7.957241e-38 -7.921050e-37 -6.791684e-36 -5.165325e-35 -3.534516e-34 -2.192813e-33 -1.238770e-32 -6.388023e-32 -3.011033e-31 -1.298169e-30 -5.120730e-30 -1.848170e-29 -6.103171e-29 -1.844106e-28 -5.099254e-28 -1.290878e-27 -2.993672e-27 -6.366071e-27 -1.242838e-26 -2.230797e-26 -3.687223e-26 -5.621438e-26 -7.917640e-26 -1.031742e-25 -1.245368e-25 -1.393704e-25 -1.446885e-25 -1.393704e-25 -1.245368e-25 -1.031742e-25 -7.917640e-26 -5.621438e-26 -3.687223e-26 -2.230797e-26 -1.242838e-26 -6.366071e-27 -2.993672e-27 -1.290878e-27 -5.099254e-28 -1.844106e-28 -6.103171e-29 -1.848170e-29 -5.120730e-30 -1.298169e-30 -3.011033e-31 -6.388023e-32 -1.238770e-32 -2.192813e-33 -3.534516e-34 -5.165325e-35 -6.791684e-36 -7.921050e-37 -7.957241e-38 -6.394294e-39 -3.046752e-40 1.790186e-41 7.347530e-42 1.258214e-42 1.649785e-43 1.845192e-44 1.831902e-45 1.645913e-46 1.353027e-47 1.024630e-48 7.180729e-50 4.671921e-51 2.828429e-52 1.596058e-53 8.405077e-55 4.134394e-56 1.900759e-57 8.170609e-59 3.284527e-60 1.234750e-61 4.340024e-63 1.425780e-64 4.377749e-66 1.044180e-67 6.899551e-70 7.149983e-73 1.379779e-76 6.515497e-81 9.364356e-86 4.818464e-91 0.000000e+00
0.000000e+00 6.160649e-87 1.121570e-81 7.329350e-77 1.461048e-72 7.140271e-69 6.508635e-66 9.320672e-64 3.707445e-62 1.147858e-60 3.324542e-59 9.005917e-58 2.282235e-56 5.410459e-55 1.199698e-53 2.487178e-52 4.818026e-51 8.712984e-50 1.469112e-48 2.305613e-47 3.359973e-46 4.531795e-45 5.630206e-44 6.396962e-43 6.569789e-42 5.972306e-41 4.596642e-40 2.637840e-39 4.544607e-39 -1.536796e-37 -2.990746e-36 -3.732461e-35 -3.785871e-34 -3.328920e-33 -2.605765e-32 -1.839769e-31 -1.180019e-30 -6.903603e-30 -3.692569e-29 -1.807997e-28 -8.108716e-28 -3.331901e-27 -1.254372e-26 -4.326453e-26 -1.367115e-25 -3.958234e-25 -1.050443e-24 -2.556769e-24 -5.713057e-24 -1.173415e-23 -2.218764e-23 -3.869095e-23 -6.233889e-23 -9.297715e-23 -1.285977e-22 -1.652024e-22 -1.973755e-22 -2.195259e-22 -2.274333e-22 -2.195259e-22 -1.973755e-22 -1.652024e-22 -1.285977e-22 -9.297715e-23 -6.233889e-23 -3.869095e-23 -2.218764e-23 -1.173415e-23 -5.713057e-24 -2.556769e-24 -1.050443e-24 -3.958234e-25 -1.367115e-25 -4.326453e-26 -1.254372e-26 -3.331901e-27 -8.108716e-28 -1.807997e-28 -3.692569e-29 -6.903603e-30 -1.180019e-30 -1.839769e-31 -2.605765e-32 -3.328920e-33 -3.785871e-34 -3.732461e-35 -2.990746e-36 -1.536796e-37 4.544607e-39 2.637840e-39 4.596642e-40 5.972306e-41 6.569789e-42 6.396962e-43 5.630206e-44 4.531795e-45 3.359973e-46 2.305613e-47 1.469112e-48 8.712984e-50 4.818026e-51 2.487178e-52 1.199698e-53 5.410459e-55 2.282235e-56 9.005917e-58 3.324542e-59 1.147858e-60 3.707445e-62 9.320672e-64 6.508635e-66 7.140271e-69 1.461048e-72 7.329350e-77 1.121570e-81 6.160649e-87 0.000000e+00
0.000000e+00 1.679113e-83 2.871140e-78 1.766189e-73 3.320451e-69 1.532823e-65 1.321585e-62 1.792746e-60 6.771499e-59 1.994438e-57 5.499137e-56 1.418874e-54 3.425899e-53 7.739452e-52 1.635245e-50 3.229386e-49 5.955576e-48 1.024326e-46 1.640203e-45 2.439185e-44 3.357323e-43 4.255813e-42 4.930751e-41 5.156592e-40 4.757693e-39 3.684168e-38 2.057297e-37 1.562009e-37 -1.658059e-35 -3.053652e-34 -3.827851e-33 -3.954073e-32 -3.561517e-31 -2.865282e-30 -2.084008e-29 -1.379500e-28 -8.342296e-28 -4.618837e-27 -2.344085e-26 -1.091062e-25 -4.658419e-25 -1.824433e-24 -6.553493e-24 -2.158958e-23 -6.523372e-23 -1.808353e-22 -4.601827e-22 -1.076005e-21 -2.314680e-21 -4.588401e-21 -8.397440e-21 -1.421837e-20 -2.232052e-20 -3.255557e-20 -4.420402e-20 -5.597021e-20 -6.617858e-20 -7.314604e-20 -7.562253e-20 -7.314604e-20 -6.617858e-20 -5.597021e-20 -4.420402e-20 -3.255557e-20 -2.232052e-20 -1.421837e-20 -8.397440e-21 -4.588401e-21 -2.314680e-21 -1.076005e-21 -4.601827e-22 -1.808353e-22 -6.523372e-23 -2.158958e-23 -6.553493e-24 -1.824433e-24 -4.658419e-25 -1.091062e-25 -2.344085e-26 -4.618837e-27 -8.342296e-28 -1.379500e-28 -2.084008e-29 -2.865282e-30 -3.561517e-31 -3.954073e-32 -3.827851e-33 -3.053652e-34 -1.658059e-35 1.562009e-37 2.057297e-37 3.684168e-38 4.757693e-39 5.156592e-40 4.930751e-41 4.255813e-42 3.357323e-43 2.439185e-44 1.640203e-45 1.024326e-46 5.955576e-48 3.229386e-49 1.635245e-50 7.739452e-52 3.425899e-53 1.418874e-54 5.499137e-56 1.994438e-57 6.771499e-59 1.792746e-60 1.321585e-62 1.532823e-65 3.320451e-69 1.766189e-73 2.871140e-78 1.679113e-83 0.000000e+00
0.000000e+00 7.481869e-81 1.204450e-75 6.988703e-71 1.241269e-66 5.420432e-63 4.425735e-60 5.692470e-58 2.043439e-56 5.729353e-55 1.504578e-53 3.698614e-52 8.509455e-51 1.831613e-49 3.686033e-48 6.929050e-47 1.215093e-45 1.984182e-44 3.009536e-43 4.224944e-42 5.461183e-41 6.447819e-40 6.861197e-39 6.418340e-38 4.990332e-37 2.687559e-36 -1.308618e-36 -2.943080e-34 -5.220289e-33 -6.589375e-32 -6.933761e-31 -6.394554e-30 -5.283104e-29 -3.954362e-28 -2.698198e-27 -1.684345e-26 -9.638953e-26 -5.062220e-25 -2.441053e-24 -1.080912e-23 -4.394833e-23 -1.640438e-22 -5.620598e-22 -1.767689e-21 -5.104118e-21 -1.353778e-20 -3.301127e-20 -7.409888e-20 -1.533597e-19 -2.932416e-19 -5.191977e-19 -8.532477e-19 -1.304683e-18 -1.860507e-18 -2.479563e-18 -3.094078e-18 -3.620275e-18 -3.976277e-18 -4.102257e-18 -3.976277e-18 -3.620275e-18 -3.094078e-18 -2.479563e-18 -1.860507e-18 -1.304683e-18 -8.532477e-19 -5.191977e-19 -2.932416e-19 -1.533597e-19 -7.409888e-20 -3.301127e-20 -1.353778e-20 -5.104118e-21 -1.767689e-21 -5.620598e-22 -1.640438e-22 -4.394833e-23 -1.080912e-23 -2.441053e-24 -5.062220e-25 -9.638953e-26 -1.684345e-26 -2.698198e-27 -3.954362e-28 -5.283104e-29 -6.394554e-30 -6.933761e-31 -6.589375e-32 -5.220289e-33 -2.943080e-34 -1.308618e-36 2.687559e-36 4.990332e-37 6.418340e-38 6.861197e-39 6.447819e-40 5.461183e-41 4.224944e-42 3.009536e-43 1.984182e-44 1.215093e-45 6.929050e-47 3.686033e-48 1.831613e-49 8.509455e-51 3.698614e-52 1.504578e-53 5.729353e-55 2.043439e-56 5.692470e-58 4.425735e-60 5.420432e-63 1.241269e-66 6.988703e-71 1.204450e-75 7.481869e-81 0.000000e+00
0.000000e+00 6.008194e-79 9.131202e-74 5.010009e-69 8.425319e-65 3.487389e-61 2.701377e-58 3.299896e-56 1.127467e-54 3.013302e-53 7.545811e-52 1.769104e-50 3.881650e-49 7.965613e-48 1.527408e-46 2.733066e-45 4.555207e-44 7.053720e-43 1.011115e-41 1.334532e-40 1.608383e-39 1.745463e-38 1.661149e-37 1.304586e-36 6.867404e-36 -1.089132e-35 -9.421449e-34 -1.655487e-32 -2.122611e-31 -2.285277e-30 -2.163875e-29 -1.839570e-28 -1.419143e-27 -9.994215e-27 -6.447212e-26 -3.817161e-25 -2.076347e-24 -1.038108e-23 -4.770880e-23 -2.015142e-22 -7.820979e-22 -2.788483e-21 -9.132264e-21 -2.747478e-20 -7.596329e-20 -1.931588e-19 -4.522454e-19 -9.765118e-19 -1.948481e-18 -3.601210e-18 -6.180908e-18 -9.878024e-18 -1.473841e-17 -2.058147e-17 -2.696007e-17 -3.319062e-17 -3.846139e-17 -4.199858e-17 -4.324523e-17 -4.199858e-17 -3.846139e-17 -3.319062e-17 -2.696007e-17 -2.058147e-17 -1.473841e-17 -9.878024e-18 -6.180908e-18 -3.601210e-18 -1.948481e-18 -9.765118e-19 -4.522454e-19 -1.931588e-19 -7.596329e-20 -2.747478e-20 -9.132264e-21 -2.788483e-21 -7.820979e-22 -2.015142e-22 -4.770880e-23 -1.038108e-23 -2.076347e-24 -3.817161e-25 -6.447212e-26 -9.994215e-27 -1.419143e-27 -1.839570e-28 -2.163875e-29 -2.285277e-30 -2.122611e-31 -1.655487e-32 -9.421449e-34 -1.089132e-35 6.867404e-36 1.304586e-36 1.661149e-37 1.745463e-38 1.608383e-39 1.334532e-40 1.011115e-41 7.053720e-43 4.555207e-44 2.733066e-45 1.527408e-46 7.965613e-48 3.881650e-49 1.769104e-50 7.545811e-52 3.013302e-53 1.127467e-54 3.299896e-56 2.701377e-58 3.487389e-61 8.425319e-65 5.010009e-69 9.131202e-74 6.008194e-79 0.000000e+00
0.000000e+00 2.382593e-77 3.429383e-72 1.784461e-67 2.849214e-63 1.120729e-59 8.255955e-57 9.599966e-55 3.128598e-53 7.986610e-52 1.910751e-50 4.279940e-49 8.970004e-48 1.757388e-46 3.214358e-45 5.478733e-44 8.679946e-43 1.273575e-41 1.721350e-40 2.125284e-39 2.363448e-38 2.304812e-37 1.852763e-36 9.912200e-36 -1.877675e-35 -1.492866e-33 -2.682164e-32 -3.535630e-31 -3.921886e-30 -3.831406e-29 -3.364512e-28 -2.684013e-27 -1.956674e-26 -1.307998e-25 -8.033284e-25 -4.537536e-24 -2.358165e-23 -1.127654e-22 -4.960724e-22 -2.007022e-21 -7.465578e-21 -2.552601e-20 -8.022184e-20 -2.317890e-19 -6.160794e-19 -1.507857e-18 -3.403273e-18 -7.097065e-18 -1.370614e-17 -2.457835e-17 -4.104134e-17 -6.399913e-17 -9.346030e-17 -1.281479e-16 -1.653606e-16 -2.012052e-16 -2.312118e-16 -2.512086e-16 -2.582317e-16 -2.512086e-16 -2.312118e-16 -2.012052e-16 -1.653606e-16 -1.281479e-16 -9.346030e-17 -6.399913e-17 -4.104134e-17 -2.457835e-17 -1.370614e-17 -7.097065e-18 -3.403273e-18 -1.507857e-18 -6.160794e-19 -2.317890e-19 -8.022184e-20 -2.552601e-20 -7.465578e-21 -2.007022e-21 -4.960724e-22 -1.127654e-22 -2.358165e-23 -4.537536e-24 -8.033284e-25 -1.307998e-25 -1.956674e-26 -2.684013e-27 -3.364512e-28 -3.831406e-29 -3.921886e-30 -3.535630e-31 -2.682164e-32 -1.492866e-33 -1.877675e-35 9.912200e-36 1.852763e-36 2.304812e-37 2.363448e-38 2.125284e-39 1.721350e-40 1.273575e-41 8.679946e-43 5.478733e-44 3.214358e-45 1.757388e-46 8.970004e-48 4.279940e-49 1.910751e-50 7.986610e-52 3.128598e-53 9.599966e-55 8.255955e-57 1.120729e-59 2.849214e-63 1.784461e-67 3.429383e-72 2.382593e-77 0.000000e+00
0.000000e+00 8.627115e-76 1.178105e-70 5.822719e-66 8.838804e-62 3.307694e-58 2.319463e-55 2.569311e-53 7.992017e-52 1.949673e-50 4.457750e-49 9.540504e-48 1.909560e-46 3.569761e-45 6.221611e-44 1.008375e-42 1.514329e-41 2.095879e-40 2.651080e-39 3.021699e-38 3.021182e-37 2.489675e-36 1.361663e-35 -2.814231e-35 -2.203054e-33 -4.062305e-32 -5.510908e-31 -6.299472e-30 -6.348617e-29 -5.756761e-28 -4.746677e-27 -3.580028e-26 -2.478302e-25 -1.577750e-24 -9.246607e-24 -4.990794e-23 -2.480911e-22 -1.135561e-21 -4.784235e-21 -1.854587e-20 -6.612568e-20 -2.168216e-19 -6.538402e-19 -1.814052e-18 -4.634348e-18 -1.091551e-17 -2.374582e-17 -4.781822e-17 -8.937446e-17 -1.554971e-16 -2.526148e-16 -3.843804e-16 -5.494259e-16 -7.397361e-16 -9.403666e-16 -1.130936e-15 -1.288798e-15 -1.393266e-15 -1.429827e-15 -1.393266e-15 -1.288798e-15 -1.130936e-15 -9.403666e-16 -7.397361e-16 -5.494259e-16 -3.843804e-16 -2.526148e-16 -1.554971e-16 -8.937446e-17 -4.781822e-17 -2.374582e-17 -1.091551e-17 -4.634348e-18 -1.814052e-18 -6.538402e-19 -2.168216e-19 -6.612568e-20 -1.854587e-20 -4.784235e-21 -1.135561e-21 -2.480911e-22 -4.990794e-23 -9.246607e-24 -1.577750e-24 -2.478302e-25 -3.580028e-26 -4.746677e-27 -5.756761e-28 -6.348617e-29 -6.299472e-30 -5.510908e-31 -4.062305e-32 -2.203054e-33 -2.814231e-35 1.361663e-35 2.489675e-36 3.021182e-37 3.021699e-38 2.651080e-39 2.095879e-40 1.514329e-41 1.008375e-42 6.221611e-44 3.569761e-45 1.909560e-46 9.540504e-48 4.457750e-49 1.949673e-50 7.992017e-52 2.569311e-53 2.319463e-55 3.307694e-58 8.838804e-62 5.822719e-66 1.178105e-70 8.627115e-76 0.000000e+00
0.000000e+00 2.911129e-74 3.776560e-69 1.774847e-64 2.563674e-60 9.133810e-57 6.099975e-54 6.439093e-52 1.912087e-50 4.457755e-49 9.738470e-48 1.990450e-46 3.801379e-45 6.771426e-44 1.122202e-42 1.724020e-41 2.442109e-40 3.163003e-39 3.693122e-38 3.783791e-37 3.195043e-36 1.786324e-35 -3.984048e-35 -3.093423e-33 -5.852319e-32 -8.165080e-31 -9.610685e-30 -9.983161e-29 -9.339040e-28 -7.951296e-27 -6.197955e-26 -4.438358e-25 -2.925551e-24 -1.776842e-23 -9.947759e-23 -5.133809e-22 -2.441631e-21 -1.069712e-20 -4.315142e-20 -1.602037e-19 -5.472175e-19 -1.719532e-18 -4.971757e-18 -1.323483e-17 -3.247132e-17 -7.354371e-17 -1.540900e-16 -2.994443e-16 -5.413357e-16 -9.133369e-16 -1.442960e-15 -2.141690e-15 -2.995552e-15 -3.959393e-15 -4.957588e-15 -5.892301e-15 -6.658350e-15 -7.161683e-15 -7.337213e-15 -7.161683e-15 -6.658350e-15 -5.892301e-15 -4.957588e-15 -3.959393e-15 -2.995552e-15 -2.141690e-15 -1.442960e-15 -9.133369e-16 -5.413357e-16 -2.994443e-16 -1.540900e-16 -7.354371e-17 -3.247132e-17 -1.323483e-17 -4.971757e-18 -1.719532e-18 -5.472175e-19 -1.602037e-19 -4.315142e-20 -1.069712e-20 -2.441631e-21 -5.133809e-22 -9.947759e-23 -1.776842e-23 -2.925551e-24 -4.438358e-25 -6.197955e-26 -7.951296e-27 -9.339040e-28 -9.983161e-29 -9.610685e-30 -8.165080e-31 -5.852319e-32 -3.093423e-33 -3.984048e-35 1.786324e-35 3.195043e-36 3.783791e-37 3.693122e-38 3.163003e-39 2.442109e-40 1.724020e-41 1.122202e-42 6.771426e-44 3.801379e-45 1.990450e-46 9.738470e-48 4.457755e-49 1.912087e-50 6.439093e-52 6.099975e-54 9.133810e-57 2.563674e-60 1.774847e-64 3.776560e-69 2.911129e-74 0.000000e+00
0.000000e+00 9.163353e-73 1.130531e-67 5.056616e-63 6.955112e-59 2.360349e-55 1.501785e-52 1.510880e-50 4.283023e-49 9.540517e-48 1.990450e-46 3.881854e-45 7.064161e-44 1.196530e-42 1.879583e-41 2.723632e-40 3.610300e-39 4.316023e-38 4.529104e-37 3.917124e-36 2.238826e-35 -5.334019e-35 -4.134766e-33 -8.023388e-32 -1.150553e-30 -1.393468e-29 -1.490737e-28 -1.437463e-27 -1.262583e-26 -1.016167e-25 -7.519773e-25 -5.126594e-24 -3.223168e-23 -1.869577e-22 -1.000472e-21 -4.937880e-21 -2.246716e-20 -9.418650e-20 -3.636001e-19 -1.291976e-18 -4.224334e-18 -1.270964e-17 -3.519973e-17 -8.981267e-17 -2.114077e-16 -4.599693e-16 -9.273484e-16 -1.737618e-15 -3.036059e-15 -4.964161e-15 -7.622738e-15 -1.103073e-14 -1.509105e-14 -1.957529e-14 -2.413526e-14 -2.834314e-14 -3.175398e-14 -3.397869e-14 -3.475168e-14 -3.397869e-14 -3.175398e-14 -2.834314e-14 -2.413526e-14 -1.957529e-14 -1.509105e-14 -1.103073e-14 -7.622738e-15 -4.964161e-15 -3.036059e-15 -1.737618e-15 -9.273484e-16 -4.599693e-16 -2.114077e-16 -8.981267e-17 -3.519973e-17 -1.270964e-17 -4.224334e-18 -1.291976e-18 -3.636001e-19 -9.418650e-20 -2.246716e-20 -4.937880e-21 -1.000472e-21 -1.869577e-22 -3.223168e-23 -5.126594e-24 -7.519773e-25 -1.016167e-25 -1.262583e-26 -1.437463e-27 -1.490737e-28 -1.393468e-29 -1.150553e-30 -8.023388e-32 -4.134766e-33 -5.334019e-35 2.238826e-35 3.917124e-36 4.529104e-37 4.316023e-38 3.610300e-39 2.723632e-40 1.879583e-41 1.196530e-42 7.064161e-44 3.881854e-45 1.990450e-46 9.540517e-48 4.283023e-49 1.510880e-50 1.501785e-52 2.360349e-55 6.955112e-59 5.056616e-63 1.130531e-67 9.163353e-73 0.000000e+00
0.000000e+00 2.692548e-71 3.162134e-66 1.347053e-61 1.765240e-57 5.708313e-54 3.460613e-51 3.317923e-49 8.976661e-48 1.909562e-46 3.801379e-45 7.064161e-44 1.222377e-42 1.962514e-41 2.907775e-40 3.942838e-39 4.823778e-38 5.182143e-37 4.588839e-36 2.681328e-35 -6.762321e-35 -5.262846e-33 -1.047200e-31 -1.542569e-30 -1.921025e-29 -2.114950e-28 -2.100418e-27 -1.901620e-26 -1.578814e-25 -1.206211e-24 -8.496763e-24 -5.524184e-23 -3.316202e-22 -1.838059e-21 -9.403367e-21 -4.438008e-20 -1.931091e-19 -7.741852e-19 -2.857957e-18 -9.710439e-18 -3.036000e-17 -8.735739e-17 -2.314619e-16 -5.653531e-16 -1.275140e-15 -2.661945e-15 -5.158213e-15 -9.309390e-15 -1.570609e-14 -2.486599e-14 -3.708403e-14 -5.228607e-14 -6.992795e-14 -8.897499e-14 -1.079798e-13 -1.252523e-13 -1.390938e-13 -1.480532e-13 -1.511544e-13 -1.480532e-13 -1.390938e-13 -1.252523e-13 -1.079798e-13 -8.897499e-14 -6.992795e-14 -5.228607e-14 -3.708403e-14 -2.486599e-14 -1.570609e-14 -9.309390e-15 -5.158213e-15 -2.661945e-15 -1.275140e-15 -5.653531e-16 -2.314619e-16 -8.735739e-17 -3.036000e-17 -9.710439e-18 -2.857957e-18 -7.741852e-19 -1.931091e-19 -4.438008e-20 -9.403367e-21 -1.838059e-21 -3.316202e-22 -5.524184e-23 -8.496763e-24 -1.206211e-24 -1.578814e-25 -1.901620e-26 -2.100418e-27 -2.114950e-28 -1.921025e-29 -1.542569e-30 -1.047200e-31 -5.262846e-33 -6.762321e-35 2.681328e-35 4.588839e-36 5.182143e-37 4.823778e-38 3.942838e-39 2.907775e-40 1.962514e-41 1.222377e-42 7.064161e-44 3.801379e-45 1.909562e-46 8.976661e-48 3.317923e-49 3.460613e-51 5.708313e-54 1.765240e-57 1.347053e-61 3.162134e-66 2.692548e-71 0.000000e+00
0.000000e+00 7.389630e-70 8.266997e-65 3.355976e-60 4.191504e-56 1.291734e-52 7.461036e-50 6.814920e-48 1.758730e-46 3.569767e-45 6.771426e-44 1.196530e-42 1.962514e-41 2.971862e-40 4.120337e-39 5.156450e-38 5.668600e-37 5.137493e-36 3.069224e-35 -8.125606e-35 -6.380883e-33 -1.301617e-31 -1.968471e-30 -2.519036e-29 -2.852038e-28 -2.915013e-27 -2.718084e-26 -2.325964e-25 -1.832991e-24 -1.332881e-23 -8.952479e-23 -5.556331e-22 -3.186447e-21 -1.687897e-20 -8.253935e-20 -3.723494e-19 -1.548423e-18 -5.931472e-18 -2.091698e-17 -6.787587e-17 -2.026554e-16 -5.568677e-16 -1.409437e-15 -3.290426e-15 -7.100209e-15 -1.420007e-14 -2.640922e-14 -4.584693e-14 -7.459643e-14 -1.142292e-13 -1.652882e-13 -2.268622e-13 -2.963728e-13 -3.696524e-13 -4.413237e-13 -5.054249e-13 -5.561768e-13 -5.887637e-13 -5.999975e-13 -5.887637e-13 -5.561768e-13 -5.054249e-13 -4.413237e-13 -3.696524e-13 -2.963728e-13 -2.268622e-13 -1.652882e-13 -1.142292e-13 -7.459643e-14 -4.584693e-14 -2.640922e-14 -1.420007e-14 -7.100209e-15 -3.290426e-15 -1.409437e-15 -5.568677e-16 -2.026554e-16 -6.787587e-17 -2.091698e-17 -5.931472e-18 -1.548423e-18 -3.723494e-19 -8.253935e-20 -1.687897e-20 -3.186447e-21 -5.556331e-22 -8.952479e-23 -1.332881e-23 -1.832991e-24 -2.325964e-25 -2.718084e-26 -2.915013e-27 -2.852038e-28 -2.519036e-29 -1.968471e-30 -1.301617e-31 -6.380883e-33 -8.125606e-35 3.069224e-35 5.137493e-36 5.668600e-37 5.156450e-38 4.120337e-39 2.971862e-40 1.962514e-41 1.196530e-42 6.771426e-44 3.569767e-45 1.758730e-46 6.814920e-48 7.461036e-50 1.291734e-52 4.191504e-56 3.355976e-60 8.266997e-65 7.389630e-70 0.000000e+00
0.000000e+00 1.894898e-68 2.020530e-63 7.819300e-59 9.309542e-55 2.734066e-51 1.504096e-48 1.308007e-46 3.216885e-45 6.221623e-44 1.122202e-42 1.879583e-41 2.907775e-40 4.120337e-39 5.272326e-38 5.928565e-37 5.497447e-36 3.358265e-35 -9.260391e-35 -7.371158e-33 -1.541102e-31 -2.391589e-30 -3.142997e-29 -3.657023e-28 -3.843975e-27 -3.688736e-26 -3.250899e-25 -2.640353e-24 -1.980220e-23 -1.372797e-22 -8.800573e-22 -5.216779e-21 -2.858355e-20 -1.446733e-19 -6.759105e-19 -2.912414e-18 -1.156404e-17 -4.227824e-17 -1.422329e-16 -4.401436e-16 -1.252840e-15 -3.281780e-15 -7.919593e-15 -1.763767e-14 -3.634186e-14 -6.950084e-14 -1.238339e-13 -2.064389e-13 -3.234262e-13 -4.783249e-13 -6.706448e-13 -8.949726e-13 -1.140855e-12 -1.393534e-12 -1.635420e-12 -1.848049e-12 -2.014217e-12 -2.119984e-12 -2.156287e-12 -2.119984e-12 -2.014217e-12 -1.848049e-12 -1.635420e-12 -1.393534e-12 -1.140855e-12 -8.949726e-13 -6.706448e-13 -4.783249e-13 -3.234262e-13 -2.064389e-13 -1.238339e-13 -6.950084e-14 -3.634186e-14 -1.763767e-14 -7.919593e-15 -3.281780e-15 -1.252840e-15 -4.401436e-16 -1.422329e-16 -4.227824e-17 -1.156404e-17 -2.912414e-18 -6.759105e-19 -1.446733e-19 -2.858355e-20 -5.216779e-21 -8.800573e-22 -1.372797e-22 -1.980220e-23 -2.640353e-24 -3.250899e-25 -3.688736e-26 -3.843975e-27 -3.657023e-28 -3.142997e-29 -2.391589e-30 -1.541102e-31 -7.371158e-33 -9.260391e-35 3.358265e-35 5.497447e-36 5.928565e-37 5.272326e-38 4.120337e-39 2.907775e-40 1.879583e-41 1.122202e-42 6.221623e-44 3.216885e-45 1.308007e-46 1.504096e-48 2.734066e-51 9.309542e-55 7.819300e-59 2.020530e-63 1.894898e-68 0.000000e+00
0.000000e+00 4.540763e-67 4.616739e-62 1.703556e-57 1.933375e-53 5.409390e-50 2.832596e-47 2.342853e-45 5.483164e-44 1.008377e-42 1.724020e-41 2.723632e-40 3.942838e-39 5.156450e-38 5.928565e-37 5.622909e-36 3.512760e-35 -1.001420e-34 -8.114523e-33 -1.738447e-31 -2.767054e-30 -3.732308e-29 -4.460149e-28 -4.818104e-27 -4.754853e-26 -4.312429e-25 -3.606946e-24 -2.787753e-23 -1.993040e-22 -1.318543e-21 -8.071595e-21 -4.570207e-20 -2.391898e-19 -1.156174e-18 -5.156731e-18 -2.120182e-17 -8.028008e-17 -2.797138e-16 -8.962208e-16 -2.639807e-15 -7.148878e-15 -1.781199e-14 -4.088813e-14 -8.666241e-14 -1.700987e-13 -3.103270e-13 -5.285153e-13 -8.442160e-13 -1.270895e-12 -1.811743e-12 -2.456851e-12 -3.182467e-12 -3.952486e-12 -4.721822e-12 -5.440991e-12 -6.061127e-12 -6.538753e-12 -6.839805e-12 -6.942630e-12 -6.839805e-12 -6.538753e-12 -6.061127e-12 -5.440991e-12 -4.721822e-12 -3.952486e-12 -3.182467e-12 -2.456851e-12 -1.811743e-12 -1.270895e-12 -8.442160e-13 -5.285153e-13 -3.103270e-13 -1.700987e-13 -8.666241e-14 -4.088813e-14 -1.781199e-14 -7.148878e-15 -2.639807e-15 -8.962208e-16 -2.797138e-16 -8.028008e-17 -2.120182e-17 -5.156731e-18 -1.156174e-18 -2.391898e-19 -4.570207e-20 -8.071595e-21 -1.318543e-21 -1.993040e-22 -2.787753e-23 -3.606946e-24 -4.312429e-25 -4.754853e-26 -4.818104e-27 -4.460149e-28 -3.732308e-29 -2.767054e-30 -1.738447e-31 -8.114523e-33 -1.001420e-34 3.512760e-35 5.622909e-36 5.928565e-37 5.156450e-38 3.942838e-39 2.723632e-40 1.724020e-41 1.008377e-42 5.483164e-44 2.342853e-45 2.832596e-47 5.409390e-50 1.933375e-53 1.703556e-57 4.616739e-62 4.540763e-67 0.000000e+00
0.000000e+00 1.016836e-65 9.860073e-61 3.469134e-56 3.752056e-52 9.995406e-49 4.977010e-46 3.909100e-44 8.687172e-43 1.514332e-41 2.442109e-40 3.610300e-39 4.823778e-38 5.668600e-37 5.497447e-36 3.512760e-35 -1.027857e-34 -8.513612e-33 -1.868681e-31 -3.049278e-30 -4.219140e-29 -5.175175e-28 -5.741807e-27 -5.823451e-26 -5.431459e-25 -4.674890e-24 -3.720603e-23 -2.740911e-22 -1.869757e-21 -1.180999e-20 -6.904047e-20 -3.732939e-19 -1.865134e-18 -8.602844e-18 -3.659102e-17 -1.433604e-16 -5.168374e-16 -1.713014e-15 -5.216434e-15 -1.459089e-14 -3.749751e-14 -8.862223e-14 -1.929551e-13 -3.880414e-13 -7.233117e-13 -1.255033e-12 -2.036936e-12 -3.108469e-12 -4.483791e-12 -6.144558e-12 -8.038290e-12 -1.008245e-11 -1.217290e-11 -1.419468e-11 -1.603295e-11 -1.758263e-11 -1.875579e-11 -1.948669e-11 -1.973487e-11 -1.948669e-11 -1.875579e-11 -1.758263e-11 -1.603295e-11 -1.419468e-11 -1.217290e-11 -1.008245e-11 -8.038290e-12 -6.144558e-12 -4.483791e-12 -3.108469e-12 -2.036936e-12 -1.255033e-12 -7.233117e-13 -3.880414e-13 -1.929551e-13 -8.862223e-14 -3.749751e-14 -1.459089e-14 -5.216434e-15 -1.713014e-15 -5.168374e-16 -1.433604e-16 -3.659102e-17 -8.602844e-18 -1.865134e-18 -3.732939e-19 -6.904047e-20 -1.180999e-20 -1.869757e-21 -2.740911e-22 -3.720603e-23 -4.674890e-24 -5.431459e-25 -5.823451e-26 -5.741807e-27 -5.175175e-28 -4.219140e-29 -3.049278e-30 -1.868681e-31 -8.513612e-33 -1.027857e-34 3.512760e-35 5.497447e-36 5.668600e-37 4.823778e-38 3.610300e-39 2.442109e-40 1.514332e-41 8.687172e-43 3.909100e-44 4.977010e-46 9.995406e-49 3.752056e-52 3.469134e-56 9.860073e-61 1.016836e-65 0.000000e+00
0.000000e+00 2.127503e-64 1.967591e-59 6.599320e-55 6.798336e-51 1.722738e-47 8.144326e-45 6.060441e-43 1.274667e-41 2.095885e-40 3.163003e-39 4.316023e-38 5.182143e-37 5.137493e-36 3.358265e-35 -1.001420e-34 -8.513612e-33 -1.914207e-31 -3.200918e-30 -4.540949e-29 -5.713898e-28 -6.507157e-27 -6.778250e-26 -6.497030e-25 -5.750476e-24 -4.709310e-23 -3.572158e-22 -2.510688e-21 -1.634956e-20 -9.860027e-20 -5.502974e-19 -2.839625e-18 -1.353308e-17 -5.949567e-17 -2.409825e-16 -8.981734e-16 -3.076891e-15 -9.678907e-15 -2.793977e-14 -7.399797e-14 -1.798887e-13 -4.018837e-13 -8.268635e-13 -1.571661e-12 -2.771072e-12 -4.554344e-12 -7.015541e-12 -1.018675e-11 -1.402247e-11 -1.839941e-11 -2.313078e-11 -2.799013e-11 -3.273807e-11 -3.714623e-11 -4.101455e-11 -4.418093e-11 -4.652397e-11 -4.796120e-11 -4.844538e-11 -4.796120e-11 -4.652397e-11 -4.418093e-11 -4.101455e-11 -3.714623e-11 -3.273807e-11 -2.799013e-11 -2.313078e-11 -1.839941e-11 -1.402247e-11 -1.018675e-11 -7.015541e-12 -4.554344e-12 -2.771072e-12 -1.571661e-12 -8.268635e-13 -4.018837e-13 -1.798887e-13 -7.399797e-14 -2.793977e-14 -9.678907e-15 -3.076891e-15 -8.981734e-16 -2.409825e-16 -5.949567e-17 -1.353308e-17 -2.839625e-18 -5.502974e-19 -9.860027e-20 -1.634956e-20 -2.510688e-21 -3.572158e-22 -4.709310e-23 -5.750476e-24 -6.497030e-25 -6.778250e-26 -6.507157e-27 -5.713898e-28 -4.540949e-29 -3.200918e-30 -1.914207e-31 -8.513612e-33 -1.001420e-34 3.358265e-35 5.137493e-36 5.182143e-37 4.316023e-38 3.163003e-39 2.095885e-40 1.274667e-41 6.060441e-43 8.144326e-45 1.722738e-47 6.798336e-51 6.599320e-55 1.967591e-59 2.127503e-64 0.000000e+00
0.000000e+00 4.157382e-63 3.666375e-58 1.171682e-53 1.148630e-49 2.764732e-46 1.238153e-43 8.698891e-42 1.722873e-40 2.651089e-39 3.693122e-38 4.529104e-37 4.588839e-36 3.069224e-35 -9.260391e-35 -8.114523e-33 -1.868681e-31 -3.200918e-30 -4.653539e-29 -6.003761e-28 -7.014077e-27 -7.499470e-26 -7.382704e-25 -6.715104e-24 -5.654842e-23 -4.413439e-22 -3.193687e-21 -2.142525e-20 -1.331922e-19 -7.667018e-19 -4.082684e-18 -2.008789e-17 -9.120735e-17 -3.816199e-16 -1.469332e-15 -5.198676e-15 -1.688093e-14 -5.025482e-14 -1.370705e-13 -3.424806e-13 -7.843483e-13 -1.648973e-12 -3.190509e-12 -5.702212e-12 -9.458313e-12 -1.464144e-11 -2.128099e-11 -2.922520e-11 -3.815568e-11 -4.763799e-11 -5.719073e-11 -6.635370e-11 -7.473957e-11 -8.206186e-11 -8.813871e-11 -9.287796e-11 -9.625119e-11 -9.826457e-11 -9.893334e-11 -9.826457e-11 -9.625119e-11 -9.287796e-11 -8.813871e-11 -8.206186e-11 -7.473957e-11 -6.635370e-11 -5.719073e-11 -4.763799e-11 -3.815568e-11 -2.922520e-11 -2.128099e-11 -1.464144e-11 -9.458313e-12 -5.702212e-12 -3.190509e-12 -1.648973e-12 -7.843483e-13 -3.424806e-13 -1.370705e-13 -5.025482e-14 -1.688093e-14 -5.198676e-15 -1.469332e-15 -3.816199e-16 -9.120735e-17 -2.008789e-17 -4.082684e-18 -7.667018e-19 -1.331922e-19 -2.142525e-20 -3.193687e-21 -4.413439e-22 -5.654842e-23 -6.715104e-24 -7.382704e-25 -7.499470e-26 -7.014077e-27 -6.003761e-28 -4.653539e-29 -3.200918e-30 -1.868681e-31 -8.114523e-33 -9.260391e-35 3.069224e-35 4.588839e-36 4.529104e-37 3.693122e-38 2.651089e-39 1.722873e-40 8.698891e-42 1.238153e-43 2.764732e-46 1.148630e-49 1.171682e-53 3.666375e-58 4.157382e-63 0.000000e+00
0.000000e+00 7.582914e-62 6.373939e-57 1.939212e-52 1.806628e-48 4.121591e-45 1.742666e-42 1.149888e-40 2.127230e-39 3.021711e-38 3.783791e-37 3.917124e-36 2.681328e-35 -8.125606e-35 -7.371158e-33 -1.738447e-31 -3.049278e-30 -4.540949e-29 -6.003761e-28 -7.191606e-27 -7.888120e-26 -7.970545e-25 -7.445682e-24 -6.443273e-23 -5.170785e-22 -3.849685e-21 -2.658710e-20 -1.702507e-19 -1.010052e-18 -5.546175e-18 -2.815199e-17 -1.319132e-16 -5.697361e-16 -2.264495e-15 -8.269410e-15 -2.770096e-14 -8.499716e-14 -2.386115e-13 -6.123913e-13 -1.436688e-12 -3.083206e-12 -6.063439e-12 -1.095996e-11 -1.828580e-11 -2.831171e-11 -4.093182e-11 -5.562809e-11 -7.154925e-11 -8.767361e-11 -1.029996e-10 -1.167093e-10 -1.282692e-10 -1.374592e-10 -1.443393e-10 -1.491755e-10 -1.523474e-10 -1.542563e-10 -1.552471e-10 -1.555505e-10 -1.552471e-10 -1.542563e-10 -1.523474e-10 -1.491755e-10 -1.443393e-10 -1.374592e-10 -1.282692e-10 -1.167093e-10 -1.029996e-10 -8.767361e-11 -7.154925e-11 -5.562809e-11 -4.093182e-11 -2.831171e-11 -1.828580e-11 -1.095996e-11 -6.063439e-12 -3.083206e-12 -1.436688e-12 -6.123913e-13 -2.386115e-13 -8.499716e-14 -2.770096e-14 -8.269410e-15 -2.264495e-15 -5.697361e-16 -1.319132e-16 -2.815199e-17 -5.546175e-18 -1.010052e-18 -1.702507e-19 -2.658710e-20 -3.849685e-21 -5.170785e-22 -6.443273e-23 -7.445682e-24 -7.970545e-25 -7.888120e-26 -7.191606e-27 -6.003761e-28 -4.540949e-29 -3.049278e-30 -1.738447e-31 -7.371158e-33 -8.125606e-35 2.681328e-35 3.917124e-36 3.783791e-37 3.021711e-38 2.127230e-39 1.149888e-40 1.742666e-42 4.121591e-45 1.806628e-48 1.939212e-52 6.373939e-57 7.582914e-62 0.000000e+00
0.000000e+00 1.289858e-60 1.032588e-55 2.986948e-51 2.639133e-47 5.688522e-44 2.259259e-41 1.388398e-39 2.365701e-38 3.021197e-37 3.195043e-36 2.238826e-35 -6.762321e-35 -6.380883e-33 -1.541102e-31 -2.767054e-30 -4.219140e-29 -5.713898e-28 -7.014077e-27 -7.888120e-26 -8.176629e-25 -7.840000e-24 -6.967692e-23 -5.745916e-22 -4.398456e-21 -3.125137e-20 -2.059949e-19 -1.258687e-18 -7.121894e-18 -3.726793e-17 -1.800939e-16 -8.023761e-16 -3.290081e-15 -1.239311e-14 -4.280358e-14 -1.353023e-13 -3.907677e-13 -1.029701e-12 -2.473320e-12 -5.414153e-12 -1.080898e-11 -1.971917e-11 -3.298252e-11 -5.081677e-11 -7.254365e-11 -9.659056e-11 -1.207876e-10 -1.428412e-10 -1.608123e-10 -1.734594e-10 -1.803798e-10 -1.819599e-10 -1.791951e-10 -1.734494e-10 -1.662176e-10 -1.589274e-10 -1.527962e-10 -1.487403e-10 -1.473248e-10 -1.487403e-10 -1.527962e-10 -1.589274e-10 -1.662176e-10 -1.734494e-10 -1.791951e-10 -1.819599e-10 -1.803798e-10 -1.734594e-10 -1.608123e-10 -1.428412e-10 -1.207876e-10 -9.659056e-11 -7.254365e-11 -5.081677e-11 -3.298252e-11 -1.971917e-11 -1.080898e-11 -5.414153e-12 -2.473320e-12 -1.029701e-12 -3.907677e-13 -1.353023e-13 -4.280358e-14 -1.239311e-14 -3.290081e-15 -8.023761e-16 -1.800939e-16 -3.726793e-17 -7.121894e-18 -1.258687e-18 -2.059949e-19 -3.125137e-20 -4.398456e-21 -5.745916e-22 -6.967692e-23 -7.840000e-24 -8.176629e-25 -7.888120e-26 -7.014077e-27 -5.713898e-28 -4.219140e-29 -2.767054e-30 -1.541102e-31 -6.380883e-33 -6.762321e-35 2.238826e-35 3.195043e-36 3.021197e-37 2.365701e-38 1.388398e-39 2.259259e-41 5.688522e-44 2.639133e-47 2.986948e-51 1.032588e-55 1.289858e-60 0.000000e+00
0.000000e+00 2.043717e-59 1.556285e-54 4.272059e-50 3.569066e-46 7.233486e-43 2.676929e-40 1.510305e-38 2.307128e-37 2.489691e-36 1.786324e-35 -5.334019e-35 -5.262846e-33 -1.301617e-31 -2.391589e-30 -3.732308e-29 -5.175175e-28 -6.507157e-27 -7.499470e-26 -7.970545e-25 -7.840000e-24 -7.151737e-23 -6.056835e-22 -4.764250e-21 -3.480289e-20 -2.359910e-19 -1.484167e-18 -8.647805e-18 -4.662176e-17 -2.321992e-16 -1.066513e-15 -4.508932e-15 -1.751004e-14 -6.232502e-14 -2.028756e-13 -6.025982e-13 -1.629868e-12 -4.007039e-12 -8.942849e-12 -1.810800e-11 -3.328269e-11 -5.562784e-11 -8.481675e-11 -1.185073e-10 -1.525549e-10 -1.819526e-10 -2.020883e-10 -2.098162e-10 -2.040231e-10 -1.856183e-10 -1.570867e-10 -1.218380e-10 -8.355907e-11 -4.571024e-11 -1.121657e-11 1.765747e-11 3.929902e-11 5.266486e-11 5.718076e-11 5.266486e-11 3.929902e-11 1.765747e-11 -1.121657e-11 -4.571024e-11 -8.355907e-11 -1.218380e-10 -1.570867e-10 -1.856183e-10 -2.040231e-10 -2.098162e-10 -2.020883e-10 -1.819526e-10 -1.525549e-10 -1.185073e-10 -8.481675e-11 -5.562784e-11 -3.328269e-11 -1.810800e-11 -8.942849e-12 -4.007039e-12 -1.629868e-12 -6.025982e-13 -2.028756e-13 -6.232502e-14 -1.751004e-14 -4.508932e-15 -1.066513e-15 -2.321992e-16 -4.662176e-17 -8.647805e-18 -1.484167e-18 -2.359910e-19 -3.480289e-20 -4.764250e-21 -6.056835e-22 -7.151737e-23 -7.840000e-24 -7.970545e-25 -7.499470e-26 -6.507157e-27 -5.175175e-28 -3.732308e-29 -2.391589e-30 -1.301617e-31 -5.262846e-33 -5.334019e-35 1.786324e-35 2.489691e-36 2.307128e-37 1.510305e-38 2.676929e-40 7.233486e-43 3.569066e-46 4.272059e-50 1.556285e-54 2.043717e-59 0.000000e+00
0.000000e+00 3.011466e-58 2.177396e-53 5.655834e-49 4.447650e-45 8.412019e-42 2.861590e-39 1.442297e-37 1.854791e-36 1.361679e-35 -3.984046e-35 -4.134766e-33 -1.047200e-31 -1.968471e-30 -3.142997e-29 -4.460149e-28 -5.741807e-27 -6.778250e-26 -7.382704e-25 -7.445682e-24 -6.967692e-23 -6.056835e-22 -4.892763e-21 -3.672593e-20 -2.560276e-19 -1.656296e-18 -9.932154e-18 -5.513259e-17 -2.828352e-16 -1.338509e-15 -5.831490e-15 -2.333610e-14 -8.556682e-14 -2.867341e-13 -8.757248e-13 -2.430899e-12 -6.116418e-12 -1.391448e-11 -2.856010e-11 -5.281279e-11 -8.793309e-11 -1.318815e-10 -1.783914e-10 -2.179041e-10 -2.402205e-10 -2.375703e-10 -2.067002e-10 -1.493493e-10 -7.128005e-11 1.950151e-11 1.146041e-10 2.066861e-10 2.902593e-10 3.618851e-10 4.199337e-10 4.640982e-10 4.948405e-10 5.128839e-10 5.188232e-10 5.128839e-10 4.948405e-10 4.640982e-10 4.199337e-10 3.618851e-10 2.902593e-10 2.066861e-10 1.146041e-10 1.950151e-11 -7.128005e-11 -1.493493e-10 -2.067002e-10 -2.375703e-10 -2.402205e-10 -2.179041e-10 -1.783914e-10 -1.318815e-10 -8.793309e-11 -5.281279e-11 -2.856010e-11 -1.391448e-11 -6.116418e-12 -2.430899e-12 -8.757248e-13 -2.867341e-13 -8.556682e-14 -2.333610e-14 -5.831490e-15 -1.338509e-15 -2.828352e-16 -5.513259e-17 -9.932154e-18 -1.656296e-18 -2.560276e-19 -3.672593e-20 -4.892763e-21 -6.056835e-22 -6.967692e-23 -7.445682e-24 -7.382704e-25 -6.778250e-26 -5.741807e-27 -4.460149e-28 -3.142997e-29 -1.968471e-30 -1.047200e-31 -4.134766e-33 -3.984046e-35 1.361679e-35 1.854791e-36 1.442297e-37 2.861590e-39 8.412019e-42 4.447650e-45 5.655834e-49 2.177396e-53 3.011466e-58 0.000000e+00
0.000000e+00 4.117911e-57 2.819395e-52 6.900324e-48 5.071636e-44 8.839188e-41 2.694472e-38 1.139707e-36 9.925643e-36 -2.814088e-35 -3.093423e-33 -8.023388e-32 -1.542569e-30 -2.519036e-29 -3.657023e-28 -4.818104e-27 -5.823451e-26 -6.497030e-25 -6.715104e-24 -6.443273e-23 -5.745916e-22 -4.764250e-21 -3.672593e-20 -2.630744e-19 -1.749642e-18 -1.079177e-17 -6.164499e-17 -3.255675e-16 -1.586673e-15 -7.120185e-15 -2.934913e-14 -1.108227e-13 -3.822149e-13 -1.200153e-12 -3.419123e-12 -8.805422e-12 -2.042118e-11 -4.248192e-11 -7.895982e-11 -1.306042e-10 -1.914202e-10 -2.471865e-10 -2.783675e-10 -2.668973e-10 -2.031252e-10 -8.912725e-11 6.257493e-11 2.333771e-10 4.038397e-10 5.579183e-10 6.852438e-10 7.815316e-10 8.476353e-10 8.879453e-10 9.087010e-10 9.165395e-10 9.174421e-10 9.160435e-10 9.152491e-10 9.160435e-10 9.174421e-10 9.165395e-10 9.087010e-10 8.879453e-10 8.476353e-10 7.815316e-10 6.852438e-10 5.579183e-10 4.038397e-10 2.333771e-10 6.257493e-11 -8.912725e-11 -2.031252e-10 -2.668973e-10 -2.783675e-10 -2.471865e-10 -1.914202e-10 -1.306042e-10 -7.895982e-11 -4.248192e-11 -2.042118e-11 -8.805422e-12 -3.419123e-12 -1.200153e-12 -3.822149e-13 -1.108227e-13 -2.934913e-14 -7.120185e-15 -1.586673e-15 -3.255675e-16 -6.164499e-17 -1.079177e-17 -1.749642e-18 -2.630744e-19 -3.672593e-20 -4.764250e-21 -5.745916e-22 -6.443273e-23 -6.715104e-24 -6.497030e-25 -5.823451e-26 -4.818104e-27 -3.657023e-28 -2.519036e-29 -1.542569e-30 -8.023388e-32 -3.093423e-33 -2.814088e-35 9.925643e-36 1.139707e-36 2.694472e-38 8.839188e-41 5.071636e-44 6.900324e-48 2.819395e-52 4.117911e-57 0.000000e+00
0.000000e+00 5.209999e-56 3.364192e-51 7.706640e-47 5.232389e-43 8.210187e-40 2.119102e-37 6.108687e-36 -1.874457e-35 -2.203044e-33 -5.852319e-32 -1.150553e-30 -1.921025e-29 -2.852038e-28 -3.843975e-27 -4.754853e-26 -5.431459e-25 -5.750476e-24 -5.654842e-23 -5.170785e-22 -4.398456e-21 -3.480289e-20 -2.560276e-19 -1.749642e-18 -1.109439e-17 -6.518167e-17 -3.542181e-16 -1.776938e-15 -8.209889e-15 -3.484492e-14 -1.354596e-13 -4.807547e-13 -1.551972e-12 -4.538405e-12 -1.196674e-11 -2.830359e-11 -5.969266e-11 -1.114789e-10 -1.827741e-10 -2.599766e-10 -3.146209e-10 -3.108907e-10 -2.215086e-10 -4.233881e-11 2.042046e-10 4.777762e-10 7.339375e-10 9.364930e-10 1.064614e-09 1.113851e-09 1.092912e-09 1.018643e-09 9.110059e-10 7.893453e-10 6.701330e-10 5.660778e-10 4.861601e-10 4.361270e-10 4.191210e-10 4.361270e-10 4.861601e-10 5.660778e-10 6.701330e-10 7.893453e-10 9.110059e-10 1.018643e-09 1.092912e-09 1.113851e-09 1.064614e-09 9.364930e-10 7.339375e-10 4.777762e-10 2.042046e-10 -4.233881e-11 -2.215086e-10 -3.108907e-10 -3.146209e-10 -2.599766e-10 -1.827741e-10 -1.114789e-10 -5.969266e-11 -2.830359e-11 -1.196674e-11 -4.538405e-12 -1.551972e-12 -4.807547e-13 -1.354596e-13 -3.484492e-14 -8.209889e-15 -1.776938e-15 -3.542181e-16 -6.518167e-17 -1.109439e-17 -1.749642e-18 -2.560276e-19 -3.480289e-20 -4.398456e-21 -5.170785e-22 -5.654842e-23 -5.750476e-24 -5.431459e-25 -4.754853e-26 -3.843975e-27 -2.852038e-28 -1.921025e-29 -1.150553e-30 -5.852319e-32 -2.203044e-33 -1.874457e-35 6.108687e-36 2.119102e-37 8.210187e-40 5.232389e-43 7.706640e-47 3.364192e-51 5.209999e-56 0.000000e+00
